23712000
255.921 
255.767 
251.152 
242.431 
236.297 
228.96 
218.943 
213.801 
210.622 
255.615 
252.894 
247.873 
239.547 
230.663 
222.922 
218.176 
212.814 
208.037 
245.252 
231.911 
230.168 
229.01 
217.874 
218.165 
202.398 
203.433 
205.755 
229.635 
220.483 
218.258 
209.746 
201.123 
196.04 
193.431 
193.42 
201.087 
210.614 
202.557 
194.307 
180.965 
186.576 
183.255 
188.521 
179.127 
187.755 
109.253 
116.256 
124.129 
156.417 
167.017 
170.335 
175.589 
175.417 
176.006 
64.2448 
56.6165 
83.9914 
105.93 
134.96 
154.128 
157.722 
173.366 
169.037 
19.4523 
34.7204 
57.6932 
106.733 
119.634 
130.934 
147.455 
156.493 
163.574 
3.22106 
13.7183 
60.3573 
88.2359 
114.189 
128.651 
144.01 
153.378 
161.096 
