23712000
255.847 
255.496 
245.761 
224.214 
216.531 
209.09 
188.682 
182.691 
255.468 
249.374 
242.329 
224.545 
214.846 
203.482 
185.702 
179.182 
246.239 
241.596 
235.932 
224.882 
193.879 
180.87 
167.127 
154.675 
227.475 
231.459 
218.818 
192.392 
175.046 
167.537 
135.023 
136.433 
220.46 
216.915 
207.345 
195.173 
168.715 
130.375 
120.643 
110.929 
209.827 
201.211 
199.218 
167.387 
135.884 
95.3058 
87.9119 
63.329 
193.897 
188.699 
173.351 
152.679 
117.967 
65.1936 
39.6538 
16.2087 
187.834 
176.036 
167.975 
146.333 
107.512 
70.6589 
23.1023 
3.94354 
