23712000
196.437 
198.599 
205.392 
214.593 
226.232 
239.046 
243.427 
248.817 
255.614 
255.911 
190.826 
190.661 
204.768 
213.422 
217.563 
227.869 
241.658 
248.24 
252.678 
255.733 
175.505 
170.425 
189.148 
202.293 
216.2 
220.708 
234.751 
241.981 
245.843 
248.171 
162.988 
166.188 
181.745 
193.35 
211.235 
219.847 
223.242 
234.912 
236.216 
236.269 
146.202 
158.207 
157.158 
176.673 
189.704 
210.269 
218.042 
224.495 
229.317 
229.648 
103.653 
133.893 
140.387 
147.749 
160.851 
176.409 
191.903 
206.6 
213.535 
219.345 
72.1062 
80.9675 
115.768 
132.135 
157.097 
175.294 
177.717 
196.375 
203.466 
207.389 
49.8185 
41.6788 
78.8771 
110.628 
119.445 
159.032 
174.339 
189.874 
201.609 
206.337 
9.67303 
32.9248 
53.6579 
84.848 
111.401 
133.521 
158.36 
177.579 
187.639 
196.954 
2.53455 
12.6978 
54.3263 
77.8242 
103.928 
132.906 
155.791 
173.148 
183.103 
184.706 
