23712000
185.4 
188.644 
181.454 
165.568 
143.863 
126.801 
87.5402 
63.6876 
45.7881 
4.4484 
1.42364 
194.039 
193.34 
188.014 
169.045 
154.254 
132.154 
92.4839 
71.7671 
55.1053 
17.6412 
8.89132 
203.965 
197.515 
195.388 
178.438 
167.613 
144.303 
108.577 
84.2059 
73.3169 
44.362 
30.263 
209.707 
211.305 
205.099 
186.99 
176.316 
165.005 
139.496 
110.269 
105.95 
78.7638 
53.3822 
217.945 
217.237 
214.852 
208.478 
195.275 
162.244 
146.629 
129.48 
118.637 
114.527 
99.6054 
232.156 
222.348 
218.786 
211.263 
206.923 
197.927 
161.457 
149.538 
134.204 
142.498 
134.027 
241.486 
235.301 
230.684 
222.131 
209.593 
201.368 
189.327 
171.148 
162.971 
161.356 
160.381 
244.099 
242.143 
235.315 
233.425 
225.879 
214.092 
205.294 
189.989 
173.588 
173.142 
165.93 
246.714 
248.356 
239.612 
237.367 
230.033 
222.522 
218.226 
204.752 
177.697 
175.355 
174.765 
255.706 
252.477 
247.383 
241.332 
235.229 
222.903 
219.828 
214.808 
196.276 
179.023 
186.632 
255.917 
255.721 
250.329 
244.883 
238.154 
227.83 
220.105 
209.052 
197.158 
194.296 
193.706 
