63232000
254.011 253.931 254.276 254.29 
249.493 249.308 249.351 249.203 
212.049 213.316 213.316 214.581 
169.378 169.836 170.534 170.167 
251.617 251.195 251.264 250.921 
221.42 212.445 221.237 217.94 
177.704 177.323 178.414 177.603 
84.6263 85.0206 85.3842 85.298 
213.912 202.917 212.873 209.1 
195.554 184.783 194.902 190.675 
129.27 119.7 129.216 125.441 
35.1048 35.645 35.3288 35.6614 
192.41 194.518 190.677 192.683 
179.58 167.774 178.163 173.976 
95.9069 96.8227 96.3923 97.1897 
31.7126 32.8112 32.0719 32.8296 
