43472000
159.073 158.874 159.327 158.861 
169.443 168.937 168.179 167.886 
178.364 177.734 176.336 175.931 
189.295 191.939 185.809 188.079 
193.545 197.16 190.687 192.336 
200.211 203.227 196.043 197.674 
212.182 213.309 209.311 208.172 
218.051 218.943 214.707 213.689 
146.362 147.834 146.884 147.965 
163.249 163.359 163.613 163.481 
173.44 174.794 172.456 173.515 
183.985 185.859 185.826 185.723 
193.216 196.372 190.885 192.649 
198.961 201.1 201.423 201.391 
215.084 216.196 214.076 214.4 
222.735 223.88 220.011 221.692 
130.585 132.816 131.157 132.462 
147.783 149.018 147.28 147.87 
166.881 168.816 166.393 167.726 
177.569 179.373 177.402 179.024 
193.999 195.844 197.009 197.028 
210.621 212.142 213.831 215.205 
221.106 223.896 222.545 225.253 
226.748 229.832 226.117 230.176 
115.247 114.913 116.741 115.229 
120.647 119.797 122.493 120.381 
152.43 153.367 152.712 152.85 
192.135 179.987 192.595 187.786 
202.555 202.457 204.978 204.245 
216.334 216.981 218.607 218.86 
230.66 233.48 231.642 235.835 
232.207 236.383 231.916 237.634 
73.3325 75.4003 73.6349 75.503 
96.3857 95.4699 97.9352 96.0905 
164.039 150.643 163.883 158.654 
197.559 183.217 197.621 191.666 
206.623 192.981 206.732 200.821 
226.78 227.038 227.579 228.894 
235.311 237.161 235.321 238.345 
237.514 240.885 237.037 242.419 
34.9478 36.6002 35.188 36.5854 
65.5203 66.8672 65.9025 67.4622 
97.8777 97.9351 98.6153 98.59 
177.095 163.438 176.663 171.437 
212.837 210.962 214.87 212.431 
234.404 232.938 235.903 233.783 
240.736 242.364 240.464 242.831 
247.408 249.711 245.861 248.975 
15.3481 16.4456 15.4018 16.2902 
30.4019 30.7889 30.4589 30.4102 
85.4788 85.1086 85.8688 85.748 
142.872 140.475 143.98 140.98 
215.586 211.623 218.466 213.633 
245.851 240.978 248.269 245.666 
250.891 251.111 251.495 251.236 
255.631 255.725 255.592 255.681 
9.28764 9.90546 9.27111 9.42406 
10.6185 10.5062 10.6623 10.0307 
51.7856 51.5748 52.0761 51.1319 
168.942 165.139 170.66 167.688 
242.716 233.242 245.38 241.196 
251.659 244.675 253.917 251.962 
255.666 255.448 255.778 255.6 
255.895 255.838 255.85 255.868 
