43472000
2.25597 2.26382 2.3308 1.5852 
6.56178 7.03329 6.30223 6.19555 
25.3583 26.114 25.1036 25.7225 
45.3924 46.329 44.984 45.9176 
115.899 116.776 115.266 116.684 
220.801 227.012 221.289 227.996 
232.991 237.287 232.156 239.053 
236.488 240.006 234.704 240.887 
241.497 243.891 238.74 243.691 
250.901 253.03 248.467 251.458 
255.837 255.888 255.734 255.892 
255.932 255.931 255.869 255.929 
8.30968 8.50979 8.47771 8.13067 
12.7993 11.8023 13.4037 12.0794 
41.7464 42.5197 41.4552 42.1427 
68.829 68.2495 68.8859 68.6298 
108.201 109.965 108.026 109.787 
206.48 210.915 205.019 210.381 
226.534 231.581 225.265 231.162 
235.482 238.707 234.009 239.105 
243.408 247.597 243.907 245.926 
248.449 252.126 250.903 252.025 
254.476 254.069 255.006 255.341 
255.904 255.789 255.923 255.78 
16.5101 17.044 17.2858 17.1332 
27.7467 28.4406 28.0914 28.6494 
52.532 51.7508 52.9155 51.8709 
81.6942 81.7027 81.7183 82.0535 
161.44 163.626 160.553 163.307 
205.237 209.071 203.789 208.659 
220.258 223.715 218.787 223.314 
228.395 231.697 228.886 232.744 
236.361 239.565 239.275 241.987 
247.281 243.548 251.324 250.711 
252.029 246.089 254.593 253.066 
255.032 253.373 255.357 254.375 
27.1477 31.2212 27.6588 31.4262 
52.6455 55.5885 53.1135 55.8658 
74.9542 75.4615 75.2609 76.342 
107.869 107.343 108.205 108.488 
154.906 156.298 155.596 157.554 
195.326 198.774 196.932 198.373 
212.061 215.694 214.069 217.53 
221.495 224.323 224.988 227.807 
229.9 231.502 235.332 236.627 
237.548 235.931 243.333 241.375 
247.927 240.127 250.274 247.6 
249.625 246.341 249.695 245.704 
64.7494 71.0315 65.6033 71.265 
66.441 67.5094 66.8488 67.8839 
83.0664 83.3474 82.7906 82.307 
128.673 128.199 129.713 129.839 
177.424 179.739 180.492 179.855 
189.34 192.552 193.153 192.814 
199.242 202.695 202.845 203.029 
210.784 211.055 214.351 214.17 
225.624 225.107 231.121 229.707 
232.733 230.099 237.53 233.84 
236.349 233.14 237.448 233.987 
242.005 235.975 240.333 233.337 
78.5683 80.9576 79.3947 81.2718 
79.6615 81.6694 79.9768 81.0052 
97.6852 98.6024 96.7982 96.5844 
133.784 134.814 134.464 134.902 
174.401 176.398 178.222 179.222 
186.68 189.701 190.779 190.865 
200.562 201.248 203.927 203.983 
207.573 206.606 210.911 209.789 
214.418 212.366 217.651 215.364 
224.819 222.274 227.086 223.761 
228.506 225.262 227.47 223.839 
234.51 228.258 231.592 223.954 
82.5836 84.7862 83.2357 84.9552 
93.5473 94.5782 93.711 94.5734 
111.68 110.687 113.547 110.843 
138.279 138.924 140.669 140.229 
165.35 166.501 168.413 169.551 
181.059 183.061 185.435 186.688 
192.891 193.509 196.79 197.164 
204.447 189.465 204.907 198.764 
211.893 208.636 214.377 211.17 
219.039 216.779 219.733 216.736 
220.66 219.661 219.127 215.925 
225.905 222.392 223.377 218.499 
93.335 93.7693 93.5474 94.036 
106.072 104.401 108.352 105.307 
114.246 112.581 117.077 113.583 
126.921 126.539 129.915 127.968 
150.483 151.731 154.246 154.211 
172.416 172.953 176.234 176.813 
194.954 179.986 195.622 189.666 
200.241 184.394 200.414 193.83 
203.079 187.082 202.609 195.639 
204.556 206.109 201.485 201.25 
213.695 213.655 211.156 208.147 
212.801 212.626 209.261 205.593 
96.7931 96.6353 97.0717 96.8321 
106.667 107.104 106.947 106.729 
120.61 119.598 122.642 120.417 
131.26 133.621 133.034 134.161 
141.545 143.713 143.357 145.686 
161.509 161.218 164.32 164.325 
175.728 173.024 177.269 175.12 
196.567 180.864 196.157 189.653 
194.11 195.258 190.667 191.401 
196.056 198.491 191.425 193.441 
199.947 202.819 194.875 196.121 
200.764 200.444 197.357 196.14 
107.214 108.236 107.676 107.36 
114.734 115.732 114.997 114.646 
119.826 120.338 120.09 119.654 
131.328 132.884 131.67 133.276 
141.771 141.353 142.522 143.28 
154.877 154.16 155.789 155.618 
163.415 161.607 164.41 162.463 
176.784 174.118 176.578 174.745 
183.591 182.271 182.382 182.574 
190.31 192.941 185.176 187.96 
189.974 191.051 187.326 188.889 
192.969 193.332 189.559 189.687 
104.227 104.202 105.342 105.071 
111.647 113.775 111.908 112.53 
121.13 125.808 120.829 125.409 
132.433 132.26 132.196 132.869 
142.039 141.84 141.706 141.769 
151.631 150 152.065 149.907 
159.731 158.148 159.729 158.112 
166.754 167.523 164.786 165.207 
177.135 175.842 174.469 174.316 
180.026 179.312 174.99 175.93 
182.479 182.716 178.072 179.28 
185.369 185.851 182.289 182.31 
105.527 105.566 106.455 106.507 
107.029 110.058 107.98 110.603 
115.68 124.566 115.489 124.113 
128.215 133.333 128.225 133.126 
144.347 142.503 144.822 141.546 
149.135 146.606 149.272 145.276 
161.014 161.454 159.199 158.67 
167.447 168.546 164.642 165.053 
172.112 173.157 168.085 169.065 
178.918 177.596 173.714 173.718 
179.614 178.04 175.848 175.011 
181.79 180.668 178.531 177.859 
