37544000
1.19279 1.48947 1.07097 0.754314 
2.03164 2.0642 2.04852 1.17565 
5.99545 5.1187 6.50663 4.25433 
16.4931 13.8078 17.4577 13.5245 
32.5894 30.7769 32.8432 31.0059 
51.1351 49.5128 51.3668 49.5495 
103.463 101.346 105.331 102.087 
149.164 145.854 152.483 148.067 
178.619 174.228 182.577 177.933 
199.208 196.398 204.257 201.618 
208.794 206.62 212.876 210.394 
216.453 213.794 222.2 220.01 
228.277 223.177 233.644 230.873 
238.525 232.92 245.343 240.537 
247.884 238.195 251.625 248.278 
252.002 242.748 254.062 251.716 
255.309 251.349 255.518 254.646 
255.905 255.791 255.875 255.845 
255.933 255.929 255.92 255.932 
6.86116 7.2251 6.91298 7.16912 
4.18774 4.29261 4.48333 4.00816 
8.80844 6.79196 10.2118 7.175 
13.2073 16.7923 14.3287 18.4459 
42.8554 41.5902 43.2668 41.9904 
57.9955 57.5467 58.6155 57.9538 
84.0728 83.6221 85.2598 84.5757 
156.556 153.806 160.185 155.659 
187.432 183.662 190.658 186.66 
203.768 201.006 206.552 203.857 
207.62 205.372 210.031 208.027 
212.431 209.806 215.486 212.923 
226.472 220.722 229.446 225.105 
237.439 229.718 239.894 231.578 
243.385 238.5 245.122 240.044 
252.054 243.784 251.449 248.665 
253.82 252.235 252.661 250.775 
255.358 255.36 255.192 254.707 
255.859 255.892 255.81 255.884 
17.3016 18.1402 17.3038 17.9222 
15.015 15.5047 15.3111 15.4534 
13.0733 18.1171 14.2197 19.6616 
8.45865 65.8483 8.58409 65.0559 
53.264 62.405 53.1637 62.7371 
61.6514 61.792 61.883 62.1224 
121.078 121.135 124.015 121.159 
166.831 166.138 170.709 166.88 
183.85 181.644 186.999 183.605 
194.271 193.634 197.585 196.718 
206.622 204.469 208.247 206.696 
213.795 210.04 214.105 211.522 
228.073 219.73 228.492 218.953 
235.964 227.239 234.97 224.998 
241.678 236.161 238.686 232.611 
247.56 245.172 241.954 240.864 
248.375 249.707 245.285 245.598 
250.026 253.455 251.85 252.037 
250.732 254.05 251.459 254.62 
20.7662 21.6641 20.7816 21.3975 
26.6285 27.6507 26.6134 27.451 
34.1958 34.7921 34.4649 34.9021 
50.7178 56.3244 50.5826 56.517 
61.9903 61.4909 61.7857 62.0003 
64.4074 63.7552 64.5601 64.48 
110.138 108.987 111.829 109.932 
162.34 161.368 166.06 162.806 
185.329 185.415 189.596 188.763 
190.719 192.316 194.849 193.297 
197.546 196.881 200.232 199.728 
213.966 209.625 213.438 209.506 
224.981 219.538 223.662 219.391 
231.955 225.944 229.586 223.099 
236.056 233.159 231.887 230.094 
240.82 241.658 235.49 237.835 
242.417 245.406 238.349 242.9 
240.104 244.203 240.688 245.634 
245.955 250.631 249.683 252.796 
28.5131 29.4547 28.368 29.1629 
36.6578 36.9941 37.0051 37.3063 
43.0906 43.3881 43.3288 43.4081 
50.7333 51.2251 50.7915 50.7472 
59.5056 59.2066 59.5363 59.6426 
66.0022 65.5432 66.962 66.8534 
107.176 105.685 110.16 108.929 
161.519 159.922 165.139 163.088 
183.133 183.673 186.525 184.107 
189.644 190.932 193.059 191.273 
199.811 185.614 199.645 192.672 
208.147 204.611 206.143 201.61 
218.407 216.639 216.063 210.943 
226.375 224.573 223.275 221.505 
231.372 231.493 227.341 227.496 
233.96 236.864 230.347 233.496 
236.145 240.149 234.513 240.69 
235.122 239.498 236.284 242.866 
237.344 240.874 240.194 244.571 
42.4619 42.2139 42.1264 42.0041 
42.7307 42.8779 42.6265 42.9047 
48.4367 49.0516 48.3783 48.7133 
52.8338 53.3769 52.7827 52.7874 
58.9393 59.4428 59.1374 59.1357 
67.8006 67.6811 68.6872 68.9144 
96.3302 95.7529 98.6076 98.8523 
152.206 150.97 156.395 156.171 
172.136 169.863 175.014 172.901 
194.842 180.924 195.162 188.302 
200.134 184.269 198.539 190.943 
202.527 189.638 198.991 193.516 
214.693 214.98 212.074 207.841 
219.732 220.789 216.937 214.715 
224.637 226.141 221.819 223.231 
227.038 231.756 225.785 229.486 
229.903 235.752 230.105 237.644 
232.707 236.646 234.392 240.284 
231.802 234.772 236.19 239.169 
45.2662 44.961 44.7937 44.714 
49.7526 50.4312 49.9266 50.7138 
54.1611 54.7098 53.9253 54.5049 
66.4091 66.7145 66.1499 66.7076 
65.7449 66.7657 66.0082 66.9075 
72.5017 73.0925 72.7033 73.865 
98.7488 99.8291 100.104 102.033 
145.254 144.7 148.825 149.267 
161.002 158.829 162.996 161.621 
175.959 172.11 175.036 171.523 
196.556 183.709 192.693 188.118 
195.702 197.643 190.01 191.265 
200.774 203.683 195.317 196.351 
216.678 217.188 213.482 214.655 
218.73 221.323 215.68 219.63 
219.757 223.882 218.347 223.497 
223.044 228.183 223.672 230.233 
227.098 231.212 229.886 235.128 
227.118 228.773 232.897 232.651 
57.0441 52.9216 57.4325 52.7807 
57.1645 56.9952 57.2848 57.1445 
67.8016 67.8922 67.7441 68.1425 
69.2065 69.5389 69.1496 69.6514 
70.2446 70.7792 70.3278 71.079 
77.1398 78.6812 77.3649 79.4311 
84.8991 86.3391 85.2791 87.3354 
126.858 128.262 129.835 129.573 
161.739 158.541 160.583 158.382 
177.492 175.017 172.652 171.656 
180.452 178.241 174.755 174.431 
189.682 191.603 183.613 185.514 
190.245 189.685 186.515 186.741 
202.295 203.312 198.444 200.858 
210.658 213.517 208.029 212.409 
208.85 213.194 209.698 213.184 
213.942 218.625 215.891 220.839 
218.386 222.182 223.307 226.639 
221.016 224.147 227.368 228.735 
77.0723 62.9346 77.9278 60.8894 
70.4142 66.1357 71.2035 65.8133 
72.442 71.9137 72.8803 71.9413 
71.4289 71.5308 71.2633 71.5308 
74.9491 76.5178 75.6624 76.5142 
75.6842 77.7082 76.3306 78.1011 
108.453 114.383 111.424 115.053 
133.195 134.686 136.861 136.156 
147.279 146.797 149.004 147.417 
168.641 166.148 166.015 163.922 
177.967 176.22 173.451 173.154 
180.795 180.461 178.369 178.17 
185.088 185.371 182.543 182.917 
190.195 191.629 187.08 190.142 
201.89 205.866 202.506 205.471 
203.338 207.811 205.341 208.157 
204.477 208.786 207.26 210.178 
210.451 214.197 214.13 217.425 
214.369 218.096 220.127 223.228 
81.7085 67.9186 82.7232 66.2477 
80.3384 75.391 80.0538 74.9979 
77.5489 79.1771 77.9975 78.7401 
78.8131 78.8725 78.147 77.4949 
79.7322 80.618 79.4102 79.481 
76.613 92.0222 76.8299 91.7059 
75.0869 115.817 75.3886 115.719 
123.61 132.756 126.994 134.052 
138.931 137.959 140.718 140.598 
156.054 155.027 156.883 156.322 
165.129 165.705 165.236 165.534 
170.758 172.397 170.787 171.887 
180.988 182.618 178.833 181.493 
184.147 186.358 181.392 185.676 
188.322 191.598 186.55 190.915 
198.58 202.751 200.622 203.088 
195.078 199.404 197.213 201.41 
194.019 197.869 197.307 201.186 
199.088 201.651 202.948 205.287 
84.5818 78.9024 84.9063 79.6084 
80.6433 81.7382 81.312 81.8778 
79.9407 81.9482 80.4304 81.7215 
80.4933 82.6073 80.7035 81.8472 
84.7021 85.9127 84.8523 85.562 
86.2625 88.6411 86.6886 88.7561 
88.8799 113.822 88.8049 113.671 
115.555 119.034 115.722 117.889 
123.763 125.165 125.502 127.23 
139.456 141.329 141.308 142.946 
152.774 155.745 154.817 156.892 
158.76 162.25 160.329 162.73 
166.79 170.882 167.3 170.344 
173.704 177.242 170.237 174.064 
177.698 181.492 175.481 179.641 
178.715 182.135 178.048 182.037 
183.262 187.625 186.259 190.189 
184.849 188.596 188.462 191.944 
184.737 187.384 188.578 191.022 
85.6496 83.8237 86.3511 84.7789 
85.0782 83.9859 84.9904 84.0904 
82.0992 84.1554 82.2296 83.7722 
86.2765 87.1353 85.3062 86.2166 
87.6461 89.4706 87.6731 88.51 
93.4788 96.8809 92.0808 93.2018 
106.608 110.761 106.029 108.465 
112.448 116.237 111.983 114.271 
117.882 120.545 118.398 120.251 
125.514 127.693 127.389 129.262 
140.778 143.662 142.733 145.291 
151.419 155.614 152.889 156.14 
163.67 167.893 161.278 164.957 
167.397 171.332 163.801 167.234 
170.083 173.42 166.409 169.829 
173.324 175.58 172.044 175.108 
175.546 178.334 176.64 179.916 
179.852 182.546 183.362 185.529 
177.21 177.642 180.279 181.235 
88.1957 86.9882 88.7976 87.5583 
88.3175 87.1322 88.1174 87.0664 
89.5311 89.8308 88.3133 88.6332 
89.3447 90.8936 88.2929 89.2389 
92.8536 96.2322 91.299 92.1252 
93.8781 97.4208 92.3308 93.2512 
97.7739 101.293 96.322 97.5118 
110.721 114.336 110.586 112.79 
115.042 117.597 115.512 116.401 
121.123 123.709 121.746 124.893 
128.046 130.87 129.808 132.699 
134.413 138.848 135.416 139.094 
154.199 157.991 152.29 155.824 
164.906 168.485 161.12 164.236 
165.045 166.983 162.935 165.06 
168.387 169.244 167.388 169.553 
168.379 170.446 170.271 171.582 
172.712 173.409 175.248 175.932 
173.552 173.356 175.859 176.222 
89.9784 89.1015 90.5026 89.4605 
91.6135 90.9703 90.5201 89.7246 
91.4797 91.7152 90.262 90.4249 
92.8974 93.9701 91.9387 92.5715 
93.3153 95.5907 93.1169 94.1677 
96.2802 99.6185 94.6679 95.8918 
104.252 106.633 104.752 106.667 
110.934 112.87 111.28 112.121 
113.979 116.852 114.193 115.542 
117.116 120.094 116.848 118.577 
127.353 131.812 127.678 131.588 
131.537 135.785 131.397 135.289 
135.546 139.821 135.14 138.991 
153.383 155.757 151.309 153.548 
155.653 156.148 156.093 157.372 
158.415 157.944 159.339 159.407 
159.191 158.272 160.1 159.404 
164.264 163.337 163.987 163.15 
168.294 167.741 168.573 168.331 
92.7465 91.6011 91.9602 90.7259 
93.5964 91.903 92.3187 90.4626 
93.5654 93.3707 92.1057 91.6909 
96.3037 97.4024 96.2842 96.4134 
98.477 99.6594 98.2973 99.0958 
100.229 102.161 99.6073 101.711 
106.556 107.192 105.713 108.007 
109.469 109.348 108.824 110.076 
113.149 114.544 112.688 113.434 
120.934 122.154 118.392 120.013 
123.611 124.921 122.256 123.426 
129.79 133.522 129.599 132.591 
137.349 139.017 136.248 139.074 
143.362 144.94 143.716 146.1 
147.17 148 147.783 149.698 
152.591 151.966 153.622 153.972 
153.337 150.432 153.469 149.297 
157.175 155.499 155.101 153.48 
159.998 158.789 157.735 156.754 
93.0615 92.739 93.2652 93.2336 
94.2831 92.8676 93.2199 91.8567 
96.4798 94.8668 95.5265 94.5761 
98.5895 98.9387 98.2489 98.2535 
99.9055 100.414 99.6309 99.8181 
101.138 101.887 100.609 101.368 
108.943 108.321 107.763 107.387 
110.322 109.645 109.281 110.167 
114.954 113.941 113.134 112.29 
121.902 121.594 120.066 119.523 
123.579 123.698 122.143 121.669 
125.937 126.387 124.839 124.888 
132.782 133.982 131.925 133.667 
139.568 140.021 139.793 141.235 
142.197 142.354 142.286 143.478 
148.085 145.178 148.984 144.91 
150.136 146.506 150.681 144.989 
151.381 148.562 150.549 145.967 
153.021 152.869 150.367 149.764 
93.4604 93.4665 93.8881 94.1688 
95.1908 93.9675 95.3283 94.5888 
97.2366 95.3257 96.8721 95.571 
99.8564 97.7193 98.8831 97.3831 
101.483 101.022 101.017 100.385 
105.072 103.945 105.093 103.67 
109.354 108.182 108.656 107.348 
113.285 110.499 115.083 110.927 
117.257 115.87 116.369 115.196 
120.728 119.941 120.223 119.191 
123.811 123.164 123.357 122.237 
126.989 126.564 125.92 125.369 
130.084 130.315 129.702 129.791 
135.187 135.018 134.199 134.99 
137.935 136.913 136.734 136.874 
141.318 139.119 140.723 139.141 
147.957 144.38 148.24 142.464 
147.011 146.296 145.515 144.081 
147.676 148.344 145.343 145.145 
93.9816 94.8421 94.8715 95.8372 
95.4496 95.3346 96.5329 96.4277 
97.9495 96.4705 98.3747 97.3824 
101.57 99.9653 101.805 100.251 
103.719 102.225 104.059 102.267 
105.161 104.124 105.982 104.455 
110.81 108.087 113.964 109.725 
113.796 110.958 116.534 112.468 
115.941 113.289 118.583 114.505 
119.988 118.937 120.867 119.667 
122.615 121.013 123.749 122.025 
127.132 125.754 127.681 126.033 
129.597 128.954 130.031 129.257 
132.124 130.839 132.01 131.514 
135.16 133.858 134.259 133.589 
137.298 134.911 137.122 134.528 
142.072 139.116 141.547 138.187 
142.892 142.103 141.517 140.548 
144.172 145.099 142.285 142.468 
94.7958 96.1083 95.6979 97.3087 
96.1619 96.6524 97.4284 98.0902 
97.9357 97.5196 99.1543 99.4487 
100.335 99.3259 101.546 101.289 
103.706 102.662 104.51 103.45 
106.048 105.138 108.008 106.857 
107.671 106.365 109.514 108.419 
111.864 108.99 115.09 110.979 
116.311 114.554 117.709 116.39 
119.914 118.124 121.832 119.77 
123.709 119.934 126.194 122.07 
126.364 122.921 128.306 124.617 
130.434 128.361 130.837 129.366 
131.75 129.762 131.894 130.58 
133.363 130.85 133.033 131.429 
136.758 132.469 136.347 132.083 
139.517 134.899 139.304 134.692 
139.811 138.266 139.349 137.97 
140.25 140.219 139.332 139.839 
