988000
129.272 127.04 128.865 126.11 
128.053 125.966 127.696 125.321 
126.982 124.61 126.925 123.839 
125.957 120.568 125.827 120.307 
123.043 117.342 122.991 117.884 
122.069 114.823 121.397 115.841 
119.839 113.46 117.333 111.65 
117.501 111.141 115.093 109.206 
112.563 106.414 112.518 106.584 
109.159 102.272 109.071 102.864 
103.619 95.8119 102.362 96.1658 
95.7476 91.3335 94.8175 90.7222 
88.847 85.8963 87.5946 84.9824 
80.8828 79.6356 79.7425 78.1967 
75.4342 72.2316 76.1009 73.2075 
75.5003 70.4148 76.2984 71.5188 
78.2556 65.0295 77.082 67.0186 
56.973 53.3838 58.4749 52.8765 
55.1256 49.4949 57.3628 50.8594 
54.7642 49.2487 56.9156 50.5612 
33.3566 43.8205 34.6994 45.5179 
12.779 13.5715 14.2074 14.8137 
8.35972 9.75458 10.8416 10.8028 
5.43449 6.31319 7.32964 7.07389 
0.679684 0.682532 0.798642 0.748184 
0.0588887 0.0538877 0.0693041 0.0537049 
129.233 128.02 127.556 126.884 
128.166 126.528 126.648 127.191 
126.583 125.006 126.266 124.867 
123.724 121.102 123.778 121.248 
121.45 118.095 123.117 119.305 
120.511 116.686 120.887 117.711 
117.992 113.699 118.005 114.466 
114.514 110.59 114.908 110.742 
110.627 106.417 111.419 107.548 
107.327 102.631 108.089 104.029 
98.9169 95.4453 98.8987 95.2108 
92.9659 90.4084 92.5869 89.8385 
88.5768 86.7244 87.9481 85.7649 
83.4566 81.7866 82.5421 80.6515 
81.1048 76.3856 80.6832 75.3949 
79.1508 66.5417 78.5168 68.2676 
84.8256 59.225 81.2892 60.395 
71.6651 57.2711 69.434 58.0807 
56.0734 54.1861 57.4627 53.8823 
46.4637 55.0355 47.8183 56.6781 
16.3056 81.9589 16.3806 81.588 
16.5052 31.9342 16.9645 32.4241 
11.4462 11.446 12.2447 12.0432 
4.00573 4.38257 4.9745 4.78453 
2.92356 2.75569 3.14636 2.90236 
2.66385 1.10604 2.43903 0.60452 
129.486 128.68 126.895 128.547 
128.367 127.367 126.389 127.951 
126.841 125.994 125.698 126.68 
122.34 120.738 124.254 121.87 
120.884 118.568 123.086 119.858 
119.121 116.647 121.658 118.448 
115.8 113.681 117.552 115.035 
113.625 111.443 114.864 112.243 
110.15 107.887 111.315 109.164 
106.02 103.357 107.102 104.554 
98.3981 95.878 99.0531 96.6518 
91.4074 88.0766 90.8132 89.0247 
86.2582 84.4081 86.0805 84.273 
82.5793 81.0487 82.4468 80.8227 
80.6921 78.885 80.6996 78.5464 
79.1466 73.6789 79.0434 73.1385 
71.4274 60.4942 70.1944 61.1313 
58.5844 57.9353 59.8479 58.3963 
54.8398 54.8113 54.988 54.9853 
52.1746 52.5996 52.1111 52.832 
36.5335 47.5821 37.3244 49.0374 
27.9797 29.8677 28.8504 30.2916 
24.4889 25.2343 25.9552 26.0901 
13.1395 12.716 13.6979 13.295 
9.26274 4.83557 8.68532 3.61602 
11.3732 5.75831 11.073 4.42587 
128.768 129.821 127.279 128.751 
126.844 127.385 126.103 128.121 
124.384 125.808 124.449 125.898 
122.815 123.681 123.516 123.86 
120.149 119.446 122.942 120.658 
116.56 116.861 119.598 118.462 
113.735 113.642 116.666 115.607 
112.004 111.141 113.973 113.107 
109.72 108.281 111.884 109.975 
104.734 102.157 106.804 104.42 
95.1055 91.3551 95.7143 93.6311 
91.2009 87.2167 91.2354 88.9265 
88.3453 84.6932 87.8531 86.2728 
82.9387 80.6158 83.4337 81.25 
79.2736 77.3547 79.6309 77.3412 
70.2792 67.9273 70.8608 68.1351 
61.831 61.0468 63.6933 61.7182 
58.8232 58.6626 60.7176 59.3668 
54.5527 55.8213 55.9448 56.3568 
46.0352 46.7845 47.1536 48.4795 
40.1116 41.117 41.2136 42.9341 
33.8016 34.4202 35.6109 36.0837 
29.8451 30.1989 31.379 31.3238 
27.4314 26.037 28.6663 27.1038 
17.7993 14.3189 18.9823 15.1379 
16.7237 11.7608 16.7535 10.9768 
127.172 126.943 128.636 129.237 
124.539 126.647 126.42 127.988 
123.445 125.555 124.76 126.587 
121.832 123.469 122.627 124.483 
118.896 120.656 120.254 121.54 
115.303 116.961 116.672 118.911 
112.567 112.954 114.931 115.75 
111.193 110.879 113.618 114.17 
109.085 107.645 112.051 111.358 
102.965 99.6943 107.379 104.622 
95.3606 91.0568 100.278 95.389 
90.6833 86.1582 91.7985 89.0349 
87.4613 83.7212 88.9438 85.855 
84.5806 81.0303 86.3926 83.8172 
79.6963 75.5573 80.8716 76.9067 
71.1785 68.377 72.4313 69.2971 
67.3488 65.1485 68.9153 66.6066 
58.3014 58.9503 59.8077 59.5603 
55.8628 56.8697 57.081 57.7258 
51.3436 52.5854 52.1611 53.3802 
43.0148 43.7652 43.8259 45.579 
38.6561 38.7949 39.3097 39.886 
33.9405 33.6958 35.1981 34.6307 
36.3394 33.4861 35.7252 33.7065 
27.9581 24.9466 28.9468 26.0763 
23.3953 21.5079 24.8521 22.7732 
127.698 126.424 129.281 129.252 
125.548 124.468 128.196 126.952 
122.692 123.146 124.647 125.87 
120.461 121.989 121.517 123.933 
117.673 119.662 117.774 120.875 
115.702 117.837 115.629 119.035 
112.441 114.121 113.952 115.768 
109.781 110.033 111.945 113.17 
105.588 105.789 109.592 109.962 
101.157 99.6102 105.841 104.794 
95.5135 94.0379 99.9684 98.5502 
91.2199 88.922 94.9255 92.4898 
87.6373 85.405 89.9916 88.517 
84.2446 81.4673 87.129 85.2774 
79.3966 77.4316 82.7181 80.3055 
71.2998 69.1475 73.5977 71.2272 
69.2794 66.9353 70.8934 68.7679 
67.1006 65.1892 68.619 67.1678 
58.794 59.3495 60.2529 60.8082 
52.3143 53.1744 52.2407 54.0017 
48.5839 49.0426 48.1189 49.53 
47.8349 47.4574 48.7315 47.787 
41.1213 39.9518 40.2303 39.9863 
42.3977 38.9482 39.9581 38.4303 
40.9581 37.199 39.7995 37.2304 
29.9285 29.0047 31.15 30.2287 
126.553 123.754 129.246 126.422 
124.472 122.717 127.864 125.384 
123.227 121.682 126.318 125.072 
120.192 120.254 122.326 123.48 
117.113 118.079 118.008 119.982 
113.477 115.099 114.341 116.152 
111.459 113.121 112.797 114.121 
109.548 111.043 111.466 112.551 
104.273 106.241 107.472 107.131 
100.463 101.485 103.852 104.372 
95.7644 96.1702 98.5223 98.8689 
93.9743 93.009 96.2061 94.9668 
90.8633 89.9407 92.5207 91.7027 
85.5949 84.8071 88.0651 86.9194 
80.1268 79.175 82.9216 81.2018 
76.3859 75.1757 78.5322 76.6175 
71.1139 69.1334 72.5753 70.7388 
69.3587 68.2761 70.7026 70.0251 
65.212 65.1482 66.6612 67.3294 
60.5955 61.5564 61.6186 62.7217 
52.0844 52.0638 52.9813 52.1744 
51.5044 50.5562 52.751 50.833 
50.787 49.3677 51.9 49.344 
46.7449 43.8952 44.7759 43.3581 
46.1385 43.9978 46.3853 44.1446 
43.1883 42.6179 43.6006 43.0096 
127.327 121.535 129.682 124.646 
124.389 121.46 127.756 124.312 
121.382 119.608 124.024 123.429 
118.915 118.043 120.716 121.113 
117.03 116.692 118.063 118.266 
114.572 114.812 114.988 115.425 
111.339 112.242 112.399 112.64 
106.091 107.817 108.046 107.415 
104.806 106.348 106.736 106.009 
102.417 104.117 104.849 104.23 
97.476 97.0644 99.0642 98.442 
95.4314 94.3647 96.8663 95.866 
93.7379 93.1824 94.8646 94.0838 
90.3127 90.4744 91.1779 91.3843 
84.5181 84.6422 86.5908 85.8895 
79.5571 79.4676 81.2893 80.8909 
76.2098 75.5713 77.2516 77.1063 
73.1266 73.1076 74.4838 74.8958 
70.2192 70.6104 71.6008 72.5887 
66.773 68.0245 68.1211 69.4011 
63.0949 64.2366 64.4196 64.794 
56.6078 55.7998 57.8977 55.9293 
59.2391 57.9593 59.482 58.0502 
55.6851 54.4635 55.7804 54.4696 
56.3553 56.2525 56.0508 56.0578 
55.2679 55.8014 55.0302 55.764 
125.37 120.438 126.518 122.171 
123.036 120.377 124.928 121.991 
121.211 119.512 122.641 121.436 
119.133 118.826 119.847 119.298 
117.691 116.841 117.464 116.797 
114.661 114.171 114.148 113.277 
112 111.725 111.746 110.899 
109.647 109.985 109.252 107.261 
105.548 106.508 106.774 105.634 
102.416 102.367 102.678 102.764 
99.5413 99.7582 100.238 100.458 
96.5375 96.2442 97.5127 97.1315 
93.8547 94.6007 93.8031 94.7753 
91.8482 92.781 92.1842 93.2487 
88.7914 89.7009 89.6782 90.8989 
84.6953 85.7313 86.1544 87.4086 
80.3256 81.1851 82.0319 82.9288 
77.3597 78.2437 79.237 80.1647 
73.11 74.0298 74.6509 75.5674 
69.3849 70.9314 71.0398 71.8535 
69.9456 70.6209 70.9669 70.3344 
65.9942 66.3205 66.5346 66.293 
66.4761 65.4719 65.5423 65.0158 
63.0633 63.0484 62.4448 62.5794 
61.4601 62.1886 60.8592 61.8529 
60.8253 61.6894 60.25 61.4476 
125.054 121.303 124.857 121.496 
123.891 121.553 123.85 121.298 
121.447 121.068 121.44 120.524 
120.039 120.133 119.695 119.201 
119.284 120.252 117.938 117.502 
117.018 116.475 115.592 115.072 
111.469 112.209 111.043 109.085 
109.897 110.513 109.507 107.361 
108.377 108.798 108.027 106.137 
103.757 103.373 104.119 104.139 
100.791 100.926 100.882 101.957 
97.6095 98.157 97.8273 98.9808 
94.7384 96.0963 94.7816 96.4635 
91.3003 94.663 91.9846 95.0566 
88.7762 90.5411 89.7017 91.6229 
87.1713 88.5771 87.9076 89.4755 
84.2639 85.428 85.3709 86.6953 
81.5378 82.7833 82.9698 83.9106 
78.0745 78.8537 79.232 80.0636 
74.0172 74.2487 74.8387 74.1095 
73.0341 72.9559 73.4052 72.3542 
71.7187 71.3685 71.5659 70.5611 
69.6784 68.5982 68.4685 67.9113 
68.8796 68.4239 67.6511 67.7582 
64.6245 65.4094 63.8491 64.8478 
63.9495 64.7713 63.4357 64.4421 
126.047 123.359 124.764 122.05 
127.385 126.356 126.398 124.059 
125.024 124.612 124.288 123.423 
121.414 123.039 120.133 119.945 
120.782 122.59 118.893 118.926 
119.025 121.017 117.158 117.871 
114.803 116.356 113.371 115.01 
110.461 113.129 109.478 110.001 
106.908 107.947 106.7 108.056 
103.651 104.057 103.037 105.387 
102.11 102.27 101.311 104.165 
100.209 100.816 99.3141 102.379 
95.5788 98.9845 95.8725 98.8995 
89.5184 97.4907 92.1063 97.1602 
89.0355 93.5859 90.2945 93.278 
88.4971 89.6268 88.7161 89.7432 
86.984 87.4649 87.1762 87.6353 
84.1756 84.5592 84.9076 85.4016 
81.5006 81.6056 82.0418 82.4521 
77.947 77.6193 77.5925 77.701 
75.0502 74.7493 75.0562 73.9287 
75.6066 75.04 74.775 74.5183 
72.4575 72.0481 71.3915 71.5052 
72.0878 72.8993 71.8007 72.6182 
69.778 70.8869 69.4682 70.5094 
68.7727 69.775 68.1946 69.2566 
129.69 128.52 127.709 125.756 
129.48 128.608 128.468 126.335 
128.931 128.313 128.284 126.567 
126.642 127.279 125.85 125.827 
123.532 125.941 121.76 122.325 
122.407 125.052 120.512 123.074 
116.607 122.439 114.015 121.276 
105.144 130.59 102.581 130.051 
108.241 115.91 106.843 115.954 
106.853 111.279 108.947 114.284 
102.879 104.365 101.91 105.444 
100.161 102.171 99.5204 101.591 
98.852 100.737 98.2068 100.196 
96.0569 99.5715 96.2777 98.7942 
95.6211 95.8127 95.315 94.7271 
91.1621 91.1151 90.705 90.5193 
88.7572 88.4678 88.5912 88.309 
85.8414 85.6865 86.1352 85.9862 
82.7639 82.9117 82.8902 83.307 
80.203 80.6024 80.0045 80.3042 
78.6038 78.3684 77.6521 77.4841 
77.0904 77.6349 76.5147 76.7027 
74.8283 76.1887 74.7053 75.8472 
74.3437 75.8244 74.0404 76.3042 
71.5477 74.6942 71.4663 74.3423 
71.1388 72.8451 70.318 71.6984 
145.827 144.67 116.785 115.748 
130.882 129.685 129.762 127.785 
130.749 129.679 130.829 129.591 
130.14 130.5 129.799 129.342 
129.576 130.977 128.272 128.827 
127.634 130.036 126.034 128.054 
114.918 137.982 113.933 137.26 
105.946 135.972 103.759 135.714 
108.397 124.73 110.608 127.715 
109.936 115.484 112.214 118.34 
108.767 113.334 110.602 115.508 
106.518 108.838 106.05 107.884 
101.232 102.082 99.9116 100.923 
100.259 99.3736 98.807 98.0446 
99.532 98.0078 98.4338 97.043 
95.9656 94.8074 95.3824 93.8532 
91.3982 90.4593 91.1211 89.9336 
87.4355 87.2162 87.3158 86.9697 
84.0648 84.4864 84.0171 84.3082 
82.9082 83.7512 82.4346 83.2678 
83.3456 83.8746 82.5696 82.2906 
81.2361 81.7142 80.5951 80.517 
77.552 78.884 76.8783 78.9823 
75.5927 79.0536 75.0812 79.5498 
74.6227 80.1584 74.108 79.9097 
83.1694 88.1881 76.1203 82.1138 
148.273 147.072 118.376 117.982 
146.825 145.279 118.995 117.559 
133.233 131.438 133.817 132.087 
132.578 132.27 132.834 132.353 
132.654 133.577 132.05 132.221 
131.107 133.665 129.993 132.758 
128.473 133.973 127.981 133.523 
117.708 138.587 118.442 139.369 
125.378 129.587 126.954 130.696 
114.832 119.3 117.482 122.338 
112.225 114.862 112.601 114.428 
109.952 112.158 109.549 110.948 
108.358 108.938 107.123 107.7 
104.064 102.159 101.783 100.91 
102.151 100.232 100.911 99.3249 
99.6662 97.6999 98.6064 97.091 
95.8998 94.6599 95.5484 93.5481 
97.1457 96.0901 96.5272 95.1075 
89.1087 89.2797 88.1778 88.225 
90.4709 91.2772 89.4556 89.8501 
86.9564 87.194 85.5927 84.999 
88.5567 89.0291 87.4751 87.4779 
82.94 84.0735 82.3695 83.3754 
81.7299 85.1583 81.0892 85.5981 
87.6106 94.1727 81.5436 89.0118 
89.6671 95.1547 82.8292 89.2486 
150.556 150.005 120.547 120.599 
137.236 135.565 135.916 134.518 
138.095 135.075 138.559 136.614 
135.236 134.796 135.883 135.036 
135.719 137.216 136.479 136.178 
134.105 136.378 133.524 135.445 
132.035 137.113 132.298 136.932 
130.036 133.546 131.671 134.645 
128.959 131.406 130.894 132.832 
127.614 129.453 130.089 131.519 
122.801 123.961 126.118 126.336 
120.676 121.081 123.7 121.568 
118.138 116.139 117.415 115.126 
115.612 113.03 114.259 111.922 
109.203 107.065 107.98 105.915 
107.534 105.748 107.061 104.751 
102.873 101.414 102.405 100.068 
106.746 105.863 105.68 104.066 
111.005 111.134 109.217 109.734 
146.127 150.491 142.796 148.052 
117.608 118.918 114.685 116.612 
163.196 164.552 159.146 165.383 
137.844 139.885 136.481 139.855 
142.449 146.095 143.111 147.357 
153.055 158.037 155.492 162.463 
124.446 130.256 120.08 127.238 
139.711 139.958 137.013 136.599 
139.97 137.365 139.323 137.92 
139.51 136.843 140.09 138.17 
138.152 138.102 139.4 138.192 
137.045 138.541 138.075 137.906 
136.928 139.831 137.533 139.15 
136.261 140.731 136.572 141.16 
133.572 137.569 135.852 139.117 
132.007 134.029 135.026 136.531 
132.911 133.157 137.477 138.644 
130.136 129.32 135.754 133.895 
130.051 128.485 134.948 131.481 
135.269 132.769 137.804 133.455 
156.138 150.376 153.459 150.881 
153.434 149.997 151.139 147.089 
144.861 142.563 142.781 139.71 
143.632 142.535 140.861 138.964 
150.186 150.591 145.745 147.331 
169.975 172.894 165.925 168.905 
164.718 169.958 160.829 167.349 
176.707 181.252 173.293 179.846 
189.907 193.029 187.355 193.935 
194.255 197.578 192.941 198.731 
191.49 196.221 193.513 198.606 
188.828 194.398 193.095 198.958 
186.055 191.405 191.025 196.737 
140.618 141.395 138.359 137.986 
142.501 140.701 140.621 140.947 
140.742 138.071 141.304 139.331 
141.996 140.223 144.149 140.721 
138.953 140.313 140.368 140.13 
141.07 142.947 141 143.703 
142.941 145.595 143.196 146.399 
140.068 142.969 142.186 145.599 
141.704 142.404 144.44 147.257 
139.504 138.844 143.833 145.412 
139.136 136.925 143.79 143.519 
141.69 138.395 145.373 141.53 
162.625 155.983 161.621 157.788 
168.797 162.948 165.814 163.046 
171.412 166.735 168.307 165.471 
173.096 170.649 169.719 166.677 
176.166 175.214 171.197 170.685 
179.071 179.877 174.292 175.177 
180.155 182.052 175.327 177.429 
181.302 183.747 176.717 179.932 
195.645 199.444 191.785 197.176 
199.331 202.407 197.529 202.056 
205.171 208.818 204.713 209.463 
203.32 207.816 206.553 209.143 
202.989 208.186 208.563 211.566 
203.133 208.117 209.421 212.863 
143.323 142.19 140.556 141.566 
144.014 141.927 141.694 142.005 
144.307 141.427 143.459 142.372 
144.42 142.02 146.986 142.451 
143.709 142.281 146.266 143.576 
145.295 146.368 147.449 148.023 
145.629 147.41 146.633 148.513 
146.712 148.182 147.91 150.357 
147.031 147.796 149.844 152.517 
148.454 147.471 152.541 153.703 
153.516 149.644 157.423 155.586 
162.951 157.573 165.803 161.329 
171.219 165.258 172.329 167.251 
174.077 168.428 173.056 168.945 
179.011 175.524 177.771 174.838 
181.228 178.13 178.371 174.853 
185.982 183.868 181.189 179.607 
188.572 188.082 183.078 183.513 
188.362 189.042 182.953 185.142 
200.582 201.525 193.427 198.665 
204.146 205.756 198.111 203.281 
207.861 211.197 206.515 211.231 
208.924 212.036 208.463 212.752 
210.125 213.608 211.156 215.567 
211.579 215.32 216.717 218.773 
213.437 217.558 219.634 221.852 
144.658 146.142 142.546 143.31 
145.343 143.524 142.818 143.266 
146.41 144.641 146.981 143.407 
145.657 143.038 148.129 143.269 
147.808 146.833 150.472 147.638 
148.802 149.406 152.663 149.868 
147.478 148.453 150.469 150.651 
154.38 152.32 156.516 157.694 
153.223 153.555 156.568 158.451 
156.794 156.162 161.647 162.449 
161.991 159.65 166.667 165.447 
170.491 167.69 173.619 171.559 
174.089 170.012 176.873 172.214 
179.124 175.1 179.723 176.249 
182.094 178.293 181.849 178.729 
186.284 182.473 185.44 182.288 
193.137 189.82 189.1 186.64 
197.43 195.767 193.247 191.813 
202.821 203.902 198.053 198.896 
207.891 209.096 201.555 205.491 
212.152 215.67 208.143 212.661 
214.936 219.092 213.306 217.248 
212.754 216.447 212.579 217.774 
217.9 221.767 220.465 226.966 
221.865 224.265 225.046 230.556 
226.359 228.46 231.008 234.29 
146.532 148.585 144.679 146.064 
148.208 148.147 146.623 145.902 
149.063 146.497 147.959 145.403 
149.391 147.165 150.475 146.44 
150.666 149.933 153.24 149.026 
150.637 150.431 153.991 150.019 
153.976 152.436 157.605 154.004 
156.738 154.256 159.227 159.324 
158.909 156.865 161.237 162.061 
160.566 160.998 165.656 166.924 
166.914 166.569 171.639 172.685 
171.819 171.198 176.216 176.181 
175.487 173.974 181.405 178.588 
181.365 176.93 184.006 179.676 
185.549 181.104 186.184 182.898 
193.186 188.039 194.184 189.407 
197.506 193.997 196.406 192.489 
204.351 202.123 201.607 198.61 
210.055 209.013 205.201 204.32 
217.202 218.453 212.212 213.47 
219.935 223.33 216.873 219.405 
221.666 227.289 221.102 223.631 
223.039 228.654 223.347 229.191 
225.305 229.411 226.801 234.472 
231.264 232.647 233.72 239.222 
233.208 235.327 237.007 240.073 
149.851 150.58 147.512 148.842 
149.989 150.21 148.352 148.418 
152.234 149.738 150.484 148.965 
153.017 149.56 151.756 148.403 
154.013 151.705 152.553 148.652 
154.122 152.991 157.956 152.514 
157.563 155.588 162.36 156.835 
159.204 156.17 161.315 160.457 
161.645 162.306 164.036 164.112 
163.162 165.548 168.505 168.915 
168.83 170.433 174.547 175.438 
174.06 174.734 181.245 180.5 
176.821 176.38 184.192 181.945 
180.345 177.862 187.153 183.407 
191.752 185.432 194.564 189.322 
196.999 191.983 200.254 194.366 
203.925 199.494 203.149 198.134 
207.563 204.901 205.763 201.82 
213.549 210.951 209.845 207.009 
225.994 223.813 221.354 219.697 
227.725 229.903 224.706 225.076 
228.719 233.726 226.784 228.853 
229.763 236.482 228.849 233.304 
231.516 237.842 231.629 239.462 
237.646 247.595 239.735 242.42 
235.576 238.431 239.562 241.858 
151.382 151.846 148.582 150.06 
151.883 151.243 149.66 150.41 
154.103 152.351 152.01 151.516 
157.501 155.382 152.311 150.243 
160.572 158.254 153.746 150.092 
161.633 159.247 157.59 153.959 
160.268 157.598 163.23 157.503 
163.295 162.662 164.656 161.83 
163.688 166.234 168.381 168.387 
164.499 168.783 170.262 171.257 
168.003 172.379 173.187 174.639 
175.286 177.717 181.065 182.057 
178.68 178.917 186.421 184.716 
185.148 182.633 193.349 193.236 
194.081 190.03 198.905 194.789 
199.38 193.943 203.005 197.424 
206.659 200.85 208.387 202.092 
212.749 209.162 212.149 207.115 
224.424 220.248 221.684 217.491 
231.084 227.197 227.153 223.667 
235.069 232.243 230.665 228.673 
238.281 238.891 234.019 234.584 
241.526 242.063 235.905 241.569 
240.085 250.683 239.721 244.219 
241.141 252.14 242.778 245.622 
240.651 251.189 243.865 245.61 
151.806 152.759 149.532 151.283 
152.568 153.681 152.132 153.298 
154.589 153.959 153.574 153.511 
157.182 156.741 154.874 154.767 
161.197 160.417 155.595 154.466 
163.875 162.973 160.372 159.687 
164.962 163.063 163.793 160.843 
166.447 165.85 166.832 164.842 
168.01 170.188 169.857 170.346 
168.144 172.371 172.059 173.854 
173.806 179.901 175.503 179.595 
178.825 185.413 180.348 184.895 
183.344 183.738 191.011 192.697 
186.274 185.019 194.327 195.383 
191.376 189.816 198.745 199.019 
201.964 197.908 206.183 202.135 
213.643 210.115 216.186 211.024 
218.377 214.059 219.224 213.682 
224.809 220.845 224.556 219.456 
233.319 228.55 231.281 226.497 
240.004 236.135 236.735 233.132 
245.65 241.326 240.055 240.615 
247.562 245.239 240.811 245.131 
251.288 252.352 244.72 250.504 
243.963 254.677 245.41 248.127 
248.905 254.059 252.845 253.888 
151.774 154.855 151.625 154.789 
151.758 155.332 153.485 156.262 
154.538 156.145 155.126 156.201 
157.261 158.789 158.205 158.165 
161.292 162.619 158.767 160.18 
163.59 164.288 161.096 161.921 
165.481 165.438 164.957 164.485 
168.29 168.81 168.751 168.446 
172.291 173.974 170.87 174.097 
174.045 176.114 173.938 176.222 
178.206 184.619 177.769 182.835 
181.344 188.13 181.476 186.475 
184.316 188.982 185.931 189.012 
188.784 188.87 195.06 196.654 
196.132 196.076 200.587 200.787 
207.915 205.952 211.998 209.208 
213.267 210.345 216.525 212.667 
217.719 214.82 220.302 215.831 
227.312 222.62 228.224 224.047 
234.525 228.281 235.687 229.679 
243.389 235.055 245.003 238.932 
247.551 243.296 245.817 241.277 
253.01 251.91 250.116 248 
254.378 254.968 247.518 251.828 
254.131 255.596 250.988 253.636 
254.586 255.784 255.329 255.787 
153.074 156.916 152.721 156.538 
151.168 156.204 153.962 158.28 
155.258 159.726 156.632 160.401 
157.355 159.576 158.962 159.811 
159.334 161.383 160.137 161.08 
164.418 165.436 163.553 165.102 
166.791 167.37 165.935 166.708 
171.345 172.607 168.801 171.794 
173.562 174.899 170.873 174.688 
176.113 177.247 173.755 177.119 
180.277 181.061 179.367 181.169 
182.713 186.85 182.191 185.794 
187.679 189.28 188.775 189.585 
192.681 193.426 194.807 194.621 
198.958 198.769 202.306 201.51 
205.396 203.38 209.403 208.094 
213.353 210.822 217.633 214.183 
221.693 217.982 225.711 222.535 
228.256 222.938 231.852 228.778 
239.031 230.494 243.232 238.751 
243.745 235.541 247.813 242.553 
249.652 246.046 252.324 246.374 
252.259 250.954 254.417 249.829 
254.499 253.99 252.882 250.74 
255.839 255.74 255.194 255.392 
255.918 255.927 255.912 255.93 
155.05 157.723 153.052 156.507 
154.553 159.445 154.774 159.923 
154.918 160.1 156.092 161.371 
156.133 160.636 157.234 161.293 
161.964 164.431 160.963 164.866 
165.046 166.819 163.066 166.275 
169.138 170.14 167.161 168.479 
171.064 172.254 168.748 170.03 
173.924 175.442 170.986 174.164 
179.255 179.585 177.895 178.75 
181.62 182.094 180.905 181.729 
184.3 184.792 183.7 184.363 
188.562 189.084 188.615 188.529 
195.279 195.068 195.996 194.371 
200.266 199.69 201.633 199.907 
206.265 204.137 209.211 207.477 
213.87 211.218 218.944 217.353 
221.149 218.453 227.044 224.796 
227.943 224.881 233.874 231.576 
234.984 230.649 241.81 239.8 
243.244 236.887 249.652 246.307 
248.529 245.915 254.186 252.92 
252.166 250.592 255.1 251.359 
253.017 250.711 255.426 254.969 
255.931 255.829 255.911 255.914 
255.933 255.932 255.933 255.933 
