988000
103.353 101.974 102.743 101.246 
101.387 101.122 101.229 100.977 
100.012 100.482 99.9834 100.642 
99.5311 99.9999 99.3537 99.8928 
99.3176 99.0278 98.7045 98.7324 
98.4447 97.2133 97.6485 96.6158 
95.4123 94.4444 95.2606 94.4999 
93.6173 93.426 93.6187 93.3045 
91.5811 91.6252 91.1577 91.3473 
90.0698 90.2473 89.5132 89.7289 
87.8419 88.1945 87.1384 87.1336 
86.1776 86.4188 85.471 85.1339 
81.3952 81.7281 80.8272 80.6452 
69.9252 70.962 70.5021 70.9943 
66.1025 67.0499 66.9834 67.6522 
63.4255 64.3428 64.1499 64.9625 
54.9466 61.7365 55.4791 62.0949 
35.5282 54.6093 35.3951 54.6832 
2.32803 3.86715 2.48193 4.01059 
0.397952 0.460598 0.515229 0.513723 
0.700901 0.66254 0.770005 0.716641 
3.50503 3.37413 3.80188 3.71893 
40.1123 37.5054 41.4669 38.1906 
174.573 174.5 171.346 170.854 
252.646 253.523 245.227 249.764 
254.614 255.396 247.957 252.623 
255.929 255.933 255.885 255.933 
255.933 255.932 255.933 255.933 
103.637 102.404 103.378 101.921 
103.109 102.169 103.083 102.401 
100.882 101.055 101.147 101.829 
100.991 100.724 99.9599 102.388 
99.3283 98.5357 98.8553 98.0038 
97.7381 96.7497 97.3539 96.1464 
95.7367 95.3913 95.2588 94.9549 
93.824 93.9944 93.4736 93.6651 
92.2077 92.1576 91.6105 91.9009 
90.4408 90.2382 89.8762 89.8582 
88.4836 88.1695 88.1845 87.7712 
86.1546 86.1007 85.5694 84.9843 
82.3241 81.9404 81.6976 80.8184 
73.4707 73.3715 73.5919 73.3396 
66.1164 66.3966 67.0933 67.127 
59.1042 59.8552 60.1447 60.7873 
53.9431 54.9812 54.8047 55.7264 
37.5531 42.7966 38.5321 44.1795 
17.6927 18.1139 19.4388 19.0704 
2.46523 2.49057 2.85982 2.69317 
8.47827 4.25499 8.00384 3.01311 
13.4378 12.7846 14.2287 13.4206 
44.4815 42.9847 46.1682 44.4339 
190.045 193.369 189.876 189.93 
243.831 253.654 243.241 245.535 
253.512 255.339 249.051 252.964 
254.746 255.727 255.044 255.746 
255.931 255.9 255.913 255.916 
104.605 103.801 104.481 103.396 
104.159 103.49 104.714 104.24 
103.059 102.781 102.41 104.848 
102.21 102.424 101.358 104.401 
101.165 101.263 100.613 102.598 
97.5381 97.5936 97.3873 97.4479 
96.0623 96.3449 95.8409 96.393 
94.1997 94.7654 94.2418 95.0557 
92.5961 92.5597 92.5117 92.8025 
91.3302 90.4671 91.6259 90.473 
89.8354 87.2352 89.3929 88.3824 
85.7604 84.6189 85.6751 84.1131 
82.2369 81.3276 82.076 80.5723 
73.1336 72.6441 73.7163 72.0477 
67.2186 65.9689 67.6106 66.5796 
57.6324 57.2725 59.3586 58.4365 
49.1941 49.679 50.5943 51.1035 
39.7552 39.8034 40.5005 41.0166 
29.9681 29.8809 31.1847 31.1509 
18.1964 14.1767 18.5547 13.4844 
14.9946 10.1136 14.5955 8.85749 
38.4094 34.4753 38.6783 34.0059 
145.589 146.992 147.307 150.382 
235.251 246.157 236.237 240.823 
241.469 252.685 242.961 246.253 
244.583 254.688 247.127 249.347 
252.004 252.528 255.249 255.506 
255.165 255.079 255.735 254.822 
106.558 106.416 106.037 105.749 
106.032 106.014 106.101 106.399 
105.642 106.222 105.976 107.254 
103.567 104.066 103.033 105.875 
103.564 104.807 104.629 105.718 
101.855 103.871 104.177 103.662 
96.8888 97.269 97.8699 98.4534 
94.8813 95.0179 96.4918 96.842 
93.9189 92.6874 95.3748 93.9043 
91.6775 88.6473 91.4994 89.9922 
90.692 87.3261 90.4448 88.7719 
88.3614 85.0158 88.3102 86.9918 
77.8661 77.1783 78.293 76.5309 
73.7486 70.9409 74.9003 72.2811 
68.8658 67.5892 70.2352 68.2452 
59.1601 58.1132 61.4611 59.2965 
53.8351 53.2445 55.4455 54.0722 
47.6255 47.586 48.6966 48.6727 
39.2964 39.0102 39.8381 39.9347 
39.6561 39.5389 40.9394 40.7738 
138.139 138.143 137.089 138.045 
199.149 202.649 200.16 206.98 
221.458 225.508 223.279 231.227 
231.653 235.083 234.14 241.166 
239.286 249.564 241.797 245.77 
246.85 248.677 252.28 253.82 
251.033 250.639 255.257 255.016 
253.18 251.95 255.284 251.263 
108.893 109.862 108.297 108.882 
108.571 108.792 108.302 108.867 
109.054 109.058 109.449 110.492 
109.695 110.874 111.172 111.908 
105.837 107.872 108.322 107.313 
104.275 106.312 107.445 106.359 
101.652 103.01 105.232 104.345 
96.8125 95.1826 100.155 98.5506 
95.4657 93.5175 97.9304 95.9195 
94.7071 92.3218 96.3704 93.3752 
92.3714 88.748 93.0408 90.9229 
87.7271 84.0558 89.9674 87.2978 
79.2386 75.4952 81.0184 78.1276 
73.9051 70.8082 75.465 72.7093 
71.8304 68.2354 73.5393 70.779 
65.3529 63.5421 67.1893 65.2843 
58.7367 57.8256 60.0717 57.9734 
58.9125 58.5722 58.8237 58.6182 
99.9816 98.8279 98.3615 99.3386 
173.548 176.072 172.483 176.367 
208.519 211.959 206.922 211.741 
214.241 218.376 213.643 218.829 
227.135 230.594 229.342 234.013 
232.108 234.826 235.672 239.553 
235.75 238.639 240.191 243.062 
242.284 243.611 248.674 249.182 
251.135 249.941 254.506 250.725 
252.635 250.538 254.683 248.954 
110.615 111.969 109.872 110.974 
110.532 111.745 110.537 111.791 
111.367 112.18 112.832 113.68 
111.804 112.468 113.455 113.725 
111.351 112.182 113.116 112.705 
107.508 108.752 110.66 109.1 
105.945 104.024 109.874 108.317 
103.075 99.2087 106.942 104.248 
99.1425 96.0911 101.654 98.4955 
99.4889 96.5487 100.955 97.2989 
101.519 98.0684 101.709 98.608 
94.6776 90.5215 96.401 92.2888 
89.1019 86.0756 89.8404 87.3656 
79.098 75.7393 79.9719 77.1994 
72.3914 70.469 73.2344 71.6013 
69.313 68.4742 69.7338 68.755 
67.8443 67.5639 67.5452 67.2367 
107.934 106.975 105.966 107.194 
172.112 171.321 168.951 171.474 
196.592 197.009 193.571 194.939 
210.133 213.18 208.228 212.335 
219.473 224.661 218.482 221.312 
225.348 230.672 225.649 228.024 
232.471 236.017 234.48 236.86 
237.197 240.931 238.932 239.648 
241.352 243.016 242.351 241.972 
247.148 243.177 246.768 246.752 
250.289 245.954 252.386 246.167 
111.982 114.104 111.643 113.128 
113.093 115.13 113.522 114.927 
113.055 113.728 114.344 115.298 
112.824 113.762 114.693 114.849 
114.189 113.601 115.594 114.057 
116.5 114.444 117.971 115.854 
112.766 108.687 115.728 112.897 
109.9 104.512 112.34 108.132 
108.944 104.563 109.782 106.129 
107.116 104.159 106.767 104.232 
107.064 104.254 106.157 104.02 
103.697 100.5 102.278 100.448 
94.8865 92.891 94.1546 91.6397 
93.4564 91.6967 90.478 88.434 
84.7394 84.1634 83.5022 82.7629 
82.1168 84.8297 78.0273 81.5146 
75.7353 76.14 74.8893 74.967 
125.077 125.118 121.408 122.866 
178.467 176.176 173.662 174.958 
198.409 196.708 193.823 194.033 
210.411 210.63 205.504 206.687 
218.949 220.522 214.188 215.971 
225.485 229.365 222.619 223.989 
234.134 236.976 229.407 231.908 
238.657 241.048 236.729 236.676 
243.959 241.096 239.273 240.595 
245.637 237.674 245.483 243.643 
245.859 237.287 247.612 243.405 
117.907 119.382 117.097 118.582 
115.657 117.712 115.974 117.238 
116.776 117.712 117.721 118.01 
117.531 117.281 118.375 117.729 
119.045 117.158 119.501 117.557 
120.388 117.258 121.106 118.444 
120.468 115.495 121.074 117.136 
116.882 111.178 117.421 112.389 
115.25 112.07 114.708 111.561 
112.713 110.143 111.886 109.658 
110.294 107.642 108.782 107.347 
106.033 103.871 105.006 103.013 
100.849 98.8679 97.649 95.5828 
103.399 103.655 101.421 98.506 
93.5464 96.8611 87.5451 91.7597 
90.875 94.7942 85.6204 90.6117 
90.3192 93.8752 85.4098 89.9215 
138.607 137.449 134.949 134.753 
188.594 184.955 183.287 182.213 
198.043 194.339 192.837 191.522 
209.148 206.912 203.081 202.574 
217.632 216.351 211.748 211.534 
223.385 221.879 219.097 217.508 
231.47 230.898 226.413 225.661 
235.985 233.165 231.86 229.32 
240.281 236.622 236.921 233.845 
242.347 236.32 240.014 238.92 
242.209 233.103 246.464 240.784 
120.639 122.055 119.96 121.586 
119.613 120.722 119.804 120.48 
119.636 120.206 120.334 120.025 
121.106 120.824 121.537 120.302 
122.801 120.262 123.019 120.36 
123.379 119.208 123.478 120.108 
125.219 118.703 125.436 119.8 
122.96 118.568 122.152 117.764 
120.772 118.312 119.32 117.081 
120.655 118.404 119.278 117.835 
122.951 121.17 121.283 121.535 
112.744 110.952 111.192 109.761 
109.658 110.145 108.663 105.978 
110.17 111.88 108.979 106.754 
106.802 108.5 106.071 104.538 
97.1248 101.149 91.9981 96.8353 
103.543 104.305 101.581 102.593 
153.334 151.335 150.014 148.468 
186.22 182.206 182.167 179.146 
196.639 193.048 192.551 190.037 
204.612 202.567 201.266 198.889 
211.105 208.976 209.084 205.515 
219.465 216.663 217.502 213.295 
227.617 223.771 224.835 220.641 
231.131 226.844 228.867 224.33 
233.85 228.988 232.183 227.917 
234.107 228.606 236.64 232.329 
234.295 227.867 239.473 236.055 
122.551 123.646 121.891 123.425 
122.74 123.069 122.607 123.05 
122.595 122.435 123.022 121.935 
124.077 123.154 124.525 122.347 
126.471 124.52 126.941 124.032 
128.331 123.327 129.071 124.426 
129.593 123.093 129.938 124.025 
130.2 125.721 129.126 124.29 
127.313 125.108 125.638 123.615 
128.692 126.929 126.909 127.329 
129.836 127.995 128.102 128.548 
129.87 128.323 127.845 127.902 
121.703 122.96 119.492 118.795 
115.115 117.089 114.043 112.003 
122.631 124.921 120.747 120.452 
117.158 118.04 114.833 115.208 
117.971 118.192 115.366 115.677 
143.673 142.639 141.668 139.852 
180.765 177.701 178.068 174.985 
196.678 193.602 194.178 191.146 
203.124 200.957 201.571 197.936 
205.961 203.822 204.665 200.753 
212.157 208.319 211.579 206.316 
222.729 217.729 222.092 216.534 
227.441 222.865 226.414 221.932 
227.31 223.18 228.666 224.501 
227.791 224.381 231.15 228.436 
227.849 223.35 233.036 232.295 
124.817 125.592 123.883 125.193 
127.33 127.016 126.734 125.449 
126.363 125.382 126.575 125.38 
127.232 126.217 127.758 125.685 
131.717 130.231 132.357 130.168 
132.206 128.525 133.04 129.592 
137.802 132.655 137.96 134.238 
137.535 133.516 136.293 131.879 
137.751 134.521 135.647 132.77 
138.337 136.006 137.018 134.777 
140.009 138.025 138.644 136.384 
146.499 145.054 144.056 141.62 
150.449 149.569 143.653 142.106 
132.896 134.767 130.084 129.678 
138.982 140.068 135.968 135.851 
135.857 136.732 132.725 132.874 
130.722 130.529 127.092 127.651 
142.158 140.243 138.985 137.993 
180.262 176.265 178.657 175.599 
191.668 186.098 191.098 187.271 
197.052 192.9 196.873 192.674 
204.317 199.581 204.346 198.967 
212.169 203.693 212.312 204.974 
216.651 209.491 218.089 211.54 
217.19 213.818 219.812 215.25 
220.488 217.946 223.681 220.645 
220.503 219.749 225.215 224.284 
219.854 219.437 225.605 226.39 
128.077 128.201 127.096 126.169 
129.232 128.845 128.347 126.706 
129.84 128.973 129.264 127.247 
132.153 131.654 132.534 131.33 
133.758 133.395 134.39 133.151 
138.207 135.094 138.415 136.364 
142.719 139.01 140.957 140.61 
143.463 138.973 142.734 139.45 
153.462 147.33 150.226 145.253 
155.971 152.509 155.621 148.03 
156.233 153.894 156.184 148.503 
158.607 157.143 153.756 149.564 
159.849 159.17 152.033 150.279 
160.192 159.728 152.602 151.495 
149.724 150.312 145.277 145.454 
147.039 148.288 142.8 144.242 
148.066 149.058 144.583 146.774 
144.916 143.226 141.607 141.336 
176.906 171.636 177.685 173.513 
189.982 184.475 191.759 186.482 
193.607 188.496 196.738 191.006 
196.506 191.294 199.396 193.603 
203.775 197.35 206.066 199.805 
212.137 208.637 215.219 210.9 
213.483 210.95 216.809 213.318 
213.998 212.832 217.796 214.985 
213.701 215.812 219.166 219.548 
214.738 216.732 220.361 222.791 
129.468 130.28 128.514 128.536 
130.303 130.024 129.206 127.368 
131.719 131.348 130.655 129.647 
133.673 133.468 133.446 132.834 
136.611 137.734 137.756 136.893 
142.409 140.204 140.769 141.123 
144.917 141.348 142.849 142.957 
150.848 145.993 147.583 146.504 
163.298 155.807 160.229 154.862 
163.977 157.382 162.091 155.668 
162.397 159.482 162.429 154.942 
163.447 161.913 161.92 157.526 
164.372 163.174 158.085 155.781 
166.71 164.981 162.318 159.361 
162.334 162.401 157.183 157.217 
159.747 161.565 155.825 158.274 
156.123 157.628 152.793 155.41 
157.831 157.148 156.208 156.777 
172.534 167.652 174.838 170.413 
182.686 177.558 186.912 181.565 
189.644 185.71 194.092 189.371 
195.303 191.536 199.094 194.163 
199.333 196.191 203.428 199.105 
204.233 201.348 207.833 204.794 
210.325 208.3 213.938 211.359 
207.916 209.34 212.88 212.471 
208.056 212.204 213.526 214.555 
209.418 213.504 214.443 217.031 
129.601 130.686 129.478 130.029 
130.551 131.84 130.594 131.396 
133.175 133.177 132.308 132.317 
136.154 137.557 137.141 136.797 
137.78 139.246 139.264 138.373 
142.475 142.844 142.962 142.108 
150.318 147.191 147.623 147.977 
159.885 154.909 157.4 154.663 
167.889 160.54 164.419 161.572 
171.057 163.281 169.283 163.875 
171.082 166.794 170.833 165.686 
170.466 167.854 168.805 164.773 
170.998 168.559 167.205 163.575 
169.625 167.494 165.698 162.383 
167.572 167.323 163.765 162.375 
164.041 168.124 160.686 165.124 
161.266 163.23 158.009 160.582 
161.324 161.529 159.158 159.997 
169.649 165.92 171.926 168.549 
178.01 173.968 182.816 178.534 
180.298 179.727 188.014 185.142 
190.547 189.984 196.875 193.644 
191.394 189.246 198.987 198.305 
198.715 196.687 203.885 201.625 
200.561 200.997 205.096 206.324 
201.834 204.658 206.005 208.172 
203.782 208.652 207.362 209.044 
204.333 208.784 203.213 208.391 
128.05 130.29 129.395 130.877 
129.782 131.76 130.491 131.969 
131.476 133.007 131.707 133.24 
137.055 138.071 137.91 137.802 
138.714 140.268 140.158 139.259 
147.966 147.793 147.816 146.938 
156.913 154.714 154.99 154.073 
165.42 160.178 162.226 160.826 
169.87 162.742 166.511 164.311 
172.283 164.879 169.86 166.66 
175.528 169.507 174.813 169.407 
176.73 172.575 174.986 170.674 
177.575 174.254 172.858 170.116 
173.015 171.391 168.732 166.504 
168.544 171.659 165.336 168.461 
165.576 169.575 162.69 166.742 
164.56 168.158 161.921 165.878 
163.049 163.928 161.419 162.613 
164.346 163.903 165.54 165.507 
175.497 175.013 183.056 180.891 
177.392 178.148 185.608 184.282 
182.471 181.994 191.689 192.204 
187.625 185.967 195.875 196.343 
189.702 189.213 196.607 198.802 
195.098 197.075 198.789 202.47 
196.737 200.185 199.678 203.09 
200.328 204.258 199.344 203.709 
202.14 203.75 196.045 201.845 
123.476 126.832 125.763 127.803 
127.363 130.087 128.594 130.638 
131.686 134.097 130.869 133.721 
137.316 138.896 136.521 137.749 
142.587 143.474 142.519 142.237 
151.982 152.183 150.942 150.789 
158.525 157.438 157.107 156.448 
164.592 161.906 162.739 161.847 
170.866 165.82 168.725 167.394 
175.433 169.966 175.303 171.254 
177.585 172.906 177.862 173.027 
179.69 175.483 178.357 174.297 
179.952 176.764 175.97 174.012 
174.898 174.668 171.234 171.62 
172.346 173.63 169.39 170.294 
167.989 171.611 165.533 168.85 
166.607 168.587 165.894 166.979 
163.399 164.033 163.7 163.816 
162.908 163.046 163.345 163.522 
166.457 166.123 168.706 168.395 
176.686 176.827 183.466 182.054 
181.51 179.571 183.18 182.124 
184.558 183.132 190.391 191.978 
186.381 186.963 188.211 190.438 
190.163 192.605 191.792 196.704 
192.61 196.289 193.816 198.271 
197.302 199.274 193.935 198.138 
200.947 201.868 194.206 199.82 
120.899 124.295 122.943 125.54 
122.02 125.553 122.809 126.255 
127.346 130.866 126.299 129.659 
136.967 139.013 135.236 136.594 
143.98 145.908 142.829 143.265 
152.997 154.423 152.081 152.43 
160.447 160.06 159.553 159.47 
168.047 165.863 167.33 166.73 
172.691 170.027 173.3 171.996 
174.58 172.932 176.917 174.421 
177.549 175.512 179.305 175.885 
179.483 177.442 179.158 177.353 
179.617 178.468 176.475 176.992 
179.008 179.549 174.815 176.059 
174.038 174.817 170.988 172.043 
170.629 172.586 169.824 170.311 
166.842 168.259 167.171 166.827 
164.546 165.701 165.61 164.681 
163.434 163.343 164.802 163.944 
166.812 165.857 168.31 166.739 
177.404 174.616 178.044 176.535 
180.986 178.348 181.064 179.642 
182.526 180.79 182.509 181.81 
184.201 185.287 184.255 186.908 
184.563 189.501 183.941 189.494 
189.397 193.039 188.949 193.386 
191.984 194.614 190.616 192.844 
197.478 198.059 192.512 195.887 
113.419 117.756 116.035 121.203 
117.986 121.322 117.933 122.166 
122.101 126.316 121.162 125.253 
131.513 135.179 129.619 132.649 
143.849 147.425 142.465 144.642 
153.594 156.655 152.91 154.639 
159.896 161.068 159.433 160.887 
167.802 166.796 168.46 168.762 
172.253 171.275 175.369 173.739 
173.216 174.1 177.905 176.05 
175.214 177.001 179.175 177.818 
177.561 179.559 178.903 179.254 
178.437 181.062 175.971 177.602 
178.781 180.244 175.163 176.632 
177.262 179.236 174.479 175.183 
171.824 173.927 172.247 171.452 
169.15 170.359 170.917 169.231 
164.793 166.511 169.696 168.465 
163.845 162.804 167.477 165.116 
164.11 162.787 166.827 164.773 
169.932 168.502 171.865 169.467 
180.106 178.119 180.174 177.988 
180.793 181.429 180.702 179.493 
181.853 186.418 181.267 184.53 
182.676 189.576 180.87 187.323 
184.934 190.69 183.056 187.68 
190.592 192.166 188.208 189.224 
191.12 192.272 188.685 189.418 
111.841 115.941 113.957 119.529 
112.332 116.592 114.137 119.849 
118.082 121.909 116.926 121.606 
129.532 133.987 127.539 131.988 
138.96 143.639 137.475 141.379 
150.024 153.786 147.544 152.275 
158.779 160.641 157.651 160.996 
164.742 165.003 165.803 167.944 
169.882 170.45 174.199 174.585 
171.69 173.044 176.362 177.71 
173.072 176.482 177.749 178.965 
174.445 180.216 176.403 180.114 
175.862 180.82 175.488 179.645 
177.675 180.497 175.221 177.273 
173.405 176.249 173.663 175.299 
170.067 172.971 172.843 172.746 
166.19 168.181 171.69 170.632 
164.865 166.094 171.106 169.691 
163.512 164.272 169.6 168.358 
160.756 159.257 165.216 163.431 
160.116 158.867 164.312 161.967 
164.366 163.127 168.857 164.098 
176.74 177.742 177.13 175.821 
179.734 182.524 178.785 180.924 
181.453 187.46 179.208 184.297 
185.593 187.773 181.564 184.173 
187.933 189.114 183.391 185.531 
182.677 183.652 178.506 186.461 
107.822 112.038 110.186 115.306 
109.111 111.983 108.828 112.788 
110.421 114.496 109.801 114.142 
123.468 128.258 122.312 126.507 
142.492 146.93 139.508 145.155 
148.964 152.802 145.444 151.302 
153.143 155.982 150.113 155.476 
160.648 161.567 160.84 164.824 
168.408 168.82 171.758 175.165 
170.628 171.778 174.2 177.542 
170.928 174.415 174.09 178.484 
172.053 178.731 173.505 179.672 
173.856 178.086 171.716 177.852 
173.606 176.097 172.454 177.089 
170.406 173.969 172.207 174.809 
165.76 171.189 171.07 172.289 
165.945 169.593 170.867 171.69 
163.98 165.937 169.82 169.506 
161.151 161.4 165.405 165.288 
157.887 158.856 161.454 160.81 
157.179 155.991 162.381 158.401 
157.52 155.561 163.295 158.055 
160.449 158.716 165.579 160.725 
168.838 168.092 169.024 169.485 
165.996 163.506 165.085 166.892 
169.202 187.717 167.661 171.623 
112.021 168.143 174.997 175.57 
55.1417 214.993 111.93 135.861 
95.4058 98.0351 96.9002 98.8935 
95.1981 97.8055 95.9297 98.5331 
98.3168 101.897 98.3868 101.867 
105.205 109.56 104.688 108.756 
123.977 130.193 123.258 128.003 
143.376 148.117 139.733 146.803 
151.301 154.144 149.741 155.208 
154.438 155.36 154.839 159.482 
159.077 159.868 161.239 165.565 
166.276 167.697 168.499 173.201 
160.198 165.519 160.747 166.446 
170.193 175.427 168.116 175.113 
172.042 175.356 168.948 175.521 
170.501 173.122 167.787 173.287 
164.911 170.168 168.626 171.136 
162.861 169.345 169.151 171.023 
162.17 167.752 168.132 170.163 
161.128 164.359 165.696 167.569 
157.781 159.894 161.277 161.737 
156.726 158.799 159.69 159.515 
155.962 157.546 159.21 158.302 
155.651 154.266 161.37 156.35 
155.15 153.001 159.96 156.255 
156.608 152.414 158.538 157.88 
158.681 153.442 158.076 158.534 
170.883 161.538 153.787 146.656 
65.813 106.694 243.763 198.532 
158.409 34.9345 34.9494 45.1106 
89.3867 91.1847 91.2084 92.5581 
89.0354 90.833 90.3271 91.9375 
90.1546 92.5551 90.511 93.0045 
91.9279 95.6749 91.757 95.135 
105.198 113.417 103.079 112.5 
112.548 124.332 110.347 123.525 
127.867 136.175 125.891 136.45 
142.349 145.978 143.14 148.797 
143.867 146.995 145.627 150.12 
152.983 157.73 153.484 159.072 
156.035 161.401 155.358 161.466 
157.745 163.679 156.744 163.096 
167.302 170.765 163.999 170.196 
163.234 166.511 162.157 166.432 
160.118 164.1 160.957 165.101 
159.37 165.967 165.089 167.919 
156.343 161.576 160.864 165.195 
155.756 159.146 161.28 163.137 
155.064 158.109 159.271 160.84 
155.278 158.017 158.465 158.689 
153.356 155.785 155.541 155.957 
152.2 152.584 155.595 152.365 
152.239 150.641 156.433 153.229 
151.859 148.127 154.204 151.746 
155.006 149.428 155.584 154.977 
107.888 103.264 137.671 159.102 
234.347 144.371 205.971 79.7053 
147.141 153.892 187.978 121.644 
86.4129 87.3997 88.1409 88.9256 
85.9763 87.1779 87.0614 88.3497 
85.2133 86.6349 85.3792 87.1257 
85.9917 88.2984 85.7447 88.0788 
84.5023 90.3804 84.5812 89.7438 
95.8727 109.025 94.3978 108.695 
101.389 113.82 104.404 114.11 
129.315 134.65 131.168 136.138 
132.801 137.628 134.862 139.382 
137.862 142.145 139.143 143.714 
149.943 154.83 150.008 155.585 
149.969 154.386 147.997 153.558 
145.876 148.995 144.969 148.906 
149.721 151.524 149.773 152.56 
147.581 151.761 150.315 154.266 
149.738 155.109 153.956 159.182 
148.986 153.718 154.714 157.858 
149.909 152.166 155.658 156.3 
148.772 150.346 153.766 154.169 
151.15 153.153 154.105 155.068 
151.515 152.827 154.267 152.23 
151.226 151.873 154.072 151.089 
150.886 150.328 153.795 149.629 
149.785 146.2 151.882 148.489 
147.944 145.103 149.549 144.934 
152.447 141.76 150.517 138.464 
159.66 152.403 190.543 139.869 
179.44 153.244 187.024 152.986 
84.5383 85.2685 85.7815 86.5176 
83.6807 84.7446 84.3561 85.3031 
83.0203 84.3153 82.9713 84.4704 
81.7651 83.3777 81.3235 83.1379 
79.1255 82.1038 78.774 81.9054 
79.9714 90.6435 81.9761 90.4388 
83.9894 99.0552 87.7208 98.8427 
98.2613 109.592 101.939 110.241 
123.195 127.482 125.28 129.221 
123.601 127.095 125.768 129.466 
127.536 129.171 128.549 131.548 
127.889 129.45 129.316 131.469 
127.817 127.403 129.136 130.018 
129.764 128.962 131.209 131.995 
133.127 133.822 135.802 137.23 
141.708 145.257 146.286 148.862 
143.145 144.27 147.796 147.704 
145.345 145.214 150.079 148.144 
146.453 146.639 150.898 150.421 
147.287 148.075 151.123 151.477 
149.088 149.94 150.684 152.367 
150.461 150.717 153.049 149.568 
149.482 148.759 151.13 148.183 
148.804 147.357 150.34 146.341 
147.523 145.155 148.465 143.734 
147.748 144.72 147.328 142.016 
146.762 137.087 163.217 169.642 
172.205 176.726 176.012 155.33 
82.4965 82.8006 83.3755 83.7332 
82.0512 82.9992 82.7111 83.5236 
80.9991 82.3065 81.1273 82.2853 
79.3742 80.6641 79.0241 80.3547 
77.0642 78.9271 76.7207 78.5663 
75.1279 78.9749 74.963 78.7384 
77.98 87.6351 79.9362 87.3337 
78.1833 84.0561 79.4837 84.6215 
86.6303 88.8646 87.3166 91.2969 
100.881 102.587 103.285 105.29 
108.092 108.949 110.814 111.999 
117.282 117.689 119.877 120.501 
121.374 120.649 123.872 124.016 
125.671 123.841 127.374 127.768 
127.158 126.513 129.881 129.657 
134.469 134.123 137.914 137.085 
142.454 139.919 145.505 141.534 
144.014 140.876 146.817 142.696 
144.891 143.797 148.778 147.116 
147.348 146.676 149.18 150.891 
147.805 148.222 148.496 151.275 
147.841 149.026 148.893 150.592 
149.095 148.61 149.991 147.833 
147.957 147.167 148.567 146.191 
147.672 146.84 148.189 143.766 
158.392 145.782 133.482 131.393 
210.497 85.5409 49.4579 147.903 
200.637 166.386 113.584 113.992 
80.6684 80.3293 81.4062 81.4562 
80.4096 80.7929 81.3406 81.579 
78.7631 79.2878 79.6734 80.035 
77.4356 77.9946 77.6199 78.158 
75.8941 76.5613 75.7973 76.6076 
74.3304 75.5638 74.2567 75.6395 
73.141 75.5306 73.1439 75.5974 
74.6939 76.7494 74.1688 77.4238 
76.813 78.5419 76.6712 79.9861 
83.1077 84.353 84.1854 86.4584 
93.1072 93.3375 95.7124 96.0141 
107.08 106.701 109.456 109.051 
118.291 117.181 120.54 119.759 
122.071 120.073 124.639 123.656 
126.15 124.704 129.636 127.802 
132.722 131.434 136.548 134.896 
137.599 135.355 140.612 139.502 
142.422 139.439 144.927 142.342 
142.838 140.903 145.167 144.965 
144.301 144.141 146.456 147.848 
146.5 146.968 147.428 149.897 
146.447 147.731 146.834 148.202 
147.768 148.5 147.345 147.564 
149.68 149.558 148.369 146.827 
150.501 149.974 148.383 145.583 
156.665 132.276 131.558 130.57 
32.4447 200.647 144.586 23.3157 
165.095 29.7057 28.6251 157.136 
79.4293 78.4672 79.9943 79.2564 
78.0851 77.3894 79.3774 77.9579 
77.4579 76.173 79.2094 76.6245 
79.0135 72.137 80.1954 72.9012 
79.4499 66.4435 76.7536 67.0242 
73.2436 73.4991 73.0421 73.6866 
72.2958 72.6139 72.0252 72.7404 
71.9254 73.3627 72.0302 73.6327 
74.2217 75.6896 74.4632 77.1072 
76.9736 78.0428 79.1442 80.0587 
82.9523 82.4039 85.7551 84.7694 
93.7852 90.2056 95.6131 92.1383 
115.387 112.008 116.867 113.631 
121.043 118.427 124.443 121.224 
124.73 123.002 129.034 126.037 
128.869 128.086 134.56 131.974 
135.526 133.902 139.103 139.801 
138.676 137.342 141.272 143.076 
140.827 139.628 142.328 143.94 
143.277 143.631 144.456 145.291 
145.486 146.253 146.158 147.011 
146.251 146.989 146.396 147.214 
147.696 148.068 147.009 147.579 
150.08 149.863 148.165 147.633 
151.234 151.04 148.424 148.984 
146.034 159.329 155.885 137.784 
210.528 106.243 170.171 80.1581 
104.905 190.519 118.728 108.072 
78.2977 76.8026 78.6449 77.1019 
78.4602 75.8719 78.6867 75.5466 
79.8273 71.9066 80.9083 72.0054 
84.9493 61.0812 81.4299 61.6624 
85.0736 59.2302 81.0895 60.408 
77.2 66.1 74.5965 66.4746 
71.5185 71.9685 71.4628 72.1712 
71.2105 72.2087 71.5926 72.6468 
71.6657 73.1852 73.0304 74.5285 
76.2335 76.1658 79.1001 78.5753 
80.2062 78.0833 83.5149 80.795 
85.6682 81.7459 88.0561 83.1466 
114.82 109.78 117.236 111.619 
121.282 118.352 124.382 120.38 
123.239 121.584 128.003 123.882 
127.487 127.238 133.88 130.578 
131.881 132.065 138.074 136.66 
137.744 137.631 141.29 143.301 
140.098 140.604 142.374 144.144 
143.052 143.695 143.734 144.508 
144.308 144.637 144.723 145.132 
146.291 146.51 145.806 146.772 
148.542 147.632 146.181 147.354 
151.056 150.773 148.167 149.339 
151.346 151.565 148.285 149.6 
149.24 154.112 150.844 151.862 
244.983 160.374 239.801 10.6879 
236.13 159.366 188.251 204.758 
