988000
123.952 124.198 122.812 122.097 
124.238 123.67 123.207 121.724 
123.032 121.752 122.3 120.092 
120.199 118.583 119.91 116.933 
118.787 116.569 118.489 115.212 
117.833 114.515 116.706 113.181 
115.624 113.004 115.506 112.554 
114.045 111.489 114.671 111.865 
110.898 108.531 112.621 109.99 
107.763 105.637 110.217 108.202 
105.631 104.038 108.089 106.85 
103.531 103.815 105.769 106.162 
103.862 105.738 105.43 107.541 
108.104 108.891 109.093 109.679 
111.178 110.697 112.165 112.056 
111.892 112.197 113.492 113.73 
114.969 115.01 116.184 116.883 
125.442 129.653 126.68 131.071 
132.03 138.695 132.971 139.583 
134.556 141.453 135.515 142.308 
138.175 142.403 140.114 145.269 
141.994 146.442 143.297 147.295 
143.624 147.788 143.967 147.027 
143.963 147.351 143.045 145.675 
143.1 145.138 141.577 144.237 
143.207 142.116 141.544 143.429 
140.731 140.808 142.483 142.488 
139.982 139.094 143.015 140.938 
140.674 137.618 143.857 141.484 
122.282 123.361 121.011 121.773 
122.802 122.205 121.766 120.966 
122.018 120.602 120.96 119.665 
120.889 118.986 119.551 117.795 
119.721 116.247 117.387 114.31 
118.386 113.682 115.277 111.511 
113.944 111.17 112.921 110.097 
112.478 109.73 112.682 109.877 
110.211 107.762 111.442 108.657 
107.862 105.578 109.777 107.274 
104.289 102.845 106.589 105.08 
102.957 102.554 105.105 104.631 
103.643 104.356 105.143 106.097 
105.329 107.09 107.386 106.834 
110.87 111.47 112.25 112.528 
112.38 112.977 113.984 114.48 
115.274 116.507 116.864 117.94 
125.615 128.282 126.751 129.897 
132.262 136.289 133.605 137.514 
136.361 139.295 138.589 142.394 
138.812 139.535 141.096 144.188 
140.054 142.07 142.671 145.788 
143.039 145.876 143.994 146.592 
144.343 145.645 142.81 145.549 
144.234 142.889 141.684 143.975 
143.674 142.108 141.823 143.485 
142.803 141.305 141.93 142.45 
141.013 140.794 143.039 140.865 
142.626 141.758 144.566 142.147 
120.639 122.297 119.558 120.943 
120.249 122.024 118.903 119.056 
120.49 119.331 119.174 118.567 
119.428 117.917 117.758 117.127 
118.559 116.706 116.31 115.297 
114.235 111.718 111.914 109.939 
111.512 109.387 110.148 108.135 
109.888 107.23 108.505 106.841 
108.633 106.084 109.114 106.314 
105.413 103.247 106.868 103.863 
102.003 100.946 104.392 102.814 
102.023 101.746 104.083 103.51 
103.657 105.464 105.87 105.352 
104.66 106.417 106.756 106.098 
105.972 107.625 108.095 107.286 
112.812 113.691 114.585 115.041 
120.028 121.411 121.747 122.717 
125.387 127.764 127.75 128.998 
131.913 133.735 133.364 134.946 
137.403 137.351 138.262 140.523 
138.771 138.538 140.153 143.034 
140.317 140.195 140.556 143.533 
144.91 145.764 145.058 146.634 
145.838 145.675 145.543 146.821 
145.961 145.612 146.48 147.082 
145.25 143.492 144.15 145.088 
148.372 148.942 149.719 148.982 
148.339 148.851 149.822 148.214 
154.014 155.744 155.385 154.917 
118.38 121.327 117.244 118.811 
118.924 121.406 117.699 118.179 
118.422 119.917 117.187 117.185 
117.805 116.96 116.27 115.979 
114.944 114.854 112.932 112.509 
111.642 110.495 109.662 108.539 
106.821 104.897 105.718 104.179 
107.975 105.397 106.366 105.012 
106.524 103.755 105.754 103.565 
101.67 99.5709 103.112 100.247 
99.9576 98.9375 102.47 100.639 
100.046 100.029 102.37 102.201 
102.459 102.652 103.428 103.661 
104.248 105.887 106.346 105.472 
107.978 107.878 109.031 108.73 
114.309 114.893 116.479 115.638 
120.824 122.78 123.551 123.585 
128.489 129.095 128.814 127.768 
130.531 131.931 131.485 132.212 
133.652 134.978 134.239 135.654 
138.095 139.284 138.752 139.455 
143.519 144.471 142.928 144.802 
146.967 147.564 146.382 147.883 
148.334 148.881 148.354 149.357 
155.814 156.431 155.344 156.212 
158.612 160.059 158.94 159.74 
169 173.779 169.512 171.858 
164.998 169.267 166.434 168.705 
166.273 172.413 168.095 171.626 
116.195 118.712 115.488 118.923 
116.951 119.75 116.013 117.396 
115.5 116.038 114.562 115.466 
114.233 114.576 113.012 113.264 
110.971 112.252 110.204 108.123 
106.973 106.489 105.908 104.611 
103.939 102.381 103.197 101.403 
104.075 101.803 103.203 101.295 
100.743 98.4381 100.891 98.2195 
98.4585 96.2392 99.7049 96.7646 
96.9977 95.3299 99.3437 97.437 
97.363 96.6301 99.8666 99.171 
99.9175 99.469 101.152 101.072 
102.657 102.075 103.299 102.968 
106.451 106.425 107.51 107.152 
113.381 113.987 115.284 114.657 
125.009 125.213 125.282 123.568 
128.581 128.604 128.474 126.711 
130.27 130.354 129.917 128.633 
135.923 137.341 136.665 136.077 
137.868 139.57 138.493 138.323 
141.803 143.222 141.849 142.1 
150.442 150.954 149.208 150.295 
170.554 171.632 166.868 168.219 
173.744 175.604 170.273 172.468 
177.514 181.515 175.544 178.349 
177.197 182.543 176.661 180.223 
178.001 184.16 178.869 184.001 
176.918 184.459 178.84 184.623 
114.61 117.324 114.267 117.575 
113.223 116.013 113.184 115.288 
111.567 113.401 111.377 112.81 
110.759 111.894 110.417 109.085 
109.71 111.003 109.207 107.363 
105.13 106.266 104.756 102.984 
101.383 100.126 100.667 99.1149 
99.0971 97.5645 98.3403 96.4908 
96.6268 94.7605 96.4373 94.3535 
95.1917 93.3733 95.6809 93.6079 
93.7028 92.0122 95.0583 92.8562 
94.6298 93.3383 96.629 95.6091 
97.4721 96.6668 98.5323 98.0237 
99.3681 98.6102 99.9059 99.5842 
102.124 102.504 102.785 102.837 
114.398 115.523 115.857 115.608 
118.74 119.903 120.063 119.789 
126.464 126.661 126.413 124.776 
132.01 132.292 131.636 130.945 
135.203 135.625 134.777 134.352 
138.358 139.97 138.88 138.095 
154.903 155.45 152.799 151.902 
174.572 175.268 170.633 170.979 
179.898 181.142 175.325 176.542 
185.993 187.061 180.699 182.895 
192.669 195.245 187.96 191.44 
188.513 193.177 185.831 190.662 
190.156 195.53 189.737 196.401 
192.194 199.443 192.893 200.269 
111.412 114.678 111.447 114.282 
110.46 113.051 110.538 112.245 
109.77 111.545 109.228 110.765 
109.005 110.427 108.4 109.705 
105.618 107.04 105.248 104.003 
99.4941 100.383 98.7342 99.3665 
98.4011 98.4201 97.5963 97.4867 
95.9399 95.0911 95.3582 93.7091 
94.174 93.0988 93.4776 92.3159 
93.0463 91.5149 93.2257 91.146 
92.3983 90.732 93.2186 90.9391 
92.2151 90.9002 93.5067 91.7289 
95.0525 94.0929 95.9572 95.2432 
98.2423 98.163 98.5958 98.7462 
99.89 100.302 100.321 100.713 
103.795 104.165 103.68 105.198 
117.491 118.57 118.528 118.604 
124.346 125.242 124.435 124.412 
131.286 131.688 130.624 129.993 
142.595 142.668 141.341 140.257 
160.931 160.096 159.488 156.696 
179.496 178.527 176.357 174.047 
183.749 183.259 180.122 178.154 
188.086 188.52 183.926 184.223 
199.591 199.577 193.27 196.658 
202.318 202.849 195.29 199.624 
203.439 205.489 196.462 201.324 
206.123 209.905 200.455 206.031 
207.987 215.479 205.833 211.706 
107.693 109.527 107.264 109.011 
106.737 107.556 105.801 106.241 
108.149 110.104 107.383 108.698 
106.066 107.76 104.672 106.003 
101.263 102.826 100.284 101.547 
97.7346 99.0197 96.9641 98.2606 
94.8346 95.4331 94.0712 94.8737 
93.27 92.8752 92.5023 92.1909 
91.7871 91.2405 90.9772 90.726 
91.5088 90.5257 90.7214 89.9177 
90.9527 89.3921 91.4667 89.367 
90.7898 88.6871 91.6661 89.9056 
92.3431 89.1681 91.8262 91.0607 
95.1711 94.4792 95.5266 95.3476 
99.3548 99.521 99.085 100.725 
101.871 101.63 100.952 104.144 
108.077 108.19 107.28 109.954 
124.525 125.452 123.826 124.466 
140.423 140.474 139.142 138.507 
164.372 162.542 163.11 160.252 
179.479 176.274 177.64 174.014 
186.794 183.766 184.009 181.355 
195.465 193.649 192.093 189.998 
203.283 202.026 201.002 198.453 
205.787 204.94 201.496 201.223 
211.132 211.243 206.098 207.215 
213.686 214.17 206.07 208.651 
222.424 223.124 214.024 216.554 
224.477 230.101 218.38 222.061 
104.79 103.965 103.98 103.424 
104.556 103.601 103.274 102.581 
104.477 104.06 102.529 102.455 
102.388 104.005 100.983 102.444 
97.11 98.6218 96.1206 97.7603 
94.3821 95.9042 93.6631 95.3451 
91.9399 93.0536 91.2673 93.0355 
90.299 90.7258 89.8449 90.6373 
89.8766 89.6298 89.2007 89.3031 
87.7341 87.6676 86.9601 86.4988 
88.2666 86.5201 88.2306 86.5427 
89.5613 85.9453 89.0837 87.6835 
90.3281 86.8788 89.8945 88.7515 
91.9819 89.4385 91.6034 91.1602 
93.5841 94.1825 94.6031 95.1964 
99.2916 99.6373 98.8102 101.505 
104.968 106.67 104.972 106.817 
126.582 127.681 126.034 127.085 
160.504 159.612 160.656 158.89 
175.188 172.133 174.738 171.042 
185.871 181.167 184.543 180.625 
194.29 189.344 191.341 188.35 
202.656 199.708 200.272 197.142 
206.747 205.027 204.666 201.677 
213.594 212.154 211.248 209.172 
222.009 221.425 217.839 217.773 
228.372 227.033 222.204 223.143 
233.251 234.593 225.26 228.101 
234.282 239.26 227.631 232.335 
103.919 101.597 102.281 101.322 
103.814 101.774 102.006 100.879 
102.621 100.272 99.3707 99.0521 
99.4989 99.1836 94.4821 94.5708 
93.1907 97.0461 88.3648 93.2986 
91.8498 93.4398 90.7634 92.5337 
89.7043 91.1345 89.1369 90.843 
80.4332 78.5048 81.4069 80.1298 
86.8353 87.37 86.1418 86.296 
85.9587 86.3904 85.1176 85.0291 
85.5268 85.5531 85.0836 84.6149 
85.4882 83.8588 85.6391 84.3538 
87.9322 84.9912 87.435 86.1901 
88.1333 87.7352 89.1912 88.5654 
90.497 91.4429 91.8795 92.6182 
94.7368 96.4244 95.8166 97.2354 
104.387 106.045 104.765 106.172 
152.567 149.845 153.364 153.587 
167.351 165.595 168.195 166.132 
180.239 176.413 179.867 177.294 
189.929 183.942 188.721 184.88 
197.884 191.066 195.259 192.048 
211.517 208.093 211.814 208.033 
214.8 211.846 213.304 210.005 
226.782 223.849 223.794 221.431 
230.009 228.33 226.469 225.824 
236.251 234.842 231.379 231.838 
243.011 240.386 236.09 239.898 
240.049 244.362 232.714 238.909 
101.846 98.8293 101.336 98.7422 
101.576 98.7672 99.375 97.8525 
98.8158 97.0433 93.0849 91.9126 
94.1784 97.0702 86.1424 89.8185 
91.7484 95.1994 84.328 88.8622 
86.2226 89.4097 81.649 85.9721 
79.0399 77.1799 79.9561 78.7242 
74.0332 71.0362 75.7863 73.51 
76.225 74.1217 77.2201 75.7271 
83.4829 84.3281 82.772 83.1255 
82.4759 83.4009 82.1315 82.7924 
82.7875 82.4947 82.5845 81.9749 
83.3925 82.6801 83.5176 82.2575 
85.2016 85.0325 85.9364 85.5761 
87.5663 88.4809 89.19 90.1558 
91.5165 93.203 93.0961 94.609 
132.264 130.52 133.106 134.667 
157.16 154.112 158.241 158.893 
168.091 163.818 168.838 168.341 
182.212 178.019 182.195 179.757 
187.964 183.385 187.698 184.573 
209.61 205.58 210.435 206.19 
215.909 212.306 216.995 212.619 
219.726 216.444 220.693 216.275 
229.903 225.914 227.807 224.076 
233.792 231.09 230.938 228.219 
244.325 240.782 238.392 240.515 
246.913 244.283 239.877 244.607 
251.877 251.719 243.936 249.662 
96.6566 93.385 97.0265 92.73 
95.0469 92.4714 94.7644 91.4083 
90.509 88.8882 88.995 86.8436 
81.389 79.871 77.3515 76.0797 
82.7152 84.9952 78.1974 81.502 
77.5086 76.7456 76.7357 76.1404 
70.7697 69.1246 72.082 70.859 
71.6741 68.385 73.6583 71.1961 
70.3424 68.9036 71.5424 70.3772 
75.6001 76.2969 75.034 75.8806 
78.1092 78.9413 77.7826 78.529 
79.539 79.6657 79.5647 79.2323 
81.2498 80.6433 81.4702 80.4381 
82.3897 82.0768 83.2228 82.8606 
86.0007 86.8226 87.4315 88.4244 
96.8755 98.6813 98.6822 100.644 
139.429 141.972 142.346 145.842 
163.801 161.513 166.568 168.255 
176.548 175.641 182.899 181.274 
184.748 180.803 186.398 183.554 
194.634 189.564 196.814 191.259 
203.275 197.118 203.829 197.401 
217.017 213.218 218.556 213.017 
228.678 222.704 228.801 222.067 
235.057 229.555 233.228 227.024 
243.828 239.944 241.131 235.788 
249.009 248.009 244.649 242.402 
253.12 252.49 245.877 249.954 
254.258 255.266 247.358 252.449 
71.6496 70.4091 73.2214 70.5667 
80.8066 78.7063 80.5816 78.2963 
75.4503 73.5412 74.2943 72.7357 
69.4147 67.335 68.2062 66.4386 
66.3884 63.9961 65.4382 63.4625 
69.0587 67.9557 69.2228 68.2203 
59.7122 60.2392 61.3013 61.5771 
66.1653 64.6581 67.9762 66.9382 
64.4855 64.7626 64.6123 65.2953 
69.9748 70.5169 69.5062 70.2553 
72.1343 72.8235 71.8911 72.6728 
74.8108 75.3575 75.2117 75.8153 
78.2999 78.1637 78.9284 78.6753 
80.2932 80.5215 81.2668 81.6696 
86.7857 87.6871 87.9058 89.0919 
121.129 123.714 123.298 126.716 
161.295 162.849 164.898 168.328 
172.755 173.468 179.528 179.858 
177.45 177.082 185.172 183.724 
184.411 182.049 190.806 187.185 
196.507 191.418 199.553 193.436 
206.043 198.19 207.519 199.253 
220.548 213.662 220.537 211.894 
235.181 227.913 235.038 226.683 
242.201 235.107 241.562 233.04 
247.88 242.482 246.253 238.445 
253.109 252.074 252.573 246.568 
254.843 254.701 252.442 252.452 
255.608 255.828 251.639 253.975 
58.6611 58.2516 60.2682 58.7282 
57.7545 57.0082 59.1763 57.5215 
58.3123 55.6721 58.4826 55.5336 
55.5592 52.0599 54.7774 51.5432 
50.708 45.5672 50.4604 45.6332 
55.4159 55.4234 56.1897 55.7663 
55.9429 56.7377 57.0136 57.5172 
57.3531 58.3556 58.1774 58.9634 
60.8516 61.6856 60.3912 61.6238 
64.4059 65.3235 64.01 65.1765 
68.0418 69.5212 68.653 70.0093 
71.0434 72.2399 71.6244 72.8785 
74.0818 75.1272 74.8264 75.9484 
77.9647 79.0459 78.2512 80.2121 
82.4868 84.0253 83.4141 84.935 
104.941 107.77 106.364 109.321 
156.335 159.4 158.767 163.592 
172.347 173.639 176.204 179.262 
178.398 178.995 185.218 184.696 
191.91 189.983 195.504 193.267 
200.962 196.178 203.608 197.794 
211.71 206.21 213.154 206.211 
220.888 214.904 222.695 215.009 
231.839 225.427 233.958 226.385 
243.269 234.476 246.111 239.667 
251.662 249.259 253.28 245.86 
253.839 252.656 254.67 248.835 
255.898 255.891 255.909 255.81 
255.934 255.932 255.803 255.924 
51.8334 51.6474 53.3821 52.1936 
46.4859 44.8943 47.0537 45.2613 
20.1079 13.2898 19.9479 11.9803 
21.429 15.4697 21.1179 15.3647 
17.5004 13.7963 17.4093 13.8381 
45.5517 42.553 45.3027 42.7199 
52.1679 52.7991 53.0605 53.4786 
54.2665 54.4321 54.0781 54.5472 
54.0317 55.0056 53.4169 54.8675 
63.3045 64.8591 63.8491 64.9988 
66.5351 68.1769 67.344 68.511 
68.7129 70.3874 69.6614 70.9049 
73.9972 75.2621 73.9735 75.9565 
76.7192 78.2985 76.7253 79.1913 
80.4812 82.1376 80.5381 83.1417 
105.238 107.974 105.827 109.214 
162.568 165.16 162.663 168.353 
176.246 177.649 177.169 181.847 
183.911 185.17 184.833 189.539 
193.187 193.284 194.518 195.439 
201.838 200.947 202.22 201.815 
212.004 207.712 213.386 208.803 
222.49 217.061 225.391 219.467 
238.692 229.277 242.871 237.616 
243.709 235.118 248.691 243.09 
246.734 239.503 251.475 247.093 
255.811 255.581 255.903 255.732 
255.932 255.9 255.933 255.917 
255.933 255.933 255.931 255.932 
39.0892 39.412 39.8245 39.8145 
19.5932 13.8472 19.5119 12.7723 
13.4034 7.05887 13.1915 5.78187 
2.74463 1.03225 2.48412 0.505182 
5.61044 3.97024 5.62744 4.2916 
14.5775 13.4342 14.8955 13.9555 
37.2482 37.068 38.7425 38.2904 
47.2542 47.9659 47.3057 48.4257 
49.6857 50.8889 48.9608 50.786 
53.7289 54.7844 53.1469 54.6794 
64.6532 65.2838 65.1857 65.4493 
69.7221 70.1874 69.9979 70.1296 
73.6653 74.3648 74.1616 74.5485 
76.9217 78.0247 77.2745 78.9632 
85.3579 86.9591 86.1843 87.9644 
115.783 118.698 115.467 119.187 
162.671 166.074 161.029 167.157 
180.007 181.849 177.945 184.611 
186.916 188.964 184.957 191.266 
194.581 196.929 193.344 197.714 
200.091 202.057 199.321 202.494 
209.062 208.039 209.465 209.78 
224.189 217.848 227.767 224.863 
232.873 225.566 238.919 235.412 
241.973 235.268 248.364 245.387 
248.073 245.566 254.043 253.149 
250.669 248.485 255.108 255.016 
255.838 255.668 255.928 255.903 
255.721 255.906 255.886 255.9 
29.8481 30.3375 30.6844 31.0245 
16.3852 16.8411 17.7491 17.6982 
2.77075 1.22658 2.58583 0.799731 
0.080615 0.0708299 0.0950435 0.0787534 
0.373016 0.350736 0.371663 0.350621 
10.5455 10.5154 11.3085 11.554 
28.123 28.1553 29.857 29.5837 
36.0384 36.0808 37.3671 37.0172 
47.2881 48.3111 46.7619 48.3312 
56.0177 55.8219 56.9561 55.1833 
63.5536 63.0135 63.6623 63.0181 
67.507 66.7497 67.7685 66.7823 
73.3134 72.7183 74.3051 73.1466 
79.0681 79.2909 80.4112 79.944 
93.7671 95.0345 94.4237 95.7095 
129.221 131.939 127.879 131.557 
166.844 170.792 164.392 169.978 
179.08 180.874 177.268 181.402 
184.256 189.709 182.418 188.255 
192.449 194.98 192.331 194.459 
198.056 200.258 198.082 200.426 
206.898 206.737 207.939 208.362 
218.232 215.669 222.081 220.824 
228.738 225.553 235.825 234.851 
234.658 235.147 241.142 242.495 
239.126 241.411 244.915 245.265 
248.235 247.406 252.776 253.041 
249.639 252.526 253.12 254.392 
251.717 255.231 254.405 255.476 
20.331 20.848 21.6963 21.6248 
9.226 10.3378 11.8146 11.4288 
4.72419 5.80397 6.99022 6.54102 
0.67474 0.675823 0.781599 0.725399 
3.7419 3.66418 4.05691 4.2306 
12.9874 13.493 13.7873 14.8064 
26.3827 26.2634 27.9796 27.7609 
35.5055 34.2069 35.8215 34.8155 
46.8787 45.9524 47.9727 45.6448 
55.7041 54.4193 57.0885 53.6898 
62.0004 61.0238 62.9552 60.5659 
71.2786 70.5829 71.7824 70.2056 
75.8249 74.7633 76.483 75.0517 
84.0597 83.7428 84.689 83.7604 
111.14 112.012 109.663 110.359 
153.265 157.271 150.357 154.726 
164.557 168.975 161.663 166.703 
175.868 182.868 173.466 180.156 
182.408 188.991 181.188 186.418 
186.574 191.739 186.152 189.856 
194.423 196.508 196.135 198.126 
204.027 203.597 206.472 208.369 
215.486 213.041 219.147 220.211 
227.298 226.688 232.03 234.551 
233.242 235.055 237.754 239.827 
235.825 237.956 239.137 240.654 
239.702 243.726 242.514 244.01 
243.811 249.604 246.812 250.653 
243.623 254.606 246.299 249.092 
27.343 27.3004 27.7662 27.6384 
18.8121 18.6596 20.3108 19.7588 
3.9638 4.4921 5.11744 4.89418 
2.51694 2.73704 2.74073 2.84495 
5.10719 5.47473 5.34284 5.61968 
19.2598 19.9289 19.9287 21.16 
32.4006 32.1124 32.7586 32.832 
37.7059 36.0785 37.6969 36.4826 
42.1423 40.0945 41.9697 40.0849 
55.413 50.2398 57.3701 51.5528 
69.2947 68.5981 69.41 68.0005 
72.9781 72.2621 73.1898 71.6348 
76.0883 75.4799 76.4227 74.8157 
101.643 101.341 100.08 99.465 
126.666 126.657 123.228 123.604 
143.044 143.942 138.579 140.058 
166.563 170.62 163.091 168.434 
173.236 175.646 169.806 174.508 
179.098 184.96 177.174 182.683 
184.563 186.555 185.696 187.094 
191.565 193.568 194.807 196.566 
201.576 201.484 205.787 207.951 
210.836 208.588 215.914 216.777 
219.066 217.849 224.552 224.902 
228.357 229.035 232.901 234.308 
233.143 236.505 236.098 235.952 
233.641 238.355 235.157 236.585 
238.857 249.881 240.248 244.548 
239.652 251.42 241.301 246.183 
29.7965 28.696 29.6966 29.2212 
24.9179 23.8102 26.0038 24.772 
19.2884 18.8761 20.3393 19.6578 
5.37886 8.81492 5.59544 8.83346 
21.4239 24.4869 21.6458 24.1842 
32.8777 34.5149 33.7298 35.7122 
37.5345 38.0999 38.055 38.8531 
41.1949 40.1939 41.2337 40.7343 
50.8869 47.3053 52.6438 47.9149 
57.0135 48.0277 57.9688 49.9646 
64.6194 57.3465 65.5622 58.6627 
76.4337 75.4648 76.2672 74.3694 
92.1072 90.7422 90.418 88.6382 
119.829 119.239 116.296 115.895 
135.09 134.713 130.3 130.993 
155.639 155.563 148.128 148.465 
169.605 170.676 165.73 167.029 
173.025 174.505 169.428 172.798 
176.278 176.966 174.798 175.408 
182.233 182.64 182.285 182.637 
187.306 188.336 189.542 190.724 
197.573 197.447 201.833 202.777 
205.935 204.106 210.868 210.256 
213.243 213.749 219.899 218.372 
218.917 221.246 223.794 223.303 
224.173 228.273 226.943 226.873 
225.919 232.266 227.293 229.372 
228.959 236.17 229.945 234.863 
235.209 245.528 236.268 242.299 
41.8904 39.878 38.9284 39.1485 
31.4948 30.2599 31.2773 30.7899 
19.232 42.6064 19.305 42.5709 
5.03559 91.6375 5.07688 91.509 
29.2984 43.7143 30.2002 44.7068 
39.5407 41.4826 40.5217 43.0018 
42.7608 43.3009 43.8364 45.2353 
48.9803 48.0251 50.0451 48.4843 
52.1815 49.1074 52.9605 49.2411 
61.1786 51.5634 61.9702 52.4526 
85.6135 61.0216 80.1702 60.806 
98.0569 91.7748 96.9508 90.6106 
110.028 108.488 106.885 105.586 
126.008 125.049 121.851 121.206 
148.31 147.442 140.453 139.843 
159.716 159.237 151.328 150.841 
166.23 165.895 160.053 159.894 
171.694 170.431 168.086 168.372 
176.414 174.824 173.886 173.521 
180.205 179.614 179.642 179.904 
183.468 183.62 184.406 184.967 
193.484 193.047 197.002 197.157 
201.673 200.104 207.745 204.194 
207.698 209.855 214.371 212.437 
212.363 215.877 217.566 217.309 
216.227 219.921 217.587 219.686 
220.787 226.779 221.525 224.63 
223.548 228.066 224.19 231.657 
227.078 230.719 227.84 237.81 
47.3226 46.712 44.2969 45.828 
51.3374 54.92 52.176 54.9945 
66.1319 101.474 65.0426 101.677 
15.1456 103.715 15.6411 103.614 
46.0955 74.4431 46.9989 74.6126 
46.6034 48.3631 48.0653 50.2249 
50.9453 51.2746 52.2231 52.7728 
54.2065 53.4842 55.2061 55.0177 
63.3237 57.4066 64.7224 57.8348 
86.8218 62.2319 83.1883 62.9223 
99.7468 82.7714 98.5968 82.2864 
112.037 106.897 110.317 104.733 
124.56 123.534 122.392 120.897 
137.464 136.615 133.494 132.819 
151.776 149.746 147.091 146.9 
160.86 159.617 153.88 153.356 
166.726 163.267 161.905 161.663 
169.822 165.703 166.002 165.68 
171.811 168.611 169.192 168.829 
175.103 174.454 174.415 174.862 
177.166 178.571 179.376 180.046 
188.476 187.448 193.094 190.617 
195.71 193.35 201.432 197.728 
193.902 192.961 202.294 202.086 
207.343 210.421 210.696 211.774 
210.596 214.602 211.341 214.501 
214.273 219.076 214.35 219.299 
213.702 218.267 213.461 219.981 
221.271 225.369 222.587 232.608 
79.1062 87.7256 81.1023 87.4645 
80.3223 92.7806 83.5998 92.3377 
84.3705 99.9464 88.0333 99.4504 
69.536 112.535 69.0606 112.491 
70.659 79.0185 72.7414 81.2814 
61.1766 63.113 63.2496 65.1369 
63.5313 63.4381 65.944 65.7792 
79.6836 77.9576 82.7057 80.6957 
89.087 84.1432 94.2126 88.4923 
98.139 83.1348 100.587 86.2969 
119.352 108.558 119.088 109.131 
125.123 121.665 124.178 120.335 
133.924 132.955 131.64 130.275 
145.528 143.716 142.153 141.557 
153.216 150.914 149.58 149.198 
157.504 156.729 153.903 155.012 
164.188 162.646 161.068 162.006 
168.061 164.403 164.891 165.092 
168.417 167.733 167.206 167.767 
170.103 171.407 171.218 172.036 
170.383 173.34 174.479 174.684 
175.625 175.897 181.034 178.721 
185.804 182.878 193.97 193.041 
186.519 184.878 195.946 195.319 
191.127 191.131 199.549 200.155 
202.593 205.918 204.838 206.191 
206.114 210.291 205.949 210.699 
206.481 210.865 206.457 212.236 
207.937 212.857 208.124 214.565 
108.821 115.102 107.374 114.249 
97.5225 108.792 100.037 108.151 
99.6628 110.034 98.4955 109.704 
105.529 118.142 103.432 117.765 
99.0116 105.103 102.369 109.353 
81.6866 82.2771 85.248 86.2552 
85.9324 84.5568 89.5243 88.224 
94.4818 91.4789 97.4489 95.0319 
103.995 99.706 106.557 102.96 
120.236 115.152 122.329 117.41 
124.999 116.129 125.336 117.358 
129.695 124.592 128.547 123.632 
134.498 132.814 132.445 130.459 
142.965 141.93 139.77 139.729 
152.779 153.016 149.702 151.947 
155.986 157.056 153.269 155.864 
159.252 160.456 156.953 159.432 
163.684 164.472 161.468 163.565 
165.142 166.36 164.693 165.736 
165.544 168.705 168.19 169.508 
165.505 168.997 171.74 171.571 
169.608 169.716 175.503 172.937 
175.24 171.188 180.265 175.36 
181.779 178.322 189.411 188.22 
183.634 181.912 189.026 183.844 
186.09 186.521 189.117 186.075 
185.183 187.321 187.577 186.681 
170.848 172.22 172.596 171.27 
172.048 174.817 173.337 173.881 
121.743 125.919 119.466 124.989 
120.605 126.241 119.145 125.247 
116.543 125.47 114.596 124.858 
111.378 119.255 112.268 121.844 
109.731 115.858 111.985 119.791 
105.465 108.692 109.855 113.721 
101.64 100.3 105.396 104.759 
106.653 104.055 108.903 106.954 
119.381 115.478 121.43 117.756 
121.371 117.919 123.388 119.54 
123.324 119.509 125.013 120.756 
131.775 127.606 130.898 127.154 
136.509 134.171 134.76 133.347 
144.961 146.123 142.123 144.906 
149.738 152.624 146.924 151.333 
153.401 156.261 151.298 155.316 
158.476 161.539 156.396 159.975 
162.262 164.904 160.7 163.594 
162.923 164.07 163.035 164.344 
163.726 166.636 167.837 168.756 
163.883 166.977 170.071 170.041 
165.22 165.974 171.059 169.542 
169.687 165.549 173.151 169.512 
173.759 167.566 174.968 170.002 
174.38 168.774 174.434 168.042 
174.971 171.291 175.71 169.933 
156.74 155.938 158.911 154.336 
151.965 151.686 154.423 150.034 
150.452 150.239 152.9 148.522 
129.422 131.75 127.081 130.826 
126.363 131.153 125.18 130.479 
124.21 129.893 124.123 129.494 
117.815 125.188 117.27 125.887 
112.378 116.629 116.028 120.831 
112.451 113.923 116.741 118.036 
114.414 114.009 117.872 117.787 
118.503 116.447 120.454 119.146 
122.482 119.164 123.583 120.789 
122.68 119.804 125.292 121.326 
127.905 123.925 129.072 125.303 
131.465 128.387 131.719 128.953 
136.109 134.046 135.979 134.501 
141.073 138.91 140.76 140.17 
147.505 149.181 146.684 149.464 
151.341 153.767 151.772 154.08 
154.246 156.507 154.771 156.876 
160.462 161.522 160.888 161.962 
161.397 162.235 162.489 163.575 
161.429 162.594 163.257 164.814 
162.719 164.941 168.543 168.548 
162.855 161.569 167.032 165.158 
164.985 161.029 166.977 163.695 
167.679 161.918 166.785 161.569 
169.104 163.439 167.317 160.694 
165.078 160.406 164.285 156.849 
149.611 145.634 151.243 144.514 
148.184 146.763 150.576 145.759 
140.129 137.497 142.164 136.922 
132.07 133.601 130.03 133.176 
130.288 133.16 129.438 133.088 
127.19 131.099 128.22 132.03 
124.706 127.614 128.021 130.252 
120.723 122.635 124.395 126.171 
118.871 119.173 123.163 122.783 
120.761 119.194 123.751 123.245 
122.334 119.81 123.684 121.893 
124.88 122.037 126.396 123.077 
125.624 122.998 127.303 123.762 
127.382 124.88 129.043 125.669 
131.464 129.518 132.599 130.499 
137.242 134.367 138.105 136.282 
139.924 137.068 140.678 139.181 
143.126 140.973 144.597 143.547 
147.712 148.091 151.093 151.066 
152.075 152.729 155.225 155.103 
153.812 154.146 158.577 157.622 
158.804 159.385 161.541 161.883 
156.252 160.384 158.358 162.769 
158.494 159.858 163.214 164.335 
158.536 157.149 164.515 160.39 
161.393 157.902 163.234 160.266 
162.813 157.594 161.988 157.676 
163.202 158.637 162.333 156.377 
150.465 146.501 152.011 145.498 
146.12 141.649 147.81 142.394 
142.814 138.276 145.019 139.403 
134.991 127.015 137.033 129.742 
133.091 134.12 131.645 134.244 
131.161 133.944 132.465 134.997 
128.889 131.031 132.451 133.924 
127.307 128.161 132.346 131.1 
126.244 125.691 129.576 129.477 
123.415 122.13 127.008 126.161 
123.056 121.482 126.018 125.359 
123.251 122.163 124.959 124.822 
125.196 123.199 125.285 123.594 
126.416 124.541 127.086 124.892 
128.767 127.102 127.977 128.118 
131.369 129.91 132.991 131.539 
133.424 132.239 136.646 135.303 
138.901 136.575 141.583 140.284 
144.696 144.859 149.246 149.007 
146.808 147.26 150.998 151.173 
148.105 149.166 152.932 152.863 
150.75 152.244 156.6 156.283 
153.628 158.529 156.778 160.312 
155.224 160.063 157.113 161.472 
155.96 159.483 158.568 160.598 
157.377 155.747 163.21 158.471 
157.788 155.269 162.171 156.989 
158.642 154.521 158.758 154.843 
156.028 152.49 155.916 152.212 
152.491 148.734 152.424 148.777 
147.153 143.428 148.397 143.773 
145.156 139.906 144.953 139.651 
150.299 141.672 124.246 114.71 
132.683 134.996 133.809 135.749 
131.357 134.191 134.323 135.64 
128.962 130.392 134.12 132.52 
127.757 127.84 132.975 130.897 
127.69 126.909 131.783 129.435 
126.859 124.999 129.01 128.417 
124.174 123.088 126.349 126.485 
124.197 124.522 124.881 125.971 
125.814 125.663 125.229 126.023 
128.064 126.782 126.506 127.434 
128.837 127.458 127.227 128.302 
130.023 128.593 130.257 131.003 
133.775 132.828 137.995 137.732 
136.794 136.345 141.583 142.22 
143.412 143.69 147.155 148.982 
146.084 147.154 149.876 151.4 
148.351 150.337 151.041 154.435 
149.39 153.575 154.208 157.456 
150.419 156.037 154.654 158.916 
154.994 160.023 156.874 160.436 
156.41 158.708 159.232 159.118 
156.779 157.296 160.933 158.269 
156.958 155.867 158.245 156.482 
156.604 154.628 156.386 154.29 
154.778 152.696 154.419 152.155 
152.356 150.328 151.655 149.664 
150.424 148.312 149.113 146.952 
160.679 158.926 132.616 129.722 
144.827 159.4 122.966 107.912 
