43472000
9.10189 9.73111 9.08685 9.2518 
17.7686 18.5395 17.7479 18.2501 
29.5998 30.842 29.6372 30.6946 
60.9362 61.7385 61.261 62.1171 
77.8889 76.7536 78.1153 77.327 
101.429 100.278 102.399 101.493 
111.488 109.961 113.634 110.707 
115.739 116.72 116.05 115.869 
126.272 127.66 126.6 126.543 
140.306 143.168 141.055 144.472 
8.44762 8.80678 8.52589 8.35925 
19.3929 19.8931 19.3976 19.5731 
57.3007 58.7496 57.6153 59.1108 
68.8725 69.0101 68.9938 69.3627 
77.2309 76.7857 77.5137 77.2317 
106.79 104.669 108.975 106.167 
114.177 111.835 116.792 113.447 
123.337 121.359 125.379 121.825 
146.139 145.24 146.607 145.345 
146.81 147.783 147.754 148.916 
30.6665 31.3912 30.7696 30.9743 
84.144 85.9586 84.5905 86.0843 
87.4096 88.7952 87.7306 88.7753 
84.4635 85.0669 84.7119 85.4159 
111.443 111.809 112.133 111.951 
125.916 125.138 127.177 126.642 
134.251 131.772 136.722 133.303 
153.453 151.754 153.217 151.202 
160.141 161.143 158.679 159.033 
155.822 156.353 156.377 156.724 
123.056 124.726 123.037 124.49 
124.863 125.983 124.89 125.778 
131.445 133.551 131.989 133.498 
139.617 139.62 141.863 140.739 
166.966 167.331 171.088 170.977 
168.123 168.693 171.392 171.495 
166.35 165.099 167.509 166.061 
169.303 170.448 166.378 167.353 
166.482 168.257 164.246 165.914 
165.326 168.024 163.746 165.722 
202.589 201.46 199.358 199.408 
176.658 176.978 175.072 175.302 
190.192 189.508 189.497 186.246 
182.053 180.998 185.29 183.699 
187.128 187.851 192.371 191.956 
185.598 186.317 189.486 189.916 
191.527 178.127 191.017 185.919 
180.123 179.059 176.517 176.237 
172.933 174.722 169.147 170.737 
170.707 172.112 171.208 172.492 
230.427 230.153 225.465 227.009 
220.749 220.013 216.763 215.369 
216.865 215.143 214.414 210.086 
213.213 210.105 214.435 208.384 
202.372 200.466 207.266 204.892 
200.672 187.335 202.16 197.008 
198.52 183.513 197.625 191.804 
193.822 179.222 190.722 185.473 
180.069 181.092 178.929 180.466 
177.295 178.438 178.838 179.489 
241.49 241.639 236.344 238.224 
241.175 240.537 236.117 236.542 
233.425 230.218 231.578 226.46 
231.873 226.516 234.655 227.504 
223.28 219.519 227.078 222.318 
214.194 212.974 217.989 216.858 
205.221 190.819 204.872 199.264 
193.398 193.767 191.548 192.768 
186.626 187.567 186.093 187.633 
185.283 187.182 187.37 186.702 
251.71 252.333 249.146 250.553 
250.516 249.423 247.54 247.594 
247.715 240.96 248.665 245.547 
237.425 234.127 240.914 236.619 
230.259 230.269 233.568 233.847 
222.527 223.979 226.272 227.391 
215.769 217.095 217.433 218.175 
204.992 207.095 204.962 207.047 
192.634 195.551 193.994 194.339 
193.348 197.054 190.513 191.985 
255.753 255.743 255.711 255.752 
254.125 250.235 253.815 253.517 
250.735 244.6 252.827 251.49 
243.682 239.586 246.582 246.6 
233.493 236.397 235.336 240.04 
226.365 230.192 227.916 232.182 
219.88 222.325 220.561 222.798 
212.516 215.262 212.397 214.933 
201.029 203.999 198.216 200.399 
195.095 199.027 192.161 193.637 
255.895 255.874 255.849 255.871 
255.806 255.633 255.865 255.764 
250.185 247.294 252.742 252.968 
239.058 242.253 241.437 245.68 
234.785 239.381 235.722 242.154 
231.231 235.786 231.505 237.7 
218.424 221.733 217.955 221.503 
208.756 209.655 209.918 210.882 
206.806 207.517 208.404 208.816 
200.45 203.313 197.642 199.481 
