37544000
255.933 255.873 255.903 255.886 
255.868 255.899 255.834 255.91 
254.47 254.98 251.099 253.608 
252.02 253.371 246.894 251.428 
238.028 241.716 236.296 243.237 
233.633 238.23 233.396 240.62 
231.418 236.039 231.478 238.23 
218.507 223.516 219.237 223.725 
209.434 214.384 210.124 214.55 
194.985 198.477 196.389 197.27 
190.1 192.929 191.354 191.204 
163.038 165.859 164.746 164.36 
38.9919 38.1725 38.8079 38.3592 
13.8062 13.9534 13.8984 13.6912 
2.36747 2.40791 2.42153 1.70696 
1.11609 1.39771 0.995525 0.665691 
255.88 255.764 255.912 255.844 
252.427 254.131 255.031 254.167 
252.361 253.413 251.138 251.96 
247.842 248.994 242.432 245.422 
241.929 243.671 236.201 240.339 
234.139 237.878 232.954 238.969 
225.458 229.95 224.145 228.241 
216.109 221.024 215.806 219.606 
206.467 210.716 205.948 209.89 
196.721 201.238 192.72 196.654 
187.967 190.506 188.557 188.758 
115.703 117.257 114.43 116.108 
28.7175 28.6875 28.7224 28.7475 
17.7753 18.3165 17.961 18.0124 
11.2413 11.3912 11.5295 10.8986 
2.67467 2.1757 3.01041 2.222 
252.592 246.044 254.935 253.729 
251.212 246.894 254.221 252.652 
248.707 248.491 251.48 246.873 
246 244.06 242.765 240.368 
239.612 239.686 235.183 236.056 
232.499 233.898 229.007 230.01 
224.034 226.319 221.761 223.904 
214.416 217.335 212.356 215.271 
200.112 204.2 195.616 198.869 
194.145 197.56 188.793 192.294 
189.808 193.631 184.579 188.277 
173.225 176.85 170.537 175.393 
39.4748 44.5257 39.0668 43.824 
20.8061 21.7132 20.8246 21.4756 
19.4753 19.5635 19.7148 19.0651 
14.4807 14.1967 14.6775 14.5158 
247.95 242.95 251.228 252.309 
244.398 246.047 250.326 248.08 
244.492 241.18 248.224 243.54 
241.894 237.857 242.734 237.808 
236.316 233.337 233.245 230.887 
227.793 227.163 224.581 224.332 
221.698 222.249 218.849 220.1 
216.076 216.061 213.152 214.243 
202.08 201.268 198.568 198.192 
193.94 196.562 188.277 190.43 
184.027 185.495 180.135 183.473 
125.951 150.797 123.738 148.097 
19.2172 74.1102 19.3739 73.3118 
28.3372 32.1149 28.2901 31.64 
32.381 31.9948 32.6869 32.3022 
32.9386 32.6016 33.2833 32.7552 
237.096 240.184 242.023 245.795 
236.458 237.026 242.488 242.118 
238.561 233.916 244.397 239.855 
236.601 229.386 236.423 229.348 
232.137 227.667 229.213 226.588 
227.697 224.537 224.199 222.525 
218.362 218.094 215.178 213.241 
209.816 208.72 206.208 206.189 
199.72 198.159 196.037 194.577 
183.526 181.412 177.826 177.555 
175.131 174.146 170.325 170.306 
129.718 134.268 126.004 131.248 
62.995 67.3626 62.9605 67.4436 
51.2399 51.7368 51.372 51.4316 
45.1055 44.9815 45.4194 44.8811 
43.3455 43.5031 43.6435 43.5134 
229.773 232.259 235.413 237.493 
229.636 230.159 236.03 234.372 
231.01 226.165 236.687 229.969 
231.603 222.007 232.843 221.476 
229.576 222.249 228.308 220.719 
219.042 216.964 216.378 211.441 
213.939 213.5 211.28 206.71 
208.026 208.263 205.07 201.673 
184.167 182.565 178.942 178.541 
180.232 178.304 174.564 174.391 
171.888 170.162 166.407 166.336 
73.9578 74.4139 73.7862 74.4962 
69.0559 69.5166 69.0522 69.7244 
65.8509 66.0536 65.7662 66.2917 
53.8026 53.5864 53.9694 53.4618 
49.642 49.6447 49.7919 49.5385 
221.372 224.835 227.277 229.754 
222.583 223.154 228.658 227.832 
221.084 217.765 226.363 222.049 
214.985 210.387 217.793 212.272 
216.085 210.223 216.506 211.868 
210.62 205.842 210.501 205.848 
206.453 191.389 204.573 196.443 
194.68 192.773 192.726 189.249 
180.698 180.123 177.888 176.679 
176.942 175.159 171.834 171.557 
157.285 155.692 155.568 152.423 
105.249 106.276 103.845 104.659 
68.5249 68.7498 68.5271 69.122 
62.6427 62.3375 62.6419 62.7771 
61.0192 59.7971 60.8728 60.326 
56.6033 56.3349 56.9325 56.3314 
214.794 218.597 220.464 223.843 
210.334 212.984 215.257 216.082 
209.621 207.905 213.454 211.536 
207.346 204.614 210.362 207.762 
205.523 202.467 208.095 205.265 
202.34 185.751 202.109 194.377 
199.32 183.09 198.812 190.726 
194.12 178.346 192.886 184.85 
174.193 172.308 171.968 169.464 
162.458 160.128 161.035 157.458 
151.33 148.434 150.171 145.847 
106.013 103.837 106.38 103.201 
72.6961 72.6127 73.3397 73.271 
66.4761 65.201 66.6536 66.1089 
69.6808 64.0732 70.0492 63.813 
66.4084 63.1094 66.6365 63.0061 
200.779 203.94 205.686 207.326 
202.168 205.285 206.202 208.124 
201.354 202.784 205.047 205.414 
199.994 197.893 202.703 200.858 
191.402 188.026 193.834 191.415 
188.211 184.65 190.885 187.285 
193.265 177.202 193.421 185.488 
175.998 172.33 176.63 171.806 
168.673 165.892 167.73 163.999 
154.542 152.641 153.206 150.704 
132.238 128.595 132.251 126.927 
90.6725 89.3576 90.8404 89.5419 
76.8268 76.9443 77.5975 77.7185 
77.7365 78.8382 78.6609 79.2878 
78.3559 73.6107 78.5537 73.3875 
78.0289 75.8213 77.4766 74.6116 
189.447 192.554 194.264 196.734 
195.046 198.14 199.374 201.266 
186.877 187.267 189.661 190.431 
183.854 182.55 185.967 185.52 
180.557 178.887 182.827 181.963 
177.921 175.553 180.107 178.632 
173.697 170.532 175.524 172.778 
168.535 164.377 169.751 165.72 
155.805 152.443 156.271 152.775 
130.234 126.704 131.355 127.54 
110.764 108.226 111.519 108.759 
96.2402 94.5058 96.7065 95.0467 
80.9815 83.3053 81.7401 83.7315 
80.1467 82.9176 81.0766 83.4616 
81.233 82.1072 81.6925 82.0732 
80.5798 80.1445 80.0005 78.8999 
185.446 188.925 189.634 192.511 
183.171 186.863 186.633 189.709 
177.734 180.755 181.014 183.492 
176.336 176.676 178.848 179.368 
173.253 173.487 176.247 176.494 
170.299 169.648 173.079 172.736 
166.066 163.438 167.349 165.483 
155.301 151.874 155.402 152.915 
134.661 131.294 135.274 133.123 
123.742 120.178 126.533 122.709 
112.806 109.068 116.277 111.267 
98.2779 96.4601 99.7421 98.0051 
90.0344 89.9547 91.581 91.4241 
82.2658 84.8588 83.0384 85.1824 
86.7374 87.1287 86.4518 86.7444 
83.6261 83.4427 82.9549 82.3042 
173.072 176.841 171.305 174.525 
171.605 174.149 171.402 174.106 
168.533 171.22 171.275 173.149 
165.609 166.488 168.891 169.491 
165.659 166.58 169.221 169.891 
161.232 161.758 164.331 164.607 
152.364 151.268 153.11 152.588 
136.353 134.332 135.473 134.773 
131.901 129.719 131.421 130.465 
119.974 116.79 122.602 118.664 
112.828 109.931 116.361 112.109 
106.989 104.436 110.384 106.513 
94.1179 94.2123 96.0203 96.029 
90.7879 91.6433 91.2265 91.8888 
90.4031 90.8203 89.4534 89.6672 
91.0751 93.1972 89.3673 89.5824 
166.933 169.67 163.654 166.346 
164.416 167.329 162.557 164.517 
160.012 160.492 162.012 161.884 
158.14 157.806 161.144 160.416 
155.104 153.959 157.95 156.447 
149.321 149.811 152.021 151.878 
137.573 137.58 138.343 137.893 
131.565 130.712 130.663 129.876 
127.075 125.939 126.756 126.162 
120.186 119.447 121.084 120.265 
114.828 112.522 117.915 114.241 
107.395 107.421 108.471 109.559 
96.2468 97.2625 97.8375 98.9219 
93.0125 93.9757 92.8342 93.7568 
93.2737 95.0206 91.5854 91.6858 
94.036 96.5013 91.9728 92.2342 
162.382 165.039 159.568 161.981 
156.716 157.818 156.551 157.798 
151.655 152.172 154.173 154.49 
150.954 149.033 153.173 151.346 
144.943 142.693 147.101 144.072 
137.175 137.641 140.358 138.424 
129.683 129.631 130.616 130.528 
125.511 125.827 125.228 125.031 
123.77 123.609 123.08 122.424 
117.651 118.676 117.899 117.249 
111.381 111.418 111.789 112.849 
107.288 107.291 108.66 109.063 
104.729 106.701 105.242 108.1 
96.2781 99.3122 95.9462 99.2573 
94.6076 96.3309 93.6421 94.6915 
95.0077 97.5421 93.31 93.6275 
152.433 154.164 151.648 153.566 
148.989 150.227 150.214 152.403 
146.022 146.487 147.518 149.189 
143.468 143.135 144.88 145.665 
137.851 138.494 140.613 139.413 
132.054 135.136 134.38 136.004 
128.838 131.039 131.941 132.452 
123.646 125.035 124.114 125.612 
118.164 119.712 118.023 117.887 
115.182 116.863 114.955 114.772 
111.721 112.733 112.469 111.705 
107.582 107.118 108.544 108.537 
105.321 105.255 106.186 106.109 
100.786 102.523 100.458 102.165 
98.7533 99.5546 98.5699 99.1435 
96.1103 97.4943 95.7411 96.1611 
147.806 150.426 146.914 148.474 
146.9 149.072 146.64 148.807 
142.763 143.858 143.424 145.373 
140.708 141.743 140.423 142.034 
134.706 137.516 135.19 137.844 
131.295 135.519 133.038 135.624 
126.959 131.721 127.661 132.045 
119.461 123.254 119.433 123.787 
116.872 119.527 115.753 118.073 
113.755 115.39 113.397 113.245 
111.437 111.682 110.228 110.191 
108.176 107.3 108.633 107.83 
105.785 105.42 105.067 105.155 
101.275 101.755 100.861 101.41 
99.8573 100.279 99.7185 99.9395 
98.8023 99.2415 98.7268 98.8786 
