988000
156.639 155.834 163.113 158.427 
155.009 157.748 159.87 159.1 
151.997 157.785 157.131 158.67 
151.436 156.452 155.099 157.266 
151.676 155.415 153.739 156.181 
151.869 154.62 153.058 154.937 
150.913 151.691 149.985 151.541 
150.583 150.92 149.072 150.735 
150.344 150.165 148.891 150.226 
149.349 148.931 150.872 150.509 
150.762 150.729 153.722 150.775 
151.449 151.395 154.236 151.212 
152.618 152.129 154.816 150.926 
157.111 154.229 156.977 149.137 
160.172 152.777 154.691 149.834 
158.96 156.421 150.658 149.543 
155.144 152.187 151.15 151.582 
153.752 151.766 150.096 151.115 
151.035 151.31 147.131 148.852 
148.743 151.233 144.539 149.027 
145.285 144.633 142.012 144.518 
143.648 142.908 141.06 142.852 
142.904 142.228 140.878 142.33 
140.277 141.666 138.734 138.961 
140.489 141.616 138.395 138.297 
139.691 141.072 137.367 138.316 
138.293 140.936 136.05 139.385 
156.602 154.899 163.251 158.15 
155.265 154.436 161.913 157.413 
152.208 154.745 156.93 157.677 
149.731 153.874 153.987 156.791 
149.651 151.701 151.429 154.564 
147.626 149.525 150.855 151.809 
148.281 150.409 150.277 150.578 
147.998 148.634 147.577 148.777 
148.459 148.261 149.041 148.687 
148.999 147.593 150.474 148.801 
150.745 149.043 152.757 150.842 
152.285 151.702 154.814 151.342 
156.141 154.398 156.618 151.113 
158.643 155.361 157.994 149.71 
161.199 157.907 153.835 149.097 
161.262 158.558 152.094 150.763 
158.84 157.732 151.428 151.616 
155.56 155.86 151.627 154.001 
153.484 155.295 150.252 153.811 
150.917 154.247 147.665 152.375 
156.624 157.814 156.245 157.807 
145.332 144.731 143.495 145.284 
151.392 149.052 151.88 152.903 
145.67 146.036 145.973 146.066 
154.434 153.31 154.785 152.708 
147.417 147.096 146.463 145.874 
160.432 159.032 158.517 155.283 
155.203 152.854 162.26 156.752 
151.889 151.211 158.178 155.494 
149.651 150.289 155.53 154.653 
147.279 148.75 150.826 153.12 
146.616 147.775 149.86 151.55 
145.933 147.158 149.298 150.341 
145.982 146.774 147.728 148.344 
146.481 146.909 147.115 147.402 
146.708 146.759 147.48 146.59 
149.469 146.52 150.804 147.24 
150.981 148.395 152.124 148.42 
153.925 150.971 155.034 152.229 
156.596 153.744 156.943 153.676 
158.852 155.703 158.726 151.828 
161.004 156.659 158.198 153.837 
161.683 159.65 154.261 153.083 
160.645 160.2 155.662 156.938 
157.963 159.357 155.332 158.209 
157.105 159.529 155.897 159.104 
160.453 161.34 160.832 161.864 
162.177 162.604 163.343 163.091 
159.19 156.733 160.175 160.534 
158.591 155.035 159.602 159.278 
164.129 159.678 165.876 163.853 
174.916 169.929 177.441 171.718 
175.07 171.11 174.792 171.053 
171.155 168.016 168.799 163.599 
149.892 145.041 154.852 151.441 
148.458 146.873 154.39 151.967 
143.506 143.985 148.303 149.017 
141.948 143.581 146.011 147.552 
140.63 142.231 142.635 143.41 
143.94 144.175 146.749 147.57 
143.299 142.463 144.783 144.411 
145.534 145.423 146.578 145.625 
145.457 143.255 147.803 142.728 
149.071 147.275 150.119 146.002 
150.97 148.552 151.068 147.506 
152.658 149.988 152.943 149.678 
157.46 154.05 157.39 154.827 
159.577 155.672 159.813 155.467 
162.103 158.203 161.356 156.231 
163.217 161.21 159.159 157.606 
162.77 163.158 159.242 160.491 
161.611 163.708 160.48 163.035 
161.171 165.303 164.256 165.991 
163.979 165.743 165.716 165.979 
165.744 166.02 167.041 166.217 
173.422 173.408 174.39 171.609 
168.284 163.958 169.149 167.293 
179.707 174.523 181.956 175.822 
183.878 178.329 185.131 180.341 
182.412 177.754 181.989 178.237 
181.61 177.66 180.009 176.178 
144.271 139.434 149.142 145.862 
141.129 139.518 145.902 145.472 
138.545 139.27 142.861 144.229 
137.042 139.084 139.837 140.351 
137.418 138.539 138.825 139.221 
138.535 138.944 139.57 139.827 
141.109 139.086 141.719 141.732 
141.986 138.972 143.171 140.356 
144.884 142.495 147.038 142.003 
146.948 143.989 147.524 142.989 
150.815 149.024 150.19 147.119 
153.554 151.877 151.765 149.649 
157.371 155.362 156.65 154.799 
161.011 157.518 161.157 157.144 
164.573 159.952 163.071 158.197 
166.684 162.782 163.179 161.702 
165.384 164.961 162.172 163.907 
164.061 167.262 165.748 167.717 
164.615 169.238 168.949 170.691 
168.775 171.682 172.065 172.055 
177.742 177.832 178.411 177.297 
182.575 181.141 183.002 179.744 
185.04 182.438 185.459 180.934 
192.123 185.89 193.322 186.504 
197.342 189.246 198.612 190.996 
193.38 188.499 193.477 189.135 
206.711 202.146 206.399 199.821 
137.781 134.385 143.033 140.789 
135.766 134.351 140.436 140.044 
134.479 135.505 138.121 139.81 
131.894 134.038 133.752 135.07 
135.736 137.334 137.083 137.034 
136.961 135.996 136.919 137.787 
139.47 136.894 140.053 138.432 
140.401 137.555 141.103 138.729 
142.24 138.8 142.863 139.552 
146.831 144.68 144.59 141.67 
150.148 149.431 147.867 145.757 
154.096 154.022 152.099 150.378 
157.387 156.795 156.422 155.228 
161.806 158.722 161.049 158.461 
167.12 161.166 164.461 161.735 
168.632 163.609 164.742 164.323 
168.568 165.703 165.048 166.183 
168.227 169.007 167.916 170.601 
170.379 172.308 173.34 175.418 
178.081 178.229 179.825 179.916 
183.971 182.687 185.09 183.42 
188.669 186.341 190.382 187.064 
193.92 189.941 196.122 191.564 
205.117 197.36 205.895 198.69 
209.976 202.895 211.321 204.36 
218.343 213.828 218.601 213.229 
218.8 214.137 220.423 212.554 
131.56 129.6 136.597 134.769 
129.806 129.375 135.273 133.486 
129.761 130.848 132.174 133.193 
129.906 131.833 131.582 133.018 
131.473 132.723 132.185 133.123 
134.169 133.441 134.392 133.6 
135.487 133.573 136.207 134.084 
139.089 135.893 139.508 136.861 
140.578 137.42 139.229 135.462 
143.616 142.239 140.831 138.443 
147.997 148.011 145.415 143.89 
153.099 153.648 151.698 150.568 
157.291 158.393 159 158.288 
160.864 159.491 162.049 160.548 
165.712 161.987 165.233 162.806 
170.074 165.372 167.535 166.163 
171.03 169.055 168.863 169.714 
172.353 172.206 172.553 175.253 
174.593 174.769 176.92 179.387 
183.592 182.442 186.691 187.018 
190.631 187.967 193.314 190.502 
195.294 191.593 198.945 194.435 
199.322 195.01 203.742 198.584 
209.539 204.34 213.676 208.779 
221.633 216.195 222.669 218.43 
224.81 220.858 225.972 220.681 
224.986 220.5 226.136 219.789 
126.422 125.427 131.977 129.262 
127.236 126.874 132.391 130.023 
127.317 127.474 131.002 129.848 
128.636 129.945 129.997 131.214 
129.161 129.905 130.014 130.451 
131.608 130.747 132.203 131.046 
132.475 129.486 133.428 130.254 
132.515 130.182 131.87 128.427 
135.745 132.996 133.467 130.566 
137.084 135.699 134.283 132.317 
142.688 142.8 140.077 139.411 
154.581 155.971 156.064 155.643 
157.332 158.393 159.628 159.206 
158.852 159.329 161.762 161.075 
165.983 163.484 167.737 165.77 
170.558 167.592 170.695 168.809 
173.241 171.307 172.648 171.899 
177.617 177.508 177.362 179.399 
183.498 183.551 185.021 188.225 
194.147 192.712 197.705 197.822 
199.677 197.204 203.785 202.1 
208.217 205.4 212.174 208.114 
207.746 203.923 213.437 209.543 
220.563 214.711 225.511 222.012 
227.686 220.534 231.327 227.934 
229.96 224.586 231.533 226.888 
238.675 230.677 242.094 236.168 
122.722 120.945 126.571 125.504 
124.621 124.2 129.368 127.089 
124.68 124.745 126.537 127.135 
124.501 126.004 126.453 127.453 
125.708 126.495 127.016 127.143 
127.893 126.151 129.058 127.019 
128.904 126.347 129.404 125.53 
129.801 127.929 129.049 126.114 
130.067 128.694 128.581 126.936 
132.742 132.375 130.712 129.769 
135.114 135.363 132.996 133.037 
143.784 145.564 143.581 144.773 
155.987 157.33 158.722 158.979 
159.768 159.591 163.704 164.148 
164.795 165.059 170.185 169.113 
170.516 168.46 173.524 171.322 
176.059 175.717 181.07 179.789 
182.62 183.846 183.243 186.8 
189.022 190.378 189.618 194.313 
198.29 198.375 201.165 203.073 
210.291 209.147 213.496 211.484 
212.9 211.363 217.026 214.074 
216.779 214.899 221.14 218.007 
228.525 223.934 234.378 231.63 
233.158 225.825 238.7 236.146 
240.84 232.391 245.457 240.951 
243.765 235.326 247.526 242.853 
119.814 118.536 123.282 122.6 
119.781 119.526 122.898 122.508 
121.016 121.762 122.934 123.485 
121.733 122.965 123.3 123.942 
123.186 122.877 124.04 123.62 
123.636 120.531 125.855 122.062 
126.216 122.636 127.667 123.459 
128.634 126.574 127.855 125.468 
128.816 127.368 127.168 127.446 
129.586 128.98 127.618 128.542 
131.885 133.31 129.865 131.145 
136.889 139.909 136.188 139.156 
149.406 151.554 151.194 154.489 
160.887 162.631 166.479 167.295 
164.63 165.87 170.932 170.589 
169.257 170.292 176.396 174.972 
176.879 177.122 184.615 182.76 
180.48 180.927 187.039 186.444 
187.719 187.401 194.068 197.57 
201.838 203.301 204.475 207.33 
210.238 211.371 212.552 214.242 
215.242 214.326 218.496 216.598 
225.766 226.202 230.143 229.368 
233.225 235.244 237.832 236.304 
236.598 234.048 243.666 241.454 
243.385 240.876 251.051 248.947 
248.239 243.057 252.906 250.784 
114.466 113.593 117.288 117.496 
115.983 116.173 119.072 118.867 
114.821 115.866 116.844 117.412 
118.401 118.932 119.805 120.111 
120.342 118.536 122.125 119.733 
121.791 118.337 123.537 119.857 
123.137 119.672 125.003 120.86 
125.237 123.048 124.365 122.049 
126.903 125.676 125.134 125.314 
127.479 128.037 125.562 125.897 
128.132 130.095 126.193 128.543 
133.292 136.088 132.527 136.33 
144.525 148.262 146.033 150.908 
155.734 159.122 160.027 164.023 
165.348 167.857 171.833 172.352 
172.932 174.679 179.886 179.702 
177.56 178.022 185.921 184.012 
184.153 183.24 192.986 193.936 
187.637 187.005 195.951 198.072 
194.583 194.898 201.98 204.334 
211.006 213.045 213.511 215.512 
221.585 222.803 224.416 226.036 
232.375 234.037 235.168 236.976 
236.042 239.694 239.685 239.237 
240.502 244.538 245.86 245.173 
248.624 247.065 254.629 253.618 
250.91 247.781 255.199 254.371 
111.062 110.873 113.751 114.27 
111.597 112.265 113.911 114.538 
112.058 113.098 114.028 114.515 
112.674 113.249 114.42 114.426 
116.25 114.238 117.231 115.329 
119.734 115.607 121.156 117.127 
121.268 117.805 120.9 117.917 
121.556 119.589 120.696 118.576 
122.583 122.028 121 120.25 
122.057 124.085 120.699 121.095 
124.078 126.183 122.616 124.931 
126.644 129.99 126.052 129.874 
140.549 145.411 141.86 147.614 
153.867 158.924 156.524 162.629 
165.07 169.786 168.247 173.023 
173.056 177.75 176.657 179.572 
177.962 181.262 183.073 184.385 
185.073 187.424 189.794 190.97 
189.56 190.304 196.96 199.4 
202.84 206.416 207.946 209.612 
211.21 215.136 216.188 217.811 
226.111 227.801 229.885 233.186 
233.741 235.639 236.773 240.961 
238.457 242.581 241.85 244.351 
245.54 251.45 250.098 250.526 
251.401 252.929 254.771 254.82 
253.396 251.399 255.84 255.463 
107.779 108.042 109.847 110.979 
106.789 107.408 108.864 109.434 
108.733 110.194 111.132 110.921 
110.189 109.319 111.746 110.798 
112.416 109.234 113.424 110.727 
113.663 109.217 112.916 109.858 
113.609 112.177 113.378 109.872 
116.2 115.222 115.434 113.855 
118.403 119.471 117.316 116.633 
119.271 121.509 118.201 118.329 
120.018 122.582 119.008 120.614 
120.793 124.076 120.51 124.757 
129.066 134.191 129.66 135.3 
153.536 159.306 154.158 160.124 
166.703 172.789 165.844 171.753 
173.832 180.274 174.582 178.972 
180.071 187.775 179.76 185.34 
186.743 191.278 189.02 192.408 
193.987 198.662 196.359 200.62 
202.566 207.651 207.167 210.372 
211.089 216.074 216.683 220.381 
221.989 227.252 226.764 234.244 
234.085 238.339 237.552 244.183 
241.341 252.318 244.048 247.556 
249.853 254.612 253.137 254.615 
253.794 255.554 255.547 255.802 
255.927 255.835 255.933 255.917 
102.936 103.16 103.146 105.786 
103.577 105.569 106.213 105.803 
104.373 105.954 107.022 106.021 
105.769 106.239 108.456 106.888 
108.739 105.478 108.668 106.362 
109.708 108.163 109.315 105.996 
109.866 109.969 109.346 106.74 
111.05 111.672 110.764 108.366 
113.164 113.569 112.394 111.85 
113.82 115.766 113.196 114.186 
116.069 117.784 115.055 117.644 
117.225 119.908 116.883 120.547 
139.201 144.28 139.387 144.838 
155.403 160.992 154.715 160.689 
159.774 165.501 158.867 164.788 
174.97 182.774 173.009 179.217 
180.873 188.17 179.475 184.734 
184.284 191.172 183.753 188.806 
194.637 199.539 196.257 200.356 
204.396 209.955 207.243 212.725 
215.285 220.742 219.381 227.212 
224.278 228.928 226.756 235.992 
236.266 247.339 237.778 243.676 
241.888 252.586 242.349 246.976 
247.271 255.635 246.122 248.813 
255.922 255.932 255.902 255.926 
255.933 255.932 255.931 255.932 
101.534 101.852 100.917 103.919 
101.214 101.822 101.437 102.968 
102.962 104.314 105.666 104.634 
103.732 101.381 106.003 103.82 
104.555 101.274 105.289 102.46 
105.97 103.487 104.872 102.993 
107.486 107.609 107.216 104.502 
108.192 107.872 107.404 106.576 
108.691 109.938 107.96 108.774 
109.692 111.342 109.102 110.491 
111.241 113.08 110.624 112.643 
113.316 115.96 112.981 116.285 
115.827 120.005 115.964 119.976 
140.735 146.45 141.431 147.562 
162.135 167.495 159.581 165.068 
169.948 174.097 167.011 169.815 
180.302 186.705 177.841 182.372 
187.557 190.898 185.443 188.139 
194.632 199.355 194.05 198.174 
205.696 210.481 205.02 210.769 
219.499 224.12 220.391 228.336 
227.029 230.906 227.164 236.662 
234.926 239.373 232.328 240.997 
245.893 254.696 243.075 247.383 
254.453 255.299 247.59 252.868 
255.577 255.746 251.466 253.747 
255.934 255.933 255.912 255.931 
99.71 100.65 99.515 101.511 
99.3652 100.376 99.7017 100.675 
99.8251 99.5341 101.261 101.06 
100.114 97.7144 102.867 100.501 
99.0256 95.5903 100.886 97.3636 
102.319 100.026 102.011 99.7666 
103.04 101.402 102.323 100.462 
103.184 102.208 102.177 101.164 
104.336 104.667 102.973 103.383 
106.238 107.75 105.674 106.768 
105.927 107.336 105.299 106.575 
106.619 108.836 106.461 108.383 
107.003 111.549 108.966 114.208 
110.861 116.592 112.787 119.361 
132.018 137.317 132.472 138.54 
165.16 169.092 161.557 164.876 
177.326 179.612 172.536 175.075 
188.558 190.591 184.107 186.593 
202.056 205.425 199.338 203.833 
207.786 212.053 205.496 210.97 
213.476 217.872 211.289 217.421 
225.815 229.926 223.803 230.964 
234.296 240.056 230.505 236.238 
243.457 246.639 238.465 243.304 
252.711 252.003 245.189 249.8 
254.335 253.635 251.888 251.052 
254.586 254.469 255.171 251.177 
95.1243 96.626 96.473 97.9587 
96.3959 97.4371 97.2649 98.2934 
96.0506 95.6676 98.3008 97.8313 
96.7002 93.9012 99.7144 96.857 
96.5227 93.797 98.3359 95.0473 
96.8686 94.5627 97.8242 94.9753 
98.9657 97.7462 98.4857 97.3523 
99.4658 98.6777 98.1009 97.5573 
100.241 100.128 98.8869 98.6682 
100.415 100.383 98.134 97.7853 
99.1124 99.1785 98.5244 98.5493 
97.4798 98.0855 97.7115 98.2901 
95.8382 97.6193 96.304 98.2974 
102.248 106.405 104.423 109.466 
110.672 117.827 109.076 117.395 
154.293 158.995 150.786 156.137 
175.39 178.375 170.926 176.25 
189.355 191.334 185.271 187.634 
195.871 198.82 192.923 194.944 
207.481 210.947 205.012 209.41 
215.704 220.731 213.632 218.047 
221.759 227.144 220.609 224.688 
228.526 234.405 227.652 229.898 
242.831 241.385 237.349 241.421 
247.194 243.516 240.665 244.203 
251.571 249.572 249.538 246.218 
253.253 251.724 253.063 246.439 
85.2069 86.7772 87.2369 88.7488 
80.7449 81.978 82.9827 83.8483 
88.7293 88.1878 91.2839 90.9042 
92.4354 89.9854 95.4099 93.0783 
93.3034 89.4007 93.735 91.4193 
94.2751 92.8955 94.4754 92.906 
95.3469 94.8672 95.0557 94.7223 
95.8044 95.8633 95.039 95.2698 
96.063 95.7813 93.384 93.1419 
96.664 95.7213 92.9878 91.5453 
95.1452 94.1016 92.9771 91.6275 
92.3732 92.2916 92.7416 92.5642 
91.0347 92.0322 92.0265 92.8418 
90.1074 92.1725 91.0315 93.0492 
90.5332 93.3764 90.9706 93.9834 
144.257 149.379 141.093 148.864 
172.847 176.206 169.565 175.512 
182.319 184.543 179.188 183.317 
192.957 195.273 190.521 192.494 
200.667 201.833 195.318 199.185 
208.797 212 204.39 208.554 
220.196 226.22 219.822 221.552 
225.93 231.369 225.804 226.221 
232.176 234.729 229.913 230.437 
244.058 240.37 237.345 240.104 
247.112 242.475 242.994 237.906 
250.435 247.334 250.026 242.143 
66.7438 68.3994 68.1507 69.6254 
66.9993 68.6751 68.16 69.6859 
68.2715 68.743 70.3584 70.5829 
82.2075 79.1435 83.8295 82.2481 
89.2179 85.0377 89.5213 87.3735 
91.6512 88.1539 91.3186 89.4924 
93.1618 92.5025 92.9896 92.4419 
92.839 93.4342 91.8941 92.6773 
92.2729 92.8141 90.8352 91.5109 
93.7005 92.8936 90.7699 89.6517 
88.8212 88.5899 87.963 86.9952 
89.8882 89.2893 90.0707 89.2848 
88.6349 89.0473 89.3462 89.6578 
86.64 88.1606 87.5261 88.9958 
86.109 88.8359 86.6002 89.4134 
99.0508 106.259 95.8107 103.408 
172.708 175.108 169.907 175.232 
181.359 182.116 178.717 181.626 
186.882 188.012 182.321 184.711 
200.241 200.663 193.346 198.183 
203.927 204.967 197.289 202.438 
208.91 209.468 206.566 206.257 
220.659 223.659 219.778 219.379 
228.397 228.544 224.642 225.152 
235.702 232.79 229.079 228.709 
237.413 232.162 233.469 228.326 
242.881 236 240.808 232.738 
58.5258 59.724 58.5639 59.9686 
60.9174 62.0596 61.7946 62.9281 
59.8837 60.4629 61.3983 62.1702 
62.2763 61.9733 64.1112 64.1449 
67.4808 66.8326 68.7973 68.6366 
86.3514 83.9922 87.1843 85.3242 
87.9958 87.1771 87.7309 87.3726 
89.0913 89.6266 88.0998 88.9188 
88.4441 88.952 87.1249 87.7198 
87.2569 87.4072 86.0905 85.4221 
86.6851 86.5373 85.88 84.9062 
86.9588 86.8248 86.5368 85.8704 
85.9005 86.2382 86.5335 86.7518 
84.5907 85.7661 85.2625 86.2963 
86.8391 91.0633 83.1048 88.4384 
90.2643 95.9733 85.9062 92.8702 
130.253 134.152 125.101 131.147 
177.998 178.704 174.441 176.01 
179.342 180.146 175.754 176.599 
188.079 188.37 182.957 184.876 
203.372 202.635 200.337 199.708 
205.396 204.367 204.234 201.542 
209.866 209.044 208.81 206.152 
219.846 218.986 216.882 216.111 
228.251 225.12 222.869 220.613 
232.241 227.468 228.055 223.297 
234.912 228.972 231.797 225.806 
52.0826 52.7737 52.1343 52.9506 
53.2509 54.1332 53.6259 54.6095 
48.0945 48.8627 49.784 50.8238 
53.1956 54.1525 54.8249 55.4022 
56.8945 57.5928 57.713 58.2166 
65.1942 65.6739 65.9824 66.0707 
76.6767 76.2383 76.512 76.0783 
79.2069 79.5962 78.546 79.2544 
81.5487 82.0181 80.4403 80.878 
82.6656 82.7401 81.7104 81.2075 
84.6897 84.7032 83.7819 83.0278 
83.8629 83.4813 83.5814 82.6915 
83.5283 83.8111 83.9763 84.1016 
82.6619 83.8598 83.3654 84.2979 
81.1837 83.7045 81.5804 83.9897 
84.3472 89.922 79.9615 87.1152 
110.329 114.736 109.711 114.158 
170.541 170.764 167.616 168.698 
176.381 177.215 172.803 173.295 
177.899 176.952 175.222 174.591 
194.203 192.01 192.273 189.829 
202.898 201.092 201.573 198.355 
203.558 201.833 202.306 199.386 
210.042 208.321 206.479 204.968 
218.068 215.608 210.581 209.695 
226.047 221.939 221.028 217.786 
225.769 220.45 221.418 217.502 
35.1587 36.9007 35.5503 36.8543 
39.4653 40.4241 40.3548 41.6263 
39.4774 40.0833 40.9044 41.7747 
41.5675 41.9496 42.7582 43.7023 
53.516 54.4883 54.1081 54.8179 
60.1803 60.0952 59.8292 59.8499 
66.6723 66.5189 66.6439 66.5082 
71.7998 72.2458 71.4323 72.2446 
74.3731 75.3964 74.1069 75.208 
76.6209 77.6038 76.0749 76.9949 
79.4916 79.7707 78.8113 78.6816 
76.3229 76.4279 76.4561 75.5969 
76.934 76.9851 77.8967 77.3441 
78.8373 79.829 79.7629 80.2269 
78.1281 80.2044 77.9829 80.8544 
75.7404 79.1738 75.5423 79.8858 
76.6357 79.4172 77.0064 80.4387 
107.68 108.457 108.285 108.582 
161.346 161.439 159.322 159.393 
165.345 160.735 163.73 160.843 
179.677 173.877 178.253 174.479 
194.815 191.995 192.75 190.032 
198.64 195.889 196.676 194.09 
199.827 197.239 195.685 194.438 
211.321 208.52 204.153 204.067 
217.879 213.605 212.188 210.444 
219.917 214.64 215.49 212.594 
25.8056 27.7488 26.1466 27.874 
29.0689 30.2997 30.0883 30.8314 
33.5229 33.6258 35.4076 35.4472 
37.0539 37.1771 37.8786 38.2143 
37.2356 48.0506 37.4621 48.6044 
63.2247 63.2023 63.2287 62.9755 
62.9457 62.5633 62.9704 62.4985 
65.3211 65.6834 65.5559 65.99 
69.6948 71.3167 69.9707 71.6207 
71.5605 73.1749 71.8004 73.4122 
73.0266 73.4785 73.3056 72.9553 
72.7672 72.6756 73.4696 72.2822 
72.503 72.0987 73.7397 72.1049 
73.7691 71.1366 75.5369 73.0167 
76.6067 74.7908 77.0439 74.7066 
74.8169 76.4297 74.7844 77.3843 
74.3832 75.2134 75.8654 76.3533 
76.3032 76.0128 79.3245 77.6961 
84.3342 83.9593 86.7913 85.5014 
105 102.88 105.98 104.382 
148.754 143.217 147.611 144.016 
152.884 149.084 150.806 148.673 
176.505 174.103 173.743 172.491 
183.747 182.93 180.6 180.373 
187.784 187.065 177.368 183.538 
214.4 192.563 198.955 199.092 
218.704 211.318 212.658 207.988 
18.0217 19.6615 18.57 19.9883 
21.8818 22.3048 23.183 23.2842 
28.6606 28.5616 30.3312 29.7859 
27.112 31.1917 28.6642 32.7609 
16.1441 80.7813 16.2533 80.9071 
36.945 61.153 37.0746 61.4197 
53.7651 54.3622 53.473 54.2975 
53.8152 54.4739 53.3257 54.6161 
62.8856 63.8323 63.2332 64.1361 
68.2472 69.5373 68.3277 69.681 
69.5086 70.0797 69.3492 69.7747 
71.4911 71.1686 72.0874 70.757 
72.0278 68.6342 73.8671 70.9589 
74.0316 69.157 75.5543 70.8174 
78.6015 66.265 78.2899 68.2262 
76.2363 73.2754 76.5784 73.4693 
74.6832 73.1754 75.5765 74.2842 
75.1799 73.5322 76.936 74.975 
77.0649 75.6364 78.318 76.4666 
81.3121 80.4558 82.3484 81.7425 
91.9577 90.7345 92.5232 91.5272 
93.1638 92.358 92.6539 92.7375 
96.9871 96.5717 96.3004 96.814 
122.623 121.336 120.12 121.294 
175.982 28.6442 84.1759 110.466 
95.7113 244.447 166.625 34.9951 
219.63 84.747 171.019 152.614 
2.17885 2.2934 2.27596 2.44515 
6.38143 6.59949 6.89059 7.2023 
13.2244 9.23179 13.6769 8.50022 
22.9305 21.4268 23.9781 22.5008 
28.0845 35.5494 29.0219 36.5444 
45.7416 46.4581 45.6339 46.7092 
48.4458 48.9076 48.1544 49.4032 
50.8171 50.5203 51.5388 50.4487 
53.8451 50.3727 55.0891 51.6543 
63.1256 63.2848 63.1671 63.2337 
67.4255 67.8473 67.0759 67.3788 
68.7626 67.1216 69.8967 68.2365 
69.1709 66.596 70.8363 68.3023 
73.6529 66.9983 74.9639 69.5248 
85.1515 59.7891 81.4474 60.6576 
80.9916 64.0036 77.9003 64.7828 
74.8837 73.1244 75.0545 73.4812 
75.8042 74.477 75.5921 73.9819 
77.1581 75.7731 76.6529 75.5896 
77.8055 76.3801 78.3939 76.7826 
80.1207 78.6073 81.0633 79.6916 
81.3631 80.6095 82.7057 81.8455 
83.2678 82.5611 83.7377 82.8637 
110.683 103.09 120.938 70.0864 
191.462 227.101 216.022 130.291 
213.251 124.982 177.483 147.099 
56.3094 219.973 128.229 235.745 
0.215692 0.242822 0.244607 0.260942 
2.93203 1.56588 2.8779 1.21264 
10.3576 5.82707 10.4197 4.59546 
13.826 9.37798 14.326 8.53441 
29.068 26.2841 29.498 27.0153 
43.0994 40.0348 41.713 40.2921 
49.11 47.989 49.9447 48.01 
51.8064 49.1704 53.3795 49.5644 
53.0897 49.8324 55.2248 50.2336 
56.7552 52.074 59.1118 53.6397 
64.2432 63.4093 64.5247 63.4427 
66.4536 65.0662 67.0869 65.6323 
68.4487 66.2196 69.7909 67.6676 
69.7226 67.4993 68.7438 67.2133 
79.3578 63.824 76.1772 64.2636 
72.6526 72.2955 71.797 71.2685 
73.9772 73.2593 73.3865 72.3653 
76.4662 75.5554 75.3148 74.7095 
77.2633 76.1568 76.1867 75.4737 
78.0152 76.6789 77.4262 76.3744 
79.776 77.8488 81.3201 78.881 
80.1933 78.7602 82.7205 80.7535 
81.0656 79.8023 83.7735 82.2364 
92.6028 107.602 108.454 139.434 
216.758 122.854 161.617 164.427 
167.059 83.6397 41.8209 80.9221 
134.332 250.503 180.954 234.467 
0.426991 0.418197 0.470245 0.417157 
1.60011 1.55257 1.72837 1.57502 
9.11709 4.77741 8.92268 3.47958 
13.4327 11.8674 15.0385 12.9978 
21.7078 19.5986 22.3963 20.4812 
38.6997 35.3043 36.6987 35.0436 
45.1443 41.7293 42.9082 41.4487 
49.9228 48.0932 50.8605 47.8262 
55.6334 50.6221 57.9549 52.1999 
58.7006 57.9389 60.2676 58.3148 
60.7724 59.8862 62.0204 60.1619 
65.0784 63.6924 65.4822 63.9381 
68.7581 66.9639 67.8845 66.6462 
70.0402 68.7476 68.5177 67.8682 
70.6717 69.7117 69.0477 68.774 
72.1846 71.9469 71.1111 70.8198 
73.5726 73.465 72.1458 71.9097 
76.42 75.9037 74.8502 74.2191 
77.7604 76.824 76.5461 75.8181 
79.2418 77.7927 78.6845 76.8007 
79.9092 77.9742 80.1432 77.6701 
80.6428 78.3224 82.5706 79.6435 
81.8713 79.0933 84.0863 81.0541 
111.075 117.818 107.593 57.5935 
179.955 249.627 98.1761 9.4346 
204.848 217.99 57.8353 126.896 
42.5003 128.599 138.021 231.527 
