43472000
152.987 154.776 152.542 154.04 
166.487 167.666 166.139 167.046 
184.789 187.198 183.331 184.599 
197.416 186.468 195.692 191.727 
199.822 202.516 198.089 199.572 
209.706 211.431 210.359 210.264 
133.632 133.415 134.702 134.084 
157.755 159.037 157.841 158.603 
188.873 177.185 188.262 183.725 
199.614 186.801 198.135 193.214 
207.091 194.322 207.092 202.008 
212.864 212.659 214.175 212.949 
116.902 116.557 118.337 117.233 
129.118 128.354 129.884 128.439 
174.858 174.478 175.247 174.643 
202.058 189.215 201.422 196.518 
224.808 225.809 225.994 227.756 
224.868 224.636 226.775 225.454 
95.8441 95.0437 97.3113 95.7664 
83.3617 83.7743 84.1523 84.5536 
156.347 155.923 156.478 156.116 
226.486 228.07 226.937 229.815 
235.095 236.659 236.376 239.076 
238.872 238.178 240.223 241.394 
19.5361 20.3137 19.8534 20.2087 
41.2427 42.2465 41.3683 42.2856 
121.269 121.891 121.24 121.907 
229.103 229.986 228.255 229.381 
243.592 244.126 243.97 245.845 
254.61 254.551 254.825 254.85 
10.2701 10.7979 10.2249 10.3705 
22.6706 23.5406 22.833 23.4046 
91.5039 92.4399 90.6966 91.6795 
222.684 222.89 221.36 222.094 
253.263 252.971 253.151 253.076 
255.626 255.439 255.679 255.58 
