37544000
114.477 117.098 113.914 114.116 
115.829 117.513 116.025 115.738 
115.773 115.844 116.128 116.224 
109.769 110.137 109.756 111.516 
108.758 109.616 108.928 111.093 
103.932 112.045 104.039 113.206 
75.1377 114.394 75.2598 114.046 
76.5484 87.9924 76.5261 88.7461 
71.2718 72.3756 71.3596 72.9489 
69.0064 69.9122 69.2728 70.394 
64.1723 64.9376 64.2978 65.1666 
50.6489 50.9057 50.5255 50.7684 
38.6365 38.3615 38.4084 38.3105 
13.9136 11.9009 15.2107 12.3098 
5.93046 5.23027 6.41869 4.42492 
2.37461 2.37996 2.45895 1.57723 
1.26731 1.56482 1.15839 0.873007 
116.762 119.011 116.799 117.226 
120.73 121.135 121.209 121.451 
121.922 121.475 122.965 122.524 
116.659 117.162 117.813 118.579 
111.068 112.027 112.088 114.096 
106.327 108.962 107.187 109.89 
89.9094 102.721 90.618 103.294 
84.7497 86.3004 85.4495 87.1157 
77.4544 79.4353 78.4915 80.1861 
69.4889 70.4799 70.0117 70.9654 
62.0164 62.6965 62.5417 63.2825 
49.992 50.2929 50.0254 50.5011 
41.9146 41.7843 41.6978 41.8294 
34.4855 34.0073 34.6935 34.3476 
14.1724 11.7288 15.488 12.1236 
7.90637 8.03042 7.98897 7.44595 
6.92379 7.26868 6.98367 7.20747 
129.156 132.102 128.803 132.45 
128.057 128.464 129.06 129.453 
134.632 133.104 136.689 134.47 
127.537 128.38 129.575 130.448 
125.038 127.721 128.953 129.536 
115.872 118.034 117.925 120.174 
97.8683 99.5757 99.0609 100.988 
84.4017 86.4794 85.6331 87.4004 
79.5201 82.1034 80.6705 82.6162 
75.5672 77.9015 76.8254 78.4015 
66.0777 66.8726 66.6329 67.2033 
55.4096 55.8582 55.7685 56.258 
45.3406 45.4153 45.3342 45.5031 
36.9269 36.6101 37.3485 36.9523 
27.4039 26.7763 28.1987 27.5327 
20.2873 21.1182 20.3121 20.8576 
16.5317 16.9043 16.8507 17.18 
148.065 150.669 150.706 153.304 
147.307 146.674 149.602 148.473 
146.013 144.176 148.324 145.564 
138.279 139.881 142.207 141.152 
133.638 136.061 137.509 137.977 
135.008 136.572 138.887 139.067 
119.776 120.421 121.18 122.344 
99.0178 99.6229 99.7288 100.575 
90.6553 92.3237 91.0961 92.4235 
76.9874 78.4777 77.2894 78.0659 
67.1051 67.688 67.2562 67.6648 
58.0582 58.4429 58.0404 58.5842 
51.6724 51.8912 51.7942 51.9395 
45.1518 45.1919 45.5843 45.0755 
30.5628 31.3469 30.4508 30.7678 
25.357 26.5675 25.3531 26.174 
18.0465 25.592 17.9474 25.0488 
161.95 164.509 165.933 167.796 
162.683 163.245 165.838 166.319 
158.812 158.122 161.755 160.553 
154.356 155.34 156.966 157.508 
145.019 146.612 148.753 148.741 
145.216 144.792 147.775 148.332 
140.328 139.405 142.434 142.872 
111.555 111.925 111.654 112.224 
99.5192 100.702 99.269 100.149 
93.2976 94.7231 93.074 94.1072 
78.0709 79.2304 77.7187 79.1785 
65.7903 65.3882 65.3062 65.3999 
58.1071 57.7026 57.9295 57.8464 
51.2697 51.2313 51.4076 50.8357 
47.0957 46.9974 47.3058 46.5827 
31.4707 40.4651 31.1218 39.5933 
6.48781 75.3877 6.51566 74.3849 
171.485 173.543 176.361 177.35 
172.067 173.077 175.878 176.359 
175.895 177.491 179.582 180.721 
167.506 167.443 170.694 170.343 
160.544 160.308 163.589 161.915 
156.581 155.394 159.479 158.31 
154.652 152.485 156.811 154.974 
146.906 145.021 148.357 146.826 
116.675 115.755 117.014 115.015 
88.15 89.5652 88.1119 89.8309 
77.3669 77.3883 76.8762 77.6829 
70.6316 70.1098 70.1175 70.4614 
66.6161 65.8872 66.1497 66.1114 
59.6977 59.1923 59.6039 59.3305 
59.3279 58.4698 59.4363 58.3843 
63.1362 62.1562 63.1445 62.0491 
47.8506 67.1212 47.758 66.636 
182.776 184.456 188.582 189.173 
183.707 185.816 188.016 189.55 
185.144 187.604 189.781 191.518 
185.848 187.717 189.641 188.461 
175.33 172.81 177.95 174.842 
171.949 168.977 174.663 171.458 
165.271 162.147 167.486 164.507 
158.145 154.284 159.348 154.468 
149.891 145.731 151.319 145.239 
128.826 125.274 130.855 125.303 
99.7701 97.8478 102.356 99.257 
76.8165 75.7617 76.6377 76.0879 
72.5185 71.801 72.2152 72.0267 
69.7854 68.9934 69.9303 68.9149 
69.6753 68.7748 69.898 68.8364 
74.6755 70.9672 74.0913 70.3311 
78.9454 64.2754 79.8579 63.9261 
197.365 197.268 203.964 204.119 
200.662 199.716 204.514 203.393 
190.336 192.579 194.598 193.759 
190.33 191.139 194.349 192.132 
188.991 187.744 191.864 188.193 
193.576 177.621 193.601 186.056 
175.372 171.906 176.897 172.811 
174.11 170.372 171.894 168.795 
157.96 153.256 157.374 151.603 
122.498 118.459 125.945 120.388 
114.535 111.164 117.942 112.969 
102.944 100.657 105.039 101.371 
90.7814 91.3677 90.0695 90.0983 
88.5135 90.1149 87.0435 86.9215 
79.8418 79.249 79.1603 77.9769 
80.3071 78.8396 79.6671 77.6171 
84.118 78.062 83.5364 76.9626 
208.229 206.405 212.986 211.246 
207.493 205.546 210.906 209.224 
203.164 201.822 206.745 205.018 
197.069 196.159 199.992 196.406 
202.208 185.568 201.66 193.52 
199.457 183.495 198.524 190.835 
193.751 177.884 191.571 184.284 
180.447 176.393 176.483 173.685 
177.359 173.116 172.325 169.358 
154.024 150.423 151.611 148.32 
122.064 118.994 124.446 119.818 
108.015 108.081 107.678 107.274 
95.8137 97.9157 94.3967 94.7377 
93.4997 95.6346 92.0343 92.2775 
90.5731 91.7451 89.5256 89.225 
87.7134 86.9204 87.2182 85.9232 
94.7765 92.8633 94.4508 92.5354 
218.956 216.638 224.84 222.753 
213.77 211.175 217.283 214.441 
216.606 212.083 218.656 214.56 
215.259 209.673 216.04 210.566 
210.605 208.095 208.943 203.516 
205.117 189.91 203.087 196.341 
195.581 192.878 192.509 190.443 
184.952 181.154 180.42 178.108 
183.017 179.841 178.343 177.347 
176.403 174.767 171.499 171.666 
152.85 151.065 151.312 149.5 
131.501 130.202 130.672 129.557 
107.607 107.613 106.959 106.6 
97.5057 98.6508 96.3965 96.2344 
97.066 95.5784 97.1861 95.8719 
101.806 100.642 102.676 101.49 
100.556 99.8938 100.517 99.9554 
228.141 225.983 234.126 230.239 
226.38 223.029 230.245 226.236 
227.823 220.378 229.293 219.956 
221.492 218.676 219.461 213.816 
215.376 214.29 212.515 208.416 
211.632 211.734 208.207 205.696 
204.068 203.26 200.127 200.049 
194.792 192.882 190.718 189.126 
189.414 191.491 182.953 185.323 
180.263 179.481 174.867 175.746 
176.079 175.403 171.586 172.442 
157.268 156.476 155.235 154.389 
134.99 133.492 134.068 132.642 
119.589 116.516 119.089 115.939 
106.26 104.408 107.095 105.233 
106.608 105.11 107.758 106.24 
105.41 104.478 106.327 105.288 
233.875 231.023 239.752 235.709 
234.266 229.619 239.034 232.727 
235.316 226.365 234.651 224.162 
233 226.214 230.136 222.828 
223.713 222.882 219.333 216.746 
218.564 218.908 214.46 215.288 
216.501 216.823 213.798 214.483 
199.398 201.83 194.054 195.759 
194.866 197.724 189.285 191.443 
188.196 190.893 182.189 185.046 
174.158 175.82 171.287 173.338 
168.377 171.099 164.717 167.281 
153.085 152.729 151.046 150.389 
139.363 137.38 137.798 135.632 
117.528 114.718 116.9 114.273 
109.282 107.601 110.18 108.493 
109.704 108.537 109.565 108.247 
246.87 239.152 250.798 247.161 
242.117 236.76 245.873 240.383 
240.3 234.34 239.943 232.943 
236.496 233.702 232.343 230.383 
231.24 231.354 226.964 227.703 
224.506 225.684 221.582 223.302 
220.608 222.048 218.929 220.874 
215.24 216.356 213.274 214.99 
197.468 201.478 192.956 196.572 
188.043 191.028 185.82 189.213 
173.445 176.798 170.26 173.543 
166.6 170.057 162.922 165.78 
161.644 164.264 158.086 160.326 
145.649 145.491 143.697 143.106 
133.099 131.585 132.186 131.343 
116.997 115.811 116.804 115.421 
118.361 117.864 116.86 116.168 
252.126 244.34 254.543 250.925 
250.512 243.253 251.701 248.178 
245.394 243.081 242.012 239.813 
239.58 240.395 235.387 236.893 
233.282 235.807 230.233 232.655 
226.216 230.157 225.367 228.448 
221.167 224.029 221.748 224.14 
213.333 217.284 214.659 218.108 
201.148 205.111 201.844 205.141 
191.401 195.234 190.644 194.439 
182.923 186.557 181.25 185.987 
168.491 172.062 165.9 169.145 
157.877 159.109 156.236 157.413 
144.992 144.517 143.711 143.755 
133.201 131.953 132.435 132.14 
127.893 126.902 127.269 127.053 
123.341 123.275 122.11 121.73 
254.211 248.544 254.671 252.337 
253.752 252.294 250.468 250.894 
248.079 248.594 242.479 244.913 
242.571 244.829 237.285 241.737 
236.441 241.155 233.701 239.78 
228.074 233.499 229.619 235.942 
220.479 225.149 224.575 228.748 
212.097 216.581 216.25 219.825 
202.605 206.159 204.95 207.212 
194.986 197.908 195.703 198.485 
184.172 185.79 182.719 185.972 
175.666 176.558 174.274 176.754 
163.086 164.095 162.08 163.506 
151.68 151.879 150.133 150.975 
135.718 134.98 134.428 135.146 
129.528 131.927 129.207 131.127 
125.118 125.35 123.119 123.181 
255.872 255.717 255.831 255.84 
255.026 254.767 252.64 254.225 
251.922 253.962 249.75 253.388 
244.06 248.344 243.182 248.856 
236.091 241.509 237.973 245.105 
232.599 237.095 234.377 241.051 
224.089 228.807 227.457 233.793 
210.454 214.216 213.988 217.107 
204.073 208.012 206.572 209.364 
197.156 199.581 198.839 200.637 
184.426 185.264 183.932 186.1 
177.643 178.605 178.373 179.662 
168.8 169.713 168.827 170.206 
150.899 152.357 150.26 152.6 
135.866 138.8 135.384 138.244 
132.39 135.688 132.171 135.065 
129.576 132.296 129.858 131.512 
255.911 255.884 255.903 255.884 
255.886 255.903 255.873 255.914 
250.559 253.625 253.39 255.003 
246.563 250.936 251.071 253.197 
238.433 242.332 241.567 246.353 
234.501 238.159 236.846 242.715 
229.899 233 232.907 237.748 
214.025 217.526 217.948 221.257 
205.777 209.603 208.664 211.464 
196.882 200.649 199.194 202.443 
183.591 185.736 184.941 186.623 
176.277 177.87 177.572 179.252 
165.696 168.095 166.352 169.01 
151.201 153.424 150.737 153.634 
140.649 142.552 139.71 142.397 
132.317 135.366 132.733 134.967 
129.434 129.273 130.536 129.474 
