43472000
198.149 200.41 192.965 194.209 
207.572 207.182 204.892 202.714 
211.847 213.011 210.232 209.129 
221.347 221.613 218.094 217.308 
231.32 232.37 227.253 228.147 
240.075 242.053 237.156 238.332 
248.585 252.019 248.647 249.366 
255.813 255.832 255.765 255.776 
255.906 255.839 255.876 255.866 
195.259 197.984 190.057 192.148 
198.06 201.424 194.764 196.992 
208.042 209.853 206.949 207.127 
215.837 218.662 214.819 217.182 
230.805 232.997 227.049 230.349 
237.338 240.963 235.995 241.28 
247.662 250.665 246.105 249.992 
253.018 253.818 251.574 253.38 
255.665 255.471 255.782 255.625 
186.622 189.562 182.643 185.018 
180.819 181.634 179.167 180.693 
186.991 190.216 186.171 188.788 
210.97 215.03 211.095 216.062 
229.273 233.68 230.036 236.022 
233.361 237.4 234.071 240.559 
236.812 239.94 237.591 242.912 
248.881 243.88 249.789 249.658 
251.928 245.711 253.925 252.124 
160.253 161.268 159.225 160.332 
159.244 161.642 158.021 159.885 
167.741 170.272 166.493 168.724 
184.733 188.117 185.081 187.777 
214.312 218.073 217.762 221.182 
228.863 231.986 230.956 235.893 
230.875 230.491 233.997 233.671 
237.238 234.411 240.67 237.732 
246.368 238.997 249.146 245.658 
122.107 123.818 122.51 123.665 
132.139 134.135 132.421 134.24 
152.073 154.414 151.536 153.151 
167.951 168.578 169.877 170.624 
197.431 198.754 200.957 201.974 
210.236 210.51 214.155 214.248 
220.262 218.658 223.1 220.994 
222.142 219.011 224.598 220.704 
233.513 228.405 236.358 230.474 
95.2886 96.0324 95.5424 96.3621 
107.763 109.102 108.196 109.357 
100.397 100.294 100.872 101.249 
139.95 139.183 141.76 141.151 
168.981 169.27 172.189 172.54 
191.832 192.731 196.477 196.871 
204.669 203.95 207.026 205.972 
207.322 205.811 210.033 207.198 
209.24 193.785 209.299 202.233 
53.3241 54.734 53.3241 54.3299 
50.0623 51.0466 50.3534 51.3111 
69.8042 70.3156 70.0531 70.9135 
99.3078 99.1693 99.5736 99.5766 
147.237 146.94 148.538 148.345 
174.12 174.93 176.462 177.069 
188.401 189.825 191.279 190.448 
200.462 186.534 200.787 194.58 
200.606 186.178 200.865 193.954 
16.5417 17.1219 16.6586 16.9431 
18.9952 20.5607 18.9448 20.12 
42.9564 44.1488 43.1751 44.2569 
76.2407 76.1758 76.5032 76.5801 
119.291 117.612 121.055 118.263 
150.99 150.537 152.362 151.513 
175.989 175.983 177.846 177.667 
183.44 183.75 185.072 183.299 
193.189 178.695 191.073 185.208 
6.28473 6.73946 6.15746 5.94891 
10.2087 10.5652 10.2849 10.2381 
32.3358 32.9602 32.2216 32.5186 
88.612 87.0503 90.2133 87.3609 
114.554 112.916 116.595 113.405 
132.431 130.957 134.446 131.824 
163.313 163.235 163.42 163.415 
175.945 174.917 173.854 173.49 
179.517 178.073 174.823 174.512 
