988000
164.925 164.654 161.326 161.31 
165.595 161.901 163.328 160.123 
163.884 159.959 163.952 160.065 
160.699 160.348 162.815 162.224 
162.137 166.148 161.522 166.074 
163.559 167.623 161.845 167.134 
167.411 171.316 164.204 170.327 
174.115 176.421 169.973 175.798 
178.688 181.184 174.353 180.717 
184.889 190.126 181.541 187.513 
193.078 195.001 188.847 192.786 
201.939 202.068 196.393 199.209 
210.554 210.192 206.361 205.813 
222.472 220.168 218.591 215.989 
229.699 225.848 226.278 222.34 
234.599 229.21 231.784 226.525 
240.812 235.336 238.238 232.758 
246.734 242.805 242.96 239.043 
251.851 249.292 250.422 245.938 
253.533 252.053 253.799 248.204 
254.569 253.538 255.328 251.661 
255.93 255.9 255.933 255.915 
255.933 255.932 255.931 255.932 
163.432 165.419 159.607 161.662 
163.644 163.573 160.625 160.198 
162.675 159.5 162.384 158.406 
159.606 158.339 162.009 160.076 
159.328 160.309 161.289 162.524 
163.847 166.605 162.526 166.055 
168.302 169.35 165.572 168.072 
173.516 176.042 170.076 174.493 
179.822 183.532 176.642 179.568 
183.61 188.903 180.937 185.915 
190.445 194.441 186.842 191.351 
200.592 200.344 196.328 197.404 
207.91 206.682 204.568 203.203 
219.224 217.493 215.618 213.686 
226.558 223.258 223.838 220.641 
231.921 228.124 230.695 226.949 
238.735 235.046 236.498 233.937 
245.009 240.344 240.578 241.478 
246.608 239.152 246.621 244.395 
251.846 249.536 252.447 248.575 
252.135 250.933 255.58 254.967 
255.15 255.244 255.68 255.752 
255.93 255.933 255.909 255.933 
158.243 162.766 156.814 161.359 
161.083 161.873 157.9 158.884 
161.818 158.66 159.286 156.323 
159.326 156.486 159.948 155.412 
160.275 159.34 161.665 161.04 
163.126 163.075 163.299 163.275 
167.175 167.685 166.048 166.333 
176.454 177.99 173.301 174.226 
178.57 180.729 175.547 176.789 
181.074 183.795 177.912 179.928 
193.155 192.828 190.462 189.922 
202.109 200.509 199.483 197.561 
205.553 203.777 203.659 200.583 
212.26 209.821 210.073 207.039 
221.369 218.217 221.332 217.188 
226.776 222.831 228.376 223.992 
232.509 228.595 234.116 231.021 
241.886 234.507 244.383 241.046 
244.342 236.672 247.257 244.331 
247.385 243.349 252.674 250.818 
249.183 249.007 254.567 254.757 
251.355 252.331 254.151 255.343 
255.139 255.814 251.4 253.878 
156.255 160.977 155.717 160.679 
157.085 160.499 155.721 159.404 
160.503 158.586 155.321 152.724 
158.781 155.01 157.057 151.233 
155.894 153.573 156.366 153.66 
156.959 156.872 158.968 156.078 
169.083 168.983 167.171 166.911 
172.438 172.058 169.883 169.661 
178.19 178.945 175.105 175.517 
182.968 180.882 181.197 179.953 
190.647 188.116 187.933 186.252 
197.092 194.489 194.569 192.23 
203.903 200.313 202.667 198.649 
211.645 207.67 211.508 206.849 
217.972 213.054 218.826 213.367 
221.81 217.186 224.743 219.806 
227.155 222.107 231.714 229.022 
232.627 228.39 238.6 236.45 
240.287 233.85 245.839 242.447 
238.114 239.096 244.094 246.15 
246.35 247.594 251.515 253.336 
245.501 254.682 245.232 248.237 
253.079 255.197 247.278 252.214 
155.274 159.676 154.825 159.628 
157.57 158.819 153.05 154.42 
159.172 157.966 151.801 150.957 
156.75 154.82 151.775 149.485 
152.21 151.522 153.284 150.454 
152.615 151.814 154.654 151.133 
156.182 155.034 157.416 153.626 
171.603 169.127 169.06 167.879 
178.183 174.208 176.7 174.202 
181.85 178.247 180.791 177.93 
185.528 181.654 184.116 181.473 
194.142 189.178 193.557 189.344 
197.425 192.572 199.445 193.774 
203.225 197.983 206.004 200.217 
212.53 207.477 214.795 209.282 
215.531 212.528 219.635 215.757 
219.987 218.641 225.741 225.389 
224.822 224.465 230.635 230.653 
230.696 232.504 236.263 238.898 
233.267 235.416 236.937 242.406 
238.38 247.769 240.49 244.665 
240.793 251.62 241.565 245.3 
244.394 253.58 242.899 245.571 
153.082 156.226 152.766 156.471 
153.597 155.807 151.368 154.59 
155.463 155.917 149.361 149.731 
152.018 151.266 149.055 149.15 
151.232 150.071 149.181 149.333 
150.993 150.278 152.765 149.088 
151.1 148.791 151.738 148.422 
158.802 154.867 158.407 154.596 
174.617 169.256 173.566 168.876 
179.483 175.066 179.166 175.554 
183.646 179.491 183.702 179.53 
190.763 186.785 192.509 188.085 
195.057 190.984 198.835 193.624 
198.781 194.471 202.592 197.482 
209.717 205.976 213.165 208.463 
212.612 210.122 216.514 213.433 
214.59 214.487 219.069 217.491 
218.121 222.212 222.814 225.271 
222.332 226.636 225.614 230.936 
229.927 232.286 231.85 238.924 
230.418 234.977 230.501 237.85 
237.669 248.253 238.388 240.796 
237.597 242.933 236.244 237.893 
150.731 153.428 150.505 154.341 
148.378 150.816 147.787 150.699 
148.88 151.155 146.055 148.713 
149.14 149.155 146.498 146.072 
147.241 145.197 144.333 145.248 
145.943 144.574 144.287 142.815 
148.304 146.469 149.237 145.474 
146.591 143.844 148.733 143.701 
159.706 156.28 160.649 156.701 
166.235 161.982 167.37 166.002 
176.965 174.143 178.677 176.326 
182.456 180.378 185.312 183.032 
190.242 186.972 193.352 190.353 
194.981 191.039 199.328 195.892 
196.598 192.579 203.275 202.364 
210.011 208.638 214.577 211.798 
209.154 211.42 215.042 215.583 
213.157 217.675 216.564 219.259 
212.347 216.43 212.904 217.721 
222.354 225.668 221.858 229.48 
225.519 230.902 224.614 229.288 
228.534 233.937 226.697 229.3 
233.546 239.041 232.415 233.171 
146.633 148.825 147.119 149.901 
146.401 147.989 146.251 148.689 
141.442 143.389 141.918 142.252 
143.987 143.232 141.503 142.532 
144.142 142.488 141.14 142.066 
142.559 140.76 139.907 140.275 
142.319 140.41 143.282 139.694 
144.621 142.068 146.85 142.039 
151.059 146.797 152.425 151.659 
157.479 154.111 159.426 159.789 
162.994 160.679 166.155 166.13 
173.314 173.154 178.534 177.872 
180.931 178.798 186.183 184.349 
184.801 181.7 192.879 193.047 
185.41 183.493 194.937 195.246 
193.479 192.691 201.555 202.13 
201.51 204.406 206.864 207.945 
205.602 209.431 207.021 210.81 
208.948 212.693 208.189 213.245 
210.96 214.633 209.642 215.21 
218.686 222.769 216.133 221.156 
220.883 226.076 217.904 220.68 
224.106 228.311 218.797 222.037 
142.996 145.911 143.621 147.728 
140.388 142.608 141.488 142.316 
137.945 139.862 138.696 138.826 
137.39 138.935 137.477 137.422 
140.597 139.26 137.771 138.813 
136.422 135.282 134.724 134.312 
136.93 135.506 136.097 134.068 
140.825 137.389 141.562 138.57 
140.248 137.287 141.483 140.497 
149.813 146.499 151.86 152.383 
150.617 150.855 155.522 156.201 
159.472 159.843 165.731 165.159 
162.989 162.212 169.249 167.461 
172.24 170.599 180.821 176.66 
181.11 179.252 190.45 189.982 
183.9 184.646 191.058 189.671 
191.739 194.538 196.013 197.366 
195.869 199.6 199.088 201.78 
203.602 207.384 204.013 208.605 
199.602 203.683 199.859 204.7 
204.951 208.793 201.675 207.231 
203.69 207.857 199.364 204.966 
201.973 206.159 197.643 204.022 
137.695 142.238 138.222 143.254 
134.487 137.868 135.279 138.542 
134.566 136.707 135.865 136.101 
133.63 134.229 132.722 132.744 
130.962 130.23 129.76 128.574 
130.537 128.958 129.218 129.612 
131.852 129.747 131.078 129.598 
133.219 130.152 132.912 129.759 
136.732 132.64 137.474 134.854 
134.478 133.084 137.101 137.182 
136.572 136.231 140.968 140.787 
142.022 141.871 148.29 147.246 
149.787 148.686 156.962 153.258 
159.37 157.087 166.274 161.099 
170.274 168.88 178.2 174.098 
176.651 176.47 180.046 178.741 
181.874 183.831 184.898 185.501 
186.024 188.791 188.97 191.001 
186.064 189.229 188.961 191.801 
175.928 179.031 180.282 181.985 
185.204 189.764 187.35 190.742 
189.034 194.04 187.778 193.313 
183.159 189.209 184.566 191.007 
131.291 136.716 131.564 137.443 
128.519 131.917 129.559 132.675 
129.489 131.508 130.347 131.905 
129.806 130.214 129.243 128.415 
142.677 141.987 114.648 113.647 
128.952 127.81 127.895 126.928 
127.279 126.101 126 126.036 
127.285 124.238 126.292 123.008 
127.651 123.269 127.829 123.387 
127.003 123.436 127.86 124.779 
124.438 122.653 128.245 125.781 
129.92 128.751 135.349 133.442 
136.992 136.544 143.017 141.08 
150.399 148.349 156.862 151.698 
162.46 160.283 165.58 162.884 
166.724 166.288 168.691 167.667 
170.561 171.477 172.647 172.746 
172.736 174.434 175.029 176.972 
169.102 171.459 173.71 175.093 
166.115 168.916 171.255 171.897 
167.277 170.551 172.359 173.234 
169.001 175.033 173.265 176.269 
167.914 174.777 172.141 176.437 
123.722 128.928 123.797 129.152 
122.343 126.108 123.181 126.811 
126.429 128.799 127.279 129.306 
139.373 140.315 112.246 112.785 
141.352 141.336 111.992 110.902 
139.299 138.733 111.33 111.753 
123.549 123.062 122.281 121.756 
116.672 117.104 116.144 113.568 
122.683 118.429 120.931 116.364 
121.546 118.495 123.074 119.482 
121.16 118.356 123.41 120.46 
122.538 120.345 126.417 123.657 
124.032 122.646 128.648 125.77 
122.044 119.396 124.2 121.081 
134.877 132.479 136.644 134.311 
154.077 153.41 155.968 154.751 
141.9 143.087 143.793 144.362 
158.29 160.04 160.141 162.064 
158.301 160.122 161.132 162.549 
159.711 162.119 164.634 164.651 
142.136 144.648 145.446 145.057 
150.937 155.802 155.745 157.48 
153.793 158.829 157.322 160.517 
104.556 105.487 103.895 104.168 
104.67 106.446 104.877 106.51 
89.7995 87.9824 90.9558 89.6882 
105.069 105.903 102.594 103.135 
118.614 118.811 89.4475 89.1248 
115.365 115.636 112.408 112.341 
112.884 113.894 112.315 110.19 
109.588 110.146 108.811 105.986 
105.523 105.082 104.416 100.875 
109.88 105.286 108.424 103.708 
117.612 114.548 119.483 115.736 
112.207 109.557 113.99 111.227 
107.071 105.485 107.703 105.466 
105.066 103.244 105.184 102.862 
107.101 105.262 107.477 105.391 
114.486 114.586 115.886 115.471 
113.951 115.016 115.576 115.89 
116.595 118.071 118.175 119.325 
119.931 121.756 121.936 124.054 
130.414 132.9 133.526 133.256 
106.67 109.099 108.964 108.44 
104.048 106.373 105.281 105.057 
110.884 111.908 109.248 110.074 
85.7362 69.778 82.9574 69.8425 
78.8274 74.4546 79.8627 75.8988 
74.7344 71.3921 76.0536 73.4071 
78.376 75.7558 79.1154 76.8799 
84.4415 84.0916 82.1759 81.3791 
88.4007 88.6983 87.7134 87.1647 
94.1943 94.6649 92.8589 92.5554 
99.0151 99.946 98.4893 96.3579 
93.2291 91.6679 91.4025 89.8118 
94.4949 92.2198 94.1932 91.4443 
98.1944 95.3802 99.4462 95.9804 
97.9138 95.8458 99.3832 96.8293 
100.235 98.4743 100.305 97.894 
101.981 100.382 101.109 99.2547 
102.939 101.05 102.257 100.757 
101.363 101.413 101.614 101.408 
105.808 107.046 106.884 107.464 
99.7096 100.879 99.5981 100.819 
98.7626 101.205 99.2997 101.882 
95.5704 99.9491 97.1899 101.099 
93.2286 108.518 96.0501 107.561 
93.8068 96.9456 93.1356 96.1017 
96.784 97.4546 94.8538 95.6694 
83.7202 61.4623 80.629 62.3287 
71.562 65.7845 71.7048 66.9974 
72.216 68.7655 73.5396 70.8355 
71.8914 70.5252 72.2033 70.9905 
76.9936 77.0694 76.8381 76.3758 
78.3066 78.9814 78.0851 78.1594 
84.3074 85.1776 83.6474 83.6804 
87.1598 87.42 86.4368 85.9877 
88.8288 88.1459 88.4964 87.3211 
91.9071 90.2678 92.2867 90.2891 
94.1956 92.364 95.7067 93.3698 
95.6329 93.9858 97.174 95.3329 
97.1835 95.4777 97.6155 96.1184 
102.161 99.7207 99.4958 98.7045 
103.401 101.405 100.907 100.55 
102.96 102.222 101.566 101.504 
101.045 102.107 100.68 101.527 
100.162 101.758 99.6406 101.369 
99.3962 102.496 99.5382 102.559 
80.7563 115.786 84.0829 115.369 
74.6047 117.487 78.5723 117.233 
92.0029 107.072 92.3389 108.622 
98.5206 99.1807 99.0152 100.708 
57.9049 50.759 59.674 52.241 
59.676 58.5871 59.8805 58.7226 
65.7197 64.1852 66.3074 65.0474 
65.6336 65.8472 65.445 65.7085 
71.2398 71.7614 70.9933 71.3356 
73.7729 74.3723 74.0471 73.5619 
78.1972 78.5052 77.7504 78.0732 
83.7333 83.94 83.4177 83.4428 
87.092 86.6492 87.1546 86.8883 
89.7115 89.1464 90.1999 89.5772 
92.6511 92.427 93.0563 92.7635 
94.7713 94.1575 95.6654 95.1591 
96.7451 96.3194 96.134 96.2941 
101.265 100.122 99.3564 99.4685 
104.583 103.502 103.145 103.246 
105.055 105.346 103.814 104.159 
105.235 106.733 103.999 104.937 
103.11 105.209 102.265 104.302 
102.015 105.97 102.445 106.075 
100.516 106.707 101.716 107.26 
91.4513 111.495 91.9595 113.111 
101.366 101.75 100.931 104.548 
100.887 100.692 101.313 103.709 
54.6017 49.2851 56.734 50.4552 
54.5896 50.179 56.4409 51.4172 
54.848 54.3345 56.013 54.3817 
61.2275 62.0586 61.1069 62.0218 
68.7368 69.2861 69.0011 68.7668 
72.7884 72.9512 72.9329 72.2543 
74.7855 74.9188 75.0189 74.5126 
79.3831 79.4362 79.1515 79.4213 
84.4666 84.9757 84.4937 85.3301 
87.4162 88.7857 87.5565 88.9297 
90.3777 93.7944 87.0222 91.4763 
93.4829 94.2056 93.6579 94.6278 
96.8489 97.0473 96.7005 97.2612 
103.505 103.185 103.446 103.708 
105.66 105.276 105.501 105.758 
106.823 107.041 106.294 106.744 
107.433 108.794 105.902 106.81 
107.141 108.858 105.601 107.195 
107.306 110.121 107.363 109.635 
104.354 108.947 105.217 109.26 
104.012 106.855 105.519 108.396 
102.477 102.81 103.082 105.626 
101.862 102.112 104.419 105.239 
50.2531 44.3237 52.1556 45.7345 
49.0025 47.7606 50.1409 47.7002 
50.9096 50.4972 51.9548 50.5094 
54.4315 54.8529 55.4174 54.7816 
62.8689 63.4907 62.8436 63.6975 
68.9555 69.2866 70.0245 69.4533 
71.672 72.2738 72.1547 72.8972 
74.1411 75.0774 74.5068 75.5766 
78.1992 80.9452 78.1697 81.4556 
87.1317 91.8314 83.5496 89.2762 
89.4846 94.0091 85.336 91.0586 
91.4654 94.8692 88.5582 92.861 
96.9918 97.2683 97.5559 98.0166 
104.128 103.52 104.276 103.942 
107.235 106.733 107.365 107.108 
109.203 109.104 108.679 108.626 
110.226 111.097 108.772 109.015 
109.97 111.964 108.967 110.574 
109.483 112.137 109.146 111.35 
108.439 111.584 108.886 111.494 
107.126 109.278 108.294 110.84 
105.373 106.437 108 108.955 
104.296 104.537 108.021 108.134 
32.5226 28.5112 33.0636 28.9123 
34.7205 31.7644 35.204 32.3227 
45.9199 45.5502 46.9193 45.5547 
40.3454 60.964 40.4037 61.2302 
62.3952 62.9492 63.4068 64.1023 
61.6519 62.2018 64.0024 63.6294 
66.3687 67.6312 68.0563 68.9636 
69.3561 70.7957 69.6594 71.3755 
74.0308 77.2138 74 77.7839 
78.9742 82.7628 79.1801 83.7145 
87.9044 91.976 85.2412 90.1748 
90.9453 91.5563 92.5257 93.3208 
96.6126 96.3137 97.6158 97.4211 
105.932 104.131 105.257 104.352 
109.838 108.457 109.256 107.964 
111.328 111.14 110.454 109.847 
112.452 113.302 111.074 110.984 
112.552 114.504 111.18 112.361 
110.521 113.468 110.237 112.63 
110.235 114.737 112.204 117.337 
109.361 111.218 110.342 112.759 
108.904 109.343 110.971 111.86 
108.68 108.204 111.721 111.92 
20.6876 17.4121 21.2495 17.9348 
14.9999 14.8538 17.024 15.7588 
18.6139 26.4491 19.459 27.6612 
13.2506 69.432 13.3101 69.4295 
45.2085 54.8484 45.538 55.2943 
57.1421 57.1287 59.5016 58.4525 
58.3832 58.7108 59.6569 59.6932 
62.1572 62.8525 62.7378 63.1497 
72.2508 72.9433 72.0004 73.3478 
80.1557 81.5493 81.2017 82.6206 
84.0044 84.1221 85.5342 85.8982 
89.8766 88.1411 90.7082 90.4527 
101.734 99.4844 101.488 100.522 
108.498 105.897 107.168 105.866 
110.569 108.572 109.462 108.278 
113.161 112.194 112.177 111.752 
114.801 115.856 113.551 115.566 
114.819 117.43 113.867 116.345 
111.229 117.329 112.062 119.66 
110.894 115.669 113.009 118.32 
110.729 114.839 113.037 117.838 
111.402 111.704 113.377 114.299 
110.816 110.141 113.461 113.773 
2.53204 2.58146 3.18039 2.84525 
6.70719 7.35006 8.43844 8.18014 
11.5932 7.33406 12.102 6.41206 
24.0544 30.5464 23.8871 31.2799 
38.7524 38.546 38.4033 38.7243 
44.8547 45.1373 46.3228 46.9957 
51.472 52.5447 52.1527 53.4704 
56.3656 57.1837 56.7829 57.6011 
63.7564 63.9904 64.9704 64.7136 
77.9835 77.4111 79.1298 78.4829 
84.6086 82.5867 85.914 85.0065 
90.1079 86.3908 90.2301 88.8918 
96.5077 92.7976 96.4473 94.5545 
108.809 106.155 108.03 106.21 
113.232 111.832 113.231 111.369 
115.44 115.449 114.605 115.851 
116.349 117.503 115.32 117.823 
117.275 121.133 115.718 118.726 
114.156 122.095 112.017 121.894 
111.418 117.588 112.849 120.466 
113.699 115.736 115.647 117.041 
112.762 114.005 115.341 116.04 
112.108 111.867 114.852 115.152 
0.371246 0.365787 0.410067 0.389147 
2.90109 1.53354 2.83209 1.16834 
12.1798 6.95192 11.755 5.70101 
19.5044 15.069 19.5088 14.2379 
32.6925 32.857 34.1542 34.4681 
38.2456 38.8558 39.6252 40.6955 
44.5438 45.3109 45.3872 47.0751 
54.2881 54.7987 54.9837 55.5939 
64.2877 63.5412 65.3346 64.3888 
74.2814 73.0063 76.355 74.7779 
80.2709 78.6289 82.5097 80.6584 
88.4833 85.3638 89.7547 87.8913 
103.01 98.3898 104.335 100.427 
112.691 110.083 113.18 109.905 
115.591 113.811 115.446 113.086 
117.509 116.465 116.664 115.827 
118.741 120.701 117.704 118.232 
119.018 122.244 117.892 119.08 
117.854 122.595 117.008 120.835 
116.613 119.523 118.306 120.918 
116.092 117.567 118.112 118.857 
114.677 115.362 117.185 117.08 
114.426 113.644 117.594 116.995 
0.468519 0.463156 0.516117 0.472782 
1.69924 1.73662 1.84416 1.7754 
11.3672 7.21347 11.0022 6.07439 
23.2343 23.1928 24.8618 24.5914 
28.0699 28.1625 29.6107 29.5152 
35.028 35.2751 36.8062 37.1184 
44.9221 44.9904 45.325 45.9934 
53.8225 53.5998 53.963 54.0268 
60.9285 59.9192 61.8454 61.0009 
70.5845 69.3612 72.5491 71.0288 
78.261 76.4891 81.2003 79.2364 
86.9848 82.7678 90.4785 86.4938 
103.259 97.6916 106.309 100.789 
114.4 109.523 115.085 110.738 
117.588 115.36 117 114.693 
119.064 118.328 118.449 117.481 
119.585 119.82 119.015 118.858 
119.648 121.994 119.035 119.689 
119.124 121.55 119.765 122.195 
118.19 120.051 119.909 121.885 
117.423 118.022 119.539 119.884 
116.785 115.964 119.172 118.601 
115.869 114.38 118.795 117.959 
