988000
174.87 173.31 178.212 175.002 
173.785 170.78 176.621 172.997 
171.662 168.124 174.337 170.341 
168.776 165.842 170.534 167.08 
165.933 164.305 167.455 165.542 
165.206 162.161 165.355 164.364 
158.725 158.327 162.293 159.812 
157.781 155.111 160.394 159.442 
157.393 154.331 159.982 158.844 
155.253 150.701 156.405 155.433 
147.464 143.722 149.68 145.569 
144.826 140.869 146.942 142.474 
133.945 130.41 136.038 131.414 
77.5005 76.1562 78.2244 76.6263 
53.7835 53.9332 53.9839 54.6355 
48.4798 49.0099 48.2675 49.6302 
41.7582 42.4408 42.1321 43.1103 
32.746 32.4618 33.541 33.1926 
19.3482 14.6083 19.4613 13.7992 
11.2849 5.94102 10.843 4.6176 
7.70357 3.27597 7.06066 1.83683 
0.418273 0.409924 0.459464 0.414902 
176.99 175.887 179.726 176.012 
178.484 175.161 179.19 176.404 
175.15 170.423 175.234 171.155 
172.288 167.366 171.699 167.894 
169.957 165.74 168.214 166.718 
168.055 163.226 165.546 164.776 
165.432 161.197 164.326 162.076 
158.548 157.552 161.606 158.3 
157.648 153.11 158.138 156.582 
152.413 149.519 152.593 149.056 
148.431 145.789 149.345 145.455 
144.164 141.016 145.579 141.514 
135.481 132.551 135.641 132.88 
76.6406 76.1436 76.813 76.1504 
53.1138 53.5229 53.0978 53.9785 
48.712 49.6261 48.5545 50.2117 
41.231 41.8876 42.0854 43.4597 
28.4367 28.779 29.8582 29.9997 
24.0943 23.3996 25.3749 24.6372 
14.6684 10.4095 14.6701 9.57895 
1.22042 1.31104 1.50803 1.46923 
0.317105 0.331495 0.356655 0.33949 
181.584 179.058 182.188 179.647 
181.175 178.02 180.74 178.534 
180.835 177.568 179.689 178.219 
176.38 173.178 174.363 172.566 
174.509 172.124 171.917 171.797 
170.86 167.836 168.316 167.595 
168.057 165.591 165.968 162.967 
164.71 161.86 162.498 158.393 
155.843 153.17 153.898 150.03 
151.258 149.34 151.051 147.257 
148.777 147.245 149.324 145.604 
144.089 142.834 144.465 141.213 
132.802 131.377 132.289 130.663 
83.8849 83.6192 83.9167 83.2542 
56.8518 57.2321 58.2637 57.9228 
47.7204 48.6846 49.049 50.2065 
40.0269 40.4613 41.55 42.4387 
35.8866 35.2779 37.0466 37.0678 
26.323 25.419 27.6622 26.8033 
12.2854 12.7824 14.274 13.8498 
6.02991 6.80667 7.59329 7.48836 
1.76019 1.9826 2.39639 2.24219 
185.517 183.83 185.658 183.208 
184.134 181.429 183.227 181.832 
183.509 182.645 181.746 182.041 
180.907 180.155 178.899 180.148 
176.415 176.349 174.761 176.444 
172.993 173.476 171.581 172.698 
169.065 169.99 167.544 167.712 
165.04 167.5 161.749 164.435 
160.51 160.381 154.215 154.035 
153.011 151.992 150.509 148.416 
146.698 146.746 146.196 143.87 
141.272 140.898 140.116 138.8 
130.89 130.457 129.9 128.738 
83.6064 83.3407 84.4805 83.0982 
58.1736 58.893 59.5555 59.3881 
54.2097 54.9772 56.0345 55.6567 
49.4867 47.383 51.295 48.3517 
39.5061 37.6687 39.4254 38.3086 
34.8373 32.4146 34.0611 32.7007 
17.5229 24.8424 18.2335 26.027 
8.93483 10.2181 11.2253 11.1334 
14.0519 13.4169 14.9495 14.1593 
190.315 189.006 189.419 187.691 
191.678 189.844 189.044 188.389 
188.104 187.909 185.882 187.089 
184.829 185.356 182.151 185.782 
180.485 185.5 178.738 183.959 
174.155 176.895 173.599 176.804 
168.332 172.32 165.581 170.676 
164.388 168.626 161.407 166.537 
161.941 165.74 158.245 162.864 
154.54 156.336 151.471 153.423 
148.862 149.983 146.85 148.2 
142.331 143.071 140.519 140.784 
133.42 132.839 131.401 130.355 
119.192 118.014 117.916 116.001 
70.5143 69.6209 71.8516 69.2463 
54.0187 51.4426 55.9776 51.9164 
52.7267 49.0222 54.6662 49.4269 
49.73 46.1573 50.669 46.4142 
37.9622 54.0296 38.4354 54.6743 
18.2317 65.1951 18.5269 65.2749 
26.3612 33.6278 27.6379 34.8921 
30.7435 30.5394 32.3462 31.5214 
196.63 195.552 194.4 193.697 
198.074 197.382 194.302 195.005 
192.933 193.295 190.269 192.219 
186.148 191.073 184.6 190.098 
182.127 188.914 180.751 187.583 
178.325 185.156 176.592 183.084 
172.711 177.141 170.604 176.3 
166.783 171.548 164.387 170.608 
160.809 163.965 159.197 163.154 
154.251 158.18 153.623 158.181 
148.855 150.301 146.975 149.569 
144.659 145.485 142.365 144.098 
135.051 134.93 132.831 132.56 
140.911 140.023 112.279 110.892 
115.429 113.935 113.715 110.848 
74.3939 66.5842 74.3699 66.424 
58.8176 51.1582 60.0483 51.9131 
59.6105 55.2229 59.7894 56.0792 
62.1992 61.0377 63.2681 62.1482 
50.233 66.6217 50.9733 67.2485 
57.9512 58.8632 58.0377 59.1061 
45.7996 45.7024 46.9142 46.6688 
205.789 207.155 203.197 206.226 
201.186 200.976 197.467 198.598 
197.559 198.547 195.137 197.178 
191.545 195.364 192.501 197.788 
184.628 191.345 185.262 191.243 
179.766 185.247 181.901 185.599 
174.611 179.1 174.011 178.998 
171.047 175.612 172.091 176.27 
158.728 163.869 160.113 164.883 
155.283 159.883 155.878 160.759 
152.92 157.007 152.425 157.232 
143.454 146.079 141.188 144.8 
145.522 146.41 116.757 117.355 
138.509 139.744 110.005 109.839 
134.499 133.82 105.979 104.367 
108.33 100.174 107.568 98.9741 
83.7718 66.1542 81.5021 66.792 
69.7094 65.3077 70.3867 66.4923 
64.2711 62.9793 65.3274 64.0839 
64.3897 64.3345 65.3373 65.2303 
62.9223 63.9507 63.6497 64.5617 
60.2497 60.6019 60.4529 60.9621 
209.038 211.298 207.481 210.923 
207.511 208.936 205.462 208.42 
201.301 203.413 202.192 204.992 
196.442 199.648 199.638 203.196 
191.932 195.683 196.331 199.542 
185.651 188.91 190.33 191.548 
179.609 182.471 182.75 184.396 
173.918 175.559 180.486 180.738 
165.693 168.896 170.372 173.097 
156.921 162.131 159.151 163.868 
151.097 155.205 152.845 157.089 
139.635 143.51 139.023 143.143 
130.038 132.022 128.3 130.193 
137.833 138.638 109.501 110.214 
118.152 118.16 117.222 116.207 
110.818 106.657 111.057 107.374 
77.6062 72.5662 78.4777 74.0207 
71.9786 68.299 73.4746 70.6857 
68.7122 67.0346 69.7627 68.6524 
66.828 67.8282 67.9646 68.5327 
66.5707 67.6457 67.1801 67.9032 
65.498 66.2756 65.9574 66.5328 
212.381 213.81 211.441 214.728 
214.091 214.646 214.336 216.25 
210.038 211.788 212.899 215.487 
204.031 206.793 208.746 211.49 
199.999 203.358 206.504 207.359 
191.601 192.736 198.114 197.531 
182.807 181.67 192.103 192.559 
177.451 177.454 185.801 184.192 
172.153 173.875 180.198 179.633 
162.765 165.54 169.126 169.754 
150.899 154.178 154.611 157.577 
139.067 143.298 140.549 144.3 
129.129 132.007 129.588 132.246 
121.447 122.915 121.025 122.67 
114.807 114.396 115.459 115.382 
105.644 103.062 107.948 105.736 
79.9159 76.3334 82.4132 79.4971 
72.7914 69.5324 74.7105 72.2863 
72.4816 70.2811 74.0481 72.5114 
69.9518 71.1456 70.7333 71.7756 
70.8356 71.4601 71.5177 71.1406 
70.7803 70.502 70.6737 70.4787 
226.868 222.084 228.717 229.95 
219.972 219.824 222.628 224.802 
215.692 217.528 220.546 222.853 
211.638 213.924 218.129 219.093 
207.425 209.857 214.575 214.177 
195.245 194.016 204.181 203.901 
188.954 186.695 197.539 198.198 
182.096 181.068 191.235 191.704 
171.674 173.021 177.667 177.174 
164.927 166.742 170.922 171.15 
156.609 159.159 161.918 162.966 
136.812 139.738 139.673 142.419 
128.325 131.737 129.898 132.956 
123.144 125.375 124.65 126.891 
110.701 111.173 113.399 114.326 
96.9254 95.3081 100.735 99.8567 
84.7823 83.3152 88.0815 87.1997 
75.665 73.1117 77.922 76.0032 
73.6702 74.9346 74.8137 75.918 
72.9742 74.2833 73.5001 74.1297 
73.077 73.3795 73.4755 72.94 
73.947 73.4571 74.1234 73.004 
233.224 226.244 236.474 237.082 
229.691 226.37 234.48 234.771 
222.559 222.886 230.89 229.572 
217.857 218.258 225.127 223.712 
216.731 215.137 223.068 219.319 
210.025 206.528 215.03 211.984 
196.13 192.789 203.244 202.496 
194.185 191.571 198.444 195.079 
184.931 183.386 188.806 186.225 
169.297 170.033 174.459 173.825 
153.75 154.945 158.859 159.513 
135.779 138.186 139.451 141.74 
127.959 130.097 130.537 132.51 
119.213 121.165 121.465 123.219 
107.829 108.662 110.766 111.933 
92.4958 92.4299 95.6328 95.7457 
83.758 83.5041 86.3516 86.4927 
79.8232 81.4759 81.7424 83.0963 
77.0723 79.4355 77.6186 80.3686 
76.1267 78.7041 75.9039 78.6904 
74.6746 75.0894 74.7427 74.5763 
76.8108 75.8185 76.4604 75.7198 
241.122 238.071 248.13 247.943 
237.565 235.036 245.172 243.616 
239.324 233.205 246.245 241.115 
226.93 224.099 233.339 228.18 
224.78 220.483 228.579 223.695 
218.574 214.088 222.133 217.33 
209.846 206.618 213.22 208.74 
198.905 195.46 202.813 197.992 
193.564 190.103 197.015 192.74 
179.922 177.754 183.595 180.577 
151.989 151.956 155.99 156.141 
134.091 135.106 138.403 139.132 
125.159 126.772 127.51 128.81 
119.093 120.463 120.808 121.7 
106.384 107.467 108.808 109.166 
89.822 90.8692 91.9746 92.7936 
84.6111 86.5529 86.4748 88.2157 
81.6199 84.1725 82.9601 85.4052 
80.3768 83.2003 80.4992 83.0897 
79.2308 81.0372 78.5507 80.7049 
79.2355 79.1854 79.0918 78.8713 
78.9623 77.6952 78.6565 77.56 
247.908 246.43 253.821 253.736 
248.169 243.725 253.342 251.619 
244.331 236.95 250.009 244.167 
241.466 233.504 245.933 239.966 
232.279 226.718 234.811 228.064 
219.034 214.907 221.536 216.236 
213.737 210.328 216.336 211.439 
208.593 205.277 211.591 206.943 
195.074 190.28 197.012 192.63 
179.84 174.638 181.795 178.3 
149.066 147.741 153.309 151.689 
131.435 131.348 136.277 135.201 
123.375 122.749 126.14 125.407 
113.781 113.869 115.348 115.271 
101.475 101.31 102.322 103.941 
92.1168 93.1555 94.3375 95.2438 
87.6645 89.1998 89.2583 90.9447 
83.9809 86.5997 84.6825 87.2929 
84.3369 85.5815 83.6696 84.4041 
82.9447 83.2998 82.2539 82.2279 
82.6009 81.646 82.304 81.0886 
82.2104 80.5604 82.1146 80.5518 
255.844 255.682 255.908 255.911 
252.231 249.322 255.345 254.379 
251.078 248.221 254.099 249.318 
244.563 238.956 246.137 239.708 
239.022 232.995 239.489 233.284 
231.71 225.857 231.82 225.136 
217.201 212.894 219.202 213.469 
209.359 201.37 209.741 202.774 
194.507 187.29 196.235 190.054 
179.635 173.571 182.142 176.334 
151.692 150.474 155.998 151.396 
129.215 127.4 134.286 131.017 
121.956 119.833 125.597 122.636 
111.721 110.15 112.871 113.032 
102.32 101.964 102.773 104.837 
96.2847 96.7606 96.8894 99.2398 
88.7245 90.1611 89.8945 91.508 
89.3816 93.3749 83.4129 88.255 
86.1998 87.0176 85.3819 85.6376 
85.8946 86.0432 85.1042 84.6576 
85.6729 84.5281 85.3212 84.0703 
85.1216 82.8411 85.1944 83.2032 
255.933 255.932 255.933 255.933 
255.917 255.757 255.911 255.892 
253.057 251.876 254.33 248.328 
248.937 247.27 250.036 243.975 
238.186 234.265 236.926 232.775 
231.44 227.637 229.438 225.807 
223.118 218.666 221.799 216.629 
208.35 201.063 208.068 201.224 
196.891 188.88 197.787 190.286 
169.702 166.92 172.262 166.466 
152.619 150.994 155.685 150.909 
138.118 136.976 141.903 137.531 
121.232 118.13 124.311 120.929 
113.956 112.326 116.528 114.432 
103.706 104.955 106.112 106.108 
97.5501 99.0866 99.1727 100.867 
88.5363 102.121 83.8418 97.7595 
90.303 95.0365 83.7945 89.621 
90.1382 93.5458 84.2928 88.3615 
88.3112 88.1984 87.646 87.455 
88.3426 86.9744 88.1644 86.9253 
89.3482 85.7349 88.8236 87.2213 
255.921 255.897 255.913 255.914 
255.896 255.829 255.427 255.424 
254.076 253.784 252.775 249.197 
247.887 245.305 245.665 240.55 
236.252 232.565 233.037 229.495 
230.349 227.015 227.039 223.944 
223.457 219.894 221.053 217.142 
210.335 207.262 209.007 204.211 
196.956 192.6 196.541 191.02 
179.215 177.198 177.711 174.4 
157.655 157.479 159.064 155.49 
132.895 130.946 134.404 132.084 
119.686 117.611 121.879 119.18 
108.105 109.084 110.84 109.284 
104.251 106.325 106.743 106.429 
97.4647 108.694 100.326 108.568 
77.9682 116.468 81.2701 116.013 
89.1399 101.107 83.9783 96.2645 
91.0449 92.3685 90.3287 91.6016 
90.491 90.6774 89.7657 90.0297 
90.7531 88.228 89.8259 89.0538 
90.7797 87.2588 90.2599 88.4799 
255.268 255.864 255.508 255.774 
254.901 255.672 251.128 253.648 
254.451 255.008 248.865 250.462 
246.488 253.523 244.017 244.735 
241.588 237.595 235.453 232.291 
230.856 226.656 226.179 223.056 
215.394 212.835 212.364 209.062 
206.909 204.398 204.643 200.78 
196.082 194.387 193.715 190.226 
174.858 175.194 172.335 170.816 
156.86 157.642 155.559 155.851 
137.424 138.121 138.137 137.139 
119.543 118.253 120.384 118.656 
111.353 110.697 112.23 111.398 
105.772 107.714 107.805 107.148 
101.978 105.754 102.447 106.146 
87.4124 109.142 88.4398 108.587 
94.0464 95.7959 93.6937 95.5014 
92.9531 94.1206 92.3334 93.4892 
93.5503 93.223 91.5003 91.2326 
92.0515 90.6612 91.6511 90.1062 
91.8005 88.5913 91.3694 89.6343 
251.078 255.11 252.97 255.318 
252.123 254.538 248.779 253.97 
246.518 254.19 243.596 247.141 
243.643 251.748 241.78 243.038 
240.458 248.011 237.847 238.666 
227.836 226.402 220.158 219.92 
217.334 215.439 210.246 209.505 
205.764 204.024 201.569 199.216 
183.028 183.568 178.894 178.373 
163.329 163.789 160.899 161.119 
143.514 143.761 143.591 143.493 
138.276 139.122 139.251 138.34 
127.214 127.442 128.55 127.482 
112.624 112.931 113.946 113.98 
109.074 110.521 109.286 110.775 
103.296 106.783 103.291 106.435 
98.5989 100.888 98.0553 100.302 
95.8565 97.2788 95.3869 96.9165 
95.7374 96.1179 94.3326 94.6833 
96.3441 95.1288 92.9924 91.4261 
94.8683 93.2706 93.2011 91.4596 
93.1518 91.0751 93.7736 91.1899 
246.235 252.267 250.54 253.496 
247.412 249.169 244.768 251.537 
246.441 245.558 241.184 246.511 
241.624 249.302 240.383 243.076 
237.433 239.484 233.129 234.147 
224.323 227.061 218.08 220.186 
210.724 211.909 203.341 205.891 
188.285 189.301 183.32 183.98 
178.929 179.825 174.877 175.505 
165.781 165.566 162.582 163.174 
143.561 141.505 141.879 142.818 
136.738 136.207 137.109 136.56 
116.452 116.591 117.76 117.849 
110.959 114.12 113.368 117.171 
110.335 112.372 111.384 112.932 
106.785 109.542 106.395 108.795 
101.154 103.3 100.637 102.429 
98.6368 99.6824 98.4298 99.3975 
98.0599 98.3331 97.3989 97.7431 
97.0997 96.0264 95.0967 93.8607 
95.6842 94.1846 95.5876 93.8381 
95.158 92.9747 96.4948 94.001 
240.321 247.349 245.935 249.886 
238.131 241.62 240.424 246.305 
240.778 242.172 238.161 243.473 
235.864 240.475 235.896 237.123 
229.8 235.502 230.213 230.836 
218.617 224.161 215.952 218.959 
204.517 207.424 198.401 203.417 
183.571 185.291 179.141 181.67 
173.572 174.591 170.843 171.534 
159.296 159.476 157.42 158.138 
139.544 137.484 137.717 137.911 
125.829 124.843 125.008 125.677 
113.739 116.725 115.538 119.926 
111.212 114.924 113.705 118.247 
109.854 113.675 111.568 116.037 
108.06 110.016 107.76 106.726 
102.72 103.795 102.254 103.112 
100.313 101.195 100.149 100.884 
99.4618 100.009 99.0858 99.6507 
99.0617 98.4336 97.8389 97.7227 
96.8289 94.8733 97.4331 95.4233 
96.2773 93.9931 97.7296 95.1715 
234.887 238.377 240.134 244.015 
233.157 235.812 235.793 242.456 
232.19 235.703 233.532 239.551 
230.16 236.087 231.367 234.01 
222.208 228.577 222.526 225.98 
214.468 219.984 213.395 218.248 
203.044 207.827 200.055 206.095 
174.089 175.587 173.126 175.384 
161.824 162.031 162.106 162.51 
148.894 148.766 150.089 149.816 
131.23 130.818 130.63 130.133 
124.605 125.693 123.773 124.637 
115.793 118.304 115.727 118.922 
111.505 115.724 113.296 117.878 
110.687 112.605 110.537 109.229 
109.261 110.217 108.674 106.774 
107.846 108.463 107.378 105.353 
102.682 102.657 102.322 102.062 
102.231 101.241 101.592 100.675 
101.436 99.4252 99.8567 98.4531 
99.6908 97.7968 98.8807 97.297 
97.4651 95.2043 98.6522 96.0911 
229.344 232.44 232.957 240.763 
230.605 232.411 232.993 240.262 
227.173 231.362 227.911 236.371 
223.527 229.766 224.785 230.057 
217.972 224.386 218.985 223.796 
209.164 216.2 210.117 216.427 
198.039 203.972 198.64 204.564 
166.772 169.388 168.417 170.878 
154.274 154.7 156.61 157.194 
142.701 143.335 145.919 146.728 
129.772 130.958 130.273 131.255 
116.719 123.736 114.769 123.309 
113.976 120.269 111.849 119.636 
112.79 115.082 112.064 113.67 
111.736 111.886 110.201 110.03 
109.602 109.63 108.821 106.567 
107.14 105.406 105.851 104.709 
104.723 103.077 104.182 102.572 
103.688 101.849 103.323 101.411 
102.971 100.659 102.377 100.351 
100.913 98.674 100.551 98.5127 
99.393 97.3966 100.063 98.0789 
