43472000
11.9756 12.9762 11.9804 12.6541 
30.2699 30.9114 30.5183 30.865 
107.458 107.432 108.207 108.24 
147.87 148.274 148.065 148.475 
181.299 183.488 178.346 180.057 
26.683 26.9955 26.8775 26.8188 
60.7626 61.9447 61.4327 62.2422 
134.602 135.058 135.176 135.431 
181.687 183.409 179.897 181.101 
197.236 199.387 194.486 195.891 
89.188 90.0701 90.016 90.1938 
156.194 145.752 156.203 151.954 
184.527 185.401 185.501 185.929 
217.627 219.163 218.093 219.938 
219.753 221.568 217.903 219.197 
178.897 167.221 179.015 174.105 
195.919 184.408 195.89 191.47 
217.165 207.597 216.865 213.872 
236.7 237.392 237.364 239.217 
252.345 252.309 252.347 252.371 
198.908 198.749 200.685 199.795 
211.932 199.48 211.896 206.628 
232.992 230.738 233.74 233.498 
253.218 253.147 253.263 253.143 
255.405 255.228 255.615 255.486 
