43472000
0.322687 0.302749 0.307234 0.278697 
3.23047 2.54151 3.62754 2.66207 
19.0093 19.0471 19.4966 19.4719 
34.8944 34.3119 35.3727 34.5228 
45.3191 45.154 45.6002 45.0475 
50.7436 49.5028 50.7874 49.1885 
62.89 57.9012 63.3243 57.307 
92.2036 86.2663 92.2781 86.0534 
104.909 103.667 106.005 104.765 
110.749 107.845 113.797 109.641 
112.485 109.386 115.632 111.338 
118.271 115.791 120.72 116.955 
122.858 122.212 122.984 122.095 
128.02 126.45 127.404 126.536 
129.088 127.657 127.829 126.334 
2.08611 2.07743 2.14474 1.32666 
12.3713 11.8669 13.1251 11.8451 
16.185 15.391 16.9001 15.4506 
24.8879 25.0472 25.3497 25.3165 
45.0843 44.8318 45.1917 44.6878 
57.6935 56.5779 57.8321 56.3475 
77.7008 74.137 77.949 74.4244 
91.2314 89.3412 91.0715 89.1748 
101.518 101.034 101.738 101.461 
109.643 108.593 111.067 109.945 
120.271 117.313 123.221 119.182 
133.367 131.001 135.267 131.885 
135.566 132.931 135.642 132.788 
135.477 133.769 134.54 133.78 
137.196 135.146 135.499 134.299 
2.70521 3.15494 2.54856 2.18271 
11.2131 11.5269 11.1409 10.2808 
22.9525 23.1584 23.3433 23.4173 
42.0475 41.6046 42.3356 41.8054 
56.1135 56.2315 56.272 56.3283 
63.9105 63.5698 64.2146 63.9653 
73.2467 71.9459 73.4195 72.1831 
89.261 90.4397 88.7052 88.8086 
105.586 105.19 104.611 104.269 
126.454 125.69 126.158 125.888 
142.11 139.943 143.36 140.685 
146.039 142.624 147.137 141.981 
149.225 145.771 149.309 144.522 
146.56 143.671 145.359 142.749 
153.191 151.571 150.442 149.264 
11.0534 12.0583 10.6139 10.6546 
23.3913 28.8487 23.0301 28.3281 
33.4008 34.4371 33.0389 33.9846 
55.3402 55.1476 55.2616 55.555 
59.3406 59.4197 59.4671 59.5328 
66.152 65.9129 66.3302 66.218 
91.4348 92.6001 91.2934 91.8554 
94.8464 96.7162 93.6062 94.0988 
113.704 115.287 111.467 112.266 
152.214 152.655 149.497 149.935 
167.719 165.67 164.662 164.052 
172.61 170.682 168.756 168.164 
162.104 157.927 160.648 155.434 
167.283 163.481 163.962 160.504 
174.751 170.703 169.395 166.648 
30.6461 54.1461 30.6865 53.7451 
18.4561 49.0492 18.1213 47.8398 
52.2986 60.3911 52.2411 60.7581 
67.0801 67.0437 67.084 67.4679 
65.7819 65.2288 65.7953 65.784 
88.3805 88.3846 88.6794 88.6976 
98.689 99.1108 98.8477 99.3902 
107.857 109.74 107.122 108.39 
161.435 164.716 157.718 160.569 
173.916 173.146 169.589 169.798 
178.416 176.845 173.466 173.49 
180.625 178.837 175.054 175.146 
181.425 179.112 177.667 176.188 
195.072 178.508 192.483 184.842 
190.625 186.641 188.474 183.864 
77.8634 80.2445 78.2332 79.6973 
66.1744 80.9179 66.2524 80.8669 
71.7681 72.3522 71.9628 72.6756 
70.0703 70.2006 70.1281 70.4981 
73.0238 73.0921 73.2378 73.6408 
100.808 100.468 102.07 101.829 
114.453 115.304 114.839 115.596 
160.24 163.404 157.703 160.517 
167.48 171.208 164.153 167.201 
173.163 176.384 169.784 171.926 
188.688 190.924 182.942 184.986 
186.454 185.205 182.102 181.523 
199.245 183.697 196.97 190.335 
202.267 185.896 200.781 192.877 
204.058 187.534 202.338 194.754 
79.8107 82.3725 80.3386 82.394 
81.1977 83.5239 81.8174 83.7322 
85.1397 86.0964 85.1331 86.2662 
77.3993 77.6123 77.5046 77.8547 
99.6087 99.3374 100.188 100.006 
123.796 123.036 125.195 124.675 
155.982 154.894 156.421 155.609 
172.002 172.326 170.185 171.281 
174.811 177.848 171.42 173.997 
192.019 196.045 187.134 190.003 
196.725 199.844 191.393 193.379 
199.929 202.954 194.401 195.11 
203.951 201.598 201.458 197.9 
207.43 191.183 205.469 197.892 
212.164 207.323 211.339 205.739 
82.5417 84.8815 82.9875 84.4945 
88.906 90.4157 88.8789 90.4755 
103.474 103.791 103.443 103.387 
110.73 110.597 110.653 110.232 
126.496 126.316 127.272 127.193 
154.265 152.524 155.906 154.288 
174.417 171.77 174.817 172.621 
182.665 180.513 181.965 180.82 
190.113 191.236 188.617 189.966 
202.99 202.916 202.854 202.771 
202.747 206.242 197.892 199.431 
214.431 215.403 211.65 208.661 
217.048 217.042 213.555 210.419 
219.82 216.004 217.192 212.431 
225.984 217.381 224.683 213.85 
102.494 103.374 102.519 104.137 
106.864 107.961 107.144 107.726 
125.931 129.187 127.498 129.152 
135.168 135.852 136.864 137.687 
146.995 147.315 149.171 149.698 
167.444 166.854 170.369 169.687 
179.915 176.402 181.704 178.722 
187.886 184.979 189.735 187.504 
202.344 200.684 204.048 202.737 
207.578 206.373 208.741 207.712 
213.276 211.897 213.59 212.175 
220.761 220.92 218.892 216.547 
226.873 225.932 223.433 222.49 
231.998 227.461 228.383 222.7 
235.305 227.243 232.691 221.729 
111.587 113.347 112.104 112.667 
122.529 125.343 123.524 125.834 
131.434 134.801 133.633 135.469 
135.593 138.959 138.022 139.992 
156.695 157.341 159.89 160.601 
173.746 173.328 177.331 176.855 
185.296 185.681 189.223 186.872 
196.181 193.677 200.255 198.122 
205.788 203.762 210.704 208.557 
211.691 209.511 214.883 212.417 
223.152 220.403 224.303 221.887 
227.462 226.296 227.649 225.737 
232.269 231.087 229.462 228.89 
237.321 235.691 233.231 231.458 
241.961 237.008 236.502 231.638 
113.311 116.947 113.567 116.279 
119.262 121.264 119.863 120.392 
133.444 136.729 135.374 137.145 
151.844 151.132 154.601 154.384 
169.185 169.007 172.645 172.562 
183.234 184.536 187.163 185.585 
189.901 191.414 193.755 192.011 
195.873 198.047 200.194 198.927 
210.159 209.992 215.697 215.081 
218.435 218.479 224.835 223.997 
226.605 225.004 232.065 228.83 
232.123 229.639 235.801 232.056 
236.874 234.719 236.618 234.449 
243.667 241.832 239.163 238.353 
247.821 246.304 241.949 241.017 
116.302 125.666 116.105 123.945 
137.078 144.148 136.995 143.528 
156.36 154.746 157.645 156.174 
161.398 160.103 163.874 162.148 
171.017 170.397 173.879 173.032 
183.088 183.884 186.032 186.738 
193.486 196.123 197.128 196.45 
204.661 208.201 207.147 210.066 
212.124 215.072 215.598 218.431 
219.981 222.29 226.174 228.017 
227.878 227.572 234.169 234.103 
235.829 232.912 242.084 238.417 
247.62 237.749 249.418 246.285 
249.206 246.251 247.754 244.588 
251.276 251.762 249.966 247.087 
134.271 147.207 133.346 145.448 
152.949 153.192 153.609 153.529 
158.723 158.376 160.459 159.558 
163.213 162.583 165.298 164.479 
172.808 173.605 174.712 175.59 
184.085 186.568 186.353 189.259 
196.107 198.803 199.054 201.766 
208.15 211.763 209.251 213.153 
216.81 220.347 216.753 221.612 
223.498 226.893 226.366 230.353 
234.115 235.68 239.198 240.624 
245.54 238.526 250.335 248.707 
250.313 242.03 253.703 251.422 
253.588 247.724 254.825 252.332 
255.452 254.84 255.187 254.522 
139.245 142.435 137.426 141.5 
150.264 152.24 150.235 151.918 
159.288 160.31 160.8 161.23 
167.355 168.753 169.08 170.381 
179.683 182.548 181.627 184.65 
185.672 188.808 188.882 192.047 
190.654 193.876 194.178 197.211 
204.934 208.456 206.391 210.243 
220.332 224.468 219.32 224.887 
231.925 236.286 232.098 238.835 
237.772 241.814 237.964 243.638 
243.07 245.761 246.767 249.458 
251.27 247.481 253.645 254.18 
255.204 254.589 255.525 255.441 
255.905 255.857 255.898 255.868 
138.67 140.974 136.793 140.403 
150.154 152.577 149.876 152.777 
159.17 162.113 160.285 163.11 
167.387 171.144 169.302 172.538 
177.174 181.335 178.34 182.867 
184.666 188.809 186.169 190.774 
193.501 196.849 196.709 199.512 
214.488 219.854 213.683 219.012 
230.36 234.779 230.156 236.981 
233.535 238.186 233.319 240.492 
236.154 240.714 235.952 243.205 
244.616 249.389 245.036 250.07 
251.139 253.917 250.796 254.749 
255.795 255.826 255.783 255.881 
255.933 255.931 255.901 255.93 
