988000
219.634 222.213 219.607 219.78 
219.87 220.135 220.357 219.111 
222.124 221.328 224.152 222.131 
224.73 223.082 226.03 223.425 
227.994 225.022 225.373 223.721 
228.686 225.1 224.121 221.822 
227.419 223.871 222.304 219.651 
219.787 217.585 212.404 211.965 
213.647 213.564 208.811 208.651 
207.489 208.705 202.367 204.476 
205.016 204.91 201.58 201.35 
200.595 200.77 197.496 197.677 
195.244 195.587 193.861 193.79 
187.069 191.911 185.257 189.047 
183.254 189.387 181.378 186.191 
179.633 187.004 178.574 183.77 
175.404 181.833 176.012 180.018 
163.521 182.284 173.198 175.075 
162.777 30.0947 163.445 48.2414 
117.012 114.587 121.804 115.111 
116.453 113.963 119.228 116.846 
114.505 114.105 117.083 116.389 
112.348 113.434 114.548 115.044 
111.776 112.698 113.64 114.289 
111.736 112.566 113.207 113.028 
111.951 111.364 112.71 110.826 
111.654 110.894 112.054 110.278 
110.941 110.243 110.466 110.219 
109.736 110.992 109.777 111.225 
109.442 111.204 109.699 111.575 
221.06 224.951 221.154 222.287 
221.652 223.98 223.407 223.637 
224.869 224.282 228.108 225.857 
228.681 226.729 229.356 227.414 
231.735 227.829 229.434 227.01 
234.195 228.806 230.756 226.025 
231.643 226.513 227.269 222.133 
225.23 221.531 221.618 217.618 
215.794 213.884 213.486 210.449 
208.958 207.761 206.951 204.406 
205.355 204.208 203.373 201.01 
203.214 201.75 201.482 198.739 
198.292 197.264 196.209 194.897 
191.563 191.709 188.097 189.012 
184.279 188.574 181.782 185.491 
180.815 184.214 180.586 182.394 
175.469 181.528 177.744 180.919 
172.785 182.892 194.202 192.276 
84.8545 129.302 108.216 145.898 
120.477 107.872 119.005 113.737 
116.221 112.674 118.545 115.509 
115.105 113.085 116.733 114.778 
112.665 112.146 114.315 114.472 
111.653 112.17 113.447 114.134 
111.286 110.759 112.609 112.615 
111.01 110.262 111.835 110.292 
110.614 108.963 110.693 108.891 
109.642 108.902 109.517 109.015 
108.808 109.328 108.75 109.921 
108.606 110.47 109.096 110.966 
222.947 228.16 224.114 225.825 
225.065 229.603 228.39 229.769 
229.232 229.609 232.006 230.782 
233.129 231.05 234.009 231.413 
237.944 232.927 236.032 231.306 
241.276 234.724 238.291 231.283 
236.272 229.816 233.2 226.545 
229.425 222.608 228.812 220.69 
220.902 216.594 221.369 214.984 
214.816 211.473 214.215 209.8 
207.813 205.04 206.315 202.925 
203.548 200.934 201.043 198.567 
199.359 195.812 195.361 193.346 
193.618 190.695 188.915 188.282 
187.781 185.964 184.724 183.837 
182.899 183.357 182.767 182.392 
176.8 178.726 183.108 182.338 
188.809 206.031 186.224 212.297 
192.971 224.758 93.0987 194.208 
91.6025 126.166 141.944 85.5603 
113.476 109.804 117.234 114.127 
113.847 111.257 115.816 113.046 
111.874 109.863 114.456 112.772 
110.491 109.955 112.741 112.844 
105.723 107.472 108.859 107.811 
107.182 106.606 108.386 107.877 
107.641 106.556 108.005 107.071 
106.85 106.794 107.071 107.034 
106.01 107.021 106.603 107.982 
105.461 107.245 106.449 108.7 
225.82 232.826 228.163 230.616 
231.354 237.282 234.749 234.958 
234.55 235.769 236.465 235.708 
237.689 237.035 238.22 235.71 
244.186 240.806 242.09 236.619 
250.235 247.28 249.474 241.762 
246.892 240.062 244.894 235.714 
238.955 230.819 241.27 231.214 
226.818 221.621 230.648 222.098 
219.89 215.086 220.881 214.586 
214.629 209.648 214.25 209.124 
208.741 201.139 206.967 200.245 
200.451 195.417 197.243 193.089 
194.023 190.081 191.386 187.885 
188.98 185.47 187.287 184.519 
180.199 179.498 185.028 182.529 
176.235 176.957 183.455 181.475 
175.43 166.312 178.776 179.031 
81.6182 126.125 185.473 61.5407 
105.73 104.596 107.995 109.762 
107.571 105.462 110.687 109.614 
108.236 105.51 110.607 108.282 
108.248 105.342 111.784 108.838 
104.471 105.748 108.692 107.279 
104.136 106.128 107.23 106.309 
103.935 105.617 106.501 105.712 
103.516 103.274 104.245 104.628 
103.168 103.577 104.031 104.42 
103.333 104.672 104.23 105.665 
102.935 103.46 102.542 105.965 
234.042 239.292 234.483 234.344 
237.498 241.351 238.409 237.879 
238.798 242.006 239.817 238.805 
244.835 247.291 244.815 242.804 
252.085 251.643 251.941 245.648 
253.591 252.255 253.381 246.486 
253.314 250.307 253.966 247.01 
247.506 239.756 251.54 242.922 
241.917 233.326 247.121 239.699 
227.2 221.605 230.623 224.086 
220.249 212.004 221.606 214.58 
212.529 207.291 214.593 208.662 
202.447 196.701 203.539 196.762 
192.873 190.563 193.92 190.188 
188.278 185.512 188.51 185.644 
181.917 179.133 182.816 180.533 
173.896 174.614 180.375 178.231 
147.581 153.031 156.193 159.073 
118.112 121.089 113.706 118.305 
108.551 107.51 108.274 107.682 
107.056 104.519 107.886 105.569 
105.371 102.858 106.929 104.705 
104.667 101.662 107.762 105.097 
102.263 100.345 106.576 104.527 
101.774 103.316 105.713 104.592 
101.474 101.261 102.931 103.602 
100.767 100.688 101.778 102.477 
100.079 100.484 101.054 101.805 
100.556 100.869 100.44 103.153 
101.041 101.667 100.641 104.167 
242.036 241.467 236.028 237.006 
243.654 242.506 239.019 241.768 
246.09 247.003 242.801 243.028 
252.255 253.901 247.565 248.854 
253.327 254.603 252.308 250.296 
254.531 254.289 255.171 250.675 
255.105 251.818 255.471 252.286 
249.474 244.027 253.531 250.991 
244.352 236.202 248.255 244.065 
238.622 230.06 242.128 237.656 
218.881 214.5 221.878 217.515 
214.195 209.793 217.183 212.174 
207.701 205.331 211.36 207.467 
190.364 189.966 194.197 192.585 
184.407 181.858 185.7 184.28 
180.886 177.696 181.364 179.891 
169.611 167.03 169.06 169.005 
122.647 121.833 122.023 122.066 
114.963 114.073 113.508 113.048 
109.555 109.436 109.531 106.401 
107.096 104.56 107.469 104.647 
104.182 101.909 104.573 102.186 
102.288 99.7281 104.309 101.368 
98.4144 96.0256 101.699 98.4526 
96.1663 94.5765 99.0548 97.3268 
97.1827 96.7896 99.5626 99.3486 
97.4444 97.3677 98.8976 99.4104 
94.6182 95.3884 96.0846 96.7631 
93.506 94.9355 95.2206 96.4172 
95.1328 95.8993 95.5443 98.3369 
244.768 241.399 235.837 240.823 
246.375 243.272 238.949 244.211 
251.968 250.964 244.312 248.98 
254.412 255.328 247.642 252.154 
255.579 255.821 251.64 253.444 
255.923 255.927 255.93 255.929 
253.876 252.391 255.879 255.605 
251.798 248.591 255.052 254.717 
248.003 242.89 252.212 250.898 
236.593 229.261 239.759 239.363 
223.027 217.063 226.472 224.234 
211.963 208.784 215.608 212.446 
200.195 198.308 205.118 203.837 
188.093 186.483 195.636 196.715 
182.728 181.077 186.723 185.798 
177.079 174.124 179.029 177.432 
144.393 141.495 145.669 143.376 
121.297 119.07 120.641 118.893 
113.619 113.708 113.095 110.454 
110.511 110.727 110.134 107.322 
107.574 107.541 107.389 104.579 
103.439 101.337 103.365 101.344 
101.937 99.8202 102.356 99.9758 
97.0234 94.7145 99.0905 96.0267 
95.2229 93.1612 97.493 94.9171 
93.9846 92.3138 96.2814 94.7241 
90.1802 89.9779 91.9623 91.8254 
85.0077 85.5824 86.574 86.9378 
76.9562 77.7691 78.7868 79.3879 
74.7615 75.8404 76.8119 77.7619 
238.153 240.435 229.339 235.67 
244.303 243.745 237.173 244.385 
245.371 254.153 242.28 247.634 
254.52 255.473 247.537 253.151 
255.931 255.933 255.884 255.933 
255.933 255.932 255.933 255.932 
255.921 255.86 255.934 255.931 
252.837 251.049 255.611 255.545 
245.192 239.681 248.931 249.029 
233.812 225.927 238.538 238.095 
224.078 216.959 228.783 228.54 
210.337 206.153 214.789 213.429 
192.935 190.054 200.798 201.011 
187.554 184.801 195.29 195.92 
182.668 180.025 190.255 190.368 
169.956 166.042 173.808 170.613 
137.772 133.939 139.42 136.437 
121.962 118.923 123.477 120.153 
119.975 117.091 119.675 117.231 
110.836 110.607 110.174 107.554 
107.514 105.081 105.831 104.843 
104.028 101.865 102.995 101.681 
100.22 98.3996 99.9386 98.0127 
96.7152 94.7208 97.4741 94.8171 
93.6318 91.5163 95.0449 92.6177 
79.7117 79.146 80.703 79.3888 
71.4859 71.7223 71.6015 72.1542 
64.3753 64.9858 64.792 65.615 
52.9589 53.1894 53.5148 54.397 
51.9153 51.9072 53.015 53.0217 
230.736 234.692 223.726 228.774 
236.487 247.563 235.515 238.669 
241.767 252.395 241.091 245.485 
245.794 255.081 244.31 249.213 
254.924 255.343 254.595 255.556 
255.915 255.933 255.903 255.932 
254.342 255.649 255.674 255.866 
250.528 252.184 255.312 255.065 
240.961 240.467 250.762 248.813 
228.367 224.257 236.6 234.682 
214.842 213.721 222.496 220.26 
204.442 201.316 210.121 206.486 
198.451 193.971 203.179 198.051 
189.245 185.549 196.983 195.905 
181.167 175.859 184.604 179.154 
167.722 162.812 171.573 166.534 
132.963 128.02 136.021 130.744 
122.269 118.273 124.261 119.951 
120.664 116.773 122.29 118.373 
116.668 112.981 116.293 113.44 
107.947 104.948 105.761 104.728 
102.075 99.8302 100.517 99.0505 
99.6677 97.7782 98.5471 96.9569 
96.1115 94.3026 95.8656 93.6537 
81.3876 80.5021 81.9759 80.042 
72.4885 72.2068 72.8107 71.7523 
65.062 65.2688 65.1953 64.8227 
50.5022 51.3623 49.5605 51.4896 
47.8874 48.4097 47.9366 49.0968 
44.8934 44.9668 45.0358 45.8742 
222.325 226.834 219.772 222.289 
226.219 233.281 224.593 227.805 
236.881 249.065 238.1 241.848 
241.555 249.144 243.077 250.754 
242.829 245.858 244.312 249.413 
252.344 253.907 253.749 254.726 
248.673 253.322 253.645 254.06 
243.192 247.312 252.038 251.474 
230.242 232.369 240.412 238.74 
217.673 218.994 226.05 224.761 
209.809 211.082 217.84 216.114 
201.643 198.56 206.659 201.996 
196.928 192.082 201.106 195.155 
192.174 184.071 193.71 187.163 
174.941 167.337 174.795 170.061 
163.242 156.776 166.522 160.868 
138.637 131.727 141.268 135.298 
124.491 119.602 126.967 121.556 
123.468 118.508 123.763 119.278 
117.388 113.234 116.959 113.036 
110.342 105.668 109.339 105.359 
102.119 98.5129 100.625 98.01 
98.117 95.993 97.4459 94.7688 
94.5345 88.9563 94.4114 88.5773 
86.1773 70.8538 83.0418 71.2465 
67.0967 65.5724 67.5421 65.1601 
51.9298 52.1079 50.9784 52.0763 
47.2786 48.2931 46.4843 48.2433 
42.2379 42.7915 41.6529 43.1584 
31.9258 32.0586 32.2191 32.4299 
214.624 217.516 212.802 216.411 
214.484 219.369 213.809 218.085 
223.676 232.753 225.008 232.687 
233.469 238.829 235.856 243.456 
234.427 237.067 236.489 243.423 
237.433 239.363 240.478 244.866 
239.279 244.543 245.666 246.796 
229.77 235.239 238.108 238.855 
219.588 223.14 226.886 227.454 
211.865 214.481 218.705 219.392 
204.717 206.61 211.463 210.989 
194.706 192.096 199.502 195.886 
193.726 188.469 196.491 190.775 
185.232 178.488 186.166 180.715 
163.194 157.66 162.902 158.614 
151.013 144.976 150.657 147.703 
136.169 130.789 137.331 132.335 
128.626 123.718 128.846 124.087 
125.804 121.118 125.605 121.011 
122.508 117.239 121.413 116.772 
112.14 105.097 110.907 104.764 
102.862 95.2039 101.469 95.5084 
93.7836 86.5894 92.9628 87.7757 
88.0651 69.4129 84.9345 70.267 
68.927 52.7646 68.8715 55.1593 
52.8501 44.7945 52.1886 45.3095 
42.8961 42.6494 42.9695 42.6839 
31.5849 33.334 31.646 33.2818 
26.0512 26.8036 26.3064 27.1497 
13.8356 15.0974 15.7315 15.8365 
207.72 210.415 207.076 211.35 
209.148 212.994 208.252 213.047 
210.456 215.808 210.299 216.166 
222.388 228.573 223.109 233.374 
230.311 231.778 231.44 239.456 
229.035 230.184 230.152 238.563 
225.876 229.648 230.18 234.892 
214.914 220.181 220.334 223.506 
209.594 214.887 215.449 217.365 
203.213 207.097 208.858 210.003 
192.667 194.128 199.036 198.699 
185.958 183.468 190.57 187.88 
185.972 181.751 189.248 184.354 
165.06 160.22 166.001 160.9 
152.217 148.162 152.058 148.638 
146.223 142.766 146.646 143.023 
138.227 134.194 138.196 135.423 
130.81 128.349 130.03 126.562 
126.083 121.981 124.826 121.02 
120.178 114.804 117.001 112.318 
114.723 108.403 110.925 106.048 
95.5024 90.8163 93.0032 90.8407 
90.7732 86.4312 89.427 87.3657 
71.4108 63.3934 72.2879 65.7183 
56.7014 48.9427 58.4335 50.4386 
47.8358 42.3874 49.5043 43.9813 
30.4304 31.3461 31.0744 31.4206 
21.7269 23.6574 22.2091 23.7015 
5.41187 6.17048 6.39554 6.48511 
6.63099 7.79848 8.43928 8.41548 
197.042 198.693 198.497 202.012 
203.938 207.26 203.962 208.296 
197.544 203.182 198.661 202.432 
205.386 210.747 204.352 209.974 
215.583 218.308 214.114 223.347 
217.602 218.237 215.384 224.468 
208.943 212.573 210.251 217.003 
202.313 207.109 204.495 210.175 
197.718 202.816 201.03 204.861 
190.289 194.621 194.774 196.717 
181.061 182.894 185.405 184.932 
178.077 176.28 181.116 178.501 
175.9 172.228 177.681 173.617 
165.145 159.598 164.392 159.823 
149.261 145.971 148.488 144.821 
140.813 136.972 140.017 137.504 
132.925 131.108 131.486 128.778 
130.181 128.847 128.599 126.137 
125.89 125.531 124.33 122.029 
117.027 114.133 113.754 111.337 
103.686 101.992 100.26 98.488 
95.8328 94.0239 92.2862 90.4765 
85.9099 82.5777 84.5304 82.958 
62.9994 60.9493 64.025 60.0472 
55.1018 49.8484 57.2577 51.0592 
44.9951 43.4837 46.6703 43.6937 
28.2238 28.1282 29.6264 29.1553 
7.11936 7.22365 7.45567 7.56489 
2.74153 2.86048 2.9845 3.10287 
0.580464 0.609218 0.67544 0.629199 
188.924 190.368 191.021 194.498 
187.746 189.968 189.56 191.4 
187.365 190.479 188.187 189.203 
192.955 195.583 190.566 192.653 
199.462 201.083 194.343 199.237 
201.255 202.566 196.376 202.834 
195.378 197.432 191.649 198.762 
191.856 196.169 191.337 198.405 
184.878 189.535 185.876 192.137 
176.688 181.537 179.804 183.571 
167.954 170.924 173.07 173.225 
171.045 171.698 173.245 172.636 
164.521 165.059 166.392 165.04 
155.569 153.573 153.668 152.292 
143.757 141.598 140.626 139.179 
138.798 136.932 135.61 134.37 
134.243 133.037 131.056 130.152 
127.951 127.998 126.02 124.28 
121.004 122.667 118.562 118.328 
114.403 116.056 112.576 112.252 
101.361 101.773 100.458 100.655 
91.1367 89.9711 89.4881 88.4476 
74.1938 70.8687 75.3172 72.7728 
69.0738 66.6881 69.8724 67.7994 
56.5975 55.2345 58.5095 55.4385 
37.9086 37.5313 39.7348 38.7378 
29.1908 28.8982 30.8861 30.3848 
9.44402 9.41763 10.2198 10.3888 
0.683002 0.675656 0.72208 0.687068 
0.0836527 0.0747648 0.0978149 0.0812917 
180.583 180.534 181.347 184.8 
181.197 181.457 180.87 182.359 
182.555 182.825 181.5 181.361 
182.636 183.527 179.214 179.42 
189.24 190.568 184.75 186.067 
190.932 192.22 185.147 190.322 
180.049 183.163 176.735 182.696 
176.772 179.379 174.657 178.815 
173.249 178.116 173.826 178.809 
165.365 169.756 169.02 171.616 
164.223 168.334 169.979 171.156 
162.709 165.552 167.675 167.689 
157.391 159.439 159.618 159.976 
151.176 152.315 151.442 151.636 
141.243 141.101 137.124 138.25 
138.552 138.39 134.572 135.484 
134.017 134.039 130.052 131.008 
128.9 129.658 125.147 126.396 
120.926 123.1 118.447 118.907 
105.057 106.243 104.098 105.077 
99.7326 100.504 99.4844 100.272 
82.776 80.2134 84.223 82.2439 
73.9795 70.5252 75.9615 73.2439 
71.6192 68.1205 73.462 70.7497 
64.3537 62.5604 65.8785 64.2708 
44.7373 44.7261 46.0132 45.9059 
25.8971 26.0034 27.9918 27.5992 
11.1977 10.5506 12.1318 11.4612 
9.76633 4.77413 9.27743 3.50642 
0.239591 0.209705 0.264854 0.233295 
174.283 174.465 176.333 179.286 
177.523 176.723 176.757 178.442 
179.436 179.566 176.58 176.718 
179.869 179.976 176.266 175.766 
179.529 179.98 175.415 175.268 
176.216 177.982 171.56 174.958 
173.886 176.244 170.18 174.723 
172.496 174.831 169.067 172.925 
167.877 171.924 165.429 169.893 
163.897 168.748 163.115 168.5 
158.973 164.129 161.112 165.348 
155.538 160.388 159.097 163.563 
152.335 155.62 155.319 156.92 
141.808 143.965 140.352 143.895 
139.347 141.188 136.405 139.834 
136.064 138.569 133.583 137.154 
132.299 135.134 129.695 133.978 
128.151 131.286 125.262 129.063 
115.5 121.931 112.235 120.307 
102.543 104.289 101.633 103.677 
99.5227 100.52 99.3473 100.479 
92.9998 93.4801 93.5978 94.4153 
75.9861 73.2836 78.106 75.9067 
68.876 67.2115 70.6105 69.2568 
59.4392 59.2649 60.3743 60.3715 
46.2061 46.8162 46.5986 47.3895 
34.2002 34.4598 35.4535 36.1311 
17.3249 12.1052 17.5106 11.2501 
12.8435 7.12929 12.4816 5.93313 
15.3618 10.0473 15.3453 9.04374 
171.841 172.089 175.291 177.432 
173.323 173.048 174.571 175.965 
175.568 173.869 173.959 173.709 
177.474 177.249 174.444 173.716 
173.762 171.675 170.585 167.589 
171.442 169.971 167.416 166.416 
171.266 172.435 166.988 170.183 
170.539 171.816 166.98 168.407 
164.885 166.03 159.582 161.31 
158.453 163.244 157.285 162.493 
155.271 159.743 155.821 160.488 
151.548 155.833 152.524 156.782 
142.66 145.544 143.557 146.501 
139.441 142.296 138.98 142.575 
136.96 140.807 136.336 140.413 
133.492 138.819 133.442 138.563 
129.438 135.274 128.871 135.242 
120.41 128.764 118.339 128.368 
115.037 124.525 112.591 123.788 
109.744 116.75 107.61 116.212 
99.5038 101.705 99.2926 101.822 
90.9786 93.7434 91.7674 94.6166 
74.0777 76.2958 76.3424 77.8688 
66.7042 67.4285 68.3335 68.8803 
58.7947 59.4461 59.7216 60.4793 
45.4887 46.4268 46.4711 47.9979 
39.6943 40.4395 40.9527 42.163 
33.184 32.2017 34.2707 33.8345 
20.0358 14.3649 19.8709 13.5034 
24.3914 22.2378 25.3886 23.1942 
169.049 169.365 173.247 174.24 
168.266 167.677 170.071 169.687 
169.778 168.342 168.72 168.697 
170.055 168.042 168.217 165.872 
169.475 166.622 167.216 163.166 
167.624 164.14 165.034 160.833 
165.641 162.727 162.155 160.093 
164.72 163.685 158.65 157.866 
161.174 160.086 154.063 151.482 
158.052 157.549 152.651 151.959 
152.124 155.265 152.16 155.289 
146.554 147.298 147.133 147.582 
143.82 145.092 144.487 145.683 
138.013 140.321 138.936 139.4 
135.672 139.537 135.756 138.504 
132.798 137.859 133.002 136.826 
128.711 134.18 128.532 133.741 
123.284 128.865 123.019 128.673 
116.506 123.666 114.604 123.657 
114.279 117.536 113.677 118.543 
107.711 113.088 109.482 115.911 
91.2866 102.137 94.2484 101.907 
79.5973 89.6929 82.5447 90.1004 
68.1793 71.3018 68.7815 72.3324 
59.8677 61.3348 60.5198 61.9393 
54.6813 55.6835 55.1426 55.9983 
46.594 47.7525 47.8641 49.3089 
44.5419 42.9309 43.0761 42.9316 
38.5943 35.0891 37.4928 35.0772 
34.1983 32.2269 35.2676 32.8913 
165.075 164.615 168.921 167.753 
165.357 165.123 166.721 166.403 
165.894 165.642 165.238 165.97 
165.559 165.511 163.536 164.041 
165.917 164.149 164.448 161.163 
163.616 160.573 162.86 158.702 
161.827 159.264 161.019 157.288 
159.997 157.545 158.709 153.305 
155.31 154.511 154.842 149.863 
154.738 152.303 154.388 148.882 
148.276 146.525 149.192 147.088 
144.979 145.066 146.018 146.245 
138.953 140.366 140.651 140.127 
137.577 139.088 138.726 138.216 
136.192 138.118 137.03 136.744 
131.818 135.608 131.574 134.5 
127.101 131.064 126.72 130.831 
123.017 126.558 122.788 126.74 
118.265 120.999 117.941 122.038 
112.703 116.798 114.319 120.058 
110.875 115.396 112.661 118.509 
104.107 110.725 106.274 113.461 
81.4462 89.134 82.1019 89.6426 
73.6461 78.0331 73.3724 78.7059 
67.0713 69.446 67.097 70.2324 
57.7519 59.5158 58.8283 59.9809 
55.3202 56.5399 56.1704 56.9671 
54.4269 55.3443 54.9899 55.6032 
50.1471 48.4178 49.9673 47.9664 
50.0635 48.6369 51.7769 48.6709 
162.702 162.29 166.811 165.581 
163.12 163.061 164.648 164.672 
163.363 165.233 162.472 164.775 
163.409 165.337 161.503 163.649 
161.917 163.455 161.177 161.16 
160.134 160.275 161.227 158.66 
157.481 157.608 158.656 156.86 
153.637 153.438 156.103 152.081 
152.632 151.988 155.419 150.403 
149.627 149.344 153.214 149.827 
146.16 143.964 148.504 146.94 
142.683 140.961 144.193 144.341 
138.779 138.35 139.833 140.151 
136.467 137.596 137.375 136.869 
134.403 134.828 133.731 133.885 
132.187 133.154 131.301 132.453 
127.15 127.751 125.879 128.56 
123.201 125.491 122.945 125.792 
119.964 122.681 120.055 123.149 
116.225 118.824 116.401 119.844 
110.822 115.513 113.124 118.123 
101.423 106.011 102.474 106.22 
87.8991 92.084 88.8038 92.8078 
76.7735 79.2779 76.7303 80.316 
69.4397 71.3887 70.4503 72.0901 
65.5634 67.0359 66.4127 67.5876 
58.5148 59.9636 59.4617 60.3807 
58.6183 58.8877 58.6645 59.1126 
58.6773 58.4079 60.1076 59.1704 
55.5612 54.6179 57.5628 54.8853 
161.211 160.816 164.37 163.975 
161.489 161.69 163.025 163.417 
161.902 163.024 161.922 163.731 
161.305 164.769 158.924 162.565 
159.431 163.509 157.96 160.992 
155.83 158.823 157.519 157.966 
153.428 156.074 155.267 156.249 
151.801 153.216 154.484 154.063 
149.707 150.21 153.659 150.553 
146.107 146.529 150.979 150.068 
143.936 143.461 148.257 148.136 
139.509 137.808 141.454 142.894 
137.568 136.223 138.001 139.616 
134.859 134.597 134.741 135.144 
133.321 133.426 132.524 132.453 
130.065 129.646 128.259 129.592 
128.151 127.859 126.455 128.531 
125.706 126.12 124.654 126.83 
121.178 123.539 121.048 123.498 
116.17 119.516 116.662 119.034 
111.45 115.154 112.384 114.626 
103.521 106.631 104.073 106.087 
90.6819 92.7919 91.435 93.4454 
84.1478 85.7233 84.8027 86.518 
75.6329 76.9225 76.2505 77.6014 
68.3526 69.8851 69.0277 70.0971 
66.17 66.8255 66.0164 66.7505 
64.6935 64.5382 64.7099 64.8235 
63.196 62.5611 63.8288 63.2816 
61.2259 60.6484 62.8091 61.4823 
158.439 158.195 162.996 162.666 
159.121 156.613 160.891 161.661 
159.118 160.44 158.585 161.705 
159.013 162.274 156.073 160.886 
156.326 159.632 154.31 157.975 
153.694 157.252 153.393 156.581 
152.227 155.504 153.075 155.839 
150.995 153.276 152.113 153.924 
147.442 148.865 151.24 150.865 
143.698 144.446 148.689 148.806 
138.952 138.665 143.675 144.491 
137.738 136.635 141.288 142.887 
134.837 133.759 138.091 138.341 
132.828 132.219 133.464 132.769 
131.681 131.85 130.951 130.069 
130.695 130.973 129.512 129.077 
128.794 128.267 126.998 127.937 
125.141 125.973 123.807 124.699 
122.193 123.885 121.25 122.726 
117.634 120.141 117.175 119.093 
110.932 113.55 110.617 112.087 
101.92 104.062 101.468 103.387 
92.439 94.322 92.5721 94.4352 
86.8029 88.4843 87.4802 89.0949 
82.6263 84.1242 83.3169 84.8459 
76.4271 77.7217 76.8605 78.1506 
70.62 71.0238 70.351 70.7246 
69.5233 69.37 69.298 69.143 
68.0214 67.5498 68.1568 67.7146 
66.4388 65.472 66.816 65.6274 
157.445 154.239 161.323 159.963 
157.751 154.666 159.501 160.141 
157.881 155.028 157.944 159.516 
156.687 158.139 153.887 157.064 
155.576 157.899 152.651 155.988 
153.908 156.539 151.347 154.612 
151.601 154.244 150.58 153.751 
149.166 151.499 149.134 150.753 
145.272 147.124 146.676 146.487 
141.318 142.222 143.618 142.666 
138.445 138.595 141.564 141.551 
135.514 134.965 139.401 138.718 
132.981 132.602 137.042 136.023 
131.59 130.821 134.31 132.992 
129.228 129.085 132.837 130.093 
129.372 129.034 128.948 127.999 
127.679 127.012 126.547 125.779 
125.374 124.927 124.029 123.262 
122.807 123.212 121.272 121.592 
118.588 119.576 117.832 118.002 
112.058 113.472 110.669 111.404 
104.288 105.931 103.051 104.21 
94.6772 96.3118 93.6745 95.4838 
89.9492 93.8092 86.0241 91.0091 
83.8446 85.513 84.2082 85.8417 
80.6203 82.1761 80.9421 82.4033 
76.7937 77.6547 76.685 77.6326 
74.3865 74.1206 74.0371 73.869 
73.2107 73.2837 73.3006 73.103 
72.3884 71.9438 72.3161 71.5958 
155.802 154.192 162.385 157.347 
157.339 153.67 159.923 158.644 
156.184 155.102 155.378 155.589 
155.867 156.019 153.068 154.384 
154.775 155.997 151.592 153.209 
152.113 153.757 148.78 149.831 
147.908 148.863 148.041 146.44 
145.886 147.471 145.607 145.973 
143.485 142.563 141.652 142.501 
140.39 141.44 140.035 138.357 
139.102 139.883 139.012 137.307 
136.888 137.599 137.956 136.552 
132.528 133.343 135.594 135.143 
129.443 130.111 132.587 132.109 
128.086 127.524 132.059 129.617 
127.509 127.126 130.851 128.116 
126.907 125.903 126.75 125.446 
124.614 123.809 124.16 122.788 
121.675 121.802 121.32 120.71 
119.184 119.773 118.881 118.763 
115.271 116.206 114.69 114.818 
106.22 107.378 104.484 105.661 
93.901 97.8714 88.9673 94.1813 
90.8555 95.0921 85.7494 91.3298 
88.4048 92.4988 83.8063 89.1047 
82.0072 83.6594 81.8055 83.5667 
79.0041 79.3876 78.2433 78.9004 
76.9704 76.8531 76.4393 76.4698 
75.7294 75.4668 75.6206 75.1174 
75.4022 75.1091 75.3024 74.724 
154.613 153.199 161.187 156.321 
154.319 152.679 156.929 155.11 
154.867 153.323 153.93 153.516 
154.436 153.125 151.873 151.508 
153.468 152.991 150.131 149.017 
148.722 148.572 148.363 145.552 
146.312 145.965 147.197 144.265 
144.715 142.131 144.085 142.993 
143.634 141.842 141.7 142.783 
144.323 136.961 137.866 144.547 
138.929 139.717 137.428 135.76 
133.777 135.779 135.311 135.394 
130.787 132.834 132.511 133.73 
129.584 130.468 131.229 132.368 
128.62 129.295 131.513 131.116 
126.787 124.937 128.571 126.521 
125.522 124.202 126.044 124.598 
123.698 122.75 124.066 122.459 
121.242 120.989 121.803 120.638 
118.21 118.634 118.539 118.059 
113.919 114.32 112.938 113.204 
107.835 108.298 106.051 106.772 
100.72 100.81 97.9511 98.9704 
91.9295 95.8179 86.7823 91.8713 
88.2322 89.6695 86.7784 88.1521 
84.8963 86.0029 83.7334 84.9956 
82.253 82.9241 81.188 81.8858 
79.537 79.0038 78.7423 78.098 
77.9519 77.7199 77.6468 77.0119 
78.1986 77.4116 77.9861 76.8768 
151.803 151.522 156.545 155.392 
152.645 150.983 154.226 154.111 
153.807 151.309 152.288 152.217 
152.585 151.076 149.746 150.534 
152.738 150.826 149.52 148.333 
149.33 147.531 146.995 144.598 
145.222 143.132 147.082 142.343 
144.167 141.261 145.926 141.844 
144.049 141.011 143.162 142.532 
140.685 134.195 135.756 151.348 
228.033 211.649 43.269 148.415 
134.383 138.63 127.005 131.8 
130.612 133.333 133.482 134.953 
128.687 130.515 130.635 132.331 
126.109 125.494 128.656 127.623 
125.137 123.504 127.94 125.454 
124.493 122.554 126.776 124.368 
122.118 121.215 123.505 122.385 
119.716 119.559 121.205 120.048 
117.106 117.459 118.201 117.401 
113.122 113.265 112.743 112.537 
106.371 105.689 104.729 104.274 
101.625 100.169 98.4799 98.4624 
96.6366 95.8606 93.7151 93.6843 
91.1372 91.2533 89.213 88.712 
87.6795 87.9178 86.2559 86.1311 
85.4823 85.6545 84.5112 83.8493 
83.3323 82.949 82.565 81.5819 
81.3781 80.7719 81.0225 79.8883 
80.4935 79.5212 80.4461 79.2977 
150.508 151.542 152.837 155.08 
150.913 150.616 151.687 153.87 
150.886 149.913 149.276 151.548 
151.488 150.688 148.734 150.198 
150.496 150.155 147.424 148.101 
147.555 147.278 144.966 143.818 
144.805 144.045 144.012 141.973 
143.024 141.133 145.003 141.037 
141.47 140.622 141.681 141.205 
87.692 154.009 163.872 194.751 
46.6258 199.228 81.3088 8.07163 
169.209 142.789 160.775 67.3493 
131.443 134.785 136.013 136.601 
126.109 128.779 129.488 131.126 
124.043 125.955 127.501 128.449 
124.06 123.309 127.319 125.707 
122.943 121.429 125.599 124.98 
121.588 120.327 123.606 123.378 
118.579 118.497 120.583 120.437 
115.649 116.129 116.771 116.471 
108.605 108.599 108.356 107.68 
104.49 103.904 103.508 102.419 
101.116 99.9855 99.5891 98.556 
94.107 93.5413 92.3461 91.1783 
91.922 91.4969 90.4992 89.7528 
88.0995 88.2162 87.109 86.5722 
86.6096 86.7042 85.9011 85.4357 
85.2467 85.287 84.7548 84.0113 
82.7234 82.2166 83.2263 82.6492 
81.4753 80.4703 82.0651 80.8457 
149.226 152.638 147.384 152.872 
148.599 149.891 148.889 152.805 
148.238 148.72 148.118 151.826 
149.465 149.816 147.577 150.385 
147.362 149.338 144.988 146.691 
146.252 147.418 143.507 144.102 
141.769 142.817 142.153 141.328 
140.143 140.952 142.451 139.405 
158.759 151.227 119.285 140.907 
61.2065 48.7134 122.703 228.073 
137.445 59.1645 137.504 39.0008 
173.535 58.4828 140.996 164.289 
61.1739 72.5586 165.017 151.042 
129.763 125.732 121.545 130.366 
95.9465 116.385 100.499 114.493 
121.906 122.751 126.042 125.625 
121.678 121.192 124.556 124.749 
119.182 118.977 121.641 122.376 
117.218 118.133 119.667 120.316 
114.483 115.086 116.197 116.414 
107.855 108.543 107.932 107.488 
101.728 101.762 101.254 100.541 
97.4752 97.3032 96.7739 96.1608 
93.8151 93.409 93.0732 92.7218 
91.9165 91.3664 90.899 90.6327 
90.2238 89.6998 89.5571 89.2659 
87.4434 87.2908 86.9479 86.4413 
85.9623 84.9289 86.3108 85.4733 
83.9392 82.5065 85.5352 84.2152 
82.7184 81.1555 83.7614 82.1688 
148.704 152.921 145.667 151.564 
147.743 151.662 146.022 151.48 
146.584 148.031 147.198 151.444 
145.852 148.454 145.726 149.579 
144.927 148.25 143.654 147.115 
143.652 146.688 142.037 145.252 
139.008 139.846 139.583 143.619 
138.381 136.128 105.009 156.338 
109.673 99.9348 164.173 61.995 
205.705 249.619 61.4439 231.333 
174.829 244.13 155.289 97.1443 
171.656 46.0485 182.828 176.32 
72.6618 71.0812 114.875 126.481 
62.3801 76.2814 75.3263 65.8157 
24.7233 91.3373 16.5058 87.1011 
74.2972 87.5296 86.47 116.206 
123.658 113.283 117.538 129.49 
118.657 116.64 122.93 123.265 
116.793 119.089 121.381 121.116 
130.371 123.981 99.8142 101.595 
102.804 102.642 101.402 100.269 
98.7485 99.01 98.0134 97.5962 
96.5248 96.5713 96.0381 96.1819 
93.987 93.6562 93.6174 93.8243 
92.1834 91.8957 91.8182 92.1204 
90.2744 90.0963 90.4348 90.4156 
88.5044 87.408 89.2306 88.4048 
86.5978 84.4966 88.1222 86.5617 
85.355 82.8863 87.6152 85.9255 
85.3438 82.6443 87.8491 85.5167 
148.222 152.376 145.033 150.056 
145.037 148.983 145.653 149.727 
144.4 147.207 146.087 150.358 
143.579 146.862 144.624 149.275 
142.24 147.079 142.443 147.753 
143.052 152.411 139.135 148.579 
160.445 63.7274 169.193 96.657 
87.5259 136.597 149.805 145.846 
232.209 93.6693 140.081 45.655 
89.1807 154.991 74.3077 86.0117 
70.9452 170.552 58.838 126.443 
68.2939 194.357 33.6019 158.922 
47.7545 121.119 196.545 172.122 
44.8176 103.912 25.8266 99.9772 
11.216 100.584 14.236 99.8795 
39.8765 113.615 29.3339 98.3311 
210.816 27.4783 99.7324 203.277 
125.713 36.9664 87.812 180.617 
50.0881 119.894 91.5978 74.9088 
180.176 189.851 69.8709 53.0482 
136.296 129.91 73.3773 71.5891 
98.0155 97.8638 96.4928 95.9543 
95.8557 95.8267 95.2799 95.6994 
94.2285 94.2569 94.025 94.6521 
92.2322 92.5398 92.5181 93.2392 
90.0536 90.8615 91.4555 91.9476 
89.1316 89.1078 91.0587 90.4322 
88.3486 86.1838 91.1659 88.5129 
88.0953 84.6311 91.4502 89.2215 
104.981 104.219 114.186 107.372 
