70148000
255.933 255.932 255.913 255.932 
255.891 255.925 255.85 255.927 
254.732 255.568 251 253.773 
246.567 255.423 244.817 248.358 
244.519 253.955 243.48 246.887 
237.4 247.021 238.754 243.325 
226.556 230.358 227.585 236.656 
219.732 224.295 220.493 228.74 
209.91 213.939 209.289 215.028 
200.686 205.069 200.948 206.603 
192.301 195.623 193.415 197.98 
182.117 184.554 184.757 188.503 
169.986 170.399 173.988 176.058 
160.906 161.308 165.805 166.962 
152.61 152.286 157.394 157.523 
146.584 145.663 150.846 149.297 
144.901 142.236 147.088 143.907 
144.332 141.409 143.6 142.549 
139.628 140.291 140.472 138.943 
138.663 139.531 139.437 138.046 
255.917 255.894 255.933 255.911 
255.08 255.333 255.659 255.736 
251.488 251.793 254.542 255.475 
249.817 252.622 248.293 251.831 
238.983 248.483 241.379 245.128 
233.03 236.283 235.904 241.518 
227.458 230.37 229.795 236.146 
214.272 218.143 215.207 220.783 
208.967 212.661 208.89 213.864 
204.255 207.793 204.84 209.15 
191.466 195.022 194.218 197.624 
179.596 182.42 183.374 186.21 
166.25 168.594 171.72 172.877 
158.302 159.566 163.091 164.343 
150.191 151.44 155.16 155.853 
146.124 146.584 150.229 150.492 
144.24 142.833 145.563 146.06 
143.054 140.888 142.363 143.074 
141.845 139.907 140.405 140.848 
138.074 138.685 138.509 137.384 
254.783 254.178 255.058 251.84 
252.472 251.635 254.711 250.964 
249.669 248.12 254.602 254.047 
246.777 243.693 252.254 251.542 
236.24 237.008 242.336 244.178 
231.443 232.571 235.94 239.26 
221.631 224.072 226.566 229.703 
213.947 216.972 218.076 221.079 
207.535 210.623 209.902 213.248 
198.656 201.29 202.762 204.534 
186.284 187.482 192.778 195.308 
172.411 175.644 177.547 178.884 
165.785 169.132 169.558 171.405 
161.072 163.72 164.755 166.313 
151.938 154.25 153.667 156.078 
145.866 147.396 147.941 149.598 
141.528 141.855 144.181 145.767 
141.008 139.165 141.638 143.18 
138.356 136.772 138.712 138.84 
136.68 136.006 135.924 135.323 
252.238 250.587 250.932 247.054 
249.508 245.818 248.981 245.68 
248.146 243.469 252.346 249.478 
242.849 235.16 247.365 242.803 
238.306 230.888 243.423 239.749 
226.196 223.695 232.022 230.186 
218.627 217.657 223.508 222.502 
211.892 212.522 217.573 217.876 
204.57 205.36 210.448 210.318 
193.125 192.536 200.894 201.464 
185.911 185.76 193.664 195.499 
176.223 177.671 181.887 184.633 
164.38 168.267 167.041 169.615 
161.885 165.702 160.003 164.317 
151.116 153.371 149.92 152.679 
146.265 148.36 145.966 148.124 
141.664 142.585 144.104 145.215 
136.802 135.038 138.891 138.766 
135.519 134.495 135.86 134.925 
135.026 134.807 134.197 133.677 
247.669 244.773 241.382 243.987 
244.618 242.917 241.34 241.622 
241.998 237.86 241.169 237.28 
240.493 232.022 242.375 236.784 
231.435 225.457 232.822 227.46 
224.08 219.309 227.594 222.56 
216.084 213.331 219.826 215.436 
211.112 208.155 214.793 212.272 
201.041 198.673 206.901 204.043 
194.043 192.238 200.078 197.54 
181.457 180.322 190.033 189.947 
169.827 171.525 172.938 173.235 
164.641 167.806 163.414 166.25 
161.424 163.36 157.68 159.63 
153.931 155.228 149.473 150.146 
142.793 144.279 143.408 144.666 
133.754 133.495 137.342 136.819 
131.934 131.966 134.448 133.957 
133.09 132.131 132.835 131.585 
133.447 133.484 132.438 132.065 
242.532 241.99 237.206 240.564 
238.325 240.869 237.403 237.31 
234.503 236.315 234.226 232.856 
232.556 228.94 230.764 227.037 
229.461 224.103 228.21 223.282 
218.579 215.129 220.743 215.619 
214.201 210.634 216.724 211.719 
209.159 205.456 212.056 207.303 
194.585 190.884 198.892 195.114 
182.814 181.462 190.075 186.767 
176.049 175.543 183.511 180.918 
170.645 170.602 176.16 174.372 
160.698 161.767 161.824 161.422 
156.406 157.343 152.648 152.505 
140.436 142.935 139.885 141.675 
132.024 134.142 134.909 136.296 
129.565 130.24 133.313 133.049 
130.703 130.912 132.073 131.96 
130.379 130.136 129.771 128.48 
130.265 129.35 128.368 129.016 
235.015 237.228 228.078 231.669 
232.93 237.452 231.981 233.093 
227.297 230.664 226.908 227.179 
225.469 225.94 223.603 222.589 
223.611 219.509 221.874 217.519 
211.783 207.688 210.752 206.108 
210.036 206.124 212.09 206.605 
196.099 191.076 198.148 192.666 
192.517 187.558 195.469 190.174 
184.905 180.456 188.536 183.69 
173.073 171.883 179.297 176.749 
160.06 157.72 162.254 162.034 
157.7 158.393 159.35 158.782 
150.081 152.311 150.592 151.304 
131.492 135.204 132.661 135.709 
127.366 128.769 131.422 131.296 
127.612 127.416 132.119 130.573 
129.255 128.681 130.205 128.448 
129.633 128.587 128.338 127.057 
129.365 128.315 127.872 126.878 
226.823 227.479 219.172 221.801 
221.607 225.578 218.817 221.485 
220.457 223.739 219.033 220.024 
217.887 219.228 216.614 216.012 
210.229 208.493 208.114 205.505 
206.166 202.443 204.637 200.142 
200.684 197.252 199.26 195.001 
188.065 183.815 188.36 184.466 
186.682 182.267 188.431 183.691 
176.982 171.372 177.811 173.211 
162.863 158.548 165.231 162.786 
157.979 154.703 159.412 158.841 
155.15 153.249 156.223 156.45 
135.5 137.826 134.322 136.573 
125.95 129.54 126.9 130.093 
124.49 126.218 127.086 128.324 
126.115 125.079 130.274 128.021 
126.697 124.143 128.593 125.47 
128.424 127.011 127.699 125.471 
127.58 126.44 125.782 126.22 
212.504 213.343 204.579 208.389 
209.933 211.215 204.646 208.297 
212.497 214.931 210.361 211.752 
208.725 209.284 206.454 206.392 
200.69 199.758 198.5 197.209 
199.963 197.751 197.587 195.302 
183.374 182.242 180.627 179.69 
183.094 179.424 182.204 179.434 
179.442 174.77 179.042 175.676 
167.588 162.562 169.375 163.526 
155.479 152.359 157.418 152.475 
155.415 151.781 157.762 155.593 
140.678 140.991 140.639 138.967 
126.091 129.149 125.521 128.583 
122.068 124.611 123.413 125.757 
121.613 122.286 123.81 124.167 
122.548 120.283 125.787 122.824 
125.168 122.024 127.324 123.746 
125.507 123.422 125.983 123.297 
138.298 137.696 110.344 109.994 
193.496 198.333 188.443 194.854 
200.072 201.793 194.476 199.599 
201.857 203.319 198.279 200.997 
195.917 196.892 193.892 194.333 
192.864 192.626 190.591 190.36 
183.484 183.535 180.073 180.237 
179.976 179.961 176.674 176.62 
179.183 177.965 176.824 175.732 
172.235 167.68 171.261 166.989 
159.904 155.096 159.362 154.771 
150.013 147.219 151.659 147.068 
144.488 143.486 145.244 141.989 
124.479 126.971 123.252 125.63 
119.503 124.134 118.925 124.198 
119.003 121.199 120.605 122.659 
119.443 119.087 121.795 120.869 
120.66 118.665 123.509 120.777 
122.436 119.235 124.762 120.718 
137.335 135.337 109.765 107.86 
135.853 136.661 107.545 107.117 
183.411 189.66 180.23 187.127 
187.592 192.648 184.656 190.58 
186.237 189.441 184.534 187.583 
185.368 187.106 183.414 184.808 
181.846 182.584 179.522 180.453 
176.032 176.045 173.956 174.211 
176.047 176.441 173.06 173.279 
171.601 170.478 170.095 168.943 
156.052 152.026 155.938 153.14 
142.028 137.973 142.03 139.022 
134.646 132.92 135.593 133.208 
110.167 112.002 112.251 111.629 
114.859 120.16 113.564 119.446 
112.171 118.162 113.319 121.094 
115.643 118.417 116.591 120.158 
114.358 115.632 115.998 116.989 
118.943 117.148 120.923 118.711 
120.658 117.588 121.035 118.287 
120.238 119.791 119.125 117.599 
134.255 135.176 105.93 105.597 
175.295 182.391 173.471 180.543 
175.357 179.591 173.411 178.983 
176.967 181.273 176.154 179.586 
176.344 179.487 174.551 176.912 
163.179 166.736 162.434 166.069 
168.367 168.538 167.061 167.336 
159.804 159.909 160.733 158.328 
155.969 153.696 156.129 154.682 
139.643 136.093 141.032 138.687 
122.046 118.72 123.818 122.028 
105.358 106.462 108.163 107.448 
103.743 105.983 106.525 106.359 
107.283 112.062 110.166 114.52 
109.999 115.631 111.71 118.781 
110.985 114.648 113.615 117.983 
111.982 113.31 113.452 114.461 
113.043 113.17 114.65 114.405 
117.388 114.742 117.851 115.52 
118.04 116.046 116.963 115.197 
118.276 119.132 116.533 115.926 
141.251 144.304 139.97 144.926 
106.879 110.445 108.021 111.147 
152.13 156.384 151.845 155.052 
153.724 158.022 153.229 157.493 
156.629 160.509 156.116 160.294 
154.561 157.699 155.352 157.446 
151.615 151.452 153.134 150.677 
139.189 138.796 141.387 138.591 
115.551 112.404 118.015 116.234 
96.9552 95.1236 100.115 98.5849 
96.1408 95.7153 98.7807 98.8012 
100.323 103.222 103.152 103.687 
94.5165 114.283 95.6843 115.35 
107.396 111.932 109.623 115.213 
106.395 107.524 106.569 109.327 
110.383 111.657 111.575 112.52 
110.654 110.751 111.748 111.743 
113.22 110.434 114.105 111.669 
114.451 112.666 113.435 111.699 
114.577 114.582 112.974 112.447 
64.1303 65.5086 65.058 66.3097 
57.7868 58.9003 58.7525 59.7837 
63.172 64.7774 63.5704 65.1687 
83.9664 84.7571 83.6507 84.903 
125.567 128.316 125.944 129.087 
99.3875 98.7606 100.192 99.8276 
130.212 129.896 131.858 129.411 
85.0873 83.8286 85.9992 85.2037 
84.2102 83.15 87.0844 86.0919 
87.8257 87.2857 90.8148 90.5379 
88.4829 89.7614 90.4915 92.0033 
85.8678 102.907 86.9228 104.387 
79.519 118.533 82.8561 118.094 
97.3341 108.968 97.1016 110.827 
102.488 102.988 101.832 104.653 
105.804 106.269 105.823 107.815 
108.404 106.578 109.682 108.312 
110.506 107.455 111.217 108.456 
111.766 109.686 111.09 108.981 
110.633 111.631 110.014 107.979 
46.769 46.1751 47.4516 47.2343 
49.2267 49.539 49.6113 50.1972 
50.8141 51.2281 50.6527 51.813 
62.8019 62.4347 63.0847 63.4176 
69.0948 67.9298 70.3486 69.605 
71.0677 69.5085 72.4149 71.1522 
77.1662 76.1485 77.8248 76.9646 
74.4931 72.0085 76.2091 73.8981 
77.6999 77.9793 79.3524 79.6073 
80.4851 82.3381 82.4143 83.8571 
83.643 86.3897 85.1713 87.878 
87.5305 97.1766 82.8925 92.5378 
77.6627 114.1 80.9635 113.63 
94.6481 99.21 95.2995 99.2513 
100.251 100.827 99.8327 102.31 
101.814 101.668 102.473 102.75 
104.967 103.204 105.783 104.13 
107.129 103.99 107.414 104.697 
109.191 109.387 108.866 106.203 
109.352 110.085 108.627 106.698 
36.1171 34.012 35.8136 34.6128 
39.5003 37.4883 39.0871 38.1139 
43.5014 43.7973 42.3695 43.9551 
47.1721 63.5159 47.4827 63.8582 
67.4977 67.2528 68.6905 68.5724 
66.3401 66.4765 67.5292 67.4251 
71.9528 69.6041 73.3314 71.2068 
73.2561 71.0525 74.5661 72.6093 
73.9569 72.2805 75.5282 73.9604 
77.4544 80.5201 77.829 80.9546 
86.3241 91.2171 81.0615 86.7458 
89.335 94.7001 83.0083 89.5132 
91.3601 97.1036 86.4793 92.6366 
93.8987 95.4538 94.343 95.8634 
96.3269 96.8348 96.6381 97.3511 
100.399 99.1507 100.953 99.6698 
103.368 101.16 103.769 101.683 
104.645 102.495 104.171 102.136 
106.558 105.405 105.053 104.291 
108.168 109.048 107.523 105.823 
22.1764 20.0416 22.7673 20.8161 
18.225 17.856 19.6759 18.6475 
17.6777 23.6728 18.9159 24.7599 
11.5851 71.242 11.8056 71.386 
42.9339 53.8179 44.2124 55.5098 
57.0296 57.255 57.2482 57.6616 
61.6454 62.2357 61.9033 62.4527 
71.0997 68.9839 72.6466 70.5982 
71.1063 72.2933 70.9299 72.2682 
75.6135 77.9384 75.4921 77.5776 
82.4332 84.2656 82.1917 83.7198 
90.2031 93.9895 84.5622 89.1928 
90.7156 91.9087 90.694 91.8639 
92.7836 93.6524 93.0598 93.9491 
94.758 94.4057 95.2732 94.845 
97.8789 95.4555 98.6247 95.9318 
101.951 99.1779 101.81 99.2895 
103.199 101.291 102.432 100.692 
102.432 102.585 101.767 101.872 
105.028 105.057 103.642 104.085 
2.54478 2.64018 3.19228 2.92672 
7.30222 7.9155 9.11793 8.69826 
11.7615 7.53207 12.3504 6.65224 
24.7308 30.5915 26.5306 32.5934 
38.8184 39.5789 40.2041 41.2649 
46.7584 47.1224 48.0341 48.7401 
56.8505 56.3574 58.3943 56.8625 
61.7279 61.4701 63.3153 62.1931 
67.8403 66.9884 68.3277 67.4125 
76.2971 76.1201 75.6208 75.5295 
82.7743 83.082 82.3764 82.339 
86.6411 87.0251 86.0703 86.1225 
89.9405 90.3168 89.8685 90.2832 
92.1514 91.8623 92.3074 91.9718 
94.4012 92.8053 94.5166 92.9634 
97.4561 94.8406 96.0309 92.8948 
99.509 96.8435 99.3321 96.667 
100.31 99.5514 99.9016 99.3693 
100.49 100.887 100.12 100.371 
101.168 102.206 100.823 101.635 
0.430105 0.431978 0.483417 0.457416 
2.89814 1.49679 2.81052 1.12171 
12.0228 6.98051 11.6885 5.80137 
19.714 15.0457 19.7352 14.1662 
32.4064 32.4314 34.2539 34.2029 
42.3678 42.1078 43.4299 42.8295 
53.6967 51.2431 55.8173 51.9907 
59.0914 57.9031 61.1871 58.7854 
68.2743 65.2115 69.2347 65.7883 
78.8017 76.9911 78.6566 76.6959 
83.8673 83.6337 83.3364 82.4798 
86.5227 86.3972 86.1217 85.5054 
89.4588 87.6091 88.7642 87.8431 
91.6539 90.3875 91.7437 90.0192 
95.0542 93.2741 93.0416 90.5264 
97.5172 95.5823 93.7141 91.0097 
98.1337 96.8234 95.6435 94.3472 
99.5073 98.5364 98.2918 97.5635 
100.061 99.9617 99.2493 99.2862 
100.631 100.678 99.3174 99.5804 
0.475334 0.47246 0.529519 0.485086 
1.77459 1.81342 1.94553 1.87472 
11.0529 6.71556 10.6306 5.50711 
23.9862 23.7545 25.5045 25.1003 
28.0564 27.7031 29.6012 28.9958 
44.8914 42.1609 46.7971 43.0056 
52.1062 49.1574 54.0224 49.5825 
56.7229 51.5116 58.5654 52.3655 
81.2831 64.1095 79.2956 65.0549 
83.7857 76.4889 83.1173 76.0311 
85.273 83.2132 84.7019 82.3876 
88.5054 86.0161 87.606 86.4119 
90.1295 87.1348 89.4785 87.9506 
91.5425 88.4788 90.8894 88.9598 
93.452 92.3531 91.8912 90.0684 
96.7982 95.9552 93.4812 92.3788 
96.5553 96.7895 95.238 95.7481 
97.5299 97.5245 96.2585 96.6157 
99.819 99.0755 98.0919 97.561 
100.237 100.564 98.7544 98.5307 
