988000
0.460677 0.458285 0.508584 0.46613 
1.58496 1.5655 1.80484 1.62455 
10.0541 5.21697 9.78649 4.08033 
21.3812 16.4268 21.8374 16.8481 
35.8426 32.7105 36.2619 32.9281 
47.5034 46.5676 48.3231 47.1741 
56.9293 56.7727 58.6458 57.9125 
61.7505 61.4006 63.4205 63.0733 
64.8341 64.2097 66.3269 66.0333 
71.9413 69.5783 73.9587 71.9839 
76.4328 77.0233 78.0095 78.0306 
124.025 127.335 122.601 126.135 
181.28 184.094 176.975 183.813 
189.211 191.903 185.517 191.418 
198.719 200.369 193.297 198.602 
208.441 211.955 203.684 207.814 
219.999 224.408 217.517 219.286 
225.598 230.075 223.433 224.757 
232.046 235.815 228.94 230.286 
242.425 243.396 236.789 238.304 
252.293 251.712 249.282 246.985 
253.784 253.44 252.009 248.474 
254.962 254.539 255.349 254.102 
255.919 255.895 255.933 255.914 
255.933 255.932 255.931 255.932 
0.483285 0.548685 0.609443 0.614756 
3.37092 1.85559 3.27315 1.42228 
10.9384 6.29373 11.2829 5.18641 
16.8621 10.6138 16.7826 9.6747 
43.1814 40.7971 43.6589 41.6267 
52.3983 52.2425 53.708 53.1462 
57.6615 57.6862 59.3583 58.7291 
61.2039 60.9399 62.7919 62.0939 
69.8965 66.8351 71.9328 69.4839 
73.0246 70.1893 74.989 72.6867 
76.857 74.5051 78.8715 76.7921 
129.749 129.127 128.292 129.877 
176.34 179.036 172.215 176.264 
187.997 193.058 183.951 190.145 
199.372 200.871 193.032 198.458 
207.639 208.766 201.437 205.692 
217.133 218.615 213.426 215.328 
224.265 225.442 221.63 221.777 
232.096 230.172 228.219 227.132 
242.558 239.229 236.457 238.263 
247.463 243.72 241.694 243.363 
252.192 250.473 252.967 249.344 
251.745 250.4 255.371 254.684 
254.568 254.571 255.683 255.829 
255.915 255.926 255.884 255.929 
2.49298 2.717 2.66025 2.98917 
10.672 11.5506 12.5234 12.4005 
16.7781 11.4999 16.8529 10.721 
37.2469 34.6894 36.1564 35.0718 
47.3749 46.5071 46.2614 46.9081 
50.9817 51.4194 51.3117 52.251 
57.2515 57.5716 58.4604 58.3229 
65.5688 64.5618 66.5828 65.7455 
69.8605 68.0212 70.8438 69.4701 
74.6688 71.2557 76.2543 73.6468 
105.206 103.509 105.109 105.108 
142.774 141.352 139.974 141.507 
172.564 176.986 169.45 173.926 
183.411 189.098 180.186 184.869 
191.855 195.747 187.533 192.258 
205.023 205.282 201.403 202.016 
214.72 214.59 211.675 211.803 
223.653 221.251 221.028 218.62 
230.907 227.085 227.614 224.639 
236.165 232.207 232.811 229.767 
244.492 239.13 241.612 240.236 
246.05 239.13 250.401 245.819 
249.288 247.755 254.245 253.474 
250.417 252.915 252.811 254.747 
253.587 255.4 252.826 255.293 
19.3606 19.9047 20.4798 20.8495 
22.322 22.3768 23.6303 23.643 
27.1485 26.8205 28.7542 28.2566 
36.2889 35.2233 37.1558 36.3459 
48.4586 48.0045 49.3005 48.1284 
52.5017 53.052 52.3456 53.5099 
63.86 65.3005 64.5142 65.6675 
68.8104 69.8402 69.1959 70.2956 
72.0615 71.0043 72.641 71.9444 
77.2404 76.3916 77.3129 76.5148 
83.7363 82.6298 83.7054 82.8113 
143.22 142.007 140.628 141.672 
171.305 172.013 167.537 168.722 
181.095 185.071 177.837 181.021 
193.964 193.613 190.494 189.732 
201.612 200.543 198.364 196.909 
208.787 207.068 206.836 203.856 
218.862 215.597 217.281 213.086 
227.227 222.607 225.154 220.181 
234.938 229.442 233.931 228.21 
241.67 232.778 244.825 238.715 
243.299 235.199 247.652 242.317 
242.554 238.54 247.457 246.597 
244.645 249.529 247.449 251.274 
244.828 254.349 244.5 248.292 
30.8703 31.4965 31.4827 32.2947 
29.1034 29.411 30.4847 30.7417 
34.1945 33.6163 35.5678 34.8229 
45.4749 44.2336 46.9455 44.5296 
52.3106 49.3118 53.9626 49.6176 
58.3463 56.9451 59.4924 56.6538 
69.92 70.7004 70.799 70.489 
70.5452 72.8721 71.2284 73.3688 
74.7581 76.0628 75.0419 76.3241 
79.2222 78.999 78.7514 78.6602 
84.4222 83.829 84.1476 83.278 
103.766 101.2 102.822 101.918 
167.515 167.752 164.523 164.764 
175.928 176.315 173.259 172.439 
182.779 183.002 179.226 178.785 
199.306 197.205 196.772 194.157 
206.005 203.218 204.183 200.399 
211.231 207.891 210.28 205.606 
220.604 214.756 220.522 214.653 
227.647 220.863 229.805 223.378 
232.261 226.107 236.055 230.229 
238.332 231.819 242.741 240.458 
235.062 235.548 239.505 242.906 
238.799 248.163 241.235 244.589 
240.515 251.375 241.717 244.498 
37.7085 38.4983 38.7224 39.9717 
39.6253 40.3958 40.6125 41.9972 
42.45 42.5579 43.4757 43.9952 
54.4612 49.6538 56.2321 50.96 
54.7519 50.5822 56.5999 50.8518 
67.7559 63.1607 68.7555 63.4224 
72.4273 72.2083 73.0804 72.0606 
74.3681 75.5855 75.0051 75.7075 
78.9566 81.284 79.4328 82.157 
84.4525 84.9882 84.2102 84.5524 
88.5001 86.5237 87.6381 86.9094 
90.3379 87.6547 89.7332 88.4276 
130.97 129.651 129.136 129.024 
174.775 175.462 171.508 171.616 
180.075 180.121 176.707 176.415 
185.332 184.416 181.922 181.058 
200.679 197.133 199.646 195.68 
205.188 199.792 205.641 200.051 
211.74 205.493 212.883 207.528 
219.357 214.044 223.229 217.908 
223.51 220.13 229.098 225.831 
226.038 224.486 231.659 231.012 
231.457 232.796 235.109 238.624 
233.188 238.179 235.723 239.68 
237.121 247.909 238.839 241.408 
47.2826 48.3704 48.0577 48.9432 
46.6108 47.4773 47.5243 48.8331 
55.5222 55.1932 55.5395 55.5179 
67.909 66.3416 67.49 65.9903 
62.8021 55.6991 64.3668 56.925 
83.7819 72.0095 82.3956 72.6235 
78.3098 76.6806 78.9355 76.7957 
80.3676 82.4416 81.4556 84.0789 
83.7454 85.8745 84.9727 87.2513 
86.8487 87.9723 87.4817 88.6289 
88.9119 88.6652 88.9652 88.3869 
92.319 89.6394 92.168 90.7887 
121.578 120.359 120.76 120.486 
155.552 155.38 153.253 154.066 
175.635 175.615 172.304 172.179 
187.146 183.205 186.009 182.911 
194.648 189.358 195.648 190.105 
196.308 191.253 198.707 193.271 
202.486 197.134 206.45 200.455 
209.852 206.285 215.776 211.939 
215.047 214.495 221.666 219.691 
216.371 215.936 220.892 219.035 
223.854 226.088 227.194 231.983 
226.581 230.513 227.757 235.109 
228.814 234.914 231.121 235.222 
56.5095 57.6441 56.8502 57.5919 
56.3736 57.512 56.9001 57.7379 
67.9988 68.1392 67.9229 67.9189 
74.1879 73.5058 73.6637 73.0366 
85.6563 88.1357 81.8405 85.1065 
87.3756 85.5765 88.1448 85.4879 
88.1471 88.7559 89.0028 89.6687 
87.8506 89.5843 88.9732 90.8141 
88.7635 90.4267 89.8696 91.5827 
91.3995 91.9293 91.779 92.2863 
92.9213 92.3982 93.1475 92.6197 
94.7035 92.6795 96.1358 94.0149 
98.417 96.0614 100.023 98.2294 
131.704 130.162 130.441 129.981 
160.879 159.042 158.463 156.466 
175.653 171.859 173.747 169.624 
186.053 181.13 187.145 181.918 
188.007 183.718 189.858 185.859 
196.257 192.834 201.09 196.864 
202.107 200.256 208.294 204.796 
210.802 210.284 215.644 213.197 
212.994 212.805 217.033 215.211 
214.8 215.093 217.89 217.54 
215.032 218.818 215.103 221.622 
219.448 225.791 221.472 227.056 
63.6202 64.5071 63.437 63.8399 
72.2975 72.8111 71.6134 72.0698 
80.7346 81.2013 80.6604 80.9438 
86.3631 89.489 82.4948 86.4487 
90.2778 95.7349 86.1878 92.3361 
90.9217 96.8805 88.3121 94.3711 
96.4564 98.2159 96.9729 100.067 
95.4753 96.6975 96.5106 97.884 
95.6202 96.5887 96.3544 97.0387 
96.1869 96.0333 95.597 95.4898 
97.5854 95.86 98.0099 96.2965 
96.9484 94.0145 98.7734 95.9576 
100.053 95.5603 102.349 98.664 
115.649 111.577 116.761 113.437 
159.737 156.88 158.171 153.919 
171.252 168.045 170.115 165.751 
178.554 174.003 178.52 174.327 
181.772 177.718 182.723 179.269 
186.679 183.22 188.811 186.19 
194.756 193.223 199.926 198.32 
195.447 194.97 202.779 203.724 
209.381 209.265 213.107 211.381 
205.953 209.321 206.714 211.096 
208.794 212.599 208.539 214.315 
210.045 214.948 210.589 215.864 
90.2274 90.2343 87.963 87.664 
93.8979 94.4413 92.4884 92.9385 
97.2745 99.205 98.1662 97.932 
99.7075 101.429 99.458 100.856 
96.2093 100.809 92.1997 97.9133 
102.111 103.672 102.581 105.809 
101.628 102.029 101.861 104.398 
99.8799 100.486 100.96 101.982 
100.094 100.349 100.613 100.638 
100.498 99.9195 100.15 99.6092 
103.649 101.256 102.896 100.827 
101.781 97.669 102.584 99.1302 
112.526 104.408 114.104 107.614 
124.733 117.433 125.902 119.861 
148.488 145.256 149.095 144.444 
166.015 162.706 164.382 160.168 
173.155 168.382 172.358 168.258 
179.222 175.143 179.895 176.825 
181.634 178.821 185.418 182.431 
183.912 182.384 192.682 192.947 
187.64 186.641 195.836 197.213 
190.807 191.648 197.115 199.545 
196.221 199.51 198.309 202.011 
202.526 206.327 202.992 207.865 
200.229 204.597 201.931 206.157 
106.401 106.969 103.971 103.966 
104.801 107.062 105.658 105.285 
104.395 106.871 105.746 105.56 
105.872 108.792 107.526 107.602 
107.496 109.338 108.142 109.751 
106.25 107.131 107.486 108.759 
104.477 104.56 105.21 106.782 
106.315 107.161 107.35 105.612 
103.113 102.992 103.917 103.492 
105.072 103.373 104.404 103.203 
106.417 103.922 105.677 103.716 
112.41 107.502 112.032 108.188 
124.353 114.091 125.483 116.71 
140.478 134.246 142.175 135.159 
145.726 141.151 147.15 141.408 
157.168 152.882 156.806 152.425 
168.752 162.991 167.148 164.1 
172.905 168.486 173.938 171.005 
175.192 173.716 181.632 178.987 
177.193 176.938 185.073 183.042 
181.15 180.755 190.043 191.127 
183.369 186.566 187.663 190.483 
188.787 192.461 191.397 195.173 
191.626 194.492 192.44 195.819 
190.122 192.739 191.353 193.341 
123.234 125.999 124.042 125.652 
124.157 125.978 124.11 125.666 
113.423 115.741 114.784 114.703 
116.811 118.581 116.61 118.58 
115.776 116.775 116.004 117.925 
109.702 109.983 110.534 111.381 
108.776 109.472 109.406 107.862 
109.147 109.605 109.766 107.47 
111.258 111.248 112.534 109.352 
113.676 111.752 114.747 112.328 
114.564 111.316 114.628 112.186 
132.927 126.536 135.155 130.729 
141.873 133.224 143.872 136.598 
152.652 144.824 152.913 145.873 
150.462 144.915 150.794 144.568 
158.615 154.496 158.996 152.563 
162.597 157.895 165.495 160.093 
166.161 162.547 169.339 166.263 
169.821 167.815 174.687 172.349 
172.685 172.551 179.635 178.16 
169.411 171.664 175.121 175.871 
175.262 178.898 179.393 182.136 
179.2 182.588 181.317 184.518 
182.486 185.184 182.608 185.037 
184.148 185.601 184.317 185.424 
131.469 135.159 133.721 135.806 
131.793 134.246 132.721 134.427 
131.339 132.175 130.254 132.044 
128.54 129.341 127.619 129.822 
125.086 126.072 124.787 127.089 
123.225 124.25 124.044 125.192 
117.252 117.24 117.984 117.717 
114.861 115.03 116.711 112.951 
120.443 118.159 123.056 119.616 
122.813 120.211 126.048 122.373 
135.226 131.918 138.861 135.992 
147.417 142.981 151.602 148.556 
152.434 148.673 157.022 152.842 
157.943 152.18 158.224 153.718 
159.845 154.582 158.087 150.991 
158.137 155.047 161.412 153.494 
158.581 155.674 163.136 157.138 
158.966 154.982 162.388 160.466 
164.156 162.822 168.458 166.67 
164.53 165.919 169.109 168.916 
165.78 168.135 170.814 171.767 
166.655 170.473 171.508 173.162 
173.054 177.22 174.132 177.309 
175.181 178.526 173.866 177.794 
179.405 181.445 178.821 180.837 
134.69 138.615 136.852 139.419 
136.491 138.592 136.521 138.63 
133.885 134.729 132.492 134.294 
132.494 133.527 131.599 133.843 
130.626 132.048 131.199 132.582 
130.274 131.612 131.108 131.746 
129.156 130.182 131.538 130.694 
128.397 128.108 132.259 128.819 
133.065 130.01 135.098 132.142 
137.077 134.804 140.724 138.2 
145.478 145.302 150.552 149.191 
149.913 148.525 155.296 153.038 
153.768 152.82 158.932 156.67 
156.594 157.271 159.803 158.718 
159.49 158.09 158.463 157.542 
159.443 157.64 157.646 153.83 
157.899 153.915 159.815 157.73 
157.957 154.044 158.716 158.323 
155.902 154.933 158.477 156.249 
161.95 162.223 163.888 164.205 
162.712 164.797 166.668 167.447 
163.836 167.447 166.02 168.89 
168.606 171.813 167.162 171.612 
169.253 173.328 166.916 172.27 
173.542 175.513 171.394 175.235 
138.323 141.583 138.804 142.078 
138.963 141.024 138.568 141.142 
137.397 138.589 136.252 138.574 
134.864 135.909 134.476 136.775 
134.05 134.782 134.079 134.643 
131.951 133.203 132.624 133.155 
133.373 133.688 134.496 133.144 
136.136 133.729 138.08 135.435 
140.135 137.055 141.654 139.93 
142.882 140.68 145.287 143.942 
146.469 146.162 150.729 150.049 
148.816 149.25 153.469 153.062 
155.055 156.64 159.083 158.745 
156.647 158.656 159.206 159.9 
156.42 160.259 156.988 160.44 
158.206 159.123 155.109 157.123 
157.875 157.355 154.402 154.495 
154.836 153.209 155.155 152.617 
152.862 152.016 153.495 150.535 
153.761 153.647 155.986 152.876 
155.323 156.364 156.049 156.873 
156.749 158.935 157.228 158.231 
163.08 166.376 160.895 165.213 
165.024 168.721 162.339 167.39 
164.267 166.696 162.651 166.056 
138.499 141.701 138.366 141.217 
138.849 140.863 138.029 140.141 
138.455 140.448 137.036 139.478 
136.952 139.515 135.598 139.442 
134.503 137.485 134.705 137.753 
134.1 135.443 134.74 134.922 
135.886 136.444 137.39 136.714 
139.249 137.866 140.143 140.598 
141.747 139.289 142.661 141.746 
145.065 144.688 146.505 146.951 
147.135 147.615 150.402 150.901 
150.959 152.526 154.298 155.293 
152.396 156.407 156.448 159.645 
155.399 159.92 156.907 160.78 
155.657 160.073 155.41 160.197 
155.698 159.785 154.376 159.048 
156.805 157.85 151.912 153.662 
157.786 157.39 150.079 149.606 
152.187 151.583 152.725 148.918 
150.672 148.855 149.87 146.959 
149.346 147.972 149.722 146.438 
147.203 146.848 148.027 144.95 
150.319 150.598 149.953 148.917 
154.196 155.774 152.563 154.611 
142.024 138.242 141.677 138.081 
136.002 138.387 135.225 136.116 
137.409 138.806 135.659 136.326 
137.829 140.342 135.043 137.254 
135.307 140.476 134.084 138.26 
133.918 140.025 133.412 139.545 
133.499 137.723 134.47 138.797 
136.597 136.445 137.793 139.857 
138.73 137.676 139.447 141.773 
143.368 143.475 144.307 146.108 
145.71 146.443 146.456 148.522 
146.897 147.74 147.794 150.051 
149.006 151.378 151.962 154.579 
150.719 155.132 154.29 157.588 
152.533 156.837 154.717 158.642 
154.316 159.328 154.498 159.288 
153.788 156.413 151.552 155.314 
152.089 155.08 148.227 152.093 
155.674 156.306 148.49 148.504 
150.599 150.291 146.639 146.274 
149.437 147.453 147.934 145.159 
143.634 141.038 140.217 137.794 
141.831 140.391 141.54 138.029 
134.975 131.914 132.661 129.33 
132.315 128.664 130.921 126.673 
129.06 124.776 128.443 123.647 
132.855 133.838 131.563 130.852 
135.145 136.122 133.071 132.554 
135.105 137.672 132.774 133.86 
133.499 138.766 132.246 136 
131.319 138.01 131.101 137.038 
129.764 134.831 131.926 136.477 
131.561 133.587 134.918 136.727 
136.533 136.369 139.153 141.704 
138.387 139.224 141.307 144.438 
143.533 144.797 145.131 147.619 
145.457 147.588 148.203 151.164 
147.71 151.025 151.226 154.095 
149.39 153.59 152.581 156.426 
150.649 154.181 152.034 155.459 
150.282 153.528 149.816 153.583 
149.704 153.508 146.785 152.198 
148.638 152.291 145.247 149.934 
148.038 150.757 144.236 147.922 
145.389 145.609 142.145 143.946 
142.823 140.856 139.481 138.881 
135.07 133.05 133.034 131.481 
130.991 129.299 129.379 126.892 
129.086 125.792 126.973 124.181 
126.254 122.435 125.203 121.022 
125.685 121.578 125.167 120.594 
130.776 131.761 130.27 129.317 
132.085 132.509 130.293 129.723 
132.667 133.438 129.235 129.877 
131.655 135.523 129.748 132.9 
128.725 134.41 127.735 133.56 
127.238 132.274 128.084 133.086 
127.844 131.061 130.789 133.472 
129.605 131.238 132.821 134.456 
133.39 134.391 136.666 138.902 
137.814 140.139 141.328 143.597 
141.554 143.855 145.397 146.411 
144.395 146.735 148.02 148.869 
147.569 150.222 149.796 152.431 
148.465 150.826 148.774 151.371 
146.913 149.517 146.843 149.192 
146.665 149.697 145.211 148.747 
146.064 149.7 143.098 147.295 
143.493 145.848 140.983 143.988 
141.872 141.927 138.837 141.766 
135.874 134.335 133.99 133.968 
131.051 129.697 129.724 127.522 
129.565 128.23 128.21 125.978 
127.605 125.778 125.923 123.277 
123.704 119.574 120.782 117.081 
123.167 119.687 121.899 118.067 
129.323 129.429 128.948 128.247 
129.256 128.274 127.294 128.21 
130.629 130.871 127.463 128.173 
129.863 131.561 126.632 128.66 
126.693 131.443 124.675 129.933 
124.401 129.983 124.485 130.116 
124.345 128.513 126.026 129.912 
125.122 127.44 127.732 129.549 
125.97 128.31 129.409 130.447 
131.453 132.965 135.272 135.747 
137.137 138.206 141.891 141.728 
139.761 140.016 143.71 143.503 
142.813 143.903 144.967 145.597 
144.074 145.484 144.743 145.554 
142.728 144.43 143.589 143.632 
139.748 141.906 140.495 140.337 
141.672 143.693 139.57 140.091 
140.869 142.57 138.334 139.917 
138.084 138.237 135.646 138.04 
131.099 129.333 129.444 129.553 
125.37 123.096 124.597 122.856 
126.2 124.743 124.8 122.688 
121.618 118.574 118.717 116.851 
120.252 115.873 116.501 113.09 
115.989 114.472 113.285 110.844 
128.478 127.38 127.423 127.981 
128.584 127.238 126.9 127.812 
128.349 127.567 125.991 127.089 
126.839 128.648 123.895 125.971 
124.493 128.495 121.755 126.058 
121.364 127.427 120.476 126.46 
121.155 125.696 122.26 126.589 
122.068 125.412 124.582 126.765 
123.224 125.879 126.483 127.662 
124.128 126.153 128.272 128.751 
131.678 131.714 136.464 136.604 
134.604 134.129 139.497 139.469 
135.302 134.813 138.898 138.727 
138.807 139.297 140.397 139.528 
138.36 139.883 140.052 138.812 
138.389 139.779 139.448 138.133 
138.699 140.335 138.551 137.645 
138.615 139.852 136.025 136.252 
130.736 130.82 128.431 129.714 
123.841 122.121 123.112 122.33 
121.743 119.486 121.197 119.595 
120.661 118.392 119.702 118.075 
118.259 116.424 116.666 115.31 
115.382 114.285 113.339 111.713 
112.415 112.603 111.71 110.452 
126.503 124.969 127.925 125.536 
127.568 126.243 126.227 126.63 
126.099 126.068 124.648 124.495 
124.851 126.151 122.611 123.425 
122.234 125.689 119.525 122.666 
119 124.167 117.617 120.331 
118.196 123.391 118.89 123.512 
118.947 122.694 120.616 123.799 
114.759 119.171 118.167 122.653 
119.088 120.834 122.367 123.669 
121.904 122.718 126.306 127.083 
127.981 127.363 132.459 132.721 
127.096 125.762 130.464 130.008 
131.781 130.643 133.667 132.82 
135.48 134.54 136.755 135.303 
137.32 138.028 138.193 137.14 
138.472 139.114 136.772 136.294 
122.503 128.905 118.887 127.677 
125.047 126.631 123.127 126.161 
120.957 121.066 120.596 121.448 
120.304 118.393 120.246 118.764 
117.75 116.321 117.498 116.215 
116.168 114.756 115.696 114.183 
113.377 112.677 113.248 111.732 
112.13 112.147 111.707 110.532 
125.508 123.731 127.418 124.736 
125.26 123.894 126.59 124.48 
124.137 124.571 123.225 123.291 
123.009 124.139 121.205 121.878 
120.636 123.382 118.887 119.258 
118.603 122.715 117.412 118.739 
117.696 121.311 116.806 118.825 
112.568 117.379 114.95 120.2 
111.62 116.283 114.262 119.178 
112.303 116.335 115.537 120.155 
115.8 116.885 118.878 120.269 
119.893 119.493 123.459 123.943 
122.85 121.267 125.806 125.411 
127.232 124.889 128.772 128.554 
129.288 127.04 130.514 129.765 
132.944 131.352 133.08 132.711 
104.409 138.582 102.191 134.467 
114.22 123.919 111.558 123.824 
115.69 122.354 113.803 122.668 
117.801 119.049 118.095 119.83 
117.158 117.338 118.229 117.965 
116.405 115.355 117.056 115.343 
115.193 113.795 115.325 113.562 
114.353 112.486 113.616 111.68 
128.346 127.068 100.798 99.4285 
124.785 123.01 126.845 124.166 
123.481 122.822 124.15 123.485 
122.311 122.788 122.242 122.509 
121.611 122.552 120.748 121.115 
119.935 120.9 119.16 119.242 
118.223 120.991 116.899 118.168 
115.943 118.268 115.106 118.554 
114.67 117.156 114.025 117.328 
111.163 115.706 113.162 118.04 
111.59 114.833 112.611 115.038 
112.039 113.683 114.35 115.795 
112.569 113.161 114.997 115.591 
118.915 117.667 121.665 121.589 
121.454 119.823 124.619 123.224 
126.828 124.556 128.611 127.614 
98.0705 135.135 95.7744 142.138 
13.4923 123.312 17.148 127.31 
50.2649 114.864 48.7596 114.261 
107.344 116.525 107.055 117.94 
116.329 117.956 116.21 117.24 
116.381 117.218 117.991 117.127 
117.137 116.601 117.966 114.927 
114.163 113.856 116.281 110.641 
141.214 144.712 101.122 100.312 
211.353 180.177 129.278 96.3568 
123.763 122.098 124.892 123.163 
122.649 121.884 123.674 122.496 
121.364 121.729 121.825 121.618 
120.009 121.049 120.221 120.165 
119.297 120.341 119.102 119.092 
118.236 119.494 117.752 118.306 
116.122 117.818 114.745 117.843 
114.193 116.074 112.394 114.82 
112.318 115.185 111.611 114.22 
110.762 113.191 110.518 112.997 
111.148 112.267 112.795 113.895 
111.585 112.246 113.596 114.241 
112.504 112.641 115.04 115.213 
116.612 114.966 119.396 118.778 
117.894 126.451 125.924 115.794 
136.122 163.193 53.3699 139.708 
6.27246 101.426 1.76856 99.0567 
3.99097 86.5838 3.13661 86.5635 
22.3855 84.2932 23.3299 90.1605 
105.87 102.041 113.81 81.3811 
103.257 121.377 124.171 119.368 
181.082 103.936 116.753 200.309 
151.183 194.382 144.124 93.0311 
159.719 212.16 118.76 166.649 
52.0819 198.444 114.071 30.6174 
