19340332
1.4954 1.09945 0.807163 1.71861 0.944662 0.795707 1.67217 1.09507 0.787842 
3.19887 2.75974 2.45092 3.42187 2.62836 2.46098 3.31701 2.77386 2.46182 
26.6667 24.8112 23.6264 27.7174 24.6039 23.9023 27.5427 25.3948 24.1434 
48.4024 46.0956 44.8437 48.9616 46.7602 45.2152 48.8103 47.0635 45.5919 
69.6024 69.247 68.9989 69.935 69.0559 68.9693 69.0696 68.5915 68.4011 
83.5787 82.8589 82.9583 82.3452 82.7461 82.5036 82.0484 82.1233 81.2418 
89.4695 89.6841 90.4849 88.9904 89.3834 89.7599 88.7312 88.9102 89.1689 
106.695 107.483 108.124 106.305 106.886 107.822 105.538 106.013 107.302 
122.843 124.037 124.741 122.919 123.615 124.836 122.751 123.782 124.862 
129.493 130.577 131.154 129.607 130.375 131.175 129.767 130.669 131.249 
132.605 133.531 133.62 132.737 133.193 133.674 132.884 133.645 133.717 
135.726 136.144 136.505 135.551 135.965 136.624 135.948 136.516 136.464 
4.43471 4.20128 3.97778 4.38376 4.18257 3.89265 4.39143 4.1084 3.88463 
18.9667 17.6396 16.3725 19.541 17.211 16.3815 19.3438 17.6645 16.399 
33.9432 32.9838 32.3283 34.1002 33.1801 32.2267 33.9722 33.4045 32.428 
62.4648 62.1837 61.9625 63.1544 62.1573 61.9414 62.4735 61.9692 61.5705 
75.2499 75.1672 75.2194 75.5874 75.189 75.0632 74.7527 74.7817 74.1976 
84.1107 84.2658 84.9238 83.7249 83.4349 82.8126 82.9549 82.417 81.6852 
89.9722 90.1897 91.2851 89.7313 90.6255 90.8854 89.5967 90.1533 90.1454 
102.438 103.9 106.053 102.851 104.502 106.006 102.582 104.485 105.935 
125.353 126.234 127.687 125.464 126.315 127.963 125.335 126.41 127.733 
137.623 138.385 139.119 137.673 138.206 139.114 137.785 138.675 139.213 
139.865 140.114 140.008 140.168 140.164 139.997 139.97 140.163 140.077 
141.451 141.956 142.014 141.444 141.343 141.168 141.897 141.7 141.316 
26.3921 26.2784 25.9847 26.3175 26.1071 25.7725 26.3598 26.0604 25.6481 
36.4368 36.0633 35.6673 36.3579 35.8829 35.4558 36.2326 35.8685 35.427 
52.4007 54.0217 54.4566 54.5779 54.6455 55.7284 54.1058 54.6837 55.1522 
66.3373 66.1255 66.1245 66.5001 66.2665 66.1466 66.7726 66.5457 66.2849 
81.8532 81.7106 82.6376 82.1307 81.8594 80.7618 81.7285 81.6068 80.8057 
87.7377 87.4751 88.2205 87.069 87.0149 86.2184 86.816 86.1719 85.144 
92.1983 92.6276 93.9017 91.8854 92.1686 91.7493 91.5308 91.4484 90.9829 
116.67 119.682 122.982 117.006 120.174 123.178 116.769 120.643 123.395 
145.995 147.865 150.937 144.252 147.535 149.449 144.702 146.678 148.145 
151.935 153.22 153.99 151.756 152.435 153.594 152.967 152.736 152.925 
153.7 153.731 153.094 154.079 153.847 153.986 154.392 153.86 153.019 
148.755 149.018 149.06 149.258 148.898 148.25 150.092 149.229 148.717 
38.3713 42.2378 41.6829 38.382 42.0227 41.4365 38.2554 42.0066 41.4309 
52.6397 54.3575 54.8695 54.8031 54.8912 56.1177 54.1557 54.8704 55.4771 
56.5997 58.3217 58.877 58.8507 58.9758 60.2232 58.3268 59.0414 59.6758 
64.0784 64.8405 66.177 67.4508 67.7418 67.7434 67.3633 69.2962 69.5283 
83.151 80.5063 82.8217 86.7065 86.9027 83.8022 87.9908 91.2264 90.3622 
89.8811 88.6282 90.1245 91.0065 90.6809 88.3722 91.2253 91.8004 90.4808 
122.511 122.331 122.228 122.998 122.972 122.383 123.181 122.49 121.815 
149.557 150.914 153.303 147.288 150.394 151.547 147.141 148.913 150.274 
162.909 162.132 162.765 159.528 160.706 161.83 158.156 159.451 160.697 
160.7 161.451 162.777 159.492 161.04 162.035 160.113 160.164 160.251 
162.873 163.108 162.807 163.753 163.58 164.16 164.869 163.73 163.144 
165.413 164.874 165.108 167.622 166.805 166.7 169.325 168.43 167.207 
46.5641 59.242 58.219 46.2934 59.3177 58.2676 46.2379 59.0902 58.3532 
58.7888 63.6954 63.3308 58.8508 63.6931 63.406 59.0058 63.8418 63.6229 
62.1947 63.8271 64.2541 64.3112 64.5048 65.6032 63.7267 64.5022 65.1027 
92.214 91.8612 91.7054 91.8201 92.1692 91.9388 92.1239 92.6378 93.1524 
103.318 102.21 105.329 104.699 104.096 103.615 104.572 106.709 107.312 
121.681 121.049 120.436 122.781 121.985 120.844 123.313 122.042 120.856 
147.101 146.575 145.693 147.659 146.986 145.762 147.354 146.608 145.484 
164.307 162.834 161.848 162.122 161.629 161.776 160.209 160.989 161.514 
171.613 171.574 171.17 167.715 168.033 169.526 164.569 166.57 169.147 
173.331 173.208 174.271 171.351 171.736 172.058 169.621 168.536 170.444 
174.403 174.081 174.453 175.566 175.208 175.275 176.331 175.968 175.425 
175.591 175.432 176.813 178.93 177.996 177.955 181.15 180.289 179.593 
74.9006 85.5441 85.5068 75.5474 86.1444 85.8911 75.9154 86.6428 86.389 
78.751 80.084 80.7544 79.1012 80.6739 81.1937 79.5621 81.2166 81.7582 
93.7434 93.4607 93.5153 93.5469 93.7946 93.7127 93.9557 94.2335 94.6537 
110.593 110.64 112.741 109.922 109.532 110.545 109.028 110.045 111.526 
115.17 115.416 117.724 114.682 114.526 115.763 113.973 115.144 116.714 
131.65 132.296 135.722 131.571 131.602 133.965 131.141 132.924 134.894 
175.458 173.54 176.05 174.694 173.017 177.447 174.556 174.421 176.039 
176.489 177.522 177.862 174.605 175.164 177.112 173.041 174.695 177.019 
185.736 186.506 188.781 183.269 185.451 189.193 182.306 184.08 188.043 
187.43 188.494 189.665 183.895 185.164 186.595 181.695 181.407 184.69 
193.116 194.633 195.545 191.404 193.225 193.881 192.632 192.537 195.32 
189.388 189.22 190.24 190.198 189.849 190.422 191.098 190.77 191.092 
92.6599 93.8799 94.3514 93.2795 94.4673 94.8868 93.4404 94.8398 95.3431 
93.1447 92.9956 92.846 93.9012 93.4647 93.3953 94.413 94.2817 94.0437 
108.339 107.113 106.123 109.796 108.036 106.976 109.999 108.99 108.209 
141.496 141.438 142.679 140.516 141.382 142.37 143.644 145.902 147.378 
132.53 133.226 136.84 132.324 132.509 135.354 132.179 134.393 136.683 
177.685 175.075 178.962 177.476 176.106 181.463 177.64 178.503 180.996 
184.553 182.03 185.574 183.209 181.159 186.999 184.019 182.518 185.829 
187.375 185.327 188.884 186.329 185.281 191.227 186.144 187.126 189.951 
195.188 195.637 199.957 193.93 196.404 201.24 193.454 197.302 201.372 
201.319 202.526 205.198 198.952 202.281 205.872 199.912 202.212 206.323 
209.356 211.308 211.955 207.173 210.152 213.837 208.396 210.706 214.223 
211.154 212.545 214.047 208.59 211.136 212.843 208.991 210.592 213.491 
101.212 101.426 101.319 101.789 101.716 101.92 101.969 101.727 102.152 
104.379 103.368 102.323 104.786 103.742 102.908 105.085 104.234 103.479 
143.455 142.771 143.39 142.797 143.149 143.509 146.275 147.947 148.67 
153.729 153.63 154.945 153.049 153.977 155.239 156.624 159.199 160.607 
159.706 159.461 161.45 159.103 160.194 161.936 162.342 165.087 166.989 
180.249 179.509 182.207 179.566 179.733 182.72 181.712 181.079 184.169 
197.764 195.69 197.223 195.915 191.607 194.136 196.551 193.612 193.483 
203.963 201.529 204.7 205.343 203.349 203.87 201.897 201.434 204.427 
204.114 204.038 207.587 203.565 205.692 209.779 203.52 207.56 211.005 
213.199 214.486 216.632 212.662 215.233 219.572 213.925 217.61 220.45 
217.583 220.011 221.262 216.492 220.1 223.606 217.954 221.378 224.046 
220.572 222.778 224.162 218.811 222.019 225.681 218.809 221.574 224.247 
109.489 109.64 109.827 109.277 110.267 110.538 110.485 110.499 110.754 
116.922 115.852 114.977 117.539 116.676 115.596 118.124 117.081 116.448 
150.168 148.319 146.615 151.487 150.283 148.577 152.254 151.83 150.022 
156.556 156.091 156.927 155.844 156.518 157.04 159.354 161.524 162.323 
177.625 173.024 173.061 175.825 173.965 176.451 178.447 179.653 180.008 
197.604 196.592 196.589 196.492 193.298 193.282 196.943 195.359 194.017 
205.867 204.026 204.486 205.34 200.89 200.158 203.973 201.106 200.26 
208.949 207.134 207.565 208.616 204.235 203.45 206.848 204.43 203.529 
216.301 214.511 216.106 217.799 216.42 215.899 214.219 214.627 216.337 
227.588 227.787 228.237 228.092 228.491 229.454 227.669 230.032 230.7 
229.149 230.028 234.767 229.074 233.782 235.135 233.356 237.012 235.321 
229.274 231.554 234.298 228.949 232.525 234.608 229.887 232.526 233.706 
113.382 113.322 113.319 113.144 113.906 113.831 114.329 114.207 114.121 
123.843 123.058 122.449 123.495 123.468 122.898 124.505 123.895 123.236 
156.466 154.708 153.064 156.963 154.916 152.981 157.445 156.143 154.348 
174.609 169.482 168.747 172.551 169.965 171.572 174.962 174.884 174.724 
182.615 177.324 176.442 180.404 177.805 179.313 182.684 182.826 182.708 
192.084 188.119 187.13 190.655 188.423 189.265 192.468 192.549 192.142 
207.14 205.989 205.142 206.009 202.143 201.101 206.202 203.444 201.318 
216.748 214.501 214.63 218.359 215.859 213.391 214.552 213.079 213.28 
230.21 229.298 228.072 230.054 228.568 227.435 227.729 227.289 227.313 
235.116 234.118 236.222 234.768 236.19 235.695 235.726 236.91 236.039 
237.967 237.562 240.819 239.271 241.866 240.801 241.653 244.376 241.589 
238.116 238.888 243.934 240.053 243.921 243.851 244.091 246.347 243.695 
117.303 116.931 116.584 116.956 117.419 117.035 118.034 117.795 117.374 
135.923 133.998 134.799 136.2 133.715 134.052 137.075 133.746 133.676 
154.244 153.012 151.837 154.522 152.65 151.487 154.56 152.782 152.139 
170.017 168.864 167.414 170.818 169.308 167.317 170.629 169.417 168.075 
186.247 182.868 181.135 186.444 183.162 182.073 185.18 184.787 184.2 
197.948 196.713 195.264 199.077 197.393 195.366 199.475 197.743 196.546 
211.431 210.632 210.059 212.705 210.867 209.142 213.897 212.295 210.396 
222.004 220.547 220.321 223.294 220.984 219.998 223.929 221.58 220.588 
233.585 231.851 229.965 232.461 230.855 229.747 231.187 229.191 230.108 
242.407 241.138 239.062 242.698 241.705 239.482 240.594 240.693 240.418 
243.887 243.224 244.706 244.635 246.86 244.474 246.496 248.262 245.712 
251.077 253.333 253.557 252.258 253.908 253.756 253.763 251.848 253.969 
128.923 127.146 128.391 129.168 126.78 127.678 130.2 126.702 127.153 
137.356 135.273 136.252 137.27 134.421 135.417 138.091 134.416 134.951 
149.908 148.081 148.975 150.019 147.465 148.132 150.883 147.263 147.777 
180.444 178.803 176.935 181.708 178.97 176.676 179.367 178.619 177.599 
186.977 185.209 183.284 188.491 185.592 182.929 186.173 185.09 183.792 
194.562 193.369 192.143 196.339 193.797 191.651 195.463 194.601 192.588 
211.719 210.954 212.181 215.063 213.732 212.915 217.989 216.261 214.259 
220.731 219.038 220.21 223.864 221.438 221.054 226.746 224.583 222.833 
231.891 229.541 229.512 232.954 230.174 229.808 233.676 231.418 230.443 
245.953 244.243 242.158 244.238 243.437 242.644 242.056 241.848 243.588 
252.11 253.955 253.462 252.678 253.989 253.583 253.498 251.706 253.861 
252.682 255.202 254.927 253.373 255.085 255.026 254.387 252.398 255.108 
