439553
125.649 130.619 54.6325 96.2064 204.093 62.0563 237.553 124.798 2.94314 
105.523 231.659 74.0882 98.228 98.1346 227.832 0.0923524 90.3457 173.492 
166.292 167.97 178.266 166.657 171.927 178.483 2.36575 8.27852 4.01791 
180.923 162.177 244.777 140.248 209.879 140.594 102.888 0.537172 89.9347 
73.003 48.8946 171.536 85.4914 79.2233 162.292 227.735 192.015 128.797 
33.601 111.933 46.9778 251.35 171.107 168.239 147.126 86.3144 122.15 
222.51 86.7822 70.1278 224.803 196.469 88.9313 84.0441 103.826 218.29 
122.949 173.75 226.03 29.1549 59.1877 179.326 210.044 104.79 218.255 
174.141 104.913 42.9229 216.78 91.3543 251.276 105.336 38.7026 206.656 
78.6193 10.8918 102.767 74.9449 243.073 86.521 58.3735 228.294 41.3585 
227.163 92.2671 240.146 191.367 107.289 232.603 113.957 237.95 207.472 
75.4894 104.279 100.29 79.5993 85.3468 105.53 68.7496 110.274 103.906 
86.4588 86.1902 86.0589 84.9498 85.4199 84.0511 83.031 82.9342 83.2315 
85.442 85.1745 84.5744 84.2999 83.9871 83.3201 83.0464 82.4582 82.3028 
84.1396 84.4634 84.8948 83.6728 84.0097 84.4808 83.3803 83.529 84.0148 
83.9884 84.2598 85.1085 84.124 84.8052 85.6597 84.3574 84.8102 85.0607 
84.9579 85.0321 85.4602 85.7051 85.7531 86.4318 86.116 86.287 86.3298 
86.2867 85.7768 85.6565 86.9601 86.187 86.3535 87.2599 87.0141 86.7311 
88.3794 87.3156 86.5924 89.042 87.2262 86.7333 88.9175 88.1567 87.8292 
91.3627 89.3875 88.5357 91.7862 89.871 88.865 92.516 91.3603 90.0997 
92.1057 90.3242 89.6222 93.0408 91.4078 90.5049 94.4056 93.3565 91.8497 
93.1285 91.9966 92.2587 94.3727 93.4304 92.6148 95.8635 95.7229 94.4805 
95.4516 94.5133 94.1702 97.827 96.6245 95.9887 99.9051 99.0168 97.8321 
98.9201 97.1289 97.1865 100.243 99.8838 98.6156 101.497 101.604 100.883 
100.425 98.2944 98.3544 101.56 101.387 99.6518 102.771 103.105 102.288 
101.181 102.342 102.844 105.754 105.003 106.559 108.508 109.016 110.552 
102.155 104.101 104.809 107.05 106.442 108.648 109.629 110.449 112.53 
105.004 106.161 105.207 106.725 106.387 107.008 108.103 107.984 109.709 
109.561 108.359 109.11 108.068 107.343 108.514 108.358 109.279 109.299 
248.361 135.912 69.0294 235.764 168.574 163.212 135.82 128.965 165.812 
178.194 177.473 168.006 180.7 176.835 169.663 2.87823 3.26221 6.53325 
218.484 217.505 218.984 217.398 217.279 216.972 0.988797 0.247824 0.0182319 
218.356 218.78 220.631 216.316 217.531 219.726 3.77271 11.3082 11.5821 
219.835 240.099 223.432 219.616 251.991 217.138 29.4361 103.516 118.469 
183.129 245.885 14.1104 239.382 214.091 163.036 29.2998 91.5208 112.25 
140.515 105.982 149.165 139.22 24.8014 27.8321 66.9461 51.8888 57.6585 
209.464 59.4093 59.8281 136.122 252.521 118.748 100.72 121.273 21.1828 
22.8115 144.714 87.9019 72.5713 14.3934 13.5736 2.51699 90.0302 235.785 
74.1296 138.392 67.4663 121.961 56.3653 179.9 30.8242 32.5148 83.0191 
62.4295 121.522 140.741 73.9631 127.713 112.606 63.1504 100.778 137.966 
73.5927 97.1434 97.7131 72.0267 97.3814 97.0117 74.381 99.1555 100.536 
83.3355 85.6054 86.2058 82.2849 84.6686 85.0462 81.069 83.3465 84.2494 
83.1952 83.3841 82.883 82.1958 82.3582 82.5088 81.198 80.9626 81.5137 
82.556 82.9608 83.0864 82.1623 82.333 82.7935 81.9273 81.9127 82.1801 
82.7265 82.4104 82.0569 82.0588 83.1217 83.0219 81.6146 83.6861 83.3482 
84.251 84.0289 84.3109 84.4055 84.4656 84.6567 84.976 85.0057 84.6666 
85.8289 84.8534 83.7727 86.1589 85.3687 84.3223 86.8772 85.5145 84.4102 
87.8649 86.3893 85.6002 88.1565 86.2524 84.8821 88.8652 87.6965 86.4533 
88.6728 87.0364 86.4048 89.6269 88.0882 87.2491 92.2609 89.7996 88.682 
91.1421 89.7666 90.274 91.9839 91.4706 90.4868 93.3914 93.3295 92.3568 
91.9008 91.4444 92.2828 93.0982 92.8101 92.5386 94.4499 94.8666 94.4001 
93.9584 93.714 94.7006 95.3407 95.2577 95.3848 96.5774 97.2193 97.0284 
96.1958 96.3355 97.2379 97.1841 97.4141 98.3965 97.872 98.5148 99.7419 
99.5841 98.4454 98.9477 100.175 100.437 99.8787 101.015 101.613 101.641 
101.015 101.575 102.383 101.89 102.491 103.092 102.668 103.25 103.683 
103.652 104.98 104.183 105.63 105.516 106.054 106.994 106.786 108.424 
105.623 106.095 104.76 105.26 105.438 104.867 105.41 104.885 105.713 
107.457 107.376 106.115 106.42 106.123 105.908 106.55 106.091 106.88 
139.506 129.817 153.925 50.2533 179.063 197.805 178.952 176.596 121.4 
173.152 93.1839 102.331 73.7402 111.234 81.8378 33.7178 147.472 88.4393 
169.031 171.655 176.899 167.923 163.647 164.999 4.80881 11.1923 10.1643 
175.446 211.186 205.804 185.361 250.918 240.698 71.9338 111.223 110.732 
239.03 20.8931 194.789 87.69 244.037 144.778 220.885 206.394 221.653 
36.8961 182.405 108.166 76.9373 238.433 92.4171 115.279 133.689 214.382 
127.648 231.24 125.366 126.529 38.2625 229.17 134.126 195.472 121.02 
155.563 45.5335 109.223 201.565 196.425 99.653 177.652 233.203 177.232 
203.702 192.221 206.32 15.996 99.6368 185.14 236.458 125.816 37.3518 
215.403 183.041 224.432 232.94 90.4814 227.915 203.642 183.248 250.845 
80.8791 13.0453 116.782 103.189 154.347 21.9952 234.136 91.3089 199.093 
78.2854 86.6642 88.5887 81.1768 84.8912 88.1381 80.3932 85.3681 86.8933 
82.3095 82.4051 81.4083 81.475 81.5134 81.2859 80.5998 80.0898 80.2615 
81.971 82.145 81.5028 81.207 81.3039 81.5377 80.3847 80.1056 80.4376 
81.744 81.4422 80.5655 80.744 81.7598 81.5705 80.0418 81.8815 81.5781 
81.9757 81.5576 80.7585 81.2641 82.1728 81.7677 80.7998 82.716 82.2004 
84.1687 83.0205 81.6964 83.9317 83.7383 82.6366 84.3235 83.8893 82.6751 
85.105 83.7972 82.5991 85.325 84.4043 83.0357 86.3508 84.7417 83.3515 
85.5296 84.2007 82.9269 86.2041 85.0933 83.752 87.9798 85.7121 84.2121 
86.7472 84.8835 84.7229 88.5814 87.4343 86.3156 91.3805 89.6538 88.48 
87.5095 86.4571 87.0301 89.1211 88.9984 88.7988 91.8458 90.9629 90.7844 
90.1103 90.03 91.6979 91.177 91.6473 92.0174 92.3703 93.46 93.8855 
92.4687 93.4259 95.0748 93.0482 93.8629 95.9275 93.1171 94.5822 97.3888 
94.7845 95.9237 96.8633 94.289 94.8463 95.4497 94.1011 94.8391 96.0547 
96.4692 97.6242 98.9861 96.1481 97.0772 98.2117 95.1944 96.6549 98.1919 
99.8425 100.395 100.925 99.8733 100.319 100.973 99.7747 100.202 100.783 
100.97 101.261 101.483 100.965 101.143 101.299 100.509 100.631 100.742 
98.2006 98.7326 97.3696 97.9192 98.0696 97.4966 97.9702 97.336 97.9891 
102.827 102.371 101.599 102.468 101.722 100.944 101.564 100.781 100.167 
140.903 181.336 119.026 172.277 207.549 199.172 221.636 150.073 82.8884 
14.4628 193.851 246.881 41.3704 136.741 164.119 245.886 62.1046 235.488 
91.6727 27.0227 210.966 79.588 13.8239 34.5735 105.086 112.99 48.7212 
183.156 19.7063 65.7398 67.4196 246.702 72.1513 80.7291 221.152 198.726 
136.575 144.6 10.5499 209.752 90.0492 228.03 80.8732 4.29849 118.99 
162.144 23.1872 74.1129 95.8985 211.672 53.9695 187.86 11.0745 48.5611 
113.466 227.468 39.5404 84.4137 151.647 176.687 115.785 23.8931 99.6794 
82.0032 126.954 114.469 133.682 159.138 161.218 207.966 113.204 24.9651 
192.035 199.707 55.3846 125.433 190.198 54.1739 32.6294 114.006 176.721 
15.7364 81.7975 60.7613 245.379 114.697 252.55 170.933 47.3876 244.089 
218.769 208.287 148.866 173.144 28.8415 144.948 155.697 59.6842 31.9411 
82.6459 81.0343 80.4266 82.5617 81.4974 80.3383 81.8019 78.7457 79.0876 
81.6514 80.8834 79.7245 80.7811 79.8247 78.2511 78.8939 77.7042 77.3599 
80.8755 80.837 80.2018 80.1542 80.1507 80.0886 79.5 79.1456 79.3066 
80.1013 80.3375 80.3205 79.9646 79.9611 80.0664 80.1604 80.0016 79.8381 
81.0676 80.1972 79.2366 80.4192 80.7474 80.0248 80.1257 81.5676 80.7006 
80.5203 79.4684 78.9051 81.0909 80.2014 79.3115 81.6922 81.3291 80.3331 
83.4151 82.112 80.941 84.0833 83.0735 81.7946 85.1982 83.5993 82.1095 
82.2739 81.184 80.54 84.4477 83.2173 82.1472 86.5065 85.58 84.1779 
83.4071 83.0852 83.6912 85.9648 85.3553 85.8952 89.9465 88.6433 88.2443 
84.9457 85.844 88.5585 86.9775 88.5262 90.1155 89.018 90.646 92.3772 
87.312 89.5942 92.919 88.6259 90.4583 93.1203 89.6508 91.6349 94.3706 
92.1267 93.1449 94.6298 91.8015 92.7055 93.4882 91.7417 92.7387 93.0613 
94.4462 95.7858 96.6894 93.7291 94.2957 94.5634 92.935 93.7266 94.7035 
95.2326 96.3628 97.051 94.3613 94.7439 94.8044 93.4877 94.0667 94.8702 
95.5561 96.4718 97.4201 95.1337 95.5856 96.3716 94.0543 94.8419 95.913 
76.6874 76.9734 77.0445 76.6039 76.6939 76.9316 76.3442 76.4068 76.6261 
52.8246 52.9821 53.5838 53.1226 53.8297 54.0516 53.1404 54.0899 54.4213 
64.31 64.6516 64.6611 64.237 64.4974 64.6608 64.0859 64.1813 64.3701 
39.3076 80.4451 204.308 162.476 229.453 46.6213 188.409 86.2067 176.647 
246.432 228.953 164.133 0.880714 54.488 197.38 167.536 75.2989 60.8469 
225.363 210.23 247.18 91.1117 126.707 237.31 110.146 36.8663 107.506 
124.352 132.725 120.857 216.947 234.757 201.095 68.2172 95.8838 134.311 
22.7626 198.624 74.5619 229.182 250.704 164.203 77.2195 154.572 239.053 
124.809 195.509 240.459 64.5278 2.51099 66.874 9.7437 37.0369 202.525 
28.133 71.426 8.62471 25.3561 104.573 92.9643 245.425 28.0496 45.3624 
207.564 157.018 116.239 141.157 119.428 132.486 220.708 117.684 90.3571 
242.784 239.932 77.7715 93.2564 71.2959 48.2479 101.861 99.2262 68.7369 
62.8369 231.664 66.403 31.4856 202.718 25.0135 208.831 122.344 62.7 
162.999 224.864 113.844 109.759 125.875 128.935 224.236 211.571 204.086 
80.9472 80.3522 78.9502 80.4194 79.0779 77.2589 77.4479 76.9991 77.5165 
80.079 79.7511 78.9712 79.2812 78.6222 77.3925 77.3198 76.5391 76.6977 
78.3684 78.7026 78.9169 77.494 77.8623 77.8728 76.7601 77.4321 77.6986 
78.8601 78.5439 78.4038 78.4924 78.127 77.9825 78.528 78.2764 78.1286 
78.6417 77.4798 76.6635 78.5853 77.3973 76.6492 78.8879 78.3001 77.3172 
77.6636 76.5694 76.204 78.7538 77.356 76.4713 79.6227 79.0894 77.0763 
78.0025 77.181 76.7513 79.5306 78.5388 77.7551 80.9172 80.4591 79.0453 
73.4537 72.9501 73.3469 76.9185 76.692 76.4889 80.4011 80.5548 79.9518 
76.2049 78.8474 82.7832 79.4763 82.2923 86.5709 83.039 86.8846 90.08 
72.2088 81.5483 88.9702 73.0236 83.6839 91.2197 75.4582 83.2584 94.0252 
86.7928 88.1561 91.7614 87.5793 89.7672 92.6284 88.2832 90.6788 91.5402 
88.5784 89.202 91.5152 88.8731 90.431 92.4118 89.1306 90.8658 90.5079 
91.8513 92.874 93.8683 91.4608 92.1501 92.5514 91.2982 91.9688 91.8423 
92.4318 93.6388 94.7218 92.0022 92.6821 93.4389 91.2339 91.9674 92.9264 
73.9531 74.386 74.7295 73.6633 73.9936 74.2976 73.38 73.612 74.1105 
46.6972 46.93 47.6197 47.0097 47.7859 48.0281 47.0734 48.0907 48.5622 
44.9131 45.3662 46.1747 45.2581 46.2084 46.7439 45.4352 46.6295 47.3097 
35.9423 37.1465 39.2192 35.5049 37.8944 39.3257 35.5791 37.7229 39.7878 
4.40348 156.804 38.413 26.0272 17.6126 231.582 222.165 10.5163 59.7624 
48.2879 217.335 111.398 76.5564 46.9002 110.278 186.704 177.287 246.06 
177.161 179.88 30.8237 100.888 244.007 111.597 198.754 56.3042 92.9256 
27.79 136.049 156.093 253.65 106.474 101.283 108.12 232.004 158.566 
187.645 3.6717 4.36507 199.172 59.122 17.874 121.064 210.245 202.714 
149.778 13.7773 53.6826 233.113 188.766 75.3365 146.781 169.325 90.5917 
107.025 243.316 82.0209 184.696 8.75386 101.466 100.311 176.495 62.4926 
132.968 179.962 136.438 216.579 187.968 179.832 239.528 56.6453 16.2384 
20.8882 198.356 196.029 119.82 20.3874 8.41606 196.345 251.348 76.6318 
37.6921 41.598 127.258 221.735 107.401 58.0089 196.125 8.96972 205.506 
35.7569 54.8599 31.3309 56.1381 128.721 58.0206 82.9985 131.88 233.633 
82.3729 83.9891 82.9198 89.9876 74.0682 81.2287 75.6581 86.4022 75.1446 
77.9984 78.437 78.3988 76.7306 77.2625 76.9665 75.5875 76.4339 76.7383 
76.8912 77.7816 78.1518 75.9965 76.8558 77.3558 75.4831 76.6808 77.1942 
76.9293 77.0613 77.1966 76.4379 76.5149 76.5834 76.1387 76.5309 76.5617 
76.9259 75.7283 75.3158 77.3775 75.9546 75.2424 77.9394 77.2327 75.5074 
75.9596 74.8239 74.5579 76.9768 75.6186 74.8168 77.9085 77.3109 75.2559 
71.776 71.3313 71.7384 74.1095 73.923 73.6904 76.5126 76.7551 76.1116 
69.8512 69.619 70.477 73.0628 73.6313 73.906 76.7804 77.4824 77.9888 
68.3829 72.5372 76.9463 71.0542 76.495 80.5484 74.8972 79.1485 85.0204 
68.1787 78.1598 87.0854 68.6284 80.6936 89.4504 70.9875 80.4416 93.3704 
74.3546 82.5875 88.6753 73.8377 83.3853 89.7266 75.2498 81.865 91.2945 
86.1919 87.1054 88.8197 86.4544 87.842 89.678 86.8793 88.4109 87.9046 
85.4588 87.9178 88.4106 85.8204 86.7234 87.8933 85.9898 86.4613 86.8007 
78.4837 80.1358 80.4807 78.4575 79.0993 79.8731 78.6216 78.7076 79.0829 
53.662 53.8725 54.0441 53.616 53.8763 54.0016 53.8253 53.7267 53.9004 
41.3437 41.9316 42.3835 41.5493 42.1988 42.705 41.8532 42.4483 42.958 
31.9956 33.2301 34.8442 31.9042 33.8401 35.1132 31.9323 33.8896 35.532 
13.6963 15.9845 19.5714 12.9289 16.116 18.7957 13.2307 15.4706 18.8201 
37.8626 83.4492 67.8344 97.7628 142.381 165.089 18.8854 119.525 141.998 
164.205 32.6187 136.072 190.131 30.7456 64.1516 186.09 24.4415 151.795 
221.876 76.1133 19.4805 178.178 108.842 43.6114 148.268 158.871 70.7302 
51.3379 189.153 235.196 158.747 66.8679 62.4045 118.19 103.217 243.228 
185.7 45.5824 116.103 77.9618 52.5597 58.4327 125.606 214.334 226.381 
44.5119 216.698 27.4423 13.8352 140.935 139.742 117.978 195.208 108.698 
192.749 224.51 166.937 26.5222 128.066 31.1287 223.446 247.614 17.4234 
172.629 232.825 173.225 216.745 99.3564 109.263 187.397 127.058 236.76 
163.3 20.0677 62.3711 252.336 178.142 247.996 165.52 34.5842 62.5313 
130.25 17.0587 75.8007 5.66683 32.4802 244.356 252.685 46.3988 200.88 
109.791 136.985 130.297 92.5766 72.258 5.24404 235.082 66.7115 118.489 
70.6837 87.2441 82.4923 93.8585 72.0464 63.7363 97.8007 93.1301 65.1923 
77.6529 76.8248 75.4847 76.3375 75.2202 73.8791 75.2139 74.1366 73.1382 
76.0924 76.4879 76.6707 75.1904 75.597 75.8424 74.4603 75.1946 75.6272 
75.8204 75.5647 75.4625 75.3997 75.058 75.1363 74.7248 74.5494 74.9167 
75.0985 74.1994 73.7185 75.1602 74.2862 73.7976 75.1019 74.5067 73.9666 
72.9991 72.575 72.5854 73.9766 73.4164 73.059 74.6116 74.5406 73.5013 
70.5327 70.6774 70.665 71.412 71.4968 71.4859 72.0319 72.3275 72.1528 
68.7197 68.7548 69.5443 71.1068 71.6177 72.1287 73.6277 74.3744 75.0197 
66.0002 67.2162 72.0383 67.8845 71.2124 75.5202 70.7729 76.5206 82.2321 
67.0177 76.4161 85.1282 67.3823 78.6899 87.2566 69.5012 78.6672 91.0223 
74.6097 76.1704 78.6745 73.9258 76.4335 79.6986 74.1771 78.0966 81.3866 
77.5133 78.5301 79.5887 76.5973 77.9717 79.92 76.4781 78.5493 80.2708 
78.688 80.6341 81.1694 78.7981 79.6313 81.0384 78.8609 79.6807 80.5097 
62.889 62.782 62.9963 62.6156 62.5636 62.7107 62.678 62.4124 62.5784 
44.7875 42.8165 42.8824 45.0606 43.7076 43.2026 44.7689 44.7503 44.2054 
27.8748 28.5615 29.1419 28.0785 28.7797 29.354 28.4884 29.2156 29.7755 
10.3175 11.4498 13.2864 10.606 11.4888 12.8527 10.9084 11.6163 12.9247 
1.55631 1.7415 1.97455 1.64684 1.83491 1.99332 1.69353 1.84197 2.03376 
95.2613 144.54 37.5982 62.6727 7.84623 47.6937 226.217 112.007 192.331 
109.79 89.8633 91.885 225.6 112.248 127.052 157.122 163.959 253.299 
63.3486 113.199 108.694 14.2801 236.618 135.062 219.597 142.705 15.59 
229.577 154.537 47.3599 52.9636 38.4745 231.25 217.504 106.968 130.916 
21.3374 241.794 241.787 131.127 18.1132 22.357 156.645 143.091 107.97 
27.5126 30.3994 48.1839 24.5983 67.5029 75.3573 201.187 16.418 82.0228 
171.805 230.422 95.1824 214.618 47.1875 109.749 146.035 72.0911 192.769 
100.729 105.323 38.0295 104.166 67.1085 67.7109 211.601 144.967 176.931 
132.773 254.734 175.497 140.03 9.04843 215.981 226.665 155.545 206.707 
67.559 174.295 228.59 131.361 172.006 153.386 213.603 20.7569 212.544 
152.677 181.523 197.117 84.7729 66.1085 41.8733 56.2574 251.467 57.5044 
79.5126 81.7013 78.642 118.575 117.341 70.9275 95.2665 106.765 102.315 
76.4813 74.8862 73.4858 75.2242 73.9276 72.0208 74.5782 73.1898 72.403 
74.3957 74.2833 74.1698 73.3653 73.2077 73.187 72.5498 72.5891 73.088 
74.5095 74.4655 74.3351 73.297 73.5299 74.0986 74.1266 73.5626 73.9065 
73.3611 72.5212 71.7444 73.5311 72.6935 71.8979 73.6488 72.9643 72.3103 
71.6752 71.046 70.4427 71.9337 71.3665 70.6739 72.2049 71.7169 70.956 
69.8953 69.7404 69.4049 70.316 70.0612 69.7089 70.4995 70.3627 69.9364 
68.4116 67.8597 67.3974 68.9393 68.413 67.6903 69.4221 68.9382 67.8098 
66.2356 66.9436 67.7475 67.3386 68.0855 69.2771 68.6245 69.9234 70.8123 
65.7605 68.1791 71.9286 66.4702 70.0437 73.492 67.7194 72.7445 76.7563 
67.6274 68.5095 70.314 67.8363 68.8271 70.0961 67.1637 68.5656 70.2303 
67.7844 68.6425 70.0871 67.203 68.2654 69.1152 68.1496 69.2221 70.358 
63.09 63.5284 64.1178 63.0957 63.4133 64.1169 62.7933 63.3143 63.9768 
48.4958 46.6403 46.4873 48.7732 47.3955 46.845 48.4095 48.6264 47.6566 
43.7555 41.3039 40.9078 44.0896 42.1798 41.1217 43.7573 43.2726 42.0956 
33.8404 30.7889 29.4848 34.4809 31.4506 29.6348 33.8941 33.0364 30.4873 
1.30533 1.15107 1.00415 1.42407 1.09689 1.01177 1.36269 1.19706 1.01336 
0.472722 0.421466 0.474774 0.55626 0.470124 0.446376 0.608329 0.486942 0.457203 
123.046 218.465 122.297 47.8369 211.791 168.568 52.4047 237.357 112.505 
156.92 29.8211 191.259 207.119 92.8662 17.5929 220.297 239.687 60.8462 
127.705 53.5834 201.975 150.298 77.695 12.7664 178.218 20.8697 202.291 
233.308 152.01 32.8271 203.885 209.379 228.769 197.168 157.048 229.644 
97.1363 39.3875 218.01 219.816 82.4229 150.027 72.5059 38.0599 79.6785 
125.804 179.41 5.49059 134.797 136.562 89.0612 115.631 22.4304 13.4584 
142.494 50.5725 12.7911 168.232 17.6622 247.182 98.0522 131.984 242.308 
234.428 33.9997 67.6308 139.353 111.83 55.1748 174.001 122.14 41.6324 
149.362 200.138 92.2123 98.0085 100.86 152.525 154.519 167.492 150.114 
249.985 235.849 89.7759 118.067 150.176 204.841 23.5296 199.985 222.55 
186.354 198.917 26.6669 119.938 167.829 62.9654 126.431 162.927 155.875 
77.0915 20.8572 181.737 35.2628 21.2666 115.233 36.9078 53.3966 97.4529 
74.2376 73.8412 73.1354 71.8623 73.0096 72.0159 71.8237 72.1415 71.6153 
73.372 73.9213 74.3351 71.8655 72.8517 73.9498 72.7968 72.6983 73.5592 
73.6808 74.3038 74.9268 72.2379 73.4343 74.9008 73.8715 73.7869 74.8214 
73.9246 73.8584 73.7679 72.8975 73.1185 73.7059 74.4084 73.5888 73.5606 
74.8177 73.9438 73.2169 74.9622 73.4483 73.0988 74.6462 72.9413 71.1742 
70.0409 69.1259 68.3929 69.9578 69.1359 67.9563 69.7564 68.8411 67.2931 
69.4581 68.2302 67.0617 69.6744 68.4348 66.8387 69.5852 68.3228 66.2734 
69.4585 68.4914 67.8012 69.8157 69.0279 67.9982 70.0518 69.4244 68.113 
67.5771 67.895 69.0165 67.9495 68.3973 68.9147 67.2661 68.2069 69.2281 
65.9354 66.5309 68.1663 65.6795 66.481 66.8797 66.2931 66.9913 68.0564 
65.4293 65.9467 67.5233 65.1499 65.8248 66.2335 65.7195 66.3191 67.3772 
61.6416 62.0425 62.7395 61.2275 61.6285 61.6754 62.1383 62.5553 62.6345 
52.057 51.0647 49.7525 52.1065 50.9547 49.8263 52.0985 51.4693 49.6137 
40.9725 37.4064 35.4792 41.7699 37.9997 35.4779 41.1985 39.9291 36.3117 
26.5162 22.4186 18.1095 27.4406 22.2468 17.9729 27.1441 23.7526 17.8972 
9.44135 8.0993 6.80534 10.5763 8.08772 6.85783 11.7645 8.64518 6.90762 
0.467365 0.389876 0.396871 0.517324 0.368083 0.364674 0.566368 0.439131 0.380545 
56.1944 180.619 74.4833 249.183 51.4316 44.9218 13.1998 158.692 45.212 
179.713 14.6723 98.4905 17.1368 100.013 216.339 230.678 157.237 148.873 
148.897 185.887 234.188 235.179 24.9482 250.737 232.108 198.383 29.1673 
143.135 58.9454 161.731 214.813 47.3793 56.7734 248.433 180.615 90.6946 
240.104 62.4605 101.766 94.1922 234.974 210.892 22.429 132.215 120.056 
197.51 5.68034 254.535 143.446 170.691 85.6242 165.073 56.0339 66.6066 
63.2618 193.03 5.76911 12.1574 247.183 192.362 61.1033 1.4407 239.521 
5.78837 16.0024 100.529 57.3727 239.081 163.757 147.47 83.3338 226.108 
14.2088 137.777 218.771 102.733 57.1572 147.375 40.0522 218.646 76.2746 
122.405 213.902 212.703 184.172 175.56 44.178 57.9374 205.573 242.018 
203.289 120.271 168.595 128.707 99.3698 98.3437 69.2329 241.948 133.733 
202.971 182.534 205.23 17.3881 159.964 161.183 147.682 32.0144 145.602 
71.6779 75.3542 71.6253 70.0417 69.6062 71.6232 67.8709 75.8104 72.6691 
72.7547 73.7526 75.0115 72.6049 73.9121 75.0629 72.6589 73.7402 75.0939 
74.5983 75.519 76.6616 73.9377 75.3817 76.9819 75.3208 75.7247 76.8377 
77.1787 77.1447 77.5142 77.6718 77.2988 77.9052 77.724 77.0169 76.3638 
77.7487 77.2084 76.6184 78.0123 76.8166 76.5515 77.6429 76.2165 74.5264 
76.1782 75.2063 74.024 76.2498 74.6015 73.7863 75.736 73.8615 71.7618 
73.6037 71.9194 70.38 73.5325 71.911 69.9008 73.2264 71.6519 69.3857 
76.8535 74.9352 72.9232 76.8622 75.1967 73.0661 76.5322 75.0998 73.5197 
76.9784 76.3211 75.7538 76.939 76.5804 75.7467 76.6093 76.568 76.0734 
72.2881 72.2883 73.2944 72.6284 72.6 72.9533 71.4522 71.943 72.9343 
66.0943 66.3542 67.4299 65.5896 65.9267 65.9714 66.3622 66.7251 67.1777 
65.1276 63.6176 61.8582 64.8046 63.0974 61.4565 64.4313 63.0056 61.2823 
58.1245 55.6531 53.0757 58.2885 55.5015 52.8198 58.1497 56.5675 52.8155 
41.9681 36.4792 32.4318 41.8408 37.4765 33.047 42.765 37.8131 33.6776 
28.5218 25.6101 22.526 29.6895 25.8651 22.6812 29.919 27.5938 22.9982 
21.0054 20.0942 19.2472 21.2447 20.3708 19.693 21.6585 20.6284 19.841 
7.90186 7.84266 7.9206 8.8266 8.04334 8.08524 10.3864 8.32376 8.31864 
238.285 104.548 84.6152 50.3726 89.1446 118.052 121.227 203.974 65.3832 
144.913 34.661 198.437 236.352 184.996 41.3605 43.6388 245.648 160.29 
244.269 29.6667 146.465 159.573 236.209 253.217 112.057 204.791 123.89 
36.3111 152.073 216.177 153.259 47.4568 20.7124 68.6952 120.444 18.1379 
86.567 213.641 84.7301 140.268 79.0535 125.511 166.414 129.188 177.642 
87.9191 148.263 211.924 125.876 185.79 65.8627 46.1475 218.049 203.882 
14.7966 196.734 155.887 181.212 239.778 246.671 243.382 36.6042 90.8335 
16.2789 172.301 220.096 111.419 7.29762 204.822 105.682 74.4263 215.906 
246.145 85.536 120.427 92.1667 73.4908 102.184 138.607 246.344 156.207 
252.879 155.233 61.4787 231.604 203.436 120.366 107.492 10.7111 224.12 
152.457 231.31 40.9315 57.5317 209.499 216.953 117.889 153.027 86.8307 
149.384 233.329 156.98 101.513 184.016 224.696 58.6601 153.339 156.011 
105.758 52.3541 122.762 128.497 67.4829 55.0761 182.388 58.0781 116.93 
74.5382 75.5886 76.9545 74.9226 76.049 77.1937 75.3871 76.0052 76.7055 
80.9771 81.4584 82.5109 80.5441 82.1196 82.9833 80.5928 82.7057 83.5283 
81.7957 82.4204 83.339 82.5105 83.2664 83.8756 83.2225 83.6342 83.768 
83.0666 82.7455 82.3592 83.3887 82.466 82.1655 83.397 82.1877 80.7815 
85.9822 84.8525 83.0463 85.6446 83.8359 82.1149 84.8247 83.3094 82.0819 
85.2912 83.1443 80.4221 84.8288 82.68 80.0164 84.4088 82.064 79.9266 
88.4641 86.5611 84.3816 88.018 86.5114 84.2781 87.6685 86.0262 84.282 
88.3084 87.598 86.8667 88.4237 87.6858 86.8357 87.4511 86.9626 86.5489 
86.467 86.4348 86.4809 86.4757 86.348 86.2964 85.1208 85.5125 85.8826 
79.9206 79.1037 77.8557 79.8724 79.0043 78.0128 78.9839 78.2908 77.5376 
68.6053 65.8379 63.2915 68.298 65.5294 62.6196 67.677 65.6797 62.7338 
64.2775 60.0498 57.3925 63.9607 61.0385 58.158 64.9712 60.8978 58.4992 
54.4508 49.0779 45.5844 54.8907 49.648 45.3557 54.9636 50.2757 46.0459 
37.5165 35.3497 33.8787 37.5647 36.0624 34.5904 38.3405 36.0753 34.8581 
30.7042 30.8531 30.8239 31.2544 31.0834 31.1593 31.5964 31.4072 31.2935 
25.29 25.3576 25.3831 25.434 25.3882 25.5012 25.563 25.3107 25.4398 
123.914 10.7695 26.2498 134.98 59.1103 191.717 99.8874 108.043 192.507 
69.5154 155.202 222.4 25.9438 242.18 198.929 141.982 10.911 84.8406 
79.7614 2.51802 113.06 60.966 70.2574 222.204 110.334 28.6674 123.316 
88.129 234.724 74.8866 152.009 114.795 173.999 21.0039 13.3551 148.559 
193.732 136.503 32.5613 78.5485 27.3482 55.9358 146.732 162.99 199.268 
79.6077 189.625 88.9351 224.181 150.187 179.706 0.402389 212.243 131.892 
222.517 151.653 166.754 212.73 9.42083 214.218 18.1598 244.774 15.825 
34.9383 169.945 160.545 101.398 204.446 132.516 135.63 95.2812 244.923 
198.129 30.0413 52.7259 125.645 55.4373 75.4144 35.8515 134.213 129.17 
58.7117 43.678 184.612 230.104 223.569 186.936 73.3283 185.268 143.891 
38.1192 147.689 25.6851 124.584 152.596 180.429 46.3028 50.2804 196.109 
67.6414 59.2793 203.249 17.243 106.036 53.8238 18.5538 5.74575 157.509 
75.3437 90.8097 97.1828 220.336 19.1778 141.283 243.768 52.1715 75.1497 
83.147 87.2417 84.8237 87.399 83.4093 84.9847 82.5094 85.1534 88.2287 
84.791 85.0901 85.63 84.2006 85.4394 86.0597 83.9181 85.9398 86.7397 
86.2563 86.416 86.7597 85.8517 86.8218 86.9376 85.8003 87.3617 87.514 
89.5274 89.2361 88.5279 89.7227 88.9344 88.1152 89.5879 88.9506 88.2473 
92.7046 91.456 89.917 92.4047 90.5529 88.9204 91.8357 90.2301 89.1486 
95.2268 94.0968 92.5758 94.7613 93.4321 92.1015 94.1393 92.9972 91.9157 
96.4147 94.8671 93.3521 95.8612 95.0362 93.3875 95.7279 94.5007 93.3795 
96.5882 96.5688 96.5024 96.499 95.5322 95.3827 96.0755 94.6861 94.46 
90.8802 90.8019 90.7832 90.8415 90.6569 90.5766 89.5099 89.8375 90.1434 
94.5986 94.7261 95.8946 93.3859 94.4881 95.9152 91.3087 94.04 96.0291 
68.6798 67.4672 68.1672 68.2004 68.6988 69.0063 69.3138 68.5282 69.2962 
62.743 60.8864 60.1453 62.7475 61.7035 61.0045 63.7894 61.8082 61.1927 
60.1776 57.8133 56.9515 59.9709 58.7002 57.7682 61.0385 58.6266 58.0699 
46.5119 46.9418 47.601 46.7945 47.086 47.6132 47.417 47.5623 47.6189 
38.3108 38.7302 38.88 38.7736 38.7743 39.1449 38.8845 38.6638 38.8288 
30.9523 40.494 39.6383 31.0009 40.6337 39.7847 31.2732 40.7719 39.9836 
153.191 150.692 208.21 177.169 221.485 30.2111 44.7985 167.96 122.669 
215.712 70.5886 42.5449 49.3732 25.3976 40.1412 195.453 94.8819 56.8903 
137.804 16.9848 52.6073 164.984 123.592 101.87 74.1401 148.801 81.844 
69.7942 180.697 84.834 113.716 43.6419 78.0953 45.7003 106.224 72.9321 
156.801 175.773 170.909 190.663 57.7284 230.859 156.895 253.513 24.2721 
153.654 253.983 232.099 40.0784 158.597 152.726 225.662 91.8966 121.381 
24.9255 172.934 228.752 231.587 26.9792 43.2003 2.15448 78.4101 23.7858 
213.018 65.7392 198.731 120.563 32.6032 202.143 186.229 203.063 246.876 
33.7085 111.748 219.907 67.7816 95.8687 174.609 238.883 138.281 205.713 
105.504 133.096 241.416 115.451 129.247 221.083 181.718 51.8791 181.173 
184.134 161.59 238.636 152.053 30.6967 99.2781 172.988 94.0889 126.156 
207.285 54.4516 120.494 104.464 225.001 134.394 196.917 65.6149 97.237 
252.297 82.9528 185.613 150.347 67.7122 37.6329 180.435 123.807 32.063 
71.0697 94.586 67.8671 121.905 70.0395 76.308 79.7051 111.675 99.008 
86.8583 86.9543 86.9107 86.0491 86.9164 87.3922 85.1709 87.2327 88.1136 
92.5537 91.8017 90.6859 92.7862 91.8861 91.0343 92.562 91.9228 91.3822 
94.7498 93.7776 92.761 95.0487 93.91 92.4469 95.106 93.9351 92.7677 
99.4461 98.5364 97.4936 99.8496 98.4767 97.3266 99.6563 98.6089 97.3692 
102.661 102.808 103.008 102.837 103.398 103.167 102.897 102.423 102.102 
100.431 100.417 100.63 100.301 99.6761 99.7812 100.3 99.0964 98.8493 
99.9564 99.6939 99.8722 99.8584 98.7671 98.7811 99.5441 97.99 98.057 
106.096 106.619 105.877 106.46 105.245 104.247 106.058 104.979 104.025 
101.431 102.271 106.362 99.9574 102.798 105.731 98.2409 102.252 106.098 
98.0214 101.064 106.547 96.8289 101.564 106.506 95.3188 101.31 106.346 
65.8922 65.4858 66.927 65.6363 66.573 67.7351 66.6965 66.5573 68.0016 
56.1567 56.7002 57.8108 56.1458 56.8473 57.5483 56.6456 57.1777 57.5022 
53.7651 54.5368 55.7761 53.9421 54.7634 55.6667 54.5987 55.2738 55.7084 
41.7965 51.9355 52.0646 41.856 52.2087 51.8519 42.4202 52.5479 51.951 
6.63952 85.628 74.9847 6.70071 86.8813 72.5275 6.83962 87.6377 74.6943 
139.001 252.001 144.785 153.675 87.7898 114.853 214.684 79.8947 250.554 
41.1298 32.7871 152.969 183.302 103.567 164.915 105.213 218.517 133.125 
57.8257 67.6038 40.6787 93.9219 70.1629 3.54098 216.927 142.305 212.026 
56.6178 189.611 104.328 119.384 143.77 133.907 250.498 38.7775 133.152 
216.26 184.604 174.309 242.743 67.2313 113 82.2747 141.654 61.7438 
186.952 197.081 199.28 140.743 113.933 28.7572 70.9856 112.687 238.151 
29.8195 186.237 116.863 194.339 154.643 208.241 141.017 172.613 74.632 
129.95 106.493 139.954 244.242 187.521 3.87458 96.9268 209.352 171.494 
131.41 162.297 248.737 70.1225 52.3527 238.906 82.834 1.20745 191.281 
103.771 173.638 142.273 15.6359 157.022 240.958 223.83 121.784 142.024 
219.281 194.411 35.9004 16.8367 65.3572 111.158 69.4923 0.991813 128.285 
156.482 161.61 180.327 130.506 90.8931 244.708 133.692 230.592 106.012 
108.788 208.917 8.37185 57.9839 18.6778 8.01439 231.486 85.2755 223.109 
125.556 83.9497 49.3856 104.446 73.5709 24.1045 31.236 3.0785 8.20439 
98.7928 91.0596 101.115 89.7031 98.7841 99.4482 94.3607 90.629 90.2228 
106.072 102.331 98.5927 106.707 102.736 99.1372 106.487 102.905 99.6827 
106.721 103.93 101.553 107.803 104.723 102.335 108.111 105.718 103.291 
107.614 107.292 107.444 108.736 108.444 108.079 109.446 108.523 107.7 
107.114 108.434 109.534 108.088 109.561 110.482 108.591 109.019 109.206 
105.936 106.809 107.952 106.31 107.651 108.383 106.766 106.607 107.349 
108.072 108.332 107.608 108.473 107.038 106.035 108.223 106.746 105.867 
110.358 110.787 109.504 110.868 109.573 108.001 110.646 109.462 108.139 
109.527 110.539 110.119 109.87 109.435 108.706 109.474 109.4 108.738 
106.623 111.559 117.126 106.813 112.003 116.338 107.005 110.447 114.151 
103.634 108.332 112.833 103.339 107.868 112.373 102.915 107.22 110.851 
81.4059 81.9997 82.133 81.2421 81.8983 82.4706 80.9836 81.8693 82.5094 
63.2051 64.9025 66.9501 63.3118 65.1333 66.6156 63.862 65.6937 66.6896 
45.3962 97.4612 92.7617 45.7087 98.4171 90.7415 45.8483 98.9839 92.2274 
10.3173 89.1637 78.7199 10.4894 90.4583 76.3863 10.4747 91.1007 78.564 
184.683 120.054 32.6247 167.567 46.1118 43.684 63.495 84.5022 197.615 
166.648 126.727 233.044 16.5625 157.428 32.9688 147.394 104.011 189.291 
115.308 134.169 88.6792 183.352 147.827 178.901 58.1794 110.968 203.649 
41.7676 236.14 98.4604 114.842 210.878 113.038 73.0893 127.529 229.715 
186.061 82.6697 251.849 198.574 112.79 151.127 201.036 249.729 221.497 
172.115 43.1704 233.965 65.3629 132.429 73.2395 215.225 230.306 76.1927 
27.8219 153.921 62.0382 248.13 186.233 167.343 2.1002 5.27569 132.298 
190.21 217.025 59.0117 0.0736813 230.924 222.369 131.414 211.692 215.983 
63.4756 236.445 101.487 64.2233 122.719 58.1486 103.398 179.346 24.2023 
236.076 69.8524 14.9877 184.467 11.3307 176.683 2.11975 9.61842 4.74983 
26.3787 5.48138 133.134 51.5546 18.2931 99.4361 73.3662 129.17 142.314 
108.933 148.842 44.4466 252.033 53.0939 86.8293 181.261 19.7026 20.3189 
203.491 150.034 6.60383 66.8643 30.0779 238.425 103.136 87.4823 36.1049 
26.6635 35.4208 211.65 177.042 59.552 156.637 227.603 59.4236 99.2265 
111.427 125.52 110.295 129.957 106.332 116.638 109.788 118.319 99.0881 
115.998 110.815 106.13 116.691 111.326 106.83 116.413 111.78 107.782 
115.923 113.337 111.059 116.851 113.994 111.614 117.63 115.699 113.242 
112.99 112.537 112.703 114.436 113.897 113.983 115.336 115.244 114.656 
111.762 112.795 114.117 113.06 114.742 115.364 114.326 115.403 115.441 
110.935 111.925 113.255 111.406 112.552 113.979 111.553 112.673 114.108 
112.543 112.362 112.792 112.197 111.899 112.715 111.731 111.215 112.938 
113.78 114.037 112.257 113.885 112.551 111.627 113.435 112.397 111.042 
114.641 116.839 118.503 114.745 116.471 117.839 114.773 114.774 115.721 
113.089 116.939 120.218 113.305 116.602 119.425 113.271 115.048 116.975 
116.968 119.819 122.066 116.856 119.227 121.208 116.633 117.562 118.881 
121.181 122.634 123.496 120.353 121.536 122.88 119.771 120.913 121.71 
111.6 114.285 116.767 111.289 114.001 116.783 111.257 114.087 116.533 
112.099 118.493 124.06 112.322 118.334 124.251 112.109 118.311 123.779 
47.5848 110.022 107.208 47.7006 110.417 103.744 47.6553 111.386 105.279 
142.836 124.894 145.639 248.651 195.513 165.225 245.328 188.188 55.702 
44.6981 60.439 67.9374 56.6246 193.832 31.709 60.3162 171.699 57.7498 
87.1489 122.226 94.8376 40.5925 66.1185 142.869 98.011 75.7178 116.544 
206.295 69.905 217.098 114.277 220.853 93.8081 187.753 101.36 194.944 
2.56569 134.625 160.284 31.3915 38.4533 57.1409 112.076 116.193 219.946 
130.846 21.3275 216.718 163.316 89.6549 51.4792 230.582 44.6799 206.522 
196.16 207.08 208.656 132.47 156.014 248.059 187.086 61.6175 243.415 
59.5784 62.9157 35.781 19.1474 182.81 30.3558 3.22756 21.0884 80.9874 
117.823 191.284 238.397 187.205 17.3157 191.64 83.3156 22.1787 112.712 
98.2562 229.221 44.4228 143.162 241.602 41.9765 8.65273 120.043 228.097 
96.5465 252.312 247.52 217.778 18.2233 82.9836 230.377 148.7 48.7669 
90.7364 212.121 27.1645 238.268 223.099 83.8506 230.565 79.1019 190.143 
189.088 45.7769 153.251 147.422 79.9372 40.3366 232.771 45.2544 104.078 
220.295 25.6826 85.0587 186.841 111.541 51.201 109.01 38.6846 45.6206 
129.535 115.88 119.184 134.719 119.52 112.734 130.188 115.978 110.443 
121.358 117.901 114.019 121.793 117.994 114.032 122.023 118.934 115.404 
119.528 117.496 115.903 120.288 118.344 116.229 121.19 119.869 117.925 
115.641 115.5 116.093 116.839 117.418 117.281 118.338 119.044 118.47 
114.376 115.121 116.671 115.797 117.438 118.197 117.057 118.581 118.867 
115.801 117.172 119.254 116.977 118.556 120.091 117.855 119.345 120.014 
119.286 120.23 119.435 118.56 118.886 120.291 117.917 118.556 119.072 
121.594 121.512 119.385 120.663 120.056 120.678 119.867 119.761 119.292 
123.969 124.046 123.036 124.075 124.211 124.978 124.32 125.071 125.327 
120.012 122.529 124.336 119.879 122.228 123.908 119.908 120.871 122.099 
131.071 131.379 131.985 129.193 129.773 130.758 128.257 129.034 129.349 
130.092 131.256 131.868 128.646 130.259 131.309 128.262 129.398 130.291 
135.189 135.88 138.54 132.929 133.707 138.048 134.865 134.893 138.385 
127.296 132.367 137.025 126.92 131.992 137.021 127.094 132.052 136.548 
121.978 135.57 149.566 122.21 133.883 148.207 121.163 134.374 147.216 
142.397 209.357 155.156 14.6467 103.288 196.793 226.2 30.8228 196.124 
116.39 105.649 78.1343 83.6721 133.339 97.8808 46.7308 141.761 75.3904 
39.2741 104.655 134.971 29.2217 101.087 124.252 43.1304 130.615 114.099 
90.5895 104.318 173.142 9.40998 163.339 82.2431 84.0302 153.909 157.132 
166.726 51.8188 146.907 31.6477 57.4017 69.6441 200.945 243.474 177.537 
43.5958 185.717 165.684 187.317 247.695 147.338 106.932 36.6327 169.373 
94.0687 183.053 174.954 19.0561 94.7262 178.266 23.8435 20.102 221.016 
226.171 134.146 183.49 226.061 21.2932 72.9998 204.7 45.5398 45.8476 
97.9155 114.385 53.3267 153.661 36.4104 169.573 129.439 65.1952 60.6226 
208.121 84.9477 186.14 206.133 223.186 63.5606 177.261 52.6843 28.6075 
49.926 96.6906 88.9673 135.889 74.1722 11.8308 127.267 78.3523 144.096 
239.111 220.603 224.542 66.4772 197.534 226.754 61.3735 212.882 77.1694 
174.545 227.98 76.6855 62.1465 51.756 201.795 242.887 197.145 206.179 
86.0428 215.459 137.873 225.425 96.4273 69.0081 135.681 152.281 37.1148 
126.792 123.073 120.139 131.199 124.881 121.606 130.354 125.462 123.476 
124.94 121.962 119.168 125.663 122.545 119.23 126.012 123.224 120.092 
123.12 121.782 120.727 123.606 122.323 120.611 124.27 123.165 121.869 
121.662 120.683 120.982 122.003 122.438 122.395 124.658 124.659 122.301 
117.46 118.426 120.369 119.151 120.421 121.717 120.306 121.613 121.867 
120.686 123.155 126.391 122.425 123.767 127.492 123.27 124.464 126.554 
121.842 124.639 127.483 122.566 124.556 127.845 122.711 124.729 126.654 
125.199 125.75 124.828 125.43 126.086 127.121 125.806 127.021 127.725 
128.292 128.036 127.509 128.339 128.931 129.756 128.998 130.187 131.366 
134.907 135.287 135.425 136.036 137.153 136.293 136.208 137.042 135.429 
138.95 139.43 139.061 136.583 137.951 137.966 136.226 137.488 136.508 
141.692 141.163 143.123 138.87 139.094 142.552 140.192 139.92 142.578 
142.676 142.763 145.359 140.292 141.159 145.27 142.561 142.504 145.954 
143.839 145.317 148.145 141.531 143.211 147.817 143.617 144.553 148.198 
143.88 149.388 155.013 143.318 148.934 155.024 143.092 148.872 154.236 
121.476 196.268 238.129 143.373 133.85 204.55 49.7123 114.905 16.6707 
174.062 61.0302 113.93 88.6721 225.81 83.1985 180.469 104.957 226.713 
84.7748 121.345 78.7906 56.0619 159.056 148.55 81.1508 127.838 111.183 
115.582 123.747 129.138 65.3485 23.9139 218.263 14.3154 237.394 184.112 
85.3832 128.881 49.8797 125.944 10.5863 111.55 183.378 163.306 42.0944 
241.293 40.888 1.79228 241.996 9.78159 187.651 208.501 207.343 86.0782 
198.726 201.454 199.672 26.4908 202.121 174.124 114.442 225.57 75.496 
173.24 25.5833 189.708 53.7377 48.5031 122.45 62.658 199.699 67.7521 
0.70135 251.773 1.77159 231.131 69.9033 138.631 0.973048 122.821 39.6821 
14.3093 70.9599 222.861 115.639 198.089 242.031 133.767 242.539 21.0908 
85.8014 40.0205 111.079 87.6004 227.506 20.2149 20.4217 210.736 55.9418 
249.154 78.3826 7.66577 131.552 232.785 149.439 92.637 66.2801 231.327 
98.2675 23.4856 158.014 83.2102 150.215 238.465 178.213 33.4939 75.4534 
98.5373 94.8667 101.363 147.986 140.979 144.525 163.043 131.027 151.95 
127.576 124.045 122.152 131.423 125.794 123.122 131.551 127.361 125.7 
127.926 125.276 123.496 129.176 125.323 122.964 128.891 125.703 124.531 
126.03 124.595 123.761 125.38 125.181 124.242 127.717 126.865 123.801 
125.478 124.289 123.895 125.285 125.612 125.031 127.985 127.682 124.625 
124.415 123.724 124.478 124.722 125.426 126.529 127.818 127.82 126.103 
124.152 125.998 128.893 125.873 126.569 130.233 127.315 127.903 129.709 
129.05 131.03 132.929 129.756 131.988 133.958 131.278 132.368 133.237 
131.069 132.47 133.02 132.327 133.496 134.491 132.636 133.724 134.939 
138.586 138.674 139.298 141.349 141.531 140.846 142.132 141.841 140.565 
139.845 140.727 140.711 140.821 142.142 140.752 140.845 141.413 138.758 
142.531 143.07 143.16 143.217 144.382 142.898 142.867 143.66 141.003 
157.709 154.983 152.52 156.82 155.862 154.754 153.298 155.651 155.638 
150.483 150.492 151.865 148.13 149.044 152.388 149.341 149.778 153.003 
154.586 156.737 158.48 153.219 156.272 158.893 153.581 156.207 158.446 
158.019 160.796 163.336 157.085 160.068 163.232 157.119 159.9 162.315 
191.018 213.362 129.605 148.884 186.074 92.3008 175.082 171.956 93.3294 
199.548 109.808 105.295 53.9645 233.109 155.798 201.495 132.697 139.077 
181.065 82.2201 113.205 129.484 226.963 134.332 50.7961 42.0071 3.04893 
211.79 127.735 113.035 178.406 169.532 132.752 115.74 246.249 93.8582 
178.824 242.605 52.3647 187.401 101.109 132.417 10.8968 45.4958 195.821 
187.616 142.484 7.3436 239.326 45.9385 113.36 142.566 30.6141 35.7065 
66.5963 248.773 134.57 94.0574 72.0493 184.704 138.616 47.0249 194.214 
69.7889 174.027 127.402 203.114 179.34 249.666 159.527 65.2514 209.371 
163.721 58.7456 85.9367 121.995 186.55 141.847 18.3816 105.344 175.328 
211.6 151.112 118.021 53.8879 82.2595 28.3243 198.104 53.7889 102.247 
14.0019 115.952 155.411 192.961 215.485 160.213 193.216 248.351 107.997 
208.033 147.754 158.599 20.4927 104.724 164.599 151.04 139.695 119.378 
222.668 210.937 133.012 59.7675 96.1316 168.154 193.683 13.325 193.318 
12.823 90.4665 81.9093 116.203 98.5466 72.4276 34.4704 204.387 114.669 
129.228 125.19 123.371 133.15 127.346 125.887 132.271 128.443 127.07 
131.157 128.947 126.374 131.363 128.53 125.815 131.441 129.096 126.24 
129.833 128.623 127.264 130.029 128.534 126.671 129.828 128.686 127.273 
129.165 127.371 126.511 128.941 129.077 128.189 131.17 130.903 127.646 
130.582 129.211 129.36 132.225 131.366 130.597 131.975 132.773 132.593 
131.145 132.007 133.553 132.286 133.548 135.262 134.794 135.382 135.657 
133.21 134.695 135.928 134.289 135.999 137.351 136.257 137.46 137.468 
140.477 140.173 141.473 143.797 142.825 143.8 145.605 144.712 145.125 
143.101 143.044 143.926 146.54 145.359 146.507 148.273 146.871 147.878 
143.588 143.366 144.053 146.638 146.528 145.384 147.225 146.583 144.787 
160.438 158.863 157.264 163.077 160.636 157.819 159.679 161.129 158.093 
160.979 157.729 154.866 160.15 158.881 157.486 156.254 158.787 158.862 
162.446 159.587 156.819 162.032 161.028 159.532 158.487 161.046 160.834 
164.755 165.875 166.199 163.632 165.669 167.052 163.361 165.71 167.54 
168.039 169.914 171.87 167.505 170.091 172.563 167.88 170.336 172.601 
194.403 63.5855 176.644 106.211 29.5523 27.3905 152.87 227.408 206.17 
123.525 211.249 186.094 85.54 52.9656 192.292 70.0425 103.964 119.153 
208.688 15.0183 136.757 172.692 70.6052 128.458 64.465 193.417 214.187 
183.222 143.396 192.405 175.383 228.438 3.6337 240.005 192.627 50.7203 
192.808 45.4836 42.3287 26.476 51.5092 221.295 244.305 74.5253 112.766 
167.273 28.3591 56.0812 104.516 21.9048 113.918 150.972 192.599 251.881 
62.2269 55.2414 232.01 6.69028 70.9365 127.828 148.29 237.42 59.3905 
199.33 208.425 71.2158 85.2839 133.18 17.6582 20.8655 4.44703 198.134 
95.8794 84.4478 34.6698 163.027 205.284 204.463 151.957 34.8682 189.353 
94.1752 248.503 233.365 141.246 232.323 42.9044 186.559 162.519 123.281 
237.023 197.76 82.1508 171.978 140.191 177.086 92.4879 27.939 179.453 
32.4536 68.29 145.648 87.7822 63.7911 61.931 18.0728 65.6438 27.0852 
208.074 40.8864 147.74 198.242 79.4408 103.192 238.088 241.079 34.4341 
57.715 70.8567 133.059 5.21994 53.6415 162.687 175.054 153.175 80.1686 
129.674 137.247 131.212 133.827 134.726 134.268 133.589 129.559 127.131 
134.388 131.85 128.79 134.587 131.419 128.175 134.166 131.497 128.32 
134.152 131.96 130.318 134.431 132.797 130.786 134.21 132.71 130.854 
136.179 132.684 131.524 136.875 135.158 133.358 136.54 135.498 134.425 
134.975 132.757 132.056 136.395 135.252 134.45 137.606 137.459 136.516 
136.103 135.472 136.045 138.01 137.392 138.295 140.718 141.656 141.26 
138.431 138.489 139.142 140.787 141.025 141.052 143.295 143.672 142.454 
148.757 148.916 147.618 151.925 152.82 150.869 153.958 154.977 152.467 
148.151 147.366 148.27 152.111 150.711 150.969 153.726 152.195 152.396 
160.499 161.98 163.602 167.738 165.119 162.038 167.878 166.379 161.112 
163.116 164.43 165.656 169.774 167.008 163.461 169.558 168.431 162.878 
163.303 161.607 159.825 166.016 163.534 160.567 162.849 164.341 161.278 
172.778 171.554 169.885 173.535 172.921 171.349 172.573 174.196 172.93 
175.222 175.186 174.554 176.255 176.334 175.39 176.403 177.623 176.716 
188.029 187.39 188.215 188.535 186.727 189.214 191.547 188.144 188.713 
63.1857 69.2658 64.4206 176.16 15.1889 43.1716 177.142 40.4989 158.883 
182.747 68.3028 29.7753 248.242 36.6438 40.6516 241.576 80.5434 111.218 
101.608 61.4602 107.351 160.687 121.596 201.629 162.345 106.952 91.9393 
253.831 19.0477 159.259 233.934 249.961 64.2401 32.9919 195.97 105.967 
108.312 173.035 136.9 173.359 228.224 206.515 108.274 175.44 69.1563 
188.841 16.2205 122.658 5.91262 235.543 221.099 89.1776 0.178355 96.8887 
46.3084 199.735 128.695 180.142 172.911 246.162 178.353 233.379 18.993 
221.702 111.278 248.724 36.408 210.65 195.043 186.6 28.2559 35.5368 
69.2986 244.632 245.835 120.032 149.086 28.4168 205.577 247.334 204.005 
168.637 35.9939 217.655 158.923 111.974 216.351 224.375 46.5654 54.3739 
151.142 68.2641 28.1687 90.0302 35.2913 31.1263 60.7018 86.1771 240.69 
87.0358 139.094 36.1011 102.345 119.478 18.0192 162.862 35.7849 114.561 
70.9398 163.936 174.928 191.214 174.915 251.455 43.0997 67.1558 164.056 
23.0218 125.139 113.976 184.169 114.12 158.107 211.402 159.384 142.206 
168.375 144.9 90.1156 155.826 164.348 93.2093 132.154 122.375 108.396 
139.095 135.605 130.253 139.423 135.749 130.706 138.365 134.556 130.371 
137.915 134.497 133.182 138.278 136.031 134.322 137.839 136.034 135.069 
138.012 134.265 133.037 138.227 136.38 134.658 137.955 136.699 135.797 
139.421 136.049 135.162 139.611 137.57 136.282 139.788 138.268 137.742 
149.546 150.706 148.396 151.789 151.973 149.271 154.008 152.505 149.744 
154.709 154.399 150.77 157.41 157.853 153.589 159.252 159.694 154.532 
154.278 154.171 152.421 157.204 157.626 154.931 158.985 159.376 156.221 
159.582 160.994 160.013 163.027 164.088 161.777 164.896 165.177 162.336 
168.681 168.345 167.551 171.845 171.047 169.984 173.465 172.112 171.144 
169.027 169.829 171.028 175.386 172.841 169.737 176.022 175.209 170.391 
180.457 178.211 176.537 182.558 180.718 178.854 183.658 183.593 182.367 
185.171 182.923 181.206 186.631 184.318 181.75 186.72 186.55 184.238 
195.852 193.976 193.195 196.648 193.423 193.934 199.165 195.011 193.867 
198.181 196.62 196.367 198.627 195.755 196.821 201.972 195.995 195.064 
158.737 199.611 110.999 167.134 162.083 53.4687 225.601 225.475 158.115 
99.1339 70.5584 91.1593 74.1423 4.63947 26.3653 84.4401 91.8971 108.791 
165.426 173.986 125.48 244.677 115.463 168.804 129.708 121.996 63.9184 
146.251 20.5699 80.9292 163.256 144.727 1.84758 227.102 176.448 80.4479 
190.866 98.4084 117.007 176.565 118.167 192.885 236.161 153.455 17.8016 
59.8918 187.706 34.3812 237.083 14.9393 50.849 89.6076 101.578 6.2905 
6.8909 145.122 74.7214 162.932 243.818 212.22 159.399 81.7777 136.71 
63.3982 155.318 188.081 6.91547 222.134 150.53 111.081 182.442 187.481 
196.268 28.084 81.3671 60.0151 101.87 59.6843 232.965 215.246 219.52 
2.50215 103.742 154.853 27.5393 135.656 203.171 66.4617 243.441 93.4661 
246.934 253.612 72.1569 154.088 107.289 231.37 29.3489 46.8918 103.142 
186.534 183.867 208.237 0.719896 82.7171 129.627 234.012 39.8358 132.376 
184.703 178.154 250.765 156.123 81.9007 33.6274 90.4865 66.0425 236.55 
191.068 51.6446 47.4729 22.8348 95.5227 45.6222 134.218 135.975 55.6153 
134.698 140.349 141.13 140.416 142.468 126.197 135.956 136.239 130.064 
141.012 138.459 134.563 141.641 138.931 134.845 140.115 137.45 134.473 
146.252 142.675 138.282 146.791 142.031 138.769 145.401 142.385 140.003 
142.066 139.201 137.05 142.235 140.508 138.312 141.232 140.501 139.128 
152.005 152.943 150.309 152.59 152.89 149.852 153.229 151.286 148.958 
158.332 159.779 155.624 160.206 160.524 155.665 161.621 159.488 154.312 
162.884 163.666 158.876 164.503 164.284 158.41 165.854 163.079 157.308 
161.853 162.598 159.579 164.51 165.167 160.759 166.084 166.146 160.974 
180.179 181.617 181.134 187.1 187.689 180.785 184.692 184.918 181.376 
177.174 178.54 179.095 180.609 180.733 179.938 182.499 182.392 181.165 
182.765 182.011 182.292 186.296 185.825 185.21 188.601 189.236 188.171 
193.654 192.08 191.504 196.456 195.147 193.905 198.317 198.665 197.796 
202.52 199.598 197.4 204.429 201.332 198.434 204.715 203.885 201.209 
210.64 207.616 204.92 211.193 208.215 204.461 210.846 208.151 204.923 
208.722 206.675 205.746 209.557 206.36 205.7 210.183 204.517 203.048 
242.249 156.385 108.887 32.5987 223.289 107.095 148.372 158.971 51.8982 
28.5948 100.632 104.986 5.08864 102.308 69.589 67.078 36.5283 252.465 
228.14 155.88 210.39 122.259 28.6565 220.101 17.6222 151.166 112.202 
120.785 142.763 177.876 220.853 207.752 51.3518 172.792 23.0263 168.557 
137.669 58.1395 10.3498 198.072 240.716 97.9303 100.915 4.36435 45.4533 
120.363 95.4289 151.286 19.2346 239.767 95.5254 50.3706 90.9508 127.338 
162.412 93.0603 2.23382 251.243 212.977 96.0071 21.7494 170.938 8.48589 
162.956 129.821 103.608 218.492 219.501 72.7526 120.218 125.872 252.466 
58.6075 141.571 122.112 12.477 202.723 79.1998 245.196 82.2405 144.79 
215.824 151.46 49.7716 245.726 10.6369 197.312 2.03956 21.6355 233.676 
224.751 183.137 219.076 22.2631 58.3097 232.203 177.379 183.897 38.349 
96.743 175.698 128.382 84.3167 201.824 220.438 220.844 208.605 250.802 
135.384 80.8346 193.908 226.589 35.4881 249.457 195.102 226.117 54.6743 
220.321 124.764 198.563 141.847 40.1721 35.6117 0.831075 28.7938 131.218 
140.83 72.0945 127.918 159.18 44.666 167.544 36.2979 44.5188 58.8064 
147.068 143.424 137.878 147.558 142.27 138.255 145.665 141.961 139.117 
149.752 146.434 141.775 150.099 145.555 142.405 148.404 146.025 143.644 
150.978 148.287 144.212 150.768 146.917 144.309 149.07 147.044 145.119 
154.069 153.44 151.088 152.817 151.809 149.815 150.704 149.966 148.47 
163.251 163.845 160.288 162.781 162.741 158.538 162.234 159.621 156.669 
173.456 171.795 166.322 173.04 170.91 164.148 172.997 169.922 162.518 
183.287 183.264 181.349 188.886 188.685 180.596 185.531 185.049 180.977 
184.459 185.281 184.014 190.978 191.211 183.753 188.222 188.189 184.431 
187.132 187.912 187.342 194.072 194.253 188.213 191.968 192.507 189.569 
196.674 196.487 197.152 199.528 199.674 200.021 202.159 203.139 203.071 
206.646 206.139 206.478 208.951 208.47 209.039 211.109 211.667 212.084 
213.632 211.77 210.411 214.899 212.821 211.599 216.436 215.097 213.769 
221.187 218.532 216.534 222.521 219.744 215.849 219.3 216.314 214.387 
223.628 221.84 219.539 224.378 222.154 217.122 219.958 216.249 214.154 
237.397 243.583 55.9132 120.465 198.846 151.736 123.577 105.44 114.358 
116.98 230.212 146.751 101.035 28.4049 82.4735 227.272 247.497 224.838 
219.336 141.96 36.4503 103.843 130.378 170.291 27.6558 107 113.358 
89.9527 35.5238 249.335 230.298 245.411 171.517 238.218 49.2999 53.1925 
173.817 164.896 71.851 95.5014 169.381 232.35 116.837 38.4048 86.046 
159.97 33.8918 235.044 100.305 115.998 147.556 216.332 106.593 254.336 
171.426 133.306 59.7718 212.929 198.122 222.916 86.3564 22.709 150.93 
165.768 232.466 177.06 204.123 59.8389 197.936 18.5267 49.0191 200.992 
7.26425 161.114 116.378 131.367 168.011 73.8863 68.7078 179.018 232.878 
72.1946 132.103 41.138 21.9877 243.38 253.152 39.1829 222.336 72.7472 
218.58 69.3498 2.03591 54.3111 42.2938 5.97615 99.9749 190.182 200.832 
223.404 216.428 188.38 192.711 41.9287 207.888 176.433 230.786 11.16 
101.268 208.056 10.2122 218.268 7.69081 114.129 54.1899 226.324 167.123 
14.7642 197.598 27.554 12.6097 119.171 126.664 238.691 36.1456 49.2155 
149.878 250.535 30.9564 143.556 250.642 234.005 139.216 62.262 139.332 
171.354 165.984 136.787 140.604 119.739 133.362 122.72 158.782 157.011 
152.393 149.531 146.546 152.4 148.277 146.472 151.859 149.312 147.644 
155.213 154.561 153.91 154.372 153.148 152.463 154.249 152.844 152.142 
163.003 162.927 161.816 159.063 158.348 158.831 159.877 157.208 156.933 
171.314 169.588 167.194 166.838 165.259 164.763 166.762 165.711 164.826 
181.057 181.389 179.686 178.178 177.46 176.006 177.374 175.296 171.952 
190.386 190.154 186.686 189.407 188.574 184.536 187.459 185.893 183.246 
189.896 190.409 189.101 195.931 195.831 189.106 192.717 192.749 189.701 
203.785 205.107 205.437 204.274 205.051 204.96 204.947 205.174 204.959 
210.85 213.096 213.664 211.314 214.8 212.567 211.188 216.093 216.365 
213.622 213.557 214.484 215.531 215.738 217.071 218.141 219.05 219.912 
221.607 219.745 219.025 223.472 221.38 220.998 225.409 223.986 223.333 
227.497 225.091 223.286 228.529 225.248 223.024 228.392 225.671 223.484 
229.27 226.996 224.62 230.362 227.224 222.685 226.275 222.495 220.68 
180.995 192.104 242.189 174.462 125.343 120.914 76.1911 130.813 202.581 
26.3233 172.056 109.233 91.1993 229.115 252.644 225.173 175.322 1.06614 
229.795 51.3216 228.291 245.617 67.757 74.6861 171.542 45.4902 103.153 
19.869 249.299 171.006 229.794 235.267 31.4533 74.7738 11.8883 196.151 
74.6327 35.2902 210.89 98.1054 142.549 166.027 129.655 94.533 48.8031 
113.149 166.154 59.6251 22.6077 200.928 88.6926 217.966 192.631 148.233 
19.9343 25.1991 187.505 23.9447 44.6846 43.7722 7.78306 27.583 103.706 
111.416 109.918 115.89 184.148 153.158 145.804 39.399 225.844 95.7091 
232.36 73.403 46.8731 130.331 75.5867 33.9085 60.4586 229.491 162.105 
91.2329 186.303 21.7423 176.748 240.263 222.225 173.175 10.0105 235.435 
161.127 129.31 144.54 97.0119 206.375 137.052 16.1954 226.149 66.3959 
57.9029 110.867 114.243 209.556 150.598 198.595 153.524 156.971 42.7673 
251.437 209.666 91.1341 72.5971 9.96761 203.043 35.0992 188.242 116.252 
4.70616 46.4133 238.354 2.91229 251.103 55.3384 66.0741 104.234 98.3319 
173.123 102.069 38.8988 107.662 252.511 160.392 173.269 194.259 31.8605 
170.006 186.809 160.236 108.819 157.614 134.55 140.501 119.249 153.873 
155.183 154.549 155.199 154.902 153.717 153.956 156.38 155.091 154.535 
159.884 160.707 161.396 158.166 157.784 159.117 160.912 158.459 158.221 
168.85 168.249 167.24 164.596 163.783 164.986 166.59 164.763 164.777 
176.927 177.726 177.29 173.008 172.435 173.863 173.934 172.463 170.623 
181.881 182.7 181.725 178.704 178.222 178.313 178.625 177.27 174.708 
190.348 190.891 190.222 188.064 187.558 187.288 186.837 185.679 183.301 
203.191 204.351 203.831 201.697 202.125 201.478 200.859 199.723 199.615 
211.615 214.593 214.676 210.291 214.348 211.759 208.938 213.047 213.374 
213.952 217.172 217.874 213.298 218.225 216.238 212.884 218.339 219.016 
218.821 221.421 221.915 220.411 223.268 221.261 220.964 225.255 225.623 
226.964 225.302 225.56 229.811 228.508 228.195 233.215 232.303 230.874 
234.759 231.337 230.091 237.326 233.325 231.015 237.934 235.199 233.756 
245.742 241.714 237.803 245.977 239.091 235.844 240.393 237.891 236.732 
57.2634 213.723 89.0183 126.133 178.139 16.7047 211.218 179.254 55.768 
204.143 18.4116 106.354 175.198 118.309 196.378 133.266 245.678 238.363 
194.185 117.486 194.335 96.4704 196.389 184.87 234.329 145.105 168.104 
154.447 10.2864 7.13788 119.966 223.181 250.535 20.3615 93.1026 118.363 
225.34 58.5147 135.549 62.0395 142.441 227.107 44.6979 235.73 173.032 
125.906 31.1566 171.765 93.03 114.251 22 33.8139 177.124 221.545 
220.956 193.874 81.3815 91.4205 194.897 188.533 7.29864 21.6723 125.735 
201.077 76.4672 241.93 208.876 87.4144 118.25 113.833 160.369 120.462 
39.5154 247.178 204.892 23.1424 252.787 183.847 252.474 99.869 65.9566 
135.987 90.932 96.9193 76.421 39.5261 177.621 21.5741 112.578 186.093 
168.55 87.4787 229.434 42.6279 117.018 253.205 253.258 110.657 185.094 
197.195 254.916 123.45 153.182 232.778 222.764 103.053 193.014 62.8448 
44.1728 144.172 119.041 238.985 29.9366 158.777 161.292 133.656 123.575 
130.016 179.473 68.576 155.129 232.522 136.845 18.5745 211.862 174.512 
8.62264 31.1435 195.295 180.056 28.7064 130.418 108.003 112.737 165.318 
150.044 200.79 213.423 20.1439 191.501 107.316 170.307 54.7511 180.045 
154.075 155.82 158.679 157.158 156.973 158.383 158.955 157.895 160.039 
161.552 162.558 164.253 161.742 162.427 163.555 163.113 163.178 163.573 
168.813 170.016 171.014 166.385 167.131 169.07 167.322 166.504 167.991 
177.035 176.783 176.214 173.561 173.721 174.861 173.157 173.699 174.908 
185.69 186.638 187.173 183.234 183.225 184.625 182.287 182.228 180.633 
194.883 194.444 194.43 192.947 192.166 193.126 190.681 190.73 190.4 
204.519 204.561 204.967 202.571 202.044 202.873 200.362 199.72 200.245 
214.444 216.855 218.307 211.933 214.36 216.679 212.273 212.695 214.757 
221.046 225.319 225.52 220.355 223.795 223.519 220.214 225.009 226.354 
226.851 229.638 231.884 230.127 231.059 233.401 233.302 234.514 236.534 
231.93 232.152 233.123 235.97 235.149 236.049 239.508 239.452 240.188 
246.89 243.536 240.851 248.774 242.705 240.953 245.273 244.149 243.789 
251.601 247.795 243.747 252.134 245.396 243.002 246.74 244.771 244.814 
112.251 136.138 152.467 36.3567 36.1891 238.386 174.406 50.4987 106 
151.777 246.732 183.323 123.987 223.286 107.264 108.859 133.597 240.395 
30.3153 71.0473 49.7612 70.4933 229.361 245.574 8.24503 182.912 30.5408 
229.109 81.1077 118.614 41.5622 2.13571 164.368 222.511 19.4597 3.29705 
84.6769 124.529 180.024 13.2997 194.548 176.218 156.504 134.699 14.1217 
190.358 250.741 68.3068 71.8736 207.35 147.888 154.835 194.887 37.4068 
101.849 90.5291 67.9311 235.695 47.1735 133.498 236.735 205.168 137.311 
9.74885 192.777 73.726 114.107 192.368 242.463 124.975 71.0006 76.2102 
174.03 114.337 44.6154 180.101 201.729 70.0436 142.852 157.987 114.39 
141.441 166.469 216.03 157.804 50.0469 19.8009 188.847 88.4127 67.4795 
38.9849 21.0983 139.879 31.7398 2.64945 157.939 122.96 78.3637 163.101 
96.358 36.5804 189.778 10.402 102.604 22.2422 126.211 183.761 184.278 
239.516 171.134 34.4958 20.9162 47.0123 227.922 94.7167 46.5302 143.334 
65.2454 204.002 177.71 102.661 30.4796 29.4843 218.768 254.243 169.979 
216.476 159.485 195.186 5.16466 227.178 231.036 136.11 163.084 12.6578 
186.405 51.1448 106.21 198.056 189.804 211.165 163.747 204.045 168.89 
154.753 155.887 159.12 158.13 159.21 162.697 164.013 161.573 162.121 
161.814 163.179 166.042 163.864 164.999 166.754 166.149 166.921 167.646 
172.044 172.658 175.037 171.319 173.076 175.407 171.989 173.066 175.064 
180.289 181.873 183.572 179.058 181.103 183.075 178.318 180.45 182.824 
186.991 188.929 189.851 185.246 187.713 190.156 185.157 187.631 188.849 
193.512 194.605 196.063 192.299 193.365 195.723 191.29 193.058 194.102 
205.762 207.811 208.662 203.668 205.717 208.541 203.234 205.073 206.687 
223.49 226.754 226.75 221.15 222.283 225.916 221.34 222.925 225.691 
229.293 232.979 232.7 227.401 229.185 232.815 228.903 231.014 233.865 
234.701 238.327 241.358 236.73 237.696 240.01 238.927 239.479 240.812 
241.591 242.518 243.537 243.403 245.227 246.33 246.188 247.746 248.373 
248.758 248.303 246.75 250.823 249.897 249.08 251.762 251.425 251.574 
255.803 255.715 255.457 255.851 255.596 255.47 255.592 255.586 255.612 
10.4448 214.547 97.4185 91.1563 54.0662 49.8573 15.9041 66.9432 240.753 
191.276 224.511 46.8638 43.8949 144.732 174.853 117.413 45.8837 116.207 
72.7551 163.847 243.303 146.693 30.7109 142.123 166.235 79.2906 175.407 
206.139 31.8051 22.9269 50.0148 239.943 87.9742 11.8489 105.975 16.6463 
153.636 2.36912 210.264 181.662 149.496 189.486 201.595 32.203 62.4152 
62.8975 248.394 197.007 142.064 226.051 75.6871 147.749 171.867 112.719 
185.744 2.39421 79.6623 178.498 226.067 61.5964 190.069 139.305 43.6035 
124.291 151.361 91.8868 75.2409 85.9912 78.4525 40.3508 238.589 144.779 
250.327 238.218 60.9525 133.635 234.467 68.1208 136.851 39.9616 96.244 
81.3972 117.239 66.1254 51.6398 21.1778 156.94 107.633 73.6189 14.5482 
7.80123 172.851 203.586 139.506 2.90873 84.9842 237.307 5.2679 121.973 
2.27853 52.9051 103.195 136.975 210.596 97.5711 83.3053 205.697 147.034 
8.91322 92.8658 172.752 251.632 117.608 32.2841 27.9077 92.424 110.836 
73.8517 228.025 160.355 122.862 108.566 35.9843 173.412 102.326 25.1881 
144.538 44.5819 102.696 142.379 65.7106 203.399 72.096 109.303 244.147 
202.303 45.3679 172.1 45.0621 251.124 147.163 89.7587 130.853 218.5 
174.943 142.579 149.087 150.547 150.359 162.852 157.052 161.981 142.037 
168.983 168.329 170.317 169.451 170.086 171.889 171.702 172.013 172.782 
174.445 174.364 176.64 174.066 174.793 177.142 175.092 175.199 176.772 
180.59 180.933 183.109 179.959 180.979 183.48 180.158 180.563 182.822 
187.191 189.093 191.246 187.163 189.206 191.293 187.499 189.573 191.682 
194.734 197.171 198.706 193.748 196.557 199.287 194.704 197.85 199.693 
205.405 208.018 208.718 203.612 206.459 208.437 203.977 206.434 208.172 
221.282 223.477 224.436 218.897 221.19 223.46 218.025 219.46 221.056 
234.248 238.125 241.034 234.913 235.684 237.492 235.398 235.132 235.697 
240.138 244.095 247.68 241.207 243.12 244.694 242.751 242.219 242.804 
244.606 247.561 250.193 246.544 248.222 249.482 248.372 248.794 249.197 
255.535 255.734 255.634 255.529 255.537 255.639 255.54 255.59 255.648 
255.874 255.882 255.862 255.843 255.923 255.867 255.862 255.9 255.891 
195.763 107.498 182.983 215.941 192.251 50.8279 60.0767 42.169 32.1475 
215.595 103.163 134.447 65.4168 161.267 146.178 55.4153 14.8367 160.492 
172.723 193.427 39.4408 204.649 60.4732 9.05351 77.3153 94.3299 205.447 
250.729 179.015 112.902 161.688 113.802 244.043 133.444 36.5639 176.643 
95.1773 13.131 196.693 177.248 107.562 232.995 225.094 122.317 115.01 
185.53 240.402 237.238 197.542 14.3757 2.80185 103.51 16.175 226.987 
2.59124 191.118 103.973 160.505 149.49 28.0262 175.62 24.1187 24.5813 
164.572 43.8731 178.031 157.291 187.114 46.7128 103.642 195.566 189.527 
216.91 204.978 239.855 87.9229 119.832 185.608 168.314 246.787 237.633 
16.7881 87.4203 117.618 106.699 2.67642 49.3138 47.1043 81.2158 202.629 
101.381 33.18 222.014 94.9749 170.436 124.726 27.5616 39.6334 66.8419 
138.775 117.539 131.937 159.992 103.12 40.7362 207.665 31.8035 10.8729 
251.297 120.284 107.561 50.1801 49.5294 247.429 149.047 174.409 23.1251 
246.327 125.449 61.0379 172.857 242.769 70.0556 20.8681 221.221 40.7434 
240.744 218.439 165.504 182.673 75.6519 92.4218 199.182 6.65227 154.461 
116.009 237.289 236.301 251.641 21.5079 213.95 175.696 138.762 52.1556 
111.134 126.287 179.087 104.288 106.605 178.842 147.221 159.209 123.435 
170.286 169.697 170.997 171.396 170.985 172.115 173.331 172.954 173.203 
177.593 176.911 178.901 177.434 176.772 178.978 178.358 177.056 178.367 
183.457 183.565 185.862 183.907 182.556 184.914 183.996 181.556 183.206 
189.349 189.9 192.271 189.507 189.31 191.861 190.313 189.27 190.983 
196.376 198.455 199.044 195.049 197.497 199.414 196.96 199.227 200.817 
203.696 206.117 205.61 201.415 204.485 205.773 202.973 205.831 206.565 
222.727 225.041 224.866 220.091 222.408 223.223 219.331 220.38 220.602 
236.695 239.319 239.283 234.122 236.349 236.743 232.926 232.5 232.663 
241.042 244.865 247.634 241.567 243.458 244.348 242.232 241.829 241.822 
252.295 253.602 254.333 252.062 250.556 254.124 252.057 251.323 253.033 
255.23 255.531 255.656 255.508 252.663 255.722 255.666 254.056 255.742 
255.89 255.922 255.929 255.921 255.776 255.922 255.917 255.853 255.927 
