16703014
255.515 255.687 255.612 255.575 255.747 255.624 255.521 255.734 255.65 
254.743 254.879 254.965 254.846 255.01 254.863 254.918 255.22 254.954 
242.877 243.718 246.972 243.717 245.332 246.911 243.66 242.049 246.85 
238.219 240.073 243.222 238.654 240.651 242.536 238.021 236.643 241.579 
233.29 234.733 237 233.434 234.78 235.309 231.17 228.909 233.815 
220.951 221.103 221.539 217.394 217.698 217.193 215.291 215.629 215.486 
214.016 212.834 213.227 210.375 210.005 209.326 207.685 207.975 207.911 
191.009 194.973 193.76 197.072 194.942 190.74 193.657 190.819 187.032 
184.45 188.713 188.005 191.618 189.239 185.195 188.133 184.831 181.499 
178.858 182.3 181.467 186.459 184.257 180.029 184.319 181.689 177.898 
168.814 167.756 166.984 170.605 169.826 169.174 171.316 171.702 171.189 
159.675 159.671 159.741 161.054 161.704 162.178 162.809 163.738 163.952 
153.866 154.468 156.136 156.238 155.951 157.397 155.579 156.708 158.357 
152.52 151.536 151.45 153.832 153.294 152.528 155.732 154.888 153.72 
152.075 148.678 144.987 153.36 149.769 145.898 154.533 150.412 147.021 
153.482 146.242 136.679 154.399 146.704 137.324 154.553 145.261 137.931 
150.527 144.888 137.707 151.101 145.021 138.284 150.459 143.86 139.072 
146.254 144.459 143.211 146.318 143.986 143.238 144.165 143.413 143.572 
255.562 255.286 255.309 255.684 255.484 255.38 255.688 255.698 255.419 
244.417 244.667 237.766 247.65 245.738 242.063 248.631 248.647 246.097 
241.557 242.007 243.812 242.228 242.824 244.02 242.911 243.718 244.108 
234.75 236.02 240.299 236.149 237.938 238.955 235.684 232.965 237.533 
227.508 231.23 230.652 227.864 229.08 227.828 223.981 223.792 224.274 
220.859 221.836 220.582 220.283 220.162 217.878 216.326 215.774 215.416 
210.124 208.731 207.615 209.156 207.008 205.571 205.961 204.889 204.583 
197.045 196.808 195.994 195.47 193.609 193.807 191.498 189.856 191.319 
185.037 188.285 187.415 188.757 187.793 184.461 186.403 183.495 181.553 
181.743 182.112 181.882 182.076 181.015 181.363 179.728 178.662 180.044 
166.635 166.319 166.528 168.626 168.219 168.735 169.455 169.438 169.498 
156.281 157.047 158.775 158.168 158.257 160.196 156.864 158.756 160.912 
153.847 154.938 156.354 155.298 156.094 157.433 153.699 155.938 157.542 
152.013 152.458 153.919 153.792 153.44 154.81 152.915 153.885 155.282 
148.416 147.461 147.176 149.263 148.746 148.067 150.807 150.159 149.096 
148.666 145.191 141.404 149.638 146.283 142.257 150.822 147.168 143.698 
143.835 141.691 139.982 144.06 142.188 140.03 143.73 142.934 142.102 
144.449 143.125 142.054 144.573 143.034 142.152 143.328 142.99 142.925 
241.525 241.261 231.027 245.398 241.803 236.833 245.847 245.462 242.214 
239.965 239.718 230.286 244.011 240.681 235.881 245.754 245.673 241.913 
235.829 236.481 229.972 239.475 237.715 234.519 241.888 241.737 239.354 
224.45 227.293 231.867 226.656 229.177 229.685 230.152 229.398 227.885 
221.84 224.426 227.208 222.93 225.6 224.425 222.96 222.198 221.522 
213.582 213.326 212.459 213.83 213.239 211.412 212.828 212.202 210.811 
205.353 204.072 202.188 205.444 203.731 201.458 204.539 203.973 201.75 
196.293 193.87 191.766 190.652 191.253 189.984 190.919 190.154 191.05 
189.446 187.428 185.613 182.033 183.696 183.998 181.849 181.097 183.932 
181.304 179.151 177.762 175.511 177.699 177.726 176.929 176.522 178.416 
163.793 163.221 163.588 165.747 165.251 165.641 166.993 167.261 166.938 
157.822 158.152 158.259 158.293 159.941 159.932 157.934 160.068 159.854 
153.131 154.497 156.074 154.422 155.738 157.04 152.367 154.987 156.55 
149.252 150.273 150.561 149.774 151.927 151.437 149.629 151.556 150.803 
146.043 145.838 146.349 147.046 147.047 147.462 148.341 148.45 148.112 
144.026 142.759 142.586 145.06 144.284 143.411 146.344 145.894 145.272 
141.534 140.006 138.947 141.239 139.738 138.388 141.793 141.894 141.015 
140.993 139.721 138.523 140.882 140.447 139.445 140.935 141.337 141.475 
236.744 232.381 230.967 236.833 233.185 231.098 235.686 233.344 232.348 
237.076 236.538 227.061 240.797 236.81 232.31 241.904 241.295 238.001 
225.198 224.987 227.487 227.954 227.398 229.362 233.978 233.283 231.091 
220.65 222.943 228.088 223.313 225.733 226.476 228.521 227.252 225.285 
214.833 217.207 221.26 217.117 218.481 220.701 222.544 221.874 220.389 
206.732 206.932 206.708 207.133 206.969 206.161 207.566 207.235 205.787 
199.338 198.73 196.866 200.317 198.678 195.884 200.663 199.908 196.547 
192.32 191.299 189.055 192.474 190.34 188.105 192.594 191.305 188.219 
183.642 180.951 179.226 178.271 179.539 178.434 179.47 178.578 179.234 
171.907 168.901 168.984 172.838 172.279 169.947 172.211 171.836 170.01 
163.195 162.455 162.207 164.61 164.037 163.753 165.756 165.46 164.876 
157.439 157.225 157.597 156.735 157.347 158.146 156.767 157.972 158.48 
151.76 153.177 153.636 150.762 153.672 153.901 149.606 152.239 152.445 
145.151 146.689 148.925 145.329 147.082 149.532 145.755 147.355 148.375 
143.13 143.792 145.773 144.316 144.978 146.804 145.474 146.122 146.862 
140.819 140.109 140.351 140.602 139.755 140.085 141.819 142.049 141.754 
140.135 138.843 137.937 139.614 138.226 137.381 140.13 140.411 139.863 
139.24 138.343 137.293 138.783 137.85 137.315 139.1 139.699 139.507 
230.938 226.262 225.493 230.765 227.199 225.717 229.773 227.868 227.341 
227.993 223.683 222.88 228.27 225.317 224.237 227.779 226.531 226.854 
219.034 217.34 217.516 220.659 219.039 220.602 220.994 223.093 225.787 
214.154 215.706 220.285 217.394 218.349 221.457 223.792 223.503 222.252 
205.529 207.796 212.398 205.84 208.277 211.65 207.955 209.458 211.28 
200.37 202.106 205.39 199.842 201.143 203.336 201.093 201.534 202.441 
195.413 195.603 195.04 195.398 194.504 193.899 195.447 194.615 193.259 
181.06 180.833 180.045 180.881 178.024 178.91 178.555 176.447 177.501 
174.886 172.204 172.053 176.055 174.954 172.268 174.804 173.589 171.766 
171.499 168.523 168.378 173.135 172.415 169.192 171.787 171.192 168.975 
165.09 161.897 161.889 166.252 165.89 162.827 164.672 164.646 162.782 
150.594 149.812 150.694 149.121 148.478 149.418 148.463 147.559 148.462 
147.774 148.797 149.067 145.958 147.542 148.654 144.926 146.276 147.523 
141.902 143.566 145.278 140.962 143.031 144.728 140.814 142.076 143.962 
139.082 140.342 142.89 139.142 140.657 143.603 140.448 141.449 142.818 
135.916 136.527 138.013 136.571 137.569 137.936 138.438 138.59 138.495 
138.237 137.405 136.989 138.142 136.902 136.308 138.905 139.018 138.326 
136.631 135.488 134.641 136.96 136.518 135.756 137.554 137.658 137.12 
223.296 219.483 219.095 223.595 221.364 219.933 223.376 222.454 222.313 
217.863 215.812 215.37 218.59 216.432 216.692 217.695 219.524 221.159 
213.268 211.845 212.326 215.068 213.47 215.166 213.247 217.07 221.052 
207.013 206.992 208.323 209.526 209.077 211.646 209.13 212.789 217.005 
197.992 200.202 205.262 197.973 200.929 205.129 199.641 202.221 204.927 
193.247 194.598 197.409 192.077 194.14 197.426 192.176 193.689 196.734 
182.929 183.588 183.93 180.717 179.149 182.638 177.872 177.077 180.598 
177.605 178.457 177.875 176.134 173.246 176.15 172.31 170.257 173.441 
174.502 174.39 173.508 174.29 171.406 172.453 171.464 169.421 170.712 
165.761 162.932 163.374 167.055 166.052 163.198 164.934 163.7 162.051 
150.435 149.485 150.176 149.87 148.549 148.315 149.071 146.993 147.042 
147.184 146.566 146.919 145.942 145.103 145.333 144.895 143.65 143.875 
144.748 144.597 145.718 143.21 142.967 144.068 142.377 141.442 142.385 
137.337 139.08 140.336 136.39 138.374 139.912 135.851 137.233 138.761 
134.725 136.42 138.145 134.458 136.526 138.12 134.913 136.322 137.72 
131.892 132.591 134.205 132.667 133.692 134.358 133.258 133.815 134.055 
132.988 132.398 133.371 134.591 132.974 133.417 135.287 134.591 133.116 
134.141 132.628 131.136 134.743 133.062 131.263 135.475 134.71 132.865 
208.262 207.25 206.628 209.234 210.174 208.123 209.557 211.42 210.045 
208.816 207.148 207.226 209.716 208.858 208.41 210.554 211.476 211.229 
205.742 204.74 204.766 208.039 206.233 207.704 207.38 210.289 213.766 
190.599 190.504 191.96 192.709 192.792 193.63 193.97 195.274 196.253 
187.65 188.839 191.465 188.129 190.328 193.076 189.168 191.706 194.036 
179.264 180.17 182.799 177.252 179.488 182.586 177.348 178.879 181.816 
171.287 171.513 173.689 167.87 169.566 172.341 167.766 168.011 170.586 
173.437 173.594 173.301 171.025 168.546 171.467 167.728 165.991 169.038 
163.148 162.087 161.292 162.419 160.442 159.345 161.472 158.918 158.033 
155.507 154.576 154.083 156.01 153.982 151.886 154.919 151.598 150.34 
146.66 146.138 144.919 147.088 145.855 143.147 145.757 143.134 141.703 
143.442 141.909 141.994 142.28 140.707 140.654 141.36 139.079 138.921 
135.245 135.851 134.731 134.12 134.499 134.315 133.494 132.765 132.864 
133.602 135.135 136.255 132.672 134.265 135.593 132.652 133.439 134.373 
129.375 130.358 132.117 129.107 131.597 132.953 129.734 131.502 132.36 
129.929 130.525 131.993 130.819 131.287 132.26 130.861 131.446 131.539 
130.261 129.889 131.179 131.765 130.65 131.344 131.613 131.233 130.65 
131.54 129.88 129.76 133.096 129.986 129.745 133.524 132.119 129.805 
195.105 194.822 191.766 195.992 198.269 196.359 194.12 198.179 199.385 
195.688 193.808 193.35 195.984 196.994 196.073 196.077 198.595 198.606 
188.589 186.487 187.169 189.092 188.632 189.099 190.735 191.621 191.862 
181.957 182.121 183.093 183.272 183.322 184.099 185.103 185.892 186.26 
177.854 178.671 179.981 178.718 179.344 180.593 179.402 180.829 182.15 
168.436 170.395 172.019 167.671 169.699 171.47 167.804 168.274 170.38 
166.896 166.875 168.132 164.086 164.876 166.761 164.412 163.606 165.571 
163.56 163.535 162.663 161.548 161.385 161.085 161.706 159.703 159.81 
159.831 157.997 155.417 157.949 155.935 153.769 158.481 155.428 153.616 
147.079 145.476 143.644 146.775 144.334 141.991 146.083 142.504 141.007 
137.701 135.642 132.962 137.119 135.306 132.702 135.638 133 131.45 
133.788 132.515 129.883 132.482 131.667 130.111 131.792 129.97 129.191 
131.895 131.524 130.009 130.391 130.436 129.944 129.978 128.929 128.893 
128.406 129.446 130.512 127.373 130.056 131.224 128.006 129.351 130.457 
127.396 128.459 129.94 126.623 129.525 130.917 127.668 129.639 130.563 
126.119 127.244 128.138 126.122 128.493 128.976 126.977 127.951 128.6 
127.868 127.461 127.589 128.995 127.673 127.797 129.061 128.532 127.63 
129.538 128.033 126.607 130.373 128.375 126.741 130.997 129.811 128.152 
189.497 189.769 186.118 190.995 193.333 191.252 187.742 192.545 194.216 
187.683 186.58 184.507 187.93 188.884 188.698 186.853 189.95 191.497 
178.996 178.7 179.747 179.877 180.127 181.27 182.151 182.6 183.163 
174.826 174.982 175.924 176.016 176.086 176.901 177.522 178.612 179.145 
160.47 161.863 163.387 161.914 162.441 163.638 164.293 164.204 165.907 
158.528 160.561 162.16 159.001 159.803 161.702 160.084 159.653 160.933 
159.041 160.405 160.919 158.085 158.893 159.741 158.485 156.753 157.656 
158.079 156.101 153.407 155.787 154.135 151.908 156.919 153.954 152.084 
140.15 134.309 128.706 140.423 135.054 129.331 139.913 135.084 130.944 
129.102 124.634 120.51 129.357 125.089 120.623 128.693 124.036 120.786 
127.549 125.86 123.677 126.99 125.34 123.243 125.706 123.454 122.278 
128.083 125.988 123.673 126.758 125.312 123.762 125.355 124.076 123.081 
126.624 127.354 126.841 125.379 126.176 126.604 124.708 124.649 125.615 
122.687 123.926 124.626 120.562 122.814 125.224 118.617 121.013 124.025 
124.319 125.969 127.072 124.206 127.093 127.846 124.993 126.639 127.772 
121.261 123.397 124.635 122.046 124.012 123.862 122.707 123.018 122.744 
122.571 124.287 123.789 123.69 124.687 123.798 124.277 123.929 124.18 
125.1 123.523 122.277 125.942 125.099 123.77 126.623 126.419 125.879 
155.697 176.947 173.018 157.039 180.044 177.463 154.471 178.516 180.222 
160.605 163.965 167.445 162.039 165.667 168.344 163.351 167.21 169.634 
159.492 160.457 162.003 160.409 161.967 163.484 162.534 164.172 165.204 
152.191 153.53 154.918 154 154.763 155.791 156.765 156.785 158.553 
140.988 142.349 143.412 143.464 143.444 143.852 146.228 145.249 147.019 
138.124 140.125 140.777 140.254 140.362 140.899 142.647 140.817 142.44 
129.575 128.065 126.849 130.317 128.121 126.743 131.126 128.469 127.087 
117.879 114.025 110.563 118.094 113.186 109.629 118.534 114.292 111.031 
118.719 112.466 107.252 119.896 114.214 108.253 119.887 114.688 110.07 
113.791 110.082 106.516 113.744 109.847 106.342 113.302 109.449 106.566 
115.773 113.82 111.658 115.246 113.236 111.058 114.264 112.224 110.547 
118.293 117.134 115.646 117.326 116.175 115.1 116.129 115.077 114.488 
118.725 118.917 118.6 115.46 116.735 118.5 112.806 114.623 117.104 
118.79 120.387 121.825 116.463 118.912 122.078 114.12 116.944 120.907 
119.895 121.533 123.219 119.386 121.6 122.796 118.814 120.245 121.183 
120.229 122.397 123.641 121.19 122.916 122.561 122.047 121.928 121.432 
120.457 121.223 122.448 121.187 122.17 121.998 122 122.095 121.272 
121.383 119.698 118.726 122.907 122.077 121.379 123.884 123.845 123.712 
32.3509 123.841 119.375 33.2513 127.686 119.242 33.3249 124.641 121.206 
51.6124 121.615 119.151 52.4821 125.518 120.392 53.348 122.932 122.274 
101.168 103.428 106.183 103.145 105.796 108.364 105.898 108.384 110.325 
106.168 106.226 106.83 108.115 108.458 108.763 110.239 111.066 111.051 
111.341 111.83 112.138 114.36 113.545 112.981 117.074 115.399 115.975 
104.592 103.106 101.919 106.497 104.879 103.407 107.868 106.368 105.065 
97.7729 95.6124 93.8419 98.1096 95.8537 94.5038 99.2511 97.2013 95.659 
93.0049 91.5562 89.8392 93.0172 90.3725 88.7474 93.3523 90.9812 88.6064 
97.2568 95.1127 93.2131 97.7291 94.6984 92.4444 98.5551 95.734 93.5086 
101.274 99.5425 97.3411 101.691 99.4886 96.9239 101.671 99.6754 97.4619 
107.175 105.799 103.977 107.091 105.383 103.23 106.411 104.875 103.318 
113.013 112.701 112.421 110.541 110.389 110.913 109.274 109.361 109.873 
113.717 114.057 114.679 110.892 111.406 112.904 109.641 110.3 111.526 
117.211 117.844 117.885 113.824 115.579 117.913 111.305 113.493 116.546 
116.461 117.39 118.638 116.886 117.899 118.11 119.248 119.041 119.326 
118.795 119.969 121.551 119.493 120.779 120.436 121.158 120.739 119.85 
117.382 117.255 117.401 118.206 118.059 117.285 120.357 119.304 118.68 
116.746 114.801 115.279 119.264 116.992 117.256 119.582 119.05 118.897 
19.152 109.006 101.859 19.157 112.119 102.194 19.1049 108.558 103.626 
45.633 69.0097 66.7899 45.9292 69.3892 67.1607 46.2173 69.7778 67.4658 
68.505 71.181 71.7699 69.5958 72.6192 73.1273 70.688 73.9548 74.5085 
75.6965 74.3594 74.0976 77.3951 75.8992 74.6616 78.4343 77.6931 75.7594 
77.769 76.0139 75.4812 79.942 77.878 76.4033 81.1852 79.8378 77.5737 
82.3091 80.6962 79.855 84.073 82.1289 80.8776 85.1169 83.7111 81.6589 
88.796 87.5054 85.9305 88.8455 87.1119 85.9243 89.1311 87.5944 85.5308 
89.3143 88.2364 86.9184 89.3713 87.6028 86.528 89.597 88.0675 86.0828 
90.3104 89.5012 88.2436 90.667 89.0988 87.9361 90.8807 89.4805 87.5263 
92.2871 91.6872 90.6079 92.7968 92.1911 91.0471 93.2499 92.6462 91.5537 
100.505 99.9799 98.5769 100.375 99.5 97.9109 100.048 99.3683 98.3525 
105.364 105.446 104.516 104.211 104.027 103.196 103.709 103.332 103.269 
110.219 110.126 110.245 107.789 108.249 109.226 105.778 106.663 108.214 
109.134 111.316 113.524 108.62 110.942 113.363 108.684 110.65 112.911 
111.863 113.941 115.982 112.003 114.013 116.189 112.476 114.214 116.265 
115.336 115.802 116.654 115.877 116.379 116.216 118.027 117.422 117.498 
113.597 112.796 113.66 115.114 113.622 114.298 115.241 114.696 114.747 
112.968 111.533 112.67 115.381 113.006 114.078 115.462 114.926 115.124 
46.6066 62.6677 56.2475 47.3202 62.7303 56.0988 47.1273 63.4203 56.0848 
47.8609 50.7113 50.3788 47.8544 50.6302 50.4064 47.7573 50.4799 50.2451 
57.3799 57.1602 56.9065 57.629 57.5044 56.8925 57.8098 58.0035 57.4157 
66.9896 65.8459 64.961 67.4923 66.2841 64.9405 67.5639 66.8193 65.5264 
72.1638 70.7561 69.9775 73.2796 71.5472 69.9511 73.7363 72.6353 70.4478 
74.9728 74.2074 73.4557 75.456 74.6602 73.7945 75.8523 75.1731 74.1673 
82.8005 81.7304 80.8623 83.089 82.2619 81.3757 83.6311 83.0576 81.9606 
86.7865 86.1401 85.3065 86.9433 85.8699 85.0387 87.1401 86.2557 84.7471 
86.4709 86.0876 85.9294 87.1877 86.9282 86.5038 87.8747 87.7566 87.2062 
88.8381 88.8749 88.6858 89.4667 89.7765 89.4086 90.1785 90.6825 90.4025 
91.2839 92.0681 92.996 91.484 92.5126 93.4203 91.9373 92.8246 93.3429 
101.706 101.634 101.455 101.131 101.264 100.893 98.9576 99.5288 100.824 
102.992 103.287 103.644 102.39 103.253 103.432 99.7688 100.962 102.857 
102.499 103.779 104.919 102.559 104.299 105.56 100.259 102.388 105.222 
106.731 108.899 111.277 106.647 108.105 110.403 106.504 108.151 110.398 
109.368 110.09 110.811 109.195 109.436 110.133 109.247 109.716 110.537 
110.911 110.832 111.152 111.403 111.165 111.372 111.816 111.618 111.689 
111.115 109.704 110.652 113.255 111.314 112.074 113.348 113.122 113.076 
47.6094 42.7746 38.3095 48.3939 42.8941 37.977 47.9888 43.733 38.0663 
42.4076 41.1415 40.4108 42.8082 41.3637 40.4749 42.8608 41.8651 40.8105 
46.1632 46.2763 46.6743 46.0485 46.3877 46.5807 45.9143 46.2706 46.6497 
57.5774 57.4377 57.4896 57.8033 57.702 57.2443 57.7208 57.9649 57.6141 
65.2873 65.7997 66.0138 65.7079 65.7869 65.844 65.7483 65.7537 65.5515 
69.2914 69.259 69.2163 69.4548 69.4662 69.2812 69.6883 69.6484 69.3769 
73.6941 73.9004 74.0984 73.8609 74.0511 74.1299 73.769 74.1381 74.2417 
79.9734 80.201 80.5342 80.3015 80.6853 80.8807 80.7403 81.1275 81.1953 
80.4239 81.5021 82.9754 81.2868 82.649 83.7148 82.5231 83.7031 84.8238 
84.8907 86.4248 88.1563 85.5366 87.4921 89.0261 86.7134 88.2476 89.4886 
86.8905 88.5917 90.9358 87.2361 89.3445 91.364 88.0631 89.7397 91.2983 
91.2765 92.7337 94.3934 90.9899 92.6945 94.4577 90.9819 92.5002 93.9162 
98.5617 99.4174 100.268 98.5747 99.8562 100.864 96.5829 98.4195 100.694 
100.375 102.466 104.527 100.501 102.037 104.196 100.521 102.263 104.389 
102.155 104.383 104.946 103.461 103.975 104.614 103.449 103.429 106.139 
106.779 107.446 108.432 106.684 106.515 107.216 106.648 106.774 107.371 
108.216 108.281 108.55 108.481 108.2 108.204 108.915 108.799 108.731 
108.273 107.873 107.54 109.252 109.134 108.666 110.465 110.621 109.995 
34.3331 32.4388 31.0868 34.7806 32.714 31.0291 34.7229 33.3045 31.5152 
31.9341 31.3458 30.8061 31.7263 31.2218 30.6465 31.9493 31.1714 30.6994 
40.4107 40.7343 41.1747 40.4051 40.8415 41.1301 40.4421 40.8611 41.3636 
51.427 52.2251 53.0465 51.7283 52.4377 52.9827 51.6255 52.3716 53.0519 
57.9347 58.7045 59.4064 58.2124 58.9008 59.3331 58.2991 58.9113 59.3742 
65.1227 65.3294 65.4608 65.5086 65.7841 66.0272 65.3973 65.6956 65.8153 
71.5222 72.0133 72.5717 71.4692 71.9681 72.4577 71.2583 71.944 72.5697 
74.4974 75.5913 76.79 74.6757 75.7551 76.8509 74.7652 76.0521 77.2268 
76.6692 78.4961 80.3558 76.8588 78.8878 80.7387 77.6337 79.3586 81.1483 
80.4659 82.4955 84.5427 80.3933 82.7967 84.8007 80.8924 83.1881 85.4029 
85.2351 87.2695 89.3615 85.0826 87.3858 89.2952 85.2756 87.1562 89.105 
89.303 90.8073 91.3534 89.0237 90.1578 91.3492 88.3139 89.7634 91.2041 
92.9869 94.0731 95.2644 92.8938 94.1135 95.4925 92.9476 94.3275 95.429 
97.3699 99.4358 99.8985 99.0133 100.08 100.779 99.1478 99.7067 102.232 
100.324 101.989 102.136 101.977 102.304 102.332 102.194 101.842 103.87 
102.743 104.09 103.779 104.216 104.259 103.984 104.465 103.891 105.718 
105.197 104.927 105.076 106.327 105.984 105.561 107.148 106.733 106.126 
104.683 104.141 105.512 105.919 105.683 105.955 107.28 107.179 107.179 
24.0856 22.7942 22.0206 23.5401 22.6288 21.6848 23.7398 22.5165 21.704 
24.0497 23.3322 22.4387 23.7679 23.1605 22.3116 23.9054 23.0124 22.2965 
29.4775 29.2626 29.0529 29.2705 29.1438 28.8761 29.3059 28.9601 28.8455 
42.4014 42.4893 42.6097 42.4334 42.5161 42.5753 42.4724 42.5358 42.6905 
56.4017 55.8214 55.5547 56.7758 56.4077 56.2331 56.6744 56.2966 56.0921 
61.9978 61.3324 61.0522 62.2274 62.115 62.0266 62.2243 62.2189 62.1159 
66.2386 66.1515 66.0898 66.3915 66.4989 66.6627 66.1324 66.3338 66.6222 
74.6923 74.8635 74.8934 74.0088 74.1747 74.3954 73.7022 73.7874 74.1413 
79.1484 79.6505 80.1332 78.448 79.1213 79.9237 78.0953 79.0827 79.9667 
82.0452 82.8609 83.3751 81.3734 82.3145 83.0348 80.8126 81.8013 82.8716 
85.2821 86.2712 86.3506 84.8799 85.5172 85.9873 83.9997 84.9267 85.9472 
88.1978 89.0885 88.601 87.7883 88.1855 88.4306 86.7283 87.464 88.2431 
91.0632 91.8114 91.5047 90.9557 91.2466 91.7393 90.2513 91.0198 91.6675 
94.9148 94.8251 94.9988 95.5885 94.9437 94.9556 95.6211 95.8347 95.3797 
98.7248 95.8947 96.5024 99.0005 98.6876 97.1348 98.2832 97.6151 98.3118 
100.685 99.7247 98.9445 101.455 100.718 99.8577 101.859 101.184 100.338 
102.346 101.337 101.619 103.303 102.582 102.284 104.261 103.645 103.171 
101.964 101.7 103.648 103.082 103.177 103.802 104.366 104.501 104.717 
1.83923 1.49197 1.19983 1.75472 1.47394 1.21959 1.75853 1.43764 1.18787 
13.7202 12.6843 12.0167 13.4492 12.5321 11.9849 13.4714 12.6721 11.8315 
23.3187 22.6127 21.7295 23.1572 22.4533 21.6389 23.0679 22.3439 21.5852 
35.6514 34.9098 34.3649 36.0768 35.8428 35.0384 36.0124 35.7515 34.9943 
50.7386 49.5026 48.8951 50.6323 49.6899 49.1407 50.619 49.7958 49.2495 
59.1559 58.0091 57.5209 59.2024 58.6651 58.2356 59.2268 58.7163 58.302 
64.8586 64.4904 64.3429 64.4709 64.3542 64.3816 64.3619 64.3487 64.3931 
74.2835 73.8609 73.2994 73.2419 72.8657 72.6426 72.6353 72.231 72.0966 
78.8947 78.3434 77.6803 77.9162 77.3896 76.9469 77.1209 76.6951 76.3381 
82.3325 82.0945 81.5588 81.4864 81.1701 80.8986 80.5826 80.4434 80.3552 
84.93 84.9943 84.7118 84.3098 84.1734 83.9166 83.5866 83.3976 83.5814 
87.9892 88.3958 87.5328 87.5132 87.3648 87.0486 86.3871 86.4893 86.7172 
92.978 92.7768 92.5356 92.8941 91.9596 91.674 92.2847 92.108 91.5723 
96.7073 93.2771 93.9857 96.2748 95.3963 93.9177 95.1855 94.6704 94.2516 
97.562 93.9817 94.6328 97.1251 96.246 94.6329 96.0826 95.5502 95.1217 
99.0545 95.2408 95.741 98.3953 97.5998 95.945 97.3371 96.5661 96.2128 
100.672 100.269 100.109 100.169 99.9938 99.7115 100.273 100.277 99.3509 
101.193 100.729 102.576 101.445 101.546 102.265 102.212 102.197 102.613 
0.78338 0.532985 0.564125 0.73412 0.51942 0.548482 0.750075 0.563645 0.537206 
2.92365 2.46606 2.08773 2.84682 2.41773 2.07945 2.83504 2.38201 2.04243 
25.1879 24.4246 23.9691 25.6109 25.3159 24.5737 25.5043 25.3418 24.4907 
33.8767 33.1495 32.4959 34.2841 34.0294 33.1766 34.1608 33.8826 33.0703 
40.7025 39.5999 38.7116 41.0958 40.5727 39.4789 40.9548 40.3504 39.3589 
56.7437 55.9882 55.4692 56.5633 56.1527 55.898 56.4692 56.2247 55.9148 
64.7263 65.0717 65.2193 64.4127 64.8863 65.2709 64.4907 64.7421 65.2032 
73.5001 73.8221 73.8614 73.1318 73.3766 73.6053 72.783 73.0329 73.4178 
77.9649 77.6351 77.0757 77.2534 76.7036 76.4459 76.6092 76.1378 75.8192 
81.3408 80.9383 80.1297 80.8185 79.8544 79.1906 79.9816 79.1184 78.6396 
85.0908 84.6227 83.8447 84.4484 83.4216 82.6466 83.5222 82.5474 82.1381 
88.3456 87.6945 86.7752 87.2406 86.2646 85.434 86.0072 84.9811 84.6703 
92.2701 91.9294 91.3637 91.3482 90.9918 90.3939 90.2297 89.3816 89.1271 
94.96 94.6952 94.3494 94.7805 93.7773 93.3387 93.9271 93.5436 92.9536 
97.7476 94.407 94.9839 96.7417 96.2738 94.7574 95.3325 94.718 94.5374 
99.0124 98.7669 98.587 97.7224 97.5631 97.3028 96.9323 96.8749 96.3277 
99.9745 99.9634 99.936 98.5768 98.5557 98.5675 98.1088 98.2892 97.6457 
100.686 100.831 100.828 99.2861 99.6157 99.6914 99.2518 99.629 98.7953 
