19340332
1.41637 1.01095 0.72101 1.64883 0.858463 0.70319 1.59324 1.01735 0.702906 
2.87227 2.45811 2.13945 3.119 2.314 2.13797 3.00667 2.44836 2.13217 
17.5608 16.4246 15.3032 18.3771 15.8383 15.2219 18.096 16.4411 15.2885 
23.8685 32.4017 31.0185 23.6189 32.2854 30.8999 23.4757 32.2009 30.9723 
40.0961 69.5768 66.9773 40.1624 69.7965 67.1006 40.2512 70.0013 67.5073 
66.9045 78.4725 77.5008 67.1278 78.3998 77.3993 67.127 78.5349 77.1658 
82.2075 81.9354 81.671 81.978 81.6926 81.3671 81.6995 81.4561 81.1983 
86.8524 86.3628 86.8433 85.5898 85.5207 84.529 85.171 84.5106 83.1273 
88.2665 87.8062 87.9456 87.2641 86.6359 85.5737 86.6224 85.7074 84.7528 
89.8828 89.3794 89.5219 88.9496 88.2422 87.093 88.3406 87.3842 86.3044 
93.6819 93.4824 93.3256 94.0713 93.7138 93.5012 94.1448 93.8777 93.7157 
96.4248 95.8199 95.5545 96.8368 96.3943 95.9036 97.0606 96.6678 96.255 
98.0417 96.9682 96.828 99.4648 97.9123 97.4915 100.426 98.8668 98.376 
100.024 97.7503 96.0825 101.807 99.3719 97.5189 103.066 101.167 99.0661 
5.03341 4.79935 4.60447 5.07162 4.81916 4.57564 5.11124 4.82834 4.56461 
19.7591 18.6957 17.6497 20.3038 18.2489 17.559 20.1603 18.6085 17.5422 
28.8539 28.4129 28.0033 28.7636 28.3645 27.8134 28.7188 28.3117 27.8688 
48.9847 50.7084 51.1148 51.1434 51.2937 52.4272 50.4406 51.2139 51.7871 
58.6795 66.5532 65.8407 58.3019 66.453 65.6834 58.626 66.4404 65.72 
72.388 73.0061 73.9556 72.1688 72.9617 73.8768 72.2025 73.031 73.9549 
81.2837 80.9689 81.3826 80.1906 81.1537 81.3888 80.3766 80.8266 80.1037 
83.2964 81.1256 83.2788 85.275 86.1097 83.8346 86.1443 89.1176 88.2656 
87.8022 87.6349 88.5361 87.0664 87.1249 86.2552 86.7862 86.2418 85.2348 
91.043 91.1895 91.3267 91.0924 91.1653 91.2562 91.0327 90.9796 91.0763 
94.5196 94.3861 94.3716 94.5107 94.3012 94.243 94.0961 94.0905 94.0967 
97.4208 97.4501 97.443 97.4067 97.1245 96.9944 96.993 96.5096 96.8164 
99.567 98.9914 99.0618 100.813 99.5424 99.4662 101.414 100.13 100.093 
100.496 98.9417 98.3529 102.618 100.112 99.4848 103.999 101.71 100.853 
35.5597 34.194 33.4133 35.6763 34.5026 33.7697 35.7326 34.6083 33.8388 
38.8533 38.0081 37.6236 39.1397 38.2 37.5844 39.1832 38.5406 37.8295 
50.0052 51.4938 51.88 52.1791 52.0843 53.0844 51.5229 52.0079 52.469 
56.1296 57.8128 58.3423 58.2578 58.4553 59.6185 57.723 58.4602 59.0015 
59.75 61.4735 62.0433 61.8285 62.1551 63.3874 61.3569 62.161 62.807 
70.9363 71.1547 71.4631 70.9761 71.2374 71.491 71.2463 71.4443 71.6413 
78.1627 76.1347 78.7303 81.0652 81.9154 79.4905 82.1929 85.7667 85.414 
83.0905 80.4787 83.6445 86.4353 87.5612 84.2806 87.6532 91.889 90.9247 
84.564 82.8191 85.7444 87.625 88.7282 86.2754 88.6605 92.4176 91.9467 
91.513 91.8611 92.7743 91.6697 92.2753 92.4825 91.4519 91.9489 92.3582 
97.4775 98.016 97.9264 96.7153 97.0316 97.0136 95.7507 95.8519 96.2376 
100.642 101.148 100.933 99.6895 99.8324 99.5761 98.3702 98.2222 98.6559 
105.332 104.879 104.326 104.848 104.865 104.42 104.782 104.881 105.437 
104.012 100.798 98.4928 107.372 104.392 101.256 109.645 107.936 105.121 
48.6488 46.7821 45.8144 49.2967 47.312 46.1103 49.3731 47.8201 46.5026 
52.0854 50.7064 50.0502 52.5028 51.1101 50.4689 52.481 51.2533 50.6975 
63.5356 63.8598 63.9924 64.2034 63.7155 63.9175 63.4277 63.3583 63.5342 
58.8217 60.3372 60.7063 60.9828 60.919 61.9437 60.2543 60.8384 61.3415 
71.5556 71.7726 71.7201 71.6184 71.8474 71.7706 71.8545 71.9645 71.854 
76.1555 76.4379 76.8853 76.4368 76.7358 77.0489 76.8393 77.1186 77.2789 
78.0204 79.0392 80.0731 78.5289 79.5251 80.6684 79.0279 79.9407 80.6127 
81.7272 80.6483 84.3394 84.9714 86.9815 85.0266 86.2063 91.2073 91.2755 
89.9579 91.9051 94.2676 90.2486 92.467 93.7967 90.1686 92.1647 93.7487 
100.22 101.445 102.483 100.513 101.628 102.55 100.485 101.188 102.543 
104.305 104.517 104.432 103.328 104.195 103.969 102.956 103.077 103.281 
107.218 106.997 106.569 106.14 106.568 106.058 105.638 106.054 106.61 
108.854 107.675 107.28 108.78 108.135 107.831 108.784 108.681 109.274 
108.74 106.099 104.46 110.069 108.516 106.498 111.388 110.912 109.813 
68.8775 67.3671 66.2627 69.2362 67.5451 66.3753 69.0154 67.5727 66.4772 
73.599 73.4425 73.0891 74.2413 73.2034 72.9093 73.3937 72.9424 72.5411 
74.9589 75.4235 75.3096 75.4458 74.9922 75.0637 74.334 74.3105 74.4618 
91.2133 92.0569 91.6257 92.3064 91.896 91.7384 91.328 91.325 91.1093 
116.931 115.967 114.894 117.595 116.958 115.047 116.881 116.357 115.84 
112.857 111.883 111.203 113.981 112.493 111.428 113.822 113.454 112.338 
103.083 103.519 103.874 103.81 104.656 105.26 104.459 105.283 105.047 
96.3696 98.919 101.984 96.8507 100.061 102.995 97.5703 101.084 103.694 
103.479 106.823 110.21 104.399 107.547 110.546 104.675 108.019 111.224 
105.017 106.184 107.359 105.216 106.644 107.728 105.73 106.262 107.773 
109.598 109.974 110.291 109.202 110.384 110.565 110.501 110.5 110.745 
112.727 112.745 115.068 112.131 111.34 112.592 111.114 111.389 112.875 
110.798 109.98 109.909 110.338 110.092 110.067 110.332 110.359 111.187 
112.826 110.412 111.042 114.981 111.982 112.222 115.631 114.225 113.685 
144.982 145.623 145.108 142.243 141.952 143 140.006 140.939 142.801 
138.898 139.105 138.371 137.927 137.209 137.002 136.648 135.993 136.052 
121.242 122.143 122.455 120.986 120.934 121.041 119.265 118.442 119.544 
151.168 150.708 149.37 151.778 150.782 148.977 151.17 149.924 148.957 
149.239 148.014 146.196 150.34 148.98 146.471 149.622 148.556 147.446 
158.962 155.398 153.363 157.296 155.462 154.171 155.142 155.287 154.862 
156.216 154.698 151.528 156.915 155.093 154.291 155.911 154.422 152.621 
132.105 134.097 136.031 133.144 135.126 136.645 133.374 135.953 137.284 
114.092 118.563 123.308 114.83 119.501 123.82 115.025 120.904 124.725 
111.484 112.998 114.516 111.633 113.769 115.282 112.925 114.423 115.838 
113.6 113.939 116.446 112.884 112.943 114.295 112.679 113.415 114.721 
114.17 114.473 116.87 113.528 113.34 114.633 113.187 113.87 115.11 
115.114 114.713 117.128 115.078 113.63 114.926 114.283 114.486 115.58 
115.275 113.608 113.887 117.084 114.834 114.525 117.898 116.821 115.698 
177.123 178.708 178.621 173.824 174.346 176.387 170.894 172.581 175.678 
181.13 181.578 182.418 177.85 178.003 179.143 175.343 174.238 177.464 
183.772 183.834 184.226 181.622 181.192 181.174 179.54 176.952 178.902 
182.503 181.622 182.546 180.336 179.475 180.724 181.373 177.167 179.877 
171.512 169.108 167.553 169.978 168.465 167.731 168.327 167.984 167.7 
168.599 165.445 162.784 166.724 165.112 164.239 164.286 164.296 163.809 
166.034 163.86 161.769 165.552 163.866 162.527 164.629 163.98 162.888 
156.898 156.783 154.94 157.413 156.9 157.069 157.154 156.38 155.474 
130.004 132.706 135.226 130.259 133.431 135.712 130.188 133.676 136.16 
120.806 122.536 124.291 120.898 122.903 125.096 120.884 123.005 124.894 
116.744 117.214 118.081 116.319 117.565 118.666 117.217 117.988 118.637 
117.167 117.442 119.783 116.788 116.129 117.561 115.955 116.602 117.911 
119.753 119.408 118.842 119.999 119.432 118.68 120.095 119.699 119.16 
118.496 116.581 116.143 119.989 117.61 116.812 120.764 119.407 117.922 
194.29 195.401 195.899 191.138 192.024 194.141 189.253 190.426 193.369 
199.084 199.361 199.22 197.5 197.168 197.66 195.696 194.844 196.181 
202.63 199.846 201.31 202.972 200.385 199.767 198.668 196.335 198.937 
199.44 198.168 198.34 197.352 193.347 193.716 198.228 193.962 193.225 
187.761 186.446 186.191 187.091 185.675 185.807 188.33 185.143 186.098 
181.263 178.906 176.908 182.075 179.058 176.742 179.276 178.762 177.879 
169.881 169.027 167.336 170.223 169.2 167.807 170.288 169.435 168.095 
163.414 163.263 162.819 163.773 163.281 162.823 164.136 163.859 163.277 
144.017 144.813 146.031 143.721 145.151 146.294 143.742 145.216 146.292 
128.431 129.305 130.797 127.893 129.466 130.855 127.304 129.037 130.654 
125.391 126.462 127.38 125.565 125.892 127.204 125.266 125.999 126.778 
123.548 123.68 124.123 124.281 123.824 124.317 123.481 123.797 124.418 
124.021 123.087 122.064 124.339 123.292 122.286 124.513 123.76 123.069 
125.362 122.816 120.542 126.42 123.837 121.489 127.063 125.172 123.247 
212.869 214.167 214.9 211.522 212.384 213.552 210.689 211.152 212.332 
212.924 210.752 212.209 214.014 211.619 210.987 209.926 208.857 210.704 
209.939 208.093 208.389 209.387 204.763 203.875 206.903 204.114 203.293 
205.978 203.868 204.311 205.386 200.553 199.857 203.547 200.327 199.622 
199.563 198.112 197.286 198.737 194.184 193.188 197.835 195.456 193.584 
185.428 184.033 182.248 186.642 184.502 182.23 184.616 184.38 183.624 
180.713 179.701 178.336 181.766 179.913 178.231 179.623 179.773 179.373 
168.991 170.097 170.912 169.053 170.036 170.654 170.073 170.8 171.112 
152.969 154.347 155.594 152.942 154.653 155.977 153.366 154.993 156.163 
135.653 137.441 138.324 135.72 136.715 137.835 135.483 136.73 137.565 
129.081 130.453 131.23 129.56 129.634 130.916 129.121 129.77 130.707 
127.232 128.33 128.435 128.206 127.707 128.267 127.843 128.091 128.603 
128.743 127.718 126.501 129.683 128.179 127.024 129.424 128.658 127.821 
130.053 126.963 124.504 131.078 128.025 125.708 132.032 129.802 127.631 
224.704 226.094 227.102 224.322 224.288 225.3 224.237 223.128 224.231 
223.425 224.006 224.533 223.214 222.636 222.706 222.505 221.606 221.975 
218.069 216.028 217.279 218.842 216.69 215.692 213.982 213.681 215.306 
210.322 209.575 209.655 208.59 205.204 205.527 208.044 205.949 204.956 
202.353 202.542 203.997 200.933 201.944 202.955 201.694 203.134 204.951 
191.706 191.278 190.402 192.076 190.976 190.234 189.903 190.888 191.405 
181.619 183.157 184.064 180.995 182.931 184.449 182.136 183.758 185.256 
177.768 174.491 175.248 175.588 174.997 178.525 178.334 179.86 181.014 
161.819 162.761 163.97 162.492 163.771 165.121 163.707 165.295 166.31 
151.308 151.729 153.293 150.519 151.891 153.359 154.118 156.624 158.239 
134.909 136.469 137.263 135.767 136.672 137.654 135.906 136.927 137.677 
133.746 134.293 134.425 134.837 135.101 135.552 135.063 135.718 135.876 
132.798 132.142 131.521 133.193 132.633 132.037 133.991 133.693 132.662 
134.684 132.861 133.876 135.117 132.807 133.722 136.556 133.42 133.362 
232.451 234.669 236.042 231.917 233.134 234.154 230.717 230.674 231.778 
231.634 232.046 236.058 230.802 234.398 234.207 233.221 235.475 233.563 
225.008 225.582 227.022 223.339 224.888 226.6 221.927 224.608 225.624 
216.369 217.364 219.547 217.026 218.725 221.767 218.655 220.147 222.357 
207.127 208.958 212.11 206.882 208.616 210.838 209.212 210.744 211.61 
202.164 203.309 206.15 200.452 202.952 204.852 202.253 204.845 207.863 
188.379 185.567 186.952 185.93 186.237 190.744 188.575 190.746 193.036 
183.649 178.768 181.572 182.109 179.121 185.365 183.38 183.726 185.857 
169.852 165.474 166.544 167.06 165.847 169.521 171.554 173.308 174.67 
154.044 154.051 156.219 153.115 154.496 156.413 156.964 160.267 162.192 
150.785 151.069 152.754 149.992 151.401 152.954 153.632 156.426 158.186 
141.842 142.555 143.124 142.663 143.849 144.968 144.135 145.352 146.073 
136.549 135.341 137.031 136.883 135.377 136.955 138.53 136.074 136.615 
136.378 134.817 136.62 136.831 134.697 136.127 138.501 135.289 135.814 
239.005 239.358 243.386 238.784 242.777 241.693 241.139 243.54 241.358 
238.512 237.958 241.78 239.67 242.923 241.671 242.667 245.702 242.309 
229.859 228.932 233.198 230.229 233.868 234.158 234.376 237.298 234.99 
217.945 218.7 220.717 220.679 221.833 224.408 224.198 225.081 225.73 
212.633 213.575 215.22 215.2 216.247 217.645 218.51 219.322 219.658 
203.23 204.48 206.453 204.606 206.214 207.039 207.589 208.791 208.204 
190.714 188.474 191.685 190.949 189.725 194.602 191.608 192.09 194.199 
185.283 181.043 184.076 184.361 181.76 188.036 185.647 185.951 188.172 
176.285 173.595 176.931 176.536 174.781 180.05 177.004 177.934 179.87 
155.728 156.279 158.052 154.586 156.058 157.983 158.505 161.045 162.887 
155.009 155.858 159.777 152.743 156.615 159.034 154.189 156.963 158.606 
147.152 147.067 147.878 146.643 146.531 148.282 146.971 147.498 148.797 
143.119 142.72 143.178 142.906 142.245 141.891 143.818 142.583 142.317 
137.814 136.439 137.87 138.37 136.463 137.365 139.798 136.453 136.457 
251.26 253.187 253.494 252.242 253.672 253.468 253.264 251.47 253.7 
244.211 243.629 245.409 245.391 247.805 245.276 247.572 249.665 246.231 
241.326 240.11 238.706 242.671 242.784 240.774 242.503 243.257 242.586 
227.573 226.367 225.97 229.993 228.508 228.496 231.517 230.804 230.424 
221.096 219.948 219.709 222.611 221.649 220.593 225.151 224.351 222.365 
210.156 208.864 208.628 212.178 211.458 209.484 214.175 213.825 212.256 
198.617 198.116 198.812 200.487 200.485 200.876 202.369 202.609 202.663 
185.151 182.369 184.959 185.961 183.732 187.504 186.447 186.269 187.346 
172.838 171.923 173.399 175.455 174.832 175.044 177.01 177.166 176.953 
163.887 165.35 167.649 162.451 165.313 166.71 164.785 165.441 165.899 
159.15 161.085 163.863 156.275 159.655 161.271 158.039 158.426 159.196 
152.771 153.437 155.865 150.209 152.306 152.859 151.442 151.074 151.408 
145.098 145.168 145.35 144.83 144.138 143.178 145.203 143.704 142.687 
143.011 142.674 141.693 143.15 142.124 139.919 143.594 141.641 139.838 
252.689 255.208 254.916 253.352 255.064 254.981 254.346 252.326 255.07 
251.044 252.902 252.663 251.644 252.936 252.813 252.713 250.903 253.086 
242.923 241.943 239.878 242.137 241.306 240.765 240.507 240.007 241.964 
236.742 234.709 232.876 235.961 234.518 234.121 234.94 233.866 235.593 
231.035 228.127 226.203 231.861 229.121 226.775 231.463 230.617 228.773 
218.836 216.331 214.536 220.398 218.16 215.377 221.661 220.086 217.866 
203.909 202.796 202.037 206.587 205.42 202.499 208.675 207.59 205.293 
184.921 183.064 183.585 188.305 186.752 185.08 189.815 189.519 187.833 
173.565 171.991 173.486 176.653 175.592 175.165 178.302 178.269 177.605 
169.944 169.135 170.551 172.136 171.453 171.637 173.764 173.443 173.143 
160.941 161.397 163.338 159.066 160.857 161.112 160.271 160.011 160.201 
154.662 154.02 154.236 153.727 152.28 152.267 153.481 152.119 152.15 
148.462 147.648 147.18 148.08 146.315 144.631 148.475 146.148 145.057 
143.898 142.944 140.071 144.302 142.669 139.676 144.542 142.316 138.827 
