22217932
182.739 179.662 181.311 182.819 179.925 182.906 181.505 180.981 182.194 
161.835 161.806 162.092 162.47 162.032 162.37 162.504 161.846 162.692 
125.845 126.016 127.709 125.829 125.537 126.456 125.657 125.897 126.928 
109.536 109.877 111.178 109.521 109.391 110.051 109.441 109.945 110.56 
38.8879 38.7702 39.1207 38.8369 38.5489 38.4823 38.7464 38.7428 38.7654 
32.7745 34.107 34.3949 34.7773 34.6771 35.5193 34.2039 34.6518 34.9342 
187.176 184.915 186.372 187.257 184.788 187.571 186.266 185.77 187.325 
191.191 188.736 190.957 192.099 189.373 192.125 190.419 189.717 191.57 
159.185 159.228 159.73 159.551 159.17 160.047 159.567 158.927 160.209 
115.767 116.018 117.716 115.562 115.333 116.137 115.401 115.856 116.886 
61.1612 62.9217 63.1746 63.4655 63.6373 64.4698 62.8331 63.7109 63.8728 
51.0455 52.3739 52.9716 52.7544 52.6387 53.3011 52.1238 52.3274 52.5188 
200.817 198.146 200.27 201.553 198.826 201.425 199.715 199.326 200.508 
206.256 205.252 206.429 207.465 206.376 206.545 205.27 205.04 206.624 
198.525 197.359 198.865 200.112 198.99 198.797 197.411 197.446 199.192 
162.336 160.07 160.556 161.105 160.511 162.1 162.413 162.816 163.621 
97.4504 97.2095 97.7197 97.2269 96.9803 96.2948 97.0059 96.5404 96.034 
69.6293 71.1406 71.9329 71.7007 71.5371 72.3797 70.9385 71.3066 71.5521 
230.001 229.354 228.434 231.206 231.161 229.778 230.75 231.543 230.163 
223.452 222.379 224.274 225.021 224.138 224.314 223.878 224.113 224.205 
204.326 202.354 203.304 203.717 203.096 205.144 205.299 205.721 206.275 
192.54 190.434 190.464 190.636 186.951 187.66 191.978 190.051 188.606 
153.168 150.362 150.6 152.227 151.051 152.355 153.935 154.221 154.264 
106.091 105.805 106.468 105.807 105.382 105.033 105.875 105.415 105.013 
248.204 249.68 249.951 249 249.789 249.841 250.055 248.437 250.131 
236.327 235.637 238.155 237.048 237.874 238.066 238.622 239.348 238.32 
218.219 217.579 219.024 217.355 214.642 214.987 218.66 216.931 215.044 
205.106 203.731 204.246 203.919 200.321 200.991 205.155 203.106 201.657 
184.434 183.493 183.732 183.09 179.801 179.863 184.431 182.395 181.041 
150.581 150.411 151.358 150.396 150.565 151.234 152.741 153.64 154.362 
251.207 253.207 253.122 251.943 253.478 253.22 253.038 251.407 253.516 
247.581 249.631 250.244 248.278 249.814 250.051 249.329 247.833 250.129 
227.746 228.074 228.819 227.63 228.204 228.771 227.975 228.204 229.076 
212.033 211.442 211.399 210.866 207.394 207.183 211.399 209.012 207.389 
199.978 199.87 200.163 200.71 200.445 199.947 201.638 201.437 200.77 
163.196 163.148 163.759 162.844 163.117 163.555 165.219 165.801 166.286 
