19340332
110.41 110.683 113.169 111.473 111.713 114.161 111.611 112.021 114.314 
111.641 110.356 112.07 113.599 111.761 113.114 114.275 113.654 113.97 
111.299 109.814 108.837 111.927 110.341 109.086 112.224 110.764 109.644 
109.621 106.755 103.805 110.045 107.005 103.965 109.789 106.987 104.251 
97.155 95.5897 94.7958 98.8209 97.3249 95.8608 99.6788 98.6647 97.3902 
87.7919 84.8605 87.0307 91.3664 91.4316 87.9264 92.4231 95.6776 94.4737 
83.8459 80.748 83.2198 87.6332 87.7514 84.2037 88.7195 92.3914 91.233 
78.5741 75.5482 78.2895 82.5944 82.737 79.2525 84.2351 87.6716 86.3413 
68.8459 69.1235 69.5477 68.9932 69.6659 69.726 69.9378 70.2684 70.138 
62.9596 63.3553 63.7461 62.6341 63.5691 63.5377 63.3357 63.8919 63.7993 
50.4822 50.7945 51.1475 50.3914 50.5732 50.8271 50.4551 50.5968 50.8385 
30.4968 30.7436 30.7961 30.5293 30.5715 30.5617 30.664 30.5937 30.5476 
22.2226 21.9754 21.7741 22.0736 21.8577 21.6144 22.2877 21.929 21.6524 
3.26843 3.05541 2.86414 3.2082 3.07077 2.86058 3.24267 3.00479 2.85354 
1.07895 0.739654 0.565897 1.35444 0.580754 0.557208 1.28214 0.792306 0.564341 
111.502 112.681 116.73 113.701 114.368 117.436 114.385 116.873 118.686 
113.573 112.654 114.017 115.496 114.188 114.767 116.608 116.475 116.183 
115.45 113.549 113.425 116.978 114.616 113.831 117.592 116.297 114.989 
114.517 110.425 106.292 114.576 110.193 106.161 114.016 110.026 106.649 
100.837 96.7567 93.9569 103.604 100.137 96.5696 105.286 103.3 99.9628 
93.737 92.5631 91.6713 94.0433 92.8016 91.9995 93.9904 93.3004 92.7083 
87.4202 85.8012 87.0575 88.0888 87.693 85.0398 88.0006 88.7409 87.235 
82.1337 81.2242 80.909 81.0454 80.4328 80.5459 81.1334 80.5466 80.146 
72.0248 71.4371 70.8333 72.0698 71.2318 70.686 72.2301 71.675 70.8522 
61.2348 61.0889 61.0361 61.1484 60.9421 60.6606 61.098 61.0314 60.6211 
54.6011 54.5769 54.5347 54.611 54.3668 54.2097 54.2849 54.3128 54.1825 
42.0219 42.0692 42.1716 41.9588 41.7646 41.8588 41.7624 41.7057 41.8129 
27.316 27.0691 26.6272 27.2246 27.0534 26.5751 27.1406 26.9602 26.5935 
14.2368 12.727 11.3186 14.9361 12.1547 11.2149 14.7156 12.7298 11.2348 
2.29931 1.76627 1.32104 2.51645 1.60022 1.30831 2.40376 1.74294 1.28773 
112.476 116.813 121.834 114.037 118.328 121.984 114.722 120.158 123.516 
116.208 116.73 119.118 118.311 118.506 119.897 119.459 121.107 121.548 
121.764 120.739 120.207 122.95 121.967 121.057 123.906 123.369 122.278 
120.948 117.26 114.843 123.766 120.449 117.553 125.854 124.041 121.213 
107.966 102.382 98.6001 112.597 108.003 103.199 115.798 113.306 108.743 
94.2007 92.8701 92.3636 94.6426 93.1998 91.1209 94.8354 93.4389 91.528 
88.9825 88.2782 88.436 87.4936 86.8364 85.9102 87.0118 85.9231 84.929 
86.082 85.6485 86.0287 84.8094 84.2282 83.4705 84.4038 83.3354 82.3323 
78.7972 78.0764 77.7858 77.9518 77.3891 77.3522 77.9814 77.3468 76.862 
68.4757 67.9652 67.4485 68.5388 67.8992 67.1905 68.379 67.928 67.1877 
57.3335 57.3529 57.3393 57.2132 57.0884 57.0748 57.0012 56.9505 57.0111 
48.7837 50.3701 50.8731 50.9734 51.0103 52.1501 50.2933 50.9887 51.5357 
34.6167 34.6957 34.4208 34.727 34.7747 34.2844 34.723 34.8876 34.4054 
29.6121 28.8088 28.0627 29.5464 28.911 27.9719 29.4963 28.9272 28.076 
25.1346 22.9674 21.3219 26.5029 22.528 21.5615 26.161 23.4397 21.6582 
116.199 121.077 126.513 117.641 122.671 126.89 118.232 124.478 128.373 
126.421 127.586 128.936 127.56 129.168 130.414 128.792 130.482 131.283 
130.703 130.298 130.498 132.027 131.935 132.103 133.572 134.021 133.583 
136.159 136.179 135.57 138.112 138.074 137.745 139.939 139.878 139.407 
123.997 120.757 118.719 126.781 124.345 121.764 129.245 127.886 125.709 
112.069 110.664 109.963 113.112 111.832 110.937 113.594 113.005 112.519 
93.8821 93.2504 93.1885 93.4143 92.4777 90.9234 92.9411 91.57 90.2758 
88.4584 87.5764 87.2066 87.5368 87.045 86.8739 87.6278 86.8723 86.4307 
80.8768 80.2116 79.7014 81.1386 80.363 79.7907 81.157 80.609 79.9866 
72.5434 72.5794 72.5473 72.4975 72.5624 72.4916 72.4457 72.5595 72.6593 
61.0435 62.7124 63.2226 63.0737 63.2771 64.4698 62.378 63.2266 63.8941 
55.6476 58.2717 58.834 57.6371 58.7477 60.0279 56.8602 58.6732 59.375 
44.5666 50.5574 50.442 46.7703 51.3312 51.7537 46.1478 51.3306 51.2512 
45.2309 44.3342 43.5119 45.815 44.9686 44.101 45.9228 45.1109 44.3422 
47.3599 45.1747 44.0248 47.9195 45.8795 44.7515 48.0514 46.2187 45.2101 
140.078 143.274 149.667 139.678 145.36 152.31 140.42 148.69 154.089 
141.127 142.844 145.222 141.958 144.253 146.616 143.481 145.832 147.355 
143.788 144.736 145.729 145.244 146.416 147.461 146.965 148.292 148.572 
150.551 150.643 152.057 149.971 151.068 152.308 153.899 156.268 157.545 
141.991 142.626 142.527 143.477 144.334 144.331 144.745 145.655 146.005 
126.291 126.04 126.391 127.276 127.367 127.531 128.266 128.812 129.378 
111.055 110.489 110.202 111.652 111.2 110.733 112.145 112.011 111.767 
97.9465 97.8198 97.7384 98.5756 98.2525 97.8923 99.0141 98.54 98.0436 
90.4736 90.8253 91.1017 91.1105 91.2019 91.4674 91.6005 91.634 91.7318 
80.1239 80.9306 82.0971 80.2418 81.0483 82.0551 80.3396 81.4032 82.4264 
72.2605 73.3137 74.5652 71.9554 73.1914 74.6192 72.0538 73.4864 74.9275 
55.1268 68.54 68.2384 57.4156 69.3963 69.6932 56.9993 69.7177 69.3839 
41.9133 76.8361 74.6527 42.0537 77.2704 74.9223 42.4987 77.6335 75.3889 
48.9401 55.1113 53.4906 49.3417 55.5384 53.9296 49.6276 55.9757 54.5167 
51.9592 49.7867 48.6424 52.6896 50.612 49.396 52.8862 51.0471 49.9889 
172.314 171.503 178.163 171.865 172.697 181.581 172.056 176.34 181.537 
172.755 168.422 170.668 171.021 169.556 174.629 175.39 177.028 178.594 
156.091 156.229 158.323 155.491 156.444 158.11 159.601 162.053 163.824 
153.872 154.214 155.788 153.24 154.256 155.655 157.074 159.572 161.1 
153.049 153.079 154.554 152.253 153.335 154.402 155.692 158.017 159.381 
140.087 140.569 140.937 140.599 141.405 141.911 141.529 142.526 142.89 
126.041 126.177 126.481 126.365 126.53 126.937 127.393 127.436 127.381 
107.713 107.961 108.086 108.309 108.466 108.548 109.073 109.043 108.772 
104.459 104.384 104.724 104.297 104.995 105.232 104.726 105.422 106.335 
91.6954 93.9555 96.8803 91.9418 93.8196 96.2933 91.9434 94.105 96.3859 
82.352 85.1356 89.0194 82.3582 85.2294 88.3053 82.0597 85.4398 88.4671 
82.644 85.0753 87.7438 82.777 85.7932 88.1174 83.5228 85.8635 88.2948 
71.3753 83.1992 82.7127 70.4037 84.1294 83.1077 70.8582 83.8249 81.8213 
69.979 70.7269 71.3066 70.0299 70.9189 71.5643 70.1991 70.8213 71.2125 
66.7817 66.8905 66.7624 67.5936 66.8499 66.9008 66.8447 66.5327 66.5945 
185.665 180.809 184.31 184.052 181.488 188.702 185.559 186.271 188.925 
183.135 178.182 181.372 181.888 178.637 185.101 183.729 183.806 186.022 
177.001 173.19 174.603 175.864 174.009 177.364 179.59 180.43 181.279 
158.602 158.818 160.513 158.132 159.019 160.217 161.777 163.9 165.269 
161.916 161.794 161.059 162.805 162.283 161.296 163.399 163.437 162.808 
149.64 149.881 150.238 149.726 150.11 150.183 150.552 150.754 150.769 
140.335 139.863 139.316 140.488 140.324 139.591 140.447 140.26 140.386 
116.54 116.147 116.121 115.961 116.606 116.685 116.436 117.289 118.001 
110.193 110.22 110.508 109.632 110.955 111.253 110.973 111.646 112.19 
106.3 106.426 106.848 105.513 106.937 107.301 105.74 107.174 108.765 
90.6291 92.7367 94.9348 90.8833 93.3676 95.3656 91.3343 93.4918 95.4781 
87.0378 87.1798 88.2914 86.2441 88.1139 88.784 86.7768 88.0172 87.6104 
83.5915 83.9859 85.1656 82.8357 84.9214 85.5875 83.3897 84.6136 84.1586 
77.6787 78.5112 79.0499 77.8993 78.4628 79.082 77.0808 77.7145 77.8732 
74.436 75.3563 75.6752 75.0199 74.9674 75.524 74.0436 74.272 74.7763 
190.641 187.912 192.65 190.028 189.341 196.268 190.118 192.14 195.443 
188.123 184.09 185.638 186.736 185.722 189.574 189.78 191.243 192.801 
184.18 183.735 184.823 185.983 185.534 185.719 187.794 188.371 188.266 
176.972 176.859 176.09 178.574 177.793 176.238 179.192 179.114 177.869 
170.182 169.287 167.934 170.699 169.83 167.805 170.818 170.081 168.723 
163.954 163.603 162.345 164.289 163.672 162.173 164.173 163.762 162.787 
151.364 150.539 149.976 151.137 150.807 149.928 150.564 150.191 150.633 
128.301 127.779 127.553 127.799 128.418 128.236 128.505 128.475 128.808 
113.32 113.367 113.698 112.471 113.998 114.42 113.676 114.448 115.255 
115.331 116.443 117.263 114.766 116.328 117.575 115.811 116.957 117.925 
100.948 102.875 104.678 100.942 103.008 105.114 101.165 103.241 105.154 
94.7551 95.146 96.1631 95.3915 95.6172 96.6438 95.8667 96.0251 96.8854 
88.4803 88.2931 88.8858 87.6395 88.8207 89.0667 87.8491 88.6022 87.9329 
84.9639 85.303 85.6057 84.8382 85.0666 85.1961 84.5536 84.6319 84.8677 
79.4174 80.3859 81.0917 80.0715 80.1832 80.7467 79.0601 79.4146 80.0903 
202.116 201.306 205.047 201.996 204.308 208.208 202.516 206.856 209.71 
202.221 200.508 202.867 203.936 203.764 204.332 204.653 207.274 207.676 
194.079 193.338 193.404 196.456 195.702 194.679 197.382 197.97 196.942 
189.946 189.669 188.783 191.623 190.516 188.72 192.682 191.621 189.905 
179.772 179.529 178.008 180.597 179.553 177.665 180.315 179.334 177.925 
173.567 173.455 172.974 172.877 172.883 172.445 172.711 172.235 172.034 
166.096 166.636 166.343 164.154 164.369 165.585 162.672 163.646 165.642 
161.821 160.437 159.18 158.495 158.626 159.766 156.689 157.959 158.862 
125.801 126.547 127.079 124.896 126.202 127.138 125.726 126.511 127.223 
128.466 130.254 131.314 127.93 129.029 130.691 127.629 129.2 130.603 
117.148 118.572 119.548 117.501 118.057 119.363 117.191 118.121 119.382 
108.336 108.459 110.899 108.221 107.326 108.727 107.493 107.905 109.253 
97.91 97.8234 98.1002 98.1317 97.785 98.042 98.0292 97.6523 97.9236 
91.017 91.4076 92.0403 90.6963 91.2841 91.1659 90.2779 90.5385 90.8056 
88.3237 88.6561 89.5041 88.2358 88.8029 88.7084 87.8112 88.1224 88.3758 
216.502 214.261 215.858 217.858 217.235 216.846 218.209 219.962 219.799 
214.437 213.273 213.776 217.405 216.274 215.916 219.822 219.597 219.439 
207.527 207.665 207.225 209.734 209.849 210.415 211.802 212.711 212.49 
200.331 200.896 201.046 202.343 201.847 200.56 203.769 203.304 201.024 
194.323 194.131 193.204 194.706 193.793 192.158 194.468 193.184 192.073 
182.341 183.03 182.562 180.762 180.868 181.787 179.429 180.2 181.181 
174.01 174.177 174.142 170.683 171.101 173.064 168.809 170.546 173.084 
168.991 169.103 168.483 164.957 165.026 167.334 162.227 164.427 167.323 
159.082 158.073 158.401 155.099 156.565 157.833 153.391 155.384 156.544 
138.969 140.281 141.161 137.967 138.675 140.102 137.033 138.182 139.592 
123.521 123.884 126.519 122.857 122.635 124.093 121.674 122.712 124.377 
115.635 115.622 117.95 115.417 114.501 115.663 114.431 114.819 116.036 
110.087 110.362 112.408 109.13 108.515 109.468 107.505 108.015 109.367 
100.677 101.354 101.274 99.2506 99.7489 99.8938 97.444 97.747 98.3194 
93.5479 94.2359 95.0511 93.0932 93.984 93.9144 92.5428 92.9137 93.316 
226.025 224.239 224.146 228.163 226.28 225.645 229.173 228.19 227.781 
220.627 219.578 220.75 223.791 222.782 223.687 226.74 226.223 225.802 
215.878 216.633 217.931 218.421 219.302 221.33 221.541 222.011 222.664 
209.171 210.743 211.525 210.277 211.749 213.137 212.239 213.389 213.135 
203.87 205.334 206.533 203.482 204.54 204.639 205.205 205.505 204.833 
194.135 195.399 195.574 192.225 193.764 194.249 192.142 193.518 194.351 
180.217 182.461 183.404 177.449 178.871 181.652 176.431 178.814 181.656 
169.414 168.854 170.093 165.812 167.32 169.002 164.234 166.274 167.924 
159.818 161.109 163.895 156.688 159.834 161.456 157.825 158.245 159.73 
152.331 153.009 155.033 149.786 151.778 152.535 150.023 150.341 151.058 
142.58 142.862 143.073 142.076 141.647 141.262 141.632 140.93 140.665 
124.32 124.269 125.595 123.979 123.034 123.153 122.882 122.904 123.158 
121.005 120.211 119.023 120.204 119.325 118.228 118.68 118.026 117.281 
109.776 110.359 109.857 108.383 108.756 108.68 107.058 106.977 107.403 
110.146 111.187 111.352 109.325 109.882 110.27 108.553 108.622 109.147 
235.51 234.013 233.649 235.663 234.668 234.733 234.831 234.104 235.879 
230.668 229.575 232.862 231.833 233.779 233.354 235.635 237.159 234.356 
223.54 225.187 227.275 224.696 226.711 230.163 226.876 229.384 230.32 
215.317 218.073 220.79 214.954 217.282 219.252 217.343 218.507 219.013 
209.218 211.023 212.128 206.681 208.701 210.063 208.007 208.91 211.265 
204.539 205.034 205.475 201.453 199.255 200.26 202.37 200.775 200.906 
189.974 190.864 192.436 186.885 187.373 190.287 188.09 186.382 190.287 
178.155 179.27 180.864 175.568 176.412 177.82 174.165 172.907 176.084 
162.339 163.196 165.433 159.938 161.796 162.727 160.77 160.273 161.197 
152.896 152.838 153.206 152.293 151.546 151.151 152.934 150.941 151.026 
146.721 146.653 146.07 146.827 145.847 144.081 147.065 145.19 143.722 
141.074 140.727 139.68 141.235 140.182 137.921 141.38 139.403 137.321 
131.367 130.3 127.842 131.468 130.341 127.763 130.89 129.267 126.806 
121.473 121.09 119.886 120.716 120.23 119.429 119.76 119.145 118.623 
118.058 118.902 118.745 117.221 117.671 117.926 116.877 116.546 116.971 
239.963 239.441 241.757 239.925 242.31 241.338 241.48 242.854 241.862 
238.175 237.309 240.942 239.183 242.125 241.348 242.147 244.809 242.471 
232.317 232.785 237.509 232.142 236.43 236.917 235.964 239.006 237.054 
227.083 228.352 229.873 225.017 227.034 228.884 224.393 226.509 227.921 
211.826 212.024 212.727 209.001 206.673 207.66 209.404 207.584 207.48 
205.508 204.623 205.174 202.334 199.107 200.566 202.945 199.642 199.977 
200.072 199.249 200.029 197.019 193.74 195.044 197.623 193.626 194.164 
185.882 185.408 187.102 182.933 182.592 184.604 183.143 179.092 182.91 
173.606 173.565 174.681 172.106 172.044 172.244 171.185 168.763 170.883 
160.687 159.615 157.595 160.812 159.1 158.5 160.481 158.325 156.75 
150.274 149.193 147.738 150.764 148.518 146.168 150.857 147.979 145.947 
140.755 139.237 136.457 141.282 139.424 136.225 141.026 138.765 135.626 
132.216 130.452 128.12 132.133 130.263 127.97 131.367 129.614 127.618 
125.653 125.162 124.329 126.173 124.758 124.283 125.08 124.185 123.941 
122.732 122.404 122.832 122.343 121.781 122.608 121.548 121.208 121.593 
250.639 252.731 253.041 251.443 252.979 253.079 252.752 250.863 253.251 
244.005 243.518 245.393 245.252 248.221 245.446 247.881 250.236 246.441 
241.824 241.176 240.109 242.909 243.281 241.127 242.198 243.509 242.011 
230.805 230.714 230.29 228.324 228.669 228.582 226.176 226.539 227.012 
224.572 223.826 222.78 221.485 221.761 221.465 218.66 219.241 220.071 
210.115 208.126 208.582 209.055 204.659 204.154 206.704 204.076 203.469 
196.694 195.456 195.731 194.427 193.758 194.733 194.375 191.56 193.814 
185.518 184.041 183.299 185.745 184.048 182.696 182.958 182.33 183.009 
174.688 173.17 173.46 176.94 175.586 175.042 177.059 176.365 175.767 
164.498 163.038 161.031 166.015 164.276 163.801 165.959 164.378 162.625 
157.584 155.575 152.215 158.616 156.034 154.985 158.236 156.211 153.668 
144.498 142.466 139.926 145.207 142.46 139.994 144.644 142.621 140.209 
134.446 133.118 134.409 135.235 132.694 133.894 135.842 132.66 133.204 
126.898 126.841 126.927 128.147 126.904 127.319 126.774 126.411 126.675 
124.498 124.89 125.964 125.641 124.627 126.096 124.049 124.127 125.363 
252.69 255.229 254.942 253.355 255.085 254.999 254.352 252.348 255.073 
251.656 253.421 253.284 252.44 253.732 253.419 253.449 251.703 253.792 
245.125 244.669 242.514 244.173 243.389 241.42 242.061 241.884 241.064 
235.2 234.28 232.218 233.273 231.911 230.603 230.412 229.335 229.323 
220.484 218.175 218.483 221.876 218.858 217.046 216.519 215.117 216.063 
213.146 210.127 210.619 215.01 211.885 209.619 209.641 208.127 209.095 
202.329 198.81 199.307 204.521 201.039 198.745 198.888 197.791 199.131 
185.764 183.578 182.154 187.577 185.016 182.774 185.201 184.96 184.396 
180.205 177.989 177.028 182.663 180.05 178.301 180.916 180.972 180.362 
170.579 168.356 168.314 173.529 172.047 171.563 174.47 174.156 173.026 
157.996 155.865 153.927 160.392 158.721 157.29 160.68 160.649 157.928 
139.487 138.138 139.51 140.01 138.031 139.221 140.851 138.074 138.817 
135.328 134.797 136.336 135.554 134.226 135.656 135.993 133.658 134.67 
132.918 132.447 134.561 133.627 131.937 133.875 133.849 131.423 132.96 
125.566 125.981 128.314 125.178 125.242 127.987 123.999 124.742 126.168 
