1758212
227.181 233.284 236.714 225.054 231.241 235.948 222.347 221.887 233.139 
228.074 235.61 237.794 227.44 233.113 236.716 225.172 223.711 233.494 
231.905 238.209 238.564 231.846 235.288 236.396 230.435 227.064 233.395 
241.465 243.695 242.549 241.678 240.217 239.237 238.553 235.82 235.453 
252.646 252.052 251.194 252.029 250.963 250.137 250.123 249.235 248.524 
252.559 254.081 254.193 254.267 254.117 254.209 253.824 253.857 253.361 
251.021 253.483 254.751 253.596 254.458 255.033 254.162 254.807 254.222 
244.568 249.443 251.383 248.864 250.79 251.691 249.491 251.252 250.867 
239.636 243.514 244.305 240.232 243.647 245.122 240.468 244.44 245.403 
236.317 239.732 240.642 236.291 239.544 241.441 236.016 240.803 242.511 
231.232 233.805 234.885 228.042 233.751 235.094 232.499 235.944 236.473 
227.364 230.882 233.358 225.718 228.691 230.976 227.245 229.94 231.177 
221.341 223.941 226.895 220.536 223.741 223.402 221.715 224.295 222.788 
218.211 218.441 219.147 218.52 219.533 219.796 220.77 221.484 220.8 
215.851 214.145 214.153 215.398 215.394 215.041 218.127 217.957 216.851 
212.083 210.285 209.917 211.565 211.337 210.624 214.361 213.457 212.277 
208.234 206.712 205.812 209.047 209.142 207.554 210.86 210.014 208.338 
203.122 201.958 200.229 206.594 206.602 203.94 206.634 205.486 203.579 
201.108 198.625 195.278 203.921 202.214 201.035 203.815 202.729 201.821 
193.633 191.602 185.61 206.785 203.174 202.231 206.084 204.647 205.094 
95.8641 193.422 9.21357 71.7076 52.1334 200.201 130.162 130.924 235.507 
48.6124 199.592 207.622 212.429 246.218 61.5338 95.0435 109.44 78.9351 
192.239 199.174 96.0751 11.5909 60.2206 43.8072 182.577 139.916 206.073 
159.534 100.075 4.712 188.561 1.01365 60.5939 85.3653 30.6242 242.083 
35.7951 59.152 140.041 24.0918 196.417 200.117 115.475 67.3378 219.951 
164.692 123.166 248.162 211.658 86.3538 24.2552 22.1835 26.9989 60.2498 
98.5726 216.802 69.344 226.247 162.433 69.8716 89.8736 145.912 202.258 
253.793 147.201 181.497 101.693 57.0084 97.7786 73.592 218.556 228.712 
32.263 241.272 218.401 121.98 208.717 27.1311 117.147 4.47181 217.932 
51.7653 88.2311 79.014 5.81276 50.669 34.5804 243.211 77.3116 61.1431 
227.475 227.646 230.859 224.685 225.712 230.668 221.625 221.583 226.243 
228.331 233.749 234.27 227.662 231.682 232.942 226.221 223.629 230.246 
232.383 233.895 231.596 232.844 231.207 230.66 231.278 228.51 228.231 
239.001 238.009 235.242 238.615 236.146 233.824 236.235 233.421 231.762 
245.958 243.75 240.65 245.81 242.626 239.526 242.92 240.599 238.729 
251.402 250.521 249.283 252.118 250.761 249.166 251.62 250.679 249.302 
246.024 249.364 250.698 251.65 251.699 251.749 252.781 252.961 251.912 
241.757 243.199 245.391 245.148 246.125 247.27 247.536 248.386 247.661 
238.014 239.228 240.028 239.599 240.856 241.613 240.774 242.719 243.222 
232.433 233.407 234.1 230.323 234.855 236.034 235.186 237.531 237.907 
228.947 231.405 232.455 226.386 232.516 233.865 232.253 234.485 234.59 
221.954 226.013 228.55 220.672 226.463 226.289 222.29 225.843 224.444 
219.849 223.145 225.996 219.433 223.315 222.661 220.144 222.713 221.079 
218.75 221.122 223.25 217.889 221.394 220.347 218.602 221.259 219.046 
213.563 214.539 214.795 214.073 214.602 213.984 214.667 214.334 213.294 
211.264 209.739 209.029 210.298 210.096 209.471 211.438 211.548 210.942 
206.194 205.246 204.878 206.289 206.699 205.933 207.293 207.843 206.906 
197.69 196.382 200.969 199.597 200.171 200.329 199.883 202.329 200.191 
198.773 196.726 194.605 200.25 198.866 199.33 201.468 201.025 201.23 
196.242 193.633 191.651 197.82 196.587 197.768 199.47 199.967 200.726 
175.886 173.961 177.867 196.928 195.534 194.558 195.771 197.978 198.643 
72.2464 191.682 226.158 197.276 99.3414 201.226 134.223 178.633 138.914 
160.423 95.1599 14.3232 94.5234 63.9002 173.698 220.833 238.663 156.267 
209.884 209.768 57.3775 147.916 216.041 121.348 116.307 172.709 123.859 
187.415 251.07 205.3 42.894 199.091 133.898 126.728 98.8345 249.127 
135.503 149.029 200.693 81.5354 204.848 229.233 13.6281 113.831 52.1378 
17.52 108.651 127.741 15.3872 101.843 121.748 20.7268 117.43 120.503 
7.705 114.137 95.2413 13.8094 97.6649 94.5481 20.0476 101.914 79.5974 
25.2479 86.8779 77.4828 24.4176 92.8096 87.3053 85.4944 85.8644 68.9464 
28.0743 40.113 23.6251 7.76097 38.8355 12.9161 215.903 42.846 25.1875 
225.312 224.31 225.349 221.876 221.855 222.618 220.239 216.86 219.058 
225.327 226.651 224.849 224.001 224.007 221.736 222.419 220.486 219.707 
227.722 227.613 225.832 227.029 226.418 223.112 225.142 224.834 222.803 
232.641 230.47 226.995 231.796 229.619 226.54 230.035 228.214 226.708 
237.136 233.339 230.724 238.143 232.891 229.228 236.41 232.398 231.168 
239.294 236.213 232.518 241.235 237.835 233.279 241.144 238.872 236.121 
237.245 235.599 235.244 241.464 240.004 238.028 242.975 242.207 239.973 
235.416 234.648 236.302 239.619 238.922 238.83 242.877 242.497 241.498 
231.91 229.567 230.713 232.169 232.138 233.47 235.904 237.5 236.646 
229.504 228.671 229.056 226.008 230.239 230.041 228.335 234.106 233.473 
222.833 227.532 228.427 222.707 229.567 230.999 225.379 228.38 229.037 
219.382 225.662 226.487 221.265 227.155 229.306 221.536 224.184 226.547 
219.617 224.026 226.265 219.148 224.313 224.285 219.191 222.567 222.046 
213.793 216.52 218.086 214.488 215.462 215.914 214.626 213.715 213.615 
211.75 213.685 214.273 212.155 212.324 212.066 212.082 210.588 210.159 
208.854 209.879 210.322 208.821 208.601 208.186 209.115 208.133 208.213 
197.635 197.705 203.395 199.816 198.209 199.158 199.898 199.814 200.286 
195.639 194.227 200.709 197.475 198.33 199.039 198.266 200.835 198.748 
194.67 193.167 198.51 196.733 197.189 197.849 197.512 199.983 198.212 
190.005 189.076 189.683 191.817 192.676 192.735 193.713 195.178 196.236 
183.984 185.752 187.624 186.759 188.199 189.387 189.728 191.294 191.833 
179.861 183.686 185.01 184.166 184.372 185.429 185.438 186.534 188.245 
120.392 231.686 79.7023 139.365 72.5464 121.749 155.24 192.523 76.5222 
105.008 97.7924 233.13 142.169 200.155 223.706 39.4303 148.001 171.373 
171.097 246.628 114.451 40.9892 93.5945 200.542 164.868 69.6983 45.6657 
15.9766 105.818 109.466 15.7894 106.399 106.545 15.1513 104.887 123.468 
3.52152 109.042 100.707 3.57443 103.673 100.043 3.7948 101.303 95.6811 
4.86306 104.53 92.4113 4.99386 99.6673 91.4104 4.91846 98.8489 87.0438 
6.73197 100.603 87.158 8.18003 95.4522 85.6647 7.55667 93.7599 80.4793 
32.5999 70.9789 88.6885 35.5263 83.2572 86.4303 77.7803 72.3424 63.449 
219.883 220.431 219.029 217.769 216.463 214.465 215.958 212.501 212.842 
221.02 221.751 221.046 219.882 219.679 215.146 217.173 217.401 215.031 
222.894 222.62 221.809 222.534 221.938 217.456 220.293 220.863 218.069 
226.994 223.744 222.99 227.677 222.676 219.792 225.923 222.937 222.17 
228.72 224.406 223.534 231.001 224.107 221.377 230.036 225.24 224.401 
228.379 224.554 223.56 231.801 226.088 223.018 231.813 228.064 226.646 
224.257 221.644 221.444 228.374 226.741 224.653 229.361 228.616 226.718 
226.168 222.159 223.422 226.646 226.522 227.27 229.151 232.178 229.648 
226.706 224.839 224.099 221.707 225.539 225.465 223.185 232.798 231.74 
228.771 225.762 226.117 222.612 227.065 227.087 224.541 232.815 230.992 
224.523 225.604 226.226 220.304 226.979 227.534 222.988 230.376 230.262 
218.096 223.825 224.623 219.583 225.27 228.118 219.206 222.441 225.683 
212.892 216.378 219.36 211.929 216.075 219.518 211.643 215.243 218.729 
211.398 213.897 215.345 209.773 211.879 214.011 208.764 209.68 211.622 
208.836 210.778 211.609 208.566 208.68 208.915 208.322 206.878 206.955 
199.58 200.698 203.948 200.789 198.924 199.976 199.959 198.68 200.42 
196.389 198.059 202.271 198.174 196.331 197.609 198.135 196.994 199.055 
194.842 194.762 201.532 197.387 195.362 196.787 197.733 197.595 197.86 
190.768 190.328 190.743 192.082 192.552 191.845 192.627 193.605 193.801 
187.859 187.586 187.88 189.835 190.931 189.873 190.729 192.351 192.524 
184.267 185.424 186.497 186.471 188.649 188.152 188.349 190.081 189.499 
179.63 184.53 185.445 182.067 185.889 185.93 184.854 186.258 184.672 
175.946 184.806 185.119 181.115 180.788 182.655 175.975 187.827 175.953 
122.964 134.752 98.6859 75.0394 186.517 194.404 5.74664 34.2654 147.811 
19.6598 182.058 158.168 44.3873 63.0626 170.29 124.844 181.848 192.302 
36.1406 97.6611 110.475 40.0435 99.7675 114.878 42.0682 98.0246 107.901 
13.6028 100.239 108.712 13.7892 98.8849 108.264 14.0789 96.5414 108.1 
9.92108 96.1654 92.421 9.00164 88.0895 87.8115 7.3136 85.0313 80.5136 
28.6895 79.5753 74.6077 28.523 79.5704 74.3302 28.2494 79.2109 74.2625 
92.5095 57.9355 53.9281 96.1338 58.7253 52.1741 89.5272 92.9271 48.0325 
213.621 213.697 211.951 210.893 209.613 208.041 208.669 206.758 206.534 
214.527 214.952 212.032 214.224 211.993 207.776 212.335 210.112 207.65 
217.482 216.441 214.858 217.525 216.278 211.115 214.846 215.243 211.672 
221.547 217.859 215.165 221.938 217.575 213.921 221.019 218.188 214.823 
223.246 218.551 217.662 225.793 218.214 215.84 225.071 220.284 219.238 
217.243 213.958 212.808 220.744 217.053 213.966 221.669 219.711 216.779 
212.978 210.841 211.106 217.035 215.483 214.347 218.231 218.429 216.875 
216.324 215.811 214.843 217.12 217.113 219.242 219.191 226.157 226.324 
219.199 218.49 217.291 218.356 218.856 221.574 220.612 229.683 229.614 
223.368 222.248 221.733 218.509 222.892 223.179 219.855 230.284 229.366 
209.829 212.527 215.654 212.27 215.543 220.301 216.17 219.605 222.24 
208.519 212.86 216.443 208.352 214.026 219.05 210.853 215.595 219.699 
206.405 210.891 213.409 204.631 210.86 214.473 205.531 210.75 214.344 
205.213 208.026 209.575 202.531 206.08 208.751 202.575 205.056 207.233 
202.738 203.607 203.227 200.673 201.728 202.1 199.478 199.384 199.624 
198.556 198.933 197.926 198.026 197.632 196.789 196.035 195.093 195.742 
195.084 196.051 199.243 196.738 194.61 195.371 196.027 194.524 195.978 
191.392 191.467 191.459 191.661 191.228 191.14 191.237 191.184 191.181 
188.424 188.306 187.821 189.476 189.092 188.29 189.334 189.542 189.069 
186.13 185.258 185.104 187.831 188.241 186.885 187.76 189.083 188.791 
181.407 182.867 183.188 183.418 185.341 184.542 184.479 185.944 184.969 
177.966 182.677 183.263 180.017 182.982 182.103 182.197 183.242 182.039 
177.141 181.745 181.606 177.019 181.156 180.877 177.604 180.808 181.994 
90.5016 217.413 137.525 185.431 204.201 81.5995 118.682 135.608 159.984 
37.8164 125.377 73.8007 129.703 165.843 129.752 190.022 90.6357 62.7904 
45.3929 113.093 111.807 64.7755 115.482 124.618 70.8881 112.815 102.898 
41.7075 90.1547 115.079 38.9333 82.7419 104.508 34.4543 77.1509 96.6414 
34.7302 73.5538 98.0439 31.216 65.0105 87.1167 26.3082 61.6486 79.0796 
53.7658 66.4438 82.7778 51.893 60.9081 75.2601 46.6325 64.4522 69.5273 
182.039 42.5888 44.1584 173.37 34.6286 31.2748 183.919 114.285 28.5987 
207.179 206.726 204.737 205.223 203.414 201.997 203.284 201.73 200.751 
204.757 204.134 200.831 204.202 204.305 199.97 203.655 202.772 198.949 
207.305 206.258 201.911 209.39 206.307 201.823 207.227 204.875 201.722 
209.172 207.349 203.236 211.849 207.843 203.785 210.834 207.388 204.337 
209.675 206.552 205.252 212.908 208.13 204.774 214.442 211.27 207.598 
204.193 202.946 202.985 207.729 205.113 203.256 210.396 209.279 206.503 
201.546 200.537 201.793 203.702 203.175 203.608 206.325 206.455 205.386 
200.482 200.456 202.16 200.968 202.64 205.023 203.268 205.369 206.396 
213.148 213.512 212.763 212.418 213.354 216.673 215.05 223.144 223.973 
204.386 206.115 208.313 205.708 208.297 211.209 209.458 213.148 214.249 
201.156 205.134 208.824 205.361 207.989 212.25 206.99 208.618 211.154 
203.205 206.297 210.395 204.59 206.89 211.14 204.665 205.59 210.008 
201.466 205.161 205.112 196.448 202.503 206.981 193.598 199.436 206.503 
199.733 200.814 201.675 195.506 197.703 199.049 194.565 195.694 197.434 
195.319 194.182 194.796 194.137 191.774 191.476 189.408 191.048 190.387 
195.525 194.472 193.264 195.118 193.002 191.595 192.044 189.595 189.751 
192.362 191.449 190.002 192.463 190.532 188.832 190.156 187.816 187.945 
188.96 186.909 185.722 188.758 186.597 185.66 187.928 186.199 185.338 
185.724 184.743 183.614 186.739 185.26 183.914 186.168 185.529 184.514 
182.974 181.992 181.382 184.568 184.151 182.751 184.443 184.897 184.115 
178.498 179.215 179.628 180.549 181.077 180.264 181.539 182.643 181.766 
176.885 179.324 180.041 176.358 178.455 179.045 177.434 179.055 179.231 
177.017 181.005 180.719 174.293 178.435 179.408 173.786 178.282 177.971 
165.372 168.114 166.849 173.771 159.084 167.366 172.381 188.008 165.655 
25.4243 110.412 177.104 126.854 74.9155 144.015 66.2948 221.984 60.7302 
61.3811 190.501 120.45 39.7932 101.55 100.124 102.951 74.8855 111.561 
94.0668 134.331 112.75 56.8677 74.2507 103.946 94.7431 75.7544 125.454 
42.8845 79.2615 110.612 36.6567 85.7467 98.1431 46.9955 68.9448 96.5103 
103.454 41.5889 49.1538 82.1392 167.084 135.799 90.5296 161.087 186.285 
217.685 23.8889 31.5132 225.369 21.5014 55.7329 230.807 136.508 14.268 
201.862 200.67 198.497 200.247 200.442 197.058 200.042 199.046 195.717 
196.4 192.563 190.305 196.117 195.405 193.106 198.622 199.169 194.776 
194.368 191.053 189.838 195.325 193.711 190.22 198.731 197.869 193.263 
194.172 191.61 190.455 198.275 194.277 191.741 200.997 197.455 194.042 
194.957 192.773 192.651 198.689 195.322 193.31 202.732 199.029 196.684 
192.329 191.385 192.444 194.698 193.148 193.028 197.791 197.13 195.081 
192.416 192.569 194.077 192.423 193.745 196.021 194.274 195.272 196.004 
191.874 192.748 194.685 190.851 193.622 197.4 192.231 193.645 195.971 
193.478 195.482 197.489 192.652 196.113 199.903 194.054 196.369 199.216 
194.109 198.297 201.761 196.137 199.846 203.906 198.428 200.969 202.783 
195.559 200.463 203.944 198.998 202.253 206.585 200.064 201.827 204.756 
196.377 199.753 199.556 193.334 198.037 203.257 189.611 194.292 202.016 
197.836 200.151 198.615 191.185 195.958 200.334 186.345 191.488 200.04 
194.069 193.507 193.799 190.759 190.246 191.807 185.116 189.057 191.221 
192.093 190.55 191.452 190.571 188.042 187.902 185.667 187.876 187.068 
190.856 189.12 189.361 190.322 186.952 186.342 185.38 186.232 185.493 
187.054 184.644 182.931 186 183.221 182.422 184.121 181.541 181.083 
185.079 182.573 180.615 184.444 181.518 180.43 183.618 181.477 180.408 
182.215 180.329 178.861 182.872 180.876 179.638 182.558 180.91 180.106 
177.606 175.289 175.591 178.968 177.029 178.073 179.375 178.639 179.491 
175.915 176.363 177.415 176.125 177.257 178.394 177.646 178.648 178.721 
175.358 177.263 178.308 174.24 176.349 178.213 175.34 177.322 177.256 
176.085 178.458 179.427 173.391 176.408 178.72 173.505 176.692 177.18 
162.537 173.162 181.763 165.294 168.617 183.276 162.409 175.981 177.063 
44.7235 16.9641 30.4666 238.631 24.2134 102.982 200.301 171.8 104.012 
115.806 154.63 174.012 17.8225 172.823 73.1575 10.6707 214.76 105.519 
180.549 13.9146 3.68335 118.857 180.426 238.72 234.185 208.759 156.967 
83.3297 42.6666 70.3355 49.7592 149.439 132.056 73.0757 162.586 132.126 
29.6759 29.4487 41.2417 57.7632 172.269 219.301 19.0637 205.396 214.96 
94.4738 92.6295 44.4469 57.8568 215.357 184.116 52.2604 168.18 152.541 
196.291 192.345 189.678 196.127 193.895 191.353 198.047 197.337 193.848 
192.792 187.87 186.525 193.032 191.267 189.412 197.245 197.67 193.275 
191.157 186.28 184.842 192.064 189.603 187.829 196.352 196.416 192.274 
186.03 181.719 181.533 188.44 184.745 182.176 192.824 190.716 186.672 
181.53 178.869 178.865 183.714 180.78 180.282 187.33 185.036 182.774 
180.184 178.734 179.342 181.391 179.972 180.481 184.54 183.74 182.888 
183.238 182.874 183.652 182.659 183.088 184.772 185.005 185.065 185.69 
185.339 186.586 188.396 184.539 186.793 189.983 185.089 186.166 188.881 
185.579 188.209 191.71 185.064 188.254 191.153 186.707 188.37 190.094 
185.579 190.119 194.291 185.602 190.201 192.833 188.03 190.749 192.107 
187.267 191.69 194.956 188.963 192.668 196.29 189.95 192.431 194.222 
180.463 181.59 183.382 179.796 181.012 184.866 177.683 180.544 182.155 
189.82 192.329 190.521 184.742 188.499 191.818 179.769 184.007 190.641 
188.081 188.63 188.624 184.485 185.012 185.178 182.68 182.858 184.027 
188.307 187.288 187.915 186.753 184.532 184.612 182.192 184.346 183.6 
181.971 180.779 179.422 177.672 177.605 177.247 176.846 175.581 176.444 
180.626 179.437 178.505 178.798 177.152 176.77 177.114 175.625 175.638 
175.657 174.322 174.153 174.956 172.855 172.734 174.187 172.43 173.453 
176.703 173.635 173.602 177.475 174.389 174.997 177.077 174.92 175.551 
174.052 170.91 171.391 175.462 172.86 174.629 176.101 173.834 175.483 
170.297 169.882 172.311 172.686 171.895 176.04 174.754 174.13 174.239 
172.583 174.084 175.663 172.827 174.43 176.427 174.11 175.317 176.202 
170.535 176.838 179.363 169.09 174.21 178.412 168.543 174.813 176.617 
143.097 171.863 198.532 144.523 165.804 202.063 140.24 168.702 195.496 
149.342 164.431 204.131 116.874 161.221 200.34 112.426 172.005 205.04 
97.5173 36.9677 88.6457 105.205 203.845 249.362 120.154 66.2359 114.634 
123.721 108.814 223.557 156.592 18.9866 82.4309 152.48 116.708 127.556 
100.553 64.1988 218.072 143.894 158.153 221.491 223.067 51.6483 21.8767 
14.5712 30.9781 48.7296 44.7715 124.422 121.907 25.3323 214.496 201.485 
32.8759 32.7072 160.129 234.847 8.8708 117 208.834 215.906 60.178 
194.42 190.288 176.655 194.972 189.001 175.334 194.776 187.827 174.886 
191.466 187.205 183.949 192.441 189.983 186.291 195.41 194 189.385 
179.134 172.565 169.336 176.245 173.221 170.851 179.027 177.69 173.824 
177.701 173.768 171.405 179.322 175.278 171.82 180.634 177.501 173.301 
174.592 171.246 169.853 175.681 172.586 170.37 177.232 175.179 172.465 
172.534 171.771 170.419 172.8 171.709 171.023 175.147 174.368 174.027 
170.181 172.338 168.991 170.438 171.773 170.386 172.317 173.618 172.935 
175.412 175.879 175.915 174.337 174.965 176.144 175.389 175.567 177.162 
176.429 177.172 178.878 175.855 177.076 179.243 175.606 176.59 178.593 
178.37 181.175 184.373 177.17 181.004 183.39 178.572 180.792 182.073 
173.631 175.085 176.965 173.324 174.947 178.606 171.826 174.792 175.693 
171.972 173.166 174.565 171.689 172.826 175.928 169.441 171.39 172.376 
171.483 173.272 174.223 171.064 171.931 174.627 168.628 170.551 170.993 
175.277 177.526 176.906 173.142 173.779 174.112 171.333 171.723 172.392 
176.587 176.162 174.635 171.814 172.913 172.229 171.824 171.219 171.705 
176.993 175.965 174.492 171.788 172.52 172.211 171.79 170.744 171.775 
173.534 172.604 172.626 171.347 170.446 170.597 170.844 169.594 171.2 
171.518 169.813 170.856 171.301 168.907 169.415 169.902 168.836 170.084 
172.02 168.313 169.513 171.582 169.037 169.662 170.827 169.319 170.305 
169.208 167.483 169.609 171.46 169.477 173.837 172.98 171.449 171.367 
166.415 166.569 169.455 168.662 168.618 172.612 171.488 171.695 170.33 
166.287 168.475 171.042 168.815 169.758 172.944 171.139 171.905 171.728 
165.406 170.932 172.933 167.683 170.355 170.227 168.472 171.65 172.9 
156.227 172.626 182.034 157.684 168 179.704 157.23 170.122 180.187 
115.621 116.785 127.692 110.474 228.057 147.456 54.7474 145.043 193.538 
221.989 239.334 202.602 167.458 221.856 33.9474 56.8175 216.136 163.601 
53.5768 76.1135 235.394 170.013 8.82115 96.9585 14.9111 146.954 59.551 
243.374 147.427 158.266 106.732 14.49 37.1953 145.965 115.528 92.7205 
97.8108 241.975 79.4604 68.7096 53.95 140.924 203.795 124.152 98.122 
36.0169 237.536 161.271 219.697 16.0694 144.828 86.0845 44.4321 189.132 
187.645 179.853 158.525 188.81 179.62 158.589 189.451 178.773 157.7 
174.646 167.736 158.861 171.265 167.011 160.27 172.234 168.198 161.181 
171.173 165.2 160.347 168.054 164.843 161.924 168.731 166.832 163.512 
162.178 157.693 156.545 158.382 156.334 154.887 160.169 157.969 155.584 
166.261 163.883 162.133 166.588 164.37 162.125 167.046 165.128 163.21 
164.537 166.355 162.315 165.847 166.669 164.235 166.867 167.711 166.233 
163.826 166.669 162.081 164.891 166.703 164.353 166.192 167.506 166.349 
161.561 161.574 160.036 161.636 162.654 161.307 162.078 163.792 162.623 
163.976 163.202 163.727 163.126 163.829 165.011 162.335 162.699 163.658 
164.509 164.808 165.745 163.426 164.206 166.179 162.582 163.056 164.917 
164.862 165.42 166.701 163.64 164.76 167.199 161.878 161.803 164.128 
167.505 168.876 170.234 167.396 168.095 170.998 165.112 166.107 167.048 
164.459 168.018 168.342 164.062 165.253 166.054 162.295 162.021 163.45 
165.394 168.642 168.051 164.284 164.796 164.938 163.031 162.605 163.213 
165.516 167.417 166.864 164.557 164.16 163.993 163.743 162.706 162.69 
170.072 169.417 168.066 166.54 166.68 165.895 166.858 165.351 165.444 
169.346 167.244 167.542 169.493 166.967 167.112 167.487 166.355 166.3 
169.995 167.365 168.79 169.993 167.366 168.133 168.648 167.52 168.735 
170.766 164.364 166.154 171.387 167.134 168.101 168.975 167.873 167.578 
169.347 162.33 164.718 169.327 166.365 167.671 169.97 169.295 168.162 
165.091 165.031 168.128 166.899 166.961 170.699 170.056 170.78 169.625 
164.869 165.575 168.322 165.747 167.1 168.608 168.098 170.483 170.076 
163.933 168.01 170.442 165.106 167.828 168.759 165.84 169.203 170.799 
162.931 167.464 171.127 162.368 166.534 170.057 162.568 168.471 170.549 
107.862 76.6173 182.889 141.011 145.435 57.7215 110.645 127.191 133.824 
225.649 34.5193 163.682 217.277 177.878 199.127 45.0585 112.866 116.088 
29.1897 185.161 73.9518 96.4947 204.357 184.732 202.789 151.133 198.637 
34.6883 88.7925 230.103 199.553 72.1336 175.854 217.12 140.726 116.04 
177.482 148.693 81.3369 130.441 240.312 115.435 50.2902 136.026 166.123 
149.62 85.3654 228.335 93.9561 237.677 163.759 175.254 186.895 113.036 
171.738 161.479 146.231 172.163 160.367 145.546 172.468 159.011 144.183 
156.641 149.296 143.871 154.532 147.507 142.027 150.617 146.435 139.442 
158.872 154.313 152.968 154.419 152.448 151.114 155.942 153.857 152.103 
153.705 151.151 151.38 150.593 149.143 148.009 151.233 148.92 147.667 
155.268 152.982 153.076 152.924 151.808 150.278 153.933 151.743 150.145 
156.438 156.398 153.694 156.298 157.072 153.795 154.34 154.056 153.269 
157.41 157.001 155.259 157.741 158.306 156.489 157.737 159.272 157.706 
158.202 156.801 156.974 158.201 158.632 157.946 157.698 159.051 158.397 
158.402 157.09 157.381 157.857 158.452 158.244 157.379 158.765 158.274 
155.89 156.69 157.098 154.823 155.424 156.961 154.292 153.99 155.426 
158.456 157.922 158.167 156.11 156.275 157.991 154.164 154.146 155.761 
160.194 160.396 160.995 158.242 158.818 160.088 156.406 155.712 157.192 
159.185 161.798 162.115 158.272 159.028 159.301 156.882 156.26 157.152 
156.974 158.832 159.251 155.803 157.632 157.21 156.647 156.328 155.68 
157.109 158.315 159.013 157.222 157.77 157.11 158.307 156.913 155.977 
159.952 160.014 159.933 159.701 158.596 157.995 160.016 158.622 156.946 
160.671 159.662 159.354 162.136 159.071 158.513 161.786 160.149 157.216 
166.673 163.857 163.905 167.472 164.575 164.347 165.545 164.398 164.106 
167.763 160.521 160.991 168.269 163.978 164.216 168.192 165.481 164.46 
161.12 160.548 160.741 163.736 163.234 163.07 166.988 167.179 166.353 
161.756 161.677 163.752 162.909 163.532 164.367 166.535 168.34 167.341 
161.456 162.421 163.89 162.245 163.999 165.389 164.508 166.335 167.135 
162.155 164.374 166.661 162.31 164.916 167.034 162.645 165.734 167.309 
161.21 165.61 165.418 160.461 162.977 164.071 159.456 161.987 165.134 
212.88 200.036 162.405 208.031 74.6578 168.959 179.498 146.288 136.219 
218.146 191.997 70.556 185.758 230.794 25.8179 229.156 39.4242 28.9848 
239.78 20.3999 16.8016 180.646 121.756 34.461 115.088 198.518 225.272 
160.227 187.307 107.976 191.488 164.278 186.13 132.449 98.9726 17.325 
81.4874 183.348 14.4155 117.312 219.357 101.286 197.551 193.147 240.174 
21.7592 90.33 57.5146 102.903 137.392 70.9984 64.2025 12.6548 58.311 
152.358 143.316 137.223 150.927 142.321 136.693 147.426 141.812 134.248 
152.746 145.945 141.442 150.029 143.784 139.31 145.989 143.175 137.263 
151.29 147.935 146.083 148.53 145.689 143.504 145.922 144.029 141.951 
150.675 148.69 149.498 147.659 146.837 146.182 148.873 146.558 145.528 
151.076 150.475 149.442 149.7 149.609 147.38 147.366 146.203 145.399 
152.725 152.872 149.896 152.557 153.047 150.246 150.574 150.982 149.859 
153.465 153.405 150.962 153.87 154.126 151.933 152.586 152.886 152.237 
155.95 154.772 154.369 156.131 156.387 155.352 155.81 157.205 156.292 
153.679 154.641 155.455 153.341 154.256 155.662 152.969 153.071 154.578 
152.654 154.221 154.571 151.594 152.357 153.946 151.403 151.283 152.952 
151.918 152.902 153.071 150.127 151.104 152.357 149.35 149.241 151.135 
152.12 152.216 151.502 150.043 150.043 150.594 148.468 148.468 149.807 
151.675 148.634 153.179 148.638 147.824 151.999 150.4 148.467 152.603 
150.293 152.067 153.99 150.373 153.378 153.181 153.174 152.456 151.566 
151.267 152.703 154.674 151.845 153.884 153.601 154.622 153.711 152.147 
155.27 155.072 155.987 157.54 155.108 155.004 158.352 156.982 153.027 
156.377 155.154 154.683 158.623 154.885 154.566 158.853 157.05 152.825 
158.889 157.178 156.155 161.563 157.518 156.697 162.149 159.603 155.79 
160.037 157.67 154.934 163.08 159.708 157.674 165.854 161.757 159.098 
158.239 157.204 156.123 161.08 159.477 158.872 164.273 162.246 161.082 
158.092 158.48 159.171 159.462 160.037 160.535 162.386 163.624 163.624 
157.811 158.247 160.41 158.308 159.664 161.277 160.673 162.216 162.129 
160.664 163.834 163.504 160.121 161.633 162.838 159.357 160.641 163.5 
160.305 164.154 163.381 159.644 161.066 162.633 158.24 159.215 163.133 
166.38 172.8 159.058 166.192 167.925 155.233 160.626 147.048 149.252 
218.212 244.003 44.1031 218.578 239.253 35.6854 233.228 84.8949 42.5579 
173.072 163 71.9036 192.229 226.29 78.2398 222.48 80.8954 104.757 
219.935 127.704 188.133 235.212 42.5267 251.26 73.1059 150.23 58.5448 
69.567 192.398 199.48 20.0557 26.2 225.192 36.4378 253.737 165.992 
38.6758 161.095 123.749 63.6067 46.4612 71.3886 182.395 15.2387 103.423 
142.371 136.791 129.827 143.515 137.678 131.448 143.848 138.026 132.736 
147.756 142.107 138.202 146.292 140.745 136.959 143.361 140.448 134.999 
144.978 144.46 143.825 144.627 144.078 142.092 144.408 142.457 141.228 
146.591 146.187 146.277 145.739 145.481 144.427 145.207 143.528 142.707 
146.095 146.286 146.304 146.34 146.43 144.805 145.461 144.169 143.086 
149.371 150.296 148.319 149.547 150.78 147.487 146.043 146.403 145.519 
151.119 151.115 149.321 151.346 151.254 149.977 149.848 150.668 150.175 
149.997 150.617 152.776 151.515 152.828 153.718 149.894 151.8 153.86 
146.476 149.73 153.825 145.805 149.791 154.263 144.745 148.648 152.659 
149.709 151.528 152.313 148.165 149.862 151.528 147.721 148.216 150.508 
146.828 146.932 147.219 143.872 146.28 146.979 142.159 144.198 146.401 
147.498 143.956 148.387 143.959 142.85 147.672 144.61 143.406 148.711 
148.002 143.019 149.183 144.813 141.869 148.393 147.333 144.096 150.807 
147.96 144.815 149.726 145.353 144.427 148.874 148.777 146.263 149.933 
148.241 149.47 151.507 149.411 150.178 150.422 152.349 150.883 149.607 
150.576 150.147 149.317 151.99 149.927 149.792 153.246 151.706 148.55 
153.413 151.857 150.727 155.647 151.666 151.287 156.099 154.332 149.779 
152.301 150.329 147.772 154.178 151.342 149.829 154.644 152.463 150.08 
155.028 153.328 150.435 157.885 155.507 153.813 161.03 157.8 156.061 
153.406 153.148 153.13 155.415 155.235 155.297 157.447 158.004 158.065 
154.878 155.172 156.878 155.942 156.731 158.182 158.574 159.999 159.995 
155.667 156.28 158.823 156.218 157.646 159.777 158.803 160.557 160.268 
155.983 157.248 159.889 156.132 157.995 161.069 157.545 159.061 160.549 
158.929 163.105 162.807 158.14 159.361 161.923 156.152 157.025 162.575 
174.996 177.204 177.595 174.889 175.816 177.805 130.891 128.023 131.791 
252.905 252.548 123.153 252.685 252.312 123.307 134.753 19.729 0.794759 
255.927 255.924 255.924 255.932 255.924 255.923 3.08127 0.0125541 0.0135407 
254.348 254.658 253.983 255.599 254.155 254.189 3.10593 1.86626 2.70221 
64.7446 8.11575 99.9708 220.567 37.1658 163.378 58.0588 220.082 75.9554 
157.843 63.4837 201.048 174.625 49.1162 128.915 58.8601 159.031 125.603 
138.31 132.806 126.752 139.029 133.505 127.207 139.262 133.658 128.432 
137.102 134.375 131.515 137.191 134.016 130.692 136.775 134.073 131.191 
139.075 137.383 135.571 138.832 136.672 134.667 137.968 136.104 134.9 
143.05 142.804 142.516 142.78 142.507 140.938 142.548 140.746 139.441 
142.77 142.376 142.713 143.854 142.404 141.936 141.521 139.957 139.346 
144.013 144.145 143.913 143.726 143.681 142.846 141.191 141.846 141.758 
140.712 141.874 143.498 139.965 142.033 143.692 138.027 140.746 142.932 
134.955 141.205 149.211 135.05 143.547 150.773 132.844 141.877 150.937 
131.345 140.34 151.381 131.028 142.806 152.87 129.465 140.995 152.606 
138.559 142.774 147.017 137.723 141.464 145.591 137.328 141.016 143.976 
141.715 142.757 143.934 139.747 142.085 143.515 138.206 140.547 142.654 
140.308 142.402 143.653 139.554 139.787 141.915 138.047 139.615 140.405 
139.605 138.499 140.154 140.508 139.278 139.087 137.761 138.452 139 
141.432 142.425 142.807 142.466 142.493 142.269 143.349 142.654 141.475 
144.106 144.424 144.858 145.02 144.118 144.097 147.079 145.748 144.248 
146.233 144.783 141.229 143.897 142.094 142.213 144.742 144.022 143.372 
148.258 146.379 143.531 148.695 146.396 145.547 149.396 147.895 145.424 
146.245 144.841 143.442 147.505 145.934 145.32 147.446 147.146 146.379 
148.068 146.723 145.534 149.703 149.059 147.96 151.709 151.323 151.109 
149.176 148.942 148.311 150.503 150.831 150.85 152.921 153.532 153.9 
149.889 151.139 151.629 151.085 151.848 153.249 153.007 154.869 155.894 
150.149 151.176 154.305 151.568 152.688 154.914 152.623 154.759 155.348 
152.07 155.77 158.791 152.009 154.669 159.904 150.989 153.611 159.165 
155.413 158.471 160.785 154.414 156.614 161.623 152.729 154.163 161.168 
185.907 188.037 189.882 184.655 185.934 189.915 93.2259 94.2325 99.6783 
254.707 254.772 254.535 254.505 254.541 254.453 2.82861 4.99569e-10 3.5392e-10 
255.923 255.933 255.924 255.933 255.934 255.908 2.60481e-09 8.88964e-10 3.70146e-09 
255.933 255.933 255.933 255.934 255.933 255.933 0.000213701 0.000201748 0.000208039 
253.952 255.142 255.658 252.633 255.341 253.184 2.66867 3.54695 1.96191 
11.8324 77.3439 147.064 203.809 165.745 233.425 48.3904 179.821 108.342 
134.036 128.899 123.899 134.044 128.506 123.325 133.595 128.668 123.824 
131.39 126.731 124.616 131.865 128.101 126.847 132.374 128.931 126.039 
133.427 131.986 130.103 133.209 131.344 129.324 132.464 131.126 129.7 
134.581 133.927 132.383 133.481 132.546 131.181 132.683 131.669 130.442 
136.547 135.842 134.8 135.602 134.43 133.771 134.448 132.903 132.494 
136.035 135.646 135.389 135.017 134.623 134.763 133.502 133.25 133.86 
135.241 135.89 136.164 133.753 134.604 135.87 132.127 133.257 134.743 
133.18 136.392 139.882 132.144 136.244 139.803 130.424 135.139 139.192 
127.553 136.067 142.474 127.686 136.709 143.447 127.167 134.563 142.079 
131.39 135.631 138.587 131.808 136.486 139.266 132.476 135.689 138.742 
133.88 136.182 138.371 133.805 136.625 138.766 134.426 136.525 138.508 
137.55 137.668 138.438 138.865 138.356 137.479 135.656 137.154 136.989 
137.967 137.831 138.412 139.378 138.72 137.468 136.146 137.432 137.051 
138.299 138.102 138.428 139.81 139.097 137.608 136.818 137.873 137.194 
142.449 141.9 138.791 141.12 139.855 139.807 141.534 140.893 140.706 
143.87 142.682 138.825 141.788 140.121 140.022 142.103 141.45 141.792 
144.856 143.917 140.287 143.445 141.664 142.021 143.411 142.997 143.271 
143.273 142.294 141.76 145.353 143.66 143.41 144.981 144.517 144.837 
143.739 143.282 142.729 145.83 145.005 144.944 146.536 146.857 147.039 
145.616 146.186 146.276 146.733 147.033 148.063 148.467 150.174 151.038 
146.16 147.025 148.186 147.685 148.632 150.342 148.478 150.943 151.58 
146.014 148.06 150.603 148.396 149.408 151.691 148.743 150.945 151.737 
146.914 149.341 152.662 149.074 150.592 153.538 148.841 151.352 152.729 
151.717 155.297 158.13 151.594 153.846 159.304 147.746 150.048 156.016 
204.111 203.855 203.468 203.225 202.663 203.298 2.79443 2.85782 2.95144 
253.485 253.888 253.825 253.631 253.648 253.71 0.000452882 0.00321594 0.00521747 
255.564 255.628 255.601 255.418 255.533 255.365 0.000241561 0.000434922 0.000762158 
253.101 253.742 255.069 255.834 253.758 253.806 2.71256 0.91572 2.69373 
248.409 244.036 51.4711 88.1578 112.621 155.838 65.9007 162.681 122.542 
207.032 243.169 26.5346 103.171 80.0273 238.118 253.084 82.2661 112.459 
130.11 125.054 122.707 130.505 126.429 124.917 130.94 127.148 123.847 
129.717 125.474 123.807 130.168 126.857 125.995 130.702 127.594 125.033 
129.375 125.706 124.367 129.707 126.923 126.494 130.179 127.337 125.335 
128.673 128.653 128.014 127.841 127.552 126.719 127.237 126.544 125.479 
130.829 130.319 129.692 130.127 129.323 128.714 128.429 127.625 127.613 
132.01 131.329 130.938 131.398 130.311 130.137 129.54 128.755 129.576 
132.102 132.242 132.557 130.872 130.984 131.89 129.592 129.735 131.027 
130.422 132.657 133.853 129.101 131.066 133.594 127.965 129.643 132.02 
125.31 128.487 133.917 123.44 130.026 134.277 124.166 128.644 133.447 
127.614 130.997 133.05 128.768 132.808 134.626 130.137 133.004 135.099 
127.372 130.57 132.372 130.555 131.949 133.536 130.415 131.777 133.946 
132.13 133.774 134.935 132.311 133.816 134.764 132.486 133.713 134.523 
136.992 136.924 137.415 138.336 137.724 136.514 135.36 136.641 136.266 
135.61 136.004 135.699 136.371 136.547 135.843 136.471 136.503 135.597 
135.863 135.284 134.531 136.869 136.341 135.244 137.182 136.66 135.513 
140.71 139.538 135.982 139.118 137.52 137.241 139.692 138.999 138.995 
138.96 136.968 135.371 139.325 137.558 136.641 140.46 139.686 139.561 
140.063 138.909 138.105 141.958 140.082 139.8 142.216 141.938 142.081 
138.746 137.409 136.246 139.448 138.376 137.812 141.348 141.508 141.986 
141.263 141.22 140.475 141.554 142.974 144.362 143.132 145.338 146.095 
143.444 144.65 143.473 143.61 145.861 147.849 144.434 147.659 148.915 
144.152 145.507 147.498 145.85 147.169 148.971 146.562 148.621 149.254 
143.856 147.129 149.888 145.675 147.84 151.229 145.981 148.198 149.368 
148.212 149.257 150.553 148.001 149.72 151.271 119.754 121.703 123.157 
149.758 156.848 174.645 185.545 168.921 171.304 28.8679 45.0321 33.8631 
252.645 225.118 246.562 188.735 206.832 221.776 7.35561 63.8006 49.3 
20.2594 48.5121 236.894 77.0126 231.078 35.0364 9.27432 60.5897 137.808 
100.981 230.739 97.3673 164.199 47.2167 182.598 197.71 159.438 169.295 
78.7009 29.1592 203.396 194.671 157.035 118.038 53.5565 43.4464 46.9985 
120.921 225.662 236.995 189.148 186.303 147.771 90.0431 16.5793 89.0738 
126.37 123.146 120.61 126.532 122.954 119.733 125.934 122.48 119.721 
128.095 123.966 122.522 128.366 125.26 124.708 128.833 125.72 123.61 
124.599 124.27 124.066 124.289 123.889 123.422 123.968 123.273 122.678 
125.43 125.525 125.38 124.731 124.65 124.44 123.775 123.121 122.75 
126.946 126.921 126.754 126.057 125.792 125.615 124.217 123.69 123.645 
128.767 128.518 128.617 127.908 127.455 127.824 125.976 125.553 126.965 
127.067 128.108 128.949 126.194 126.977 128.376 125.213 125.69 127.185 
124.882 126.981 131.199 123.336 128.1 131.402 123.618 126.56 130.323 
120.024 123.458 130.249 120.11 124.932 129.436 119.754 125.025 129.59 
122.125 125.722 129.28 125.095 127.801 130.275 125.088 127.439 130.634 
124.224 127.684 129.133 127.931 128.86 130.346 127.625 128.66 130.59 
126.326 128.77 129.709 128.491 129.268 130.628 128.402 129.096 130.617 
130.165 130.936 131.501 130.461 131.215 131.524 131.067 131.534 131.559 
131.541 131.64 131.548 132.454 132.461 132.113 133.026 132.941 132.356 
130.061 129.368 128.647 131.337 130.603 129.601 132.145 131.608 130.544 
129.38 128.253 127.334 130.54 129.47 128.28 131.438 130.73 129.655 
130.554 129.335 128.311 131.485 130.289 129.321 132.573 131.909 131.014 
133.293 131.716 130.504 134.275 132.844 132.186 135.765 135.334 135.459 
131.77 130.916 130.985 133.131 132.844 133.285 134.747 134.881 135.404 
134.114 133.975 134.801 135.091 135.709 136.924 137.064 137.855 138.868 
138.106 139.038 139.417 138.861 140.725 142.822 140.398 142.66 143.547 
139.199 140.919 142.789 140.256 142.018 144.067 141.919 143.558 144.411 
141.055 142.708 145.566 141.571 143.389 146.172 142.982 144.395 145.598 
152.889 151.919 143.246 141.151 139.727 140.283 125.99 124.874 127.007 
216.63 17.8303 154.504 62.8093 46.3388 15.3935 60.1374 77.5028 10.2144 
139.808 130.492 204.542 104.627 166.863 105.091 222.137 116.781 4.0748 
208.726 237.551 67.1495 210.05 18.0693 113.676 113.378 62.5546 197.509 
201.096 131.065 150.708 155.223 161.167 56.2749 222.934 205.694 221.391 
249.36 65.551 233.956 53.0489 41.4655 195.835 240.901 136.011 107.119 
229.784 128.768 85.9047 135.011 92.3017 215.066 52.2428 229.263 186.161 
123.847 120.889 118.201 123.788 120.489 117.556 123.066 119.91 117.336 
122.081 120.526 119.523 121.79 120.404 119.153 121.337 120.362 119.433 
121.42 120.924 120.694 121.298 120.781 120.469 120.881 120.568 120.492 
122.259 122.363 122.676 121.791 121.691 121.911 121.125 120.683 120.357 
123.414 123.317 123.404 122.521 122.101 122.407 120.685 120.364 120.765 
123.713 124.269 124.795 122.382 122.792 123.636 121.184 121.168 122.234 
121.377 122.64 123.645 120.552 121.644 123.272 120.193 120.889 122.842 
119.87 122.697 127.171 119.856 122.54 125.945 118.755 122.506 126.013 
118.209 121.202 128.163 118.43 122.924 127.043 118.221 123.504 127.723 
118.141 120.784 124.921 119.106 121.41 124.312 119.132 122.698 125.235 
121.885 124.61 125.971 124.349 125.26 126.988 124.552 125.459 127.304 
124.279 124.726 125.094 123.024 124.629 126.119 124.975 125.513 125.99 
125.239 124.949 125.055 124.353 125.265 126.202 126.408 126.456 126.483 
123.38 122.151 121.408 125.128 124.064 122.902 126.768 125.734 124.7 
122.718 121.76 121.081 124.431 123.451 122.436 125.753 124.989 123.992 
122.148 121.105 120.272 123.44 122.284 121.502 124.233 123.62 123.066 
123.766 123.006 122.487 124.995 124.315 123.773 125.806 125.576 125.11 
125.094 124.351 123.99 126.733 126.252 126.149 127.556 127.578 127.725 
125.895 125.606 125.802 127.573 127.889 128.71 128.996 129.431 130.18 
127.493 127.604 128.852 129.533 130.124 131.543 131.277 131.999 132.768 
130.16 131.331 133.381 132.121 133.693 136.069 134.664 136.207 137.306 
134.961 136.416 138.674 136.485 138.099 140.88 138.9 140.73 141.836 
135.136 135.454 137.039 141.711 142.166 145.711 143.291 144.967 146.366 
200.133 162.9 184.241 127.586 218.908 113.462 230.812 127.159 171.77 
181.967 216.289 208.176 157.367 69.8188 146.548 221.345 193.336 6.79001 
211.849 180.073 222.654 104.131 232.457 115.906 125.074 16.4497 118.306 
68.023 108.716 71.1575 160.499 210.137 101.942 111.982 129.42 171.959 
107.337 142.408 170.259 55.5007 62.2616 193.844 19.7297 61.2281 249.697 
152.45 142.396 131.175 125.936 163.845 78.4744 28.5439 21.3339 200.66 
15.1439 211.313 15.4654 184.865 249.601 15.4477 246.754 63.5712 232.338 
121.698 118.33 114.756 121.759 117.898 114.162 121.3 117.274 113.989 
120.056 118.326 115.941 119.588 117.951 116.139 118.971 117.756 116.208 
118.445 118.045 117.641 118.549 118.137 117.759 118.344 118.102 118.237 
117.654 117.589 117.851 117.567 117.436 117.73 117.232 117.012 117.151 
118.045 117.991 118.826 117.378 117.249 117.652 116.533 116.18 115.867 
118.559 119.356 119.886 117.463 117.967 119.048 116.58 116.612 118.028 
118.094 119.65 120.755 117.219 118.685 120.451 116.737 117.802 119.93 
115.814 119.294 121.861 115.178 118.467 121.816 115.251 118.103 121.406 
115.606 118.75 123.869 116.216 119.052 122.874 115.715 120.234 123.599 
114.311 116.246 119.09 114.984 116.985 119.141 115.721 118.116 120.104 
114.252 115.865 117.075 114.887 115.82 117.563 116.481 117.394 118.592 
118.077 118.005 118.344 117.306 118.259 119.475 119.203 119.581 120.07 
117.272 115.989 115.476 118.657 117.859 117.064 120.427 119.876 118.987 
112.093 109.109 107.656 114.108 112.407 109.426 115.561 114.171 112.41 
115.817 113.762 111.986 117.88 115.985 114.31 118.872 117.519 116.601 
112.964 112.137 110.493 115.129 113.518 112.77 116.723 115.196 113.888 
116.522 115.76 114.976 118.031 117.25 116.612 118.599 118.379 118.098 
114.277 113.803 113.728 116.406 116.328 116.139 118.066 118.255 118.004 
117.179 117.389 117.734 119.851 120.462 121.114 121.361 122.157 122.694 
108.364 109.877 111.768 111.787 113.505 115.721 115.617 117.073 118.319 
110.927 113.096 115.857 114.583 116.607 118.881 117.862 119.649 120.866 
115.245 116.119 117.743 130.694 132.305 135.307 133.588 135.853 137.241 
40.9886 37.027 34.5137 141.009 138.748 136.439 143.11 142.998 142.51 
53.0902 27.832 53.7375 181.482 178.987 176.215 190.616 203.584 180.697 
106.641 13.0967 134.585 24.3425 200.509 64.4859 235.408 115.906 2.25741 
178.806 236.873 171.654 131.108 128.778 221.719 63.6744 231.574 182.162 
186.136 222.244 222.771 217.597 221.337 216.928 57.5179 108.739 202.089 
164.779 196.273 63.4603 69.7879 149.121 246.081 42.2233 242.796 132.942 
148.435 93.2372 205.617 167.602 75.8736 159.807 10.8929 6.68037 138.027 
26.5347 139.782 56.2335 139.692 104.117 215.784 202.044 224.451 89.3057 
118.756 115.845 112.07 118.123 114.867 111.92 117.277 114.488 111.562 
116.791 115.131 112.84 116.411 114.736 113.104 115.777 114.09 112.808 
113.133 113.571 111.897 112.927 112.836 111.618 113.902 113.31 111.661 
113.681 113.728 114.092 113.628 113.7 113.818 113.588 113.824 113.453 
114.287 114.53 115.235 113.765 114.063 114.435 113.174 113.333 113.33 
114.208 114.968 115.766 112.988 113.811 114.644 111.794 112.494 113.006 
113.93 116.492 117.781 113.216 115.403 117.552 112.54 114.402 116.782 
108.761 115.888 120.943 107.583 114.347 120.587 107.813 113.662 119.105 
108.479 113.001 116.757 108.625 112.916 117.123 109.69 113.483 117.102 
109.12 111.597 113.059 110.245 111.557 113.442 112.541 113.545 115.149 
107.717 108.472 109.011 108.466 108.457 109.645 109.75 110.801 110.572 
108.452 108.574 108.761 108.865 109.096 109.609 110.008 110.377 110.494 
107.29 105.444 104.858 108.451 107.657 105.985 109.418 108.949 107.964 
104.793 101.775 100.291 106.494 104.846 101.814 107.573 106.222 104.456 
97.8055 97.4465 95.3636 100.05 98.1784 96.7971 101.996 99.7947 97.3694 
107.363 106.508 104.781 109.556 107.707 106.977 111.659 109.499 108.172 
104.647 104.013 102.394 107.334 105.747 104.9 109.86 107.992 106.364 
97.08 96.8449 96.2952 100.336 100.007 99.4411 103.173 102.762 102.063 
94.3287 95.2275 96.5305 98.2871 99.2953 100.607 102.163 103.251 104.183 
83.301 86.2703 88.9138 87.6856 90.4424 93.5445 91.9363 94.8462 97.3824 
80.8079 83.4857 86.2283 84.7143 87.3062 90.5938 89.1213 91.5184 94.267 
69.5282 70.2085 71.9023 75.7964 77.149 78.8141 79.2044 81.4002 83.2292 
63.157 60.8412 59.8894 74.1603 72.8896 72.0551 77.8274 78.4822 78.6706 
63.0611 60.0357 58.4481 67.4504 67.0148 63.7852 71.74 69.7826 68.5019 
69.2992 100.982 158.782 184.519 119.901 54.9118 16.6637 23.3619 153.625 
232.503 109.293 202.543 184.916 186.095 98.8876 150.216 136.695 126.209 
169.997 163.767 56.424 182.009 110.823 232.045 80.6577 190.611 215.221 
86.9455 64.1501 5.58142 187.833 247.539 183.289 2.85992 7.4672 53.8585 
92.7464 207.982 145.594 104.872 135.985 111.196 228.298 105.437 163.46 
35.5504 49.9558 149.024 186.57 71.0326 111.75 106.157 187.813 214.99 
115.156 113.09 110.663 114.851 112.184 110.419 114.134 111.251 109.743 
112.572 112.625 110.663 112.35 111.689 110.201 113.271 111.733 109.74 
110.935 111.614 109.959 110.888 110.798 109.536 112.032 110.962 109.306 
110.921 111.546 110.495 110.828 110.978 109.935 111.894 111.51 109.969 
111.58 111.879 112.347 111.112 111.533 111.725 110.664 111.279 111.037 
109.95 110.942 111.29 108.999 110.085 110.866 107.835 108.915 109.771 
107.163 109.358 110.812 106.275 108.693 110.689 105.41 107.878 109.749 
103.354 108.609 112.005 103.121 108.124 112.36 103.233 107.86 111.436 
101.959 104.802 107.574 103.268 106.621 108.759 104.673 107.222 109.524 
104.436 105.856 106.871 105.719 107.024 107.955 107.55 109.586 109.326 
105.05 105.425 105.636 105.624 105.682 106.397 106.666 107.837 107.008 
104.024 103.865 103.856 104.578 104.326 104.582 105.356 106.075 105.12 
101.768 100.777 100.175 102.408 102.018 101.259 102.919 102.841 101.869 
94.3297 93.5343 91.9302 96.2257 94.5563 92.9048 97.6656 95.8416 93.6654 
89.4359 89.4219 87.4984 91.7909 90.021 89.0462 93.3434 91.0108 88.857 
94.1833 94.1375 92.1616 96.3877 94.3696 93.4179 98.7578 96.1043 93.8326 
88.9485 87.7494 87.3746 90.7249 89.1693 88.2903 93.5513 91.5604 90.6093 
85.0344 83.6471 83.2029 87.4744 86.3307 85.6758 90.0873 89.1788 88.3227 
80.4231 80.8764 81.3605 83.3537 83.7284 84.2947 86.1704 86.6604 87.0698 
75.6131 77.3234 79.2238 78.6621 80.4828 82.5742 82.1827 84.0567 86.0329 
69.6953 71.4881 73.6937 71.6147 73.7209 75.9009 74.345 76.1416 77.7642 
66.5653 67.1706 68.5276 68.7477 69.9501 71.2674 71.6736 72.8939 74.2772 
63.1087 61.729 61.0341 65.3421 65.4184 64.5404 68.2395 68.1097 67.9604 
60.7233 59.3231 59.0487 63.1727 63.0282 62.0132 66.1437 65.1298 64.2629 
61.1165 62.7579 61.3868 62.0455 62.3634 63.2413 66.9871 67.6387 64.5152 
217.864 49.8727 68.1714 19.5261 199.148 71.588 6.54468 157.962 28.4448 
221.735 16.4442 11.095 44.6529 39.6926 64.4306 37.8675 19.1915 252.583 
66.1079 34.3296 116.528 55.5429 61.272 219.618 64.5187 209.668 110.119 
183.925 207.598 167.63 225.972 232.736 0.915476 234.866 228.078 197.76 
16.5337 171.003 215.046 135.501 20.8374 61.5223 166.389 0.880058 27.6002 
112.722 110.892 108.282 111.696 109.234 107.611 110.705 108.545 107.019 
110.856 110.399 108.747 110.893 109.674 108.918 110.302 108.305 107.829 
109.834 110.462 108.855 109.914 109.605 108.349 110.876 109.511 107.881 
108.946 108.813 108.448 108.942 108.207 107.794 108.717 108.149 107.674 
108.582 108.831 109.107 108.353 108.467 108.455 107.449 107.771 107.872 
104.818 105.671 105.612 103.571 104.782 105.07 102.483 103.599 104.48 
103.393 104.752 106.209 102.434 103.753 105.78 102.204 103.57 105.062 
100.24 102.607 105.175 99.9424 102.631 105.371 100.042 102.51 104.77 
99.1603 101.016 103.132 99.9964 102.251 104.352 100.529 102.483 104.389 
97.8792 98.7706 100.035 98.8515 100.276 101.302 100.067 101.209 102.101 
101.258 101.525 101.838 101.772 101.866 102.595 102.8 103.892 103.164 
96.7449 97.08 96.5719 96.9147 97.1717 97.1437 98.3807 98.2459 97.8816 
94.8761 94.3527 93.5907 95.317 95.0813 93.9877 96.1327 96.0925 95.5387 
88.6333 87.9591 86.2112 90.869 89.6519 88.6966 91.5377 89.9369 88.6471 
87.684 87.7054 85.6193 89.915 88.2536 87.1868 91.3628 89.0581 86.9872 
82.8398 81.7306 81.1219 83.5888 83.1075 81.1953 83.9608 83.1656 83.7475 
83.3626 81.7802 80.8129 84.4803 82.8771 81.49 86.3547 84.4454 83.2856 
80.6531 79.1311 78.6779 82.2718 81.1192 80.3024 84.0339 83.4345 82.6997 
77.4202 76.335 76.5219 79.1122 78.5307 78.2426 80.8798 80.7817 80.5088 
71.9011 72.5102 73.8577 73.6752 74.5052 75.3924 75.6796 76.555 77.0499 
67.4712 68.3126 69.7629 68.6321 69.7584 70.9385 70.7046 71.4756 72.0332 
65.5793 66.4134 67.9364 66.8059 67.9542 69.2543 69.1456 69.8641 70.3702 
60.8819 60.9367 61.9674 62.6084 63.0887 63.7102 64.4506 64.9815 65.2929 
58.912 58.0007 58.0739 60.5614 60.7352 60.3003 62.6372 62.2889 62.0449 
56.5251 54.4853 56.4499 58.9614 57.455 58.1924 59.3581 58.9038 59.8278 
228.104 219.171 74.8495 45.3878 160.79 218.903 86.5577 142.804 207.273 
25.5283 202.495 136.205 145.234 144.128 102.697 213.232 232.377 28.5197 
152.272 253.361 95.2312 47.0735 70.4778 164.699 224.797 15.4057 15.5646 
193.101 71.6157 47.694 131.08 9.02444 204.024 155.737 132.468 228.827 
25.1668 60.591 83.3749 209.734 189.188 13.667 41.6393 183.951 122.82 
110.09 108.183 105.043 109.325 106.768 104.474 108.482 106.11 103.996 
107.26 106.277 104.755 106.813 106.132 105.244 106.661 105.139 104.557 
107.317 107.1 106.395 107.371 106.588 106.073 107.042 105.846 105.561 
106.911 106.726 106.42 107.02 106.278 105.551 106.46 105.819 105.291 
104.388 104.968 104.674 103.356 103.935 103.636 102.671 102.98 103.338 
103.184 103.989 103.967 101.853 102.844 103.092 101.079 101.747 102.585 
100.212 101.441 101.258 97.6609 99.2798 99.5407 98.0835 99.1369 100.622 
98.059 99.931 101.979 97.7654 99.4869 101.563 98.0235 99.6234 101.259 
96.3705 97.6772 99.1045 97.0624 98.6443 99.9718 97.5425 98.8596 100.131 
94.0184 94.9492 95.968 94.9518 96.1936 97.0198 95.7427 96.8135 97.5926 
93.0929 93.949 93.9026 93.5772 94.2018 94.6631 95.0512 95.3006 95.4795 
92.5865 93.288 92.7736 92.8256 93.1057 93.0828 94.3088 94.2091 93.929 
89.1826 89.646 88.97 89.352 89.654 89.4074 90.6001 90.8113 90.4307 
85.854 85.3779 84.5042 86.2581 85.9898 84.8339 86.6419 86.6197 86.049 
82.1459 81.2035 80.4561 82.8438 82.5465 80.6108 82.8219 82.3841 82.9375 
80.6055 79.3962 78.7539 80.4242 80.1237 78.0216 80.4427 80.0052 80.6976 
80.091 78.6759 77.9681 80.1488 79.4554 77.1995 80.0838 79.6022 79.9553 
76.9109 75.2898 74.2511 77.9213 76.6617 75.3341 78.9244 78.0083 76.8305 
74.1482 73.1179 72.6012 75.585 74.7595 73.8447 76.8881 76.4403 75.5906 
68.8849 68.4165 68.1904 70.0634 69.7361 69.4231 71.4416 71.2244 70.8204 
65.7161 66.0795 66.8129 66.6016 67.1125 67.6456 68.0789 68.3652 68.2079 
62.216 62.3425 62.8696 62.8922 63.4243 63.9218 64.094 64.7142 64.8876 
58.3589 58.6658 59.49 58.9583 59.7384 60.3074 59.8892 60.7802 61.2666 
55.2507 55.6074 57.0123 54.5181 56.1406 57.4696 55.3527 56.5103 57.9578 
53.6473 53.2513 53.9873 54.932 54.757 55.5629 55.3051 56.1121 56.8914 
47.1354 53.3525 44.3124 79.3736 55.7011 55.6689 70.7101 70.8254 66.3123 
55.8812 144.35 189.622 169.641 116.413 4.91294 88.3679 195.26 223.523 
239.844 98.0836 102.212 18.8161 61.9006 86.1583 47.849 76.0095 84.359 
83.7535 25.1057 112.127 44.078 88.2468 56.2433 115.698 124 167.378 
2.45362 2.08169 2.02512 2.29876 1.84447 0.885078 2.07949 2.04524 0.970264 
105.872 103.648 100.969 105.609 102.876 100.264 105.417 102.677 100.036 
103.762 102.659 101.385 103.958 102.687 101.498 103.611 102.005 100.978 
103.082 102.808 102.277 103.264 102.949 102.688 102.853 101.871 102.066 
103.712 103.68 103.538 103.602 103.121 102.681 102.97 102.321 102.102 
103.15 103.093 102.477 101.864 101.665 101.173 100.29 99.8108 99.6021 
100.351 101.472 101.022 97.6196 99.1657 99.2047 97.6803 98.6208 99.9601 
97.7047 98.8605 99.2249 94.9853 96.8316 97.42 94.9784 96.6412 98.227 
97.041 98.701 99.1424 94.9023 96.8512 97.6632 95.4489 97.0189 98.7476 
90.497 93.6957 95.4516 91.9084 94.2632 95.8994 90.8314 93.1633 95.4327 
91.3687 92.3903 93.3679 92.2638 93.6549 94.6543 93.134 94.2786 95.4052 
88.5901 90.3469 90.8022 88.1193 90.6054 91.8267 90.9249 91.2757 92.1267 
88.4993 89.2573 89.2851 89.0234 89.5622 90.0671 90.4671 90.6715 90.7903 
84.2672 84.4267 84.9309 84.4418 84.92 85.4378 85.6768 86.2434 86.3255 
82.7236 82.5566 82.7263 82.9167 83.0725 83.2068 83.3304 83.6679 83.6868 
76.8861 77.1171 78.1568 78.0384 77.6115 77.9433 77.253 77.22 77.5421 
79.3489 78.1959 77.6147 79.0792 78.8074 76.8973 78.8217 78.5386 79.279 
76.8328 75.602 73.8197 76.3653 75.0742 73.7577 76.2306 74.7686 73.6254 
73.3879 71.9985 70.6261 73.4044 72.1131 70.8964 73.4566 72.1976 70.8615 
70.2157 68.95 67.5262 70.8997 69.5837 68.1947 71.5429 70.3023 69.152 
65.5247 64.5999 63.6621 66.1569 65.0974 64.0811 66.8198 66.037 64.9379 
62.9394 62.3416 61.9912 63.3986 62.8359 62.4353 63.9931 63.6991 63.0922 
59.5349 58.7074 58.6349 59.3631 59.0455 58.9025 59.9398 59.817 59.4239 
54.206 54.6284 55.421 53.8124 55.0631 55.0877 54.1309 55.1401 55.3874 
52.6136 53.8316 54.7692 51.8153 53.2923 54.7151 51.8919 52.79 54.2253 
50.3581 50.8571 52.3779 48.9905 50.661 52.0483 49.4939 50.5605 52.1427 
44.6201 44.7731 45.4628 44.4488 43.7985 44.6605 43.6179 43.7103 44.8662 
56.2435 27.6259 69.7469 79.034 132.589 89.728 39.3865 131.751 109.265 
121.559 25.1782 63.8772 25.4789 39.3084 41.7809 217.072 241.627 188.54 
0.170977 0.13172 0.19434 0.228728 0.0538413 0.306254 1.38579 1.31043 1.0076 
0.0698766 0.0229074 0.00512281 0.0630839 0.0180941 0.00455361 0.116033 0.0157939 0.00545692 
100.239 98.2776 96.2127 100.45 98.4626 96.6863 100.96 98.5797 96.7459 
99.8796 98.2101 97 99.6905 98.4735 97.1831 99.6288 98.2601 97.123 
99.955 99.4859 99.1702 100.185 99.6254 99.2827 99.5492 98.9584 98.8791 
99.7512 99.556 98.8042 99.362 98.8944 98.3393 98.3059 97.811 97.6844 
100.951 100.289 99.5903 99.1855 98.7674 98.2767 97.4454 96.8838 96.7311 
97.2605 97.552 98.1294 95.2418 96.4632 96.894 92.916 94.5291 95.2986 
96.7374 97.9271 98.1564 93.9723 95.9404 96.3402 93.6857 95.5176 97.0536 
92.1032 94.1758 95.984 91.6298 94.1223 95.6119 89.6734 92.6733 94.6172 
88.4098 92.4049 94.3094 89.7108 92.5277 94.5704 88.0047 90.6882 93.4938 
86.3698 88.8252 90.0079 85.9335 88.4917 89.9026 86.6399 87.2025 89.3055 
87.2008 88.9853 89.5761 86.5231 89.2946 90.6788 89.3168 89.7918 90.9279 
86.0785 87.6689 88.3165 85.4394 87.9575 89.3063 88.3944 88.7067 89.6243 
82.1989 82.3399 83.0792 82.6609 83.1738 84.5946 83.7332 84.8037 85.6598 
77.132 77.7803 79.6404 78.4663 78.5283 79.5433 78.2466 78.721 79.4522 
74.6926 75.3765 76.9789 76.1715 75.8979 76.5072 75.4159 75.6122 76.0422 
74.7515 74.9552 75.8861 75.8458 75.246 75.5201 74.9963 74.8072 75.1277 
73.8008 72.686 71.4569 73.4286 72.1618 71.1919 72.9354 71.7437 70.9542 
71.5774 70.3732 68.9314 71.1399 69.9855 68.7613 70.8837 69.6158 68.6322 
69.0736 67.7697 66.4894 68.7409 67.4732 66.3252 68.4597 67.2604 66.0095 
64.9687 63.6379 62.1702 65 63.4906 62.0748 64.9657 63.6478 62.4563 
61.3549 59.9141 58.9934 60.993 59.6799 58.8084 61.1428 60.2248 59.0247 
56.0379 55.4118 55.1893 56.1212 55.7264 54.8163 56.2577 56.1041 55.22 
53.1764 53.3851 53.4343 53.2403 53.5828 53.0923 53.0339 53.442 53.1383 
51.7706 52.657 53.2809 51.5241 52.62 52.8288 51.3064 52.2858 52.7234 
42.7819 46.7845 46.4222 42.5661 46.2308 46.0452 41.949 45.7424 45.7013 
41.9682 42.2394 42.5998 41.7016 41.8928 42.2436 41.1906 41.6946 42.1566 
37.8808 37.8844 38.0731 37.902 37.6897 37.451 36.7775 37.1353 37.5789 
26.005 53.4365 49.8284 36.7609 39.6013 50.2513 50.5964 11.6012 35.1403 
0.0383944 0.0243549 0.0136853 0.0407457 0.0248137 0.0109846 0.0931249 0.0251345 0.00864277 
0.0199502 1.28112e-06 0.00117131 0.019605 1.25518e-06 0.00149648 0.0165957 3.34009e-08 0.000755887 
97.5892 95.2358 93.8656 97.4535 96.048 94.4783 97.9228 96.1685 94.5983 
97.8119 95.8451 94.5061 97.5742 96.4923 95.0912 97.7683 96.4091 94.9684 
98.1215 96.8972 95.9728 97.8775 97.0647 96.0238 97.4985 96.5461 95.7068 
97.0326 96.929 96.3722 96.8228 96.4205 95.8646 95.8675 95.4919 95.0959 
97.2449 97.0598 96.2676 96.1531 95.8584 95.2617 94.7356 94.3008 94.116 
94.5645 94.9683 95.0412 92.9391 93.2752 93.5902 91.257 91.5356 92.1229 
93.0254 93.8689 94.858 91.554 93.105 94.0336 89.9098 91.8374 92.8771 
89.1881 90.8661 91.9074 88.5624 89.8988 91.0595 88.1163 89.2502 90.1035 
86.3094 89.188 90.6595 86.5362 88.5741 90.0251 85.3296 86.4227 88.9137 
85.03 87.1273 88.0821 84.387 86.2786 87.4206 83.9492 84.5474 86.4857 
85.5312 87.7465 88.7266 84.8744 87.2713 88.5856 85.8745 86.1139 88.0439 
80.9814 81.8216 82.9677 81.1798 82.6209 84.7527 81.858 83.8931 85.8515 
78.6076 79.2838 79.9489 79.4662 79.9075 82.4741 81.0315 81.4122 82.5007 
77.185 77.4485 77.9786 77.6924 78.0202 79.1232 78.2655 79.1827 79.9348 
73.4028 74.2096 75.9459 74.9543 74.7941 75.5246 74.4444 74.7051 75.1503 
72.4584 72.5056 72.5722 73.116 72.688 72.4773 73.4039 72.8604 72.4784 
71.1231 70.7998 70.1265 70.9872 70.6114 69.8769 71.0141 70.5478 70.0666 
69.1336 68.2258 66.9513 68.4502 67.9992 66.7993 67.9635 67.7528 66.8199 
66.3001 65.6939 64.4564 66.1992 65.2337 63.9503 65.9354 64.7379 63.6158 
64.0642 62.7568 61.0587 63.6306 61.9878 60.3625 63.1157 61.6314 59.8188 
62.4951 60.262 57.4686 61.924 58.9992 56.5372 61.5266 58.7753 55.7251 
60.2582 54.1408 48.8861 59.515 53.581 48.6854 59.65 53.7599 48.6013 
52.5057 51.611 50.7291 52.71 51.9208 50.319 52.6041 51.9719 50.5951 
43.5175 48.9462 47.7877 43.3657 48.5197 47.7531 43.1006 47.9967 47.2115 
32.0397 48.5483 45.8973 32.1683 48.9777 46.131 32.2084 49.2183 46.669 
35.8536 38.1242 38.0878 35.6359 37.7944 37.7025 35.1995 37.453 37.5732 
30.6239 30.8093 31.039 30.3642 30.7057 30.7777 29.8636 30.3358 30.7881 
24.9891 25.0304 25.1772 24.6692 24.858 24.8124 24.0429 24.4561 24.7808 
5.39978 5.45163 6.07855 5.1097 5.25465 5.76272 4.83087 5.01344 5.53691 
0.0348402 0.0294676 0.067395 0.0374466 0.0309735 0.0460565 0.0309104 0.0300105 0.0637705 
95.2911 93.6894 92.3367 95.6831 94.3974 93.074 96.037 94.6515 93.5349 
96.7131 94.6006 93.3105 96.4025 95.0778 93.4319 96.2432 94.9148 93.3957 
95.8904 95.1258 93.9923 95.8457 94.5371 93.5069 94.8218 93.6948 92.4265 
95.4667 95.3612 94.5908 95.3141 94.6894 93.9488 94.3339 93.5543 92.9343 
94.2355 94.1093 93.4818 93.5739 92.8869 92.6238 92.3438 91.561 91.0699 
92.085 92.1398 91.7955 90.5384 90.4582 90.6011 89.1946 88.9421 89.3145 
89.8099 90.568 90.9394 88.7235 89.2335 90.0161 87.9511 88.23 88.9187 
87.1817 88.4173 89.2245 86.9675 86.9379 88.3115 86.6484 86.5102 87.287 
85.3595 86.7312 87.1125 84.2563 85.3728 86.0896 83.8252 84.411 85.163 
84.4597 86.3982 87.0224 83.6788 85.1518 86.036 82.9794 83.2677 84.9907 
81.8696 83.6158 84.2094 80.8302 82.7908 83.9097 80.7835 82.2178 83.4447 
77.4022 79.3601 80.9302 77.645 79.4515 82.422 78.766 79.9093 81.9655 
76.8876 78.0044 79.0593 77.4763 78.4431 81.3407 78.6184 79.5088 81.2549 
75.1088 75.9273 76.6421 75.6343 76.1987 78.341 76.6614 76.9478 78.0283 
72.2846 72.9203 73.5876 72.6179 73.0442 73.4869 72.9058 73.1774 73.4736 
69.9557 70.3435 70.5058 69.9679 70.4535 70.4978 70.2752 70.6071 70.6945 
67.0305 67.1353 67.1466 67.5247 67.6427 67.7898 66.8413 67.7771 67.3281 
67.3202 67.0268 65.9804 66.6915 66.8008 65.8404 66.35 66.6659 66.0211 
65.8862 65.3462 64.1472 65.3 64.954 63.7683 64.8298 64.7078 63.714 
60.5977 59.4537 58.6533 60.4359 59.059 58.068 60.0879 58.6468 57.9358 
60.2733 54.9326 49.5151 59.8267 54.039 49.0589 59.5053 53.7284 48.5339 
51.911 47.0257 41.791 52.3321 46.9181 42.3463 52.3845 47.1934 42.1593 
46.9323 43.1956 39.6424 46.6344 42.9537 39.666 46.7017 42.8022 39.4833 
38.3923 37.8154 37.3943 38.2567 37.7042 37.2499 38.2507 37.7488 37.2618 
32.1542 38.3988 37.2642 32.1766 38.4044 37.238 32.2289 38.4715 37.1649 
32.1379 32.6467 33.1823 32.0721 32.4892 33.067 32.0154 32.5545 33.0329 
23.4982 23.7941 24.8541 23.5055 24.3412 25.1504 23.6378 24.4773 24.7151 
16.9898 17.9052 19.076 16.1725 16.9328 18.1152 15.4431 16.4644 17.3403 
5.56884 7.21478 9.38278 5.42164 6.80993 9.22428 5.39333 6.72125 8.53503 
0.419704 0.687141 2.51755 0.382628 0.653597 2.39239 0.343222 0.575803 1.83529 
93.395 92.2876 91.4735 93.8356 92.8219 91.5493 93.7432 92.9897 91.9307 
93.4965 92.4951 91.009 93.6262 92.6816 91.0824 93.1389 92.2759 91.0368 
93.1458 91.8806 90.0324 93.0569 91.2458 89.6352 91.8909 91.1171 89.0517 
93.473 92.9029 91.684 93.4869 92.1566 91.0801 92.485 91.0088 89.7505 
91.5759 90.9262 89.9823 90.4866 89.6155 88.7385 89.4347 88.4539 87.9122 
89.9537 89.6205 88.8869 88.5916 88.069 87.6301 87.0081 86.5471 86.5157 
87.4088 87.924 88.0252 87.0222 86.013 86.8228 86.3387 85.2074 85.5718 
84.8284 85.8201 86.8083 85.4781 84.142 85.5901 85.751 84.1446 84.4003 
83.1925 83.8758 84.1136 82.5871 82.2987 83.1223 81.8792 81.5178 82.1352 
81.4381 83.1107 82.9683 81.0292 81.8955 82.1043 80.3059 80.3 81.0458 
80.1045 81.3599 82.0331 79.4573 80.7348 81.6387 78.8408 80.2167 81.4284 
77.489 79.2784 81.0175 76.8971 79.0171 80.6587 76.5185 78.5386 80.5509 
75.287 76.846 78.3323 75.3083 76.5948 79.3157 75.9706 76.786 78.5593 
72.829 73.5391 74.6964 72.3304 73.3929 74.6205 72.2159 73.2698 74.7719 
70.044 70.9168 71.7313 69.6705 70.7028 71.6991 69.5495 70.5086 71.5373 
66.5415 67.3639 68.2017 67.3356 67.9317 68.8652 66.8175 67.9801 68.1535 
65.5709 66.2514 66.9538 66.2605 66.7988 67.6543 65.6587 66.9248 67.085 
64.9635 65.3756 65.7872 65.4823 65.8119 66.2802 64.7851 65.9702 65.9451 
60.0096 59.6102 59.4663 59.706 59.0818 58.9004 59.3522 58.6843 58.6901 
56.8228 55.8668 55.3204 56.6083 55.4971 54.7696 56.3214 55.2335 54.663 
48.5738 47.5201 46.303 49.0825 47.6413 46.8814 49.5099 48.1548 46.6106 
46.8534 45.5465 43.5365 47.1523 45.5026 44.0946 47.4697 45.825 43.9603 
42.8374 41.8697 40.3859 43.3301 41.8949 41.0351 43.5978 42.4281 40.9629 
36.3522 35.6967 34.8974 36.2159 35.5382 34.9189 36.3173 35.4589 34.7005 
31.5224 31.3023 31.1957 31.44 31.2114 31.0255 31.4959 31.2548 30.9725 
24.0435 24.1939 25.1478 24.0868 24.75 25.4923 24.3841 24.9639 24.9749 
20.5254 20.8875 22.1305 20.509 21.4539 22.4361 20.8864 21.6536 21.9165 
17.4116 18.2054 19.7055 17.3977 18.633 19.9872 17.7001 18.8208 19.4081 
6.34693 9.1321 11.8916 6.06571 8.38975 11.3235 6.20396 8.38676 10.7326 
2.27448 3.03945 4.6528 2.33178 2.56005 4.60643 2.44862 2.61286 3.83029 
90.8612 90.3706 90.1835 91.4624 90.9613 90.7412 92.4256 91.0347 90.6586 
91.5522 90.3806 89.1526 91.4875 90.6976 89.814 90.9274 90.9527 89.7659 
91.5424 90.1573 88.2866 91.5815 89.9621 88.4761 90.7795 90.2573 88.249 
89.3988 88.3985 87.1596 90.7396 88.6373 86.8119 90.95 89.2034 87.0768 
88.9813 87.9743 86.9471 88.612 87.494 86.1415 88.02 86.7641 85.7283 
88.0885 87.3225 86.4304 87.1521 86.1998 85.3127 85.9225 85.0033 84.6761 
86.1756 85.7707 85.3194 85.5131 84.6396 83.9966 84.3358 83.3322 82.943 
84.068 84.0906 84.0474 84.275 82.4403 82.7434 83.792 81.7946 81.4821 
81.0872 82.1663 81.9611 81.0452 81.0177 80.7835 80.3915 79.3457 79.5024 
79.9476 81.0522 81.0405 79.7602 79.9436 80.0286 78.8736 78.3059 78.8255 
78.8631 80.1144 80.0219 78.8156 79.4025 79.4534 77.9734 78.0762 78.6467 
77.1622 77.5743 77.959 76.3375 76.8432 77.1274 75.2751 76.0975 76.608 
74.5551 75.2973 76.1842 73.5767 74.0594 74.8984 72.5941 72.9134 73.8505 
72.0084 72.7353 73.4842 71.049 71.4883 72.5454 70.433 70.5096 71.6625 
69.148 70.1192 70.5892 68.677 69.3009 69.9078 68.1133 68.4133 69.2193 
66.0793 67.141 67.7248 65.9722 66.8232 67.4824 65.664 66.2927 67.021 
63.5629 64.5988 65.7783 64.241 64.9872 66.0869 63.8239 65.1646 65.8252 
60.8344 62.0807 63.3726 60.5904 61.7327 62.6731 60.7199 61.7881 63.4062 
58.6927 59.9125 61.0525 58.4366 59.4823 60.1956 58.6604 59.4979 60.8254 
51.5559 51.223 51.4013 51.3245 51.3303 51.3823 52.0587 51.4921 51.0705 
47.8072 48.1324 48.027 47.4846 47.9742 47.8539 48.1026 48.0119 47.6481 
46.0697 45.5084 44.3255 46.3732 45.6105 44.8992 46.8625 46.0542 44.7664 
42.0225 41.9187 40.434 41.5057 41.9052 40.5133 41.2546 42.0112 40.6111 
33.707 32.9727 32.1582 33.6494 32.8785 32.1737 33.677 32.9204 32.138 
28.3962 27.614 26.7991 28.2921 27.5514 26.7716 28.2585 27.4464 26.6675 
24.3025 24.0033 23.7336 24.223 23.9502 23.5814 24.1658 23.9339 23.5233 
20.4253 20.5188 21.3111 20.4133 21.0068 21.5927 20.6607 21.1697 21.0885 
12.3091 13.3349 14.6595 11.9872 12.935 14.0265 11.9609 12.9677 13.7915 
10.1324 10.8819 11.7595 9.99243 10.4705 11.195 9.90708 10.2682 10.7901 
9.04391 8.54636 8.80183 8.75939 8.19586 8.12041 8.92808 7.99771 7.80511 
90.0876 89.3596 89.4809 90.3279 89.9443 90.4328 91.4977 90.1597 90.3392 
89.9427 88.9328 88.8067 89.9049 89.4934 90.0092 90.9083 89.6862 89.9807 
88.9686 87.7874 86.7199 90.4121 88.572 87.1941 90.8236 89.5542 87.7037 
87.7652 86.7118 85.8503 89.6357 87.6926 85.8269 90.5044 88.3974 86.4298 
87.6589 86.5796 85.697 89.0688 87.0952 85.3034 89.6095 87.5962 85.7975 
87.3565 86.1432 84.9685 87.1017 85.6949 84.2897 86.4415 85.1628 83.9049 
85.9174 85.0237 83.9416 85.3966 83.9047 82.7435 84.1822 82.7575 81.9197 
84.2784 83.2915 82.4138 83.8706 82.3578 81.1644 82.8697 81.4141 80.2808 
81.5196 80.855 80.6941 80.7387 79.868 79.4567 79.9925 78.9358 78.292 
79.0343 79.9503 79.7684 78.841 79.0243 78.8429 78.0827 77.6178 77.8279 
78.3017 77.9438 77.7132 77.7323 77.4941 77.2618 76.8478 77.1566 76.8372 
77.5868 77.315 76.7605 76.8564 76.5441 76.1645 75.5672 75.8324 75.5592 
76.597 76.2289 75.7384 75.3953 74.9737 74.4736 73.8312 73.8705 73.5877 
72.6528 72.7798 72.7428 71.2998 71.0987 71.3212 69.8415 69.4524 70.1154 
68.8653 69.0522 68.9256 67.7402 67.6877 67.6808 66.3112 66.0299 66.6307 
66.1548 66.9505 67.1628 65.8188 66.1002 66.2836 64.9743 64.9408 65.3777 
63.4263 64.1951 64.9008 63.0855 63.7769 64.458 62.6019 63.1905 64.0027 
59.996 61.3576 62.7845 59.6883 60.9272 61.9019 59.8476 60.9144 62.5416 
53.884 54.2575 55.0022 53.3733 54.1271 54.9427 53.5308 54.0429 54.8944 
50.1397 50.4377 50.9746 49.8026 50.5793 51.1338 50.1516 50.561 51.231 
48.1364 47.9864 48.1428 47.9597 48.2149 48.3162 48.7091 48.3912 48.031 
43.1507 43.1934 41.9707 42.5934 43.2415 42.0443 42.3387 43.3559 42.1872 
41.3145 40.4415 39.0982 40.7263 40.9022 39.2491 40.619 41.2823 39.8156 
38.1779 37.2691 35.6316 37.7142 37.5624 35.8543 37.4545 37.8686 36.2413 
26.152 25.5998 25.0992 26.1313 25.5578 25.0387 26.0868 25.6315 25.0432 
22.7271 22.3143 21.7229 22.6396 22.1802 21.6375 22.484 22.0794 21.5827 
20.0023 19.6068 19.018 19.7771 19.3397 18.7899 19.633 19.2309 18.6638 
15.9254 15.0624 13.6144 15.7889 14.9077 13.6304 15.4888 14.2817 13.3646 
11.3927 11.1704 11.299 11.0177 10.9761 10.7623 11.0961 10.5251 10.496 
12.9502 10.4813 7.80791 12.6352 10.4358 7.84507 12.5161 9.34639 7.47831 
