19340332
50.6622 51.9769 52.5188 52.4293 52.2504 52.8956 51.766 51.974 52.0741 
73.3764 73.2365 73.5658 73.2506 72.8023 72.4364 73.1226 72.6473 72.3325 
136.529 136.081 136.374 135.917 135.259 135.395 136.308 135.75 135.788 
196.045 195.015 195.458 195.373 191.678 191.949 195.278 193.108 192.283 
55.3938 56.6694 57.2524 57.317 57.2612 58.1963 56.9005 57.3987 57.9379 
87.1131 88.5431 89.4483 88.8064 88.8424 89.7352 88.348 88.7068 89.0705 
188.24 187.783 188.56 187.542 184.217 184.855 187.663 185.591 184.752 
209.351 208.521 209.103 208.454 204.823 205.133 208.775 206.44 205.237 
113.919 114.445 115.479 115.943 115.366 117.142 115.32 115.821 116.592 
165.452 165.443 166.568 165.833 165.817 166.534 165.979 166.299 167.115 
213.523 213.476 215.131 213.993 214.171 215.109 214.672 215.06 215.04 
224.106 224.219 224.605 223.496 220.593 221.12 224.223 221.602 221.069 
178.528 176.148 177.639 178.861 176.795 178.984 178.345 177.878 178.768 
188.776 187.134 188.994 189.516 188.217 190.362 189.036 189.279 190.045 
241.646 243.318 243.959 242.528 243.587 244.113 243.208 242.093 244.191 
246.512 247.988 248.579 247.221 248.127 248.441 248.482 247.135 248.711 
