16703014
130.323 130.712 130.452 129.592 130.44 130.787 130.948 129.939 129.921 
131.381 130.966 132.175 133.231 131.251 133.031 134.026 133.476 132.495 
137.363 136.688 136.246 137.295 136.186 135.678 137.758 137.796 137.348 
140.305 139.287 138.201 139.574 138.399 137.391 139.841 139.862 139.331 
143.503 142.05 140.807 143.12 141.289 139.834 143.435 142.843 142.015 
152.93 151.371 150.067 153.467 151.96 149.865 153.805 152.543 151.338 
166.326 163.177 163.259 167.777 166.951 163.992 166.399 165.684 163.851 
171.389 168.138 168.257 173.212 172.513 169.341 171.478 170.971 168.871 
177.728 174.844 174.865 179.77 178.865 175.833 178.433 177.779 175.489 
192.544 191.388 189.868 194.166 192.744 189.662 194.459 193.456 190.489 
208.767 206.662 204.591 210.34 208.572 205.16 210.65 209.762 207.23 
221.959 218.624 218.828 223.32 220.952 219.755 223.919 222.86 222.378 
224.437 223.038 225.615 226.384 225.084 227.242 230.741 229.919 228.189 
233.095 231.307 234.173 233.87 233.481 235.615 235.314 235.511 236.447 
241.353 242.016 245.857 242.389 243.882 246.035 243.021 241.396 246.033 
254.512 254.671 254.909 254.658 254.923 254.867 254.784 255.024 254.881 
255.489 255.688 255.612 255.517 255.747 255.623 255.46 255.703 255.636 
130.095 130.666 130.54 129.481 129.94 130.729 130.287 129.14 129.1 
131.118 131.678 131.912 131.18 131.407 131.973 131.947 131.067 130.688 
135.078 135.362 135.641 135.342 134.934 135.531 135.351 135.15 134.719 
139.556 139.079 138.361 138.767 137.954 137.408 138.76 138.599 138.26 
144.095 143.314 142.125 143.745 142.791 141.55 143.606 142.622 142.132 
153.018 151.64 150.291 152.934 151.191 149.389 152.639 150.776 149.964 
162.643 161.165 159.33 162.067 160.622 158.538 162.909 160.519 158.974 
171.779 168.705 168.428 173.256 172.223 169.079 171.955 170.915 168.911 
179.771 178.163 177.163 180.824 178.908 177.118 181.088 179.578 177.863 
192.244 190.398 189.408 193.597 191.484 189.272 194.17 192.665 190.465 
207.23 205.943 204.837 209.83 207.633 205.706 210.586 209.793 207.928 
215.618 214.446 215.732 218.507 216.726 216.867 222.198 221.138 218.885 
220.819 220.133 222.946 223.547 222.95 224.267 228.288 227.537 225.537 
232.933 233.168 237.81 234.866 235.703 238.093 237.225 234.85 238.409 
239.125 239.913 241.66 240.75 241.878 241.834 241.349 239.673 243.902 
242.988 242.716 243.31 245.284 245.043 244.764 245.524 243.111 245.601 
255.283 255.029 254.986 255.469 255.228 254.973 255.387 255.464 255.099 
128.813 129.288 129.162 128.4 129.125 129.434 129.499 128.55 128.5 
128.425 128.534 129.308 129.984 128.736 129.822 130.501 130.271 129.269 
132.58 132.413 131.893 133.131 132.701 131.998 133.5 133.053 131.998 
136.897 135.276 133.079 135.98 134.843 133.293 135.431 134.356 133.244 
143.539 142.689 140.763 143.312 141.728 140.182 142.949 141.151 139.917 
157.774 155.109 151.695 156.281 153.673 150.439 157.693 153.814 151.234 
162.371 160.571 158.309 161.018 158.882 156.786 162.242 159.192 157.324 
168.608 167.14 165.436 168.382 166.454 164.932 169.634 167.907 166.267 
178.921 177.247 176.18 179.344 177.307 175.95 180.091 178.973 177.334 
193.033 191.722 189.627 193.471 191.407 188.966 193.854 193.108 189.694 
201.861 200.184 198.76 203.329 202.472 199.634 203.079 203.365 201.261 
209.292 208.319 208.142 211.591 210.076 208.985 212.553 212.206 210.917 
216.188 217.134 219.843 218.653 218.903 220.416 224.1 222.987 220.736 
230.753 234.774 229.044 232.62 234.294 230.896 234.119 236.37 237.35 
238.28 238.753 236.906 240.583 240.308 239.374 241.049 238.764 242.183 
241.603 241.133 232.341 244.876 241.532 236.89 245.491 245.327 241.782 
244.302 242.439 235.245 247.129 243.286 240.222 247.198 245.85 242.191 
119.836 119.844 120.773 120.766 121.25 120.828 123.917 123.097 122.778 
124.531 124.5 124.54 125.993 125.591 125.425 127.299 127.412 126.739 
130.545 128.093 125.678 130.563 128.776 126.923 130.622 129.693 128.308 
134.18 131.168 127.876 133.502 131.07 128.429 133.178 131.298 129.185 
138.815 134.195 129.037 138.379 134.1 129.812 137.606 133.514 130.257 
153.161 147.241 140.207 153.453 147.131 140.137 153.154 146.222 140.46 
158.174 155.763 152.953 157.323 154.978 152.074 158.469 155.636 152.984 
162.516 161.51 160.577 163.671 162.545 161.144 165.059 164.257 162.709 
172.436 171.115 170.448 174.431 172.825 171.733 175.311 174.733 173.557 
183.055 181.007 179.903 184.152 183.257 180.737 184.019 183.856 182.251 
189.865 192.365 191.764 196.648 194.98 190.569 195.299 193.613 189.745 
202.367 201.911 202.426 203.793 204.355 203.284 204.12 204.939 204.437 
207.731 209.137 212.184 209.166 210.61 212.431 211.091 212.315 213.009 
218.06 218.781 219.99 218.315 219.074 221.59 217.18 220.988 224.812 
232.207 235.684 229.141 232.644 233.987 230.611 231.845 234.377 236.417 
236.471 235.734 228.869 238.313 234.929 232.433 237.643 236.19 233.582 
231.844 232.761 233.387 233.3 233.25 230.038 232.136 229.492 227.51 
117.601 117.717 118.745 118.683 119.337 118.786 122.012 121.22 120.751 
117.892 117.795 118.356 118.824 119.281 118.657 121.734 121.086 120.8 
121.679 119.844 118.584 122.814 121.918 121.166 123.936 123.561 123.368 
129.166 125.921 123.191 128.855 126.442 124.54 128.284 126.713 125.505 
124.764 123.562 121.355 122.594 122.075 122.18 119.97 120.297 121.38 
143.593 139.692 135.151 144.034 139.68 135.056 143.481 139.101 135.275 
149.45 148.016 147.221 150.022 148.633 147.326 150.48 149.345 147.705 
155.262 154.384 154.262 157.409 156.484 155.986 158.697 158.184 157.383 
166.765 165.475 165.263 168.896 167.908 167.034 170.168 169.592 168.761 
177.527 180.679 180.228 185.845 183.273 178.814 184.499 181.376 177.223 
182.143 185.77 185.657 190.039 188.281 183.899 188.422 185.959 181.829 
189.237 193.234 194.621 195.988 195.186 192.987 195.426 194.313 191.62 
204.326 205.604 208.908 204.999 206.201 209.62 204.872 208.814 212.531 
212.064 212.587 215.423 211.847 212.655 216.47 210.267 215.27 220.292 
220.469 220.935 221.251 218.96 219.736 221.781 216.393 219.763 223.393 
224.897 226.226 227.725 225.262 226.131 224.324 223.866 222.225 221.766 
226.369 228.766 230.142 227.814 229.013 226.407 226.913 224.45 222.945 
114.923 115.227 116.302 115.602 116.366 115.924 118.57 117.801 117.656 
110.74 111.455 112.071 111.179 111.535 111.907 111.914 112.299 112.554 
113.433 112.965 112.935 113.759 113.892 113.996 114.467 114.567 114.748 
118.239 118.143 117.259 116.152 116.737 118.089 114.055 115.153 117.121 
119.894 119.836 119.279 117.567 118.069 119.297 115.021 115.924 117.992 
126.105 125.564 124.192 123.992 124.134 124.408 121.605 122.251 123.367 
138.44 138.004 138.48 139.055 138.832 138.416 138.968 138.813 138.431 
148.908 148.448 149.05 150.453 150.603 150.686 152.095 152.327 152.253 
157.163 156.94 157.795 159.971 159.824 160.698 162.126 162.407 162.687 
169.046 168.452 168.905 170.014 169.982 170.303 171.51 171.743 171.708 
178.233 182.052 182.813 185.27 183.995 181.515 184.638 182.478 179.624 
186.591 187.521 189.69 187.213 188.857 191.058 188.385 190.347 192.043 
194.076 195.259 195.986 194.591 196.646 198.376 194.218 197.655 200.24 
204.661 204.866 205.936 204.08 204.867 207.358 202.611 207.026 210.915 
214.168 213.659 213.998 211.077 211.386 211.689 209.313 210.044 211.306 
219.273 218.897 218.821 216.287 216.493 215.85 214.293 214.255 214.187 
222.17 224.284 226.352 223.373 225.052 222.02 222.259 220.196 218.663 
105.319 106.851 108.486 105.152 105.506 106.821 105.492 106.109 107.531 
106.367 107.298 108.389 106.215 106.757 107.597 106.666 107.191 108.074 
108.23 108.781 109.149 108.141 108.419 108.931 108.311 108.739 109.346 
104.188 105.477 105.404 105.545 105.762 105.503 104.745 104.335 106.773 
117.55 117.627 117.185 115.115 115.833 117.075 112.587 113.659 115.793 
124.427 124.399 125.554 124.303 124.328 124.587 123.603 123.472 123.75 
127.598 128.541 128.97 128.629 128.891 128.736 128.68 127.853 127.95 
136.785 136.777 138.019 137.979 138.506 138.98 138.978 139.761 139.896 
147.221 147.911 149.137 148.972 149.549 150.335 151.51 151.577 153.058 
162.238 162.273 163.782 161.037 162.07 164.485 163.057 163.433 164.876 
170.439 170.651 172.44 168.94 170.262 172.645 169.93 171.249 173.033 
182.271 182.832 181.417 182.418 184.001 184.461 180.96 183.947 186.331 
189.217 189.954 188.373 189.517 191.108 191.786 187.904 191.445 194.187 
192.913 193.531 191.595 192.359 193.292 193.387 190.52 192.255 194.518 
199.075 198.915 198.548 196.899 196.379 197.234 193.956 193.55 195.533 
206.462 204.441 203.426 199.782 200.976 200.756 199.064 198.329 200.323 
208.451 207.943 208.565 206.419 205.353 205.591 203.116 202.452 203.416 
95.6671 96.9927 98.516 95.0755 95.8855 97.2657 95.0692 95.8145 97.5431 
98.8268 99.737 100.513 98.2829 98.9482 99.6814 98.03 98.8627 99.9475 
100.969 102.343 101.995 102.216 102.723 102.449 101.35 101.366 103.673 
101.746 102.909 102.49 102.93 103.163 102.804 101.772 101.542 104.007 
102.604 103.833 103.577 103.745 103.863 103.515 102.646 102.068 104.511 
114.622 115.787 115.622 114.73 114.838 114.643 114.291 113.344 113.274 
122.909 124.256 124.686 124.06 124.39 124.439 123.715 122.998 123.478 
128.592 130.454 131.205 130.413 131.113 131.476 131.631 130.925 132.203 
139.146 140.784 142.144 141.284 142.114 142.461 143.66 143.616 145.033 
148.856 150.132 150.882 149.323 150.429 150.92 150.721 150.89 152.314 
162.631 162.652 163.847 160.078 161.65 163.163 160.014 160.812 162.251 
169.292 169.992 170.205 168.524 169.5 169.692 167.313 168.983 169.641 
183.584 184.4 181.434 183.719 184.867 184.197 180.781 183.444 185.553 
184.891 186.066 186.009 184.159 184.222 185.417 181.903 181.987 183.938 
191.448 190.16 189.079 184.735 186.506 187.311 184.209 183.068 186.368 
191.784 189.904 188.572 183.344 184.394 186.451 182.092 181.256 185.64 
195.41 193.757 193.367 187.212 189.847 190.8 187.095 186.943 190.332 
85.31 86.2791 87.3048 84.795 85.761 86.776 84.4709 85.2425 86.5233 
88.2551 89.0943 89.1379 87.5869 88.277 88.7133 86.6506 87.5652 88.6688 
90.4292 91.1091 90.3706 89.8004 90.0488 90.0794 88.5886 89.0172 89.6556 
97.9419 99.1344 98.5882 99.0894 99.3088 98.8338 98.0464 97.6728 99.8706 
95.8484 96.1636 96.6326 95.0259 95.4563 95.9354 94.3913 94.719 95.0768 
98.0945 98.7313 99.3758 97.1148 97.6818 98.2908 96.831 97.3085 97.4839 
112.743 114.514 114.99 113.148 113.91 114.449 113.16 112.812 113.328 
119.464 121.485 123.408 119.842 122.512 124.019 120.993 122.787 124.094 
132.189 134.57 135.16 133.808 135.571 135.202 136.24 136.32 138.133 
135.96 136.941 137.616 135.438 138.07 138.272 136.112 137.481 137.853 
152.099 152.981 152.552 151.392 152.769 151.765 149.627 150.666 150.39 
156.602 157.487 157.072 156.094 156.336 155.797 154.712 154.384 154.713 
168.156 169.173 169.381 166.888 167.92 168.007 165.56 166.392 167.03 
174.015 175.37 175.969 173.126 174.087 174.912 172.265 172.14 172.993 
180.141 181.413 181.357 178.649 176.476 179.772 174.891 173.359 176.976 
185.688 184.204 182.923 177.122 179.179 181.325 176.551 175.845 180.662 
168.074 169.681 171.197 168.339 167.22 170.862 164.642 165.452 169.803 
81.8119 82.2524 82.5623 81.402 81.8271 82.0673 80.8911 81.4344 82.0073 
82.3103 82.9224 83.3874 81.6535 82.2868 82.8275 81.1042 81.7718 82.5031 
81.7341 82.0999 81.4 81.2341 81.3838 81.0821 80.5046 80.8281 80.8824 
84.6619 84.6862 84.932 85.0077 84.9093 84.8629 85.1281 85.0094 84.571 
89.8437 90.4477 91.1384 89.5329 90.2428 90.8941 89.4947 89.9964 90.4451 
91.7299 92.4519 93.6409 91.4158 92.4033 93.463 91.6156 92.6667 93.23 
94.4111 96.1342 97.6162 94.4596 96.2439 97.9451 94.3897 96.1403 97.623 
111.327 114.453 115.135 111.75 115.51 115.766 113.246 116.158 117.715 
124.286 125.936 126.966 123.82 127.674 127.883 125.57 127.973 128.822 
126.92 128.219 128.859 126.274 129.625 129.811 127.429 129.674 130.45 
135.079 135.857 136.728 134.396 136.785 137.41 134.521 135.808 136.701 
148.122 148.988 150.106 147.702 148.132 149.597 147.204 147.411 148.771 
157.31 158.317 158.884 156.333 157.334 158.035 156.043 155.691 156.561 
163.506 164.82 165.725 162.508 163.836 164.708 162.346 162.693 163.201 
165.425 166.722 167.723 164.663 165.958 167.102 164.522 164.189 165.296 
163.023 164.689 166.163 163.659 162.688 166.346 160.225 161.036 165.217 
153.654 155.02 157.786 154.479 154.59 157.72 152.663 153.697 156.751 
78.727 76.5101 74.6699 78.91 76.6354 74.306 78.4959 76.9231 74.3775 
75.6846 75.5832 75.2821 75.3283 75.2421 74.8766 74.8312 74.9252 74.7405 
71.8071 72.3782 72.6601 72.0884 72.3187 72.4755 72.3044 72.3638 72.1445 
75.3216 75.1894 75.1917 76.1201 75.8022 75.4191 76.6714 76.3531 75.5537 
81.7771 81.6625 82.3028 82.971 82.8845 83.0512 83.8975 83.8914 83.4261 
87.9932 88.3975 88.9661 88.3211 88.776 89.1569 88.7467 89.1339 89.2788 
89.0699 89.2104 89.5493 89.4499 89.6622 89.8205 89.6003 89.7872 89.8032 
94.6248 95.8822 96.7884 95.1668 96.5306 97.7265 95.2849 96.6298 97.5953 
113.66 115.062 114.745 113.903 115.938 114.791 115.281 116.55 116.798 
121.947 122.519 123.583 121.344 123.683 124.414 122.299 123.814 124.366 
125.591 127.231 128.867 125.196 126.577 128.378 124.936 126.52 127.979 
135.214 136.746 139.731 134.924 136.606 140.049 134.9 136.682 139.286 
145.658 146.96 148.94 145.159 146.843 148.965 145.867 147.08 148.392 
153.042 154.421 155.676 152.584 154.297 155.46 152.869 153.218 153.919 
147.857 150.342 152.892 148.025 150.649 153.12 148.574 150.849 152.571 
146.242 146.74 149.557 145.145 145.541 148.041 144.692 144.327 146.33 
149.497 150.7 153.239 150.463 150.231 153.03 148.73 149.222 151.908 
69.4831 62.5201 57.07 70.2065 62.4555 56.2288 69.7346 63.084 56.2533 
63.1641 61.8718 60.9564 63.6926 61.8639 60.4559 63.4469 62.2057 60.2912 
64.3538 64.9047 65.1759 64.4931 64.9483 65.1128 64.6896 64.8409 64.9735 
65.7755 66.5297 67.1493 66.691 67.009 67.4248 67.2805 67.3736 67.4307 
67.6346 67.2865 67.0316 68.3478 68.2746 68.1938 68.6708 68.5336 68.4971 
82.3731 81.539 81.157 82.4467 81.7048 81.0778 82.7065 81.9717 81.3428 
87.7126 87.163 86.334 87.6628 86.8913 85.9638 87.2596 86.3448 85.5724 
91.389 90.4576 89.0686 91.2131 89.5267 88.3945 90.8886 89.3268 87.53 
98.8247 97.8761 96.9393 98.9108 97.5387 96.2343 99.1743 97.7335 96.6118 
108.052 107.791 107.975 108.384 108.012 107.961 108.659 108.229 108.054 
112.287 114.394 118.024 112.646 114.627 117.302 112.762 114.555 117.28 
118.44 122.092 127.796 118.379 121.994 127.184 117.969 121.471 126.676 
124.38 126.874 131.253 123.864 126.849 130.753 124.11 126.679 130.472 
128.418 130.715 133.047 128.673 131.007 132.27 128.847 130.168 130.445 
128.564 130.916 132.614 128.402 130.769 132.478 127.417 129.672 131.522 
131.745 133.35 133.961 130.989 132.21 132.796 130.033 130.045 131.223 
140.625 139.966 141.262 139.49 138.407 139.199 138.718 136.481 137.211 
41.3099 37.0018 33.5199 41.932 37.0444 33.0893 41.7449 37.8753 33.1887 
39.8012 38.8239 38.1794 40.3186 39.7654 38.8421 40.1813 39.7444 38.7492 
54.9411 55.1723 55.4661 54.9917 55.1455 55.3741 55.0325 54.9853 55.1167 
58.1943 57.9709 58.0396 58.5196 58.6312 58.6938 58.676 58.6241 58.8179 
62.0299 61.3844 61.1618 62.484 62.2948 62.1504 62.55 62.489 62.2992 
68.8777 67.8774 67.0649 68.8715 68.1758 67.5143 68.5164 67.9656 67.3598 
85.4204 84.3251 82.7886 85.0162 83.2023 81.895 84.5742 82.9321 81.1022 
89.8471 88.7305 86.9763 89.625 87.4942 86.0601 89.3512 87.5224 85.5546 
93.0475 91.7885 90.1492 92.9772 90.6958 89.1982 92.8622 90.9307 88.8192 
98.8384 95.6646 96.3693 98.815 97.805 96.3521 98.1678 97.5371 97.0284 
104.056 105.053 106.914 104.801 105.389 106.672 105.417 106.202 107.08 
110.299 112.671 117.227 110.569 113.056 116.636 110.504 112.826 116.596 
117.175 118.934 120.934 116.522 118.444 119.613 116.298 117.316 117.706 
120.462 122.26 123.915 120.704 122.432 122.918 120.494 121.128 120.99 
122.339 123.865 125.159 122.435 123.997 124.111 122.202 122.603 122.19 
128.411 127.901 127.081 127.815 127.569 126.699 126.601 125.979 125.681 
132.038 129.259 126.82 131.895 129.367 126.572 130.787 128.038 126.47 
30.7454 29.7235 28.8622 31.1319 30.5768 29.3922 31.0514 30.4861 29.3254 
33.937 33.1347 32.5781 34.3928 34.0789 33.2332 34.3048 34.0099 33.1691 
39.5184 38.876 38.5764 39.9455 39.9107 39.2672 39.9472 39.8297 39.2732 
53.3173 52.7067 52.7657 53.4004 53.0556 52.9927 53.4488 53.2453 53.1921 
58.9542 57.9846 57.6336 59.0216 58.544 58.2503 59.0249 58.6443 58.4451 
65.9547 65.1428 64.7063 65.7894 65.0382 64.6076 65.6387 65.1512 64.575 
76.1969 75.3761 74.518 75.9031 75.0036 74.1449 75.6049 74.8088 74.0808 
85.2715 84.4506 83.2119 85.417 83.888 82.918 85.4922 84.1983 82.4371 
94.3758 90.7268 91.0769 94.2227 93.1761 91.3386 93.708 93.1117 92.4472 
96.6787 93.0424 93.5413 96.6365 95.4961 93.6988 95.9395 95.3089 94.6022 
98.9909 95.8349 96.5512 98.8476 98.0012 96.6474 98.2304 97.7666 97.3704 
109.809 109.763 109.791 107.733 108.063 108.815 106.802 107.657 108.376 
113.624 113.373 113.146 111.386 111.663 112.438 110.221 110.828 111.592 
118.443 119.338 120.535 117.73 118.83 119.21 117.366 117.644 117.252 
122.765 122.092 121.04 122.553 122.146 121.141 121.244 120.838 120.49 
126.476 123.77 121.268 126.349 124.237 121.576 125.704 123.609 121.814 
130.279 124.825 120.427 131.288 126.409 121.31 130.571 126.022 122.494 
21.7928 20.7795 19.9251 21.3374 20.58 19.7431 21.41 20.4355 19.6937 
29.4956 28.6891 27.9337 29.8345 29.5587 28.564 29.7827 29.4036 28.486 
36.6759 36.5569 36.5992 36.6205 36.6254 36.6219 36.7225 36.6355 36.715 
47.3934 46.9716 46.9056 47.3488 47.0081 46.9009 47.3478 47.076 47.0631 
57.5004 56.8012 56.463 57.4591 56.9199 56.6823 57.4038 57.1809 56.8489 
67.0763 66.8964 66.5414 66.8232 66.7013 66.447 66.7837 66.6624 66.4795 
74.3213 74.2065 74.0682 74.4349 74.2898 73.9857 74.2787 74.2202 74.0449 
79.5568 79.1571 79.1772 80.0539 79.8619 79.671 80.7135 80.6895 80.4508 
84.9809 84.198 83.8203 85.8742 85.461 84.6994 87.0558 86.7904 85.9767 
95.4554 91.8757 92.2867 95.4246 94.4775 92.6974 95.073 94.4747 93.8241 
98.8264 97.9921 96.7019 99.3882 98.4163 96.7812 99.7919 98.9938 97.7885 
104.495 103.372 101.675 104.245 102.946 100.974 103.758 102.711 101.582 
111.382 110.309 109.028 109.422 108.603 108.171 108.374 108.003 107.692 
115.979 113.654 111.149 115.693 113.363 111.305 114.916 112.833 110.688 
120.295 118.449 116.346 120.037 118.117 116.503 119.613 117.905 116.102 
121.92 119.373 116.793 122.084 119.435 117.162 122.289 119.564 117.032 
125.456 120.408 116.217 126.778 122.279 117.371 127.043 122.974 119.298 
3.97659 3.60078 3.16916 3.88489 3.56692 3.18114 3.89258 3.48828 3.16787 
14.7751 13.7055 13.1118 14.5443 13.6117 13.1206 14.5754 13.7592 13.0232 
29.3266 28.9933 28.5238 29.1651 28.9213 28.4699 29.1636 28.8292 28.5306 
40.5793 42.6704 41.9818 40.5183 42.6265 41.9903 40.4008 42.5021 41.9868 
42.4154 72.3356 69.1409 42.3197 73.2816 69.3182 42.2479 71.8283 69.8249 
69.644 70.4172 70.5796 69.4421 70.1251 70.4093 68.9468 69.8902 70.3076 
73.1388 73.5894 74.1525 73.2197 73.5988 74.2535 73.1149 73.7368 74.3311 
76.2995 76.996 78.0437 76.735 77.3743 78.3252 76.9238 77.8676 78.7359 
81.5855 82.3244 83.1533 82.1761 83.2821 84.0108 83.135 84.49 84.97 
90.587 91.0229 91.6522 92.0003 92.4822 92.7689 93.3247 93.9579 93.924 
96.6448 96.6246 96.5949 97.5283 97.4803 97.2721 98.3419 98.1847 97.7537 
102.008 100.925 99.6242 102.476 101.35 99.7426 102.699 101.703 100.518 
107.529 104.81 102.419 108.322 105.446 103.039 108.61 105.973 103.665 
113.217 109.794 106.594 114.028 110.506 107.409 114.249 110.943 107.506 
114.945 112.638 109.758 115.299 113.272 111.185 116.168 114.64 112.384 
115.505 113.114 113.356 117.686 114.533 114.337 117.67 116.299 115.454 
117.972 115.568 114.153 119.7 117.159 115.127 121.16 119.083 116.743 
0.833972 0.57525 0.588724 0.785729 0.557884 0.572392 0.800062 0.598373 0.553235 
1.93076 1.56671 1.32573 1.89814 1.54317 1.3504 1.87888 1.5492 1.31908 
14.3372 16.2538 16.1353 14.3172 16.2311 15.9853 14.2939 16.5649 16.0089 
23.7178 64.5877 60.4968 23.6275 65.9234 60.5867 23.4963 63.9911 61.2362 
16.0737 105.612 97.2516 16.0061 108.58 97.5673 15.9312 104.944 98.9194 
40.145 96.7048 91.8547 40.119 98.7368 92.2029 40.2056 96.3226 93.1983 
71.2878 73.3941 75.3345 71.534 73.6963 75.4536 71.047 73.8308 75.8094 
73.2798 77.2916 80.4499 73.7931 78.0489 81.2007 74.6705 79.0614 82.2199 
77.1718 84.7077 90.0632 78.2233 86.3507 91.6014 79.7449 87.9883 93.2506 
86.8999 91.9076 95.5573 88.2907 93.4427 96.8982 89.6475 95.048 98.0444 
94.1426 95.4101 96.8388 95.6205 96.8937 98.1772 97.2552 98.4313 99.142 
97.4203 96.7601 97.0185 99.1153 98.7223 99.0072 100.833 100.714 100.649 
101.875 99.7009 98.3681 103.919 101.969 100.458 105.506 103.804 102.212 
108.9 106.079 103.19 110.33 107.816 105.325 112.012 110.161 107.523 
111.268 109.059 109.431 114.131 111.126 111.492 114.411 113.699 113.065 
111.99 110.114 110.995 114.746 112.181 113.017 115.011 114.826 114.561 
112.839 111.064 112.46 116.432 113.593 114.384 116.882 116.397 116.062 
