439553
9.00721 214.823 54.8484 13.0723 0.473393 203.014 228.12 5.78878 124.594 
54.5878 147.915 134.93 147.947 204.076 167.501 51.1834 149.006 41.7303 
4.35647 25.8557 125.788 203.631 93.1691 196.877 66.9454 176.103 150.023 
38.8807 22.127 125.062 201.514 103.268 42.7098 245.168 79.5548 87.5191 
129.394 209.418 208.863 135.719 154.506 29.5867 24.2759 248.961 21.9158 
188.296 41.3231 119.837 69.0682 6.0238 244.43 34.236 57.9714 72.9092 
16.9074 134.638 33.3404 143.052 35.7303 174.33 41.1259 182.351 52.8214 
44.0873 141.844 112.919 185.917 238.636 99.6101 101.128 248.791 20.2626 
232.071 115.574 127.093 111.389 4.35079 193.767 196.164 128.332 67.1851 
0.588061 156.687 132.713 92.5306 16.226 99.7461 195.919 118.431 137.025 
8.0658 133.946 42.2083 245.254 56.1291 17.9504 99.5781 55.7532 139.904 
22.6679 119.243 147.858 106.791 75.8907 184.243 49.757 158.449 66.903 
30.2549 249.297 146.205 156.768 2.9682 246.752 192.052 193.336 217.381 
210.173 3.1906 155.266 165.17 220.365 230.2 150.169 56.7049 177.934 
71.4971 151.521 167.129 166.471 70.2291 199.568 245.916 43.1269 160.823 
76.7995 250.411 35.1623 117.621 62.624 150.595 142.867 104.162 176.877 
132.251 82.7952 192.185 201.227 107.221 148.919 166.954 230.86 201.774 
140.038 6.77182 234.473 108.606 114.857 127.312 184.238 138.568 134.183 
224.797 58.8678 123.978 211.527 236.489 69.0784 60.6291 236.795 190.327 
11.6092 8.5624 210.182 208.246 59.442 55.1639 79.096 127.012 92.6469 
91.9806 12.0236 133.302 237.749 158.858 128.928 86.3467 25.398 133.406 
166.187 166.655 56.2524 101.189 28.3434 83.6067 212.309 125.578 113.525 
54.9549 63.0618 153.801 253.206 52.6943 235.265 140.632 252.312 20.8202 
133.694 52.957 171.671 8.11016 247.961 160.518 110.512 127.274 93.8477 
37.4012 67.543 128.836 116.799 135.295 187.067 234.943 203.194 83.2419 
179.838 159.203 161.016 219.667 178.002 200.911 25.4447 242.126 188.765 
44.1928 231.453 237.977 139.721 172.022 74.6622 2.87571 188.767 54.3084 
31.7017 190.383 48.6223 98.5809 124.333 60.0265 11.0635 177.566 57.595 
154.082 215.87 239.646 27.2096 186.79 40.809 95.9166 205.794 71.0068 
94.5169 144.285 140.698 173.383 206.996 243.373 128.222 122.208 223.786 
5.06823 79.7962 58.5796 249.031 26.7251 187.575 130.033 179.095 18.9077 
47.2351 182.422 66.6482 48.9258 225.085 121.639 238.101 209.919 53.7057 
124.059 28.7508 20.5359 92.5125 104.95 162.476 129.456 175.997 206.192 
57.8105 38.8271 76.9784 196.009 184.685 86.0733 240.162 145.007 39.1526 
250.225 247.633 166.223 132.01 154.082 19.0157 84.6083 246.804 177.72 
173.313 236.05 226.157 27.7829 150.314 175.246 71.8108 117.241 150.511 
4.59718 29.0316 29.4245 250.62 82.4098 201.751 25.4802 6.22433 3.00893 
174.441 70.8448 72.3073 30.2267 127.073 71.756 85.7341 114.204 155.472 
250.538 209.641 195.115 173.807 2.73981 29.5899 209.016 25.7613 64.5076 
206.255 84.0455 231.632 153.211 246.631 215.224 16.1286 225.66 167.675 
55.2303 44.2958 49.8632 239.785 138.027 241.718 199.237 86.1555 154.293 
92.9447 188.341 249.353 200.357 78.7128 37.9338 168.987 81.414 189.545 
251.983 178.386 111.684 60.7606 9.29902 12.1576 31.7742 38.1979 127.549 
81.1071 84.2954 88.4044 57.8495 63.3751 43.956 170.823 82.0587 199.612 
211.451 206.412 166.299 75.5375 239.605 179.2 88.5723 48.9939 137.36 
60.5778 48.2693 144.446 10.7491 246.986 189.372 74.9132 144.752 143.648 
14.7954 44.9838 183.463 0.485879 251.8 118.982 95.3045 188.977 62.9366 
53.0152 38.5709 7.276 140.823 152.793 72.5979 202.924 3.44598 65.0766 
162.412 119.782 217.446 145.869 12.3382 54.2279 45.4048 250.712 108.154 
161.797 41.0574 230.894 147.258 38.1101 220.661 75.9759 108.453 160.848 
238.921 227.42 110.222 168.233 240.847 12.4388 79.6427 190.456 231.488 
187.644 33.0533 90.8298 147.461 5.18232 39.4636 85.0896 29.2421 53.6909 
66.2136 21.7694 218.751 210.615 25.4267 88.4567 124.682 201.511 226.524 
190.169 135.335 131.572 39.4436 93.7096 29.1496 243.969 159.791 27.9384 
103.868 144.492 28.1788 214.118 31.7993 168.447 13.5635 57.9659 183.887 
151.49 245.141 55.8854 169.781 123.133 119.961 9.9169 185.002 226.813 
225.834 64.2373 59.5102 242.641 54.8516 178.478 9.77274 14.9657 8.50033 
209.601 151.334 121.191 131.424 104.516 122.422 163.946 225.099 47.0136 
15.2059 213.05 171.366 101.207 122.865 208.38 113.78 120.943 54.1989 
35.3936 121.483 117.558 186.345 125.713 64.8583 159.739 202.915 166.703 
3.66532 107.069 217.559 67.0511 201.95 51.1091 85.7808 239.1 113.495 
250.432 246.185 68.9131 179.792 192.469 187.145 213.115 135.349 133.619 
76.8046 104.175 228.76 94.2407 143.608 146.595 246.465 187.572 232.583 
108.795 10.9905 202.717 51.7139 241.573 197.342 29.7959 62.3024 203.386 
127.477 81.1986 200.885 187.504 67.4666 136.872 35.736 81.4314 112.1 
4.93731 87.6526 199.663 121.281 101.106 97.3355 34.4147 58.5566 192.567 
161.502 84.6999 118.569 64.8102 52.4439 54.4569 187.7 93.3855 129.555 
164.437 106.224 81.8608 142.626 98.5193 49.5041 145.647 119.714 47.7211 
92.8105 139.898 173.847 114.052 146.963 161.462 90.6168 153.585 141.383 
128.625 186.528 235.902 116.11 240.398 230.587 135.912 217.797 239.465 
81.7936 99.3909 31.3187 36.814 192.322 77.858 187.838 95.5142 105.806 
169.149 11.8437 84.4679 208.528 169.251 55.0842 157.858 232.826 62.2674 
152.031 115.034 156.637 99.8603 187.427 74.3067 179.672 66.0845 171.765 
128.163 95.3695 65.3254 17.2649 96.2588 92.4651 205.235 165.177 174.396 
139.861 217.737 237.904 116.472 246.649 2.14555 40.2815 116.452 236.385 
132.801 25.4827 227.362 26.8369 52.6466 7.77361 155.749 105.177 33.7003 
72.0548 182.526 27.3015 17.4459 164.556 253.435 172.771 151.574 46.0931 
220.397 249.573 64.9048 198.441 25.4411 72.5036 135.265 210.97 71.1438 
153.788 28.5884 122.023 91.7404 40.2514 219.64 238.724 148.379 161.555 
81.0492 213.176 245.669 38.6626 176.475 155.203 237.859 34.5651 29.1785 
11.9474 44.0824 71.6772 84.0726 253.005 47.1048 232.89 85.792 167.674 
221.878 204.191 152.189 138.457 107.438 131.179 84.5007 230.226 64.5085 
165.661 124.522 181.786 204.958 19.5587 236.577 250.773 231.965 62.8129 
125.359 167.452 108.821 23.8909 198.673 79.5128 209.484 44.0198 48.4414 
47.262 112.239 174.846 243.745 163.878 114.358 162.825 122.917 15.2029 
111.174 79.4999 125.892 53.0385 233.981 221.657 17.462 8.02547 100.186 
11.2572 4.27017 207.426 196.406 124.137 69.4598 23.4055 12.8639 98.8872 
105.48 99.0497 116.527 83.8839 71.2281 200.273 159.56 31.0586 115.641 
142.519 88.0841 127.538 160.302 153.548 144.153 153.438 78.7495 128.968 
127.05 127.056 122.9 134.887 125.312 120.402 134.371 123.844 124.168 
128.059 123.949 119.85 127.201 127.892 125.708 126.127 127.444 118.868 
121.199 125.983 131.51 121.081 125.947 131.644 120.987 126.082 131.363 
117.415 126.59 136.274 116.235 125.73 134.714 115.811 126.198 133.927 
106.224 133.112 143.505 107.963 131.683 143.43 106.709 132.994 144.426 
104.987 116.313 130.877 104.006 127.796 126.132 127.581 125.034 122.426 
58.0433 118.079 87.196 53.7923 181.143 91.4183 123.67 123.061 178.537 
25.7467 96.6942 44.9561 111.625 142.712 84.3554 111.295 252.233 123.707 
3.69307 45.9134 126.039 103.553 25.7865 244.736 250.991 200.877 82.2253 
41.8031 24.0435 188.006 134.508 125.934 96.3208 205.805 254.082 57.0484 
95.607 204.978 229.099 79.0794 72.874 235.962 83.9846 81.4848 162.637 
45.2634 234.562 106.024 57.3921 254.091 134.596 168.673 249.546 5.40825 
247.657 238.596 250.02 253.571 249.486 247.629 1.87003 21.3848 16.9761 
40.681 163.824 65.1638 112.795 200.411 106.436 60.9579 240.121 92.2033 
81.0155 196.998 30.2959 143.447 27.6449 238.917 8.02302 9.0342 55.9494 
125.94 104.596 170.859 78.9864 148.531 227.356 141.846 13.2033 106.244 
237.734 235.553 4.38987 71.2489 115.188 2.82352 19.0373 67.2144 80.4511 
99.3478 49.5911 233.895 214.646 248.479 109.554 46.9751 34.3111 201.051 
177.027 13.0771 197.211 135.49 239.701 232.861 134.119 69.3666 117.862 
246.576 13.7685 100.977 13.4801 185.069 155.505 55.6765 196.3 237.803 
176.318 121.544 164.47 136.114 98.8126 81.7336 152.721 164.027 146.252 
141.911 146.66 143.699 132.6 151.967 143.359 126.407 150.718 119.046 
132.15 129.29 128.524 132.4 130.116 129.518 133.095 131.63 131.246 
130.178 126.591 125.021 132.983 127.71 125.142 131.635 128.199 127.842 
128.838 125.339 123.231 131.09 125.769 123.129 130.507 126.274 124.941 
126.814 124.514 123.218 128.437 124.815 122.981 128.051 125.137 124.188 
122.594 124.091 125.183 122.22 123.795 125.171 122.096 123.864 124.961 
120.052 123.129 125.583 119.138 122.65 125.662 118.998 122.485 125.027 
118.715 118.925 118.844 118.727 119.026 119.128 119.482 120.493 120.282 
118.831 117.172 115.092 119.432 117.903 115.676 120.544 119.96 118.062 
119.585 116.272 112.738 119.708 116.537 113.174 120.255 118.383 115.55 
181.353 115.728 67.1592 160.647 252.607 140.697 38.4466 103.512 204.596 
202.13 134.949 245.947 98.0904 28.1419 90.9695 169.797 12.6865 10.2748 
211.513 242.827 182.145 224.47 104.291 31.0635 102.202 239.457 132.391 
115.018 122.554 177.175 148.467 247.963 134.998 70.2196 104.412 217.897 
244.978 253.381 247.282 243.911 254.34 253.103 16.5602 11.4329 2.28487 
255.788 255.781 255.725 255.772 255.733 255.749 2.40991 2.35277e-05 0.000165221 
240.565 243.718 241.618 242.804 234.531 250.479 7.60992 15.7972 2.58231 
134.105 183.431 72.561 169.572 116.685 149.667 228.572 26.4495 104.065 
229.7 123.759 59.7684 252.884 35.5642 141.619 96.3585 246.685 167.689 
225.05 50.4393 238.658 156.895 20.6727 16.7048 58.4616 74.3181 155.392 
147.986 26.2935 18.3018 251.37 125.976 120.696 114.605 97.0831 152.655 
192.047 183.915 116.049 123.931 187.572 146.299 147.216 113.492 122.276 
140.634 137.798 132.907 138.549 138.92 136.411 138.297 138.509 133.887 
138.145 133.606 131.769 138.65 136.346 133.598 137.882 136.139 133.797 
136.898 133.033 131.408 137.438 135.675 133.051 136.546 135.432 133.902 
134.095 131.307 129.835 134.716 133.362 131.15 133.659 132.853 131.414 
131.938 129.256 127.963 133.042 130.778 128.456 130.668 130.32 129.59 
128.619 126.018 125.003 130.109 126.541 124.618 129.137 126.665 125.951 
125.747 124.696 123.495 125.81 124.655 123.176 125.563 124.581 123.871 
123.551 123.192 122.69 123.235 122.812 122.384 122.895 122.656 122.111 
120.649 121.036 121.401 119.983 120.499 121.095 119.811 120.345 120.708 
118.308 118.01 117.918 118.35 118.139 118.24 118.561 118.445 118.358 
117.866 116.197 114.462 118.308 116.618 114.925 118.937 117.849 116.178 
118.393 113.807 110.91 118.422 114.838 111.617 118.363 115.425 112.916 
18.3193 217.187 155.236 23.8799 35.4927 35.8013 153.642 159.454 128.288 
68.8201 156.998 220.796 105.514 236.62 14.8008 188.871 226.794 240.242 
168.551 116.289 160.446 53.0297 210.785 13.6796 148.963 0.62467 223.194 
253.525 78.5514 73.9635 74.219 136.044 239.251 37.064 71.7679 170.608 
255.927 255.926 255.919 255.927 255.925 255.924 2.40971 0.000825834 0.000255508 
255.92 255.932 255.913 255.925 255.932 255.931 1.00626e-08 1.44417e-08 1.01937e-08 
255.718 255.719 255.6 255.659 255.646 255.663 0.000806035 0.00143247 0.00175348 
94.3835 91.002 30.3929 156.654 120.746 176.619 36.8104 108.016 158.363 
125.393 168.55 164.083 96.7327 249.357 228.126 110.389 249.767 148.693 
90.3704 142.659 80.9487 250.187 142.121 12.9158 205.838 141.557 202.179 
150.028 145.181 142.504 147.684 146.259 138.452 138.17 143.289 142.836 
143.724 141.292 139.314 144.059 141.673 139.251 143.227 140.819 139.275 
140.545 139.665 138.534 142.239 141.715 138.952 141.926 140.76 137.515 
139.11 136.718 135.012 139.064 137.926 135.696 138.448 137.811 135.692 
136.814 134.959 133.564 136.335 135.651 133.918 135.634 134.536 133.026 
134.715 133.148 132.176 134.475 133.231 131.878 132.772 131.973 131.238 
131.892 130.915 130.218 131.978 130.838 129.815 130.405 129.811 129.457 
128.738 128.317 127.302 128.04 127.653 126.438 127.325 126.681 126.3 
126.482 125.766 124.75 126.074 125.328 123.739 125.374 124.51 123.88 
123.487 123.048 120.465 122.724 121.625 121.336 121.899 121.093 120.218 
120.795 120.021 119.098 120.061 119.024 118.306 119.222 118.092 117.522 
117.597 116.878 116.034 117.339 116.304 115.915 117.106 115.968 115.385 
115.187 114.179 112.899 115.708 114.19 113.108 115.905 113.281 112.402 
115.894 112.902 110.526 116.456 113.713 111.599 116.447 113.999 111.819 
5.16236 115.549 25.2189 216.719 163.222 1.58621 128.554 224.812 56.6498 
158.383 75.2591 118.598 193.559 4.06853 12.202 10.6809 60.5668 217.13 
79.1455 229.298 85.9958 144.075 24.4772 122.013 63.3307 27.8696 138.099 
80.0983 133.877 117.693 231.027 86.2729 187.901 63.2626 2.10709 118.99 
217.227 214.894 212.573 217.685 215.274 213.753 0.00227542 0.00326215 0.00317964 
255.709 255.759 255.77 255.67 255.731 255.789 2.84681e-08 1.70098e-08 2.77543e-08 
254.451 254.86 254.525 254.383 254.601 254.423 0.00531812 0.0214701 0.0289148 
201.634 46.2759 78.3268 122.1 195.343 85.4959 38.5972 148.6 197.2 
20.9051 146.761 207.146 159.932 66.3528 198.37 25.0761 91.656 162.171 
147.048 142.568 140.166 143.369 151.122 148.703 148.27 142.5 151.681 
146.778 147.461 143.419 146.492 147.27 144.638 144.012 146.107 143.674 
142.91 142.177 141.793 143.801 143.705 141.626 143.453 142.513 140.002 
140.963 141.269 140.645 141.882 142.573 140.423 141.677 141.782 138.441 
140.085 140.775 140.526 140.469 141.936 140.017 140.412 140.917 137.552 
139.068 139.639 138.823 137.427 138.517 137.561 137.175 137.89 135.997 
134.835 134.714 135.616 133.98 134.717 135.314 134.478 134.319 133.491 
131.65 132.17 132.024 130.565 131.104 131.273 130.276 130.43 130.345 
129.037 129.62 129.039 127.914 128.383 128.138 127.459 127.509 127.095 
124.869 125.282 122.696 123.914 123.411 123.66 123.114 122.616 122.007 
122.36 122.444 119.949 121.314 120.394 120.928 120.162 119.546 118.914 
120.031 120.019 117.429 119.08 117.963 118.334 118.225 117.283 116.512 
113.631 113.95 112.63 113.706 112.774 111.538 113.365 112.602 111.667 
114.191 113.057 111.663 114.275 112.559 111.469 114.24 111.283 110.556 
113.736 111.461 109.698 114.139 111.568 109.843 114.488 110.822 109.352 
90.4019 15.0533 90.0966 23.9211 4.92715 11.4803 194.615 181.125 241.882 
64.7567 70.459 60.5553 123.059 132.536 211.964 125.474 185.363 156.305 
13.5648 21.0561 235.697 30.8897 11.8464 175.436 30.5062 236.643 119.821 
182.646 185.768 186.728 186.887 169.029 163.092 30.6426 7.76631 7.52857 
179.638 175.804 173.963 178.168 174.876 174.341 1.34988 2.86949 3.44601 
197.212 197.804 199.76 196.592 194.932 199.405 0.776522 0.50603 0.456054 
156.24 179 157.848 154.575 213.117 214.2 52.2408 61.6577 39.8023 
149.086 48.721 83.7895 7.59761 157.017 129.386 151.397 79.4727 40.0227 
153.655 139.837 134.18 157.408 148.211 127.85 151.12 133.828 157.423 
150.577 150.76 147.023 149.656 150.696 148.17 147.859 149.437 147.255 
150.154 150.708 146.982 148.492 149.584 147.5 145.639 147.493 145.777 
148.813 148.517 145.594 147.772 147.589 145.423 145.305 145.589 143.63 
142.938 143.123 143.163 143.705 144.306 142.604 143.24 142.836 140.419 
142.173 143.316 142.841 140.833 142.283 141.582 140.398 141.151 139.496 
137.057 137.13 138.332 136.078 137.287 138.107 136.494 136.83 136.375 
134.304 134.494 135.989 133.814 135.052 135.948 134.626 135.098 134.642 
133.007 133.278 134.361 132.336 133.667 134.674 133.19 133.763 133.458 
129.593 129.701 129.659 128.477 128.655 129.866 128.342 128.885 130.095 
123.005 124.971 127.114 123.892 124.411 127.106 123.677 124.383 125.638 
120.219 121.144 119.605 119.458 119.098 120.643 118.563 118.541 118.608 
113.184 114.31 114.087 113.175 112.97 112.636 112.383 113.105 112.854 
110.776 111.125 110.124 111.01 109.687 108.452 110.803 110.254 108.846 
111.063 111.167 109.765 111.597 110.404 108.943 111.504 110.646 109.223 
108.796 108.094 105.843 108.683 107.541 105.982 108.77 106.983 106.723 
21.9483 215.295 200.083 128.019 52.3626 217.498 124.938 219.604 223.916 
123.859 81.758 248.275 163.284 93.4004 224.939 239.087 225.862 53.3974 
196.414 177.109 76.8698 112.991 214.258 36.5128 68.369 214.746 213.419 
202.954 100.914 159.342 137.945 98.3586 162.426 72.8283 57.6497 74.872 
176.877 160.569 163.562 166.64 171.153 168.06 6.59151 12.7604 3.10506 
172.876 182.298 183.05 154.993 158.115 167.239 30.9774 13.902 38.8854 
71.3538 229.832 238.02 220.366 96.2733 19.9725 157.469 123.917 123.993 
154.921 178.956 164.251 164.218 172.536 143.892 165.534 145.287 150.238 
156.031 157.049 158.872 154.899 155.346 156.47 156.705 154.94 155.693 
154.469 155.514 155.943 152.684 153.409 154.278 152.7 152.38 153.221 
154.445 154.788 153.515 151.561 152.038 151.936 149.759 150.47 150.494 
153.007 152.85 151.58 151.936 151.072 150.002 150.253 149.108 148.221 
148.983 149.228 148.781 149.082 148.221 147.916 148.392 147.34 147.27 
144.68 143.901 144.921 146.079 144.906 145.854 146.234 145.008 145.98 
141.749 141.325 143.121 139.569 139.325 142.679 141.282 140.329 143.28 
134.766 135.377 136.769 134.036 135.595 137.283 134.763 135.825 136.116 
131.022 131.041 131.112 130.208 130.534 132.202 130.1 131.183 133.202 
124.711 126.074 128.22 126.037 126.131 129.592 126.528 126.982 129.119 
122.859 124.576 127.028 124.024 124.252 127.675 124.025 124.86 126.714 
118.131 120.251 123.097 119.118 119.897 122.981 119.073 119.989 121.525 
110.389 110.684 110.677 110.149 109.421 109.238 110.08 109.661 109.076 
110.143 110.538 109.623 110.239 109.062 107.893 110.009 109.531 108.242 
108.933 108.983 107.575 108.788 107.609 106.484 108.657 107.386 107.008 
106.939 106.737 104.598 106.631 105.907 104.672 106.58 105.235 105.298 
87.9697 157.665 253.021 106.404 240.652 238.454 87.484 162.755 25.1036 
186.919 188.486 122.633 28.8788 225.854 250.443 221.425 235.644 62.152 
169.9 220.461 122.188 180.089 236.62 230.129 164.618 141.309 62.8505 
196.374 35.7086 91.0314 164.016 98.728 38.5907 228.991 137.275 97.434 
188.119 120.621 93.0755 183.144 130.892 174.255 59.507 73.9647 80.4658 
178.428 149.714 89.7514 83.4797 63.058 75.4287 17.1213 229.358 199.488 
100.056 192.758 125.812 14.4642 60.35 138.87 31.4922 96.3269 251.765 
163.14 171.243 165.066 166.621 170.667 173.99 167.161 163.802 165.607 
160.935 163.175 165.243 159.252 161.345 163.858 159.475 160.549 162.499 
158.978 160.549 161.561 156.374 158.255 160.349 155.738 157.041 159.229 
158.314 158.274 158.033 155.304 155.483 156.127 153.848 154.046 154.816 
159.601 156.522 155.983 156.677 155.918 155.652 154.376 155.866 156.864 
155.221 152.631 150.544 156.409 154.035 152.949 153.932 154.249 153.83 
145.362 143.96 145.812 146.436 144.719 147.007 147.818 145.903 147.928 
142.851 141.778 144.008 143.4 142.097 145.056 144.877 143.617 146.104 
137.746 138.322 140.542 135.492 135.961 140.386 137.642 137.747 141.403 
127.715 129.734 131.287 128.196 129.666 132.753 129.169 130.538 133.198 
124.612 124.826 126.433 125.251 125.381 128.53 126.79 126.855 129.57 
114.58 117.394 120.162 115.683 118.132 120.276 116.578 117.621 118.757 
110.283 111.892 113.767 110.55 112.155 113.778 111.173 111.846 112.947 
106.58 107.427 108.927 106.964 108.065 109.421 108.308 108.535 109.402 
108.341 108.528 108.311 108.266 107.536 107.183 108.285 107.797 107.156 
105.482 104.593 104.281 104.979 103.972 104.318 103.828 102.886 104.202 
104.468 104.57 103.063 104.144 103.397 102.73 103.971 102.322 103.248 
70.287 227.789 74.4614 55.7151 106.558 69.7513 84.1501 65.7122 89.8468 
74.5265 187.087 227.317 52.3973 6.43169 237.854 79.3987 73.1612 172.561 
94.71 63.2416 81.0145 26.8397 238.117 241.285 220.784 11.7506 86.1857 
145.994 158.613 91.9494 61.4595 44.4948 170.135 222.504 126.901 60.4343 
176.183 250.551 185.651 121.541 117.071 12.7601 21.7903 11.2237 189.931 
166.334 168.566 117.014 57.6913 122.105 64.001 137.593 82.6705 190.948 
181.386 169.049 177.151 159.024 168.952 180.459 159.58 166.431 162.763 
174.994 174.202 175.919 172.484 173.496 175.652 171.423 172.573 174.707 
169.848 170.681 172.877 167.757 169.596 172.414 167.588 168.763 171.135 
164.41 165.747 166.926 162.101 164.063 165.981 161.075 162.275 164.304 
162.995 160.835 160.368 159.044 159.08 159.504 157.64 158.599 159.889 
161.101 157.613 154.876 160.094 158.419 156.903 156.368 158.284 158.182 
160.233 157.555 154.493 159.954 158.761 156.544 156.492 158.466 157.703 
156.049 154.079 151.236 157.699 156.689 154.713 155.703 157.33 155.869 
145.263 145.016 147.768 143.009 143.544 147.924 145.331 145.134 148.732 
135.446 138.863 141.129 135.055 138.496 141.625 135.224 138.845 141.521 
128.17 130.195 131.903 127.986 130.746 132.803 128.855 131.183 132.883 
115.544 118.344 120.924 116.446 119.279 121.232 117.439 118.737 119.877 
112.979 115.603 118.131 113.856 116.526 118.169 114.713 115.953 116.87 
110.844 113.281 115.786 111.504 113.995 115.767 112.185 113.44 114.527 
103.851 104.683 106.017 104.374 105.557 106.689 105.525 106.174 106.873 
102.181 102.722 103.723 102.362 103.1 104.063 103.128 103.648 104.191 
101.163 101.262 101.596 101.262 100.578 100.875 100.917 99.8753 100.112 
101.221 100.787 100.47 101.039 99.5511 99.2855 100.464 98.7289 98.2993 
113.369 112.956 45.0619 149.052 143.246 172.165 41.1729 76.1814 196.35 
31.3775 186.358 31.4606 199.506 210.578 142.465 134.835 104.032 119.364 
145.369 17.7092 134.575 125.167 238.457 230.135 130.249 58.7955 237.44 
18.2226 25.3677 67.9849 107.461 117.674 233.265 62.1112 198.346 153.779 
196.995 117.359 167.09 190.496 200.992 142.877 174.347 192.2 140.635 
181.463 182.811 182.706 178.783 181.717 185.84 176.266 180.234 183.707 
179.634 180.174 181.344 177.625 179.146 180.958 174.7 177.119 180.558 
177.999 179.307 181.073 175.578 176.09 178.722 175.589 175.212 174.935 
172.299 176.13 178.917 172.877 174.483 175.367 172.42 172.791 173.452 
167.625 169.622 170.118 164.88 165.741 167.191 165.961 164.363 165.074 
165.783 165.992 165.606 162.063 162.084 163.126 163.202 160.896 161.191 
161.202 160.127 158.909 159.443 159.892 158.362 158.361 159.116 158.828 
158.367 157.097 153.326 160.066 159.665 156.637 158.105 159.52 157.302 
154.1 155.658 153.226 156.526 158.812 156.159 158.18 159.071 156.486 
150.495 151.866 151.472 152.129 154.752 154.231 153.542 156.058 155.009 
139.972 142.116 144.677 139.755 143.175 146.236 141.058 144.06 146.604 
130.126 131.78 133.815 130.88 133.471 136.218 131.859 135.562 137.369 
118.303 119.906 121.678 118.737 121.106 122.926 120.113 122.197 123.701 
110.697 113.914 117.053 111.369 114.815 117.222 111.931 114.135 115.805 
101.019 101.732 105.867 99.8729 102.711 105.582 98.4477 102.766 106.28 
101.233 101.615 103.231 100.767 101.905 103.725 100.319 102.43 104.306 
98.1757 99.1821 100.237 98.2084 99.0514 99.8358 97.8138 98.8563 99.6009 
96.7728 97.2472 97.2897 95.9266 95.9371 95.5077 95.1678 95.3038 95.5695 
98.8095 98.3766 98.0225 98.7369 97.4018 97.0241 98.3474 96.5794 96.1433 
246.377 239.336 158.274 62.6909 86.7328 51.9249 52.2052 170.776 120.758 
28.445 60.6976 115.01 88.5038 46.1115 251.121 32.6431 155.93 21.7174 
43.6854 36.8838 29.0829 136.944 202.105 148.499 48.918 146.104 203.97 
181.767 183.435 184.736 187.074 193.437 194.995 185.17 194.116 198.866 
186.031 186.793 188.9 185.878 188.961 191.568 186.568 190.246 192.738 
184.523 185.916 187.132 183.44 185.987 188.291 182.726 185.573 188.371 
183.373 184.712 186.188 181.49 181.587 184.072 181.033 180.274 180.398 
179.111 182.425 184.164 178.399 178.798 180.304 178.609 177.298 175.43 
176.231 181.011 183.513 176.666 177.599 178.911 177.86 176.72 174.368 
171.183 175.975 177.804 173.527 175.171 174.626 174.175 174.528 173.714 
168.777 169.393 169.379 169.003 169.002 168.895 169.878 170.028 168.059 
161.368 161.79 161.973 163.416 164.152 163.373 163.987 163.311 162.997 
157.718 160.27 158.278 160.686 162.618 159.937 162.093 160.874 159.12 
154.158 155.146 154.226 157.363 159.137 157.23 158.824 160.069 158.187 
150.028 151.565 153.111 149.379 152.05 154.89 150.966 153.609 156.234 
140.439 143.648 144.257 142.384 144.041 146.669 143.921 145.432 147.949 
132.108 133.113 135.161 133.789 135.681 138.582 135.559 138.84 140.438 
108.709 113.632 118.871 109.63 115.101 120.461 109.965 116.047 120.624 
98.1292 104.256 112.971 98.0665 105.946 112.691 97.7896 105.602 112.186 
98.5646 101.83 107.644 97.3356 102.431 107.587 95.842 102.353 107.585 
94.5847 95.8208 98.6969 94.3428 96.1887 97.7555 93.7242 95.9074 98.0433 
95.2007 96.1981 96.7636 94.3877 94.7423 94.7269 93.5366 94.1129 94.8268 
94.9756 95.4984 95.5202 94.2114 94.144 93.6327 93.4735 93.4715 93.7258 
95.2386 95.1146 94.419 94.4691 93.8384 92.6982 93.855 93.2445 92.8811 
129.493 113.877 187.462 22.6455 177.69 153.654 212.231 34.8744 67.9404 
180.483 227.251 23.8397 82.6587 113.621 62.8455 181.809 186.735 131.876 
185.237 184.518 182.813 198.297 194.552 195.006 191.013 198.837 195.972 
191.83 192.799 193.347 194.512 195.228 196.07 192.078 196.359 198.905 
190.341 191.383 192.4 191.121 192.489 194.517 190.108 193.633 196.347 
188.721 189.453 191.387 188.147 188.578 190.865 187.193 187.592 190.193 
188.235 188.39 190.046 187.873 186.162 188.076 186.77 183.827 186.021 
183.229 184.906 186.732 182.382 181.619 183.877 183.24 180.329 179.188 
176.101 179.725 181.825 178.86 179.789 180.118 180.151 179.851 179.21 
173.233 174.338 174.839 175.364 175.98 175.653 176.387 177.973 176.402 
170.594 170.999 171.73 172.68 173.169 173.103 173.59 175.193 173.895 
166.877 167.252 168.387 169.365 169.784 169.898 170.196 171.853 170.509 
159.441 160.617 161.909 163.184 164.061 163.917 164.74 164.692 164.788 
154.309 156.498 159.194 157.684 158.948 160.091 160.241 161.136 161.679 
145.84 149.051 150.179 148.882 149.845 151.095 150.968 151.184 152.707 
140.003 142.882 142.825 142.503 143.398 144.832 144.688 144.591 146.276 
134.5 137.392 137.449 137.308 138.007 140.029 139.021 139.465 141.781 
117.536 120.521 124.804 119.318 122.968 126.2 120.529 123.509 126.286 
99.0847 105.592 111.943 99.856 106.468 112.794 99.8827 106.547 112.117 
92.006 93.6123 99.3558 91.468 95.3448 98.3573 91.3267 95.4275 99.3755 
90.8984 91.6735 92.5709 90.8481 91.7366 92.27 90.9793 91.8589 92.6909 
91.8144 92.6503 93.2274 91.8295 92.1317 92.4183 91.3676 91.6516 92.1413 
92.8465 93.0553 92.7667 92.2042 91.8581 91.0026 91.449 91.1891 91.1902 
89.4063 88.0279 86.2914 89.263 88.1886 86.507 89.5038 87.5199 86.2714 
187.699 122.051 79.6287 229.694 45.5124 237.789 104.489 220.867 119.892 
141.913 31.1697 110.383 157.278 233.96 28.9086 227.214 141.838 53.8494 
198.879 201.985 202.594 201.28 200.276 203.742 198.53 201.16 200.289 
198.527 200.227 200.606 199.277 200.731 201.438 196.419 199.72 202.173 
195.533 197.221 199.22 195.031 197.139 199.339 194.241 196.539 198.962 
194.165 196.546 199.06 193.224 195.141 197.322 193.172 194.157 196.038 
195.485 197.632 197.744 193.638 195.513 196.975 195.7 196.247 196.846 
186.565 188.165 190.351 187.699 188.251 189.382 190.424 188.974 188.293 
180.346 181.764 183.617 182.762 183.198 184.032 185.908 185.912 185.086 
177.978 178.151 178.416 179.945 181.25 179.78 182.064 183.065 180.987 
172.087 171.695 172.408 174.402 174.593 174.602 176.078 177.657 176.253 
166.853 166.866 168.054 169.134 169.555 170.402 171.452 172.003 172.189 
162.211 162.812 163.21 164.852 165.141 165.004 166.411 167.108 167.164 
156.269 156.756 158.587 159.14 159.31 159.61 161.212 161.748 161.487 
146.097 146.394 147.611 148.914 149.169 149.274 151.824 152.211 151.421 
138.968 140.778 140.461 141.827 141.729 142.277 144.141 143.635 144.625 
128.123 128.74 129.422 129.992 131.258 131.942 131.984 133.338 133.986 
114.079 116.494 119.872 115.638 118.897 121.526 116.992 119.576 121.625 
101.49 105.356 108.273 106.674 108.121 111.904 108.821 111.351 114.855 
88.4705 91.5005 94.0705 89.1062 91.9476 94.6383 89.9283 92.7532 95.0387 
86.5465 87.4207 87.9668 86.161 87.5077 88.081 86.068 88.059 88.6486 
87.4628 88.1793 88.41 87.6449 87.858 88.0271 87.0688 87.4188 87.631 
86.2487 85.6029 84.7081 86.3317 85.6436 84.7568 86.337 84.9686 84.151 
85.5944 84.5236 83.0772 85.7222 84.7925 83.3736 85.9477 84.2757 83.0014 
117.791 59.2857 11.2302 91.6212 90.8137 116.141 225.375 127.54 116.541 
177.026 167.388 182.402 136.071 201.243 228.584 181.092 226.547 199.396 
217.284 217.736 217.032 215.456 216.714 214.679 210.189 211.258 211.921 
208.761 210.777 211.392 207.035 209.111 209.958 204.145 206.079 208.211 
204.29 207.181 209.444 202.76 206.284 208.967 202.706 204.439 207.146 
201.118 203.778 204.36 198.845 201.833 204.385 200.747 203.226 204.378 
200.882 203.128 202.352 198.934 201.498 202.996 201.547 203.822 204.486 
196.383 198.031 198.173 195.212 197.278 198.433 198.737 200.269 199.717 
186.153 186.292 186.905 188.073 189.442 187.814 191.494 192.357 189.373 
182.758 182.663 181.87 189.541 189.764 183.088 187.853 188.496 185.147 
177.688 175.96 174.948 179.524 179.942 177.025 182.092 181.565 178.937 
170.019 168.894 167.376 172.136 170.746 169.59 173.303 172.399 172.78 
168.636 166.706 164.688 167.366 165.968 165.592 169.137 168.593 168.533 
160.471 159.466 158.521 162.537 161.202 160.204 163.48 163.416 162.881 
147.302 145.894 146.152 149.427 147.991 147.913 151.857 151.391 150.48 
133.286 132.74 132.53 135.514 135.03 135.204 138.255 138.685 138.296 
125.05 124.378 124.416 125.645 126.496 126.958 129.48 129.975 127.537 
110.22 112.392 113.199 115.238 115.128 117.298 117.766 119.048 121.034 
102.019 104.945 106.557 107.122 107.629 110.562 109.755 111.459 113.871 
91.9322 94.3988 95.4709 95.9275 96.2059 98.6352 97.7629 99.7681 102.02 
84.9731 85.4902 86.2159 84.5014 85.8337 86.5391 84.4113 86.4763 87.051 
83.2129 83.7259 84.0808 82.8144 83.6211 84.0112 82.3328 83.807 84.1048 
81.443 80.8206 80.2045 81.6064 80.8609 79.7999 81.0138 80.4272 79.5327 
81.0082 80.396 79.4775 80.9109 80.3443 79.5749 81.2024 79.911 79.0528 
189.602 129.2 104.572 219.473 166.712 152.099 242.702 102.584 115.73 
227.097 225.428 223.412 224.637 224.56 220.554 220.343 218.837 217.849 
223.324 223.354 222.859 221.713 222.287 220.412 217.134 216.217 216.16 
218.199 219.373 220.331 217.526 219.907 219.509 214.321 214.482 215.406 
211.621 214.946 218.254 210.388 214.166 218.643 212.681 214.001 216.844 
211.439 214.65 215.376 210.502 215.081 213.904 209.688 215.631 217.714 
205.644 207.527 207.305 204.281 206.444 208.631 205.628 208.902 210.22 
201.416 202.913 203.384 202.708 204.905 205.598 205.139 207.902 207.66 
187.796 188.234 188.247 195.513 195.581 189.921 194.005 195.032 192.423 
185.152 184.846 183.846 192.555 192.662 185.403 190.161 190.92 187.386 
182.433 181.272 179.788 189.528 187.978 181.484 186.288 185.982 184.253 
175.99 172.91 170.324 174.226 171.809 170.857 175.809 174.016 173.953 
172.288 169.664 166.544 169.343 167.338 166.891 170.58 169.636 170.021 
168.331 165.078 162.591 165.145 163.221 163.096 166.561 166.046 165.785 
149.211 147.504 147.559 151.126 149.257 149.125 153.736 152.271 151.152 
131.42 129.799 129.623 131.404 131.063 131.266 135.526 134.739 131.618 
124.003 122.917 122.615 124.124 124.785 125.003 127.653 127.635 125.057 
115.163 114.533 115.033 115.384 116.511 117.128 118.715 119.015 116.702 
93.1585 93.9756 95.8655 95.8087 96.3323 98.4988 97.2733 98.6206 98.7584 
85.8361 87.1323 88.6571 86.2815 87.7934 89.4261 87.0987 88.6344 89.726 
81.5604 82.4682 84.1484 81.1272 82.8738 84.4563 81.0025 83.5247 84.9447 
78.0258 77.7664 77.8159 78.1026 78.2471 78.1354 78.2692 78.6808 78.7004 
70.9711 68.5428 66.7858 70.7918 69.2442 67.5081 71.6479 69.2898 67.8394 
71.6307 70.7031 69.7517 71.5462 70.706 69.4023 71.5953 70.7255 69.4299 
237.091 236.962 232.495 236.933 234.013 228.757 233.286 231.4 226.409 
233.798 234.204 232.241 231.134 230.719 227.99 228.928 226.908 225.239 
227.322 228.163 228.403 226.725 227.279 225.938 223.181 222.071 221.92 
222.871 225.917 228.252 221.739 224.134 227.105 222.124 222.595 224.089 
216.551 220.297 222.251 215.606 220.898 220.303 215.436 220.859 222.919 
215.007 217.763 218.409 213.586 218.524 217.015 212.292 219.086 220.946 
212.963 215.577 215.349 212.187 216.503 214.457 211.164 217.245 218.288 
208.972 209.508 210.11 210.335 211.658 212.034 211.884 213.859 213.891 
200.005 199.352 199.711 203.9 204.179 203.153 206.51 207.174 204.939 
189.815 189.035 188.643 196.809 194.845 190.046 195.476 193.523 191.261 
188.435 185.048 183.182 189.291 185.925 183.633 189.509 187.24 186.038 
181.116 178.162 175.286 180.503 177.568 175.902 180.522 178.572 178.347 
175.322 172.641 169.652 172.654 170.71 169.272 174.04 172.772 171.522 
163.189 164.253 164.488 169.351 166.417 161.748 169.515 168.459 160.564 
152.542 150.636 149.969 154.246 152.227 151.049 157.002 155.721 153.319 
133.978 132.278 131.882 135.825 133.991 133.46 137.926 136.539 135.394 
115.929 114.274 113.336 116.007 115.86 115.198 119.274 118.522 115.138 
94.3636 93.6812 94.947 95.0904 95.7421 96.4878 96.0187 96.7311 95.6575 
88.6208 88.1425 89.3783 89.0462 90.1222 90.9861 89.6216 91.0417 89.9414 
84.7076 85.5501 88.3656 85.2866 87.2108 89.5634 86.025 88.0303 88.3124 
75.0581 79.5537 81.9991 74.9041 80.286 82.9833 75.6055 81.026 84.2901 
69.1689 67.5064 67.0985 69.4529 68.8152 68.5232 71.0021 69.6323 69.452 
64.1073 60.0907 57.5731 64.0945 61.4869 58.5183 65.4673 61.8716 59.4819 
59.5357 57.1838 55.5331 59.2835 57.6695 56.1652 60.2946 57.7138 56.372 
249.134 246.115 242.403 248.562 242.857 239.084 241.679 240.12 238.457 
239.582 240.098 239.053 237.846 237.687 234.533 235.46 233.654 232.107 
235.748 239.634 243.101 236.907 237.549 238.817 237.165 236.36 236.479 
228.576 231.529 234.818 228.082 230.362 233.825 228.42 229.933 231.969 
223.116 227.588 231.426 224.695 227.714 232.157 226.93 228.727 231.808 
219.664 223.922 223.392 218.724 222.167 221.817 218.876 224.502 226.556 
217.528 217.278 217.375 217.163 218.27 219.564 217.758 220.265 221.527 
212.405 211.903 212.07 214.99 214.999 214.363 217.491 217.515 216.026 
202.12 200.6 201.284 204.876 201.633 203.476 209.886 204.837 203.828 
199.074 196.591 196.678 200.407 196.292 197.933 204.329 198.709 198.029 
196.883 194.682 194.115 196.941 193.301 194.61 200.036 195.242 194.777 
187.266 186.176 183.812 185.632 183.578 183.179 186.708 185.712 184.246 
168.754 170.398 170.696 174.09 171.387 167.079 174.243 173.1 165.442 
164.003 165.298 165.088 170.389 167.326 161.872 170.767 169.478 160.435 
159.686 160.704 160.755 166.5 163.285 158.074 166.971 165.758 157.022 
132.58 130.009 128.261 134.612 132.043 129.667 136.212 134.992 132.518 
104.444 101.757 100.767 105.776 104.211 101.94 106.839 106.058 104.493 
88.8852 87.9285 86.7875 89.6022 89.3681 88.482 90.6876 90.8267 89.9004 
83.2787 82.9607 84.5925 83.5046 84.6678 85.9524 84.0544 85.4954 85.042 
77.2231 82.0817 82.6347 76.6759 83.2473 83.9707 76.5411 83.0374 85.0419 
28.1839 89.9806 84.8018 28.2619 91.4771 83.0583 28.6805 91.4359 85.2293 
54.3764 59.0255 57.5785 54.6366 59.9487 58.2491 55.2516 61.058 59.9405 
53.2226 49.7995 47.5734 53.0777 50.6216 48.1394 54.1302 50.6028 48.5892 
42.2073 40.8496 40.0825 42.3446 41.1416 39.9951 42.7086 41.4154 40.4307 
252.958 250.447 246.806 252.512 246.816 244.02 246.345 244.457 243.645 
248.034 247.874 246.854 248.176 244.1 243.417 243.722 242.561 242.362 
239.635 244.32 248.427 241.337 242.757 244.517 243.022 242.205 242.603 
234.898 239.833 244.14 237.248 238.842 241.449 239.443 239.439 240.507 
228.248 233.308 233.385 228.897 230.407 234.726 232.193 234.064 237.386 
226.071 231.179 230.077 226.651 226.752 231.044 230.466 231.88 235.329 
223.764 226.481 224.812 224.957 223.56 226.115 228.632 229.515 230.766 
215.979 215.185 214.533 219.401 217.979 216.818 223.256 222.109 220.33 
209.795 207.688 206.554 212.73 209.823 208.353 215.607 213.4 211.002 
201.778 199.719 199.132 202.774 199.228 200.17 206.089 201.615 200.301 
198.84 197.452 195.357 196.839 194.974 194.609 196.906 196.104 194.939 
192.96 192.355 191.324 190.472 189.283 190.213 190.274 190.383 188.758 
184.447 185.433 183.387 181.654 181.523 182.189 183.399 183.093 180.159 
165.973 167.511 167.648 171.496 168.762 164.131 171.505 170.096 161.927 
154.491 151.751 149.326 155.57 152.913 149.894 156.24 154.448 151.471 
124.163 120.993 119.593 125.31 123.272 120.625 125.898 124.967 123.015 
96.5176 94.6871 94.0104 98.1231 96.8769 95.278 99.534 99.0264 97.7222 
79.2472 79.07 79.9303 79.8101 80.1111 80.5558 80.6533 81.112 81.7919 
70.9667 71.383 72.02 71.3997 72.0026 72.7899 71.9859 72.82 73.4084 
51.2453 66.2066 65.5545 51.2084 66.4942 65.3092 51.7668 66.7666 65.5354 
11.8586 87.4604 77.7583 11.8676 88.8741 75.4564 11.9803 89.0847 77.8005 
26.3908 44.0661 40.9076 26.8062 44.3419 40.8132 26.852 44.335 40.8819 
32.8106 29.7054 26.9416 33.8258 30.0392 26.6602 33.762 31.3267 27.1428 
29.3147 29.1034 28.7722 29.4941 29.1894 28.8731 29.76 29.4767 29.1712 
255.152 252.854 249.979 254.845 249.805 248.192 249.633 248.264 248.453 
252.927 253.916 254.034 252.718 250.338 253.339 252.66 250.854 252.58 
242.305 246.484 250.191 243.922 246.314 248.133 246.026 246.264 246.903 
240.919 242.832 245.251 241.754 245.312 247.784 243.409 246.636 247.975 
235.64 235.951 238.492 236.31 239.458 242.212 239.372 239.997 242.689 
229.34 231.408 229.866 230.454 230.424 232.552 233.707 235.056 236.891 
226.031 224.203 223.188 229.631 227.803 226.878 231.903 231.716 230.583 
221.549 219.4 218.193 225.358 222.161 220.551 227.627 225.803 223.868 
213.724 211.471 209.645 216.212 213.213 210.651 217.597 215.435 212.873 
208.581 205.837 202.91 208.537 205.883 202.499 208.42 204.548 201.17 
200.545 198.345 197.291 199.815 197.205 196.262 197.748 196.346 194.551 
194.855 193.982 193.242 192.929 191.395 191.884 191.46 190.93 189.13 
187.223 186.431 185.903 185.48 184.003 183.803 184.01 183.029 180.906 
171.598 170.634 167.991 170.688 168.432 165.589 169.429 166.664 164.567 
154.512 150.125 145.538 154.722 149.489 146.004 153.476 150.334 147.735 
125.098 122.296 120.284 126.251 123.756 121.091 127.321 125.66 123.122 
84.0603 83.3531 83.6203 84.9235 84.5512 84.0576 85.6458 85.7368 85.341 
68.4648 68.8577 69.9831 69.2271 69.3803 70.0164 69.0447 69.6541 70.561 
61.4287 62.3573 63.6681 61.8355 62.649 63.8839 62.4425 63.1411 64.0178 
54.7016 55.1271 55.9303 55.1009 55.4656 56.0491 55.7058 56.1159 56.1646 
42.4239 44.9765 44.6522 42.8498 46.0471 45.0784 42.6145 47.1266 45.9861 
27.1149 25.5705 23.0202 28.1175 25.5358 22.8477 27.901 26.9533 22.9228 
22.1773 19.9561 17.5607 22.992 19.9521 17.4462 22.7694 21.073 17.6204 
14.4447 13.3254 12.1752 15.7988 13.5016 12.2413 17.1375 14.253 12.5133 
255.907 255.922 255.883 255.927 255.747 255.879 255.885 255.81 255.902 
254.589 254.976 255.389 254.772 252.043 255.459 254.895 253.24 255.362 
251.793 252.798 253.466 252.493 250.985 254.29 253.228 252.729 254.601 
244.932 243.992 245.64 246.571 248.05 249.624 249.595 249.858 251.289 
241.61 238.225 239.318 242.396 242.514 243.801 244.657 244.273 245.832 
236.544 232.955 232.869 239.921 236.416 235.412 242.023 239.75 239.78 
230.205 227.05 225.968 233.603 229.89 228.325 235.171 233.015 231.384 
225.671 223 220.732 227.598 223.725 221.012 228.253 224.86 222.504 
220.336 218.072 215.151 220.909 217.286 212.5 220.091 214.602 212.32 
212.199 210.484 207.604 211.623 209.448 205.647 211.464 206.222 202.715 
206.203 204.628 201.902 205.147 203.472 200.326 203.614 199.463 197.062 
194.924 193.715 192.361 193.971 191.897 190.256 190.703 189.872 187.612 
184.713 183.97 181.608 183.586 181.662 178.301 180.96 179.129 176.781 
166.297 162.73 158.207 165.488 160.64 156.559 163.118 159.483 156.984 
152.15 147.703 143.061 152.335 146.798 143.08 151.073 147.862 144.978 
128.934 125.258 121.425 129.477 124.815 121.974 128.92 126.352 123.869 
73.4823 73.2047 73.6905 73.9452 73.5856 73.5536 73.5011 73.4636 73.7162 
66.1034 66.5513 67.9622 65.8946 66.4061 66.6822 66.5287 66.9476 67.8066 
60.679 60.7493 61.5838 61.2673 61.2488 61.6477 60.8842 61.2969 61.8742 
47.135 45.619 45.9945 47.6217 46.7544 46.4684 47.3902 47.8521 47.4698 
42.0048 40.5761 40.9556 42.5107 41.5677 41.3242 42.405 42.7352 42.3042 
31.9162 30.8541 31.5914 32.0821 31.8047 31.9707 31.9412 32.6793 32.8775 
9.4421 8.75703 8.24011 10.4612 8.92785 8.27908 11.5631 9.48241 8.50038 
0.950994 0.902122 0.88759 1.0564 0.889093 0.892878 1.06199 0.984923 0.916898 
255.904 255.933 255.928 255.933 255.933 255.924 255.867 255.918 255.918 
255.845 255.887 255.836 255.83 255.788 255.858 255.856 255.862 255.916 
251.956 252.154 251.4 253.141 254.048 253.651 253.716 254.969 254.928 
249.211 247.493 245.123 251.681 250.124 249.572 252.606 252.005 253.016 
243.956 240.224 238.78 247.978 243.446 241.937 249.449 246.773 247.404 
238.346 234.832 233.358 243.386 237.534 234.995 244.862 242.379 241.015 
233.398 230.434 228.673 237.847 231.865 228.553 238.593 234.983 232.16 
227.077 224.682 222.186 228.367 223.955 219.827 227.56 222.599 220.22 
221.431 220.416 217.505 221.42 217.875 212.776 219.641 214.067 211.872 
216.67 216.058 213.087 216.171 213.958 208.521 214.866 208.677 206.77 
206.212 207.352 206.133 204.792 203.795 201.903 202.773 199.941 199.085 
195.063 195.722 191.645 194.652 194.02 188.422 190.405 189.321 186.016 
185.769 185.777 180.251 184.892 183.809 176.414 181.048 179.246 174.489 
177.253 173.995 170.269 174.886 171.23 165.166 172.408 167.538 163.218 
155.986 151.41 146.572 155.229 149.485 145.022 153.513 149.005 145.948 
96.184 94.6376 93.4981 96.6671 94.6822 93.3425 96.5272 94.6872 92.8077 
71.0514 71.0236 71.6634 70.8263 70.7197 70.4699 71.7543 71.4068 71.2839 
65.9181 66.2127 67.4622 65.7019 66.0833 66.2605 66.3503 66.5954 67.3277 
58.8538 59.2088 60.2127 58.6357 59.1977 59.2862 59.5956 60.0046 60.508 
45.3481 45.3729 45.5968 45.7082 45.8595 46.0791 45.9727 46.4383 46.4411 
38.902 37.8873 38.789 39.1336 38.9228 39.1926 38.8789 39.8616 40.1695 
16.6853 17.9783 19.8327 16.589 18.2066 19.7139 17.1047 18.1493 19.8591 
1.56657 1.64827 1.79882 1.67516 1.71147 1.83761 1.73891 1.74839 1.86046 
0.489967 0.439151 0.488609 0.576449 0.489478 0.46424 0.632005 0.510506 0.478121 
