439553
208.459 167.236 225.356 223.679 80.4677 37.9096 36.5113 180.832 101.651 
193.245 150.941 179.922 99.1199 61.8507 69.2649 98.6797 90.5969 203.586 
136.14 145.895 142.163 131.673 130.048 122.342 143.752 133.986 128.41 
148.132 147.948 144.902 151.734 145.491 144.503 146.272 145.675 137.019 
155.723 152.128 148.55 155.882 151.363 148.103 153.88 150.165 148.317 
157.995 156.17 153.627 157.894 154.977 151.572 155.665 152.605 150.299 
164.056 162.295 160.813 162.015 159.524 157.508 159.113 157.779 156.27 
166.961 165.475 163.734 164.424 162.29 160.589 161.13 160.536 159.172 
171.49 169.041 166.3 166.573 164.695 164.194 166.86 166.314 165.628 
174.061 170.995 167.308 169.704 167.593 166.782 170.677 169.904 169.599 
177.305 173.961 170.305 173.839 171.089 170.061 174.899 172.949 173.112 
182.128 179.003 176.508 180.845 178.221 176.563 180.082 178.469 178.113 
184.661 182.648 181.355 184.174 182.443 181.514 183.381 182.645 182.804 
188.801 188.53 187.765 191.159 189.075 189.714 189.172 190.894 192.592 
192.187 191.954 191.865 196.096 194.133 195.132 194.861 197.56 199.008 
197.44 196.294 196.318 202.413 199.254 199.93 203.605 203.731 203.745 
206.36 204.034 204.614 211.378 206.684 206.419 215.836 212.182 209.866 
214.094 211.045 210.883 217.808 213.186 211.972 221.798 218.1 215.339 
219.429 216.731 216.371 223.33 219.959 218.437 227.437 224.565 223.217 
223.62 221.335 220.854 229.259 225.916 224.928 231.344 230.915 229.61 
226.214 225.994 226.311 231.125 227.897 228.909 233.348 232.793 233.542 
229.586 227.984 227.666 234.308 232.242 231.929 236.056 237.126 235.996 
234.37 232.998 231.368 238.216 237.349 236.714 239.813 242.297 241.73 
240.425 237.037 239.034 241.241 241.964 243.994 244.029 244.288 246.472 
244.263 239.742 243.235 242.706 243.243 246.84 244.203 243.769 248.144 
245.298 237.741 242.771 242.222 243.468 246.602 244.241 243.937 247.225 
207.143 199.224 207.441 226.797 252.043 218.492 195.333 215.624 201.332 
128.659 146.977 133.447 125.013 143.771 123.885 147.841 134.201 128.588 
141.376 140.622 138.651 140.969 138.868 136.333 139.267 136.195 135.162 
144.21 142.856 140.908 143.207 140.899 138.935 141.626 139.211 137.997 
147.804 146.074 143.766 146.558 144.563 142.341 144.741 142.846 141.587 
151.784 151.381 147.494 150.815 150.043 146.755 148.187 147.787 145.271 
156.503 155.66 154.038 155.296 153.877 151.522 153.436 151.606 150.089 
159.893 159.285 158.503 158.077 156.603 155.59 156.686 155.429 154.482 
164.964 163.83 162.792 162.207 160.912 159.648 160.174 159.901 158.816 
167.503 167.079 165.452 163.476 163.128 163.704 165.394 162.857 162.968 
172.933 170.354 167.438 168.944 167.095 167.248 169.899 169.282 170.352 
175.744 173.639 171.124 174.658 172.741 172.586 174.48 173.974 175.961 
178.935 178.192 177.329 179.095 178.788 178.357 179.929 180.271 180.835 
183.34 182.632 183.107 183.943 183.495 184.188 184.229 185.03 185.514 
187.767 187.344 188.953 188.877 189.48 190.826 190.449 192.248 192.988 
191.731 191.792 193.111 194.491 194.702 195.943 195.907 198.73 199.438 
197.255 196.379 198.648 200.407 200.579 202.114 204.169 205.196 204.78 
203.968 203.935 205.3 208.453 208.787 208.886 212.783 213.379 210.74 
213.159 212.702 213.423 216.829 216.013 216.264 220.692 220.306 218.85 
219.571 219.122 219.763 221.813 221.913 222.727 225.045 225.842 225.91 
223.415 225.222 226.166 227.359 225.661 227.626 229.822 230.165 232.296 
226.53 230.541 229.794 228.259 226.754 230.486 232.174 232.606 235.051 
228.963 230.468 232.019 232.337 232.138 233.861 235.586 235.94 237.059 
234.054 234.994 236.753 237.341 239.541 240.825 241.547 243.721 243.159 
240.924 242.056 244.258 242.236 246.848 249.126 246.655 249.371 251.126 
245.552 244.568 248.196 245.494 247.832 250.996 247.541 248.302 250.951 
250.909 251.953 252.76 249.356 251.62 253.932 249.263 251.786 254.085 
254.821 255.112 254.963 252.576 254.456 255.415 251.139 254.124 255.087 
138.589 137.134 136.732 136.072 135.457 135.311 134.782 134.425 133.989 
140.003 139.106 138.503 138.091 137.593 136.686 137.134 135.638 135.642 
142.049 142.738 141.478 140.213 141.012 139.867 139.787 139.926 137.934 
146.758 147.137 144 144.88 145.771 144 142.578 143.753 141.538 
150.079 150.539 147.484 148.322 148.905 147.216 145.845 146.572 145.187 
154.197 154.762 153.541 151.653 151.847 151.748 150.351 150.393 150.257 
158.062 158.19 157.911 155.394 155.113 155.325 154.836 154.316 154.253 
162.745 163.14 163.218 158.784 158.61 160.776 161.345 158.616 159.173 
165.874 166.088 165.908 161.914 161.883 163.818 164.63 161.768 162.336 
169.309 169.7 169.614 166.511 167.297 168.989 168.418 167.878 169.117 
173.927 173.878 174.832 173.178 174.187 175.812 174.883 175.947 177.34 
176.279 177.354 178.663 176.807 178.452 180.224 178.624 181.011 182.351 
179.978 181.181 183.209 181.378 183.321 184.938 183.53 185.825 186.864 
186.029 187.145 189.888 187.482 189.34 190.942 191.518 193.291 193.275 
191.639 192.626 195.691 193.373 195.575 196.967 197.9 199.898 199.54 
197.884 199.959 203.104 201.04 203.886 205.432 205.372 207.32 206.098 
204.181 207.002 209.44 208.097 211.377 212.912 211.635 213.663 212.532 
212.282 214.525 216.565 214.863 218.468 220.16 218.097 221.128 220.553 
219.61 221.652 222.82 220.792 224.399 226.37 222.236 225.93 228.195 
224.583 229.848 229.286 224.419 226.047 230.532 227.935 230.325 233.743 
226.576 232.657 231.53 227.371 227.4 231.747 231.057 232.227 235.599 
229.353 234.646 235.358 230.19 231.968 235.747 234.388 235.857 237.933 
237.171 240.013 246.38 240.243 242.441 244.714 243.769 244.015 244.975 
242.552 245.083 249.078 245.542 249.853 251.408 249.438 251.998 251.864 
245.747 248.891 251.772 248.493 252.359 253.587 251.413 253.284 253.863 
252.083 253.694 254.928 252.909 254.474 255.387 253.355 254.922 255.312 
255.79 255.883 255.911 255.785 255.882 255.905 255.839 255.925 255.916 
137.991 136.2 137.068 135.053 134.776 135.768 133.839 134.12 134.044 
139.694 140.084 139.877 136.818 138.56 138.518 136.592 138.183 136.493 
140.878 141.894 141.658 138.572 140.808 140.412 138.6 140.008 137.97 
143.187 143.012 144.222 140.281 140.45 143.058 141.902 141.024 142.531 
145.254 147.921 145.806 145.52 145.924 146.162 144.83 144.044 145.371 
151.039 151.986 151.491 149.45 150.156 150.468 148.789 148.677 149.421 
155.803 156.821 157.034 153.076 154.072 155.617 153.057 153.622 154.955 
159.571 160.433 160.949 156.41 157.975 160.114 156.963 158.216 160.207 
164.135 165.476 166.652 161.312 162.877 165.65 163.331 162.677 164.378 
169.812 170.167 172.345 168.526 170.07 172.803 169.562 170.421 172.137 
172.757 173.463 175.782 171.721 173.568 176.507 172.835 174.468 176.618 
176.055 177.005 179.567 175.897 178.086 180.888 177.164 179.158 181.54 
180.911 182.769 185.064 181.195 183.943 186.884 182.238 184.958 187.001 
187.714 189.892 191.516 187.105 190.091 193.621 189.64 192.435 193.331 
193.19 195.102 198.298 193.509 196.677 199.039 197.002 199.489 200.372 
200.214 202.395 205.026 199.7 203.914 205.785 202.592 204.107 206.804 
205.748 209.405 213.094 207.01 211.429 214.69 209.356 211.941 213.102 
212.769 215.296 219.234 213.221 216.7 220.452 214.888 217.599 221.021 
218.033 221.646 225.105 217.657 222.475 226.781 220.801 223.239 226.124 
223.236 227.664 230.56 222.953 227.721 231.102 223.867 227.046 230.905 
227.895 234.19 234.138 227.447 229.156 233.873 230.285 232.443 235.891 
235.513 239.336 245.124 237.726 238.362 240.945 239.007 238.844 240.99 
238.988 243.627 248.39 241.501 242.424 244.187 243.741 242.614 242.869 
242.28 244.87 250.706 245.343 245.99 247.424 246.939 246.382 246.345 
249.409 250.911 252.914 251.752 252.806 252.782 252.18 252.666 251.849 
255.821 255.882 255.929 255.794 255.748 255.906 255.918 255.86 255.926 
255.908 255.933 255.929 255.933 255.933 255.928 255.915 255.923 255.919 
136.402 135.28 136.329 134.151 134.111 135.557 132.835 133.63 133.754 
134.969 136.78 137.319 134.136 135.619 137.085 133.634 135.488 136.723 
140.98 140.92 142.58 138.074 138.485 141.812 140.211 139.702 141.881 
141.984 142.319 143.717 139.952 139.371 143.467 142.418 140.415 144.244 
142.874 144.012 145.431 141.386 141.216 145.048 143.302 141.823 145.762 
146.027 149.351 149.222 146.442 147.445 149.695 146.475 146.086 149.204 
153.748 154.818 156.299 150.825 153.159 156.464 150.912 153.496 156.729 
159.239 158.36 159.382 156.138 158.043 159.591 154.404 158.32 161.199 
161.367 162.953 164.898 159.626 162.533 165.632 159.577 162.18 165.131 
165.732 167.889 170.459 165.131 167.823 170.936 165.113 167.264 169.772 
172.848 173.189 176.334 171.428 173.058 176.171 171.611 172.695 175.144 
178.084 179.62 181.756 176.751 179.006 181.825 175.334 177.846 180.839 
184.668 186.762 187.858 182.519 185.307 188.774 182.841 185.611 187.015 
190.024 192.585 193.164 187.497 190.282 193.78 188.914 191.41 191.997 
196.912 198.435 199.843 193.95 197.61 199.748 196.048 198.444 200.933 
202.145 204.452 204.795 199.237 202.174 204.914 201.118 203.702 205.505 
208.717 210.713 213.825 206.489 209.557 212.748 208.069 210.398 214.5 
213.831 215.521 218.625 211.745 214.266 218.591 212.649 215.72 219.766 
216.365 220.001 221.703 214.906 219.777 219.038 214.483 219.803 221.87 
222.758 227.267 230.419 220.102 224.052 228.139 223.076 223.346 226.094 
230.338 234.57 235.961 227.637 231.09 233.686 227.006 229.13 231.265 
236.95 243.916 242.122 236.345 240.178 239.534 237.527 237.816 237.27 
240.19 244.979 247.89 242.078 242.94 243.458 243.077 241.044 240.901 
244.562 249.515 247.199 245.344 247.729 245.567 246.132 244.982 242.721 
254.842 254.089 252.782 254.862 249.389 251.772 252.273 249.55 251.039 
255.688 255.622 255.534 255.746 252.133 255.157 255.686 252.823 254.943 
255.931 255.932 255.925 255.933 255.794 255.922 255.933 255.851 255.927 
131.23 133.892 135.345 131.141 132.922 135.123 130.551 132.789 134.546 
131.826 134.731 136.176 131.865 134.067 136.395 131.665 134.473 136.517 
133.33 136.184 137.645 133.653 135.896 138.304 134.095 136.787 138.76 
139.359 139.179 141.846 137.952 137.985 142.494 140.915 140.939 144.384 
139.674 143.712 144.58 141.049 143.016 145.942 142.172 143.189 146.658 
145.057 147.256 149.769 144.798 147.484 150.287 145.406 147.963 150.332 
154.731 153.753 155.016 152.81 154.215 155.384 150.974 154.945 156.815 
158.483 156.838 157.41 155.999 157.359 158.179 154.08 158.023 160.068 
160.665 160.381 160.131 159.478 161.359 160.735 157.821 160.452 161.349 
165.667 166.975 167.873 165.299 166.891 168.324 164.519 165.792 167.062 
173.995 174.508 174.381 172.178 172.787 173.041 169.817 170.408 171.652 
179.877 181.823 182.735 177.374 178.06 179.827 176.576 175.951 174.982 
185.041 186.759 187.044 183.215 184.432 185.861 182.558 182.153 183.013 
190.142 192.021 192.402 187.695 188.573 191.343 187.617 188.205 188.72 
196.232 198.098 198.416 194.331 195.309 197.773 194.54 196.169 196.201 
201.228 204.255 203.694 198.62 201.606 202.913 200.226 202.118 202.615 
207.204 210.124 210.181 204.478 206.906 209.177 205.104 207.604 208.661 
214.379 217.328 217.399 212.071 216.787 214.807 210.258 216.315 217.857 
216.42 219.754 219.876 214.014 218.944 216.679 212.941 218.415 219.66 
221.412 225.452 225.375 217.89 222.802 219.675 216.988 220.886 220.732 
232.014 234.194 234.687 227.581 229.578 230.123 226.811 226.745 226.814 
237.022 237.907 237.176 234.032 235.001 234.554 230.836 231.298 231.253 
241.268 244.978 241.896 240.207 242.129 240.019 239.739 238.543 236.736 
251.694 248.818 245.062 250.87 245.658 243.638 244.31 243.05 242.246 
254.32 250.82 246.862 253.944 247.452 245.234 247.884 246.193 245.655 
255.332 254.08 252.127 255.449 249.507 251.849 253.224 250.748 252.662 
255.254 254.691 253.109 255.644 255 253.9 255.611 255.554 255.24 
128.252 131.069 133.348 128.091 130.952 133.595 128.143 130.79 133.03 
129.514 132.542 133.855 129.763 132.111 134.485 130.414 133.194 134.972 
132.713 133.173 134.509 134.289 134.504 136.721 136.456 138.406 139.161 
134.918 134.729 135.863 137.153 136.834 139.089 140.391 141.876 142.469 
137.855 138.499 140.081 139.733 140.602 142.549 142.164 144.331 145.234 
142.951 144.372 146.255 144.424 146.345 148.018 146.459 148.369 149.464 
148.286 149.333 150.9 149.166 150.87 152.193 150.729 152.668 153.547 
155.091 155.005 153.17 156.549 158.468 155.819 156.972 159.335 157.194 
158.153 160.263 158.48 160.372 162.476 159.724 161.184 160.274 158.621 
164.186 165.826 163.89 164.93 166.048 163.622 165.306 164.097 162.166 
177.938 178.618 178.325 175.356 174.525 174.573 175.213 172.564 169.731 
180.938 182.426 182.785 178.583 178.172 179.275 178.318 176.127 174.108 
183.833 185.303 186.317 181.936 181.303 182.944 181.53 179.121 177.814 
190.585 190.274 191.423 189.681 188.02 189.392 187.605 186.08 186.113 
193.909 193.696 195.169 193.46 192.136 193.501 190.559 190.084 190.239 
200.152 201.766 201.235 198.719 198.979 200.131 197.529 198.182 198.16 
208.001 210.001 210.012 205.84 206.759 206.919 203.622 203.512 204.823 
215.503 215.518 215.2 212.88 213.053 213.272 209.707 210.862 213.43 
218.423 220.145 218.755 216.722 219.304 214.031 213.338 216.226 216.526 
224.476 223.782 223.955 223.405 223.246 221.054 218.9 216.954 216.827 
229.608 229.607 229.85 227.412 226.378 227.05 224.773 223.652 224.196 
235.011 234.684 233.449 232.979 231.31 230.318 229.698 228.357 227.717 
239.9 238.171 235.694 238.833 235.77 232.96 234.758 232.424 230.432 
245.22 241.409 238.407 245.089 241.954 236.41 242.18 239.191 237.057 
251.439 247.543 242.876 253.304 245.354 242.66 248.003 246.059 246.036 
251.204 248.589 243.576 253.551 250.27 247.963 253.873 251.35 253.069 
252.81 251.283 247.51 255.015 252.892 251.939 254.912 253.044 254.856 
125.844 127.276 129.277 126.792 128.075 131.081 128.531 129.081 131.518 
128.326 128.582 128.589 128.818 129.639 130.956 130.001 131.481 132.794 
131.108 130.943 131.435 131.841 132.024 133.09 133.656 133.495 133.97 
134.818 133.744 134.448 136.798 135.545 136.897 139.147 139.642 139.581 
138.982 138.377 138.785 140.216 139.934 140.555 142.319 142.201 142.432 
142.467 142.872 144.197 144.162 145.004 145.626 145.837 146.797 146.853 
149.491 150.096 149.162 152.645 154.171 152.43 154.83 156.323 154.137 
153.039 153.61 152.231 156.484 157.835 155.68 158.217 158.957 156.757 
154.893 156.168 154.124 158.294 160.162 157.253 160.197 160.73 157.782 
161.436 161.204 161.743 164.715 164.326 163.324 165.339 163.501 162.885 
166.677 167.86 169.449 171.988 169.025 165.427 171.271 169.158 163.295 
178.184 180.295 180.76 176.783 176.505 176.875 177.441 175.181 172.046 
180.608 184.267 184.73 181.716 182.029 180.526 181.528 179.724 178.411 
189.011 189.105 188.534 188.692 186.995 186.047 186.367 184.37 184.251 
194.762 194.272 193.565 193.774 192.178 191.457 191.235 190.444 189.193 
201.264 200.712 199.126 198.913 198.251 197.043 196.318 195.725 195.719 
208.002 207.426 205.786 205.923 204.013 202.89 202.821 200.765 201.493 
217.15 215.643 212.303 216.325 213.705 208.487 213.866 208.567 207.13 
221.41 219.472 218.059 222.204 220.269 215.173 216.867 213.402 212.341 
222.357 221.078 220.232 223.427 222.351 218.266 217.991 215.145 214.214 
224.96 223.804 223.594 225.684 224.421 222.563 220.743 218.752 218.555 
230.959 229.651 227.337 230.933 227.732 225.126 228.116 225.29 223.774 
237.328 234.858 232.129 238.378 235.106 228.444 235.955 231.91 228.724 
238.951 235.429 233.781 243.729 237.641 231.344 242.815 239.059 235.521 
241.596 237.783 235.129 246.931 240.187 234.1 246.183 243.139 241.477 
242.997 239.629 237.447 249.021 242.41 238.773 249.193 245.732 248.084 
159.604 135.517 246.235 163.587 158.254 201.384 180.6 214.074 187.151 
125.985 126.031 126.409 127.343 127.695 129.496 129.068 129.764 131.542 
126.869 126.74 126.724 128.002 128.24 129.606 129.541 130.286 131.643 
129.228 128.426 128 130.205 129.901 130.422 130.959 131.781 132.824 
136.418 134.058 133.408 136.409 134.472 133.911 136.879 135.555 135.759 
138.952 137.692 137.077 139.063 138.076 137.276 140.009 139.428 138.908 
141.923 141.316 141.356 143.411 143.062 142.413 145.274 145.232 144.439 
144.897 143.869 144.994 148.208 146.604 147.055 149.719 148.499 148.623 
151.503 151.858 150.966 154.735 155.652 153.878 157.118 157.788 155.498 
154.975 155.902 157.462 158.932 158.816 158.498 160.917 159.6 159.193 
159.258 162.003 165.48 166.708 164.787 162.354 167.386 166.744 161.515 
163.585 165.853 166.39 170.704 168.205 163.056 170.776 169.755 161.491 
166.337 171.135 174.135 173.763 172.166 168.367 173.848 172.779 166.346 
174.55 179.96 181.542 178.033 179.083 176.775 178.825 178.035 175.371 
185.626 186.197 184.638 186.066 186.826 182.661 187.07 185.902 181.764 
194.981 193.825 191.744 193.425 192.626 190.477 192.613 191.909 189.538 
199.89 198.253 196.504 197.845 196.303 194.612 197.086 195.636 194.238 
203.301 201.744 200.411 202.867 199.729 200.577 205.744 199.209 197.756 
212.508 210.565 207.336 212.282 209.922 205.569 212.305 205.865 201.799 
216.932 216.292 213.034 217.596 215.698 209.935 216.284 210.959 208.148 
220.14 219.242 218.362 221.563 221.033 217.922 217.467 215.644 214.187 
223.56 222.417 220.334 223.763 222.064 220.029 222.184 220.789 219.456 
228.272 226.336 222.429 228.639 225.371 221.541 227.502 223.85 221.432 
231.453 228.841 224.909 232.914 229.179 224.11 232.827 228.24 224.273 
236.788 233.335 230.752 238.504 235.659 228.259 238.308 234.408 230.267 
208.137 204.55 205.041 240.686 232.093 210.697 233.338 242.238 213.919 
80.2064 139.936 218.298 231.375 101.054 137.977 135.491 187.21 56.1193 
66.7893 87.0532 117.985 83.2109 111.534 29.2701 223.338 76.8037 75.7411 
125.283 124.355 124.403 125.173 125.809 126.488 128.586 128.339 126.199 
127.742 126.921 126.167 128.457 128.195 128.379 129.036 129.791 130.577 
130.907 128.989 128.522 131.73 130.348 129.036 130.117 130.483 130.435 
133.043 131.227 130.343 133.291 132.153 130.844 131.503 131.845 131.937 
136.097 134.853 133.656 135.605 134.817 133.838 135.503 135.241 135.178 
140.595 139.275 140.64 142.805 141.664 142.17 143.901 142.585 142.635 
141.642 141.128 141.973 144.83 144.424 143.175 145.697 144.916 142.909 
146.726 145.302 146.67 149.606 147.399 147.928 150.493 148.506 148.578 
153.363 152.17 153.207 154.539 152.741 152.856 156.852 154.672 153.667 
161.779 161.517 158.367 164.512 163.509 158.741 166.202 165.839 159.182 
163.253 164.797 164.614 170.216 167.43 161.717 170.512 169.537 160.639 
168.329 168.556 165.277 170.749 169.942 165.162 172.278 171.633 165.815 
174.297 174.272 173.554 176.66 176.731 173.602 177.828 178.21 174.036 
182.628 181.576 179.807 184.346 184.375 179.893 186.395 185.135 180.099 
187.016 186.39 185.167 193.079 192.449 185.083 190.501 190.171 186.458 
198.478 196.386 195.908 198.413 194.721 196.138 201.644 196.33 195.349 
200.682 198.734 198.534 201.069 197.12 198.511 204.675 198.76 197.569 
204.448 202.936 201.859 205.352 202.267 202.442 208.327 202.354 200.184 
210.563 211.352 209.449 211.603 211.619 208.794 211.452 211.199 208.975 
214.622 214.321 212.714 215.198 215.25 213.382 214.584 215.435 214.462 
219.985 218.026 215.653 219.173 218.354 216.108 218.864 219.405 218.523 
224.069 221.748 218.024 223.972 221.692 217.477 223.104 221.921 219.173 
224.885 222.187 218.079 226.068 225.467 220.35 228.327 225.146 219.433 
220.024 169.816 154.428 212.509 176.129 209.437 183.671 221.57 157.642 
71.6462 165.545 18.8789 88.3121 19.787 184.916 252.002 248.298 244.106 
230.477 196.293 48.0849 213.527 237.424 40.103 5.26816 73.1708 14.6291 
214.882 124.321 243.789 247.158 170.765 208.483 32.01 89.9906 197.537 
125.37 124.395 124.032 124.577 125.388 125.107 127.474 127.344 124.513 
126.371 125.317 124.795 125.407 125.975 125.549 127.74 127.42 124.823 
125.845 126.909 128.296 126.913 126.718 128.282 126.457 126.429 127.412 
130.614 130.866 130.021 130.178 130.322 130.098 129.058 129.383 129.787 
131.437 131.953 132.028 131.514 132.466 132.453 132.127 131.986 131.297 
136.442 136.965 137.476 138.23 139.459 137.947 138.99 138.921 136.206 
139.619 139.099 139.885 142.222 142.19 140.927 142.667 141.917 139.689 
140.459 137.715 136.962 141.696 140.261 138.049 141.329 140.235 138.291 
150.708 147.263 145.832 151.182 147.922 145.754 151.817 149.593 146.612 
153.901 149.765 145.944 155.481 149.901 146.583 155.251 151.967 148.889 
164.1 162.648 157.984 166.154 164.489 159.161 167.965 166.879 160.359 
167.75 166.561 165.437 169.626 168.617 167.283 170.743 170.685 168.609 
170.995 170.201 169.605 173.559 172.631 171.494 174.778 175.022 173.019 
179.463 179.068 178.318 186.686 186.075 179.58 184.145 184.764 181.476 
185.973 185.205 184.076 192.968 191.244 184.81 190.18 189.912 187.426 
190.139 188.969 187.818 196.69 194.535 188.013 193.772 192.829 190.516 
200.399 197.954 197.308 201.73 197.774 198.528 204.501 199.532 198.244 
204.949 202.8 200.909 206.952 205.244 202.181 206.264 205.591 203.409 
207.574 206.807 205.228 208.729 208.374 206.814 208.351 209.091 208.258 
210.764 209.545 208.506 211.218 210.816 210.876 211.562 212.709 214.045 
216.321 213.096 211.925 215.741 214.98 213.428 215.285 217.322 218.219 
218.865 212.688 192.744 201.022 218.388 190.299 207.866 204.091 195.313 
204.41 155.002 187.277 82.1666 91.9924 151.574 115.628 142.859 113.026 
101.445 53.2504 96.239 193.558 92.3557 2.18927 47.0262 172.815 229.649 
80.9499 221.435 128.067 159.02 52.8515 253.932 247.445 105.301 216.53 
139.204 20.2005 142.188 106.423 219.67 228.469 215.091 101.995 243.234 
194.479 176.82 6.13611 33.9184 205.409 223.031 50.6235 45.0229 184.878 
123.623 124.181 125.132 122.347 124.826 126.156 124.965 126.606 124.852 
122.996 124.932 127.186 124.254 124.764 127.284 124.159 124.743 126.119 
123.087 125.004 127.38 124.305 125.057 127.45 124.521 125.17 126.065 
124.578 125.808 126.943 125.161 125.252 127.125 124.853 125.15 125.912 
125.847 126.201 123.63 125.224 124.576 124.926 124.684 124.179 123.277 
130.822 130.008 129.707 131.435 131.288 130.221 132.334 131.354 129.426 
137.403 134.601 133.643 138.616 137.395 135.002 138.314 137.361 135.236 
138.453 134.311 132.577 138.896 136.585 134.104 138.488 136.936 135.036 
142.996 138.217 135.368 143.367 139.312 136.553 142.646 140.408 138.338 
149.554 144.779 140.087 150.395 144.654 141.029 149.9 146.587 143.327 
154.649 150.826 146.118 155.309 150.512 148.041 155.154 151.804 150.217 
161.016 159.177 157.192 161.072 159.723 159.847 162.47 160.754 161.433 
168.551 167.128 166.387 170.688 169.73 169.008 171.703 171.904 170.471 
168.19 165.255 162.399 169.737 167.673 165.859 168.016 169.003 167.942 
183.955 183.197 182.299 191.098 190.219 183.903 188.408 188.82 186.717 
192.684 190.345 188.743 195.535 193.124 190.045 196.285 195.567 193.89 
198.211 196.481 194.398 200.234 199.725 196.149 200.215 200.41 198.934 
203.719 202.383 200.71 204.555 204.618 202.612 204.114 205.345 204.381 
205.005 205.374 205.351 205.079 206.355 207.282 205.44 207.483 209.111 
207.867 206.396 206.421 207.636 207.746 209.358 207.9 209.51 212.094 
170.885 188.269 165.536 214.689 187.906 198.941 222.176 162.677 198.847 
71.4433 95.66 162.841 151.156 128.202 20.0886 150.125 200.377 7.73176 
242.94 94.592 145.198 173.778 10.6188 120.239 158.183 99.8443 174.221 
46.3146 54.5391 144.598 24.1514 250.266 127.704 124.964 176.822 148.83 
71.653 215.955 120.486 184.602 0.60239 231.054 40.1086 117.866 233.221 
64.4123 200.738 158.389 17.411 173.31 102.655 213.794 53.1593 233.705 
56.6516 157.211 240.779 157.629 133.219 195.749 38.1342 149.222 207.332 
118.497 122.952 127.093 117.685 122.595 127.07 117.674 122.598 126.354 
119.542 121.857 124.6 119.657 122.596 125.048 120.093 122.815 124.88 
120.686 122.231 124.471 122.171 122.841 125.141 122.638 123.525 124.348 
121.903 122.058 120.737 121.526 121.185 122.012 121.211 121.182 120.835 
123.065 122.636 120.439 122.487 121.302 121.339 121.795 121.035 119.967 
123.891 123.241 120.137 123.572 122.045 121.433 123.143 121.788 119.836 
128.959 126.246 123.946 129.38 127.506 124.674 129.443 127.104 124.512 
135.005 130.898 128.473 135.464 132.38 129.302 134.69 132.473 130.166 
135.737 130.518 125.818 135.254 130.461 125.824 135.026 131.56 126.738 
136.946 131.873 126.161 138.31 131.694 127.179 137.606 133.488 129.492 
126.603 122.997 119.341 127.971 124.378 120.403 129 125.94 122.601 
149.46 147.335 144.725 149.071 147.215 146.928 149.9 147.471 147.966 
157.381 154.388 151.179 158.404 155.861 154.339 155.695 156.265 155.836 
159.914 156.603 153.537 160.851 158.19 156.518 158.334 159.153 158.859 
170.46 163.509 162.235 167.907 172.593 166.916 173.544 165.413 164.611 
186.815 185.542 188.277 195.555 196.217 186.05 197.33 195.716 195.634 
199.556 180.492 195.084 189.58 184.403 190.017 194.616 203.127 195.677 
176.416 183.347 198.619 206.84 184.419 190.89 204.024 203.574 198.741 
180.298 189.399 210.976 179.263 205.811 193.246 198.129 188.196 213.744 
203.129 230.532 98.654 188.773 99.9188 152.844 156.945 178.094 205.646 
70.2422 183.36 177.394 162.694 202.922 155.354 65.3223 30.812 188.97 
156 142.439 231.299 212.63 24.5224 50.6434 124.971 50.6233 184.12 
234.934 145.12 39.1402 213.181 108.049 212.848 37.0547 178.802 156.475 
208.078 197.014 91.9043 77.1013 75.3427 235.085 156.615 47.5622 95.2343 
111.152 245.299 25.5769 162.854 55.0401 220.603 122.419 93.0593 146.951 
79.4787 54.181 209.547 200.21 105.892 215.551 234.492 60.5184 212.545 
69.7216 28.3704 37.9365 196.795 167.318 197.268 186.379 188.877 185.29 
113.719 117.248 121.294 113.515 117.83 121.866 114.099 117.833 121.349 
115.114 118.252 121.054 115.586 118.354 120.728 116.078 117.618 119.217 
118.698 119.171 120.325 118.955 119.662 120.519 119.473 120.191 120.617 
119.393 119.056 119.159 119.107 118.709 119.034 118.874 118.646 118.805 
120.505 120.311 117.907 119.521 118.47 118.9 118.64 117.747 116.918 
117.326 116.383 114.832 116.965 115.248 113.949 116.501 114.049 112.968 
116.802 114.995 112.825 116.625 114.323 112.301 116.218 112.594 111.114 
112.549 109.807 106.689 112.447 108.823 105.896 112.055 107.395 105.272 
107.351 103.183 99.0967 108.109 103.321 98.9277 108.005 103.75 99.3511 
98.2572 93.8767 89.3708 98.7551 94.1578 89.5182 98.9905 94.3931 90.0942 
91.5688 88.5235 85.7703 92.1581 89.0216 86.0687 92.6415 90.1957 87.2537 
94.4075 92.9405 91.1798 94.6229 92.9562 91.1822 94.8829 93.3392 92.0669 
104.496 102.475 101.684 106.026 102.721 101.414 105.135 102.811 103.22 
127.445 125.327 122.622 127.727 125.999 124.603 124.961 126.157 125.672 
69.7748 81.3306 57.2992 72.3113 82.8196 61.5748 57.4624 79.0313 79.0252 
69.6487 79.3514 101.928 66.4438 158.577 86.077 51.7533 69.4373 77.4035 
164.48 93.6964 3.86036 65.2963 225.399 70.6667 165.854 181.622 10.6307 
241.41 150.416 18.5888 5.8126 158.703 154.736 128.513 151.027 60.5926 
197.019 38.8758 129.06 224.73 191.964 182.193 207.352 178.205 68.0124 
16.1504 19.6266 218.279 8.23269 134.584 143.025 189.241 168.043 68.3967 
167.047 55.3714 91.7446 216.041 127.499 111.555 53.3201 244.497 50.9164 
241.817 35.6551 99.8626 12.5475 5.28364 138.334 194.003 189.779 103.065 
177.758 52.5874 9.63867 96.2604 96.6616 157.362 5.51137 253.898 159.189 
1.91396 164.697 34.5317 243.219 234.299 165.939 10.9622 195.52 199.897 
26.3392 112.204 147.177 202.813 182.364 150.424 133.381 110.37 216.066 
54.0441 49.7703 29.4776 198.912 199.475 199.553 183.78 190.353 190.455 
36.6081 32.0753 41.4376 198.623 209.406 205.169 211.856 192.995 190.355 
111.811 115.596 119.317 112.4 116.106 119.195 113.131 114.99 117.164 
112.58 115.919 119.001 112.903 116.107 118.678 113.436 114.946 116.847 
113.417 115.355 117.72 113.271 114.92 116.913 113.608 114.572 115.447 
114.563 114.286 114.604 113.582 113.353 113.781 112.965 112.666 113.072 
112.1 111.705 111.096 111.092 110.088 109.819 109.741 108.811 108.662 
106.235 105.901 104.885 105.601 104.639 103.88 104.841 103.679 102.89 
104.199 103.214 101.691 103.708 101.933 100.558 103.102 100.344 99.601 
94.0298 92.3817 90.3927 93.5346 91.098 89.2857 92.0339 90.1628 89.0731 
89.9522 87.7424 85.0631 89.646 86.5804 84.1422 88.6621 86.1369 84.2434 
80.8213 79.2005 77.7437 80.7086 78.4364 77.6025 80.1288 78.0678 75.8513 
77.5489 75.9673 74.4429 77.0159 75.5643 74.1886 76.6617 75.3049 74.1804 
70.2454 69.9616 70.7053 70.2759 70.0958 70.1159 69.1616 69.434 70.2423 
69.1122 68.5367 68.7329 68.337 67.6857 67.4034 67.2209 67.3644 67.4403 
65.7389 66.1024 66.4978 65.6511 65.6724 65.8384 64.6416 64.6541 65.5036 
40.4893 57.6892 54.6954 40.427 57.999 55.0605 40.5504 58.7902 55.8833 
20.8529 67.1703 59.3385 20.9268 65.8413 61.3878 18.1377 67.8595 63.3281 
38.1005 84.9936 68.8888 20.2101 113.41 94.1025 11.9154 103.101 91.7944 
138.729 200.969 14.6219 4.3223 196.344 235.205 216.28 107.934 135.769 
16.755 24.5908 189.939 142.497 212.98 42.8955 61.5382 41.6684 87.0934 
119.136 210.118 97.7893 165.932 233.981 7.00669 93.894 121.535 85.1193 
104.064 92.4205 49.384 127.5 180.459 212.733 105.92 83.3761 80.6476 
89.7671 22.6988 69.0342 197.649 161.965 73.8074 211.163 125.848 164.815 
155.502 253.294 108.617 139.455 153.072 193.15 218.797 67.3101 113.51 
96.4404 165.176 194.011 87.9888 19.1149 63.8126 34.4481 13.2345 219.72 
83.7929 75.2513 102.087 203.573 98.9736 92.2291 54.5002 0.39128 142.565 
236.408 11.4748 106.799 23.1665 219.36 197.524 22.7869 236.164 230.756 
43.9209 68.2465 54.6829 197.309 181.668 177.222 174.489 176.079 195.823 
111.464 112.857 115.346 112.023 114.21 116.264 112.915 114.522 116.287 
111.924 113.739 116.081 111.618 113.137 115.213 111.841 112.753 113.72 
110.23 109.418 110.189 108.436 107.948 109.138 108.248 108.939 109.202 
108.523 107.64 108.422 106.668 106.138 107.339 106.245 106.96 107.125 
100.907 101.084 101.541 100.349 99.5732 99.943 99.9329 98.74 98.7997 
97.8491 97.6885 97.388 97.0774 96.707 96.1874 96.5398 96.0528 95.4311 
93.8041 93.3885 92.8198 92.9895 92.559 91.7646 92.2443 91.6406 90.994 
89.675 88.7808 87.3132 88.6424 87.289 86.0962 87.3521 86.2504 85.5832 
81.4333 80.5743 79.5625 81.1818 79.6622 79.0203 79.9296 78.3327 76.9249 
77.3384 76.7243 75.9573 77.1606 75.9084 75.6248 76.3943 75.0231 73.6728 
70.0393 69.9009 70.6929 70.2085 69.9245 70.3154 69.2742 69.2166 69.7207 
67.418 67.3444 68.4231 67.4721 67.445 67.7843 66.5038 66.9148 67.8553 
65.2357 65.2854 66.4123 65.4734 65.4416 65.8949 64.538 64.9085 65.8657 
61.428 61.5845 62.2279 61.2582 61.1822 61.608 60.709 60.6544 61.1751 
45.8811 60.8727 59.9526 46.0862 60.9791 59.8357 45.9205 60.4628 59.8267 
5.31763 86.2789 74.9804 5.41066 87.4524 72.4495 5.46622 88.1082 74.4304 
9.70304 93.4447 81.9458 9.41227 94.4492 79.9387 3.44894 88.723 75.5507 
5.72537 69.8172 63.2359 10.4419 93.185 128.58 74.7922 130.055 84.8668 
241.62 75.245 49.4105 215.472 55.884 4.87844 82.9327 57.1802 13.7236 
177.92 116.115 74.5347 228.713 192.489 21.4596 202.474 120.035 68.3881 
239.377 75.2084 53.3946 202.32 29.054 95.2281 215.292 27.535 21.7742 
159.585 39.8973 213.488 136.014 59.7752 93.0327 95.8754 48.7302 39.8821 
43.2421 64.1678 125.316 26.955 38.2755 98.9038 150.151 154.158 44.6114 
192.859 174.663 244.899 121.787 26.4218 126.708 140.236 243.679 116.487 
187.572 179.006 36.189 39.6899 133.861 153.928 215.95 140.657 83.7621 
137.083 26.5476 197.047 207.375 58.3423 103.646 233.964 194.208 90.6552 
1.33386 133.225 114.566 27.6161 226.121 141.218 84.1418 142.393 134.515 
114.519 111.962 111.58 115.064 113.579 112.674 115.535 114.649 113.968 
113.236 111.061 110.051 113.154 111.454 110.356 113.033 111.802 110.947 
109.491 108.054 108.182 108.183 107.071 107.57 107.885 108.145 107.556 
102.927 103.002 102.979 102.545 101.69 101.76 101.976 100.793 100.627 
100.158 100.219 100.285 99.8278 98.6563 98.6403 99.0005 97.4686 97.3077 
96.3367 96.8867 96.8877 95.5899 95.1207 94.5594 94.8635 94.2032 94.2163 
90.763 90.4317 89.619 89.7977 89.3028 88.5872 88.8856 88.3689 87.8177 
86.1508 85.8378 85.1803 85.2846 84.7952 83.9603 83.9425 83.2806 83.0939 
80.3555 80.4819 80.073 79.5081 79.3661 78.8317 78.1842 77.9108 78.0168 
74.7517 74.9989 75.0957 74.4121 74.2976 74.8912 74.2837 73.8094 73.5223 
69.3923 70.2077 70.8349 69.226 70.0369 70.5412 69.2829 69.7748 70.326 
65.5658 66.134 67.753 65.2986 66.0005 66.4269 65.9151 66.4839 67.5505 
61.6581 62.0274 62.8035 61.5138 61.9001 62.4511 61.5893 62.164 62.5973 
55.5512 56.3439 57.774 55.6923 56.4983 57.5604 56.3053 56.9576 57.5535 
50.127 51.1906 51.4806 50.5186 51.4098 51.918 51.0747 51.6618 52.1877 
38.4791 52.106 51.1861 38.6589 52.167 51.459 39.2704 52.3118 51.8048 
31.9165 56.5777 52.6304 31.7588 56.8338 51.7598 31.8426 56.8495 52.0711 
40.4126 40.9706 41.2651 40.016 40.374 41.0886 37.7838 38.3087 38.7529 
34.365 49.1298 43.7104 35.9111 38.8252 42.5991 38.3765 34.2173 40.6757 
173.973 134.85 174.991 229.99 53.7711 110.85 38.5185 233.835 13.7706 
87.0128 89.4535 7.1731 139.324 152.207 67.5598 130.678 0.797045 205.138 
56.1727 238.968 202.991 179.446 27.5229 1.8846 246.293 173.734 84.119 
25.9588 22.1996 212.355 13.2236 86.8477 250.834 59.0223 111.674 80.5179 
129.074 86.0751 218.188 59.7621 190.909 247.411 161.76 215.19 180.02 
198.804 106.03 4.05257 233.135 8.04982 190.504 118.859 11.5799 208.063 
115.722 50.0563 76.3228 47.8865 198.777 128.382 94.2171 98.1272 206.985 
83.8255 18.8026 27.6644 40.9143 220.226 227.281 6.26264 175.68 189.705 
118.069 115.244 112.895 118.556 115.952 113.369 119.539 117.896 115.837 
115.641 112.514 110.349 115.562 112.587 110.544 115.369 112.987 111.44 
110.289 109.425 107.664 110.534 108.633 106.771 110.285 108.564 106.735 
103.63 102.552 101.681 103.647 102.344 101.318 102.694 101.781 100.863 
97.3076 97.7345 97.6988 96.5733 95.9258 95.3672 95.6776 95.0181 95.1056 
94.9505 95.2677 94.9844 94.1756 93.8205 92.9819 93.1961 92.9517 92.887 
92.4863 92.9072 92.5608 91.589 91.3712 90.6423 90.718 90.5749 90.7823 
84.6977 84.7544 84.794 83.6295 84.4145 84.3574 82.9836 84.4598 84.6877 
77.6649 78.3946 78.9809 76.6755 77.6343 78.4835 77.0936 77.2182 78.0799 
74.0581 75.0538 75.861 73.3754 74.4807 75.623 73.8533 74.4947 75.3822 
67.7122 68.6299 70.1383 67.0804 68.1587 68.946 68.3245 68.9072 69.9837 
64.8145 65.7302 67.2073 64.4722 65.4955 66.0667 65.5072 66.2228 67.1634 
60.8684 61.6712 63.4309 60.5093 61.4755 62.1867 61.7924 62.4734 63.279 
51.9926 52.9323 54.4169 52.1957 53.2241 54.3156 52.9869 53.8923 54.5309 
47.2234 47.5544 48.4957 47.727 48.5191 49.0424 48.1051 49.1018 49.5874 
44.4851 45.0398 45.363 44.5244 45.0725 45.6005 44.8121 45.2462 45.7246 
40.9693 41.5383 41.8158 40.9596 41.4737 41.9466 41.2535 41.5899 42.0266 
37.7763 38.2851 38.6942 38.0361 38.3444 38.7676 38.0499 38.1349 38.6174 
34.9324 35.6839 36.1606 35.23 35.7223 36.4043 35.1233 35.3447 36.0089 
48.9985 39.1117 42.3904 33.5467 45.8357 39.5106 50.5175 39.8448 35.98 
166.689 56.542 145.407 42.2924 72.354 236.17 32.9822 67.2889 79.658 
61.3295 53.119 83.4692 220.502 34.2215 56.5734 70.5167 2.15034 224.559 
189.903 204.761 26.1055 249.263 23.8455 70.1281 122.745 40.0073 157.566 
219.869 194.677 234.417 215.886 194.992 181.728 160.515 145.204 164.945 
219.557 98.5547 215.303 17.7806 102.468 24.1699 44.3816 62.2401 231.949 
179.155 9.12312 153.811 197.154 11.0474 39.6893 70.4991 25.5276 122.536 
65.3028 94.2458 131.332 104.407 202.651 167.109 8.14313 143.305 154.786 
118.268 116.457 114.541 119.187 117.327 115.034 120.484 119.557 117.603 
113.371 112.538 110.58 114.275 112.233 109.994 114.787 113.114 110.833 
109.965 109.337 107.869 110.891 109.051 107.313 111.008 109.341 107.649 
106.537 106.215 104.855 107.049 105.566 104.057 106.831 105.543 104.171 
97.0819 96.8683 96.32 96.8626 96.4727 96.234 95.6674 95.6816 96.3263 
93.9437 94.5359 94.3304 93.1846 93.1612 92.6919 92.2534 92.3971 92.7888 
87.0649 87.1687 87.209 86.0465 86.9038 87.0959 85.3472 87.0114 87.6032 
85.1057 85.1657 85.6301 84.3143 85.2581 85.6401 83.5813 85.3863 85.9785 
81.9295 82.3512 83.046 81.0363 82.4241 83.0193 80.61 82.7307 83.3842 
75.8812 76.8959 78.094 75.0454 76.4173 78.2749 75.3944 76.9525 78.5038 
70.81 72.3349 74.168 70.7903 72.537 74.4164 71.0735 73.168 74.8536 
64.2288 65.4474 67.3123 63.9749 65.1738 66.3115 64.9274 66.0456 67.3707 
57.0551 57.7126 58.4623 57.373 57.9636 58.7019 57.5162 58.2535 58.799 
48.6181 48.7813 49.6367 49.0897 49.7905 50.1301 49.4007 50.3629 50.6735 
46.7426 46.7075 47.2302 47.1727 47.6355 47.7435 47.2174 48.0727 48.3143 
44.8686 43.0362 43.4338 45.2509 44.3007 43.9324 44.8435 45.4475 45.1014 
40.8068 40.7498 40.6574 40.854 40.8055 40.7666 40.9848 40.9969 41.0068 
34.3556 34.9874 35.475 34.4533 34.9852 35.7432 34.617 35.1913 35.7921 
32.1236 32.9379 33.449 32.6269 33.1238 33.8564 32.7088 33.0196 33.6958 
34.5595 34.3961 34.1217 35.7227 36.4224 37.8292 34.3799 33.5583 37.3448 
28.6902 119.713 125.833 167.981 157.227 95.6816 107.867 169.863 95.9152 
118.28 153.317 246.5 47.3622 223.685 242.883 184.576 107.787 76.0951 
132.813 11.6616 222.872 78.5275 114.87 247.071 163.918 21.0207 208.044 
151.068 243.318 107.91 222.505 36.4005 25.0297 74.0145 120.748 109.349 
203.821 195.523 247.551 147.488 46.9663 33.6516 214.244 45.3923 83.7758 
134.339 79.846 221.178 99.2978 235.5 81.6777 115.461 24.8244 90.368 
79.2646 140.338 247.243 199.525 56.417 121.689 78.9614 224.098 122.537 
115.65 115.214 115.231 116.856 117.167 116.296 118.1 118.773 117.828 
113.424 113.401 113.367 114.911 114.696 114.482 115.839 115.467 114.776 
109.265 109.887 109.352 110.27 109.767 108.826 110.515 109.393 108.283 
100.486 100.708 100.534 100.527 100.849 100.922 99.8914 100.301 101.338 
95.7975 96.6424 97.3204 95.4156 95.8282 96.5273 94.1493 95.0709 96.4576 
93.2489 93.9162 93.9436 92.7684 93.5029 93.961 91.7127 92.7308 94.0372 
88.0851 88.4823 88.9356 87.8936 88.1808 88.8622 86.9545 87.5987 88.5925 
85.3301 85.5037 86.1196 84.6548 85.7049 86.2904 83.9598 85.9143 86.5675 
82.7468 83.2338 84.1784 82.673 83.3347 84.4225 82.1438 83.2577 84.2671 
77.2434 78.4043 79.8842 76.728 78.4791 80.6793 77.0334 79.7338 81.8318 
71.2001 72.4452 75.018 72.4294 74.515 77.2488 74.5444 77.2362 80.1766 
62.544 65.0016 68.1821 63.6547 67.0283 70.1974 65.1879 69.6416 73.4341 
58.518 59.0192 59.4481 58.8796 59.2863 60.0024 59.0514 59.6758 60.1786 
55.6597 55.2444 54.7118 55.9321 55.4103 54.9721 56.0064 55.6263 55.1076 
48.0101 44.7697 44.0738 48.1647 46.2285 44.44 47.7105 47.083 45.6984 
45.2654 42.0044 41.253 45.613 43.0241 41.5163 45.2542 44.2485 42.7223 
39.9866 37.6621 37.4394 40.2797 38.5521 37.6846 39.9775 39.6705 38.7504 
28.9979 29.2012 29.3979 29.1708 29.3099 29.58 29.4692 29.7774 30.003 
26.0231 27.347 28.6624 25.6619 27.3411 28.8502 26.0861 27.479 29.1043 
21.7911 21.4785 24.5906 20.2436 22.1968 25.755 19.679 21.33 26.4868 
220.098 12.7264 190.316 198.734 239.972 189.015 136.311 86.1793 18.5776 
171.925 174.847 81.3892 158.557 35.5626 191.442 34.3055 169.184 152.396 
136.086 181.128 252.584 111.675 220.717 84.1221 4.81244 88.3856 211.138 
154.292 51.2195 222.207 195.862 235.992 39.9311 104.027 63.1423 97.6687 
170.634 86.6532 247.046 226.01 179.076 99.4482 10.3065 242.782 31.6583 
96.2598 8.96899 228.497 62.8367 82.1164 189.133 86.0459 213.97 226.914 
218.253 169.08 148.419 209.315 160.512 147.101 28.5496 5.51227 46.1712 
114.52 114.811 115.918 115.524 116.615 116.955 116.354 117.736 117.957 
112.44 113.391 114.636 113.663 115.426 115.916 114.565 115.708 115.823 
103.548 108.09 112.594 104.396 109.033 113.064 104.705 108.558 111.585 
96.7061 99.4003 104.16 96.0988 99.7694 102.777 95.2051 98.6792 102.281 
95.5072 96.8263 98.1778 94.9581 95.87 97.1359 93.6511 95.0714 97.0527 
93.0964 94.4051 95.8066 92.6386 93.6075 94.9346 91.7975 93.1074 94.715 
88.4714 89.5261 90.7098 87.9512 89.2485 90.5845 87.4436 88.9111 90.3489 
85.6743 86.2605 87.3037 85.8027 86.4733 87.4726 85.2929 86.1786 87.0756 
81.8516 83.0133 84.4033 82.1461 83.5453 85.0208 82.5122 83.9891 85.2047 
75.2746 75.9172 77.5611 76.6339 77.9469 79.4418 78.607 80.1816 81.7108 
69.357 69.9626 72.2443 72.0513 73.8938 75.6354 75.5063 77.9416 80.1998 
67.5222 67.8801 69.1911 69.82 70.7632 71.9909 72.3833 73.5887 74.916 
63.5216 63.2848 62.9465 64.4608 64.2986 64.1123 65.5847 65.4191 65.2587 
63.6175 59.7155 57.0015 63.362 60.7853 58.0834 64.5386 60.7868 58.57 
64.7872 54.6685 45.75 64.9728 55.1949 46.1903 64.6696 55.7205 46.8625 
51.8958 42.9612 36.6386 52.0511 44.1645 36.9672 51.5737 45.2056 38.217 
33.6935 30.3379 27.8894 34.016 30.6386 27.7344 34.308 31.4158 28.4585 
24.69 25.0755 25.7193 24.2953 25.1197 25.5809 24.7684 25.3198 26.0182 
19.1866 21.4335 24.3393 18.1276 21.691 24.1256 18.6109 21.326 24.5523 
16.0307 19.1946 23.2794 14.279 19.2766 22.7 14.558 18.3692 22.9527 
11.2075 13.9726 19.8875 8.03441 13.983 18.1425 9.06038 11.687 17.5239 
194.666 96.9653 151.748 210.209 78.9711 148.631 101.22 98.9244 176.416 
109.817 60.3595 38.3496 25.5987 186.037 114.481 84.4913 63.3707 238.724 
102.302 59.3414 10.9503 173.753 171.611 196.912 231.158 127.862 237.465 
28.3033 104.188 157.396 40.3341 223.859 182.353 226.646 63.7633 160.813 
139.747 200.222 241.148 175.295 246.79 226.95 103.238 35.2 59.485 
217.951 253.034 236.226 175.807 226.933 194.435 17.9964 25.8865 57.7139 
112.598 113.49 114.196 113.558 114.718 114.599 114.346 115.847 115.531 
103.137 107.196 109.644 107.6 108.907 112.66 109.451 112.17 115.37 
98.2731 104.516 113.055 98.1627 106.288 112.813 97.9761 105.525 111.827 
95.3343 102.328 111.689 95.0708 103.848 111.394 94.6237 103.432 110.598 
93.972 96.7757 101.964 93.206 96.9707 100.397 92.2346 96.2387 100.362 
91.3442 93.5826 95.8424 91.2979 93.0373 95.5734 91.5933 93.3216 95.4882 
88.7408 91.0841 93.1792 88.3195 90.9163 92.9491 88.0715 90.7501 92.6523 
77.3044 84.14 89.4771 77.1955 84.8913 90.4733 77.8076 84.0855 91.2096 
80.4232 81.7033 83.1505 80.7085 82.1963 83.5662 81.3635 82.7048 83.7507 
77.3475 78.2074 79.6335 78.1658 79.0834 80.1166 79.2168 79.8395 80.2474 
72.1471 72.0537 73.0303 74.1492 74.3882 74.7543 76.2212 76.6398 76.7635 
69.5987 69.4447 69.34 70.7017 70.5551 70.4686 71.7847 71.7527 71.6925 
64.6434 63.0393 62.3377 64.7173 64.0425 63.7633 66.187 64.3101 64.1288 
63.0119 61.1848 60.1071 62.8647 61.9586 61.4113 64.1798 62.0562 61.6666 
62.8641 58.1236 54.9026 62.4838 58.8462 55.7175 63.6109 58.8495 56.1691 
45.7083 40.5936 36.2572 46.2414 40.6614 36.4412 46.3207 41.4893 36.8104 
30.0376 28.4953 27.0804 30.0699 28.413 27.1348 30.1908 28.6249 27.1204 
23.1382 22.8711 22.4577 23.2234 22.9318 22.6202 23.4425 23.2403 22.9456 
18.1885 18.6709 19.1349 18.0609 18.8794 19.3089 18.4882 19.0476 19.7413 
11.2301 13.8716 17.5338 10.4938 13.7997 16.6309 10.5777 13.1432 16.5815 
3.52715 6.84706 12.3482 3.31022 6.29838 10.2706 3.2199 5.55493 9.77975 
7.83186 15.8075 12.8177 6.16913 15.3615 20.0212 8.58886 8.1793 11.245 
8.06052 159.66 215.936 165.748 60.9448 2.47717 207.068 2.56284 127 
56.7286 136.924 173.504 67.969 124.571 90.0281 130.39 114.727 198.884 
211.156 167.281 127.696 215.208 107.167 145.433 148.886 14.4999 74.0441 
199.234 113.34 170.958 21.8507 96.7707 150.13 86.8588 142.571 226.067 
182.624 189.899 197.674 139.53 215.83 161.351 24.0656 26.1964 99.5749 
105.286 107.793 107.879 109.934 108.968 110.376 111.812 112.778 113.912 
103.888 106.433 106.822 108.79 108.093 109.769 110.98 112.023 113.545 
100.54 104.868 107.588 105.03 106.603 110.673 106.597 109.722 113.451 
96.6181 99.6424 107.169 96.046 102.061 106.727 95.2469 101.416 107.42 
93.1532 95.8677 98.6161 93.8505 95.91 98.9922 94.8372 96.735 99.3806 
90.0021 93.5578 96.8727 90.4099 93.2677 96.9548 91.3882 93.9344 97.0559 
75.9516 86.4434 94.2664 75.7536 87.2437 95.3078 76.8943 86.0348 96.5557 
71.1687 82.5995 91.1329 71.1866 84.071 92.8874 72.8294 83.0871 94.6404 
75.6949 81.7259 86.4827 75.1432 81.9868 86.8783 75.7182 80.6494 87.03 
78.7738 79.0096 79.1256 79.1303 79.1938 79.3105 79.3116 79.0919 78.7723 
75.7759 75.4041 75.6415 76.9399 76.1237 75.7652 77.7888 77.3707 75.9526 
72.2259 71.5737 71.3807 73.146 72.2689 71.6041 73.6616 73.1036 71.7625 
67.3366 66.3503 65.2788 67.6719 66.6782 65.3923 67.8514 66.8018 65.3953 
61.4064 59.6385 58.7766 61.2902 60.2386 59.7177 62.556 60.349 60.0027 
51.55 51.0961 49.8213 51.5177 50.8369 50.1384 51.5871 51.371 49.7387 
37.6886 36.9776 36.0664 37.924 36.6631 36.1783 38.1854 37.0425 36.0409 
30.4708 29.1691 27.8931 30.2246 29.8153 29.0875 31.2644 30.0045 29.3146 
25.1283 22.5441 19.4879 26.1291 22.3802 19.3742 25.9502 23.8876 19.3896 
16.5848 14.6714 12.7363 16.9026 14.8529 13.0077 16.9892 15.2027 13.2848 
10.7075 9.81312 8.87982 10.8214 9.80136 9.06158 10.7558 9.95151 9.15267 
0.500779 0.548269 0.617195 0.541162 0.53054 0.622178 0.54659 0.589647 0.602975 
0.34263 1.69006 1.86825 1.22021 0.574906 1.25961 0.460028 0.578481 2.17148 
57.3023 36.4839 81.1468 75.3355 18.3745 80.2373 26.0533 10.6879 32.9989 
128.755 21.9846 231.776 97.0838 173.397 195.767 52.5317 72.8189 239.726 
218.158 144.187 222.814 49.5346 204.206 186.193 226.816 67.6156 131.492 
155.83 130.982 65.7878 174.758 166.992 100.434 30.8877 195.9 18.6895 
46.6215 189.211 230.136 47.962 7.69461 127.647 103.401 162.792 45.8547 
106.774 107.704 106.293 107.128 107.345 106.555 107.937 107.633 108.189 
102.51 104.373 105.161 107.014 106.385 108.431 109.461 110.169 111.886 
102.294 102.639 104.436 102.345 103.574 105.375 102.24 104.513 106.366 
98.4135 99.701 101.577 99.2724 100.787 102.42 100.451 101.767 102.855 
94.9309 96.577 98.5196 96.3527 98.0771 99.9948 97.8343 99.5365 100.895 
89.3616 93.1937 96.8496 90.5792 94.0526 97.807 92.3639 95.732 98.9903 
85.7365 88.5403 92.9218 86.7781 90.3941 93.793 87.7325 91.5097 92.9139 
80.646 85.7795 88.8859 80.9756 85.122 88.7441 81.5251 84.7249 88.3815 
82.5781 82.8871 82.8723 81.8442 82.283 82.8948 81.3856 81.5703 82.064 
81.662 81.2755 80.4755 80.7204 81.294 81.0637 79.9812 81.3279 80.9384 
78.1566 77.9312 77.4861 78.3571 77.9896 77.6963 78.318 78.0554 77.3746 
73.5874 72.754 71.9634 73.6341 72.7795 71.986 73.6506 73.0773 72.16 
68.7884 67.5328 66.321 68.8777 67.7385 66.1804 68.8751 67.7583 66.0883 
57.7266 57.1198 55.8918 57.5961 57.0654 56.1812 57.5354 57.3946 55.9409 
51.3847 51.0591 49.9901 51.441 50.9569 50.3982 51.5745 51.4932 50.0674 
39.8351 38.8941 37.6906 39.7408 39.5353 38.9017 40.7216 39.935 38.9264 
30.8114 27.6604 24.11 31.9697 27.7348 24.242 32.0393 29.5904 24.2635 
28.0038 24.025 19.7687 29.0159 24.0493 19.7065 28.8601 25.7933 19.6983 
21.4905 17.9017 14.2086 22.601 17.7975 13.8807 22.2102 19.4096 13.9262 
0.747351 0.613889 0.476481 0.768186 0.579248 0.447208 0.690967 0.612854 0.470054 
0.0136042 0.00734537 0.0645758 0.0188387 0.0230899 0.0323322 0.0393541 0.0259084 0.0311285 
0.546543 0.467872 0.472581 0.644245 0.499781 0.467745 0.700435 0.550045 0.489367 
2.34492 2.50413 2.1057 2.95228 1.85781 2.94483 2.20165 2.31739 3.43003 
11.1034 78.7298 14.376 66.1296 111.683 3.52454 55.8965 6.41915 104.79 
250.304 221.425 120.329 62.5468 67.9272 11.0119 173.608 4.24805 119.738 
102.194 66.2961 245.558 100.821 62.7162 198.376 157.234 184.025 47.9452 
73.8446 162.636 247.044 83.684 153.856 34.7152 75.2955 154.68 28.8293 
105.815 105.973 104.755 105.729 105.689 105.526 105.948 105.039 106.668 
104.156 104.701 104.14 104.152 104.814 104.977 104.63 104.933 106.466 
101.686 102.045 103.464 101.277 102.441 104.005 100.517 102.837 104.365 
99.2457 99.5806 101.074 99.2171 100.308 101.806 98.6777 100.816 102.222 
94.8664 95.3335 96.3588 95.9875 96.6897 97.5749 96.9928 98.0002 98.5486 
89.7997 89.871 92.3394 90.5666 91.8123 93.2692 91.3722 93.0356 92.507 
87.6593 88.5293 90.4885 88.5756 89.8286 91.4419 89.3024 90.5569 89.9343 
87.0337 87.7964 89.5364 87.8092 88.953 90.4232 88.496 89.6264 88.6891 
84.0478 84.3873 83.6911 83.7461 84.4687 84.2849 83.4537 84.8762 84.2946 
82.5448 81.8996 80.7848 81.6984 82.4266 81.859 80.9383 82.573 82.0369 
80.4638 79.4895 78.3993 79.8237 79.9318 79.1705 79.2632 80.49 79.6227 
76.0462 74.8492 73.6968 75.8482 74.8195 73.539 75.6783 74.7923 73.6869 
72.5126 71.1683 69.8375 72.2841 71.131 69.5189 72.0677 70.9708 69.602 
65.0979 63.8652 62.5029 64.7686 63.6448 62.2036 64.3695 63.3048 62.1091 
54.5865 54.1878 52.9831 54.3098 53.9673 53.363 54.2451 54.4728 52.9442 
52.1537 52.5678 51.5577 57.258 50.0689 53.284 57.3021 49.2365 50.2888 
38.4914 34.0298 33.8237 28.1331 37.4639 26.7174 38.908 37.8762 27.9874 
25.5878 22.0998 18.6072 28.0851 22.8512 18.0654 26.8886 24.1841 17.6628 
7.40358 6.1371 9.33977 11.1119 12.55 6.9494 7.09911 6.31875 5.41616 
2.18604 0.380433 0.213468 1.74639 0.723218 0.310906 1.13948 0.789564 0.530945 
0.209308 0.0918377 0.0246619 0.25465 0.0666842 0.0198581 0.257342 0.0774784 0.0173036 
1.75164 0.832059 0.39663 2.77578 0.475988 0.549155 5.42224 0.650357 0.20645 
5.82139 24.8477 17.5323 18.8753 14.3402 33.6253 15.4149 28.7574 40.5412 
222.052 6.18246 106.909 24.3635 103.229 114.645 14.817 37.2342 235.298 
47.3704 90.5268 146.12 31.5942 161.159 7.1742 187.983 81.5354 25.2738 
252.395 2.91083 70.0772 34.0908 179.545 180.498 20.2118 251.607 219.918 
16.1567 207.089 236.818 84.3645 121.489 248.739 249.824 183.387 144.27 
105.364 105.134 103.928 105.163 104.816 104.935 105.206 103.77 106.242 
102.184 100.309 100.536 102.723 102.511 101.648 103.218 103.426 103.561 
100.738 100.311 101.109 100.34 100.982 101.798 99.9045 101.391 102.379 
97.533 97.211 97.3973 98.1701 97.9399 97.8006 98.5743 98.5994 98.2788 
94.9378 94.4096 94.8017 95.6844 95.3447 94.9525 96.3911 96.4063 95.8289 
92.0584 91.8281 92.4425 92.7848 92.6287 92.3474 93.6196 93.8936 93.5478 
89.2421 88.9163 90.7039 89.9105 90.7493 91.6292 90.6359 91.6755 90.6019 
86.6715 87.8361 87.7237 87.9954 88.1652 88.2196 88.9807 88.9905 88.6875 
85.4159 85.0826 84.7205 86.3368 85.9217 85.5412 87.1638 86.7814 86.2233 
84.4752 83.4122 82.0452 84.4439 84.1781 83.0765 84.9618 84.3621 83.1448 
80.6528 79.5123 78.6428 81.061 79.9996 78.9173 81.268 80.4998 79.5629 
77.3916 76.4159 75.5854 77.8602 76.8178 75.991 78.013 77.4275 76.6302 
75.6907 74.4486 73.2787 75.6628 74.6002 73.0657 75.6753 74.7062 73.6614 
72.2437 74.9828 70.025 70.5582 72.4053 69.3801 71.5015 70.291 73.9826 
131.853 85.6825 48.1127 136.146 125.266 76.9861 92.6419 52.2155 41.7228 
113.404 95.0473 1.70104 166.711 15.3163 191.882 242.775 227.896 61.6957 
178.378 246.222 114.497 75.9283 81.0449 57.422 180.938 43.7827 42.9427 
104.776 187.705 214.819 222.735 217.418 165.546 157.872 199.731 68.9083 
140.837 42.2824 12.5109 116.791 65.9603 60.6595 10.4331 21.7286 241.457 
8.0889 5.22057 16.8824 43.9259 23.8873 16.2355 48.4342 11.7668 58.7001 
64.7637 68.539 6.91766 69.8054 70.5741 70.0303 88.8389 68.4213 92.7247 
64.6708 46.2073 31.2106 23.2512 7.64766 40.2955 16.2319 40.7953 81.9445 
135.961 122.26 241.432 72.6121 122.219 248.825 82.0031 194.708 138.73 
135.579 11.9388 7.53049 39.2064 17.2575 23.3919 114.866 122.156 55.0477 
55.5213 218.803 175.124 194.768 201.268 134.304 182.879 123.283 115.353 
88.4443 195.993 206.89 23.6021 18.7862 201.985 193.803 157.284 163.836 
161.866 191.565 70.8178 161.125 3.1559 29.7467 117.814 70.541 125.191 
102.442 99.6579 99.8379 102.555 102.21 100.84 102.586 102.777 103.155 
101.249 98.6733 98.6164 101.556 101.495 99.667 102.47 102.718 101.974 
100.75 98.298 98.0105 101.003 100.61 98.7514 101.602 101.662 100.781 
98.185 96.8833 96.2404 98.5347 97.7016 96.6476 99.2317 98.3313 97.1864 
95.5957 94.4101 93.7836 96.3628 94.9126 94.0584 97.0742 96.1463 94.8912 
93.1354 92.115 91.8588 93.8956 92.9435 91.9531 94.7494 94.2483 93.0584 
90.2726 89.2906 88.9985 91.5529 90.9231 90.0375 92.8665 92.2438 91.5376 
87.9712 86.592 86.233 89.5258 88.9334 87.7259 91.6688 90.6682 89.603 
85.7272 84.5466 83.5146 86.7001 85.991 84.8007 88.2945 86.8116 85.5871 
84.6052 83.3923 82.3061 85.3075 84.3131 83.1929 86.894 84.9872 83.5755 
83.1107 81.9676 80.795 84.0024 82.9604 81.8327 85.2878 83.7371 82.3395 
78.6339 77.5244 76.8611 79.8891 79.4316 78.5848 81.5832 80.3706 80.2348 
139.027 106.361 139.785 99.9681 129.883 130.271 84.7001 123.994 64.4468 
127.238 194.746 137.486 142.117 227.972 37.9184 243.307 180.592 134.902 
79.801 33.1798 205.209 22.7703 21.0774 218.958 46.9082 60.5491 129.111 
11.2579 48.5398 182.105 64.8412 77.3597 194.749 240.916 16.8812 136.914 
191.534 199.174 4.31418 205.552 66.6668 131.904 97.068 199.911 21.9583 
18.3381 232.628 146.348 208.049 123.984 174.425 40.2697 38.9753 208.562 
207.794 40.189 93.2 223.753 19.1435 173.571 61.823 137.799 144.665 
92.8683 104.468 203.566 175.742 99.8904 16.5474 176.55 53.8386 149.892 
117.327 152.48 20.6504 246.031 206.935 153.678 7.34042 54.6452 108.507 
112.491 180.329 246.796 43.0409 243.283 211.848 25.6885 183.004 128.848 
30.4944 197.715 250.254 12.3404 220.598 227.829 56.5332 215.551 206.673 
82.5244 144.667 154.219 124.55 187.161 147.193 87.4024 208.251 209.921 
42.1383 59.358 159.795 72.792 172.496 29.8029 226.739 54.389 72.2782 
170.469 100.509 28.3024 153.036 89.4789 103.386 130.028 146.698 59.6271 
97.372 194.197 211.261 99.6407 227.771 138.426 237.653 145.6 50.3885 
