19340332
175.58 175.844 175.9 175.667 175.809 175.79 176.142 176.247 176.145 
138.481 138.662 140.335 138.621 138.021 138.738 138.461 138.597 139.349 
80.5976 82.2236 83.4144 82.69 82.5745 84.0756 82.0372 82.8353 83.7805 
54.6609 55.9089 56.5746 56.3756 56.1526 56.8621 55.7296 55.9436 56.1934 
38.5255 39.9585 40.3168 40.5394 40.5109 41.4001 39.9565 40.4389 40.7708 
198.899 199.385 199.68 199.659 199.889 200.148 199.971 200.583 200.919 
193.041 192.085 193.057 195.007 193.707 193.361 192.799 192.729 193.681 
115.747 115.62 116.51 115.297 114.616 114.499 114.89 114.462 114.696 
77.5379 79.1912 79.7282 79.482 79.5255 80.3122 78.8581 79.2638 79.4852 
68.498 68.0401 68.3534 68.347 67.7805 67.1232 68.2008 67.5472 66.8964 
216.542 215.489 216.258 218.252 217.082 216.576 216.423 216.549 217.289 
211.585 210.587 211.482 213.047 211.691 211.79 211.083 210.91 212.225 
187.224 186.239 187.34 188.746 187.357 187.532 187.106 186.774 188.041 
135.886 134.825 135.53 135.577 134.423 134.804 135.205 134.467 134.535 
137.701 137.936 138.37 137.781 138.206 138.389 138.737 139.382 139.689 
245.693 247.442 247.138 246.426 247.393 247.295 247.083 245.425 247.683 
225.133 223.716 225.845 226.109 225.222 225.665 225.291 225.332 225.81 
205.878 204.356 205.507 205.963 204.01 206.242 205.769 205.099 205.97 
190.282 188.965 189.757 189.186 185.432 186.711 189.58 187.372 186.545 
171.834 169.232 170.679 171.752 169.761 172.05 171.629 171.327 172.227 
249.338 250.949 251.661 250.035 251.424 251.557 251.279 249.859 251.868 
245.072 246.669 247.366 245.769 246.763 247.313 246.895 245.514 247.315 
216.722 216.137 217.417 215.724 212.768 213.33 216.674 214.762 213.265 
204.401 203.051 203.686 203.178 199.028 200.352 203.576 201.157 199.925 
190.574 189.957 190.295 189.088 186.353 186.422 190.461 188.846 187.696 
