439553
102.599 104.562 105.348 107.424 106.776 109.144 109.856 110.697 113.046 
102.556 104.133 104.805 107.258 106.336 108.54 109.853 110.12 112.41 
103.039 102.644 103.411 104.224 104.394 105.363 106.562 106.458 107.122 
98.8182 99.815 101.016 100.124 101.327 102.388 101.447 102.732 103.685 
94.2464 96.4592 98.9207 94.5518 96.007 98.1391 94.6814 96.2256 98.0486 
91.0561 93.7148 96.352 91.0098 93.1259 95.9753 91.6749 93.5802 95.9576 
89.1104 91.2596 93.1339 88.5901 90.2255 92.6765 88.7646 90.1823 92.5643 
85.2445 85.9665 86.7676 84.1827 84.9215 85.8103 83.2285 83.9783 85.0203 
82.7505 82.8524 83.0231 81.5251 81.589 81.7497 80.3957 80.3447 80.8938 
79.9751 79.574 79.072 78.965 78.3842 77.587 77.1514 76.6317 76.9086 
75.924 74.9438 73.8561 75.103 73.9063 72.7004 74.0366 73.0144 72.3941 
71.6856 70.4154 69.1613 71.4394 70.3535 68.7007 70.879 69.7175 68.1072 
68.4352 67.1139 65.9136 68.3062 67.0635 65.4088 67.868 66.6286 64.904 
64.4946 63.2478 61.9125 64.4838 63.3979 61.9621 64.1405 63.1203 61.7196 
54.4908 52.5534 51.3412 54.592 52.5117 51.0231 54.4285 52.5919 51.2794 
37.7575 35.1066 32.8481 37.7139 35.7029 33.6909 38.5444 35.9166 33.8924 
30.8404 27.3675 23.607 31.8327 27.3915 23.5968 31.9211 29.0155 23.7194 
26.6841 23.0803 19.245 27.6706 23.1262 19.2141 27.6274 24.7417 19.2976 
18.1743 15.4352 12.5706 19.2552 15.4295 12.2393 18.878 16.8251 12.3136 
3.35594 3.07794 3.3713 3.38133 3.19462 3.25366 3.3503 3.3171 3.39013 
0.57279 0.445599 0.413677 0.635641 0.430709 0.354313 0.642493 0.465251 0.377023 
0.119965 0.116665 0.182838 0.160474 0.143247 0.169162 0.186738 0.152779 0.150761 
0.134177 1.87285 1.62682 0.137158 1.84493 1.57022 0.137016 1.85557 1.55563 
14.0944 81.21 70.2453 14.6436 82.6067 68.2622 14.9025 83.7169 70.5957 
61.0866 59.7368 38.1897 60.7173 60.2859 39.5323 60.5541 60.2425 40.1027 
79.87 56.6736 26.57 76.555 56.8878 32.4701 74.7458 56.9765 31.9763 
102.925 105.076 105.926 107.339 106.785 109.37 108.625 109.547 112.586 
104.732 104.257 105.232 105.259 105.398 107.006 105.937 105.936 108.253 
103.989 103.259 103.541 103.968 103.407 104.642 103.728 102.663 105.064 
98.6028 99.5242 100.784 98.5229 99.1106 100.287 98.0278 98.7837 99.9908 
96.2142 97.6546 99.2356 95.4937 96.4337 97.6494 94.4879 95.6895 96.9502 
94.3678 95.8362 96.8765 93.5704 94.1768 94.5924 92.9515 93.6152 94.4932 
89.8607 91.0898 92.0357 88.9376 90.247 91.195 87.9778 89.5192 90.4198 
86.513 86.7522 86.8604 85.2509 85.6151 85.8455 84.0757 84.486 85.2323 
83.7113 83.405 83.5494 82.1158 82.0194 82.3031 80.9417 80.8076 81.3078 
81.017 80.6779 79.813 80.0653 79.7692 79.1191 78.4905 77.9076 78.1168 
77.3162 76.3106 75.2113 77.1183 75.6768 74.8999 76.1952 74.7077 73.1946 
72.4382 71.4249 70.173 72.2613 71.2369 69.9177 71.9008 70.7557 69.519 
66.955 65.993 64.7919 67.0529 66.1811 65.0461 67.0476 65.9951 64.7953 
62.5739 60.9977 60.1143 62.3694 61.6323 61.1908 63.5416 61.7005 61.4083 
55.065 53.924 52.7132 55.1161 53.9087 52.9364 55.0648 53.9122 52.7758 
42.7243 40.9607 39.7274 42.8986 41.0057 39.7182 43.069 41.3086 39.923 
30.7001 29.6534 28.7542 30.7401 30.123 29.39 31.569 30.5363 29.7028 
25.8421 24.2625 22.3215 26.6619 24.1576 22.1508 26.6532 25.5793 22.3769 
12.7195 13.9963 16.4492 12.8197 13.8804 15.4261 13.0827 13.7599 15.4313 
5.92881 6.87008 8.43025 6.59158 6.99459 8.17099 8.30966 6.91974 8.30717 
3.25515 3.0792 3.04039 4.24216 3.12252 3.14887 5.61004 3.42675 3.24348 
1.54217 1.46745 1.40799 1.68107 1.49448 1.45978 1.77537 1.58203 1.48298 
21.0574 35.538 33.4082 21.0141 35.7044 32.9636 21.1581 35.8339 33.3259 
45.8204 60.5409 56.9482 45.931 60.6569 57.0746 45.3773 60.6666 56.7868 
61.8032 56.0029 51.1915 62.4064 56.2915 51.2857 62.2282 56.8924 51.7934 
71.3617 60.3717 50.5263 71.0119 60.2503 49.8437 70.6117 60.0105 49.6248 
106.116 106.902 105.795 105.647 106.161 106.082 105.245 105.12 106.885 
105.587 105.136 105.191 105.288 104.64 105.4 104.292 103.362 104.996 
103.686 103.513 103.24 103.325 103.118 103.516 102.847 102.402 102.91 
100.909 101.285 101.196 100.34 99.5396 99.8128 99.616 98.3576 98.612 
96.2967 97.1673 97.7029 95.2573 95.3298 95.2298 94.1012 94.3842 95.0003 
95.6108 96.216 96.2121 94.3352 94.4504 94.0211 93.3918 93.5111 93.8699 
93.0251 93.5313 93.4232 92.0216 92.0316 91.4752 91.2069 91.2992 91.4842 
86.7039 86.1635 85.8099 85.4412 85.2531 85.1095 84.9965 84.7255 84.5981 
83.5284 83.0829 82.464 82.3538 82.1423 82.0952 81.6228 81.0747 81.2429 
80.049 79.3398 78.4368 79.7473 78.5775 78.4443 79.1437 77.8307 76.5095 
77.9875 77.0536 76.1727 78.2321 76.833 76.2719 77.8678 76.4302 74.7399 
74.8796 73.8994 72.9964 75.1845 73.8113 73.258 75.1047 73.652 72.0189 
65.5969 64.0182 63.2044 65.5422 64.8413 64.5125 66.9363 65.0516 64.7761 
62.8504 61.3118 60.5803 62.8682 62.2633 62.0533 64.369 62.5097 62.4272 
59.2717 57.3709 56.6078 59.1018 58.1831 57.6557 60.3917 58.2838 57.9729 
47.9288 46.4686 45.3796 48.1362 46.5747 45.5265 48.329 46.7393 45.5766 
36.2175 35.6853 35.277 36.5705 36.0266 35.6367 37.0653 36.5066 36.131 
26.2915 27.1644 27.9613 26.2157 27.3141 28.154 26.7129 27.5764 28.5684 
21.7656 23.478 25.6552 21.2536 23.8075 25.6708 21.6964 23.6194 25.9948 
14.2869 16.4628 19.5181 13.7294 16.5886 18.9889 13.9791 16.1172 19.0192 
13.3828 13.9204 14.6443 14.1839 14.0475 14.706 15.8966 14.0402 14.7895 
31.3025 31.1876 31.408 31.7356 31.9324 31.8995 31.7816 32.2928 32.2673 
48.6017 48.7404 47.8179 48.5643 48.5171 48.2787 48.6725 49.2019 47.8955 
54.3566 53.7164 52.8061 54.3333 53.4927 52.8281 53.8095 53.3808 52.1291 
59.3372 57.3636 55.803 59.3527 57.1067 55.6088 58.6609 57.0604 54.9213 
71.0934 70.0232 68.7044 70.9373 69.391 67.8922 70.2523 69.0068 67.6316 
106.228 106.813 105.197 105.704 105.914 105.102 105.596 105.043 105.679 
105.862 105.897 104.126 105.481 105.145 104.151 105.416 104.461 104.756 
101.913 101.309 101.419 101.991 100.773 100.205 101.592 100.176 99.7139 
100.318 100.026 100.051 100.186 98.9935 98.7524 99.8083 98.1143 97.6956 
99.1469 99.054 98.9814 98.8772 97.5429 97.4243 98.044 96.4181 96.3061 
95.184 95.348 95.0516 94.3633 93.9469 93.0571 93.5226 93.1999 93.0094 
90.669 89.8263 88.8138 90.4181 89.6219 88.5136 90.1731 89.3932 88.4937 
87.0313 86.1898 85.279 86.9692 85.925 84.7879 87.098 86.0912 84.9941 
84.2066 83.181 82.3836 83.6218 82.6997 81.9142 83.6618 82.6577 81.8353 
80.4765 79.6029 78.67 80.4921 79.5669 78.664 80.4778 79.4555 78.3431 
77.5911 76.4868 75.7648 78.1825 76.517 75.909 78.2678 76.8508 74.8746 
72.8768 71.8761 71.6301 74.3972 73.7013 72.839 75.7317 75.3902 74.3815 
68.8228 68.1909 67.7673 69.7213 69.2049 68.7311 70.5634 70.1464 69.6439 
63.334 62.055 61.5337 63.4913 63.0993 63.0086 64.9741 63.4228 63.4068 
58.3861 58.0054 57.9233 58.659 58.4343 58.4196 59.0161 58.6961 58.7652 
52.6353 52.0877 51.5647 52.7753 52.4375 52.0198 53.2033 52.4864 52.2613 
44.4532 44.9796 44.9819 44.9345 45.296 45.5598 45.5351 45.6646 45.8782 
35.477 36.128 36.5956 35.6737 36.3352 36.9308 36.008 36.6384 37.2314 
38.1888 36.9137 37.4101 38.4256 37.7308 37.7231 38.1404 38.651 38.6039 
27.0552 28.9831 31.4326 26.2735 29.1517 31.2313 26.4956 28.544 31.2359 
39.514 39.7791 40.2883 39.9168 40.4667 40.7452 39.8061 40.7216 40.9944 
44.6772 44.8856 45.7441 45.1372 45.8345 46.1183 45.3193 46.3188 46.601 
48.2719 48.2924 48.7848 48.634 49.1916 49.2664 48.6582 49.7248 49.7405 
57.3689 57.1466 56.1404 57.1586 56.7138 56.2611 57.1285 57.4398 55.9088 
72.1228 70.9379 70.147 71.5623 70.0675 69.0536 71.021 70.1479 69.1031 
85.8088 84.8226 83.1051 85.0061 83.0351 81.8193 83.5926 82.3885 81.6257 
104.906 105.311 104.334 104.204 104.722 104.595 103.853 104.227 105.581 
103.599 101.548 101.365 103.891 102.909 101.367 103.582 103.298 102.709 
101.908 99.251 98.7612 102.152 101.428 99.4101 102.79 102.495 101.294 
100.402 99.2536 99.4537 100.518 99.0866 98.2523 100.398 98.7144 98.3087 
98.3617 96.9437 95.7297 98.0644 97.0767 95.5905 97.8669 96.723 95.633 
94.9837 93.6243 92.0886 94.965 93.7209 92.103 94.8378 93.5339 92.2348 
90.8496 89.056 87.5822 91.2757 89.9063 87.969 92.0792 90.6107 89.0768 
87.053 85.5376 84.3033 87.4495 85.9412 84.3992 88.5003 86.7735 85.346 
84.9724 83.5294 82.0654 85.1133 83.9663 82.4088 85.8931 83.968 82.3277 
81.2539 79.8405 78.7799 81.7096 80.2446 78.9426 82.115 81.0316 79.6022 
75.1763 74.0817 73.9556 77.0024 76.2448 75.3166 78.8304 78.4876 77.2564 
70.9657 70.1888 70.8792 73.5724 73.7183 73.8732 76.6878 77.3696 77.7605 
68.1513 68.1277 68.6194 70.3697 70.763 70.9316 72.5895 73.4241 73.5853 
64.2475 64.8742 65.8673 65.3734 66.1777 66.9231 66.6111 67.4313 68.1641 
62.3656 63.047 64.2946 62.0958 62.9994 63.3639 63.1644 63.7761 64.5097 
55.5677 56.1672 56.8007 55.7998 56.4227 57.13 56.1254 56.6553 57.2774 
51.6991 52.5913 53.0317 52.0907 52.8856 53.5921 52.5674 53.1515 53.7408 
44.3047 42.9075 43.4758 44.6405 43.877 43.8996 44.3744 44.9291 44.8768 
42.5711 41.2099 41.5805 42.8489 41.9978 41.907 42.6455 43.0526 42.8422 
42.8614 41.2263 41.7173 43.0522 42.0478 41.9549 42.6691 43.0528 42.8898 
46.2602 46.9007 48.1607 46.2991 46.9129 47.7088 46.6313 46.9503 47.5274 
48.8421 49.0728 50.1145 49.2024 49.9708 50.4032 49.3086 50.4254 50.8632 
59.3218 59.9339 61.124 59.1654 59.9008 60.5962 59.7522 60.5645 60.5711 
75.1185 74.6797 74.5516 74.805 73.9268 73.6388 74.3781 74.0952 73.7044 
88.6169 87.5129 86.1077 88.0854 86.1248 85.0538 86.825 85.6428 85.0131 
92.1658 90.9129 89.1671 91.4319 89.3393 87.8137 90.1027 88.5317 87.5931 
101.749 102.411 104.107 100.964 102.528 104.417 99.9105 102.636 104.616 
101.491 100.925 101.363 101.085 101.855 102.554 100.803 102.918 103.494 
100.888 98.4445 98.0901 101.678 101.168 99.1839 102.679 102.753 101.65 
98.6991 97.3279 95.7749 99.4162 99.2929 97.5973 101.396 101.277 98.846 
96.095 94.3372 92.9778 97.177 95.234 93.571 97.644 96.0976 94.3903 
93.1979 91.1105 89.8451 94.0115 92.5772 90.6278 95.0512 93.503 91.9509 
89.6493 87.2577 86.2741 90.8565 89.5079 87.7018 93.0921 91.0979 89.6942 
86.1834 84.3402 83.13 87.1337 85.9477 84.2083 89.0328 86.8198 85.0616 
84.5286 83.1734 82.0309 85.2166 84.0692 82.7814 86.8044 84.6268 83.1118 
82.2993 81.2269 80.2259 83.5061 82.463 81.3072 84.8814 83.3641 81.7542 
75.1462 74.6034 75.4195 77.0603 77.0944 77.5337 79.226 80.3736 80.8604 
68.4941 68.2725 70.7363 71.4981 73.1546 74.9899 75.5241 78.5566 81.3466 
67.45 68.5489 70.4449 69.177 71.0951 73.388 71.2091 73.9528 76.791 
65.1171 66.1567 67.7974 64.9433 66.2814 66.9434 66.2165 67.3233 68.4112 
65.1748 65.7713 67.4475 64.9332 65.7227 66.1686 65.496 66.2177 67.3795 
62.5175 63.3651 64.7245 62.0995 63.1017 63.6083 63.0263 63.7121 64.6236 
56.5904 57.6226 58.5454 56.8132 57.6153 58.6004 56.7549 57.6224 58.4612 
49.3774 50.4406 51.1907 49.3793 50.1266 51.1082 49.5658 50.0924 50.8517 
44.8243 43.4987 44.1188 45.1319 44.2336 44.4782 44.847 45.4509 45.4225 
63.5886 67.4896 71.3219 63.6996 67.4559 71.495 64.077 67.4592 70.7082 
72.5247 74.0675 80.0906 71.6168 75.4881 78.8284 70.8982 74.9249 79.2318 
63.9971 64.84 66.9377 63.8384 64.8406 66.2035 64.2136 65.0566 66.039 
95.4483 96.9494 98.3319 95.8412 97.1231 98.2779 96.1532 96.4254 97.0716 
103.862 102.946 103.696 102.551 101.733 102.648 102.367 102.932 102.827 
106.193 105.786 104.502 106.274 104.661 103.12 105.791 104.2 102.869 
101.062 98.7767 96.3363 101.13 97.9378 95.5578 100.214 97.5642 95.6289 
100.552 101.257 103.32 99.66 101.339 103.553 98.5016 101.415 103.643 
98.5712 98.93 99.8993 99.0977 99.6628 100.545 99.4942 100.142 100.725 
97.9044 97.3483 96.7518 98.8362 99.3155 98.5805 100.783 101.347 99.7469 
95.4833 94.7418 94.4947 97.664 96.761 96.292 99.4072 98.9592 98.0527 
93.822 92.8652 92.3916 95.7374 94.766 94.1596 97.2108 96.7894 95.8589 
90.167 89.8409 90.4633 92.0574 91.4031 91.3157 93.3502 93.2359 92.9696 
87.1553 86.0776 86.7708 89.3879 89.2571 88.6357 91.7137 91.3014 91.3505 
83.8981 83.6513 84.6558 86.0752 85.7142 86.4994 89.7596 88.7461 88.6655 
82.5222 81.9564 81.5916 84.2529 83.7768 83.3735 86.191 85.3385 84.3977 
76.8563 77.2726 79.0097 79.1625 79.4009 80.7095 81.3602 81.6895 83.2222 
75.0308 75.7398 76.8663 76.5886 77.3451 78.5385 78.1569 79.2054 80.2196 
71.6455 72.5327 74.3692 72.9156 74.6613 76.3693 74.4893 76.1803 78.4114 
70.1344 71.2871 72.1105 71.046 72.2693 73.4689 71.7139 73.267 74.2081 
67.9475 68.359 69.7355 68.3053 68.8416 69.6423 67.6381 68.5725 69.908 
65.9336 66.4787 68.1024 65.6183 66.3602 66.7724 66.1469 66.7891 67.888 
65.9535 66.3342 67.5459 66.0787 66.4357 67.043 64.9858 65.736 66.9492 
63.4153 64.1165 64.5975 62.9528 63.5694 63.9716 61.8983 62.7003 63.5051 
60.529 60.698 63.6403 61.7862 60.228 61.6524 57.5385 60.4514 61.0216 
85.2835 86.0799 72.4946 63.6686 78.6775 77.7423 67.8514 69.4608 94.1224 
97.8443 104.52 113.672 98.1172 105.742 113.349 97.8465 105.156 112.577 
95.9184 102.107 111.21 95.5304 103.857 110.653 95.4077 103.381 109.88 
105.995 109.395 114.099 106.209 110.346 113.404 106.309 108.782 111.538 
109.436 109.771 111.228 108.899 109.246 110.701 109.372 110.151 110.324 
109.989 110.412 109.828 110.334 109.381 108.467 110.387 109.821 108.778 
110.61 109.795 108.596 110.592 108.623 107.337 110.598 108.964 107.321 
110.594 108.975 106.561 111.245 108.414 105.822 111.129 108.459 105.981 
97.9071 98.7734 100.552 97.9941 98.9916 100.625 97.9124 98.913 99.9585 
97.2912 97.4041 98.2322 97.4559 97.7373 98.6009 97.487 98.1624 99.0804 
96.6186 96.3457 96.9123 97.1725 97.0042 97.2482 97.8307 97.9346 97.6824 
94.2633 93.6753 94.4161 95.1328 94.811 94.5308 96.1938 96.6345 95.9661 
91.7984 91.2849 91.6823 93.0489 92.402 92.6472 94.2454 94.3596 94.0053 
88.2458 88.5042 90.9643 89.2682 90.4793 92.1802 90.3494 91.7652 91.3926 
86.0654 87.1839 88.8898 87.6269 88.668 90.021 88.8611 89.9004 91.0433 
83.8425 84.7735 86.236 85.9199 86.5081 88.0006 87.1909 88.2827 89.6223 
79.8565 80.8294 83.0226 81.3759 82.6125 84.6182 83.2435 84.4478 86.7341 
78.9598 79.1056 79.708 79.2548 80.5909 81.4047 79.8084 82.109 82.9241 
76.9931 77.7357 79.0498 76.7834 78.0957 79.7369 77.1121 78.9133 80.457 
74.5133 75.4293 77.1142 74.9442 76.4057 77.6406 75.3467 76.6234 77.9841 
72.3809 73.2668 74.3983 72.7069 73.7339 74.7017 72.8587 73.9631 74.9277 
70.7711 71.5075 72.3867 70.687 71.469 72.146 70.683 71.304 72.0288 
68.1423 68.4664 69.6663 68.2125 68.5698 69.1701 67.3144 67.9791 69.1259 
67.8748 68.5565 69.0732 67.4899 68.0519 68.5815 67.2936 67.515 67.982 
68.7814 68.4096 66.3704 68.6983 68.1975 66.3809 65.7508 64.6391 65.4174 
164.94 158.504 173.973 226.624 150.867 121.429 130.98 147.071 219.314 
129.093 131.844 133.205 118.007 92.0729 118.305 138.631 113.425 101.852 
108.221 113.247 118.637 108.23 113.448 118.603 108.335 113.098 117.249 
109.33 113.009 118.292 109.282 113.89 117.387 109.462 112.513 115.785 
112.255 115.557 118.628 112.962 115.976 118.455 113.583 114.932 116.53 
111.981 114.455 116.604 113.074 115.165 116.538 113.848 114.778 115.39 
111.655 111.961 111.855 112.067 111.351 111.097 112.308 112.601 111.691 
111.744 111.586 110.119 112.252 110.581 108.975 112.043 110.693 109.254 
114.924 111.66 108.826 115.563 111.996 109.019 115.687 111.677 109.26 
96.642 97.9686 98.1979 96.4662 97.3172 98.9451 97.1811 96.5696 100.351 
96.2395 96.3918 96.4533 95.8127 96.1886 96.8631 94.7796 95.8671 97.9952 
94.5468 94.3204 95.1108 94.6266 94.6354 94.5955 94.8199 95.5706 95.7857 
92.819 92.4745 93.1944 93.1238 93.0906 92.5887 93.5686 94.3386 93.6137 
90.1111 89.5486 91.33 90.569 91.2706 92.0641 91.2689 92.3863 91.129 
88.4129 88.2136 90.0586 89.0699 90.0641 91.3458 89.871 90.9234 90.0678 
87.4446 87.3333 89.0333 88.2269 89.2151 90.4902 88.8967 89.9723 89.1705 
85.6648 85.7815 86.161 86.431 86.4188 86.8255 86.0083 86.4631 86.957 
83.8484 83.7078 83.6883 83.0389 84.4394 84.5093 82.6353 85.253 85.3808 
81.2184 81.0662 80.6986 80.4141 81.7456 81.9383 80.021 82.5414 82.5968 
79.8691 79.937 79.873 78.9904 80.3569 80.7824 78.7016 81.0933 81.292 
76.7458 77.3695 78.1367 76.2293 77.2871 78.5236 76.0927 77.8117 78.9429 
73.8374 74.4728 75.3273 73.7087 74.4219 75.1169 73.5062 74.2782 74.9484 
72.8301 73.4487 74.0508 71.8732 72.7277 73.7196 72.5015 72.7056 73.5156 
71.0418 71.6827 72.3335 70.6287 71.2071 71.7861 70.4145 70.7188 71.3922 
71.5539 70.001 72.5312 69.5313 68.5808 71.5173 72.0942 69.428 71.7658 
81.4988 207.189 74.5714 41.1388 130.73 6.30247 138.031 218.604 48.9258 
182.306 101.702 211.006 49.1108 200.816 113.735 27.165 100.142 26.0265 
121.111 124.259 126.029 118.951 123.07 126.024 118.019 122.043 124.02 
118.949 120.941 122.88 118.221 120.02 122.26 117.729 119.468 121.415 
117.707 119.119 120.975 117.359 119.052 120.94 117.526 118.918 120.369 
113.732 116.377 119.042 114.79 117.394 119.187 115.594 116.908 117.917 
114.643 115.051 116.007 116.25 116.946 117.104 117.415 118.251 118.008 
114.855 114.692 114.886 115.607 115.744 115.414 116.313 116.952 116.329 
118.996 118.144 115.569 118.492 117.027 116.552 117.976 116.626 115.536 
118.933 115.994 112.682 119.047 115.688 112.708 118.956 116.408 113.908 
90.3482 106.915 100.812 104.432 88.1909 90.3143 100.769 107.727 104.134 
95.9268 96.0391 95.7404 95.0834 95.4479 96.0028 93.6557 94.8584 97.2937 
94.5534 95.0121 94.8773 94.0361 94.6879 94.8216 92.9761 94.073 95.3279 
92.5461 92.4663 93.0103 92.5514 92.8228 92.3786 92.6052 93.2482 92.9099 
91.2472 91.1985 91.225 91.5966 91.668 91.3897 91.378 91.6202 90.9769 
88.841 88.5883 90.1821 89.2044 90.0694 91.1158 89.5657 90.4801 89.5532 
86.6141 87.5117 87.7686 87.3068 87.2529 87.6944 86.7209 86.8808 87.2598 
85.4681 85.5638 85.9372 84.9369 85.8622 86.1841 84.2983 86.193 86.6577 
84.6117 84.6911 85.2626 84.1098 85.1597 85.5801 83.5785 85.5529 86.0081 
82.8488 83.0215 83.3154 82.0175 83.5208 83.8327 81.6538 84.1554 84.4362 
78.9019 79.7637 80.6503 78.4413 79.5008 80.9703 78.5309 80.1774 81.2531 
77.4304 78.1592 78.8457 76.8878 77.806 78.4774 76.7731 77.7349 78.4479 
75.298 76.0684 76.5804 74.1221 75.0806 76.2729 74.8134 75.189 75.9349 
73.9229 74.5238 75.0823 72.5691 73.4748 74.6543 73.6383 73.5324 74.3043 
73.5158 73.8117 74.6929 72.9594 73.0268 74.2122 73.689 73.4259 73.1035 
26.176 40.7626 61.6773 226.242 115.481 24.0839 87.2089 19.9094 69.61 
219.147 21.1668 75.7211 94.5815 216.119 123.003 86.1922 231.363 22.0501 
119.795 118.107 131.569 114.586 129.495 138.433 112.348 134.123 109.356 
122.131 126.821 130.624 121.166 126.329 130.495 120.94 125.607 129.371 
122.794 124.976 126.522 121.846 124.037 126.23 121.125 123.19 125.063 
122.253 123.317 124.601 122.034 123.359 124.374 122.303 123.266 123.879 
120.25 121.866 124.231 122.068 122.825 124.908 122.863 123.635 124.477 
117.643 117.674 118.677 119.117 119.822 120.278 120.577 121.46 121.37 
121.737 120.783 119.922 121.484 121.544 121.652 123.427 123.41 120.837 
121.952 121.01 118.514 121.276 119.962 119.58 121.056 120.171 118.766 
121.959 120.381 116.571 121.781 119.33 118.003 121.519 119.783 117.493 
99.5525 93.3791 42.7026 106.602 68.9933 112.724 38.0045 204.906 185.443 
94.9566 96.1884 95.4806 94.1378 93.8463 95.0141 93.2911 94.5217 96.8115 
92.7694 93.4824 94.3274 92.6115 93.2493 93.8653 92.292 92.8642 93.459 
91.4938 92.4554 93.0023 91.903 92.4802 92.871 91.1614 91.9195 91.8154 
90.3144 91.1318 91.642 90.9306 91.0231 91.1971 90.1721 90.0735 90.3083 
87.603 89.5621 89.5985 88.1965 88.4184 89.0306 87.9876 87.962 88.2728 
86.849 88.8305 88.814 87.1374 87.568 88.3131 87.0192 87.2856 87.6662 
86.1269 87.2579 87.6897 86.3247 86.6804 87.5372 85.6934 86.3614 87.0139 
83.9655 85.1126 86.2123 83.1748 85.3327 86.4543 82.9968 85.81 86.8611 
80.6981 82.4667 84.1019 80.47 82.6229 84.575 80.7814 83.0829 84.5497 
72.798 80.6107 86.0276 72.1361 80.9299 86.4421 72.6571 79.5281 87.0833 
77.0307 78.206 79.0013 76.2604 77.3338 78.3067 75.7596 77.3333 78.1283 
77.4523 77.5923 77.3781 76.4788 77.0271 76.6283 76.2913 76.798 76.7992 
74.7728 76.9761 77.0412 74.4599 75.39 76.1558 75.7863 74.6406 75.903 
198.428 157.994 96.5845 113.703 201.121 180.18 152.244 122.843 55.6725 
191.602 2.2933 254.5 174.19 104.67 246.503 97.9432 175.741 181.419 
83.5081 211.322 50.6772 140.862 64.0274 185.921 212.247 194.74 44.3121 
127.12 132.453 140.872 127.913 133.475 136.172 128.924 135.488 135.736 
127.643 131.774 133.927 127.043 130.601 133.939 126.567 130.611 133.803 
127.778 129.761 130.694 126.894 128.694 130.012 126.238 127.791 129.03 
125.183 126.892 128.349 125.64 126.141 128.125 125.41 125.837 126.595 
123.171 124.948 127.436 124.799 125.298 128.112 125.578 126.022 127.205 
124.141 123.784 124.111 124.632 125.508 126.457 127.705 128.204 126.535 
124.432 123.223 123.031 123.994 124.225 124.451 126.656 126.418 123.911 
124.677 123.331 121.688 123.999 123.395 123.037 125.816 124.967 121.818 
125.76 122.677 120.356 127.186 122.889 120.121 127.139 123.816 121.834 
165.258 164.163 115.009 130.478 28.079 189.035 130.503 193.357 204.22 
93.9369 109.951 31.2432 27.0122 122.176 170.159 23.9306 174.589 175.792 
91.0137 98.95 99.1911 106.9 102.768 100.15 87.1344 92.9849 107.654 
113.634 91.7078 110.826 95.5631 105.518 88.0505 103.537 86.6505 86.3481 
88.7268 91.492 93.1299 91.3899 92.6501 90.8847 91.3725 91.2217 89.9277 
92.8576 93.3576 94.8676 90.7567 90.9831 91.1053 91.3712 91.3936 88.5305 
87.3641 89.3302 90.1319 86.6616 87.7047 88.3387 88.0274 87.8444 88.14 
83.2915 88.7131 92.1683 81.9706 88.5697 91.7179 82.9042 88.038 91.7472 
74.7438 89.4624 94.3536 74.8773 90.0744 94.7556 75.5253 91.0095 94.8499 
69.5826 83.1918 90.7285 69.0777 84.1406 91.9802 69.631 82.0759 92.8181 
64.9448 81.2137 90.1602 63.8407 82.9281 91.6715 65.609 79.2947 95.8967 
79.9228 86.1291 89.9132 79.2978 91.2142 82.6013 74.1942 84.2754 87.3184 
90.9007 88.8837 79.3223 96.9467 84.6771 69.2111 86.9697 83.297 92.2181 
153.534 135.935 142.692 54.0136 53.4489 184.972 53.3081 35.9968 228.921 
112.959 227.244 76.7226 31.396 16.9065 233.015 244.662 71.3977 238.569 
192.628 68.3561 167.925 161.465 78.4286 183.93 145.787 206.02 153.35 
147.92 146.688 128.643 132.835 128.267 136.524 140.417 138.77 129.186 
133.462 136.626 137.768 132.943 135.246 137.545 132.266 135.536 137.947 
133.858 134.979 136.192 131.961 133.657 136.007 131.467 134.07 135.519 
132.382 134.107 133.567 131.194 132.282 133.126 130.328 131.868 132.735 
131.214 131.642 130.911 130.293 130.349 130.093 129.909 129.695 129.364 
126.975 127.704 128.132 128.063 128.629 129.951 129.036 129.811 130.722 
126.89 126.856 126.899 127.907 128.389 129.648 129.598 130.364 131.586 
126.584 125.489 124.903 126.432 126.9 127.12 129.16 129.447 127.376 
127.747 125.682 124.402 128.844 125.913 123.976 128.543 126.278 125.451 
129.139 126.043 123.765 131.102 126.432 123.574 130.697 127.085 125.425 
17.8271 27.2407 114.639 25.6657 166.018 213.533 108.185 210.274 209.784 
26.314 36.7653 11.0137 43.0541 152.311 163.365 24.8542 188.342 195.492 
79.8135 33.2678 130.781 59.4886 122.4 164.192 99.3408 110.692 137.18 
62.2919 149.284 144.406 2.17643 108.902 208.946 209.574 39.9871 117.355 
218.17 140.111 104.968 130.738 188.992 67.1786 45.6064 148.781 131.702 
227.268 183.018 108.123 244.974 187.176 119.991 104.642 7.11632 131.478 
23.9989 118.632 137.989 223.127 183.628 134.99 217.028 184.925 107.93 
91.8736 137.319 163.651 84.876 203.485 109.811 70.3419 110.379 182.011 
69.7426 79.9959 107.939 65.2582 108.552 96.7848 55.2804 114.781 132.56 
178.128 166.553 118.39 160.417 87.1898 141.278 131.736 113.203 56.1635 
75.6448 64.93 78.5232 100.623 121.247 108.185 49.7908 97.1072 71.6455 
112.009 69.3443 116.576 145.483 170.71 194.353 130.091 69.8385 233.615 
149.446 239.825 172.81 76.619 33.2234 59.7108 105.088 105.345 193.074 
144.269 230.596 24.0432 213.574 197.52 40.3157 114.631 224.823 148.103 
42.374 61.1921 92.6872 201.523 207.072 229.794 82.1177 50.304 139.294 
110.6 124.029 74.8272 86.3651 171.859 73.5646 108.787 84.0284 158.009 
143.081 140.185 138.903 142.302 140.147 138.378 142.457 141.38 139.886 
139.82 138.535 138.693 137.856 137.638 138.164 137.281 137.731 137.814 
137.454 137.068 137.538 135.002 135.572 136.886 134.044 135.65 136.243 
138.851 139.371 139.122 139.121 140.255 138.805 138.942 139.586 136.757 
135.514 134.992 134.035 134.83 134.062 133.203 134.632 133.579 132.89 
132.906 132.936 132.807 132.918 133.071 133.169 133.268 132.924 133.143 
129.495 129.629 129.819 130.329 131.363 132.073 131.919 132.699 133.05 
129.673 129.715 129.321 131.004 130.901 130.788 131.376 131.812 132.228 
130.611 128.866 127.527 131.818 129.707 127.617 131.64 130.343 129.164 
135.559 131.5 129.788 136.498 133.965 131.36 135.929 134.367 132.835 
170.394 74.3895 77.2574 14.1046 32.8697 150.19 225.842 144.822 189.143 
37.0168 22.465 7.46699 43.0092 102.989 120.832 128.929 156.795 201.366 
16.3198 208.818 179.753 135.654 151.801 141.685 166.119 94.3532 243.338 
27.5005 225.638 180.586 96.8342 146.539 50.3453 140.336 40.5614 248.753 
75.789 52.8487 79.3319 124.207 236.809 241.32 68.7139 194.646 95.0243 
22.3868 223.503 15.6013 12.0923 24.1057 139.728 162.845 120.442 138.64 
17.4521 96.4068 217.303 213.012 132.179 40.1417 123.521 22.3977 219.005 
200.96 198.285 141.105 9.05647 169.472 52.6814 148.092 185.255 35.3012 
192.467 174.074 11.7548 102.172 14.7743 80.6239 151.305 246.464 67.7025 
105.495 4.1926 246.067 22.0763 86.3341 135.975 211.916 100.454 124.401 
177.633 252.668 53.2513 137.757 248.308 75.1864 41.867 206.323 222.217 
194.151 144.957 123.805 174.653 107.424 88.9588 163.932 29.0137 237.862 
195.806 143.797 188.642 64.8773 119.015 52.9991 208.896 41.1711 57.323 
209.986 119.777 250.62 130.821 202.679 185.997 106.743 147.644 63.5743 
88.0677 218.471 143.098 117.311 73.4858 214.083 15.5104 63.7135 248.54 
150.005 145.217 139.032 146.736 143.311 135.402 148.35 144.4 143.009 
146.017 142.833 140.881 145.402 142.861 140.32 145.282 143.619 141.52 
145.229 144.86 142.292 144.031 143.719 142.122 142.692 142.94 141.359 
141.12 140.998 141.43 142.774 142.986 142.098 142.787 142.654 140.757 
139.999 141.155 140.731 140.963 142.181 140.602 140.969 141.276 138.565 
139.234 139.783 139.564 140.038 140.986 139.402 140.259 140.479 137.658 
138.485 137.847 139.998 136.8 136.82 139.835 139.358 138.067 140.123 
133.213 134.001 135.236 134.017 135.629 136.647 135.856 136.261 136.22 
133.088 133.384 134.432 135.48 136.291 136.987 137.923 138.923 138.15 
136.767 133.395 132.481 137.812 136.115 134.573 138.088 137.379 136.391 
137.591 133.827 132.486 138.741 136.709 134.489 138.685 137.608 136.078 
82.4029 207.563 221.785 121.718 201.429 241.882 163.522 221.359 117.831 
147.625 167.347 129.622 20.494 143.511 99.9125 58.8186 93.6299 44.625 
160.87 156.901 35.9903 202.148 114.823 177.33 18.3646 152.86 166.529 
159.781 43.9159 233.794 181.888 220.606 4.14675 177.913 194.662 0.558927 
182.528 167.31 238.244 41.5587 14.8993 69.6895 132.641 47.1283 8.19115 
223.671 97.1988 9.38044 116.078 69.6428 152.08 36.5898 81.0413 230.391 
177.822 154.353 224.56 204.759 97.6968 54.1674 114.054 48.2436 145.508 
29.2981 141.183 53.5832 177.441 152.308 54.7222 235.011 121.602 141.772 
49.8756 231.451 124.898 250.616 69.2231 76.365 50.3305 118.731 43.8779 
219.738 19.865 209.286 224.837 177.956 203.432 167.781 48.8465 218.43 
64.9523 60.322 88.3023 209.525 158.686 192.742 185.067 131.119 68.1119 
2.59427 50.8573 141.37 43.8304 188.41 20.3881 172.358 195.597 143.245 
241.82 200.967 206.137 147.88 163.316 153.932 11.8669 117.032 94.9221 
219.173 147.705 9.0253 19.2869 132.11 247.301 203.501 20.9167 188.52 
146.102 181.256 79.815 128.763 145.335 121.532 158.187 159.3 136.014 
149.804 143.882 138.647 151.109 145.769 140.086 148.511 144.868 143.88 
150.129 146.863 142.415 150.348 145.87 142.829 149.326 146.732 144.019 
146.377 145.238 144.833 147.671 146.162 145.963 147.007 145.973 146.025 
144.462 144.408 144.518 146.511 145.151 145.839 146.43 145.01 146.033 
141.458 141.796 142.393 143.635 143.883 143.136 143.909 143.605 141.925 
143.061 143.556 144.986 141.864 141.666 144.764 144.012 142.694 145.505 
141.962 142.007 144.663 139.91 140.497 144.429 142.302 141.812 144.947 
140.777 141 143.238 140.288 141.139 144.319 143.321 143.577 145.507 
139.599 139.966 141.487 141.8 142.431 144.168 144.686 146.355 146.998 
154.836 152.006 149.758 155.595 154.248 152.85 153.22 155.715 155.089 
144.033 141.231 139.841 144.998 143.75 142.375 145.024 144.38 143.981 
102.046 33.8774 225.232 234.152 206.04 61.4827 50.4773 97.0477 133.578 
218.537 126.15 48.1375 24.1166 117.213 75.5109 1.29278 253.303 94.7334 
107.866 83.5005 82.0447 119.917 246.844 147.286 147.3 188.199 177.459 
160.17 202.052 39.3781 6.23664 35.5199 201.615 145.426 198.282 31.1069 
190.372 12.7267 202.52 43.4025 210.366 105.148 48.6112 15.8001 15.108 
61.1871 121.573 15.7589 221.126 140.555 32.289 220.305 199.975 110.423 
168.378 253.3 179.815 112.419 245.854 84.3412 213.951 99.0994 252.863 
80.0231 32.9136 57.5191 199.361 51.6644 150.971 125.501 134.221 140.718 
232.801 252.852 35.1745 124.887 81.2147 8.14034 1.05423 1.40321 238.841 
79.3638 71.1564 199.351 206.197 26.898 196.754 251.161 12.1528 189.729 
71.032 79.5345 81.0544 150.201 19.8706 138.976 37.6001 99.7076 52.5617 
183.245 213.498 245.385 238.656 184.708 150.342 40.7954 30.5069 24.7446 
247.73 242.937 221.841 246.816 242.023 245.202 69.4128 23.9257 42.6209 
215.381 205.471 150.877 241.582 231.372 247.623 75.6303 36.5926 9.29392 
238.331 246.618 218.267 30.414 83.8825 183.015 70.9361 176.578 110.627 
153.717 143.814 138.912 152.108 146.448 139.507 148.153 144.553 144.072 
153.131 150.905 148.622 152.639 150.485 148.149 152.02 150.18 148.284 
152.528 152.106 150.14 151.697 150.732 149.194 150.808 149.791 148.306 
147.174 146.193 147.053 149.213 147.532 148.057 149.361 147.758 148.364 
150.047 150.902 149.485 152.467 153.513 151.905 153.736 154.622 152.761 
148.342 149.827 151.337 149.471 150.596 152.01 150.963 151.499 152.225 
149.926 151.314 153.965 149.267 151.076 154.042 151.084 152.049 154.5 
154.339 156.015 157.896 153.432 155.904 158.522 154.547 156.84 158.868 
158.617 156.391 154.644 158.68 158.152 157.31 156.088 159.085 159.041 
160.605 157.782 155.194 160.146 159.236 157.901 156.605 159.29 159.331 
161.856 158.81 156.038 161.9 160.643 158.867 158.305 160.902 160.275 
125.688 63.5112 182.214 205.554 40.4654 91.7105 129.096 121.55 167.288 
110.207 81.1038 156.97 15.8724 32.4013 199.578 176.79 25.3635 8.46465 
63.187 6.0575 65.64 105.329 165.343 18.7869 217.448 136.256 187.386 
108.571 2.75144 170.441 63.5738 23.308 207.197 61.6096 160.865 27.6803 
160.246 91.6969 207.36 252.362 79.452 101.749 181.504 87.567 242.023 
230.917 147.891 5.17519 53.5393 46.153 206.698 91.4519 205.103 79.0334 
206.338 152.819 11.0318 137.187 201.769 100.471 111.979 223.911 152.587 
188.294 165.088 65.2418 177.729 1.00607 234.893 100.47 70.9021 50.7218 
235.738 78.9479 221.285 5.84526 237.186 187.479 191.626 33.9521 147.985 
54.8051 98.5574 147.219 32.2885 175.518 44.9298 213.299 48.7158 72.2837 
102.583 132.326 204.443 165.41 145.597 192.732 235.125 83.837 123.05 
12.7531 17.2064 8.25571 144.418 174.907 22.4179 62.2854 103.686 124.914 
222.42 207.114 233.76 168.649 156.756 224.775 118 47 5.21329 
192.099 90.412 25.29 116.382 187.485 106.37 60.3913 49.067 49.1448 
49.5652 115.177 108.18 128.812 44.3776 237.63 181.312 191.195 121.794 
157.606 155.826 147.944 151.45 152.411 152.058 154.664 153.571 148.217 
156.78 155.83 154.26 155.644 154.163 152.802 155.059 153.359 152.012 
157.13 158.149 155.899 157.474 157.755 155.434 158.158 156.081 154.34 
154.333 154.213 152.335 156.778 157.33 154.703 158.039 158.237 155.623 
153.797 153.803 152.51 156.482 157.151 155.26 158.358 159.11 156.695 
154.866 155.548 154.899 157.779 159.264 157.951 159.878 161.287 159.418 
159.063 160.921 163.167 161.005 162.804 164.424 163.167 164.685 165.547 
165.15 167.096 169.48 165.895 168.336 170.747 167.322 169.563 171.351 
169.73 171.179 173.224 169.916 172.387 174.449 171.016 173.903 175.644 
166.381 164.344 162.643 166.354 165.961 165.035 163.227 166.358 166.422 
170.46 170.27 169.653 171.531 172.282 171.601 170.809 172.516 171.763 
191.357 202.996 0.794222 194.569 113.118 165.823 180.443 90.3539 75.6115 
2.4626 181.547 239.164 234.348 92.5953 62.4583 66.6357 233.898 162.456 
38.6729 53.7606 149.954 152.294 163.054 71.6315 41.2576 5.08631 85.7255 
160.882 196.704 18.8401 224.194 202.379 166.357 93.9687 165.055 131.263 
7.89392 207.239 219.038 135.802 131.248 95.0323 231.872 226.804 77.8292 
42.2012 152.003 67.3019 142.516 222.528 134.026 151.121 224.689 141.85 
150.384 231.942 198.259 105.585 71.735 59.6356 110.403 91.0459 169.726 
105.157 97.3055 22.2328 7.73728 15.3556 104.398 156.252 43.8267 144.035 
103.567 14.4688 135.492 253.758 138.75 47.121 242.657 241.124 138.956 
23.4581 138.974 96.425 127.247 59.8383 239.54 1.8967 33.1159 140.519 
54.4494 239.818 103.561 18.1615 194.272 177.171 55.6577 227.464 233.016 
211.856 118.274 128.57 8.25865 73.392 168.687 140.048 187.075 161.161 
64.971 68.7475 65.8576 183.107 22.9521 120.1 1.94414 166.2 63.9855 
120.081 35.0131 218.739 165.473 169.742 112.742 248.934 187.837 13.1097 
226.084 187.461 114.354 140.157 55.5828 122.852 200.783 102.376 151.551 
163.429 163.775 163.471 159.725 159.674 160.856 161.468 158.84 159.192 
159.214 160.436 158.492 159.245 159.414 157.609 159.579 157.824 156.296 
158.833 160.359 157.966 160.24 160.69 157.852 161.247 158.887 156.671 
160.219 162.723 163.118 167.094 165.061 160.357 167.395 165.713 158.547 
157.843 157.379 155.501 160.819 161.102 158.716 162.457 162.855 160.305 
166.945 165.532 164.931 169.439 167.914 167.77 171.828 170.739 170.633 
168.217 168.826 170.297 171.02 171.695 172.859 173.484 174.302 174.967 
175.103 176.127 178.023 177.11 178.535 180.402 179.716 181.611 182.796 
182.22 183.796 186.789 183.485 186.226 188.913 185.466 188.489 190.748 
190.717 192.682 195.058 191.13 194.747 197.013 192.629 196.193 198.457 
190.226 191.546 192.781 191.038 193.293 194.239 191.171 194.554 194.918 
135.043 204.627 226.824 50.5525 186.986 3.30867 91.1564 133.475 200.553 
223.696 247.949 101.259 120.868 14.4348 4.82833 44.9388 207.597 86.9119 
66.8703 70.6672 66.7546 128.019 86.4321 193.063 88.3902 16.0254 93.6653 
59.5255 62.3609 142.737 77.429 19.6657 67.2279 240.04 20.6377 103.566 
159.748 232.361 35.1653 181.837 131.891 6.25856 126.502 163.885 63.3211 
86.3487 168.196 137.637 46.5792 213.758 6.66422 76.0929 24.499 58.4623 
222.77 163.85 51.4746 193.032 248.369 3.54023 175.333 44.859 161.833 
47.4012 155.601 225.397 213.011 201.9 167.037 159.931 23.0143 49.8098 
111.409 141.858 245.531 23.2651 72.9533 141.036 143.148 126.946 93.1871 
197.021 48.9532 180.528 148.396 212.832 188.706 147.942 99.5772 35.8384 
202.153 53.0298 53.2144 136.414 210.162 175.459 226.932 251.471 97.3876 
108.352 38.8874 178.078 236.445 214.216 151.793 37.8508 154.035 53.7451 
100.762 205.202 245.247 93.7379 206.143 149.477 20.9525 175.033 33.5474 
49.8308 190.121 18.609 165.576 209.033 31.0805 245.732 180.167 254.967 
147.507 145.911 163.951 160.767 170.265 146.238 171.138 144.944 161.485 
166.291 166.471 166.404 162.16 161.922 163.535 163.498 161.017 161.496 
165.895 165.761 164.556 162.602 161.787 162.062 163.214 160.598 160.158 
161.516 164.185 164.222 168.061 165.923 160.892 168.08 166.385 158.829 
163.52 164.984 164.79 170.362 167.468 162.06 170.384 168.93 160.793 
166.894 167.725 167.823 173.177 170.076 165.517 173.113 171.895 165.038 
179.832 179.135 177.719 186.589 185.874 179.009 184.305 184.326 181.226 
180.383 178.85 178.069 183.764 182.235 181.065 186.247 186.032 184.845 
188.064 188.452 189.506 191.128 191.555 192.475 194.002 195.115 195.163 
197.574 198.38 200.215 199.398 201.555 203.318 201.952 204.524 205.486 
205.958 207.761 210.313 206.308 209.697 212.426 207.741 211.419 213.733 
212.161 215.371 216.173 210.963 216.34 214.899 210.242 216.56 217.96 
207.898 198.629 216.12 62.7435 178.807 163.714 95.075 203.87 3.62729 
250.961 113.808 89.7047 177.962 182.478 48.5168 126.874 240.409 143.154 
169.834 230.806 64.0231 85.7237 7.56525 237.346 226.237 6.50677 235.014 
83.1506 196.409 154.361 78.6529 136.76 133.302 118.402 49.8977 49.6 
88.3677 188.684 197.653 133.483 189.26 120.331 235.017 163.462 234.667 
11.2858 154.386 155.342 62.6303 59.0111 125.078 147.91 86.0002 181.898 
234.729 224.907 46.3056 64.7908 73.4123 177.105 152.139 105.169 252.771 
58.9317 252.354 61.7723 180.744 37.2815 28.5457 111.934 28.5017 103.434 
167.299 94.0678 17.9252 9.87634 15.942 111.437 231.248 155.501 79.0714 
34.5057 103.676 160.732 113.502 90.8215 160.226 62.2457 225.653 185.657 
34.9069 189.968 53.1684 131.709 236.303 135.606 235.399 195.947 198.672 
242.137 245.877 232.513 156.448 227.177 190.371 17.5572 181.486 230.549 
169.022 203.23 144.506 27.3442 122.19 166.376 117.398 50.9769 102.741 
171.715 140.215 160.27 135.271 191.822 71.9094 107.511 249.74 233.04 
172.203 175.587 169.382 162.446 161.171 171.773 176.697 151.949 156.022 
171.514 170.359 170.738 167.826 168.033 170.006 168.928 167.097 168.182 
173.682 172.189 170.49 170.959 169.258 167.342 169.058 167.038 166.141 
176.216 174.757 171.348 174.021 171.738 167.378 173.323 169.311 166.054 
168.482 169.981 169.534 174.419 171.591 166.079 173.974 172.441 164.515 
182.398 182.07 180.07 188.782 188.229 180.08 185.701 185.576 181.476 
184.75 183.76 182.15 191.559 190.57 183.073 188.739 188.709 185.062 
190.059 189.48 188.161 197.291 196.144 189.677 195.253 195.492 192.13 
202.962 202.24 201.993 206.179 205.439 205.092 209.479 209.562 208.209 
210.099 210.383 211.703 212.313 213.182 214.772 214.974 216.552 216.825 
216.83 220.332 220.841 216.292 220.382 220.169 216.414 221.938 223.498 
216.087 218.985 219.729 214.744 219.915 218.621 213.917 220.255 221.585 
202.892 244.019 139.154 236.272 17.3276 190.702 151.756 233.325 216.012 
12.9539 5.44006 106.996 35.6979 209.877 241.974 216.638 178.446 35.6811 
198.82 162.301 17.2269 142.836 147.014 43.7311 13.0023 111.081 211.93 
199.225 250.307 111.801 78.9358 203.906 20.0169 111.061 219.708 29.7916 
144.28 224.105 193.746 211.953 226.611 240.574 80.0975 230.511 27.1239 
170.053 248.425 8.05939 2.96593 47.2027 55.528 110.194 209.011 210.074 
88.8503 131.975 193.263 72.1021 118.182 66.6986 238.514 140.227 72.5324 
26.8251 32.032 27.5376 175.554 212.611 182.075 174.971 207.118 200.793 
2.92315 3.00746 1.83623 185.134 186.226 184.779 186.155 187.755 185.367 
39.858 20.6184 39.1954 175.104 165.553 178.353 146.09 169.939 158.528 
138.167 103.366 203.249 166.504 224.48 222.434 85.6633 131.344 48.02 
41.0471 226.577 208.924 96.6916 144.521 180.074 154.36 183.255 39.1946 
37.7289 236.49 140.984 118.911 41.0486 27.4056 207.056 224.046 63.3206 
124.793 155.391 199.977 146.948 109.092 173.164 153.755 139.324 183.33 
173.873 171.607 169.814 168.438 167.489 169.129 171.403 171.936 171.573 
174.836 173.401 172.56 171.258 171.071 172.068 171.802 172.201 173.233 
177.466 176.017 175.034 174.777 174.633 174.638 174.564 173.499 173.914 
182.705 181.348 178.62 179.926 178.309 175.313 178.834 175.946 173.651 
189.824 188.827 187.217 189.194 187.185 185.057 187.168 185.503 182.659 
193.766 192.467 189.021 194.358 192.326 187.187 192.992 190.891 186.924 
192.089 191.103 189.073 198.695 197.55 189.672 195.794 195.262 191.053 
207.35 204.612 202.953 210.446 207.188 204.611 212.169 210.277 207.387 
214.401 212.963 211.945 218.044 215.77 214.533 220.996 219.783 218.093 
222.832 224.895 224.689 224.274 223.186 226.141 227.944 228.654 229.954 
225.235 229.182 229.487 225.765 227.242 230.995 229.204 231.233 233.751 
222.522 226.297 226.097 221.103 225.394 225.462 221.363 227.154 229.038 
243.91 48.9743 90.0966 0.764363 182.445 189.855 8.80208 109.385 35.6775 
162.182 18.6536 9.9641 31.9542 173.911 108.869 80.8247 184.41 121.471 
217.552 34.6812 65.1041 185.683 120.022 52.2903 232.071 119.028 80.1839 
58.9575 241.465 211.479 4.96266 38.4061 146.812 70.3951 21.7917 173.061 
155.4 244.032 183.408 18.4736 21.1809 253.031 56.1611 123.144 166.963 
203.397 146.118 131.495 241.124 188.149 224.13 208.906 89.9713 164.125 
32.3578 39.8282 21.8511 196.128 197.045 206.074 205.676 196.876 204.963 
7.75375 7.28414 7.22607 199.918 200.441 199.324 198.273 199.807 197.457 
0.864302 0.88201 0.974856 194.102 194.934 193.792 192.345 193.979 191.789 
2.7752 2.65338 2.39864 178.922 179.123 178.72 179.545 179.124 178.808 
38.486 16.8164 16.2476 181.076 163.105 161.702 178.527 176.332 148.831 
175.517 3.4853 40.4388 229.207 1.52458 26.802 70.3084 49.6624 218.524 
39.2683 212.956 161.979 50.5619 19.6206 182.987 137.547 122.353 3.99591 
200.358 149.674 178.415 199.333 177.466 175.864 128.965 183.307 137.364 
174.205 175.111 175.602 172.573 172.638 173.27 173.819 174.057 174.064 
176.235 176.067 176.605 174.933 175.547 176.608 174.849 175.408 176.71 
180.355 179.481 178.495 178.945 178.998 178.765 177.294 178.27 179.574 
190.15 188.461 187.415 188.502 186.956 186.772 186.706 185.942 185.49 
197.686 195.909 194.716 196.413 194.172 192.984 194.197 192.604 190.942 
204.721 202.929 200.06 204.41 202.343 198.714 203.237 199.726 196.366 
214.311 212.229 208.57 214.854 211.946 205.97 213.86 208.899 205.579 
219.052 216.738 213.593 221.828 218.072 214.619 222.769 219.506 216.138 
224.487 222.044 220.967 228.652 225.041 223.307 231.321 228.71 226.569 
228.964 228.608 229.304 233.544 231.268 231.262 236.925 235.605 235.475 
231.097 233.396 234.303 232.182 233.273 236.493 235.802 237.311 239.435 
234.537 237.206 239.571 235.698 240.616 243.147 239.898 242.828 244.433 
226.79 244.614 226.297 183.8 245.114 200.415 52.1816 159.909 121.346 
162.011 129.2 116.722 93.777 206.879 135.012 212.717 191.375 78.8793 
178.908 53.8755 102.605 160.241 23.7091 86.8714 97.6289 87.4372 165.794 
202.357 208.941 177 40.5046 236.608 123.434 138.847 47.534 236.898 
121.892 202.939 57.9727 181.21 42.0058 4.59802 32.6674 112.646 187.091 
190.863 54.8612 39.3911 85.5007 47.3257 115.505 215.677 60.2994 208.392 
58.9694 93.877 104.926 153.819 211.156 200.05 201.128 68.2343 168.251 
31.8507 30.3194 23.5267 190.961 199.068 184.832 207.975 208.691 182.148 
5.45643 5.51211 6.28554 183.723 184.032 185.533 186.331 185.295 185.152 
36.5714 17.2781 10.0837 178.815 176.851 173.238 178.42 173.254 167.566 
157.899 42.2299 139.766 154.681 208.129 77.6312 132.45 33.2997 217.577 
166.556 213.265 11.6454 157.879 154.319 113.824 169.043 2.56448 151.837 
208.277 55.3506 95.279 51.5248 3.15174 197.407 213.062 107.332 211.547 
177.409 171.263 176.306 163.301 179.357 172.366 180.38 179.882 164.062 
176.956 180.742 183.358 176.71 177.301 178.814 177.891 176.69 174.229 
177.351 179.653 181.387 178.354 179.155 179.489 178.237 179.036 179.115 
184.885 183.948 183.522 184.626 184.114 184.02 184.051 184.413 185.365 
193.647 192.308 190.765 193.562 191.978 191.347 191.664 191.934 192.581 
200.049 198.713 197.642 199.413 197.286 196.773 196.715 195.84 195.63 
212.691 211.392 209.244 212.284 209.714 205.633 210.007 206.363 205.238 
221.538 219.863 217.302 222.214 220.356 215.768 218.315 215.422 213.304 
226.956 224.923 221.485 227.598 224.128 219.682 226.4 222.232 219.684 
232.79 229.674 227.155 236.16 230.946 227.173 236.596 232.924 230.408 
238.858 235.476 235.118 242.543 238.494 237.235 244.473 241.738 241.46 
239.352 239.906 241.116 242.517 242.991 244.125 245.6 246.172 247.067 
244.192 245.499 247.548 245.711 248.589 250.312 248.624 250.682 251.62 
246.383 33.4329 98.2135 38.75 89.6517 191.286 176.734 215.758 33.7991 
219.433 64.5686 202.875 184.158 133.39 19.1152 85.4909 228.649 229.142 
228.933 112.382 225.492 46.1391 91.4378 200.94 19.2312 216.97 178.062 
96.4339 195.699 22.2815 42.0077 55.4836 242.111 39.5368 123.529 140.207 
120.057 120.965 8.17401 105.451 22.3522 35.0207 10.887 78.179 82.8786 
82.6942 247.375 132.608 109.286 159.153 236.062 246.415 139.312 59.9737 
150.291 132.284 86.9365 87.413 61.4422 187.221 46.6266 63.2836 43.9942 
125.029 16.7854 35.288 176.416 22.9372 236.953 62.3014 92.5918 234.601 
31.6753 42.4625 143.56 110.446 223.337 228.456 135.811 180.175 214.576 
95.3514 175.362 192.473 199.832 233.542 91.8347 230.78 76.4121 225.892 
154.556 18.0702 111.933 252.28 14.6307 106.829 75.4734 143.856 201.647 
156.669 19.5673 155.743 42.1713 86.11 111.734 83.1943 39.4063 193.26 
235.032 100.143 9.98737 192.772 239.027 172.994 19.1893 213.247 141.588 
159.831 177.688 176.352 154.766 167.563 178.616 191.312 162.357 167.568 
179.422 183.099 185.258 179.006 179.604 181.169 179.749 178.249 175.991 
181.272 183.887 185.792 181.129 181.779 183.39 182.429 181.26 179.524 
188.144 188.861 189.59 190.029 189.675 189.821 189.682 190.151 190.497 
196.413 195.479 195.69 197.317 194.934 196.905 199.214 195.861 196.736 
203.816 203.239 202.94 203.408 202.223 201.984 201.562 200.872 201.79 
216.727 215.883 215.683 216.55 215.996 213.958 211.92 210.78 210.972 
223.64 222.288 221.466 223.647 222.659 219.252 219.068 216.832 216.043 
230.743 229.42 227.773 230.44 228.745 225.698 227.155 225.498 223.479 
240.303 237.411 234.469 240.416 237.496 233.328 238.572 235.529 233.9 
250.888 247.236 242.962 251.487 244.879 242.503 246.562 244.829 244.764 
249.706 249.436 248.546 250.857 250.799 250.352 251.829 251.631 252.207 
255.022 255.349 255.206 255.152 255.439 255.509 255.411 255.661 255.709 
20.1213 14.3344 21.3965 244.797 87.6092 127.727 100.601 145.65 218.84 
29.5106 242.893 116.631 55.2474 230.123 234.692 167.554 141.088 122.769 
54.7867 1.72693 177.031 149.362 66.9616 138.642 8.51214 229.337 40.6355 
64.392 103.163 163.43 212.184 165.46 2.74541 131.952 153.163 4.39146 
67.7362 11.9787 84.3899 69.0109 221.459 216.774 162.988 161.471 10.7097 
50.3356 30.9224 65.3162 128.631 178.281 24.0675 177.637 64.1098 120.377 
53.3566 184.127 7.08962 228.41 225.366 178.078 82.638 159.119 174.403 
76.3054 108.312 26.5169 151.314 243.81 195.696 39.7776 47.4963 106.034 
26.514 134.581 31.022 246.569 210.049 28.1846 34.6733 151.178 61.4922 
228.601 118.485 215.061 195.2 226.883 160.427 1.63673 143.806 11.1835 
128.924 16.9913 250.471 74.7804 25.8998 114.126 59.4901 2.24183 121.519 
9.76474 88.198 165.837 137.987 195.804 182.265 101.977 226.017 229.041 
84.7469 134.93 229.245 178.496 108.643 253.443 89.6296 108.873 39.3066 
168.173 190.364 174.911 177.488 190.867 166.691 180.848 181.504 164.063 
183.349 185.276 186.587 181.887 181.603 183.727 181.838 179.759 178.586 
186.045 188.265 189.425 185.647 186.818 188.27 186.217 185.397 185.412 
193.535 194.094 195.358 193.604 192.267 195.835 197.399 193.818 193.825 
197.379 197.272 198.363 197.692 195.933 199.047 201.24 197.354 197.781 
201.447 202.099 202.426 200.57 199.243 202.48 203.705 200.203 201.143 
213.241 214.697 216.057 211.178 211.877 212.831 210.01 209.406 210.749 
226.01 226.604 226.923 224.985 225.212 224.374 221.4 220.849 220.685 
234.35 235.103 234.847 233.101 232.875 231.916 230.563 229.966 229.374 
245.337 245.01 243.946 245.634 241.461 240.549 241.296 240.111 239.688 
253.355 250.811 247.137 252.871 247.736 245.769 247.359 246.151 246.058 
255.709 255.744 255.389 255.744 255.189 255.327 255.391 255.314 255.464 
255.8 255.865 255.853 255.783 255.891 255.873 255.842 255.915 255.906 
221.704 239.156 210.822 184.637 216.425 204.235 231.368 48.6933 150.948 
120.252 186.084 179.242 65.8455 55.0335 241.774 33.0379 227.355 145.393 
25.9704 183.326 38.6378 135.06 20.6348 239.361 250.892 88.6909 251.407 
217.429 166.624 108.567 61.1081 93.8505 111.962 40.0198 192.136 189.507 
137.624 5.53402 16.4501 154.142 223.615 47.3387 198.467 159.119 185.743 
14.782 100.655 254.552 43.3865 231.279 89.647 186.685 104.116 202.11 
201.226 118.969 34.2498 144.635 212.926 94.6607 58.3544 11.9038 175.918 
105.25 223.71 61.088 253.93 230.415 160.036 231.206 131.262 30.6243 
24.5676 196.045 44.782 224.779 204.479 195.188 77.5006 14.0509 178.597 
168.192 241.226 233.64 139.411 230.924 48.7167 34.1727 141.948 222.272 
108.504 225.892 211.688 106.97 24.8677 210.484 17.1823 43.7383 38.1955 
211.311 244.044 107.72 96.6314 93.6697 129.197 210.829 33.1067 23.2629 
164.109 70.4326 155.039 202.714 64.1636 10.7248 54.6927 123.959 225.708 
188.826 179.467 184.083 188.945 180.469 177.621 179.712 182.057 180.949 
188.046 187.684 188.432 186.8 184.851 186.8 185.213 182.803 184.562 
189.061 190.662 190.415 186.64 187.089 190.137 187.018 187.62 187.93 
191.728 193.825 194.115 188.836 190.449 193.422 190.797 192.393 191.893 
198.526 199.302 199.349 197.298 196.241 199.845 201.938 198.595 198.971 
202.505 205.14 204.507 199.776 202.361 203.462 201.784 203.221 203.828 
210.844 213.874 213.897 207.805 210.005 211.51 208.487 209.052 210.48 
225.66 228.014 229.003 222.942 224.878 225.826 221.847 221.364 222.463 
236.406 240.186 243.001 236.952 237.688 238.701 237.076 235.953 236.105 
241.019 244.965 247.954 242.343 242.988 243.833 242.723 240.867 241.127 
252.682 252.828 252.434 253.054 248.027 251.094 251.048 248.697 250.542 
255.835 255.866 255.88 255.902 254.495 255.83 255.783 254.997 255.745 
255.897 255.932 255.928 255.933 255.785 255.924 255.92 255.863 255.93 
