19340332
60.5935 61.7414 62.3224 62.218 62.1017 62.7757 61.6645 61.9528 62.2283 
155.322 155.147 155.411 154.796 151.893 152.39 155.1 153.225 152.266 
197.481 196.69 197.293 196.559 193.171 194.093 196.933 194.79 193.957 
76.595 77.7991 78.3684 78.1342 78.1736 78.8054 77.839 78.0764 78.3604 
161.72 161.797 162.699 161.984 161.646 161.979 162.13 162.104 162.251 
214.902 214.914 215.63 214.404 211.759 212.309 215.007 212.735 212.306 
137.06 136.672 137.509 137.049 136.151 136.078 136.668 136.284 136.036 
223.524 224.615 225.214 224.282 224.854 225.209 225.283 224.225 225.599 
239.942 241.216 242.147 240.91 241.322 242.136 241.646 240.643 242.265 
