19340332
252.521 255.023 254.832 253.315 254.974 254.981 254.359 252.406 255.056 
250.477 252.462 253.087 251.353 253.204 253.048 253.179 251.455 253.275 
237.726 236.942 241.389 239.659 242.478 241.9 244.076 246.279 242.418 
228.955 228.095 233.11 230.416 233.764 233.946 235.874 237.535 234.94 
216.724 217.028 219.251 219.907 220.63 223.168 222.524 223.954 224.946 
208.871 209.67 212.349 211.291 212.674 216.337 213.136 215.082 218.029 
195.269 195.534 200.078 194.532 197.329 202.078 194.278 198.515 202.368 
184.21 185.425 188.379 182.801 185.396 190.089 182.343 185.383 189.845 
163.023 164.106 166.452 161.475 163.896 164.877 161.688 162.747 163.861 
153.773 153.932 155.329 152.651 153.412 154.572 155.764 157.779 159.245 
148.956 149.129 149.031 149.398 148.477 147.498 149.655 148.378 147.409 
145.198 145.336 145.09 145.16 144.127 142.788 145.507 143.894 142.9 
143.334 143.396 142.908 143.269 142.592 140.66 143.615 141.843 140.154 
251.359 253.425 253.218 252.026 253.477 253.29 252.706 250.994 253.458 
246.791 246.001 244.142 247.725 247.833 244.81 246.609 247.635 246.519 
238.951 237.12 239.136 239.765 240.68 238.733 241.975 242.92 239.745 
226.893 225.077 225.542 228.753 227.605 226.849 231.117 230.594 228.39 
215.654 215.277 216.536 218.09 217.996 218.916 220.564 220.288 220.552 
203.788 203.761 206.603 204.706 205.409 207.187 204.968 207.393 208.77 
191.504 192.718 195.654 190.897 192.99 196.551 190.104 192.339 196.01 
178.431 180.03 182.644 176.111 177.962 180.278 174.312 175.325 179.302 
157.689 158.274 160.299 155.864 157.362 159.255 158.449 161.207 163.778 
153.979 153.862 155.552 152.647 153.786 154.933 155.755 157.849 159.267 
152.088 151.696 152.743 151.157 151.639 152.384 154.084 155.678 156.865 
144.78 144.746 144.43 144.982 144.323 142.764 145.144 143.729 142.327 
140.968 140.337 138.064 141.315 140.442 137.806 141.089 139.444 136.748 
241.995 242.838 241.509 240.56 241.694 241.756 238.06 239.145 241.979 
241.902 241.153 239.424 242.041 241.547 239.72 239.828 239.913 240.322 
234.91 233.491 231.984 234.398 232.767 232.054 233.408 231.938 232.875 
223.493 222.104 221.848 224.961 223.17 221.627 226.397 224.673 222.034 
209.769 209.549 210.027 212.108 211.573 209.762 215.19 214.358 211.135 
198.712 199.346 200.403 200.852 200.881 200.626 202.651 202.779 201.586 
187.142 186.643 186.302 188.486 186.995 185.887 186.373 186.583 186.629 
176.265 178.294 179.479 175.015 176.435 178.187 174.282 176.066 178.181 
162.978 164.897 168.302 160.985 164.888 166.8 162.671 165.042 166.674 
152.777 152.806 154.322 151.675 152.904 154.156 154.727 157.118 158.84 
146.133 145.485 145.282 146.701 146.479 145.797 146.493 146.413 146.36 
138.68 137.069 138.707 139.138 137.213 138.274 140.069 137.026 137.853 
138.588 137.794 135.819 138.885 138.232 135.693 138.843 137.39 134.797 
232.456 233.513 233.708 230.824 232.186 233.21 229.167 230.52 232.475 
232.408 232.491 231.075 230.468 230.635 230.746 228.242 228.069 230.765 
227.32 226.259 225.19 226.838 224.575 223.996 225.909 224.645 224.423 
216.458 215.231 214.109 217.186 215.225 213.085 218.252 216.502 214.885 
202.331 201.54 201.129 204.036 202.749 201.138 205.96 204.756 202.842 
188.665 185.389 186.585 189.463 186.115 188.655 188.714 188.146 188.791 
184.993 183.798 182.494 186.639 185.039 183.126 185.03 185.11 184.394 
179.28 178.882 178.393 180.684 179.446 178.344 179.49 179.612 179.247 
162.475 163.146 164.827 162.893 164.173 165.629 164.396 165.693 166.434 
148.743 149.493 150.675 149.085 150.52 151.617 150.303 151.319 151.674 
139.504 138.66 140.465 139.782 138.647 140.247 140.736 138.59 139.632 
136.008 134.951 136.864 136.243 134.608 136.428 137.506 134.935 135.745 
135.324 133.648 134.934 135.752 133.549 134.606 136.913 133.893 134.105 
225.068 226.231 226.929 223.467 224.874 225.846 222.224 223.787 225.196 
219.593 218.453 219.537 219.301 218.549 218.443 214.858 215.213 217.437 
211.954 211.219 211.047 210.212 206.547 206.536 210.048 207.663 206.339 
206.806 206.008 204.583 206.292 205.158 204.05 205.895 204.721 204.614 
193.472 190.696 191.873 193.597 190.606 193.251 193.51 192.496 193.132 
186.482 181.969 183.768 185.641 182.216 186.871 186.544 186.062 187.558 
183.252 180.018 181.868 183.991 180.826 183.917 182.75 182.474 183.528 
170.036 170.681 171.42 171.326 171.938 172.353 172.36 173.078 173.28 
160.295 161.098 162.366 161.268 161.985 163.147 162.783 163.538 164.107 
145.756 147.01 148.314 146.357 147.603 148.849 147.042 148.354 149.133 
132.636 134.107 134.825 132.595 133.373 134.504 132.712 133.65 134.34 
134.114 133.033 134.485 134.427 132.686 134.098 135.461 132.997 133.481 
131.625 129.767 128.071 132.16 130.352 128.78 132.534 131.12 129.452 
214.274 213.505 215.455 214.101 213.608 213.647 210.421 210.516 213.373 
209.373 207.973 208.829 208.191 204.33 204.198 206.261 204.054 203.809 
206.519 204.895 205.367 205.188 201.07 200.88 203.659 200.832 200.373 
202.601 201.871 201.288 200.624 197.258 196.701 200.589 198.076 196.441 
185.716 181.308 180.917 184.082 181.523 183.111 186.214 185.549 185.711 
182.754 177.303 179.761 181.7 177.999 183.48 182.976 182.707 184.131 
178.789 173.329 174.304 177.791 175.376 178.069 180.739 181.386 181.734 
167.002 165.564 166.894 168.621 168.309 168.584 169.605 170.194 170.454 
147.056 147.748 149.074 147.98 148.592 149.868 149.07 150.194 151.149 
130.127 131.844 133.396 130.429 131.534 133.54 130.394 132.008 133.597 
127.705 129.393 130.013 127.77 128.569 129.685 127.508 128.536 129.411 
127.015 127.234 126.784 127.273 126.987 126.76 127.357 127.276 127.08 
127.555 125.639 124.038 128.284 126.249 124.674 128.578 127.275 125.634 
199.709 201.091 202.083 195.415 197.633 199.108 197.044 197.008 200.687 
200.991 198.589 200.271 201.146 198.878 198.83 197.237 195.238 197.978 
198.609 197.6 197.754 195.856 192.399 192.999 196.456 192.999 192.551 
185.145 183.689 183.554 182.795 181.771 182.281 183.407 180.251 182.029 
172.797 171.446 169.353 172.941 171.648 170.141 172.801 171.893 170.395 
174.629 169.577 169.44 173.276 170.408 172.321 176.111 175.503 175.279 
166.518 163.655 164.355 168.277 167.475 167.193 169.548 170.248 169.456 
146.847 145.312 144.082 148.597 146.654 145.208 149.566 149.012 147.217 
137.111 136.471 136.453 138.164 137.248 137.271 138.799 139.128 138.596 
124.057 126.321 129.121 124.693 126.862 129.607 124.735 127.87 130.113 
123.532 124.659 125.234 123.612 124.146 125.126 123.241 124.139 125.196 
121.874 121.716 121.195 122.203 121.739 121.229 122.336 122.029 121.538 
120.129 118.852 118.373 121.166 119.619 118.911 121.58 120.765 119.858 
144.303 144.977 147.061 142.697 142.301 144.289 142.194 142.296 143.787 
170.98 171.607 171.375 169.076 169.387 170.653 169.679 168.709 169.151 
178.791 177.177 177.516 175.549 174.455 176.095 176.39 173.482 175.663 
170.772 168.403 166.208 168.47 167.111 166.744 166.48 166.345 166.175 
164.664 162.725 160.742 164.23 162.59 161.031 163.232 162.248 161.23 
158.333 157.246 155.158 158.714 157.416 157.211 158.944 157.507 156.263 
142.715 141.702 141.077 143.454 142.325 141.754 144.041 142.93 142.458 
119.742 119.137 118.532 119.845 119.827 119.309 120.422 120.78 121.049 
118.789 121.209 123.799 119.217 121.699 124.001 119.783 122.871 124.825 
115.065 118.343 122.27 115.429 118.747 122.468 115.408 119.6 122.959 
115.933 117.53 118.835 115.925 117.341 118.382 115.574 117.458 118.583 
117.475 117.006 116.846 118.1 117.374 117.025 118.077 117.816 117.589 
113.903 113.499 113.98 114.176 114.371 114.702 115.637 115.542 115.39 
115.501 115.685 118.354 115.202 114.565 115.803 114.11 114.753 116.224 
128.536 129.527 131.549 127.472 127.228 129.089 127.604 127.749 128.688 
90.9984 92.3653 92.7277 92.7755 92.6828 93.7031 91.9877 92.5693 92.9891 
127.708 125.411 123.887 125.484 124.746 124.073 123.599 124.342 124.087 
123.071 122.221 120.106 122.934 121.999 121.803 122.372 121.306 120.182 
122.783 121.875 121.184 122.953 121.883 121.249 123.022 121.523 121.034 
107.363 106.688 106.312 106.937 106.905 106.664 107.091 107.013 107.536 
108.429 108.264 108.156 108.032 108.582 108.546 108.222 108.849 109.627 
108.628 109.305 109.973 107.926 109.443 110.251 108.254 109.556 111.206 
108.781 111.211 113.43 108.441 111.057 112.916 108.193 111.029 113.017 
111.91 112.113 111.726 111.54 111.445 111.035 111.505 110.805 110.947 
112.723 112.229 112.272 112.801 112.934 112.955 113.938 113.637 113.554 
112.433 111.967 112.718 112.835 112.998 113.582 114.307 114.203 114.315 
96.7024 96.8558 99.3384 96.8024 96.0127 97.0949 95.9535 96.421 97.5895 
65.1577 66.6461 67.259 67.503 67.4263 68.4321 66.9183 67.4502 67.8093 
58.6485 59.6103 59.7181 60.9732 60.3952 61.0548 60.4789 60.4853 60.5273 
60.4728 61.6972 61.9079 62.7316 62.3569 63.0877 62.1363 62.5421 62.6381 
73.9972 73.7195 73.3407 73.8845 73.7285 73.2078 73.9659 73.7309 73.3414 
81.8689 81.4039 81.1075 81.7064 81.2755 81.0225 81.7603 81.2988 80.8886 
87.6464 87.0527 87.2526 86.7936 87.2809 87.2399 86.8711 86.9753 86.2328 
94.4069 94.2017 94.6417 93.4299 93.3333 92.4883 93.0845 92.6491 92.1434 
100.495 100.953 101.072 99.4117 100.446 100.704 98.8957 99.4 99.8843 
103.201 103.955 103.832 102.123 102.773 102.837 101.406 101.276 102.113 
107.418 105.199 103.039 108.436 106.332 103.945 108.607 107.223 105.263 
108.057 104.193 101.761 111.286 108.084 104.744 113.375 111.601 108.595 
110.073 109.686 110.286 110.723 110.962 111.612 112.368 112.232 112.545 
52.6323 52.1279 52.1795 52.6556 52.4555 51.9987 52.6783 52.3855 51.9733 
40.699 39.7727 39.2007 40.8752 39.9368 39.3258 40.9758 39.9742 39.3907 
51.6778 52.5257 52.6808 54.0731 53.2981 54.0139 53.4626 53.4212 53.4606 
54.5288 53.1762 52.491 54.8778 53.5476 52.7291 54.9829 53.7486 53.0875 
65.0418 64.7244 64.5434 65.3176 64.8696 64.5556 65.3188 65.0711 64.7643 
77.4401 78.0022 78.4532 77.503 77.8209 78.3614 76.6868 77.1301 77.2805 
86.2925 86.0966 86.8126 85.1393 85.2147 84.5177 84.8031 84.2838 83.1302 
87.9453 87.6211 88.2234 86.7358 86.8346 86.0272 86.3308 85.8561 84.647 
91.1637 91.4387 91.9857 89.9593 90.0005 89.269 89.0065 88.5345 88.0588 
98.9741 99.3612 99.0218 97.6983 98.1209 97.9449 96.2417 96.3751 96.7809 
100.965 100.345 99.1877 100.424 99.7953 98.587 99.6412 98.699 98.3256 
101.468 99.7798 99.2511 104.037 101.782 100.896 105.635 103.974 102.923 
103.832 103.916 104.204 105.026 104.729 104.425 106.183 105.881 105.563 
7.61238 7.24595 6.9735 7.71379 7.16062 6.91096 7.63638 7.20889 6.89931 
25.4057 24.5445 23.743 25.2987 24.4702 23.6121 25.2838 24.4474 23.5822 
35.9272 34.9017 34.2912 36.0877 35.0959 34.4102 36.1191 35.1771 34.5289 
49.3217 50.1782 49.8612 49.7838 50.3733 49.9342 49.6979 50.6829 50.2191 
65.6845 69.0057 68.9044 66.287 68.8691 69.0206 65.4398 68.3476 68.5684 
74.4279 75.4614 76.1103 74.9629 75.1471 76.0086 74.1587 74.6251 75.3337 
78.8779 79.4773 80.0268 78.956 79.3532 79.9624 78.1649 78.6964 78.8785 
86.124 85.1451 86.7882 86.8107 86.9311 84.8597 86.7914 87.8672 86.8146 
89.9552 91.1732 92.6387 89.7656 90.9149 92.0166 89.0912 90.4796 91.5464 
95.2943 95.8202 96.028 94.869 95.3167 95.4701 94.1889 94.5751 95.156 
97.8611 96.9583 96.9047 98.8476 97.5697 97.2317 99.3135 98.0677 97.7798 
98.9887 98.1539 98.1754 100.862 99.264 98.8224 101.967 100.36 100.056 
100.315 100.375 101.233 102.096 101.164 101.662 103.158 102.14 102.437 
1.77416 1.34107 1.01141 1.97743 1.20159 1.0077 1.92083 1.34256 1.01026 
5.77015 5.47855 5.23976 5.95575 5.37203 5.23562 5.9076 5.5001 5.25503 
28.72 31.4902 30.8942 28.7993 31.6102 30.992 28.9418 31.7641 31.1618 
39.117 49.3534 48.2176 39.1432 49.4329 48.4459 39.2549 49.6968 48.7797 
58.1326 74.2934 73.4065 58.0611 74.1653 73.6006 57.9185 74.0634 73.3015 
72.3587 77.1237 77.4843 73.0531 76.9016 77.5576 72.0551 76.2499 76.9046 
79.861 78.1489 81.307 83.1179 84.407 82.2025 84.3099 88.6267 88.3396 
82.8691 80.8349 84.0409 86.425 87.7461 85.0589 87.6554 92.3204 91.9657 
86.2077 84.4016 87.3089 89.3665 90.4164 88.073 90.3008 94.4245 94.1554 
93.3096 93.354 93.8024 93.7399 93.7468 94.1141 93.8112 94.2665 94.4712 
94.9139 94.5868 94.6832 95.6958 95.3912 95.2505 95.9855 95.9334 95.8962 
97.2854 96.6361 97.3124 99.1446 97.9148 98.2206 100.304 99.1832 99.1888 
98.6045 99.6968 100.824 99.8433 100.55 100.927 101.076 101.527 101.791 
