19340332
251.92 254.236 253.972 252.779 254.377 254.074 253.906 252.157 254.464 
250.022 251.834 252.563 250.78 252.444 252.417 252.219 250.536 252.536 
239.043 239.252 241.873 239.2 242.106 240.806 241.015 242.945 241.079 
231.02 231.335 234.399 229.995 232.912 233.097 232.183 233.22 232.426 
213.078 214.059 214.817 212.567 212.15 212.781 214.377 213.198 212.784 
194.512 194.989 196.068 193.452 193.311 194.628 194.451 193.039 194.042 
181.67 182.834 183.458 180.548 181.096 182.899 180.177 180.845 182.691 
169.167 169.865 171.915 169.415 170.688 173.538 170.085 172.52 174.348 
250.934 252.661 252.48 251.672 252.72 252.839 252.753 250.834 253.131 
242.598 241.95 241.554 243.656 243.11 241.475 243.106 243.357 242.061 
235.054 234.413 236.599 234.844 236.002 235.445 234.872 235.273 234.767 
225.525 226.729 227.031 224.948 225.244 225.127 224.41 224.002 223.957 
207.634 207.421 207.676 206.075 202.839 203.123 206.72 203.765 202.417 
190.382 190.907 191.745 188.667 188.52 189.862 189.085 186.95 189.101 
179.475 180.231 182.081 178.013 178.335 180.314 178.329 176.695 179.657 
167.111 168.554 170.323 165.96 167.152 170.211 165.897 167.923 170.545 
234.266 233.654 234.029 236.008 235.236 236.302 237.352 237.908 237.628 
231.987 230.139 230.148 233.059 231.463 231.466 233.05 233.057 232.701 
222.578 220.829 221.783 224.04 222.073 221.202 220.897 220.56 221.178 
212.053 211.503 211.525 210.753 207.56 207.286 210.713 208.486 206.931 
205.169 204.66 204.655 203.54 200.525 200.282 203.719 201.476 199.829 
194.229 193.658 194.176 192.371 189.27 189.642 192.97 189.908 189.155 
162.221 163.392 164.751 160.308 161.413 162.957 159.989 160.517 162.303 
150.935 152.133 154.497 150.061 151.845 153.441 151.112 152.017 153.168 
219.844 219.86 221.109 222.274 222.576 224.917 224.755 226.058 227.329 
215.866 213.492 214.696 218.202 216.258 215.914 216.061 215.81 216.888 
210.849 208.627 209.569 212.963 210.798 209.661 209.947 209.526 210.594 
206.587 204.741 205.67 208.072 206.546 204.851 205.26 204.948 205.239 
192.367 191.506 191.615 190.895 187.846 187.525 192.096 190.237 188.617 
154.152 153.979 153.879 154.075 153.814 153.347 154.618 153.821 153.192 
125.829 125.974 128.115 125.492 125.315 126.189 125.349 125.688 126.769 
125.928 126.146 126.341 125.81 126.18 126.336 126.241 126.627 126.678 
207.521 207.773 209.457 209.355 210.481 213.342 211.958 213.085 215.563 
193.165 190.423 192.275 193.654 190.996 194.363 192.887 192.874 194.641 
199.43 195.819 197.206 200.866 198.02 197.996 198.358 197.895 199.362 
181.347 180.785 180.832 181.211 180.858 180.454 182.984 183.637 183.773 
154.343 154.265 154.895 153.761 154.167 154.651 156.188 157.441 158.065 
124.41 124.462 126.556 123.844 123.607 124.632 124.006 124.706 125.928 
112.995 113.363 115.426 112.558 112.511 113.587 112.258 113.015 114.131 
107.082 107.206 109.196 106.986 106.845 107.641 106.576 107.529 108.55 
188.096 185.177 187.386 188.122 185.628 189.61 187.04 187.394 189.522 
185.958 181.931 183.608 185.935 182.586 186.202 185.178 184.779 186.317 
185.104 181.133 182.644 185.17 181.546 185.073 184.537 184.035 185.34 
167.782 163.324 163.373 166.44 164.129 166.157 168.895 169.057 169.262 
112.109 111.839 112.565 111.288 111.056 110.551 112.069 111.879 111.721 
95.7277 97.2688 97.0134 95.8653 97.3112 97.1918 96.0704 97.387 97.2683 
77.08 78.7663 80.2393 79.1182 79.0877 80.6555 78.3189 79.3114 80.3215 
75.8532 75.9382 76.5899 77.0092 77.129 76.8451 76.7193 77.7418 77.7657 
177.04 176.499 176.82 176.958 177.648 178.353 177.114 177.829 178.741 
178.767 175.455 176.935 179.259 176.046 178.971 178.174 177.631 178.582 
159.758 156.023 156.237 158.851 156.608 158.252 160.592 160.03 160.196 
105.039 104.85 105.285 104.881 104.511 103.712 104.8 104.195 103.471 
89.1102 89.3232 89.5616 88.8234 88.7658 87.9278 88.6018 88.3502 87.4798 
65.4053 67.146 67.7416 67.3697 67.49 68.1592 66.6512 67.1407 67.2565 
53.9075 56.0302 56.3156 56.08 56.6474 57.5185 55.6141 56.6447 56.8996 
36.7751 38.1054 38.5594 38.9281 38.8171 39.7016 38.3226 38.8481 39.2408 
163.76 163.116 162.501 163.879 163.369 162.691 164.03 163.879 163.541 
150.11 149.052 149.413 150.386 149.288 149.563 150.853 149.296 149.367 
138.5 137.836 138.536 139.028 137.924 138.638 139.853 138.436 138.729 
121.112 120.21 120.962 121.536 120.182 120.808 121.941 120.518 120.513 
79.4483 79.0562 79.2693 79.1371 78.4907 77.513 78.7068 77.9035 76.9641 
48.0351 48.5728 47.7767 48.1584 48.6317 47.7626 48.0938 48.785 47.7536 
32.0498 33.307 33.6295 34.0012 33.8507 34.7215 33.4299 33.7955 34.1317 
7.45481 7.04822 6.70667 7.62925 6.97847 6.67335 7.60477 7.08471 6.68269 
