439553
0.0762484 0.0682478 0.135328 0.103509 0.0892561 0.108304 0.122185 0.0915469 0.0893011 
0.422538 0.382336 0.399495 0.478435 0.40371 0.384576 0.510847 0.416624 0.410148 
3.6509 2.73941 2.15042 4.81056 2.80309 2.22975 6.62779 3.1399 2.41056 
12.2179 11.5524 11.1176 13.6939 11.7193 11.2068 15.6802 12.0379 11.4013 
37.1282 36.921 36.5128 37.4465 37.0477 36.6846 37.6631 37.3138 36.8618 
49.6719 50.3628 51.5527 49.9162 50.6529 51.4547 50.5939 51.2514 51.6047 
53.3003 54.2237 55.7037 53.429 54.4505 55.4792 54.1418 54.9136 55.4482 
56.9393 57.8174 59.3163 57.0807 57.9984 59.006 57.6622 58.5071 59.0284 
61.6483 62.3384 63.0932 62.1261 62.6146 63.3257 62.2724 62.6436 63.336 
64.2268 65.0915 66.5391 64.0556 65.0242 65.5157 65.1707 65.9175 66.7468 
65.7076 66.2671 67.8987 66.2079 66.8074 67.809 65.7147 66.6967 68.1333 
64.5815 67.7047 71.5848 65.3645 69.7472 73.3611 66.9631 72.2538 76.5361 
66.6121 69.047 72.8105 68.8041 72.7221 76.0585 71.9169 77.0131 80.937 
69.8692 70.3705 71.8848 71.5842 73.3902 74.8776 75.4631 77.0098 78.5571 
73.2086 72.2225 72.471 75.2534 74.8128 74.3482 77.6673 77.6611 76.7924 
76.9853 75.8796 75.2496 78.1999 76.7717 75.6312 79.2305 78.5302 76.4272 
79.2655 77.3451 76.906 80.5992 78.0606 76.9521 80.6436 78.7178 76.4765 
86.6674 82.5324 84.6362 88.2508 85.2395 77.7689 85.8177 82.3486 80.9327 
86.2786 84.8508 82.6974 85.8375 84.8558 82.6627 85.9817 83.8119 82.0143 
85.6897 84.2512 82.572 85.7372 84.6438 82.9064 86.2418 84.3439 82.7322 
84.5274 83.5227 82.6048 84.9226 84.0882 83.0616 85.8725 84.4021 83.2088 
83.2228 82.8473 82.7651 83.4089 82.9285 82.6926 83.7825 83.445 83.0925 
82.5348 81.8803 81.2613 82.0622 82.6171 82.1819 81.642 83.1909 82.58 
81.1309 80.5732 79.7413 80.9739 81.5649 81.1983 80.9673 82.8416 82.2408 
80.1966 79.5423 79.1101 80.2291 80.8664 80.7205 80.415 82.474 82.4093 
0.536737 0.644037 0.819113 0.59788 0.685039 0.772225 0.618816 0.66962 0.76475 
3.32973 3.20459 3.44948 3.55734 3.37414 3.47835 3.76012 3.59811 3.63432 
3.57693 3.20905 3.18529 4.77562 3.34982 3.22157 6.64103 3.59961 3.38106 
16.7911 24.8542 22.7947 17.0323 25.1236 22.9995 17.1689 25.5392 23.3987 
30.5458 65.9522 60.6609 30.6643 66.5063 59.4294 30.8144 66.9445 60.5472 
52.2672 52.9366 53.2142 52.6944 53.3283 53.7241 53.2954 53.6945 54.0041 
55.2994 55.9667 57.2626 55.4083 56.1898 57.1134 55.9168 56.6003 57.0815 
59.6398 60.0654 60.5055 59.7638 60.1018 60.6757 59.7523 59.9677 60.4007 
63.7954 63.6992 64.6201 63.358 63.7032 63.8846 64.7739 64.3799 64.9887 
65.2146 65.7003 67.2158 64.9926 65.5537 65.9597 65.5072 65.9897 67.0458 
65.8149 66.3763 67.9252 65.5421 66.234 66.6173 66.1018 66.6885 67.7379 
67.5423 68.0566 69.6211 67.8452 68.3264 69.3456 67.2011 68.0573 69.5323 
70.6098 71.7446 73.011 70.3133 71.9704 73.7248 71.8144 72.7958 74.3954 
72.095 72.2134 73.08 72.6971 73.4446 74.2202 74.758 75.2343 75.8693 
75.604 75.3862 75.2403 74.9312 74.9649 75.387 76.2996 75.8022 75.7461 
78.2604 77.4716 77.082 78.5432 77.6048 76.8275 78.6751 78.0563 76.9617 
80.8483 80.3688 79.6514 80.6041 80.0234 79.4095 80.2313 79.4731 78.8651 
83.1844 82.4503 81.7196 82.1965 81.7075 81.0386 81.8877 80.8862 80.3197 
86.0379 85.4878 84.9878 85.8448 85.096 84.4734 84.7993 84.3071 83.8981 
85.89 84.82 83.4108 86.3298 85.3613 84.026 87.0569 85.4266 84.0191 
85.001 84.0134 83.4038 86.1426 85.0207 84.0288 87.8189 86.516 85.4028 
83.8542 83.9745 84.1787 84.4514 84.4357 84.4239 85.4015 85.3717 85.0067 
83.2905 83.7406 84.3963 83.6201 84.3251 85.11 84.2279 84.8292 85.0542 
81.4638 81.1597 80.9069 81.1691 82.3062 82.3304 81.1601 83.322 83.1834 
72.4873 79.8403 85.5955 73.0664 81.3374 87.1617 74.7507 80.9822 89.2549 
10.2352 12.6479 16.3296 9.50165 12.741 15.425 9.72123 12.0696 15.3798 
11.0815 11.9913 13.0626 10.9069 12.0278 12.9954 11.167 12.0633 13.1811 
14.9184 21.6097 20.9071 15.1373 21.8385 21.094 15.4462 22.2407 21.4398 
10.3356 76.8365 67.7335 10.3272 77.8546 65.5105 10.4451 78.3778 67.3785 
6.09146 86.1488 75.1047 6.19192 87.3825 72.6754 6.23784 88.105 74.8497 
45.0011 61.9977 58.6472 45.1366 62.3011 58.4817 44.8376 62.4253 58.6265 
57.5349 57.2625 57.3631 57.4712 57.2601 57.2333 57.4436 57.1647 57.0792 
62.4573 60.3643 59.0695 62.3037 61.0048 59.9278 63.2889 60.9815 60.0303 
64.3366 62.1161 60.5959 64.1229 62.9158 61.7277 65.2199 62.9171 61.9697 
64.9858 64.5768 65.2879 64.4135 64.5611 64.4775 65.8563 65.2733 65.7129 
67.6363 67.5595 68.3518 67.9456 67.8584 68.0611 67.2321 67.4018 68.1824 
69.6863 69.9591 70.2027 69.7927 70.0745 70.2277 69.9352 70.1823 70.2749 
71.1798 71.7738 72.3757 71.2609 71.7526 72.3538 71.4508 71.988 72.4957 
73.1426 73.7512 74.1889 72.4333 73.2668 74.116 73.0309 73.3263 74.0329 
75.9629 76.2651 76.6782 75.6392 75.8347 76.1619 75.0702 75.3931 75.9697 
78.9952 79.1759 79.1105 78.2328 78.5423 79.1675 77.6426 78.5899 79.2956 
81.19 81.2962 81.263 80.6952 80.8198 81.1902 80.1069 80.1144 80.4419 
84.781 84.7739 85.0613 83.8757 84.6739 84.94 82.9675 84.5496 85.0047 
86.7543 86.536 86.5799 86.5704 86.238 86.3126 85.4386 85.4945 85.7936 
86.9203 86.2691 86.0744 87.5918 86.8625 86.374 87.1162 86.7951 86.5892 
86.8256 85.7677 85.2149 88.095 87.1546 86.1658 89.4416 88.4948 87.6116 
86.4469 86.3323 86.4761 86.8805 86.8485 86.7634 87.6744 87.5075 87.0624 
85.6022 87.64 87.6631 86.4357 86.9789 87.7009 86.7821 87.1377 87.2193 
77.8813 83.7659 88.5883 77.8439 84.5729 89.5744 78.7744 83.916 90.0479 
69.7858 81.2867 90.1798 69.8682 83.0141 91.8573 71.434 81.6885 94.0985 
17.3466 19.205 21.8349 16.2588 19.4626 21.5756 16.5899 18.909 21.8843 
18.3354 20.3515 22.8333 17.4675 20.6222 22.6816 17.8888 20.3103 23.0489 
24.7085 26.1113 27.6568 24.0158 26.0059 27.4589 24.4262 25.9919 27.7937 
38.3941 41.0929 41.1027 38.5556 42.0807 41.3864 38.2153 42.9992 42.4018 
43.9847 50.7726 50.091 44.3296 51.6978 50.4664 44.1742 52.026 50.9522 
52.3271 51.7834 50.8597 52.3125 51.6268 51.0964 52.42 52.2724 50.8735 
56.9196 54.861 52.9136 56.9911 54.8339 52.8365 56.5486 54.7001 52.4308 
64.6451 61.6616 58.2341 64.6636 61.8106 58.5002 64.4814 61.9127 58.5666 
73.2512 70.1764 67.5509 72.8834 70.86 68.4107 73.8688 70.9108 68.6567 
74.5036 72.4129 70.3909 74.3835 72.4436 70.1786 74.1712 72.7439 70.5688 
75.5692 74.9567 74.5625 75.8339 75.1221 74.4253 75.919 75.377 74.6049 
73.6007 73.2137 72.8177 73.869 73.346 72.7905 73.993 73.4256 72.7988 
74.1535 73.8601 73.5471 74.1784 73.6646 73.5749 73.9415 73.3765 72.5929 
74.3454 74.6463 74.8535 74.1382 74.2701 74.5504 73.834 74.0282 74.3056 
76.4388 77.1597 77.6714 75.8322 76.6698 77.6691 75.5092 76.6843 77.714 
78.1374 79.0614 80.0759 77.7118 78.7705 80.2847 77.6233 79.1614 80.3844 
82.6556 83.0904 83.7255 81.6751 83.0732 84.0125 81.1477 83.4927 84.464 
85.067 85.6111 86.3181 84.0054 85.4193 86.349 83.5483 85.6789 86.6501 
86.8389 87.1683 87.7228 86.0733 87.1184 87.7089 85.364 87.3238 87.9943 
89.1525 88.699 88.3445 89.5048 89.2206 88.7506 89.5668 89.3049 89.0211 
89.4144 88.1121 87.414 90.1208 89.1964 87.8287 91.0617 89.8896 88.8499 
88.4506 89.1099 88.2506 88.9093 88.3385 87.8623 89.0406 88.4961 87.9376 
86.9729 88.9328 89.1059 87.5721 87.9506 88.5996 87.7334 87.8917 87.9886 
87.2744 88.3511 90.295 87.967 89.4428 91.1958 88.5466 90.1133 89.4808 
74.9879 84.3948 91.911 75.2381 85.8337 93.2596 76.5588 84.9103 94.688 
21.7139 21.7239 22.0888 21.4052 21.9013 21.8255 21.5106 22.1651 22.0302 
26.1396 25.4061 24.8481 26.0744 26.09 25.7038 26.9776 26.3811 26.2131 
38.9955 37.1133 37.2218 39.3397 38.0986 37.5606 39.0883 39.1712 38.5832 
43.9002 42.3336 42.8521 44.3536 43.534 43.2931 43.9583 44.6699 44.3851 
45.3537 43.5785 43.9962 45.7234 44.8239 44.4571 45.3795 45.9909 45.6078 
47.9785 47.8507 48.2508 48.3597 48.7342 48.7585 48.3935 49.1973 49.2216 
120.816 122.212 122.688 119.382 119.242 120.432 119.827 118.805 116.384 
113.437 113.084 112.467 113.135 112.993 112.513 112.613 111.765 111.061 
159.891 160.917 160.322 159.048 161.568 161.064 158.997 160.065 159.026 
130.866 130.662 131.708 130.288 130.669 131.589 130.12 131.129 131.496 
131.502 132.514 134.586 132.491 133.707 135.098 134.793 135.236 134.984 
118.82 119.927 120.77 119.865 120.557 121.603 120.963 121.351 121.186 
82.8285 82.2074 81.6813 83.0964 82.0256 81.8098 82.9468 81.7639 80.3966 
77.1971 76.7026 76.245 77.2518 76.294 76.1902 76.9001 75.9309 74.9193 
75.9861 76.6238 77.2819 75.9804 76.6047 77.1251 76.0113 76.6451 77.2079 
78.0226 79.2641 80.4567 77.6298 79.1013 80.784 77.7955 79.6959 81.2631 
82.4341 84.0799 85.8928 82.3921 83.9303 85.8937 82.5426 83.9228 85.6894 
87.2097 88.0853 89.0719 86.3153 87.9165 89.0907 85.9994 88.302 89.595 
92.5554 93.8569 94.908 92.105 93.0804 94.1927 91.2476 92.4818 93.8486 
92.2417 92.5913 92.6583 92.1904 92.525 92.6564 92.0104 92.2805 92.3743 
93.7335 93.6901 93.1352 93.1243 92.651 91.5206 92.6014 92.1736 91.9645 
91.8514 91.0596 89.7923 91.4629 90.3081 89.0821 90.7968 89.8144 89.2544 
88.9555 89.1949 90.4066 89.3811 90.0223 91.0685 89.6859 90.4714 89.6206 
89.0742 88.9939 91.2196 89.5456 90.6993 91.9895 90.2389 91.6511 90.9807 
87.3143 88.3116 91.25 88.2844 90.5411 92.8138 89.342 91.7985 92.1122 
28.0742 24.8025 21.1743 29.1109 24.9061 21.3194 29.1564 26.5101 21.3847 
30.1633 27.3432 24.2786 31.0806 27.4775 24.4083 31.2237 28.9287 24.5714 
34.1093 32.8337 31.6911 34.1704 33.534 32.5401 34.9958 33.7344 32.8441 
42.4852 40.5242 40.4056 42.7975 41.4185 40.7392 42.6104 42.4655 41.698 
46.9346 45.5712 45.2943 47.2137 46.6431 45.6354 47.3439 46.9524 46.3287 
121.354 122.691 123.02 119.799 119.53 120.681 120.321 119.114 116.711 
180.171 183.368 185.462 178.172 178.834 180.982 178.535 176.825 175.131 
191.183 194.883 197.088 189.206 191.801 195.018 189.552 189.621 189.116 
206.277 209.272 211.102 204.459 208.493 211.494 204.014 206.522 209.05 
210.395 211.06 214.601 208.187 212.666 216.404 209.701 212.434 214.945 
209.01 215.096 219.669 212.639 216.411 220.576 216.13 218.053 220.837 
205.709 209.566 212.435 206.554 211.503 214.739 209.325 212.908 216.413 
154.154 155.643 157.538 155.587 157.091 159.367 157.81 159.263 160.09 
95.5077 94.8698 95.054 96.1585 95.8339 96.0569 97.6489 97.147 97.0763 
76.9048 76.742 76.4127 76.9397 76.8116 76.3642 77.1924 77.0707 76.8905 
85.5797 90.3093 95.3533 85.8028 90.8136 95.2359 86.1191 90.9175 94.7081 
90.4256 93.6741 101.287 89.5164 95.5845 100.322 88.8154 94.9021 101.188 
94.1239 95.8069 97.5551 93.7612 95.0223 96.6305 92.7936 94.5002 96.4903 
95.0805 96.32 97.5263 94.6921 95.5336 96.8049 93.867 95.0786 96.5751 
95.4196 96.3509 96.6564 94.6494 94.8528 94.604 93.6376 94.0811 94.6244 
95.4054 95.4896 95.0083 94.6058 94.1966 93.1745 93.8457 93.4604 93.268 
95.0964 95.0954 94.4862 94.2958 93.6555 92.5665 93.477 93.0069 92.8328 
93.6781 93.2226 93.3751 93.7776 93.569 92.8631 93.907 93.9939 93.4487 
90.4103 89.8922 91.7698 90.9354 91.6945 92.5912 91.66 92.8422 91.6841 
91.9075 91.4676 92.3424 92.9411 92.7738 92.5798 94.1016 94.777 94.3519 
29.3719 26.7383 23.6698 30.5336 26.3536 23.3557 30.2113 28.2635 23.3534 
30.1186 29.4623 28.8968 30.0283 30.0579 29.9306 30.9151 30.3895 30.2795 
34.0761 33.9902 33.7154 34.4571 34.0377 33.882 34.6029 34.1117 33.7498 
40.7709 39.0728 37.909 40.8257 39.2412 37.7925 41.023 39.4338 38.0809 
56.5205 52.8072 50.1012 56.2817 52.9361 49.951 56.8389 53.1334 50.4041 
175.584 175.096 174.402 173.483 171.302 168.674 173.391 168.416 165.764 
196.366 199.881 202.265 194.389 195.333 197.879 194.529 192.857 191.706 
221.678 225.636 227.958 219.3 222.75 226.458 218.206 219.613 222.404 
227.825 230.969 232.044 225.207 230.114 233.931 224.793 227.677 231.067 
229.331 233.688 236.861 230.375 234.407 238.783 231.203 233.792 237.546 
224.354 230.084 234.441 227.256 232.367 236.85 230.764 233.134 236.496 
218.819 224.711 228.578 222.595 226.699 230.69 226.238 228.642 232.198 
221.396 226.324 225.392 222.168 221.743 226.339 226.194 227.694 230.889 
155.699 156.026 157.741 157.486 158.738 160.156 161.585 162.143 164.108 
107.102 103.045 109.754 103.848 113.454 108.574 112.274 109.895 115.621 
98.0811 105.082 114.111 97.9132 106.811 114.191 97.9715 106.436 113.244 
95.6206 102.587 112.123 95.4098 104.223 111.711 95.0905 103.831 111.104 
98.0771 100.051 105.793 97.2915 101.618 105.224 96.5306 100.954 106.003 
97.7241 99.0146 100.486 97.4237 98.5122 99.7442 96.6487 98.1079 99.4584 
99.9863 100.345 101.349 99.1243 100.003 101.248 97.9254 99.7207 101.107 
97.0973 97.3943 97.1323 96.3098 95.9717 95.2088 95.3742 95.1689 95.1896 
98.5644 98.2379 98.0655 98.5765 97.3161 96.8792 98.1139 96.5346 96.0371 
97.3327 96.4926 96.154 97.3691 96.8449 96.0905 97.6169 97.0006 96.2768 
94.8551 94.2134 94.6759 95.4867 95.167 94.6771 96.2152 96.4665 95.7555 
93.9962 93.3454 93.3195 95.7882 95.0247 94.7863 97.398 97.1476 96.4889 
28.1683 26.087 26.3347 26.9192 29.2353 29.9529 28.4065 26.7059 27.6612 
31.9935 33.3103 33.3932 32.5854 32.8065 34.1539 34.1979 34.0168 34.356 
34.7537 35.3957 35.6698 35.1624 35.3885 35.9185 35.1286 35.0329 35.5178 
39.2543 38.3204 37.6992 39.5525 38.5455 37.8154 39.7485 38.2605 37.588 
102.192 96.0445 90.8129 99.8673 94.6837 87.803 98.739 92.0845 86.9565 
199.359 196.874 193.836 197.093 194.045 189.582 193.894 189.276 186.195 
225.046 227.859 229.303 222.65 224.625 226.038 220.637 220.109 221.479 
237.822 240.964 241.535 235.461 238.587 241.274 232.574 234.193 237.426 
245.159 247.527 247.459 242.64 245.792 248.603 240.528 242.486 246.291 
247.45 249.424 250.576 246.308 249.873 252.108 246.013 249.289 250.968 
238.686 243.612 247.316 241.706 245.644 248.73 244.484 246.733 248.304 
230.19 234.818 235.664 231.42 232.772 237.246 236.768 238.372 240.561 
226.111 230.396 229.266 227.322 226.482 230.253 232.167 232.97 235.305 
219.362 223.147 221.582 221.037 219.817 222.825 224.94 225.895 228.009 
166.683 166.98 168.939 168.539 169.937 171.802 170.915 173.363 174.673 
116.215 121.085 127.173 116.828 122.358 127.56 117.332 122.707 127.243 
105.864 108.528 114.976 105.278 110.296 114.599 105.159 109.906 115.458 
105.658 107.359 109.475 105.977 107.913 109.882 105.927 106.852 109.048 
101.656 103.734 104.908 105.254 105.308 107.767 106.633 108.116 110.639 
102.626 103.105 104.25 101.979 103.04 104.387 101.022 102.931 104.286 
103.618 104.203 103.272 103.263 103.212 102.972 103.038 102.34 103.436 
100.453 100.278 100.141 100.478 99.2522 98.9765 100.099 98.5168 98.1777 
100.037 99.11 99.4286 100.25 99.0935 98.6483 100.119 98.9302 98.6923 
98.3721 97.531 97.0463 98.7035 99.3178 98.3572 100.561 100.978 99.3267 
96.9019 95.8809 95.2895 98.9782 97.655 96.9699 100.841 100.042 98.7793 
213.345 46.5255 180.425 121.822 43.8783 95.3082 238.275 8.14448 220.243 
101.069 55.4413 55.1886 173.794 61.9984 75.6022 162.223 175.073 216.964 
41.7216 40.3524 49.2888 57.2147 54.6045 53.7196 39.5082 44.8002 44.7908 
44.5493 47.1125 42.9418 39.6259 48.7153 38.3926 41.7431 45.3153 43.7165 
186.146 191.933 220.631 213.408 202.932 198.481 112.25 123.306 212.687 
233.618 232.169 230.082 232.583 231.409 224.679 229.234 225.35 222.265 
240.072 242.047 240.99 239.042 239.186 237.067 236.149 233.223 232.938 
248.937 250.089 249.513 246.522 247.981 248.338 243.737 243.248 245.084 
253.366 254.157 254.124 252.109 253.248 253.998 250.544 250.141 252.546 
255.686 255.83 255.85 255.655 255.797 255.902 255.668 255.745 255.813 
249.755 251.42 253.198 250.714 253.348 254.329 252.554 254.581 254.576 
243.075 244.813 247.369 246.022 249.236 249.966 249.901 251.734 251.75 
230.744 233.643 232.612 232.212 232.449 234.962 237.151 238.244 240.094 
221.681 220.575 219.43 223.989 224.11 223.806 227.741 228.035 228.267 
203.354 201.462 201.598 205.35 205.283 205.666 207.539 209.473 210.721 
154.3 154.849 154.28 156.691 158.669 157.654 158.748 160.948 159.774 
123.849 124.747 125.953 125.271 126.815 128.501 127.449 128.576 130.278 
106.365 108.991 110.237 110.663 110.982 113.605 112.76 113.872 116.425 
104 106.81 108.252 108.582 108.814 111.41 110.799 111.82 113.931 
104.544 106.051 105.352 106.225 106.383 107.03 107.21 107.345 109.269 
106.017 106.532 105.024 105.578 105.618 104.916 105.436 104.706 105.563 
107.388 107.563 106.219 107.433 106.23 105.063 107.36 105.892 105.425 
102.774 100.85 100.547 102.912 102.298 100.856 103.283 103.177 102.363 
101.098 98.9751 98.6862 101.853 101.415 99.9234 103.008 103.028 102.123 
100.006 98.4531 96.7164 101.812 101.07 99.057 104.393 103.716 100.966 
92.9843 78.2947 202.07 141.594 69.1343 205.742 96.78 174.445 173.304 
253.987 161.921 57.4574 110.26 83.2951 125.74 41.9375 214.875 10.8246 
135.937 222.501 224.456 83.8348 29.8255 147.423 131.171 84.3954 163.82 
46.2391 123.066 91.0515 135.908 40.0328 33.0325 176.374 181.325 43.1021 
208.222 197.912 235.219 162.952 181.202 204.312 191.838 213.649 220.935 
239.63 239.687 237.358 239.722 238.515 231.391 236.8 233.006 229.869 
241.848 246.866 243.608 242.323 244.477 239.18 243.197 240.771 236.905 
251.459 252.621 252.407 251.016 251.188 249.895 250.235 247.43 247.542 
255.872 255.888 255.932 255.932 255.755 255.932 255.898 255.744 255.9 
255.892 255.912 255.896 255.933 255.93 255.922 255.898 255.92 255.916 
255.779 255.849 255.785 255.764 255.859 255.817 255.892 255.925 255.912 
246.435 246.583 246.856 249.579 250.665 250.352 252.021 253.017 253.052 
239.066 238.121 237.773 243.26 242.191 240.805 245.37 246.006 245.765 
224.989 222.736 220.819 228.67 226.674 225.521 230.706 231.126 230.707 
181.717 181.028 178.681 184.521 185.155 182.728 186.696 188.313 186.264 
154.192 154.326 152.738 156.935 158.437 156.852 159.201 161.17 159.525 
140.274 140.984 140.062 143.006 144.974 143.852 145.384 147.362 146.021 
122.145 123.703 125.157 123.469 125.374 127.596 125.185 126.901 128.64 
107.929 110.642 112.249 111.805 112.534 115.287 113.755 115.481 117.835 
112.265 113.605 115.255 112.421 113.727 115.391 112.68 113.808 115.004 
110.374 111.795 111.641 110.694 110.699 110.393 110.749 109.962 109.731 
110.451 110.007 109.083 110.182 108.598 107.672 110.088 108.871 107.646 
109.055 108.963 107.843 109.458 107.975 106.611 109.468 108.728 107.153 
105.724 104.627 103.202 106.716 105.992 104.361 108.157 107.578 105.37 
106.062 103.316 101.02 108.638 105.622 103.121 110.191 107.847 105.298 
66.172 177.31 194.232 50.2386 204.432 240.041 144.232 188.652 176.08 
213.045 158.467 104.529 98.9849 171.996 152.108 206.967 69.0485 78.9104 
140.647 225.707 127.467 199.113 63.5135 143.464 102.677 83.4168 83.5038 
180.15 130.609 102.432 129.934 163.684 45.0371 131.955 96.8974 75.2489 
217.808 234.885 227.771 232.51 226.975 225.877 210.417 203.883 216.056 
237.964 243.732 239.319 239.387 241.41 235.014 240.177 238.527 233.891 
239.063 247.164 243.606 240.882 243.956 239.91 243.079 241.575 238.289 
249.478 251.113 252.903 250.616 247.196 250.91 251.715 249.02 250.432 
255.083 255.252 255.39 255.285 251.784 255.288 255.461 253.401 255.103 
255.894 255.918 255.794 255.918 255.715 255.802 255.911 255.822 255.908 
254.888 252.701 249.362 255.335 250.394 248.718 250.972 250.571 250.328 
248.467 246.604 244.443 251.419 249.218 246.732 251.834 251.25 250.629 
238.678 235.33 233.429 244.637 238.807 236.576 246.065 243.755 243.462 
226.802 223.78 222.145 233.451 227.23 224.942 235.157 233.479 231.741 
208.689 205.448 204.362 213.107 209.532 208.873 214.618 214.296 212.546 
168.614 168.063 166.057 171.225 172.328 169.398 173.777 174.758 171.249 
143.216 143.682 144.097 145.021 145.957 147.213 147.529 148.696 149.573 
127.431 131.053 133.099 127.732 130.982 134.113 128.219 132.128 134.991 
117.887 120.414 122.939 118.043 120.618 123.297 118.305 120.695 122.844 
115.798 119.036 121.857 116.637 118.799 121.423 116.833 117.796 119.223 
114.41 116.636 118.44 114.619 116.241 117.648 114.656 114.643 115.598 
111.671 112.885 112.797 112.076 111.754 111.265 112.004 111.197 110.492 
111.68 111.764 110.601 112.345 111.224 109.999 112.466 111.846 110.439 
112.091 111.989 111.602 113.567 113.426 112.414 114.259 114.774 113.409 
112.28 109.344 107.924 114.047 111.533 109.435 114.906 113.265 111.346 
83.874 193.055 242.912 233.928 214.864 134.242 132.679 207.806 167.223 
147.822 212.981 1.06922 66.1141 26.0867 70.0972 249.455 192.333 199.142 
161.253 113.666 18.9795 37.1601 33.913 203.578 101.656 156.01 118.102 
60.9397 136.017 120.811 175.824 170.437 110.832 173.777 23.9267 36.2369 
219.491 201.654 202.899 222.03 214.7 189.866 213.649 206.334 230.05 
233.793 238.332 237.01 233.25 234.508 230.026 233.594 233.925 232.033 
236.677 241.665 245.745 239.498 239.897 240.121 241.66 240.481 240.022 
239.962 240.305 247.391 241.866 240.924 243.255 243.911 241.734 243.466 
250.214 249.697 252.087 250.76 246.776 251.29 251.405 248.752 251.169 
254.675 251.699 248.8 254.702 248.799 247.785 249.312 248.516 248.684 
252.94 249.393 244.782 253.035 246.101 243.876 247.821 245.853 245.426 
248.172 243.978 239.391 249.468 242.017 239.485 244.611 241.958 241.953 
233.105 229.448 227.112 238.509 232.111 228.387 239.737 236.914 234.845 
218.315 214.554 213.321 223.416 218.692 216.097 225.157 223.155 220.5 
197.885 194.998 193.621 200.287 198.938 195.973 202.977 201.896 198.274 
185.04 182.439 181.239 186.126 185.686 182.756 188.085 187.359 183.799 
173.116 171.451 170.008 173.812 173.969 171.438 175.756 175.088 173.087 
141.941 144.636 145.83 142.136 144.385 146.769 142.015 144.957 147.258 
126.67 129.388 131.514 127.402 129 131.849 127.474 129.244 131.176 
122.799 124.7 126.833 123.644 124.137 126.912 123.427 124.117 125.584 
117.132 119.879 122.158 117.689 119.39 121.468 117.687 118.088 119.198 
119.683 118.508 117.391 118.871 117.517 116.611 118.387 116.608 116.107 
117.067 116.92 116.174 117.298 117.29 117.09 117.483 117.817 116.963 
114.4 113.846 114.129 115.788 115.906 115.436 116.845 117.316 116.59 
115.485 113.977 113.267 116.961 116.325 114.719 118.128 118.192 116.601 
207.24 136.327 231.326 216.496 127.566 253.008 161.407 234.694 244.323 
149.514 59.2326 34.0278 103.971 203.461 15.3238 50.8959 192.086 201.412 
80.1975 235.525 232.832 50.0094 135.037 246.111 174.757 169.686 33.5965 
7.20455 149.321 253.845 216.342 213.913 119.555 218.773 98.309 153.386 
153.816 202.385 181.579 155.293 230.488 147.14 199.772 210.732 150.257 
230.273 233.923 233.421 226.339 228.583 226.06 228.362 226.8 223.505 
232.408 236.489 236.909 230.963 232.592 231.484 231.348 232.291 232.895 
237.829 237.975 243.227 238.414 237.736 240.379 238.984 238.495 239.918 
239.899 235.806 238.129 238.491 238.756 241.092 238.947 238.504 239.865 
239.323 236.378 235.96 238.599 236.708 237.574 238.041 236.754 236.565 
244.756 240.987 237.302 245.102 237.883 235.707 239.097 236.709 235.798 
228.544 225.682 222.967 229.345 226.586 221.967 225.674 221.698 220.169 
223.885 221.182 217.643 225.938 221.624 217.128 226.519 222.718 219.608 
212.191 209.201 205.892 214.117 210.113 206.536 215.666 213.155 209.991 
198.029 194.494 192.397 199.704 195.62 192.492 200.089 197.901 196.008 
185.608 182.175 179.854 185.863 184.422 180.734 186.946 185.335 182.402 
175.973 172.743 170.412 176.794 173.493 172.534 176.878 174.455 175.309 
157.336 155.918 154.805 157.478 155.769 156.39 157.144 155.788 158.783 
134.123 134.444 134.555 133.634 134.213 135.331 133.494 134.388 136.114 
127.388 128.817 130.046 127.576 127.994 130.323 127.445 128.188 129.848 
126.767 126.157 125.599 125.674 125.09 125.469 125.019 125.085 125.683 
124.103 122.955 121.505 122.837 122.542 122.434 124.282 123.662 121.026 
121.735 121.326 119.317 121.404 120.397 120.555 121.081 120.533 119.355 
118.254 117.793 116.991 119.031 119.009 118.504 119.674 119.945 118.762 
119.362 116.891 114.923 120.707 118.322 116.009 122.075 120.734 118.462 
87.2303 221.206 40.4534 81.3561 138.968 102.23 173.745 154.97 250.801 
91.323 188.191 155.36 176.154 157.4 19.4567 205.047 209.793 251.252 
38.7948 210.48 132.623 112.508 177.228 215.451 248.06 220.191 63.5708 
217.708 165.577 234.999 152.206 32.9284 92.4036 163.429 142.93 128.626 
50.2878 137.269 122.037 179.586 247.997 136.404 159.074 126.698 113.325 
225.764 228.446 227.321 220.089 221.645 221.821 221.98 219.584 217.486 
228.569 230.026 229.226 224.754 225.582 226.111 223.238 224.013 224.988 
229.727 229.77 230.329 228.076 228.545 230.17 227.163 228.188 229.63 
231.264 229.398 230.608 229.8 230.38 233.04 229.72 230.836 231.463 
225.265 224.001 226.539 225.699 224.572 226.877 225.866 225.702 226.91 
224.134 222.263 221.585 225.357 223.758 220.372 221.73 218.586 217.616 
223.059 220.968 219.023 224.235 221.977 216.92 219.519 215.812 214.036 
219.803 217.07 214.604 220.791 218.405 213.311 217.343 213.587 210.835 
207.922 204.824 201.154 208.671 204.043 199.434 208.171 205.419 202.404 
198.792 195.148 192.619 199.487 194.531 191.126 199.628 196.953 194.432 
185.702 184.564 183.052 192.374 189.883 183.1 188.946 188.123 185.638 
179.461 175.811 173.23 180.542 176.807 174.507 180.663 177.61 177.228 
167.564 164.908 164.038 168.587 166.037 164.249 168.48 166.312 164.82 
138.681 138.761 138.403 138.337 138.25 138.468 137.95 137.787 138.415 
131.571 131.291 130.713 130.781 130.239 130.889 130.029 130.117 131.036 
128.78 127.801 126.813 127.607 127.622 127.105 129.285 128.569 126.064 
126.587 125.294 124.321 125.48 125.646 124.846 127.737 127.047 123.707 
124.413 123.336 121.986 123.597 123.585 123.395 125.493 124.996 122.067 
122.71 121.642 121.089 124.26 123.069 122.025 125.568 124.725 123.367 
123.964 121.169 119.234 126.344 122.488 119.934 126.836 124.24 122.567 
123.061 9.08554 129.603 159.673 244.202 82.2833 176.566 221.857 83.9962 
195.877 68.2882 47.9068 46.1558 29.1521 217.217 54.8373 78.8411 165.528 
154.9 14.3427 165.634 182.088 165.774 176.688 176.774 171.903 92.5336 
211.93 59.3912 136.964 230.758 166.669 40.4386 234.298 155.58 151.277 
107.732 172.767 95.54 225.401 40.9949 138.914 168.003 93.3564 150.987 
220.904 221.542 218.176 212.26 213.32 216.786 213.526 214.667 213.405 
224.874 225.64 223.046 218.691 219.824 220.163 216.601 218.583 220.304 
218.142 220.537 220.348 216.184 220.689 218.669 214.355 220.222 221.465 
219.632 220.544 223.441 219.391 221.11 224.184 220.865 222.979 225.369 
216.208 216.857 219.958 217.072 217.296 220.26 218.946 219.61 221.674 
215.501 215.286 217.243 216.526 215.346 216.443 216.987 215.92 217.098 
219.057 217.311 215.941 220.053 218.679 214.58 215.924 212.508 211.069 
212.665 210.61 206.971 211.938 210.012 205.496 211.405 206.112 202.219 
206.176 203.607 199.906 205.218 203.244 199.013 205.257 201.27 197.042 
190.052 189.449 188.636 196.16 194.167 187.9 191.575 191.325 188.253 
186.32 186.236 184.083 192.961 191.599 183.657 188.846 188.498 184.886 
182.158 181.52 179.792 188.625 186.949 179.793 184.956 184.377 181.356 
168.79 166.721 165.83 169.665 166.209 164.028 167.998 165.11 163.422 
147.544 146.313 146.215 146.515 145.069 144.211 145.146 142.91 142.1 
138.622 137.87 137.125 137.618 136.75 135.783 136.538 135.216 134.276 
136.147 133.255 131.917 136.262 134.361 132.455 135.295 133.99 132.681 
129.834 128.032 126.753 129.204 129.146 127.826 131.202 130.281 126.909 
129.496 128.122 127.112 130.336 129.172 127.592 130.357 129.883 128.429 
127.706 125.734 124.916 129.939 127.037 125.5 130.061 128.438 127.767 
127.633 124.501 122.563 130.504 125.764 123.268 130.798 127.526 125.905 
172.088 66.2954 220.095 201.12 210.658 84.2095 212.227 86.1788 112.599 
149.445 14.5296 102.381 188.045 95.3291 132.4 205.432 77.3966 211.36 
158.021 220.229 65.1977 133.666 46.19 151.743 138.612 166.945 152.292 
169.584 175.351 253.773 238.008 35.9448 251.867 100.641 226.147 218.962 
56.9884 172.555 108.022 127.284 225.181 61.3547 25.8369 46.2689 95.8192 
218.598 211.781 216.4 206.182 204.078 215.273 199.857 204.218 212.144 
216.732 218.979 217.728 213.631 217.853 215.113 210.432 216.612 218.195 
215.026 217.988 217.191 213.124 218.425 215.451 210.939 217.847 219.011 
213.418 216.715 216.753 212.57 217.624 215.539 211.74 217.995 218.779 
209.976 211.013 213.908 211.995 212.755 214.679 213.623 214.988 216.084 
208.979 209.291 210.325 211.286 210.445 210.903 211.942 210.927 210.224 
208.566 207.579 207.584 209.333 207.204 206.754 207.45 205.329 205.025 
206.187 204.723 202.483 204.919 203.853 201.571 203.67 200.698 198.768 
198.386 197.119 196.567 196.796 195.37 195.218 194.058 193.48 192.722 
195.405 193.881 193.319 193.94 192.32 191.737 191.199 190.758 189.078 
187.367 187.396 186.158 192.849 191.912 185.531 187.859 188.263 185.226 
183.607 182.724 178.894 183.379 182.173 177.215 180.782 179.836 177.277 
170.886 169.585 168.388 170.452 167.772 165.371 168.07 165.44 164.493 
158.051 156.835 156.429 157.166 154.456 152.875 154.688 151.857 150.812 
142.261 138.955 138.168 141.605 139.835 138.104 140.623 138.789 137.62 
138.278 134.735 133.349 138.428 136.674 134.516 137.73 136.328 134.866 
137.673 134.797 133.9 138.8 137.746 135.407 138.306 137.706 135.716 
136.243 133.051 131.364 136.388 134.968 132.667 136.325 135.697 133.82 
134.615 131.924 130.392 135.086 132.603 130.737 135.498 134.419 133.185 
131.202 127.858 125.957 133.913 128.842 126.365 133.358 130.305 129.293 
123.637 33.1709 9.08583 73.9844 48.4422 16.2729 79.4746 112.528 60.2197 
158.951 206.814 52.5889 63.8994 122.247 31.416 54.1057 125.023 57.4848 
10.451 67.9182 34.9585 127.575 194.299 185.936 63.2838 124.185 176.616 
59.4285 115.112 60.8067 154.237 129.072 173.553 208.076 197.923 136.046 
147.87 63.5956 116.039 88.7816 163.13 80.0396 78.9886 101.679 227.841 
188.329 183.032 176.539 190.483 206.889 160.096 148.968 213.215 210.355 
213.926 214.89 213.068 210.605 211.662 211.616 206.945 209.986 211.659 
212.893 215.8 214.589 210.954 215.737 212.79 208.725 214.939 216.171 
203.634 205.801 205.272 202.546 205.637 206.536 204.873 207.248 207.384 
203.007 203.825 205.271 206.247 206.59 207.013 208.578 208.855 207.676 
200.882 200.315 201.721 203.372 200.516 203.118 206.971 201.917 201.394 
202.607 201.748 202.367 203.816 202.167 202.122 202.677 201.234 200.914 
198.585 198.672 199.064 198.226 197.818 198.197 197.36 197.275 197.889 
197.425 197.237 196.458 195.267 195.184 195.271 193.333 193.362 194.456 
193.105 192.598 192.455 191.561 190.079 190.75 188.883 188.035 188.266 
188.269 188.522 186.819 186.661 186.316 185.079 185.145 183.652 182.57 
182.81 182.571 180.851 181.521 181.017 178.347 179.906 179.373 177.862 
172.731 174.776 174.045 174.575 173.556 170.324 172.46 172.486 170.478 
160.786 160.272 159.152 159.942 158.4 155.673 157.85 155.413 153.413 
152.51 150.882 149.007 151.592 149.757 146.707 149.934 147.41 144.816 
140.532 137.565 136.395 141.4 139.986 137.575 140.721 139.744 137.899 
140.89 139.996 138.722 142.301 142.565 139.708 141.848 141.887 138.533 
140.668 139.454 138.801 141.617 141.228 138.811 141.787 141.393 138.405 
140.18 137.292 135.778 140.047 137.35 135.527 140.785 139.193 137.706 
144.948 140.561 135.895 146.161 140.378 136.843 145.811 142.385 139.73 
59.5485 109.347 21.0521 216.724 237.792 204.831 123.786 82.3303 22.276 
8.86408 130.755 117.264 111.322 140.375 168.939 9.65881 126.434 157.765 
22.6693 42.16 29.4339 68.0749 198.417 193.938 58.6729 170.987 203.732 
6.75205 14.5936 10.0398 102.46 188.311 196.596 99.3777 183.997 201.668 
9.02771 8.71411 8.81812 195.376 197.362 191.004 191.473 196.618 192.204 
27.7257 120.109 49.6763 233.818 194.715 45.4045 49.1887 224.215 38.1995 
199.753 201.961 203.914 193.613 208.723 201.767 200.321 204.969 198.433 
202.496 204.671 202.811 199.633 202.922 203.969 201.448 204.439 205.402 
200.242 202.222 200.963 198.424 201.16 202.025 200.565 203.395 204.041 
197.621 197.674 197.999 198.879 197.516 200.034 203.433 200.255 200.189 
196.416 196.209 197.54 198.813 196.444 199.064 203.541 198.517 198.026 
195.944 195.741 197.611 197.26 195.441 198.149 201.005 197.195 196.999 
194.124 194.897 196.021 192.77 193.828 195.899 194.294 195.89 195.802 
190.698 191.622 192.828 189.919 190.137 192.057 189.831 189.759 191.899 
189.002 188.238 189.306 187.871 185.739 188.021 186.287 183.798 186.262 
186.658 186.456 186.996 185.921 184.035 185.072 184.567 181.628 182.872 
181.023 182.21 181.729 180.091 179.539 179.596 180.601 177.719 176.38 
172.633 175.613 174.683 174.601 174.276 170.549 173.13 173.134 170.193 
167.388 168.105 166.557 166.205 165.725 162.436 163.459 164.171 161.368 
160.473 157.592 153.822 160.265 157.973 155.222 156.586 156.908 155.401 
152.957 151.302 147.764 152.587 151.239 148.515 151.384 150.745 148.619 
144.404 144.231 142.726 145.7 146.007 143.255 145.114 145.371 141.981 
147.419 146.253 143.245 147.294 146.197 143.456 146.601 146.522 143.779 
147.876 143.809 140.013 148.922 143.703 140.645 148.868 145.521 143.14 
148.591 144.188 139.674 150.645 144.825 140.787 150.674 147.113 143.776 
211.57 5.4997 217.938 9.25613 70.1009 128.448 23.2959 34.0391 186.425 
7.45974 60.2731 35.5537 62.2671 71.3353 138.354 192.337 71.581 195.37 
6.23769 16.3342 9.30557 99.1176 190.277 198.179 94.2939 182.611 201.832 
0.553865 0.626944 0.724443 192.869 193.62 192.466 191.105 192.757 190.542 
3.09839 2.66185 3.00635 196.465 197.083 195.975 194.605 196.388 193.711 
7.98308 5.40812 8.97953 186.684 191.38 193.037 197.858 195.182 188.486 
153.636 82.4842 90.5916 216.751 51.0524 62.1302 115.818 31.9449 205.266 
192.296 195.943 197.566 195.298 201.862 193.935 189.587 198.22 206.233 
195.042 196.487 195.358 194.436 196.717 197.225 196.583 199.853 200.295 
189.051 189.082 188.743 192.191 192.23 191.746 193.63 195.729 196.024 
190.645 190.654 192.06 193.218 191.725 193.611 197.451 193.923 193.509 
188.623 190.519 192.289 189.031 190.444 192.259 191.839 192.659 191.086 
189.077 191.24 192.794 187.745 190.137 192.872 190.631 192.785 192.242 
186.757 188.813 189.47 185.024 186.955 190.593 186.405 188.34 189.585 
184.743 185.463 187.042 183.907 184.086 186.805 183.191 183.271 186.204 
181.824 182.132 182.996 180.337 179.995 182.063 180.448 178.805 179.932 
177.703 176.832 176.778 174.786 174.562 175.164 175.7 173.873 173.512 
174.83 174.942 172.744 171.893 171.374 170.088 171.84 170.322 168.306 
165.209 162.66 158.895 163.701 162.047 159.63 159.823 161.097 159.636 
161.766 159.002 155.192 161.045 159.034 156.727 157.645 158.534 157.106 
159.455 156.419 153.006 159.341 157.111 155.549 156.938 157.139 156.336 
153.506 152.358 151.061 153.663 152.074 151.187 154.629 153.123 151.8 
151.692 150.3 149.796 152.928 151.381 150.239 154.774 153.268 151.635 
151.571 148.921 147.562 153.405 150.693 148.054 155.257 152.862 150.398 
154.938 151.018 145.346 156.845 151.79 146.68 157.24 154.101 148.43 
54.0666 235.204 181.593 164.737 87.5482 96.8304 82.5828 239.914 127.495 
67.7656 113.73 248.785 235.363 116.411 155.103 59.8013 129.735 109.985 
144.842 23.1872 63.7066 74.9242 150.551 128.399 226.832 166.622 58.9633 
9.52981 3.83407 9.05097 175.013 173.177 170.637 175.443 170.504 169.995 
1.40561 10.0288 8.95563 192.916 193.055 194.978 191.398 194.183 188.633 
117.674 118.892 178.807 64.7658 224.549 238.879 28.0873 42.6515 187.909 
55.5059 47.9236 176.228 249.354 218.014 46.76 145.598 167.714 12.789 
132.539 133.282 148.252 138.083 171.019 153.853 157.306 169.419 148.313 
174.902 173.108 172.977 174.559 174.932 174.6 172.632 177.21 178.609 
180.158 179.848 180.104 182.842 183.963 183.109 184.792 187.392 187.3 
179.034 179.355 180.711 181.641 182.7 182.594 183.524 184.828 184.355 
181.261 183.827 186.994 184.039 185.438 185.547 186.158 186.27 184.663 
182.243 186.346 187.685 182.384 184.464 187.019 184.838 186.402 184.958 
180.654 183.544 185.744 181.061 183.362 186.15 182.281 183.323 185.168 
177.871 179.49 182.808 177.035 178.976 182.893 177.069 179.15 182.583 
176.863 176.33 179.243 174.885 176.026 179.219 175.338 176.203 178.822 
175.193 173.147 172.157 171.013 170.061 171.478 172.912 172.001 172.625 
173.322 171.124 169.677 170.508 170.02 169.748 170.552 170.112 170.292 
168.024 166.619 163.257 165.32 164.636 162.546 162.901 163.888 162.965 
160.096 158.999 155.124 161.462 160.534 157.555 159.283 159.32 157.641 
158.555 157.029 155.254 158.211 156.735 156.862 159.508 156.869 157.221 
156.363 156.091 156.527 157.407 156.406 157.241 159.705 157.968 158.206 
155.308 154.92 155.733 157.738 157.299 157.292 161.585 160.181 159.486 
160.36 158.552 155.115 162.787 161.2 156.727 165.309 164.315 158.034 
162.381 163.631 163.071 169.402 166.344 160.386 169.724 168.547 159.531 
43.5525 196.677 12.0417 223.725 19.6175 41.18 204.65 22.2759 162.921 
8.51972 194.049 8.30964 221.475 51.3434 68.5506 145.728 16.6458 226.169 
44.6734 248.516 13.4321 107.298 30.1875 175.152 227.436 86.4401 97.7061 
173.956 173.781 42.8195 227.937 120.01 216.377 102.905 157.123 190.845 
63.503 9.50644 230.126 179.079 40.4861 73.164 232.665 47.8784 32.9088 
45.1875 60.8713 193.219 162.96 17.2186 190.776 58.6484 87.6785 238.383 
128.178 112.054 164.939 165.418 185.601 135.911 164.63 150.218 90.8824 
151.232 149.391 149.182 148.142 148.99 148.051 145.86 149.033 148.929 
159.748 157.558 157.293 157.441 158.501 157.614 155.158 159.002 159.35 
166.315 163.969 163.95 165.239 166.368 165.529 163.644 167.238 168.303 
169.112 169.293 169.686 170.897 172.093 172.166 170.524 171.709 172.457 
172.076 177.57 180.695 176.125 177.624 176.887 177.515 177.022 175.158 
172.888 179.426 182.873 176.849 178.689 178.092 178.807 177.885 175.768 
171.703 177.172 180.29 173.893 176.085 176.789 174.97 174.902 174.763 
172.565 175.412 178.101 171.323 174.248 177.613 171.123 173.28 176.225 
173.663 172.418 173.84 169.514 169.391 172.275 170.926 171.687 173.573 
173.113 170.561 169.204 167.3 166.196 167.981 170.56 168.89 169.405 
171.496 169.045 166.142 167.128 165.572 165.379 168.299 168.091 167.973 
160.44 162.175 159.425 162.256 162.975 159.72 163.098 161.371 159.05 
157.931 160.521 157.693 161.241 162.656 158.936 162.459 160.029 157.579 
157.556 159.915 157.92 160.688 162.057 158.953 162.263 159.805 157.722 
155.703 158.542 162.133 160.138 160.845 161.389 162.604 162.345 162.346 
156.36 158.126 160.931 160.519 161.154 161.7 163.874 164.129 163.809 
161.622 163.462 165.022 168.906 166.31 162.715 169.531 168.616 163.014 
163.453 165.163 165.062 170.552 167.746 162.224 170.931 169.862 161.224 
141.914 64.6869 54.6992 145.776 253.516 194.166 201.019 116.01 225.163 
9.86722 192.152 186.218 245.482 205.796 46.86 35.469 242.749 15.01 
12.8632 146.627 176.282 206.903 251.819 250.071 157.512 247.618 190.509 
118.286 144.252 41.8378 153.249 13.1686 124.323 228.492 78.0996 134.294 
26.216 122.618 242.674 92.3746 26.637 84.6427 110.265 83.4497 94.7003 
233.542 19.0304 129.324 94.7295 61.809 6.55999 3.18832 116.142 229.655 
150.573 87.9165 98.5474 178.776 149.984 108.184 108.529 142.706 85.6839 
140.534 140.95 140.719 137.771 139.199 139.406 137.326 138.86 137.335 
151.595 149.484 149.678 148.862 149.483 149.34 146.235 148.915 150.366 
150.916 150.875 150.854 150.327 152.684 152.269 149.364 150.64 151.671 
155.433 155.732 156.172 156.406 157.301 158.37 154.936 155.628 157.079 
154.703 157.53 159.208 156.648 158.223 159.058 156.773 156.729 156.796 
165.951 172.146 175.126 169.292 171.184 170.401 170.471 169.663 168.058 
159.846 161.537 162.454 159.163 160.024 160.801 157.86 157.377 157.99 
162.172 164.027 165.073 159.368 160.906 163.021 158.502 159.608 161.542 
163.532 164.907 165.112 158.907 159.662 162.234 161.872 159.046 160.13 
169.399 167.856 166.384 163.5 162.349 164.219 167.031 164.737 165.114 
165.284 164.655 164.768 161.511 160.445 162.448 164.22 161.157 161.509 
162.924 162.027 162.087 162.029 161.353 162.045 162.353 162.298 161.861 
159.305 161.295 158.919 161.779 163.256 160.077 162.833 161.364 159.095 
163.552 162.092 162.902 165.54 165.421 164.915 165.666 164.77 164.177 
159.953 161.821 164.736 163.557 164.37 164.874 165.222 165.685 165.56 
161.409 162.381 164.246 164.466 165.479 166.674 168.093 168.294 168.752 
165.772 165.335 165.52 168.55 167.918 167.625 171.711 171.291 170.362 
164.777 166.832 168.433 172.054 169.428 165.797 172.087 171.609 165.016 
173.594 175.104 149.529 215.356 208.849 183.903 23.5547 33.2912 44.005 
177.855 71.2711 181.781 254.149 124.323 107.447 215.81 25.8685 24.8529 
195.79 23.9129 248.009 110.31 45.2855 148.753 231.167 80.7325 93.2815 
109.03 161.69 39.6703 166.523 230.687 175.246 107.635 2.17476 30.0708 
57.4701 41.8083 167 174.724 95.5857 74.4979 203.722 211.795 53.5153 
180.83 153.635 48.2876 246.479 155.892 177.686 174.15 168.555 58.9397 
140.035 140.209 139.353 131.718 140.149 131.338 136.098 129.792 139.086 
137.584 136.774 138.061 134.847 135.683 137.18 134.148 135.329 136.027 
138.747 138.562 139.586 137.055 137.821 139.362 136.228 137.699 138.595 
140.743 141.828 142.746 140.566 142.092 143.223 140.155 141.619 142.697 
143.437 143.737 146.087 141.829 142.233 145.841 143.568 143.159 145.928 
143.934 147.82 148.259 145.278 146.647 148.419 145.66 145.144 147.516 
149.362 151.732 152.709 149.056 150.67 152.094 148.566 148.809 149.934 
153.98 154.94 155.182 151.811 152.575 153.471 150.631 151.087 152.096 
156.168 156.982 157.446 152.333 153.156 154.808 151.827 152.704 154.001 
157.391 158.739 159.348 154.23 155.258 157.031 154.472 155.331 156.784 
161.602 162.438 162.658 157.789 158.018 160.451 160.929 158.229 159.469 
161.473 160.799 162.074 159.116 159.248 161.647 159.529 160.279 161.95 
160.772 161.427 161.756 160.266 161.333 162.486 160.358 162.255 163.103 
164.259 163.296 163.728 164.309 164.873 165.643 164.178 164.435 164.6 
166.468 164.223 165.323 166.973 166.81 167.356 167.061 166.198 166.015 
165.816 164.658 167.165 167.354 167.492 168.841 168.042 167.991 168.392 
166.507 167.133 169.611 168.041 169.522 171.528 170.789 172.29 173.248 
169.782 169.725 169.907 172.243 172.008 171.783 173.75 174.902 173.366 
170.867 170.491 170.23 173.491 172.749 171.524 174.878 175.304 172.777 
235.646 227.771 233.993 189.314 176.777 243.793 52.9911 2.61402 18.9088 
205.753 181.5 207.434 142.681 153.941 171.628 42.1963 60.009 95.2075 
219.088 120.829 34.5174 14.0475 187.433 148.176 17.0813 10.3982 11.2975 
250.072 175.182 6.16579 38.1245 70.0215 36.8462 185.013 95.4426 31.7189 
78.5166 37.5633 73.5634 230.317 222.636 40.1145 10.6239 248.922 112.934 
60.3667 173.702 17.4698 37.544 104.146 101.127 225.12 6.06603 124.115 
137.984 129.437 132.628 135.985 136.058 134.852 132.248 129.895 137.83 
134.529 134.479 136.1 134.17 135.324 136.594 135.312 135.45 135.037 
135.317 136.09 137.203 135.369 136.493 137.429 136.451 137.12 137.781 
139.477 138.732 140.764 138.191 137.706 141.281 141.343 140.648 143.158 
141.14 141.466 143.134 140.001 139.35 143.595 142.87 141.397 145.098 
142.21 143.214 144.881 141.318 141.021 145.054 143.97 142.314 145.857 
144.11 144.16 144.907 146.561 145.173 146.595 147.257 145.617 147.455 
148.683 149.027 149.47 148.303 148.718 149.396 148.461 148.932 149.408 
151.221 151.933 152.751 149.891 150.353 151.851 150.414 151.109 152.377 
152.687 153.833 155.287 151.7 152.681 154.737 153.056 154.201 155.478 
155.427 156 157.332 153.63 155.455 158.009 154.747 156.928 159.832 
158.198 158.627 159.891 154.926 157.648 161.221 155.448 158.925 163.333 
160.2 161.863 163.068 157.91 161.129 164.114 158.018 161.341 164.785 
163.095 165.418 166.772 161.835 164.315 167.126 161.847 163.728 165.879 
166.666 166.175 167.894 166.107 166.847 169.055 165.676 165.887 167.355 
168.521 169.04 171.538 168.613 170.921 172.839 168.366 170.376 171.986 
170.093 170.841 173.563 170.145 172.593 174.971 170.856 174.03 175.922 
173.718 173.799 174.261 173.458 174.633 175.106 173.124 175.488 176.946 
172.748 172.822 172.561 174.593 174.496 173.599 174.817 176.3 174.396 
175.512 139.536 166.635 246.826 202.066 189.62 0.249037 37.2772 113.008 
16.827 6.25318 21.6098 149.227 243.993 74.8537 62.5407 218.057 235.347 
28.1701 107.833 185.601 140.323 240.064 179.366 218.322 101.468 156.492 
229.368 180.895 13.119 202.725 125.151 87.4615 76.7983 205.98 180.938 
120.815 140.366 12.8793 93.6311 143.515 60.9475 42.0347 60.2303 51.2716 
183.901 204.853 101.811 117.84 141.051 203.011 151.898 84.7079 101.381 
133.438 133.108 134.411 134.631 134.842 135.993 137.552 135.645 135.208 
133.641 133.667 135.02 134.539 135.167 136.225 136.774 135.613 135.127 
133.694 133.834 135.2 135.065 135.71 136.862 138.119 137.826 137.243 
135.27 134.437 135.521 137.235 136.348 138.186 140.212 141.475 141.381 
139.2 137.802 139.944 138.541 137.354 141.443 142.367 141.929 144.284 
141.679 141.691 142.482 144.932 143.271 145.092 146.18 144.806 146.635 
143.659 142.338 143.968 146.378 145.072 146.158 147.472 146.71 147.512 
144.951 143.866 145.34 147.494 146.232 147.288 148.529 147.672 148.531 
147.106 147.754 149.048 148.289 149.135 150.224 149.938 150.858 151.4 
149.207 150.339 152.017 150.569 151.576 153.302 152.192 153.363 154.437 
151.1 152.583 154.454 152.202 154.061 156.066 153.559 155.763 157.311 
155.88 156.973 159.025 153.723 157.109 160.996 154.762 158.554 162.718 
159.764 162.611 165.44 158.552 161.635 167.045 159.461 162.122 166.253 
163.524 166.49 168.907 162.206 164.885 169.077 162.167 164.222 167.387 
166.948 168.714 170.612 165.701 167.412 171.282 165.248 166.343 169.473 
170.038 171.215 172.456 168.979 171.195 173.063 167.406 169.333 171.567 
174.857 175.425 175.606 172.96 175.284 175.853 169.801 173.513 176.252 
176.828 177.357 176.219 175.19 176.617 176.162 172.168 175.522 177.398 
176.451 176.638 175.872 175.665 176.522 175.933 173.659 176.067 177.194 
