439553
255.897 255.932 255.928 255.933 255.785 255.924 255.92 255.863 255.93 
255.795 255.832 255.621 255.865 254.401 255.587 255.813 254.95 255.65 
253.436 253.464 251.438 253.477 248.641 250.552 251.275 249.261 250.448 
241.746 245.665 242.463 241.344 244.016 240.755 241.581 240.783 238.401 
233.726 237.898 236.378 233.575 236.637 234.84 233.449 233.99 232.242 
223.025 224.899 227.111 222.991 225.225 226.766 223.529 224.414 224.726 
209.016 210.528 213.078 210.883 213.022 215.194 213.091 214.411 215.348 
188.345 188.993 189.248 195.845 196.107 191.173 193.685 195.325 193.598 
183.586 183.572 183.097 190.632 190.779 184.947 188.595 189.708 187.465 
179.001 178.788 178.369 185.927 185.304 180.309 183.95 184.496 183.096 
167.255 166.374 166.237 169.707 169.101 169.372 171.601 171.204 172.027 
156.144 157.141 155.51 159.32 160.918 158.678 161.42 162.118 159.609 
151.604 152.542 152.039 154.96 156.357 154.745 157.035 158.383 156.268 
147.943 148.429 147.793 151.55 152.395 151.225 153.546 154.438 153.039 
141.26 142.599 146.21 140.406 142.121 146.704 143.101 144.037 147.85 
131.77 142.982 151.267 131.818 137.909 153.782 127.526 141.559 150.456 
37.9911 65.493 85.2485 215.783 60.0152 174.553 117.705 94.6954 188.142 
81.8024 222.062 54.1387 41.1563 175.325 9.10054 81.8208 192.519 151.355 
63.4576 40.7498 186.711 54.1405 151.283 134.048 183.798 237.704 180.799 
15.2352 135.293 169.792 98.5719 139.541 191.243 149.744 21.4467 65.4635 
92.5843 178.766 162.357 109.402 68.0583 199.227 152.037 51.8485 54.465 
203.459 63.0698 171.109 199.707 78.3401 207.659 137.076 224.992 248.228 
71.4071 174.529 75.4173 45.2059 215.173 24.5831 243.485 76.8288 13.165 
67.9763 112.681 222.949 214.184 109.544 209.122 141.893 60.0179 254.969 
230.158 229.02 248.743 70.6413 39.7118 89.5867 4.35849 238.809 106.598 
180.363 2.2894 35.3996 46.4547 248.77 82.7272 103.185 47.7994 105.712 
187.164 217.052 34.8954 24.1982 212.143 100.822 58.4249 198.323 222.591 
27.2598 63.8283 112.681 38.9689 196.498 38.9743 204.868 10.1524 192.518 
255.796 255.861 255.853 255.778 255.886 255.874 255.838 255.911 255.911 
255.567 255.653 255.436 255.609 255.198 255.443 255.338 255.292 255.419 
252.372 249.578 245.561 251.866 246.907 244.937 246.966 245.847 246.1 
244.294 243.097 240.115 244.29 240.687 238.764 239.58 239.298 238.462 
230.74 230.82 230.486 229.889 230.9 230.597 228.728 230.29 230.253 
218.451 220.699 221.375 218.016 221.764 220.198 217.198 221.916 222.248 
206.941 208.397 210.407 208.479 210.62 212.669 211.543 213.265 213.964 
194.874 195.271 195.931 197.328 199.348 198.587 200.39 201.912 200.272 
183.057 182.921 182.104 189.706 189.802 183.236 187.701 188.678 185.281 
173.333 172.284 171.259 175.745 175.488 173.276 177.082 177.632 175.23 
162.974 163.963 162.826 165.756 166.457 164.833 167.874 167.354 165.698 
157.498 159.185 158.174 160.275 161.269 159.774 161.866 161.096 159.68 
150.634 150.926 149.954 154.114 154.797 153.208 156.034 156.458 154.447 
143.607 142.883 144.397 146.211 144.667 146.577 148.463 146.9 148.318 
142.286 141.747 143.749 143.717 142.534 145.289 145.626 144.425 146.769 
139.562 139.926 143.235 137.527 138.485 143.423 140.492 140.785 144.568 
135.109 134.581 136.886 136.545 136.245 138.814 139.158 141.27 142.507 
80.9246 172.656 77.7239 49.531 193.916 143.542 214.234 61.4435 40.6537 
193.53 95.598 125.156 106.094 168.83 232.615 138.137 210.159 196.534 
250.735 87.7712 12.889 210.425 106.925 83.8671 117.394 53.4692 254.332 
110.467 90.386 133.202 87.4107 225.583 85.3723 145.896 244.043 215.275 
213.528 33.481 226.762 75.7126 244.778 176.125 197.399 26.1746 191.355 
51.7295 46.4339 172.022 190.372 95.0301 35.496 1.7441 164.196 195.719 
61.3481 6.01722 130.973 172.076 140.126 1.96657 132.749 20.6453 151.817 
124.304 115.319 71.3758 84.9674 227.643 196.841 3.61483 69.6773 125.598 
208.522 39.9484 16.6413 84.7035 68.7958 136.993 55.1573 105.883 127.533 
64.5796 173.417 60.3651 37.1754 241.049 176.354 136.636 120.605 38.193 
254.985 199.45 228.554 62.0858 175.591 53.5712 143.772 233.63 124.053 
254.915 255.266 255.383 255.049 255.387 255.583 255.113 255.457 255.569 
246.931 247.61 248.988 248.721 248.684 249.637 250.02 249.92 250.917 
247.821 244.514 241.901 248.964 243.816 242.389 244.701 244.487 244.338 
234.906 231.963 229.115 235.566 233.605 231.683 235.341 234.439 233.673 
222.894 223.348 222.655 222.567 224.567 221.692 221.406 225.384 224.615 
214.691 216.769 216.225 214.024 217.889 215.478 213.443 218.96 219.671 
208.157 210.238 210.033 207.983 210.796 209.257 208.786 211.782 212.371 
193.9 193.952 192.771 194.647 195.182 193.496 195.395 195.983 194.516 
179.992 180.537 179.595 179.997 179.704 178.259 180.726 179.765 176.119 
173.163 172.46 170.759 174.872 173.728 171.008 175.377 175.06 171.984 
164.008 165.785 166.749 170.439 168.116 164.328 170.394 169.901 163.458 
157.087 158.111 156.142 159.419 159.592 156.975 160.866 159.208 156.885 
150.096 149.02 147.906 151.257 149.647 148.773 152.065 150.41 149.367 
143.64 142.741 143.417 146.218 144.319 145.195 147.408 145.665 146.293 
140.817 140.617 142.469 139.187 139.047 142.347 141.71 140.727 143.245 
136.411 136.77 138.04 137.507 137.911 139.63 139.23 140.776 141.421 
134.98 134.409 135.371 137.287 136.603 138.487 140.127 141.854 141.862 
136.319 133.292 133.293 137.97 135.485 135.265 138.568 138.952 138.713 
220.735 61.2685 113.205 185.606 211.236 31.2653 181.346 121.392 124.32 
213.442 72.733 164.274 125.687 48.7361 156.156 109.301 112.094 45.765 
15.6077 138.64 113.661 34.1103 105.919 180.901 230.696 201.294 85.0884 
1.18854 13.3155 244.686 88.1978 183.744 38.3495 141.815 130.266 187.924 
37.2568 223.68 121.418 15.3185 144.201 154.7 100.706 115.598 76.0592 
103.384 79.8047 9.24508 80.1099 115.657 216.612 18.0105 136.256 75.0162 
128.037 126.556 84.3508 34.8761 190.733 200.15 80.3798 138.177 42.9576 
30.2039 238.241 96.3558 48.3864 102.604 115.278 79.6527 142.587 51.9255 
80.1678 10.9312 148.01 109.325 16.9566 138.916 74.1106 61.972 71.6059 
189.916 202.267 149.704 147.303 232.139 231.002 109.436 196.328 65.2526 
241.286 244.14 248.457 243.675 245.105 247.856 246.372 246.516 248.14 
240.444 241.142 246.062 242.966 242.396 245.179 245.147 244.617 246.064 
236.443 235.478 237.232 239.607 236.21 236.166 240.589 237.905 238.09 
229.297 225.987 224.262 231.28 228.304 224.899 229.609 226.843 224.896 
221.369 218.801 216.083 223.257 220.668 218.284 223.992 222.109 220.28 
210.356 211.337 210.401 210.415 211.982 209.544 211.108 213.524 212.759 
199.127 198.277 198.341 200.022 197.627 199.401 203.133 199.842 199.605 
191.78 191.676 192.046 192.009 189.748 191.537 195.135 190.806 189.491 
181.793 182.388 181.639 180.577 179.49 178.69 180.827 178.643 175.446 
168.517 170.828 172.225 173.782 171.146 167.978 173.479 172.041 165.027 
163.981 165.348 165.297 170.183 167.005 161.681 169.931 168.43 160.238 
159.255 160.421 160.385 165.112 162.061 157.167 164.937 163.444 155.645 
146.41 144.123 142.938 146.364 143.962 142.716 146.611 144.87 143.268 
140.106 138.992 138.15 139.952 138.796 138.004 140.727 139.516 139.111 
135.823 137.163 137.717 135.854 136.571 137.637 136.372 137.344 138.157 
134.507 135.405 136.513 134.983 136.012 137.114 136.497 137.206 137.846 
136.443 133.639 133.254 137.789 135.97 135.385 138.505 138.252 137.652 
136.763 132.876 131.711 137.57 135.757 134.161 137.863 136.492 135.498 
134.419 143.448 127.086 127.915 147.719 124.015 140.966 121.301 119.697 
55.6084 3.44886 65.1975 206.211 197.424 27.2435 242.926 89.5171 171.661 
206.161 53.235 251.028 128.276 7.20039 3.29016 20.5392 165.417 170.028 
204.81 114.985 249.397 69.1881 163.869 159.52 178.333 194.789 37.6587 
211.356 201.68 23.2322 51.6159 65.9146 195.854 147.719 135.183 161.355 
235.587 213.768 253.565 120.298 42.9958 153.921 110.985 50.7372 96.9708 
159.572 81.4772 146.186 70.7246 241.625 1.06506 129.882 35.994 73.7969 
44.7171 118.023 181.46 252.214 21.2889 243.721 154.297 16.583 161.595 
67.745 155.664 160.896 82.1339 225.678 168.016 190.32 164.7 83.1195 
90.3467 96.4099 58.5729 105.897 127.426 153.094 192.183 143.45 16.8817 
230.564 235.452 236.895 231.342 232.309 236.879 235.168 236.107 239.179 
233.09 235.207 239.632 235.545 234.576 236.81 238.205 236.383 237.525 
227.506 225.796 225.743 228.608 226.301 223.982 226.159 223.609 222.8 
224.03 221.919 219.73 225.656 222.867 218.361 222.027 218.053 216.287 
217.307 214.778 212.355 219.107 216.667 212.09 216.543 213.328 210.787 
204.796 201.739 199.479 206.655 203.536 200.151 207.28 204.822 201.881 
195.297 193.709 194.049 196.864 193.797 195.426 200.282 196.306 195.435 
183.036 184.352 185.395 185.008 184.719 184.57 185.621 185.323 184.448 
178.911 180.653 180.797 177.16 176.988 177.615 177.398 175.781 173.051 
171.563 170.174 167.689 169.198 167.39 164.378 167.067 165.127 162.562 
161.559 162.913 162.783 166.773 164.014 158.912 165.744 164.788 156.71 
146.745 144.67 143.74 145.033 143.212 142.167 144.029 142.723 141.387 
138.909 137.372 137.314 136.967 136.335 136.537 136.25 136.164 136.089 
134.925 135.33 136.01 133.849 134.472 135.842 133.591 134.838 135.538 
131.875 134.143 135.372 132.048 133.578 135.659 132.372 134.486 136.311 
129.249 129.605 129.557 129.825 130.648 131.896 130.987 132.651 134.105 
133.148 130.98 130.084 134.454 133.678 132.016 134.886 134.6 133.524 
136.482 132.586 131.224 137.319 135.321 133.216 137.096 135.827 134.537 
103.65 145.176 148.281 121.312 121.841 120.476 151.205 163.396 154.968 
215.026 35.2654 222.646 241.139 234.986 51.9137 51.6569 220.602 73.9504 
176.586 70.3539 208.322 62.255 94.238 106.016 186.925 49.2802 123.066 
121.821 85.4693 31.4951 140.734 138.142 242.461 5.60092 205.868 129.93 
106.525 138.583 69.4328 49.2768 214.104 37.4091 235.998 89.9889 2.9575 
0.564277 246.955 157.487 173.455 60.7382 148.144 88.8105 59.9602 172.909 
113.696 34.6392 40.1984 247.996 181.093 193.711 216.805 87.8987 247.917 
141.537 32.3207 112.071 117.608 196.481 158.817 141.661 150.456 160.841 
85.551 103.626 217.77 186.634 152.969 67.7678 83.9133 201.488 161.539 
169.586 120.494 107.168 54.0162 40.4989 228.847 44.9343 86.979 164.068 
225.647 231.233 231.082 226.335 226.498 231.122 230.491 231.128 234.384 
223.695 226.933 227.197 222.938 222.365 225.757 224.864 225.108 227.284 
218.245 219.385 219.244 217.529 216.984 216.604 216.893 215.453 214.873 
218.626 217.521 216.435 218.678 217.556 214.1 214.594 212.227 210.858 
207.73 206.663 203.873 207.135 205.386 202.254 206.564 203.329 201.118 
197.074 194.809 193.07 197.944 195.329 193.028 198.373 196.958 194.949 
183.015 182.533 183.804 184.277 183.635 184.331 185.121 185.167 185.498 
175.107 178.168 180.809 177.512 178.516 179.707 178.299 178.715 178.959 
168.437 172.633 174.849 170.411 171.692 171.717 170.511 170.711 170.122 
155.142 156.17 154.472 153.068 154.092 152.821 151.173 152.477 150.376 
146.551 146.306 143.625 144.94 144.52 142.87 142.409 142.701 140.749 
135.954 135.731 134.998 134.707 134.517 134.029 133.632 133.063 133.065 
133.691 134.109 134.773 132.165 132.869 134.251 131.275 132.272 133.325 
128.995 131.54 132.98 129.002 131.346 133.61 128.753 130.856 133.248 
126.451 127.961 129.077 127.523 128.815 131.157 128.737 130.262 131.961 
128.104 127.563 127.211 129.039 129.162 129.852 130.045 131.162 132.38 
128.904 128.052 127.091 130.026 129.601 129.359 130.744 131.449 131.755 
133.707 130.554 128.469 134.862 133.133 130.094 134.444 133.42 131.143 
143.505 125.611 112.035 145.774 113.405 153.358 125.272 121.541 152.57 
0.811436 42.1348 226.441 123.03 191.135 241.254 115.953 175.068 214.031 
87.2381 34.8813 26.1753 216.871 23.8917 94.6698 177.905 145.724 61.0308 
111.922 47.1305 244.029 90.2453 231.607 27.5395 240.822 134.474 111.682 
205.29 234.77 134.54 126.746 120.808 61.5858 154.363 197.694 84.6285 
156.608 86.348 226.858 103.669 174.079 114.021 134.723 218.336 252.071 
96.9404 236.56 110.973 194.809 193.879 190.115 72.8735 233.516 108.182 
25.2496 232.656 226.963 203.994 48.7149 247.869 18.4972 187.346 91.5384 
49.2701 88.0359 131.474 136.503 54.2911 214.84 151.936 236.114 67 
240.511 95.3543 91.3334 30.3306 184.099 79.887 180.836 23.521 200.037 
219.37 223.648 223.329 218.986 218.721 222.82 221.583 222.138 225.179 
212.415 214.539 215.011 210.895 212.154 213.326 210.745 210.872 212.208 
208.734 209.474 210.176 207.206 207.19 208.252 205.38 205.424 206.009 
201.765 202.962 203.126 200.368 200.613 200.814 199.072 198.574 198.684 
196.323 197.33 195.877 194.386 194.154 194.458 194.465 194.366 193.395 
183.581 182.302 181.378 180.958 180.17 180.86 181.984 181.806 182.19 
173.773 174.054 176.056 173.14 174.161 176.694 174.033 175.303 176.818 
168.107 170.057 172.814 168.313 170.053 172.533 169.435 170.64 172.176 
152.961 154.926 155.735 152.614 154.827 155.659 152.984 154.789 154.382 
142.945 144.39 142.968 141.668 143.304 142.32 140.951 142.837 140.442 
135.018 135.496 134.228 133.495 134.239 133.042 132.924 133.354 131.06 
129.411 129.645 129.35 128.394 128.081 128.206 127.441 126.932 126.851 
127.453 129.257 130.053 126.839 128.208 129.626 126.159 127.279 128.86 
123.315 126.575 129.875 124.392 126.287 130.546 124.828 126.515 129.379 
122.499 124.693 128.048 124.5 125.241 129.274 125.598 126.211 128.306 
125.209 125.726 126.434 126.718 127.08 128.805 127.967 128.928 129.92 
127.283 125.62 124.813 127.275 127.003 126.1 129.825 129.283 125.968 
130.565 127.395 125.293 132.641 128.284 125.345 132.119 129.144 127.324 
118.048 129.343 142.362 141.355 79.2166 151.152 157.82 123.451 161.716 
13.3362 153.077 242.521 230.954 24.1124 160.132 6.66819 243.527 209.784 
153.764 161.417 213.088 47.2024 235.111 26.7138 251.203 35.6255 198.908 
209.917 144.358 249.641 74.8729 204.207 78.9503 28.9389 97.0984 149.677 
100.177 82.6967 207.885 77.7234 9.9759 56.1662 94.4991 118.997 251.023 
240.438 112.802 121.36 192.296 53.9079 194.863 139.229 211.916 131.068 
180.661 221.891 116.941 205.175 238.643 213.89 187.834 199.428 12.6705 
27.337 170.96 130.46 66.2658 91.8254 228.916 126.248 195.009 90.0357 
163.142 250.345 197.174 158.488 49.6207 60.2702 75.5202 232.266 149.899 
43.0993 176.25 189.108 137.788 112.59 146.336 37.2492 25.5544 183.882 
201.308 203.78 204.111 199.216 201.9 204.341 201.092 202.866 204.767 
200.97 202.502 202.539 199.025 200.496 201.835 198.797 199.846 201.23 
195.773 196.164 197.07 194.847 194.946 195.88 193.006 193.052 193.818 
190.567 190.232 191.272 189.344 188.272 189.607 187.669 186.653 186.696 
182.386 182.171 180.977 178.832 178.385 179.176 179.614 178.416 178.6 
170.872 170.048 169.454 167.219 166.908 168.388 168.535 168.654 169.485 
167.045 166.924 167.539 164.149 165.171 167.479 165.483 166.36 168.106 
155.731 157.378 159.117 154.906 156.941 159.512 155.07 156.893 158.922 
134.334 135.299 136.064 134.374 136.034 136.591 134.932 136.521 136.738 
132.485 133.298 132.336 131.369 132.759 131.886 131.169 132.416 130.392 
124.442 124.179 123.485 123.586 122.934 122.536 122.628 122.138 121.547 
123.616 124.032 124.061 122.447 122.511 122.897 121.714 121.557 121.759 
116.808 120.618 123.633 116.776 120.113 122.921 116.609 118.529 120.621 
118.976 122.499 126.645 119.174 123.21 126.938 119.627 123.275 126.339 
121.008 123.078 126.037 122.529 123.725 127.207 123.291 124.628 126.596 
123.39 122.4 122.632 123.488 124.125 124.283 126.329 126.559 123.892 
125.681 123.794 122.963 125.813 125.036 124.151 128.386 127.316 124.112 
127.267 124.485 122.903 127.537 125.5 123.97 130.048 127.793 123.843 
119.727 126.123 127.915 126.47 133.688 124.122 138.708 137.198 129.354 
88.7974 238.651 156.182 97.9008 37.1088 253.206 169.199 114.5 26.5741 
180.495 139.381 63.8971 171.785 232.883 68.1932 36.6868 108.026 141.013 
87.5805 238.41 254.277 230.823 161.305 242.952 249.689 238.661 238.079 
235.257 200.812 175.593 232.314 20.1802 232.593 149.915 127.326 240.28 
203.374 210.217 8.02924 208.881 212.953 183.45 24.669 191.273 185.661 
93.7848 142.451 10.4985 189.858 50.2536 124.134 162.987 234.594 57.1203 
20.6934 40.7667 70.643 211.392 25.5946 32.4579 136.691 108.441 135.915 
160.589 103.978 92.0751 80.3219 191.609 192.239 10.7603 11.4195 163.485 
28.9315 107.669 131.548 45.5363 73.0907 239.656 80.5809 213.322 227.812 
192.837 195.154 195.189 190.799 193.719 195.44 191.891 194.226 196.023 
187.489 188.695 189.356 185.734 187.358 188.732 184.358 186.228 188.723 
184.055 183.507 184.363 182.389 182.445 183.877 180.134 181.091 181.982 
168.057 165.642 163.306 167.056 165.848 164.662 163.521 165.028 164.952 
164.692 165.104 164.71 161.993 162.068 163.286 163.681 161.887 162.28 
152.251 152.144 151.966 151.537 152.03 151.542 152.606 152.213 150.693 
150.759 151.491 152.415 149.784 151.001 152.296 149.933 150.661 152.034 
121.686 123.65 124.275 124.946 125.215 127.016 126.668 127.91 129.692 
116.332 116.421 117.109 117.341 118.359 118.293 118.544 119.443 119.111 
116.125 115.726 116.327 115.98 116.416 116.556 116.413 117.464 117.18 
117.413 117.189 117.075 116.736 116.313 116.502 116.136 115.642 115.925 
114.897 117.614 119.656 114.855 116.984 118.847 114.776 115.323 116.568 
113.694 117.146 120.31 113.977 116.954 119.65 114.028 115.529 117.505 
113.662 117.495 121.09 113.991 117.817 120.909 114.655 116.945 119.376 
117.235 118.312 120.248 118.4 119.916 121.327 119.451 121.036 121.964 
118.978 118.692 118.8 120.458 120.154 120.147 121.642 121.94 121.289 
123.152 121.35 120.215 123.238 122.601 121.47 126.03 125.316 121.765 
126.453 122.512 119.787 128.411 123.155 120.045 128.292 124.19 122.078 
132.551 131.865 124.999 118.055 115.269 131.632 137.442 136.569 127.655 
160.735 28.0135 44.9543 185.524 234.303 81.3073 140.556 150.192 17.5689 
163.007 176.39 171.393 155.877 84.5449 14.6573 174.966 80.897 198.328 
43.1175 57.628 251.508 8.48043 79.9319 198.351 203.328 141.303 27.987 
65.2486 92.3028 219.723 139.035 227.842 200.04 35.2143 8.04229 101.489 
175.39 88.7285 34.261 23.4412 40.1839 156.988 57.362 92.8685 47.7614 
87.0335 148.899 184.844 209.265 31.8618 1.44839 221.347 153.169 72.549 
215.695 223.265 83.4434 31.7104 232.994 132.534 26.9941 199.845 8.77817 
217.736 41.5729 49.838 46.4974 151.943 41.7889 219.804 200.725 205.757 
58.2694 80.401 146.026 195.325 198.131 14.1532 98.5633 200.24 54.6012 
180.972 181.793 182.036 179.556 181.055 181.661 178.21 180.374 182.752 
175.446 175.091 174.349 173.631 174.42 174.467 172.368 173.828 174.929 
163.654 160.391 157.49 162.789 161.026 159.353 158.734 160.711 160.658 
161.517 158.271 155.687 160.403 159.091 157.767 156.792 158.856 158.849 
155.323 153.086 150.612 155.406 154.451 152.617 152.466 154.047 152.758 
139.468 139.749 140.267 140.532 141.476 140.353 141.12 141.078 138.784 
128.063 129.269 129.871 131.341 131.983 131.484 132.47 132.836 131.285 
105.072 106.762 107.196 110.059 109.103 110.771 112.78 113.17 114.438 
105.688 107.246 107.927 110.247 109.572 111.216 112.599 113.558 114.781 
107.704 107.86 107.083 107.161 107.1 107.142 107.736 107.416 108.381 
111.159 110.518 111.655 109.857 109.557 111.146 109.406 110.307 111.211 
107.28 111.062 115.243 107.221 111.171 115.159 107.033 110.619 114.063 
110.977 114.738 118.077 111.586 115.131 117.834 112.165 113.437 115.292 
110.764 113.067 116.204 111.085 113.977 116.789 111.983 114.191 116.555 
112.742 114.034 115.62 113.704 115.144 116.569 114.817 116.042 117.056 
114.172 114.367 113.821 115.664 114.975 114.062 116.545 116.896 115.537 
118.204 116.227 114.302 119.306 117.066 114.852 120.468 119.15 116.882 
121.693 117.803 113.682 121.798 117.759 113.846 122.132 119.155 115.775 
128.988 171.761 137.755 159.143 108.933 115.191 162.543 120.246 106.67 
195.221 41.3403 156.827 22.1312 238.715 153.545 7.12659 26.9265 189.124 
12.5411 128.054 86.7116 79.0219 226.048 135.786 244.419 92.2207 232.408 
140.53 113.818 237.563 3.19 250.011 74.9168 23.0606 185.261 117.477 
217.015 227.097 17.102 230.443 161.24 198.787 153.182 26.0091 240.588 
109.872 61.6994 100.601 80.8338 221.212 48.5917 32.6537 253.45 206.258 
91.3503 201.35 244.699 81.2143 127.782 149.913 208.186 214.214 247.981 
119.947 22.2488 15.5513 194.283 121.627 237.225 24.5209 154.522 18.1589 
105.372 2.94752 130.263 38.3329 155.727 81.6501 44.5201 58.0131 50.189 
210.486 55.0699 39.6721 190.754 137.51 181.722 21.194 160.343 21.6184 
150.951 150.18 148.97 149.9 150.161 149.612 148.962 149.806 150.011 
157.673 154.837 151.212 157.368 153.611 151.268 155.829 154.381 152.918 
150.447 146.96 144.018 150.01 146.071 144.202 148.906 146.663 145.118 
156.649 153.124 149.725 155.937 153.868 151.943 152.054 153.861 153.364 
126.944 126.373 123.702 126.139 125.051 124.761 125.659 124.322 123.277 
130.169 130.409 129.712 131.293 131.708 130.578 131.336 130.998 128.297 
104.074 102.976 102.057 104.671 103.744 102.568 105.446 104.293 103.009 
100.447 101.354 101.561 105.157 104.046 105.016 107.451 107.866 108.942 
103.791 103.925 102.791 104.593 104.575 103.939 105.997 105.321 105.935 
105.253 105.331 104.625 104.771 104.887 104.762 105.28 105.202 106.144 
104.368 106.714 107.418 104.242 106.375 107.756 104.332 105.698 108.311 
98.2702 104.464 113.012 98.0922 106.138 112.643 97.8731 105.354 111.619 
103.164 108.04 113.009 103.409 108.678 113.356 103.512 107.952 111.716 
105.727 106.875 108.99 105.115 107.145 109.287 104.462 106.897 109.029 
108.819 109.571 109.656 109.386 109.409 109.334 109.391 109.962 110.041 
110.833 111.067 110.433 111.967 111.062 110.166 112.367 112.297 110.985 
111.879 111.646 109.872 112.573 110.802 108.615 112.692 111.449 109.365 
118.775 113.623 110.166 118.523 114.36 111.031 117.877 114.47 111.869 
126.055 151.221 139.85 90.0709 84.9026 136.418 154.417 98.5396 86.9383 
162.112 122.426 84.9745 21.9626 229.674 175.783 206.507 148.512 24.8282 
245.173 64.0833 61.4293 239.502 105.669 210.996 217.094 217.093 38.3586 
115.882 199.188 247.951 125.855 235.65 97.0413 235.639 77.8825 251.344 
134.655 222.059 237.263 142.374 166.867 157.9 139.129 89.0879 15.5333 
104.108 228.394 98.5985 135.248 185.41 248.767 97.4815 205.723 8.27056 
44.8111 202.53 182.738 193.3 247.208 139.77 38.1693 194.284 20.1556 
109.35 76.6413 48.9938 227.7 62.8026 85.5415 50.7935 226.272 33.0023 
36.2865 97.8293 234.937 159.137 28.2031 25.5172 215.555 138.924 32.9338 
87.2689 217.885 99.9281 89.7037 190.395 200.077 226.603 0.251024 57.9151 
87.7832 87.5336 86.5647 86.2419 87.3078 87.6003 85.7966 88.0531 88.1711 
104.734 103.471 102.356 103.419 103.109 102.562 102.952 103.519 102.87 
118.5 115.712 112.183 118.542 114.468 112.098 117.17 114.623 113.056 
94.9689 93.6556 92.1085 94.2148 92.7224 91.21 93.2131 91.7935 90.9838 
109.198 108.629 105.62 108.654 107.182 106.983 108.227 106.57 105.252 
95.2065 93.5143 91.9875 94.9556 93.3458 91.6951 94.974 93.3053 91.8978 
89.4974 87.8445 86.1215 89.8184 88.6236 86.8342 90.8144 88.7937 87.0818 
92.4212 91.2702 90.5792 94.2517 93.2619 92.2466 96.1868 95.2317 94.0038 
97.8896 96.9407 97.6031 99.2706 99.4124 98.7839 100.52 101.028 100.826 
100.866 102.024 101.492 101.531 102.277 102.405 102.601 102.716 103.921 
95.9285 98.4059 105.063 95.4637 100.487 104.442 95.0444 100.15 105.304 
95.48 101.749 110.516 94.957 103.168 110.073 94.5383 102.706 109.583 
99.1294 100.565 103.724 98.0344 100.542 103.344 96.2896 100.304 103.349 
102.467 102.795 104.227 101.604 102.693 104.505 100.347 102.352 104.502 
104.24 104.358 105.105 103.83 104.239 105.259 102.9 103.972 105.224 
109.288 109.517 108.311 109.848 108.527 107.078 109.733 108.755 107.339 
110.919 109.401 107.395 111.448 109.018 106.745 111.224 109.05 106.894 
114.223 111.529 109.203 114.92 111.174 108.168 111.836 111.138 109.214 
143.044 177.864 38.9263 83.6147 147.223 189.438 94.4819 69.5819 44.8055 
138.202 53.3495 28.9389 155.928 53.1258 51.6179 74.4377 23.4369 44.9472 
197.87 135.858 26.2157 232.834 226.829 100.922 154.818 164.89 136.768 
149.719 148.059 93.4217 8.1331 154.652 42.0052 230.256 191.012 131.406 
165.774 234.688 80.9268 122.047 242.048 222.914 222.493 176.175 45.4602 
219.545 196.049 52.5113 58.5613 252.592 25.8599 95.4463 144.201 162.938 
180.995 115.462 84.6631 36.1264 107.72 198.996 39.2858 26.9245 138.015 
121.049 142.619 6.79054 73.3668 78.2609 146.943 72.7889 237.658 32.7888 
95.5381 32.8472 0.25118 201.746 195.293 165.584 69.2769 154.212 27.6997 
49.6323 124.255 65.6468 215.875 66.4938 156.106 189.095 126.399 27.6531 
76.7545 76.8741 76.6472 75.6834 76.7328 77.1728 75.466 77.2209 77.6269 
75.9776 76.0776 75.8736 74.8546 75.106 75.3625 74.9706 74.6528 75.0348 
80.8705 80.1381 79.1748 80.0231 79.1995 78.2465 79.0154 78.1661 77.7923 
81.6575 80.6235 79.5987 81.4913 80.3256 79.0769 80.9925 79.8113 78.8215 
81.4193 80.2007 79.2321 81.7822 80.1193 79.2346 81.6644 80.0763 78.2268 
84.3356 82.9408 81.4962 84.4944 83.4074 81.9533 85.1336 83.4932 82 
85.2353 83.8971 82.4373 85.7041 84.7113 83.1156 86.6897 84.8464 83.2501 
86.0815 85.5466 85.0189 87.1571 86.7613 86.2709 88.7349 87.7168 86.8149 
87.4015 90.0973 93.2199 89.4285 91.8111 94.3377 91.0725 93.7612 95.9622 
91.22 93.6096 96.4837 92.0115 93.906 96.962 93.27 95.1343 97.761 
89.9984 90.8218 93.6186 90.251 92.0558 94.6938 90.8008 92.7166 93.4332 
93.7722 95.7873 99.5654 92.9697 95.7772 98.2221 92.0399 95.1412 98.1312 
95.512 96.6045 97.2516 94.6355 95.0401 95.1478 93.6997 94.4469 95.2761 
99.0281 99.4451 100.726 98.3133 99.0528 100.548 96.9375 98.9812 100.556 
101.321 101.105 101.363 101.242 101.051 101.5 100.629 100.447 101.186 
102.668 102.058 101.463 102.81 101.16 100.404 102.677 100.666 99.6646 
109.199 107.605 105.194 109.72 106.971 104.358 109.62 106.924 104.503 
87.8028 135.468 115.124 84.3543 147.609 70.1179 152.185 111.197 84.0848 
27.397 128.848 202.47 92.4633 207.817 41.8933 240.021 35.3001 60.1033 
234.501 66.1858 210.374 158.076 88.2162 80.2658 56.0364 57.244 110.497 
101.069 223.118 34.8629 124.189 171.01 108.707 27.7895 82.3609 154.885 
17.276 49.0094 24.0581 29.8349 250.293 146.11 144.891 99.4574 53.3784 
16.6486 55.9704 210.555 14.637 60.355 110.667 84.6813 155.914 137.355 
237.704 195.126 45.5153 13.4538 198.119 81.6183 153.343 164.737 173.767 
117.295 149.765 184.52 140.785 216.216 109.152 195.935 236.771 78.5291 
243.296 70.1498 71.9264 54.6113 4.21754 248.402 183.61 109.899 128.168 
95.991 178.781 107.602 66.927 206.5 56.0766 243.338 35.8906 76.7543 
139.657 2.66717 124.574 203.024 199.114 243.732 96.8716 106.506 20.5039 
72.2868 72.7151 73.1172 71.5554 72.1936 72.8246 72.0466 72.1007 72.6564 
72.9352 72.9611 72.9577 72.4834 72.5624 72.5101 72.2041 72.1209 72.3165 
74.7691 73.8428 72.9422 74.4014 73.6219 72.5593 73.8241 72.954 72.305 
76.5772 75.5251 74.6016 76.8407 75.3928 74.5609 76.5635 75.1721 73.4969 
77.6546 76.3015 75.3666 78.3627 76.527 75.543 78.3713 76.7603 74.5994 
78.3543 77.4916 77.0217 78.9707 77.6525 77.1434 79.1966 78.1049 76.6454 
81.4776 80.9093 80.1674 82.2247 81.8104 81.1395 83.3312 82.3593 81.4047 
78.3856 80.7015 83.7439 80.0361 82.406 84.9654 81.5352 84.2765 85.8234 
74.175 84.1881 91.7848 74.7644 85.576 93.1564 76.2709 84.7919 94.8941 
86.6689 88.024 91.2831 87.0394 89.6502 92.5214 87.5679 90.4248 91.0897 
88.4252 88.8879 91.1875 88.5594 90.1242 92.1661 88.9117 90.5869 90.5103 
91.7973 92.6829 93.6291 91.3576 92.0639 92.4291 91.1475 91.901 91.8446 
94.3809 95.2973 95.7435 93.5714 93.8646 93.6979 92.8051 93.2532 93.8533 
94.9743 95.6146 96.0241 94.4221 94.5396 94.2224 93.8591 94.1337 94.4891 
98.3312 98.3335 98.5292 98.6529 97.6431 97.6035 98.5926 97.2659 96.9169 
99.9579 99.2043 98.8683 99.9956 98.53 97.9837 99.8246 98.095 97.4328 
101.868 100.685 98.9335 102.249 99.7757 97.9115 102.566 99.7054 98.3701 
146.074 144.058 137.103 75.1616 31.4284 64.4741 202.539 35.0514 181.152 
63.625 1.29158 100.503 47.2644 3.5034 54.8483 66.943 165.888 234.097 
87.6013 233.924 38.7793 100.935 84.7072 22.205 137.783 27.2439 198.6 
187.623 61.579 71.645 96.5467 28.4408 69.6657 87.4081 163.928 132.175 
61.4976 137.114 16.9033 226.957 4.24151 39.3639 34.4476 104.386 221.58 
248.598 105.821 147.529 209.422 97.1943 62.0938 201.857 48.4701 105.057 
109.39 29.9047 121.726 53.7659 220.894 235.859 173.135 7.88221 20.7223 
132.243 178.538 241.825 136.591 165.922 135.189 100.887 135.69 152.302 
161.148 123.508 33.0009 133.102 229.125 190.199 90.3442 216.565 197.067 
155.565 90.9183 110.2 244.582 64.3452 23.1091 249.296 130.763 196.872 
237.032 153.951 138.357 0.205611 138.937 108.99 93.1007 118.182 226.74 
69.1089 69.2503 69.7319 68.6621 68.6489 68.8103 68.1745 68.5154 68.7764 
70.1847 69.712 69.2548 69.8169 69.4987 68.8935 69.4116 68.9664 68.5717 
69.6865 68.9906 68.1456 69.7545 69.0024 68.188 69.7236 69.0427 68.2359 
67.9347 67.7708 68.2097 67.6402 67.641 67.138 68.6764 68.3812 68.289 
74.2906 73.2792 72.5289 74.911 73.4667 72.5009 75.0499 73.6085 71.7498 
73.9513 73.4518 73.2447 74.866 74.3338 73.7617 75.6898 75.3486 74.6126 
72.4855 72.8512 74.6043 74.3567 75.3657 76.2977 76.3594 77.5964 78.4807 
69.1223 77.2148 84.0592 69.8468 79.4218 86.2826 71.7395 79.2207 88.7971 
69.7133 80.3142 89.1496 69.772 81.7837 90.7048 71.2025 80.8661 92.7651 
77.2149 82.4775 86.4987 77.0357 82.8767 87.0831 77.5452 82.0326 87.285 
86.6344 87.3308 89.103 87.0374 88.2918 89.9157 87.431 88.7332 88.1887 
86.3608 87.2576 87.5583 85.7613 87.0193 87.4939 85.4734 87.2008 87.706 
91.8142 92.7265 92.9913 91.2934 91.5149 91.2831 90.6835 90.9633 91.4214 
92.0931 92.0307 92.1816 92.5204 92.3683 92.1355 92.5632 92.3044 92.2236 
94.8307 94.1577 93.8333 95.2212 94.5448 93.882 95.1897 94.6203 94.0695 
98.2224 97.7122 97.2779 98.4153 96.9596 96.3249 98.3355 96.5748 95.838 
85.9061 82.8392 96.9347 94.1942 100.961 114.693 101.753 122.025 85.5015 
90.1459 131.265 148.513 40.5362 106.64 9.84714 122.588 13.2482 110.086 
94.4723 139.985 106.978 199.237 88.2578 178.889 247.058 53.9302 108.078 
59.2938 10.8263 174.966 218.336 169.18 253.415 231.138 231.04 107.698 
93.3109 75.7909 139.242 15.6083 250.523 29.9954 117.758 91.2138 47.7634 
108.952 125.096 182.436 63.7733 86.7541 89.6739 177.137 196.364 232.786 
223.397 81.8323 52.2978 16.8758 74.0369 111.058 123.902 97.7928 6.17243 
40.6594 92.0884 0.278837 128.475 52.8448 134.33 245.951 121.339 242.502 
119.11 98.9198 192.68 233.963 61.1002 156.253 134.173 22.9556 45.7528 
252.977 64.7614 7.03 111.177 18.8796 96.4954 186.279 238.909 130.281 
41.1649 106.351 94.9862 39.3498 238.802 122.146 246.383 113.183 243.003 
172.839 46.8303 37.7131 237.189 234.255 167.718 155.459 132.338 109.506 
66.5877 65.9815 65.8092 65.8909 65.0993 64.5207 64.7728 64.6887 64.3853 
64.7555 63.1941 62.7025 64.3765 63.575 63.2741 65.2816 63.698 63.6159 
65.0498 65.2438 65.9621 64.7807 65.0237 65.0126 65.7818 65.6586 66.0447 
65.7229 65.9626 66.695 65.5363 65.7994 65.6046 66.6061 66.5627 66.7091 
66.1462 66.1811 66.8063 66.0234 66.1402 65.7263 67.1976 66.9652 66.7985 
68.2186 67.8195 68.3114 69.9113 69.8919 69.6944 71.6834 71.8016 71.4543 
68.9506 69.2405 70.8818 71.4986 72.8654 73.9254 74.6381 76.061 77.6128 
67.3491 69.047 73.3427 69.6567 72.6013 76.1956 72.721 76.3025 80.5893 
67.6193 71.0905 74.655 67.8348 71.8027 75.3693 68.7138 72.0888 76.2359 
75.4064 76.5301 78.2048 75.3233 76.5644 78.2152 75.5422 77.0205 78.2265 
82.0866 82.6357 83.4581 81.4479 82.8638 83.593 81.1209 83.2318 83.866 
84.1841 84.6809 85.2159 83.6055 84.6844 85.3171 83.0729 84.9 85.4909 
85.8705 85.9501 86.3212 85.2678 86.1364 86.2642 84.6506 86.2336 86.7059 
88.2684 88.0181 88.0086 88.8279 88.5798 88.2487 88.6015 88.639 88.511 
91.4357 90.2913 89.4804 92.1987 91.3441 90.0947 92.9234 92.0891 91.0897 
94.5189 93.4945 91.7008 95.3565 93.4362 91.6595 95.6297 93.578 92.3904 
180.171 116.418 118.815 47.5781 181.41 56.7766 172.092 186.693 117.688 
66.8791 87.9661 103.969 75.23 92.3251 104.911 93.0374 78.4165 2.74225 
83.2233 41.6129 63.8059 195.65 252.927 155.014 192.773 39.8449 118.673 
245.67 220.975 114.037 42.8785 51.4078 157.009 54.2944 226.976 110.573 
116.744 156.449 14.3547 125.796 139.996 104.617 103.962 181.691 52.3469 
185.818 175.899 179.574 253.215 140.701 245.304 25.6174 103.435 140.484 
101.869 18.6508 193.5 200.908 96.3575 233.205 110.773 149.571 21.6316 
103.083 132.307 143.857 183.628 189.294 187.286 177.499 191.229 154.896 
93.9176 192.169 167.07 113.102 245.857 167.88 150.721 58.1675 158.897 
227.664 35.9714 183.448 74.7749 246.592 180.081 33.4832 137.835 132.115 
234.639 140.508 234.267 208.609 170.123 164.382 94.7432 146.581 179.859 
195.483 226.23 172.342 118.762 114.314 22.3641 142.191 112.33 79.261 
64.1871 62.3745 61.7426 63.6151 62.6192 62.1782 64.3246 62.6055 62.4317 
63.2289 61.54 60.77 62.9896 62.2037 61.884 64.0494 62.0867 62.0538 
62.7667 61.5539 61.139 62.7538 62.2836 62.2847 63.933 62.2891 62.4424 
63.3486 63.7955 64.6875 63.0164 63.4787 63.6199 63.9782 64.0228 64.5583 
57.4793 57.9494 59.2386 57.5096 58.1599 58.7994 58.0329 58.5471 58.7692 
59.2865 59.9002 60.5116 59.7386 60.2544 61.0478 60.2859 60.8953 61.446 
64.2394 65.857 67.3637 66.1432 68.423 69.4356 68.4077 70.7882 71.9015 
63.306 65.0471 67.2697 63.8257 66.2399 68.4374 64.9662 67.646 70.1589 
62.0142 63.1852 64.7029 62.1574 63.3986 64.872 62.4433 63.8316 65.1781 
67.5228 68.5325 69.4505 67.5177 68.6423 69.5912 67.7097 68.7341 69.5543 
74.5405 75.2119 75.7749 74.2953 75.1935 75.9394 74.1835 74.9251 75.7196 
74.5176 74.6775 75.773 74.338 74.9604 75.5215 73.2391 74.5065 75.6598 
82.6726 83.031 83.4727 82.7889 83.1284 83.5615 82.3689 82.8523 83.367 
84.8475 84.5867 84.6403 85.6494 85.4926 85.1887 86.3506 86.2217 86.0088 
86.9907 85.9924 85.5083 88.3238 87.3552 86.5786 89.8817 88.9913 88.1355 
89.4302 100.854 92.3524 95.5733 89.4242 92.3661 109.402 101.588 93.799 
207.454 236.854 177.639 17.4083 141.052 11.8477 107.051 60.2435 182.102 
231.078 78.8701 147.562 207.802 114.72 66.8338 150.591 162.23 128.084 
186.467 232.919 21.5575 11.1833 26.7503 67.9969 242.381 122.168 197.718 
159.665 3.46917 110.899 187.877 63.6164 89.3899 99.5394 220.125 128.076 
242.436 174.183 90.7705 111.711 10.3439 123.501 169.813 249.323 50.5194 
208.125 151.103 20.1156 208.952 100.224 106.586 191.784 78.7038 214.803 
76.6199 124.524 90.6267 202.261 155.07 205.782 197.617 209.384 159.825 
118.739 107.399 82.179 216.699 208.885 228.02 227.385 205.765 206.652 
111.678 85.6692 86.0409 163.126 155.929 213.647 174.03 204.533 175.219 
195.692 219.799 96.1718 209.442 31.0857 211.486 156.587 134.032 23.8666 
132.857 244.574 46.682 124.026 199.612 215.162 229.774 36.6553 249.751 
179.014 243.879 164.003 151.211 59.715 69.6036 230.806 75.5432 27.9641 
61.0985 60.4092 60.0367 61.0897 59.949 59.2882 60.9842 59.8877 59.0251 
61.8044 59.9289 58.9172 61.5526 60.6279 60.0187 62.6914 60.6926 60.2977 
59.8389 59.2668 58.6522 59.9624 59.3505 59.052 59.8024 59.0602 58.7795 
54.5052 54.853 55.809 54.4601 54.8842 55.3499 54.8031 55.1609 55.0994 
53.4354 54.1524 55.3611 53.2457 54.1465 55.052 53.9616 54.8362 55.0168 
54.4239 55.1975 57.0089 54.2266 55.2961 56.5307 54.8508 55.8287 56.5268 
36.2283 64.5445 62.4739 36.2898 64.8008 62.686 36.5338 65.0299 63.0424 
56.7785 58.5743 60.3023 56.9746 58.9105 60.2629 57.2238 59.2279 60.684 
50.1182 50.3686 50.8043 50.1264 50.5369 50.8681 50.3571 50.531 50.9048 
55.1683 55.5454 56.08 55.2954 55.8304 56.3451 55.5438 56.0014 56.5454 
58.4404 58.329 59.4899 58.8493 59.2095 59.4847 58.1527 58.9471 59.9246 
66.9187 67.2208 68.363 67.1648 67.5819 68.2392 66.3223 67.1144 68.3431 
72.4653 72.7899 74.0646 72.821 73.1675 73.8136 72.1016 72.7738 73.9492 
82.8369 82.9492 83.2635 83.5353 83.5504 83.827 84.2749 84.3197 84.4379 
86.5145 88.1175 90.8201 90.4002 90.1563 90.7275 89.902 84.5348 92.466 
75.8075 163.081 108.257 145.052 53.5753 222.226 45.4682 198.535 54.421 
253.353 37.2724 172.159 25.4452 92.7542 194.755 132.078 21.1702 216.737 
96.2453 152.928 89.6801 192.282 178.394 112.435 44.8928 81.0167 144.839 
55.483 200.21 78.5918 142.51 18.0618 127.341 89.5993 100.331 129.766 
151.172 54.06 147.755 129.112 5.88405 10.9247 236.357 107.05 195.071 
132.652 211.021 227.494 245.131 168.148 80.2259 146.524 25.9973 183.899 
163.087 31.2068 210.952 77.0829 204.156 251.312 6.72912 20.7556 47.966 
50.6749 195.02 215.408 193.088 84.9878 51.9318 236.452 18.8824 178.48 
146.838 80.7671 84.7481 161.942 152.664 172.116 171.158 185.503 166.839 
58.5882 143.221 15.3569 68.7101 24.969 15.6869 212.5 166.353 99.7548 
182.245 211.949 34.8078 122.459 241.235 59.8411 238.702 236.717 127.144 
85.9221 194.224 191.867 210.036 166.984 178.192 125.047 129.783 160.751 
250.026 233.103 170.606 211.288 242.781 155.169 80.7515 71.3166 75.2382 
58.9792 58.6472 58.2761 60.1975 58.5013 57.3522 59.701 58.1098 56.6137 
61.0295 57.6942 54.1801 61.1809 57.8427 54.2282 60.8895 57.8803 54.2429 
56.0296 53.4237 51.648 55.913 53.5281 51.539 55.5379 53.2431 51.1554 
52.778 52.5865 51.6155 52.6861 52.3939 52.0069 52.8962 53.0891 51.6728 
52.4329 52.637 53.3604 52.3698 52.7188 53.1653 53.0571 53.515 53.037 
43.033 57.7516 56.0119 42.8766 57.8131 56.4485 43.3492 58.4461 56.5697 
13.7194 65.9716 59.3246 13.9411 66.6223 59.7763 14.0569 67.478 60.6982 
34.5721 45.8348 45.0891 34.516 46.0138 45.0381 34.6649 45.8332 45.0812 
39.9919 40.1874 40.341 40.4629 40.4055 40.5422 40.6672 40.2551 40.3862 
44.8282 44.6664 44.9849 45.2298 45.4896 45.3811 45.3693 45.846 45.7856 
45.4968 43.604 44.0309 45.944 45.0061 44.5664 45.6177 46.2094 45.8706 
56.3196 56.2533 57.3998 56.7068 57.0336 57.3078 55.9337 56.7543 57.6996 
58.1793 59.279 59.8494 58.3804 59.5639 60.3697 58.2854 59.4143 60.3723 
78.9677 87.3551 85.3285 82.2633 86.0298 82.1466 94.9511 80.7497 77.8377 
3.62002 95.3794 192.607 218.123 131.413 71.4602 166.024 75.9111 228.656 
210.446 244.483 27.4318 133.199 200.193 66.1743 193.614 196.178 229.759 
254.751 12.249 162.793 196.564 208.048 24.9872 220.823 200.009 208.791 
183.577 91.9046 88.5022 241.477 72.4925 54.2948 131.526 203.871 174.046 
63.6638 171.605 74.2656 20.7693 118.221 64.3681 81.6769 1.96727 73.8731 
83.1349 116.36 187.808 143.797 169.811 99.9726 159.81 53.6856 191.471 
104.614 96.2942 160.437 116.868 100.176 79.1013 48.8416 145.551 45.5229 
159.321 225.291 170.861 119.511 69.8635 127.823 24.4415 230.422 68.6723 
149.854 194.545 16.3455 13.5582 200.018 134.681 138.54 5.88565 0.309847 
20.0498 102.672 72.2281 154.701 72.6308 134.893 223.112 64.7724 180.559 
127.131 167.51 101.009 102.195 33.8446 12.6879 107.917 229.14 47.3314 
71.6635 85.0996 205.167 160.223 24.1378 106.874 153.349 129.028 239.391 
247.663 230.339 227.619 181.955 227.768 254.047 47.4047 21.8167 67.6944 
243.654 227.216 208.742 221.022 249.782 222.55 18.8677 3.51754 79.126 
210.832 50.4291 15.5119 61.3581 112.506 125.523 63.0192 83.4007 184.576 
65.3938 64.7694 56.8703 64.1706 64.474 54.4212 64.5293 62.7788 49.8032 
58.7393 54.3249 48.285 58.1115 53.7022 48.1744 57.8199 54.8215 48.4964 
42.7771 62.6516 57.4161 42.7509 62.9185 56.6692 42.4155 62.8573 56.7473 
51.196 50.5283 49.1192 50.9588 50.2275 49.6494 51.5693 50.9865 49.3314 
44.1504 50.3298 44.3536 44.4942 50.4132 44.626 44.5546 51.0984 44.9167 
21.1897 52.1567 47.8341 21.3584 52.6892 48.2102 21.4462 53.1606 48.9335 
31.8151 33.5823 33.8169 32.1879 33.6133 34.1105 32.1533 33.3599 33.8447 
36.2172 36.7713 36.915 36.5695 36.7103 37.0767 36.6361 36.5935 36.804 
40.8252 39.0975 39.1598 41.3583 39.9989 39.5954 41.1285 41.0653 40.4633 
43.9025 42.0612 42.361 44.3908 43.309 42.8292 44.0784 44.5484 43.9906 
44.2044 42.6873 42.9494 44.3887 43.4576 43.2405 44.0362 44.4034 44.1585 
47.2766 47.6807 47.2144 46.9524 46.8726 47.7483 46.8268 47.2503 47.3992 
166.204 138.998 88.7134 71.7866 180.612 42.618 145.508 38.4968 101.204 
15.1871 153.262 76.404 67.9902 155.091 158.921 170.713 220.555 236.032 
25.373 194.996 109.727 119.281 248.675 227.522 221.353 254.723 32.5794 
189.646 81.5178 207.638 253.381 54.108 235.27 246.311 254.488 169.837 
114.031 65.5268 226.645 99.1825 35.7293 152.756 81.5093 68.5621 0.496473 
90.4145 120.201 49.3209 126.88 147.687 223.274 102.629 156.868 205.461 
23.4191 229.716 116.541 250.869 67.3077 143.593 127.624 250.808 70.0335 
100.692 160.521 10.322 226.216 123.922 111.084 36.2815 5.05096 127.411 
56.4926 252.958 167.721 156.684 5.41609 7.94527 62.5378 26.7088 248.945 
164.736 182.599 122.49 30.5519 10.7154 251.596 47.5058 221.812 184.853 
112.407 189.928 2.29092 179.639 49.9299 146.873 189.844 233.741 97.0644 
17.2548 143.593 166.503 141.334 232.909 36.7652 93.7517 178.035 188.631 
146.701 180.023 204.092 123.796 218.282 178.196 145.375 144.893 7.97966 
2.98757 184.287 158.338 97.2051 89.328 56.0964 43.7089 154.581 39.2615 
192.605 209.18 148.499 135.911 227.745 199.371 3.06465 28.005 3.06943 
192.029 243.641 194.378 133.205 224.893 182.448 252.852 54.9935 15.5123 
211.829 74.8366 178.067 191.187 232.643 29.575 39.7172 25.8436 183.509 
76.9277 79.4327 95.1588 74.2744 80.0626 110.692 52.7351 102.777 84.5803 
16.5868 91.7176 83.0169 12.4781 106.345 87.6168 19.0976 109.203 91.8217 
30.435 71.193 61.5044 30.6151 71.521 59.4467 30.5526 71.9524 60.4207 
43.062 33.1141 22.1916 44.0732 32.723 22.0317 43.5103 34.4715 21.8792 
27.7254 28.5196 26.8745 27.7607 28.6837 26.9099 27.943 29.0959 27.3557 
20.7931 23.6322 27.18 19.0833 23.6631 26.7213 19.397 22.8852 26.9226 
31.5397 32.032 32.3595 31.8571 32.1016 32.535 31.8435 31.8282 32.2658 
31.8186 31.7788 31.6083 32.0837 31.83 31.7746 32.2837 32.1263 31.8141 
38.6144 36.6963 36.7245 38.9588 37.8367 37.4385 39.0318 39.031 38.529 
37.7112 37.7126 37.7344 37.6808 37.6553 37.7663 37.9107 37.8691 37.9292 
69.1693 69.6464 52.6252 48.6565 81.3961 63.5224 75.9295 76.4602 43.1247 
172.993 102.356 247.394 52.0006 20.8042 218.685 148.426 51.7881 198.536 
107.514 230.378 101.745 27.5644 240.465 237.689 254.151 13.7074 117.429 
212.623 210.672 31.2971 81.3607 79.2232 247.308 187.536 145.31 95.8997 
216.876 168.15 72.3888 140.078 115.281 138.124 179.439 239.053 89.8584 
106.611 121.463 42.4827 60.2788 114.893 47.098 129.179 22.0472 123.248 
238.146 230.161 223.335 155.943 82.507 100.748 154.011 72.2188 70.5624 
195.979 236.723 111.917 74.7682 95.4694 254.857 206.969 150.059 180.862 
104.772 158.486 87.4604 186 79.7543 56.3586 137.505 32.066 52.9389 
196.141 143.86 87.8126 131.449 190.126 113.254 72.5493 36.8465 97.2957 
80.1828 82.4437 202.598 10.9025 242.849 141.487 32.3177 61.8383 125.615 
251.844 137.027 251.11 53.0433 109.769 152.522 202.796 51.7941 39.4433 
152.359 232.959 19.4984 143.951 14.6085 131.307 249.88 23.2325 106.511 
224.172 10.803 143.622 122.454 188.929 29.5364 141.261 10.0847 51.1734 
4.54933 211.85 93.1861 55.5903 165.112 143.363 97.5311 154.683 168.609 
154.882 35.3879 81.7546 155.383 36.5163 37.1353 217.354 208.919 167.4 
236.847 11.9488 221.639 41.9414 123.228 189.335 56.4042 176.3 149.201 
71.6776 185.374 251.845 214.862 91.5202 17.3649 86.2808 174.644 253.082 
59.6337 86.7804 114.483 49.0928 125.061 186.98 57.9545 118.584 229.165 
7.38085 86.3691 77.7203 23.7153 128.181 118.266 14.5954 130.365 138.219 
35.5265 46.5132 29.9896 33.6757 70.3412 71.7743 43.6537 84.3237 79.4852 
32.0003 26.3753 20.4677 33.3302 26.2718 20.5114 32.9271 28.1841 20.3297 
20.6238 21.127 22.0888 20.067 21.3125 21.6521 20.287 21.5228 21.8886 
17.6722 20.3391 23.8931 16.116 20.5127 23.4362 16.5355 19.7475 23.7523 
18.1884 20.3107 23.0018 17.0249 20.4094 22.6779 17.2963 19.9366 22.9435 
25.9496 24.912 24.1754 26.0261 25.712 25.0991 26.7848 26.0324 25.5466 
27.7907 26.9936 26.0952 28.0044 27.5353 27.0507 28.877 28.0595 27.4721 
30.8247 30.1595 29.7674 30.7218 30.785 30.7441 31.6189 31.0814 31.1416 
41.6475 39.2369 59.6172 33.9667 49.826 43.725 59.1027 53.1032 34.9803 
56.9363 11.2797 74.8918 202.871 64.2692 102.729 235.468 177.094 51.9541 
228.685 24.8966 194.598 119.055 217.823 99.5039 215.128 138.323 102.548 
81.7738 84.5567 113.221 42.6018 126.277 91.995 114.697 99.6813 177.675 
13.4252 250.56 85.5889 215.106 203.668 109.829 219.851 53.0527 113.869 
178.096 213.783 104.442 145.703 112.559 191.186 115.884 253.331 180.999 
234.611 233.864 194.8 21.0346 69.9785 23.8557 227.513 9.65958 114.18 
222.484 163.242 236.36 85.3625 251.331 188.235 145.572 92.9933 47.3819 
206.322 111.783 204.024 21.414 33.1492 222.475 96.4195 108.901 31.5451 
129.475 99.781 66.1065 239.697 244.246 189.28 44.2885 53.7505 15.55 
14.0327 151.192 222.691 7.01374 62.0817 222.977 216.838 216.629 191.25 
143.744 232.878 198.596 240.76 234.767 148.495 251.799 142.957 218.086 
146.319 185.279 116.877 152.998 130.764 211.395 102.971 162.678 234.855 
42.2592 100.853 172.375 216.84 138.804 235.914 240.937 53.9221 156.311 
174.669 175.023 232.929 44.68 202.524 20.8359 175.647 36.335 68.4304 
213.967 225.284 251.022 175.563 76.5247 50.453 157.909 94.2921 114.86 
92.8367 217.595 170.803 215.519 238.148 43.6582 92.871 185.605 205.862 
146.295 82.6978 176.895 244.317 15.5736 66.6644 196.262 225.903 114.906 
182.147 133.348 158.031 195.775 110.58 246.342 49.8878 24.5942 45.3305 
48.6392 57.5573 120.849 14.04 169.818 217.247 74.011 216.74 229.252 
236.381 121.455 28.0309 52.4171 67.9682 196.374 217.682 116.312 57.5461 
49.3174 55.4172 30.1458 34.386 57.0431 44.6543 60.379 27.8921 25.684 
17.061 17.7255 18.1903 16.5223 17.5348 18.4693 16.5945 17.3609 18.611 
11.5281 14.722 19.1226 10.6362 14.6939 18.1476 10.8601 13.9627 18.1226 
11.5365 11.6224 11.8016 11.6334 11.8677 12.0348 11.6286 12.0483 12.3871 
17.1276 15.4951 13.7397 17.4571 15.5269 13.9777 17.4501 15.893 14.1694 
23.7509 21.6923 19.6923 23.7039 22.3385 20.6656 24.3337 22.5239 20.9779 
26.8958 26.7005 25.9931 27.4601 29.1973 28.1057 28.5276 26.3223 25.2784 
250.397 185.919 132.591 183.207 62.9038 40.0685 191.88 140.452 251.673 
98.8415 131.386 164.481 57.2406 223.9 122.985 171.813 200.082 128.508 
190.707 129.182 105.494 123.058 103.733 73.2868 180.168 127.282 98.0539 
123.99 167.86 42.934 134.484 56.7461 221.829 34.97 23.473 144.609 
98.2478 56.3108 80.6437 200.833 107.81 167.531 239.135 24.0126 224.557 
130.493 42.621 112.553 141.287 18.075 224.088 182.795 254.335 140.425 
159.656 121.818 2.12102 195.358 99.0134 95.2453 77.7654 70.3404 100.518 
41.6291 57.126 226.112 240.825 71.6225 70.377 69.1008 157.859 247.258 
121.653 41.6564 219.751 67.0991 70.2178 52.779 194.972 10.1779 176.517 
17.3975 187.039 85.2336 29.894 167.575 75.1208 0.367123 220.714 34.9055 
81.1459 2.47642 173.038 133.786 51.2186 133.369 228.083 38.2435 20.4124 
207.109 197.562 10.47 96.8665 103.255 72.8419 209.978 230.612 153.826 
118.654 121.972 116.065 175.069 168.983 116.527 228.945 224.811 162.262 
67.8091 155.033 27.2352 152.384 100.857 11.8582 159.684 183.488 94.633 
241.551 184.492 45.8232 217.192 13.5912 21.2909 74.3207 30.5632 243.227 
111.954 54.3611 233.354 159.018 84.4714 53.3619 244.667 183.973 70.9882 
15.1165 49.0618 160.674 102.829 92.9795 8.95948 159.339 59.9956 108.029 
143.431 130.037 233.617 193.19 64.7351 237.345 77.3563 198.364 128.49 
146.623 234.603 201.192 177.279 106.976 125.934 168.441 46.3744 107.759 
113.71 93.7371 113.704 112.566 201.754 149.901 38.8639 90.7531 75.6636 
147.538 78.8302 16.4525 65.2211 88.5235 44.7052 99.1458 147.462 66.3982 
32.4748 45.2648 27.6041 167.898 52.8725 8.70396 224.932 231.068 176.121 
6.40802 13.5782 41.5361 28.1484 7.64662 13.461 16.9263 17.2405 27.2071 
3.2682 5.97311 10.5819 3.16747 5.58884 8.89286 3.24227 5.00106 8.5772 
4.0983 4.91963 6.74852 4.46421 4.90472 5.95305 4.68768 4.9225 5.95994 
6.76592 4.9449 3.61389 7.94643 5.06531 3.71314 9.85779 5.34553 3.93594 
16.8561 13.8095 10.7531 17.135 13.7245 10.9197 17.3589 14.1938 11.0171 
25.5172 14.0755 40.8848 66.6963 48.6426 36.5719 59.3812 56.4452 23.0023 
237.721 156.349 141.249 49.1083 87.2079 29.6493 189.443 65.2198 160.5 
44.3608 149.397 194.632 74.5831 205.985 114.207 199.099 4.59125 181.582 
80.7754 175.549 59.9677 163.833 56.3931 128.592 157.181 143.244 35.1656 
249.937 234.206 13.0776 80.9506 222.608 128.512 67.6765 19.3147 203.921 
136.504 18.4853 187.351 114.941 243.371 187.4 242.934 73.5569 38.2193 
25.7349 215.395 1.77531 60.4872 176.963 112.44 173.899 39.8693 125.105 
193.789 70.5318 174.292 143.411 49.2432 144.868 165.536 127.471 17.8954 
3.0062 224.888 129.951 184.368 197.323 170.188 12.1908 141.373 134.252 
42.5373 254.82 91.1976 101.805 177.982 197.904 90.6125 43.4394 155.928 
8.02376 199.971 153.394 36.5792 96.1471 72.3461 148.002 123.14 200.662 
79.6939 154.19 128.492 121.582 84.7269 168.34 101.206 226.342 34.5598 
171.542 56.0723 180.417 115.672 73.6175 67.7951 133.428 61.6218 121.562 
185.915 172.912 140.48 38.9806 14.6731 12.4116 115.078 102.628 97.856 
217.288 167.588 109.957 42.5961 222.474 248.598 156.371 125.681 214.341 
183.458 208.386 151.675 58.3022 31.1696 80.6899 145.25 29.5984 132.831 
32.7478 226.334 73.2587 248.462 215.06 107.143 204.866 11.4698 199.102 
199.472 222.435 24.7208 187.892 41.9358 76.9871 67.5525 210.056 79.2278 
168.874 206.928 97.4125 106.008 57.944 141.865 136.217 183.419 71.503 
192.357 106.274 176.92 10.5226 161.742 15.8653 35.5259 60.2599 166.049 
120.867 243.084 209.412 107.961 196.557 184.737 120.578 209.253 68.7007 
181.567 188.675 113.013 8.01291 119.28 68.3999 246.823 107.085 92.8794 
204.033 149.411 24.0353 20.8346 111.925 126.609 125.007 54.3661 60.7844 
52.1699 157.011 165.756 6.84105 35.41 92.6618 106.564 39.7081 36.049 
1.02569 2.86472 6.3452 1.21585 2.70643 4.95579 1.30782 2.34781 4.63924 
1.6417 1.42285 1.5072 2.89372 1.69854 1.62716 4.83082 1.94272 1.84915 
2.42845 1.36028 0.930257 3.55423 1.42721 0.986646 5.59456 1.72897 1.09087 
6.22991 5.30037 4.30832 22.155 19.1561 18.4568 24.9968 19.3948 18.3884 
15.9037 44.9337 11.6594 202.959 217.105 209.551 200.574 170.076 157.24 
108.686 199.613 220.804 50.4116 227.487 68.2273 93.3557 119.228 179.1 
56.1099 3.68277 78.8305 84.1262 212.271 70.2576 142.282 193.685 181.746 
239.757 214.148 44.8856 0.348018 3.89145 113.569 72.8272 79.4623 135.096 
82.7749 6.02819 48.9181 45.0634 64.0493 169.117 128.137 45.2751 49.123 
88.9489 226.479 95.5963 3.02904 171.245 198.888 226.066 106.008 47.9736 
11.9762 164.269 123.853 49.7484 240.189 156.425 207.414 42.7014 146.428 
98.2774 149.285 146.118 202.923 78.4283 173.456 45.613 87.2555 242.124 
241.982 216.199 179.074 148.642 37.6577 80.313 188.206 2.6542 27.6147 
27.147 219.223 24.8415 34.7776 62.0693 164.21 161.16 71.5364 172.576 
143.725 181.853 93.7653 91.1831 13.8291 27.2413 200.126 215.402 61.2819 
223.615 83.8709 22.2337 182.892 244.872 208.434 124.788 166.45 143.516 
170.262 27.3418 95.5236 211.879 116.721 74.4894 24.7967 99.2677 136.271 
49.3575 181.193 207.253 103.911 56.572 217.439 179.892 63.7148 206.498 
209.479 121.912 165.422 104.522 60.1479 233.461 45.8143 134.059 37.8684 
191.476 117.051 73.3079 43.0656 81.0061 227.232 36.9586 119.897 250.466 
8.36911 112.938 172.153 70.2196 203.376 25.5517 237.403 223.138 154.801 
42.3844 156.629 155.092 154.916 127.361 202.067 117.695 224.429 142.25 
20.3454 22.106 171.08 157.683 200.032 181.835 173.227 163.671 170.136 
112.121 111.647 203.95 159.243 0.298167 64.3677 145.508 64.7271 2.99213 
162.391 21.0048 228.616 5.35828 104.413 239.477 211.885 10.7369 13.8866 
181.345 11.9619 80.9608 61.7443 151.735 112.838 15.8523 246.071 223.005 
56.3184 122.89 224.962 226.065 51.3083 125.084 37.5568 173.88 119.397 
76.0462 18.0315 69.0904 111.857 13.1361 182.262 188.797 19.6087 146.145 
0.352692 0.433155 0.977479 0.359429 0.423883 0.894184 0.351601 0.430338 0.8487 
0.574443 0.45847 0.538206 0.621537 0.523985 0.529127 0.683471 0.593597 0.540426 
1.13959 0.230714 0.0894747 2.29351 0.199764 0.102365 4.60385 0.348549 0.103582 
1.9185 0.427104 0.492506 79.6003 79.2292 78.7384 78.435 78.8923 77.9322 
3.75167 4.11324 3.33541 198.108 199.514 197.334 195.353 197.707 195.91 
43.987 30.7897 65.7775 165.059 200.256 152.883 187.566 165.722 188.058 
166.086 113.121 63.5785 90.4854 217.852 134.348 9.51759 75.0472 251.933 
20.9075 129.432 144.159 204.175 69.1507 102.309 193.554 115.126 111.632 
58.3403 68.1741 103.162 206.489 87.5401 162.899 10.6386 116.804 167.391 
9.40445 247.409 225.249 243.64 138.86 47.4024 113.962 42.8694 229.27 
220.735 1.18435 236.827 211.157 228.664 124.077 243.924 225.869 65.7272 
250.297 8.85966 106.403 32.5523 61.7555 133 168.963 70.456 144.233 
108.515 72.5226 31.0873 98.4926 144.884 228.767 191.837 109.371 117.743 
154.806 119.255 210.806 225.366 173.639 194.216 144.151 209.661 125.97 
203.318 222.957 84.136 120.852 108.879 51.7368 79.6741 190.211 141.08 
92.8321 139.258 162.903 42.4625 44.9895 117.471 171.765 187.764 62.9805 
54.8274 177.28 222.442 8.54609 15.1076 24.1519 23.3457 44.312 123.378 
41.4388 87.458 76.1245 43.7535 45.9227 154.675 39.0187 58.6578 169.381 
173.002 201.707 220.751 1.35695 60.8815 61.532 114.511 211.247 59.3872 
245.954 121.895 0.0910042 32.4102 193.538 79.0861 168.723 158.478 212.684 
21.4288 178.859 191.154 191.73 84.8758 115.566 76.6399 90.5081 136.684 
16.389 191.818 212.197 86.5769 245.732 191.455 65.7383 241.947 232.467 
22.3669 240.078 114.154 51.1162 179.937 215.09 47.6683 212.184 179.646 
202.704 16.672 153.196 111.482 170.118 111.305 198.684 72.5404 227.678 
234.024 40.9873 156.742 168.249 46.2385 153.259 18.5557 70.0996 99.878 
63.0917 194.707 70.2567 15.3186 142.744 247.704 235.954 71.8708 251.646 
92.1249 163.588 210.797 0.619555 140.503 28.3967 162.821 98.7412 101.171 
98.9228 79.0669 58.3139 127.022 183.169 24.8061 38.5563 215.416 226.085 
0.0994921 0.10764 0.219565 0.108374 0.118771 0.163356 0.100957 0.13882 0.163564 
0.0340598 0.0179479 0.0232745 0.0335944 0.0148045 0.0065424 0.0176382 0.0022067 0.00359966 
0.0843342 0.00305665 0.000979662 0.0679069 0.00740277 0.00623968 0.0684842 0.022398 0.00978859 
3.77348 3.41302 3.17643 173.237 173.087 173.118 173.755 173.586 173.158 
9.77321 9.2207 4.89869 191.917 194.158 190.443 194.14 191.966 193.577 
197.409 179.458 158.837 79.0465 244.251 68.7065 45.2586 195.516 32.3633 
7.50989 3.16458 246.729 25.5909 43.9081 116.286 183.952 209.693 215.571 
210.805 127.025 50.9072 28.695 193.814 202.714 123.25 20.9403 65.1556 
174.689 206.266 117.582 28.836 223.954 222.14 150.076 87.6754 3.04633 
31.0654 190.358 237.989 145.712 37.8823 123.228 118.879 99.1092 122.802 
72.9116 56.5152 46.2068 74.9276 200.853 142.322 159.665 239.799 126.296 
217.123 15.3634 155.132 193.669 109.779 139.075 184.842 219.544 35.3782 
113.961 128.658 70.2704 234.736 40.3728 86.958 141.841 25.5837 194.152 
12.6328 2.11319 83.1027 145.02 140.829 90.5503 143.723 139.093 177.015 
85.2035 40.8024 180.3 153.001 187.252 179.36 174.352 159.398 184.135 
169.251 7.90978 127.318 167.173 190.743 65.2456 237.124 229.388 56.5623 
223.381 155.153 49.3034 18.7274 30.5581 189.711 50.8479 51.3992 208.785 
10.3876 221.437 198.559 80.4844 109.588 29.7425 86.2615 170.003 52.4551 
23.1263 45.2718 42.9604 166.078 136.905 101.237 2.44728 1.44761 29.0971 
178.745 175.401 218.145 4.68067 160.874 101.831 188.567 112.81 2.59418 
214.482 20.0416 230.212 171.242 3.1106 4.51728 112.705 172.889 182.549 
149.008 179.995 210.746 94.8747 170.985 180.352 57.1338 143.241 118.818 
160.533 84.034 180.997 64.2717 132.883 11.2477 162.242 140.797 208.578 
136.9 71.0757 59.1355 89.9756 129.185 34.3858 167.207 150.087 12.8584 
133.178 146.031 4.26393 232.477 214.698 210.499 38.4016 106.111 101.501 
47.7607 121.998 128.904 93.0752 52.1061 59.6382 109.942 218.869 9.5868 
35.0286 179.207 180.443 114.158 138.325 165.175 35.7854 9.61439 226.845 
226.713 92.5881 202.341 47.4177 24.9772 209.234 241.036 156.855 45.2806 
15.3841 9.10874 5.20928 8.49809 11.2878 2.58515 1.18723 12.3214 5.38903 
0.000155912 0.000249859 0.00184316 0.000504009 0.000779815 0.00142357 0.00124478 0.000350151 0.00114141 
6.06768 6.8519 7.72557 15.549 9.02655 5.62807 4.20949 4.31067 5.82527 
15.8426 23.556 17.0267 160.809 171.481 163.608 158.155 156.443 168.783 
133.208 76.0435 153.357 36.4041 62.9059 76.3273 177.352 103.247 175.926 
98.2779 110.874 128.001 191.186 63.9522 71.5571 200.845 105.113 61.0536 
21.3092 50.5852 156.544 246.602 235.745 170.53 28.897 194.242 189.36 
165.596 1.83139 57.3093 7.66919 62.9566 126.678 167.944 73.101 14.5603 
53.2916 202.825 9.5916 199.968 126.613 15.1203 36.4868 86.7019 73.5883 
182.338 139.498 216.588 109.831 89.9058 1.90182 202.655 241.641 5.85307 
83.6009 162.987 80.8933 58.7015 250.629 152.83 94.681 31.0457 135.353 
222.223 147.563 183.073 92.0602 124.47 53.549 104.346 84.7564 8.85982 
52.1274 147.025 145.38 230.349 230.44 106.775 71.349 114.969 174.809 
138.521 161.483 40.1534 127.158 79.0032 198.866 86.2151 73.0227 80.3135 
86.6132 178.452 227.819 2.79402 21.2983 135.357 35.6823 181.994 1.99746 
156.449 16.9558 193.335 234.578 195.605 176.748 88.791 254.413 156.691 
245.179 77.8352 155.702 236.955 21.0311 148.159 110.963 233.554 244.363 
185.935 237.963 223.646 33.2144 96.9143 27.7656 56.0951 14.0957 200.267 
84.0497 5.74243 246.331 166.797 58.0468 223.13 2.69596 160.834 37.1744 
228.708 73.6341 172.926 218.883 108.447 33.5511 66.2251 131.128 69.7918 
28.4226 65.3543 234.068 29.2385 115.615 156.207 110.854 174.814 195.46 
