28239289
7.89335 7.85612 7.82502 7.73207 7.83296 7.72137 7.85915 7.63786 7.6023 
11.4244 10.9048 10.5327 11.3631 10.8796 10.4622 11.3845 10.7991 10.4239 
40.2443 41.7993 40.7804 40.1395 41.8546 40.8099 40.4771 41.6151 40.6723 
63.5355 65.8723 65.7641 63.7222 65.5987 65.5804 64.0519 65.9055 65.809 
88.5746 90.5399 91.8442 88.1225 89.37 91.1563 87.4626 89.8472 90.5285 
111.679 112.727 113.051 111.407 112.379 112.952 111.528 112.262 113.523 
125.711 126.674 126.902 125.369 126.182 126.821 125.32 125.994 127.126 
139.882 139.849 140.833 138.547 140.12 141.865 139.702 140.975 141.884 
141.477 143.22 143.36 141.428 143.412 143.71 142.144 143.78 144.522 
157.555 159.121 160.11 158.262 161.075 162.982 159.958 162.946 165.179 
13.8713 13.9649 14.0878 13.8905 13.929 13.9652 13.9558 13.9325 13.9091 
27.0489 26.8348 26.5619 26.8599 26.8838 26.4216 27.1445 26.6807 26.2903 
53.8911 54.1415 54.0883 54.0911 53.9057 53.9282 54.1604 54.1064 54.0289 
83.1997 84.6565 85.7411 83.009 83.4835 85.1102 82.3512 83.8874 84.4498 
92.7656 93.7222 95.1815 92.415 92.3004 94.4703 91.662 92.8992 93.8586 
103.466 104.053 105.457 103.216 102.817 104.713 102.465 103.418 104.201 
140.464 139.921 140.831 139.802 140.575 141.777 141.21 141.56 142.427 
144.804 144.734 145.799 143.8 145.353 147.128 145.765 146.824 147.133 
159.496 160.762 165.014 158.99 164.31 166.678 164.377 168.308 169.534 
168.311 169.593 171.078 168.974 171.045 173.436 168.866 172.385 173.644 
35.8845 35.9934 36.0991 35.8224 36.0289 35.773 35.9358 36.0323 35.686 
48.7799 48.3321 47.8643 48.9385 48.4294 47.8725 48.8994 48.5936 47.9339 
72.6108 71.9197 71.4341 72.8307 72.2041 71.2861 72.8675 72.3521 71.951 
86.933 87.3008 87.3258 87.4975 87.3425 87.4352 87.5853 87.6704 87.8051 
96.902 97.1361 98.1977 96.7323 96.2327 97.6744 95.8822 96.5817 97.067 
135.249 134.679 135.177 136.659 135.564 135.152 137.617 136.032 136.667 
155.634 154.78 156.004 156.934 155.88 155.528 158.984 156.683 157.1 
160.79 161.336 165.464 160.061 164.82 166.798 165.234 168.402 169.519 
170.048 171.739 176.424 169.743 175.245 178.122 174.36 179.278 180.639 
172.363 174.23 178.427 172.463 177.285 179.974 176.063 180.616 181.948 
59.1506 59.034 58.5168 59.1009 58.9718 58.318 59.0716 59.126 58.3485 
73.2595 72.1855 71.3672 73.3057 72.3925 70.9729 73.4849 72.7575 71.8695 
83.4446 82.7357 82.0104 83.826 83.099 82.1436 83.9994 83.6831 83.1586 
104.74 103.493 103.738 105.309 105.624 105.308 105.543 106.169 105.819 
124.388 123.952 123.394 125.101 124.688 124.267 125.691 125.541 125.099 
160.476 158.396 158.599 161.43 160.299 159.433 163.229 161.615 160.449 
168.247 167.319 168.282 169.67 168.535 167.954 171.141 169.231 169.492 
179.987 180.011 180.973 180.109 180.363 180.717 181.077 180.894 181.335 
182.548 184.277 188.078 181.493 186.088 188.114 184.878 188.508 190.184 
187.562 189.165 190.434 187.216 188.326 190.552 184.996 188.545 189.482 
80.1045 80.168 79.7665 79.5619 79.9771 79.4258 79.8029 79.6989 79.4748 
89.3389 88.934 88.8173 89.4939 89.0135 88.7253 89.5251 89.1714 88.9036 
111.527 110.462 110.607 111.988 112.463 112.306 112.013 112.86 112.526 
120.91 119.797 120.303 121.36 122.203 122.429 121.631 122.703 122.687 
143.457 141.394 142.244 143.958 144.742 144.909 144.454 145.7 145.572 
188.927 185.612 186.016 188.168 187.625 189.276 188.216 187.611 189.562 
188.901 187.975 188.135 189.625 189.067 188.081 190.604 189.975 189.305 
200.088 200.833 201.773 203.351 204.448 203.039 204.069 205.141 204.148 
203.6 205.195 205.91 201.968 203.647 204.844 201.221 202.915 204.793 
204.779 206.854 207.648 203.14 204.922 206.464 201.913 203.792 206.016 
104.926 104.765 103.912 104.887 104.131 103.467 104.867 104.234 103.534 
115.543 115.205 114.669 115.936 115.354 114.825 115.972 115.562 114.972 
135.159 134.604 134.279 135.688 135.236 134.158 135.62 135.267 134.306 
141.906 140.734 140.712 142.034 141.971 142.087 142.531 143.132 142.647 
189.855 186.111 186.313 188.4 187.624 189.396 187.863 187.207 189.396 
196.59 192.988 193.201 195.34 194.686 195.942 194.965 194.35 196.329 
202.709 201.451 202.226 205.166 204.885 204.548 205.47 205.761 205.523 
206.742 207.09 208.04 210.204 211.1 209.849 210.779 212.189 211.402 
209.314 210.709 212.341 211.919 213.881 213.996 212.549 214.497 214.706 
218.102 219.578 221.577 218.004 219.692 222.014 218.001 220.803 222.575 
124.247 123.916 123.122 124.047 123.399 122.753 124.004 123.479 122.806 
138.472 137.973 137.664 138.752 138.146 137.008 138.856 138.27 137.301 
152.857 152.28 151.503 152.649 151.362 150.88 153.36 152.811 151.806 
175.383 173.918 173.056 171.331 171.309 170.684 172.418 171.186 169.988 
187.8 186.603 185.196 187.041 185.434 184.495 187.479 186.375 185.707 
203.913 200.433 200.796 202.423 201.411 202.85 201.633 200.984 202.46 
217.562 216.357 216.622 217.118 216.377 216.155 216.12 216.117 215.811 
214.885 215.529 216.19 217.561 218.297 217.575 217.447 218.841 218.032 
232.345 232.402 235.745 233.091 234.557 235.736 228.652 233.431 233.959 
230.972 234.807 237.525 232.834 237.144 238.704 235.524 238.624 238.302 
137.46 137.169 136.846 137.082 136.589 136.439 137.114 136.369 136.1 
151.808 151.475 151.429 151.005 150.525 150.837 150.846 150.259 150.614 
173.599 172.225 171.667 169.604 170.002 169.412 170.312 169.291 168.33 
179.638 178.571 177.478 175.562 175.78 175.086 176.528 175.463 174.309 
184.84 183.415 182.429 181.022 181.015 180.234 182 180.671 179.496 
213.446 212.318 211.358 213.456 212.115 210.671 213.048 211.497 210.958 
225.672 225.864 224.222 225.309 224.004 223.393 224.054 223.365 222.687 
235.407 235.268 236.695 235.953 236.038 235.611 230.426 233.296 233.378 
239.506 240.23 242.948 240.434 241.901 242.191 236.212 240.151 239.285 
241.044 243.016 246.715 243.148 245.649 246.364 238.785 244.641 244.12 
147.413 146.971 148.285 149.979 148.763 150.063 150.394 150.674 151.955 
161.653 160.562 160.846 160.214 159.53 159.942 158.752 158.651 159.241 
170.821 169.612 169.796 171.095 171.012 170.178 168.796 168.84 168.783 
180.696 179.34 178.904 177.327 178.378 177.126 178.294 177.069 175.892 
198.54 198.252 198.035 200.074 199.279 198.176 201.59 200.596 199.46 
220.82 220.743 218.677 221.678 220.275 218.83 223.357 222.519 220.223 
230.733 229.352 225.641 233.004 229.102 228.714 235.189 234.62 234.032 
239.159 239.111 236.053 238.585 237.253 235.101 237.522 236.198 235.397 
244.311 244.194 245.607 245.228 245.471 244.683 240.844 244.066 243.086 
253.127 253.746 254.103 253.369 254.014 254.004 253.371 253.952 253.738 
146.513 145.714 146.717 149.908 148.355 149.032 150.19 150.467 151.246 
154.978 153.85 155.307 158.348 157.286 157.796 157.498 158.008 158.855 
176.188 173.888 175.154 178.781 181.418 177.408 177.5 176.581 174.949 
181.616 180.263 181.625 184.678 187.502 183.798 184.498 183.72 182.035 
196.986 196.385 197.845 199.945 203.136 200.163 203.358 202.184 200.038 
225.341 223.605 221.224 228.587 225.277 225.4 232.902 232.342 231.21 
230.714 228.621 225.358 233.147 228.507 228.852 236.318 235.333 234.656 
236.487 234.246 231.094 238.649 234.316 234.021 241.171 240.151 239.788 
253.469 252.755 252.489 253.643 252.955 252.397 253.599 253.431 252.727 
254.467 254.863 254.808 254.74 255 254.705 254.6 255.214 254.988 
