19340332
129.159 130.011 130.303 129.395 129.481 130.264 129.334 129.914 130.449 
137.39 138.238 138.667 137.655 137.714 138.468 137.735 137.887 138.532 
171.858 171.313 172.646 169.975 169.473 171.629 171.375 168.551 171.309 
188.857 188.584 189.621 185.853 185.866 187.982 187.495 184.94 187.988 
199.371 198.885 199.7 196.125 196.197 197.803 197.371 195.19 198.64 
212.785 210.689 211.656 213.082 210.919 210.307 209.675 208.552 210.628 
225.854 224.109 222.948 225.685 223.644 222.308 224.278 223.044 222.92 
233.997 231.574 230.095 233.868 231.317 229.669 232.677 230.966 230.378 
244.491 242.227 240.196 244.42 242.25 239.932 242.262 242.119 241.125 
251.752 253.494 253.28 252.379 253.745 253.333 253.387 251.59 253.706 
252.536 255.005 254.793 253.342 254.946 254.926 254.363 252.348 255.015 
125.471 126.851 127.922 125.658 126.692 127.877 125.486 126.874 128.107 
134.907 135.537 136.433 134.81 135.678 136.904 134.733 135.898 136.722 
156.668 157.346 158.471 155.713 156.63 157.771 155.436 155.806 157.022 
182.436 182.152 183.847 180.157 180.448 182.306 181.187 179.015 181.647 
201.852 200.246 200.987 202.892 201.014 199.914 199.122 198.579 199.986 
209.296 207.488 208.02 211.247 208.997 207.049 207.895 207.024 207.745 
217.955 215.534 216.072 219.991 217.286 215.208 217.003 215.191 215.109 
230.375 227.896 225.93 231.282 228.989 226.267 230.958 229.511 227.238 
240.653 239.131 237.765 241.661 241.007 238.681 241.559 242.186 240.25 
244.042 243.222 244.645 244.572 247.122 244.559 246.651 248.79 245.753 
250.452 252.58 253.161 251.465 253.012 253.179 252.682 250.873 253.203 
115.419 115.966 118.67 114.882 115.128 116.734 114.599 115.838 117.377 
123.718 124.686 126.315 124.33 125.433 126.775 124.512 125.803 126.76 
143.831 143.382 146.067 143.165 142.949 144.939 144.295 142.244 143.431 
166.583 168.369 169.927 165.097 167.135 167.823 165.37 165.502 165.821 
188.337 188.93 188.788 189.023 189.009 187.853 188.953 188.783 188.012 
205.195 203.603 204.445 208.106 205.894 203.723 205.043 204.253 204.072 
210.13 209.883 209.835 211.954 211.665 209.627 213.776 212.884 210.235 
222.431 222.31 222.632 223.839 223.98 224.602 226.188 226.512 225.172 
232.81 232.053 234.823 232.936 235.727 235.492 236.294 238.084 236.304 
238.203 237.812 241.264 238.848 241.802 241.242 241.329 243.932 241.945 
238.204 238.965 242.497 238.184 241.784 241.719 240.069 241.951 241.316 
113.673 114.089 116.668 113.27 113.24 114.648 112.993 113.885 115.213 
116.765 116.657 119.199 116.576 115.921 117.396 116.666 116.681 117.912 
137.521 136.753 138.43 137.636 136.098 137.658 138.473 135.874 136.669 
152.354 151.958 154.144 152.063 151.516 152.707 153.238 150.894 151.511 
173.915 174.018 173.876 174.89 174.194 173.429 175.093 174.308 173.512 
189.779 187.299 189.003 190.317 188.226 190.975 190.64 190.234 190.695 
205.161 205.648 206.468 206.537 208.021 210.092 209.289 210.78 211.001 
215.349 215.867 217.619 217.813 218.813 221.121 221.123 221.968 222.857 
220.746 221.748 223.329 223.128 223.693 226.223 225.595 227.019 227.849 
229.816 230.214 233.769 228.766 232.813 233.334 231.26 233.888 233.355 
230.118 231.688 233.966 229.089 230.806 232.808 227.921 229.299 231.327 
111.461 111.753 113.94 111.079 110.977 112.147 110.946 111.688 112.82 
105.792 106.096 106.42 106.338 106.548 106.594 106.449 106.699 106.598 
131.072 130.201 131.648 131.367 129.829 130.968 132.302 129.749 130.331 
147.593 147.686 148.251 147.288 146.597 146.741 147.732 146.672 146.77 
173.838 171.174 174.1 173.194 171.001 175.139 173.911 173.535 175.085 
183.833 181.406 184.456 184.137 182.235 187.241 184.684 184.614 186.597 
190.475 187.865 192.272 190.372 189.494 195.523 190.464 192.18 194.989 
205.228 206.099 208.001 205.892 208.018 212.424 207.574 211.347 214.106 
212.271 212.531 214.263 213.548 213.711 215.837 214.945 216.004 217.86 
215.499 215.962 216.926 214.23 215.445 217.031 212.935 215.35 216.795 
214.494 214.548 215.049 212.098 209.699 210.606 211.591 210.106 209.596 
94.6171 95.8215 96.9481 95.0075 96.218 96.8192 95.1324 96.1322 96.7635 
88.4527 86.6797 88.8785 91.214 92.1425 89.7413 92.2427 95.6475 94.9473 
104.038 104.56 105.148 104.197 104.537 104.831 104.128 104.532 104.924 
138.974 138.391 140.119 137.447 137.184 138.15 139.353 139.767 140.776 
155.367 154.818 156.905 154.244 153.789 155.251 156.789 157.088 158.337 
174.198 171.278 174.733 173.817 171.853 176.665 174.806 175.2 177.451 
183.127 182.951 185.813 183.919 185.72 189.222 185.336 187.941 190.078 
185.741 184.797 187.586 187.312 187.137 188.622 187.804 189.818 190.856 
191.883 188.77 188.812 190.46 189.035 191.212 192.387 193.208 194.022 
201.841 200.729 200.299 200.565 196.562 196.425 199.767 197.771 196.547 
204.712 204.405 204.925 202.727 199.717 200.182 202.184 199.738 199.071 
80.2187 81.9425 84.1797 82.8301 88.2235 85.1103 84.0687 92.215 90.6679 
83.0219 81.0489 83.8679 85.9419 87.1756 84.4734 87.1521 91.0167 90.332 
79.6681 79.5425 80.7908 81.2377 81.7126 81.1693 80.958 82.6971 82.8894 
96.306 96.4087 96.5935 96.1597 96.0813 96.4151 96.0938 96.163 96.5601 
112.98 112.682 114.216 111.879 111.932 111.884 112.442 112.508 112.543 
157.948 157.864 159.726 159.059 160.29 162.577 160.402 163.078 164.467 
162.249 162.836 162.861 163.93 165.632 165.831 166.523 169.965 170.509 
179.393 174.651 174.822 177.909 175.965 178.107 180.805 181.608 181.633 
184.623 180.93 179.656 184.503 181.302 181.091 183.676 183.83 183.953 
186.727 183.813 182.62 186.428 183.643 183.243 184.813 184.658 184.681 
196.988 195.819 195.328 195.271 191.118 190.644 193.914 191.408 190.423 
38.9943 54.8778 53.5871 38.8174 55.0394 53.7641 38.7652 54.9068 53.7806 
67.5144 68.9373 69.6749 69.2077 71.1058 70.165 68.9319 72.1118 71.7252 
64.0211 66.071 66.7558 66.4442 66.604 68.0482 65.5872 66.3768 67.2238 
82.9499 83.2027 83.8776 82.5983 82.2989 81.7574 81.9536 81.275 80.759 
89.1884 89.0456 89.6744 88.6192 88.2994 87.6273 88.1684 87.4947 86.8518 
112.841 113.301 113.847 112.624 113.474 113.098 113.259 114.467 114.413 
151.259 152.168 150.595 152.586 154.309 153.91 155.388 158.547 158.45 
160.25 160.91 159.907 161.742 162.888 162.367 164.21 166.626 166.443 
176.797 172.815 172.503 174.918 173.176 174.993 177.051 177.325 177.44 
179.996 178.546 176.98 180.208 177.902 176.826 177.431 177.395 177.581 
174.424 174.089 173.167 173.061 172.216 171.631 171.289 170.642 171.429 
4.56382 5.10745 4.77163 4.85343 4.98748 4.82183 4.79248 5.1967 4.79242 
43.8983 45.2569 45.4964 45.9805 45.889 46.7659 45.3775 45.8468 46.1585 
57.5867 59.3069 59.8297 60.0642 59.9186 61.1414 59.1433 59.7214 60.3077 
61.6017 63.0924 63.5796 63.911 63.7829 64.8657 63.2888 63.8376 64.3173 
85.5876 85.3479 85.8051 84.9868 84.5586 83.6456 84.5572 83.6929 82.8859 
99.2694 98.8745 98.5854 99.1867 98.8068 98.3974 98.8525 98.4854 98.4125 
133.263 134.165 132.506 133.555 135.051 134.463 135.66 138.245 138.346 
141.025 140.111 138.137 141.457 140.373 138.114 140.952 139.768 138.45 
157.432 156.461 154.391 157.723 156.689 156.046 157.334 156.277 154.845 
166.96 165.334 163.616 166.302 164.673 163.845 165.466 164.819 164.032 
168.207 167.039 165.442 166.982 165.755 165.007 165.979 166.184 165.779 
2.44977 1.96191 1.58492 2.60263 1.82126 1.55843 2.52395 1.92091 1.54197 
9.82681 9.29836 8.98694 10.0365 9.26407 8.92113 9.91791 9.3607 8.91744 
48.62 49.6646 49.8318 50.9018 50.4057 51.1883 50.257 50.4219 50.6331 
54.0814 53.0188 52.6057 54.4049 53.3681 52.8987 54.556 53.5817 53.1688 
70.7782 69.832 69.4565 71.0462 70.0137 69.1807 70.9397 70.3954 69.5069 
96.2666 95.6858 95.3767 96.1049 95.8074 95.3664 96.2103 96.0345 96.025 
111.404 110.597 109.644 111.19 110.662 109.672 111.291 110.893 110.665 
123.248 122.541 121.181 123.11 122.569 121.169 123.155 122.75 121.881 
141.1 140.014 138.387 141.983 140.606 138.458 141.665 140.34 139.017 
155.692 154.665 153.225 155.838 154.839 154.738 156.019 155.14 154.029 
161.387 160.248 158.819 161.137 160.035 159.097 161.11 161.009 160.175 
3.99707 3.64683 3.41073 4.23856 3.52921 3.38707 4.18312 3.68875 3.41535 
24.476 23.6243 22.9265 24.2465 23.6081 22.7447 24.1987 23.5617 22.8562 
38.2348 37.2236 36.6953 38.4179 37.4852 36.8575 38.4452 37.4973 37.0017 
52.2371 51.2148 50.6708 52.419 51.287 50.4171 52.4502 51.714 50.6863 
65.6047 64.5929 63.9678 65.6448 64.6296 63.7497 65.6367 64.8152 63.7521 
81.351 80.4368 79.8437 81.7505 80.6852 79.6857 81.8482 81.1427 79.9876 
102.168 101.223 100.589 102.373 101.698 100.97 102.727 102.467 102.044 
118.452 116.129 114.026 120.18 117.959 115.353 121.381 119.943 117.667 
134.205 132.679 131.551 135.582 134.389 132.766 136.977 136.35 134.766 
143.716 143.702 143.477 145.091 144.897 144.721 146.798 146.31 145.908 
148.522 148.922 148.73 149.587 149.937 149.883 150.838 151.273 151.325 
