19340332
251.807 253.93 253.584 252.435 253.885 253.57 253.501 251.756 254.015 
249.018 250.875 251.58 250.192 251.64 251.658 251.266 249.607 251.709 
234.601 234.868 234.707 236.806 237.636 236.922 237.15 239.119 238.074 
217.928 217.141 218.536 219.749 218.788 219.318 217.531 218.35 220.014 
207.647 206.634 207.465 207.425 203.68 203.874 206.458 204.434 203.916 
205.03 204.042 204.809 204.899 200.958 200.762 203.918 201.91 201.027 
199.562 199.257 199.637 198.609 195.608 195.758 199.306 197.528 196.165 
248.156 249.937 250.354 248.544 249.927 250.044 249.686 247.892 250.009 
240.053 239.089 241.599 240.276 242.05 241.339 242.139 243.863 241.918 
230.426 229.517 232.39 231.02 232.464 232.956 233.04 234.84 233.933 
212.832 212.873 213.323 212.621 213.454 215.121 213.67 215.351 216.475 
201.669 200.068 200.662 203.901 201.915 200.832 200.725 200.65 201.734 
198.526 197.991 197.888 197.885 194.493 194.353 198.242 196.295 194.779 
166.062 166.258 167.115 166.395 166.679 167.197 168.358 169.595 170.178 
232.226 232.212 231.949 231.385 230.87 230.632 231.196 230.254 229.979 
230.749 230.217 232.568 230.867 231.95 231.638 232.04 232.235 231.413 
216.607 215.736 216.698 217.687 216.699 217.454 219.291 219.254 218.837 
194.448 191.643 193.271 194.893 191.937 194.807 194.154 193.827 194.977 
186.011 184.499 183.598 187.484 185.368 184.036 185.937 185.429 185.29 
165.974 165.172 164.459 167.231 165.85 164.796 166.464 166.815 166.648 
148.374 148.082 149.029 147.915 148.241 149.03 150.34 151.379 152.262 
220.717 220.773 220.557 220.048 219.682 219.181 219.594 218.323 217.894 
216.77 216.06 216.314 216.463 215.687 215.696 216.978 215.998 215.495 
192.672 188.678 191.1 192.023 189.154 193.486 192.829 192.119 193.51 
185.749 182.972 185.534 184.964 182.637 187.016 185.304 184.021 185.963 
169.582 166.878 168.398 169.96 167.354 170.194 169.153 168.545 169.613 
109.83 109.65 110.057 109.652 109.3 108.336 109.393 108.723 107.842 
113.755 114.043 114.619 114.085 114.202 114.69 114.601 115.01 115.441 
197.266 197.017 196.947 196.294 196.137 195.992 195.532 194.997 195.233 
189.055 185.996 186.359 187.243 185.869 187.456 188.995 188.735 189.032 
177.957 174.58 175.315 176.21 175.203 177.536 178.372 178.658 179.55 
169.59 165.702 167.983 168.334 165.826 170.555 169.08 168.712 170.373 
104.437 104.302 104.793 104.066 104.011 103.161 104.227 103.547 102.781 
72.4865 74.1939 74.8147 74.4513 74.5499 75.2761 73.9138 74.3552 74.4698 
78.914 78.988 79.4561 78.6638 78.3048 77.6955 78.1817 77.6433 77.0352 
176.384 177.195 177.285 175.102 175.661 176.06 174.505 174.804 175.947 
164.927 165.139 165.276 164.829 164.769 164.866 165.09 165.055 165.418 
159.605 156.733 157.43 158.483 157.002 158.976 160.496 160.038 160.748 
124.958 125.105 126.856 124.904 124.318 125.25 124.444 124.914 125.963 
74.5977 76.3479 76.8629 76.9308 77.4619 78.3724 76.6863 77.8333 78.1124 
62.5894 64.172 64.7164 64.5734 64.5029 65.1094 63.869 64.2126 64.2044 
39.8328 41.2835 41.652 41.8026 41.7662 42.6764 41.2385 41.7069 42.0632 
163.908 164.74 165.309 162.571 163.302 164.102 162.093 162.897 164.002 
146.605 146.25 147.376 146.315 145.794 146.859 147.319 145.842 146.609 
130.794 130.483 132.409 130.733 129.652 130.815 130.655 130.308 131.363 
117.757 117.368 119.839 117.891 116.892 118.085 117.569 117.671 118.845 
95.8692 95.5318 97.8091 96.2003 95.6249 96.0424 95.55 96.7291 97.5473 
36.7516 38.0553 38.4556 38.8477 38.8461 39.6066 38.3539 38.9184 39.2166 
10.4571 10.0257 9.7223 10.5649 9.96322 9.66187 10.5264 10.0293 9.6511 
