12597000
143.971 145.032 143.379 142.108 144.013 144.938 144.71 142.739 142.885 143.293 142.844 141.863 144.524 142.963 141.908 141.799 
143.195 144.044 142.564 141.677 142.42 144.024 143.796 142.131 141.296 142.971 141.059 140.947 143.75 142.855 141.944 141.601 
141.326 142.471 140.109 139.832 140.942 140.747 139.715 139.564 140.482 139.87 138.72 138.917 138.46 139.891 137.85 138.546 
140.052 141.115 138.61 138.171 139.678 139.171 137.89 137.743 139.428 138.079 136.934 137.05 137.374 138.245 136.133 136.747 
138.138 139.222 136.934 136.481 138.025 137.296 136.034 136 137.687 136.631 135.245 135.552 135.51 136.741 134.906 135.971 
134.408 134.795 134.182 133.343 133.98 134.793 134.065 133.754 133.685 133.473 133.542 133.586 133.41 132.534 132.558 133.776 
133.421 133.715 133 132.04 133.159 133.848 132.918 132.331 132.867 132.43 132.163 132.266 132.751 131.657 131.237 132.639 
133.776 132.39 130.291 128.62 133.452 132.313 129.753 128.669 133.885 131.772 130.269 128.831 133.892 131.947 129.489 129.001 
134.405 129.431 124.22 120.259 135.266 129.106 123.141 120.198 137.079 131.128 125.337 120.462 136.408 132.709 125.92 120.483 
132.963 127.43 121.894 117.417 133.829 127.291 120.808 117.549 135.942 129.728 123.46 118.124 135.393 131.494 124.44 118.45 
124.54 121.814 118.806 115.296 125.196 122.257 118.98 116.155 125.484 122.764 119.793 116.977 125.647 122.243 119.825 118.075 
117.168 116.719 116.23 115.913 117.43 117.433 117.184 116.498 118.259 118.195 118.172 117.801 119.166 118.977 118.589 118.439 
114.209 114.784 115.31 115.867 114.455 115.303 116.029 116.194 115.391 115.837 116.84 117.294 115.989 116.637 117.168 117.924 
111.47 112.898 114.393 115.975 111.474 113.294 114.967 116.095 112.344 113.238 115.604 116.892 112.791 114.552 115.76 117.256 
108.74 110.566 112.897 114.501 108.589 110.206 112.592 114.956 109.321 110.705 113.66 115.163 109.209 112.293 113.724 115.182 
107.92 108.317 108.957 109.439 107.517 108.118 108.541 109.336 107.505 108.022 108.721 109.558 107.187 108.07 109.143 110.125 
108.24 108.044 107.648 106.981 108.105 107.681 107.076 106.691 107.579 107.323 106.815 106.43 107.199 107.055 107.157 107.195 
110.569 110.344 108.845 108.284 109.607 109.676 109.956 107.821 107.846 107.422 107.353 105.558 107.728 108.18 108.33 105.194 
111.099 111.097 109.818 109.568 109.825 110.174 111.134 109.122 107.878 107.684 108.106 106.555 108.309 108.926 109.117 105.804 
110.526 110.704 109.501 109.683 109.27 109.753 110.784 109.187 107.136 107.141 107.822 106.75 107.492 108.329 108.917 105.999 
144.445 145.452 144.051 143.142 143.383 145.245 145.204 143.389 142.117 143.875 142.364 142.335 144.84 143.843 143.19 143.134 
143.682 143.634 142.929 143.315 141.866 142.905 142.634 142.717 140.683 143.458 140.711 142.3 142.43 143.557 144.066 143.44 
141.503 141.164 140.692 142.352 140.227 140.721 142.617 142.712 139.792 139.936 142.045 142.463 141.166 140.566 140.105 142.313 
138.946 140.208 138.798 138.993 138.624 139.02 138.855 138.919 138.582 138.644 138.643 139.07 137.792 139.152 138.217 138.812 
135.971 135.981 136.838 136.427 136.391 136.808 136.713 135.985 135.767 135.658 136.718 136.903 136.285 136.191 137.328 138.495 
133.138 133.494 134.073 134.583 133.772 133.561 133.932 134.713 133.575 133.787 133.951 134.432 132.861 133.446 134.574 135.045 
131.618 132.152 132.011 131.891 131.425 132.248 132.037 132.216 131.289 131.193 131.758 131.943 131.099 130.561 130.93 132.085 
129.919 129.322 128.701 128.618 130.564 129.034 128.05 128.169 129.897 128.377 128.196 128.311 129.303 128.443 128.037 128.444 
131.132 128.319 125.107 123.361 131.791 127.785 123.934 122.673 132.662 128.86 125.746 122.871 132.084 130.315 126.139 122.7 
127.617 125.062 121.491 117.61 128.201 125.229 121.354 118.006 127.555 124.493 120.922 117.748 127.163 123.258 120.498 118.593 
121.161 119.979 117.633 115.875 121.266 119.976 117.198 115.549 121.006 119.625 117.381 114.954 121.116 120.033 117.865 115.366 
116.938 116.512 115.815 114.999 116.914 116.548 115.78 114.893 117.362 116.717 116.093 115.478 117.888 117.044 116.183 115.751 
113.635 113.009 112.455 111.577 112.888 113.658 113.847 113.266 113.69 114.076 114.174 113.706 115.373 114.785 113.098 113.577 
110.853 111.653 112.863 113.682 111.14 111.714 112.855 114.106 111.875 112.531 113.976 114.473 112.203 113.797 114.347 114.894 
107.247 108.512 109.74 111.146 107.316 109.208 110.823 111.877 108.494 110.055 111.74 112.476 108.701 110.916 111.84 112.488 
106.543 106.66 107.107 107.842 106.108 106.86 107.53 108.126 106.767 107.711 108.321 108.819 107.047 108.167 108.677 108.94 
106.304 106.28 105.727 105.247 106.184 106.189 105.521 104.979 106.134 106.09 105.725 105.248 105.917 105.898 106.087 105.654 
106.119 105.844 105.807 104.441 105.635 105.388 105.742 104.688 105.12 104.982 105.329 104.433 105.365 105.009 104.376 103.964 
109.362 109.488 108.29 108.185 108.362 108.81 109.491 107.713 106.567 106.477 106.833 105.563 106.528 107.162 107.544 104.835 
105.416 106.44 107.333 108.179 104.759 105.591 106.599 107.787 103.449 104.546 105.976 107.431 103.296 104.208 105.759 107.14 
147.11 147.578 147.469 147.637 146.021 146.57 147.638 147.886 145.633 145.313 146.239 147.61 144.603 144.335 145.1 146.137 
143.356 143.07 142.883 144.999 142.041 142.559 145.013 145.473 141.843 141.861 144.552 145.649 143.549 143.023 142.975 145.966 
140.677 140.333 140.559 142.458 139.949 140.311 143.102 143.578 140.272 139.77 143.812 144.24 141.72 141.028 140.699 143.654 
138.177 137.76 138.513 139.074 138.602 138.989 140.024 139.253 138.334 138.104 140.562 140.774 139.584 139.55 140.202 142.464 
137.139 136.193 135.911 135.442 137.673 137.095 137.837 137.946 136.873 136.559 138.088 138.765 139.076 138.528 139.301 140.039 
132.894 133.103 134.14 134.038 133.672 134.453 134.738 134.124 133.66 134.181 135.069 135.234 134.217 134.878 136.09 137.044 
128.715 129.184 129.921 130.498 129.024 129.535 130.16 130.82 129.454 129.786 130.327 130.729 129.469 129.956 130.578 130.659 
127.377 127.428 127.343 127.448 127.9 127.309 126.916 127.296 127.517 127.103 126.96 127.09 127.123 126.883 126.94 127.107 
125.071 124.907 124.252 123.75 125.283 124.837 123.967 123.645 124.861 124.396 123.66 123.241 124.542 123.979 123.587 123.055 
122.501 121.871 120.799 120.25 121.914 121.016 120.175 119.917 120.927 120.407 119.71 119.105 120.726 120.795 120.105 119.25 
119.092 118.701 116.759 115.834 119.068 118.36 116.162 115.048 118.547 117.512 115.708 113.815 118.045 117.347 115.848 114.107 
112.804 111.561 110.923 110.255 111.535 111.785 112.012 111.136 112.005 111.655 111.477 111.852 113.388 112.854 111.429 110.611 
112.993 112.074 111.283 110.148 111.998 112.647 112.503 111.662 112.846 112.952 112.58 111.967 114.486 113.647 111.551 111.812 
112.432 111.434 110.52 109.273 111.454 112.178 112.179 111.358 112.259 112.69 112.661 111.925 114.274 113.704 111.557 111.852 
105.588 106.397 106.279 106.627 107.062 108.493 109.179 108.678 108.079 109.745 110.347 109.52 108.776 110.707 110.622 110.232 
104.009 104.237 103.725 103.557 104.053 104.76 104.626 104.021 104.882 105.458 105.549 104.924 105.354 105.823 106.036 105.21 
104.254 103.832 103.324 102.328 103.873 103.603 103.512 102.646 103.712 103.714 103.878 102.978 104.247 104.09 103.697 102.941 
104.139 103.901 103.798 102.743 103.598 103.451 103.886 102.915 103.21 103.103 103.671 102.854 103.491 103.084 102.642 102.342 
103.475 103.982 104.193 103.734 103.149 103.988 104.454 102.255 101.489 101.514 102.383 101.718 101.63 101.193 100.462 102.295 
104.178 105.056 105.915 105.514 102.885 103.807 104.39 104.249 101.8 102.151 103.387 104.694 101.357 102.1 103.672 105.111 
147.434 147.531 147.899 148.562 146.903 147.094 148.625 149.098 146.523 145.904 147.191 148.758 145.826 145.869 146.528 147.52 
145.8 145.809 145.68 146.246 145.511 145.329 146.211 147.466 145.104 145.252 146.432 148.464 146.04 146.937 147.251 148.122 
142.179 141.572 141.533 143.204 142.13 141.795 143.76 144.241 143.035 141.86 144.865 145.02 144.454 143.568 142.947 145.122 
139.62 138.14 137.267 136.887 140.183 138.804 139.438 139.889 140.203 139.239 139.87 140.213 142.247 141.274 140.991 140.693 
138 136.473 135.583 134.838 138.78 137.413 137.781 137.59 138.243 137.234 138.12 138.312 140.312 139.329 139.378 139.459 
135.805 134.596 133.328 132.601 136.379 135.13 135.625 135.637 136.412 135.709 136.283 136.255 138.343 137.438 137.361 136.737 
128.015 128.166 128.24 128.355 128.773 128.932 129.068 128.859 129.697 130.139 129.964 129.612 130.063 130.631 130.363 129.562 
124.503 124.364 124.596 124.632 125.004 124.691 124.594 124.798 125.491 125.295 124.984 125.138 125.524 125.46 125.399 125.186 
122.287 122.014 121.874 121.83 122.285 121.618 121.546 121.87 122.029 121.818 121.687 121.864 122.006 122.204 122.193 122.09 
120.245 119.875 119.635 119.663 119.745 119.088 119.057 119.394 118.924 118.852 118.673 119.024 118.816 119.34 119.131 119.222 
114.313 113.397 113.14 113.143 113.363 113.063 113.451 113.218 113.245 112.841 112.847 113.62 113.933 114.045 113.655 112.718 
109.693 108.851 109.203 109.293 109.222 108.972 109.659 109.359 110.244 109.348 109.101 109.924 111.204 110.172 109.655 108.696 
111.351 110.083 109.626 108.976 110.116 110.401 110.847 109.984 110.818 110.491 110.461 111.08 112.528 111.717 110.495 109.839 
107.279 105.982 105.618 105.571 108.205 107.622 106.972 106.415 109.3 109.405 108.661 107.894 111.403 110.446 109.87 109.009 
102.527 102.502 101.509 101.173 104.579 104.747 104.297 103.277 105.812 105.967 105.48 104.255 106.422 106.98 106.107 105.174 
101.967 101.564 100.833 100.545 102.652 102.311 101.583 100.996 103.136 102.891 102.256 101.519 103.471 103.119 102.582 101.92 
102.177 101.995 100.929 100.469 102.177 102.004 101.273 100.482 102.288 102.168 101.658 100.765 102.346 102.043 101.84 100.993 
102.099 102.397 102.016 101.758 102.052 102.498 102.28 100.495 100.439 100.325 100.468 99.8052 100.289 99.9699 99.1757 100.559 
102.534 103.373 103.529 103.075 102.229 103.276 103.146 100.545 100.243 100.138 100.776 100.386 99.8837 99.5273 99.2247 101.53 
102.732 103.761 104.137 103.675 101.808 103.18 103.394 101.335 100.059 100.126 101.069 101.232 99.8568 99.8333 99.9349 102.311 
150.422 149.668 148.475 148.271 149.805 148.93 148.743 149.209 147.989 147.771 148.497 149.709 148.147 148.965 148.893 148.98 
148.436 148.026 146.854 146.61 147.976 147.239 146.892 147.229 146.846 146.823 147.543 148.488 147.69 148.761 148.68 148.803 
150.283 146.617 144.936 143.519 149.266 146.825 144.551 144.027 148.841 148.334 147.258 145.939 148.667 147.64 147.81 146.703 
144.458 142.721 140.744 139.647 145.367 143.272 141.181 139.871 146.468 144.661 142.217 140.765 146.785 145.353 143.317 141.273 
139.809 137.593 135.658 134.298 140.524 138.056 137.53 136.955 140.416 138.564 137.924 137.204 142.11 140.232 138.992 137.768 
133.821 132.317 130.474 129.287 134.775 133.135 131.43 129.818 136.07 135.021 133.26 131.278 136.652 135.807 134.109 131.719 
126.186 125.8 125.724 125.482 127.225 127.024 127.008 126.145 128.67 129.134 129.04 127.817 129.54 130.056 129.502 127.684 
121.167 121.445 122.306 123.043 121.819 122.014 122.879 123.633 122.683 123.13 124.064 124.661 123.264 124.048 124.476 124.7 
119.084 119.359 119.939 120.59 119.538 119.651 120.227 121.076 120.192 120.549 121.047 121.686 120.531 121.071 121.439 121.697 
115.059 114.75 115.434 116.281 114.791 114.541 115.432 116.48 114.859 115.077 115.829 116.668 115.326 116.268 116.662 117.23 
103.911 103.554 105.7 106.756 105.076 104.447 105.727 106.928 107.108 106.365 106.107 106.468 108.193 107.046 106.502 106.331 
105.806 104.898 105.851 106.192 105.757 105.438 106.548 106.598 107.289 106.419 106.396 107.276 108.615 107.627 107.165 106.064 
102.432 101.646 102.824 103.096 103.858 102.927 103.348 103.526 106.27 105.231 104.371 103.941 107.924 105.944 105.246 104.23 
98.4049 97.0859 95.9681 95.4908 100.745 99.4345 98.1792 97.3424 103.312 102.287 101.246 99.8118 105.366 104.565 103.456 102.183 
96.0764 95.1279 94.2194 93.7557 97.9871 96.7956 95.5246 94.8341 99.4306 97.939 96.6446 95.7551 101.508 99.6193 98.1098 97.2542 
99.3803 98.8955 98.0493 97.5188 100.008 99.3627 98.5089 98.0351 100.688 100.019 99.1898 98.451 101.05 100.396 99.77 98.9971 
100.015 99.6069 98.8619 98.6569 99.9698 99.5797 98.8668 98.7543 99.6007 99.2636 98.7649 98.3931 99.5242 99.4271 99.0342 98.6504 
99.1926 99.2631 99.2379 99.453 98.9452 98.9998 98.9605 99.376 98.3046 98.2814 98.4364 98.6162 97.8587 98.1941 98.273 98.5452 
99.9793 100.732 100.899 101.331 99.9228 100.854 101.058 100.027 98.4516 98.6376 99.232 99.3218 98.332 98.3143 98.1169 100.082 
100.831 101.845 102.921 102.05 99.0432 100.114 100.897 100.944 98.0354 98.6581 99.8222 101.148 97.609 98.3643 99.6638 101.07 
153.498 152.361 150.65 149.496 153.508 151.891 150.213 149.749 153.558 151.062 150.623 150.683 154.32 153.744 152.001 151.482 
153.007 149.548 147.711 146.553 151.956 149.515 147.06 146.928 151.275 150.875 150.071 149.128 151.015 150.397 150.869 149.735 
152.033 148.52 146.723 145.354 151.235 148.498 146.009 145.087 151.241 150.461 149.213 147.043 150.816 149.012 149.547 147.951 
150.335 146.462 145.089 143.868 149.954 147.676 145.246 144.443 150.475 149.892 148.185 146.201 150.133 148.685 148.553 146.819 
137.478 135.182 133.096 131.648 143.715 141.546 139.038 137.444 144.881 142.874 140.031 138.372 145.322 143.708 141.445 138.842 
130.777 129.726 128.838 127.825 131.915 130.907 129.819 128.617 133.514 133.074 131.813 130.288 134.553 134.261 133.377 131.845 
122.599 123.024 124.001 124.655 123.225 123.905 124.98 125.579 124.411 125.736 127.184 127.546 125.789 127.413 128.02 127.918 
114.145 116.927 119.674 122.004 114.505 117.033 120.285 123.291 115.094 118.166 121.463 124.559 116.321 119.818 122.56 125.3 
108.937 112.83 114.87 116.654 109.271 113.03 115.442 118.091 109.828 113.647 116.373 119.254 110.832 115.266 117.393 119.938 
96.1707 97.8481 99.4495 102.84 97.1107 99.1679 101.222 103.773 99.1059 100.346 102.383 104.884 101.097 102.394 103.56 105.259 
88.2041 89.0544 90.9135 93.6845 88.9959 91.6195 93.5788 95.6605 92.1156 93.3072 96.8024 98.5954 94.5611 96.9657 98.0932 100.578 
94.7217 94.8249 96.7612 98.2648 96.5535 96.369 97.7483 99.1455 99.77 98.7371 98.8124 99.4335 101.446 100.097 99.9466 99.6364 
88.6602 88.5464 88.6138 89.0048 90.5258 90.58 90.7866 90.8159 93.1279 93.2816 93.3278 92.8216 95.0963 95.2863 95.2629 94.7241 
91.791 90.8853 89.988 89.5673 94.1895 93.0951 91.8564 91.0079 96.2497 94.9236 93.5213 92.5248 98.8789 97.0592 95.5851 94.6168 
93.7792 92.9494 92.029 91.4308 95.7138 94.5659 93.3021 92.5182 97.278 95.792 94.4349 93.4266 99.3883 97.4512 95.9698 95.0088 
95.2998 94.6136 93.7208 93.0306 96.6462 95.7016 94.4402 93.6885 97.614 96.2392 94.9873 94.1137 99.4392 97.5698 96.1183 95.2197 
97.1077 96.9424 96.0077 94.6085 96.233 96.2867 95.7407 95.3319 96.6076 96.2531 95.8741 95.1408 96.5733 96.0553 96.2012 95.3314 
96.5067 96.8301 96.5503 96.1515 96.3321 96.4758 96.2456 96.103 95.5246 95.8816 95.9526 95.7264 95.5325 96.0049 96.1619 96.0032 
95.8996 96.2066 96.9668 97.7902 95.9959 96.4925 97.0814 97.7314 95.4773 96.0651 96.8204 97.3457 95.3311 95.8326 96.6955 97.3561 
96.1051 97.116 98.2779 98.6465 95.1126 96.2385 97.6907 99.0005 94.1541 95.8785 97.1668 98.2872 94.4276 95.4066 96.347 97.3521 
154.161 153.273 152.233 151.411 154.754 153.704 152.41 152.395 156.095 154.4 153.917 154.313 156.953 156.516 155.492 155.182 
152.47 152.512 152.223 151.733 152.593 151.891 152.031 152.155 153.892 153.069 153.571 153.77 154.936 154.858 154.911 154.721 
152.014 150.038 150.118 149.621 151.564 150.548 149.844 150.088 152.103 151.883 151.788 151.309 151.85 151.218 151.625 151.238 
145.505 145.482 146.045 146.446 149.463 149.178 149.81 149.945 150.662 151.158 151.132 150.695 151.562 150.941 151.263 150.942 
97.9002 97.9836 98.0155 98.2777 159.797 162.228 162.485 162.99 160.325 163.83 164.762 164.522 160.572 163.391 164.87 164.117 
109.152 109.711 110.586 111.646 130.513 131.369 132.097 133.132 131.457 132.728 133.51 134.14 132.119 133.159 134.384 135.009 
101.049 106.726 110.339 113.683 103.833 109.564 113.405 116.695 106.504 112.92 115.979 118.815 109.142 115.293 118.18 120.721 
98.802 107.071 110.938 114.391 99.4417 107.536 112.045 117.126 100.04 108.498 113.354 118.892 102.028 111.312 115.299 120.496 
77.9613 92.2134 95.337 99.1874 78.6428 93.3265 96.8239 100.695 79.7204 95.0901 98.154 101.839 81.7486 96.5111 99.5125 102.806 
74.9352 80.2191 81.7374 83.9304 75.5977 82.5458 84.4065 86.1104 78.4408 84.1072 87.5381 89.2739 80.9715 87.6752 89.0378 91.1501 
77.9135 79.4198 80.7612 83.8776 78.8614 82.4672 84.1541 86.4258 82.8649 83.9033 88.3413 90.8427 86.2007 88.8466 90.2443 93.4209 
78.8968 79.2498 79.6764 80.8713 79.8494 81.3276 82.1877 83.1069 82.7 83.191 85.3961 86.1596 84.7968 86.4072 86.9393 88.2906 
80.3624 80.0962 80.0649 80.2562 82.4259 82.4681 82.404 82.1874 85.1159 85.2089 84.8947 84.5271 87.1065 87.247 87.0506 86.5114 
84.5787 83.6793 82.7861 82.6408 87.1123 86.1569 85.1073 84.36 89.9128 89.144 87.8677 86.772 91.99 91.1736 90.0332 88.8155 
92.4733 91.6758 90.6713 90.0722 94.0641 93.0142 91.7999 91.0021 95.3754 94.0672 92.7399 91.7978 97.3675 95.5868 94.0598 93.0507 
94.8859 94.1565 93.483 92.0738 94.4301 94.0387 93.1119 92.2515 94.9052 94.3507 93.538 92.9254 95.0492 94.1026 93.7029 92.9027 
95.9521 96.2278 95.2108 93.4979 95.0917 95.2888 94.7397 93.77 94.6675 94.8329 94.6856 93.8222 94.873 94.7821 94.8346 93.9393 
95.6327 96.0158 95.3796 93.9723 94.8919 95.1721 94.8908 94.1744 94.4998 94.7459 94.7474 94.0512 94.5749 94.6635 94.9205 94.2349 
94.0426 94.6661 94.783 94.6638 93.9419 94.32 94.6427 94.5626 93.3698 94.042 94.4437 94.4791 93.536 94.0871 94.6829 94.7054 
92.677 93.5649 94.6184 95.3265 92.2179 93.0174 94.4468 95.4054 91.7013 92.3124 93.7776 94.9497 91.5053 92.1756 93.5902 94.4085 
155.453 156.47 154.942 155.876 156.972 158.352 156.734 156.841 156.966 159.497 159.894 158.826 157.278 159.082 161.702 161.562 
153.621 154.204 155.317 155.525 153.726 154.563 155.303 156.079 154.732 155.06 155.699 156.701 155.163 155.873 155.545 156.172 
152.303 153.23 154.521 154.726 152.235 152.952 154.178 154.735 152.936 153.067 153.892 154.616 153.382 153.556 153.234 153.839 
149.861 150.621 151.973 152.506 150.104 151.266 152.288 153.113 150.546 151.139 152.009 153.04 151.003 151.542 150.996 151.703 
140.192 139.422 140.795 142.022 141.019 141.141 143.598 145.988 140.397 142.068 142.952 144.917 140.353 143.019 144.316 144.437 
121.031 122.807 124.71 126.922 121.208 122.842 125.043 126.891 121.122 122.816 124.888 126.758 121.534 123.445 125.064 126.789 
102.689 105.602 108.596 111.413 103.944 106.811 110.095 112.859 105.232 108.416 111.345 114.081 106.653 109.664 112.346 114.764 
75.7681 81.732 84.5092 87.8848 76.7983 82.8879 86.4997 89.8556 78.4936 85.3791 88.695 91.9269 80.7003 87.4544 90.7502 93.5174 
62.615 69.9834 71.7076 73.4132 63.5807 71.4432 73.2853 74.8228 65.0734 73.4956 74.9168 76.2328 67.3859 75.2616 76.5431 77.3427 
64.8555 66.0347 67.0363 68.265 66.2988 67.2918 68.0143 69.0446 67.7131 69.2462 69.7537 70.258 68.8185 70.6945 71.0788 70.6404 
69.3597 69.4865 69.7509 70.6218 70.0272 70.9159 71.2933 71.9097 71.7556 72.1428 73.6125 74.1916 73.3547 74.4156 74.8022 75.6761 
70.2485 69.8155 69.6237 69.8226 71.2006 70.792 70.3879 70.3347 72.3641 72.1415 72.0264 71.8185 73.3829 73.5242 73.3933 73.124 
72.5877 71.6309 70.9927 70.7674 73.999 73.282 72.433 71.9797 75.7421 75.1736 74.5353 73.8261 77.0667 76.7359 76.1437 75.4163 
78.426 76.5485 75.1858 74.8437 80.7201 79.0741 77.8936 76.9537 83.0685 82.156 80.6592 79.5741 85.1632 84.1009 82.925 81.6516 
89.247 87.3 86.7701 85.0075 90.0488 89.1641 87.1986 84.4304 91.1778 90.4311 88.7153 86.8921 91.5153 90.8442 88.6523 87.0615 
92.0136 90.0087 90.0329 89.4155 92.2737 91.0212 89.7039 88.5263 92.2248 91.6706 90.5197 90.1627 92.177 91.3274 89.9489 89.6182 
93.7695 92.8768 92.2503 90.9638 92.9926 92.6286 91.894 91.0755 93.1969 92.6156 92.0408 91.6057 93.2155 92.3381 91.971 91.4972 
92.8504 93.1223 92.968 92.2516 92.8383 92.777 92.6286 92.1019 92.4914 92.7302 92.6726 92.1697 92.6698 92.924 92.9938 92.3764 
90.6208 91.1863 91.8728 92.5797 90.7615 91.169 92.0331 92.437 90.554 91.0867 91.8824 92.4267 90.2863 91.0151 91.8914 92.3676 
87.4616 89.2484 91.7377 93.3948 87.3269 88.5708 91.2294 92.5504 87.7679 88.8404 91.2055 92.4284 87.7015 89.1042 91.4873 92.6406 
157.326 158.411 156.938 157.899 158.602 160.406 158.562 158.637 158.184 161.212 161.634 160.625 158.492 160.652 163.376 163.403 
157.177 158.221 156.834 157.764 157.96 159.131 157.694 157.933 157.599 159.741 160.009 159.285 157.655 159.101 161.203 161.45 
157.539 157.112 155.895 155.391 156.955 156.43 155.089 154.441 156.445 156.072 155.294 154.885 156.388 156.443 155.345 155.221 
150.567 149.37 149.558 150.135 147.86 147.333 148.966 150.605 146.553 147.65 147.797 149.219 146.643 148.121 148.772 148.795 
144.53 143.365 144.049 145.246 141.546 141.067 143.653 146.054 140.093 141.476 142.605 144.665 139.826 142.294 143.768 143.71 
135.358 134.936 136.617 138.231 132.457 132.595 135.736 138.599 131.483 133.193 134.616 137.078 131.243 134.203 135.946 136.507 
105.678 107.192 109.051 110.957 105.369 106.73 109.025 110.938 105.38 106.824 108.875 110.59 106.056 107.72 109.183 110.783 
69.2363 70.3083 71.8807 72.7616 69.2811 70.4535 72.3698 73.576 70.0463 71.4224 73.3326 74.5809 71.3059 72.8155 74.5048 75.3708 
57.8645 58.8117 59.8082 60.5791 58.4568 59.4535 60.436 61.2767 59.511 60.704 61.5327 61.9761 60.2344 61.5892 62.2787 62.3264 
58.0118 57.6653 58.0224 58.5607 59.2177 59.0993 59.1994 59.3646 60.3759 60.3521 60.361 60.1791 60.868 60.9533 60.8724 60.6102 
60.7293 60.2475 59.8708 59.7894 61.5308 60.9107 60.4474 60.12 62.1325 61.6706 61.155 60.6079 62.2866 62.0567 61.735 60.9683 
65.2482 64.3491 63.4895 62.9596 65.6299 64.7964 63.8495 63.2558 66.0395 65.4037 64.5278 63.7655 66.1479 65.7318 65.0205 64.2889 
68.5172 66.8501 65.7887 65.2473 69.3799 68.1318 66.8157 66.0601 70.3598 69.4795 68.3574 67.4262 71.082 70.259 69.5028 68.5848 
73.5 74.8094 70.1915 57.9212 74.689 76.4636 70.9684 62.3781 75.0614 77.4714 72.2565 62.4044 76.1287 78.8027 73.2015 63.5145 
82.587 87.8883 80.7491 66.6963 81.4198 90.4218 78.4432 63.947 85.9769 90.244 84.3418 63.0077 84.0973 90.0691 85.9884 68.1365 
89.2295 87.6256 86.7924 84.1973 89.6985 89.1278 86.9477 83.5812 90.1723 89.7283 87.8978 85.6003 90.1873 89.811 87.5753 85.4977 
87.6693 86.4898 85.5431 85.0314 87.8544 86.9175 86.0282 85.4695 88.1776 87.2001 86.4807 85.5699 88.1717 87.5139 86.7051 85.7604 
88.9535 88.7157 88.5155 88.3876 89.3292 88.8364 88.592 88.3798 89.346 89.1662 89.0002 88.7315 89.2374 89.2771 89.2084 88.8828 
87.033 87.9268 89.6424 90.7502 87.3083 87.8466 89.5425 90.4203 87.784 88.4455 90.0357 90.8052 87.7389 88.8293 90.5132 91.1756 
85.3035 87.2325 89.4372 90.7671 85.8162 86.4616 88.9411 90.3027 85.7283 86.7763 88.7786 90.5803 86.8881 88.7226 89.8582 90.2968 
159.901 160.85 159.582 160.511 160.922 162.152 160.597 160.749 160.22 162.693 163.173 162.377 160.328 162.353 164.792 164.903 
164.139 164.12 162.962 163.459 164.298 163.205 161.629 160.601 163.376 162.796 162.181 162.124 160.955 162.761 163.865 163.173 
163.71 161.612 157.999 158.097 162.058 161.719 158.095 156.117 162.076 159.701 158.312 155.661 161.772 160.092 158.222 157.716 
158.923 157.884 155.18 154.382 158.522 156.762 153.894 152.253 156.574 156.344 154.231 152.312 156.391 156.569 154.887 153.436 
144.903 144.393 145.551 145.747 142.178 142.15 144.425 146.096 141.746 142.884 142.654 143.681 141.767 143.74 143.747 142.95 
123.214 124.851 127.361 128.556 122.813 124.383 126.881 128.358 122.198 123.989 126.065 127.381 121.903 123.505 125.093 126.565 
77.0734 77.8839 79.3341 80.823 76.9763 77.9061 79.4127 80.5238 76.7926 77.9637 79.3362 80.6098 76.7237 77.8414 79.44 80.2455 
55.2841 55.819 56.761 57.4297 55.2515 55.9108 56.8193 57.7575 55.4344 56.122 57.14 57.8098 55.8063 56.5344 57.4259 58.0013 
48.3058 48.8282 49.3333 49.7681 48.6885 49.1321 49.7275 50.0931 48.9565 49.4584 49.9145 50.3248 49.0882 49.5853 50.0619 50.3081 
46.4846 46.2956 46.0689 45.8528 46.9435 46.7874 46.6127 46.1974 47.3615 47.1973 46.8466 46.5334 47.4306 47.3121 47.0885 46.5619 
54.7903 54.0874 53.273 52.7408 55.3774 54.5455 53.7646 52.9001 55.72 54.9095 53.9798 53.1377 55.5952 54.9047 54.1206 53.2476 
59.8977 59.1793 58.297 57.5271 60.14 59.2038 58.2554 57.3193 60.3078 59.4315 58.2855 57.2985 60.0718 59.3673 58.522 57.4021 
65.3467 64.9946 63.2745 60.3488 64.2755 64.3608 62.5518 60.3044 64.1656 64.282 62.1768 59.9254 64.3922 64.0232 62.1975 59.9981 
77.1433 84.7564 76.7008 56.6829 75.4587 86.1088 72.3767 55.7018 77.931 84.7744 77.1058 52.238 75.4005 83.5645 77.8667 56.9577 
80.2556 88.191 79.6194 59.018 78.8706 90.4423 76.2878 57.3339 82.6707 89.5109 81.7374 54.9576 80.3723 88.9841 82.8978 60.1801 
83.3691 87.4541 82.5136 72.481 82.3524 89.1642 80.3435 70.1231 85.2647 88.5333 84.3554 68.5097 83.5279 87.9443 85.0551 72.2497 
85.0076 83.9307 82.6729 81.4241 85.2363 84.4561 83.3486 82.0642 85.5126 84.7618 83.7592 81.9972 85.533 85.003 83.8733 82.3696 
86.1386 85.189 84.7456 84.5311 86.4143 85.6592 85.2687 85.1353 86.6511 85.9937 85.6644 85.2274 86.7404 86.2574 85.8809 85.3793 
85.8072 86.7627 87.8723 88.4352 86.3211 86.3373 87.591 88.4619 85.9862 86.6277 87.5766 88.8667 87.2138 88.3699 88.5627 88.5643 
84.831 86.4865 88.577 89.7226 85.3148 85.7294 88.0624 89.4257 85.2466 86.1921 88.0043 89.7444 86.557 88.2542 89.2289 89.4973 
168.006 167.804 167.697 170.296 169.399 169.108 168.172 169.345 168.834 169.16 171.033 172.089 169.146 170.05 172.381 170.175 
165.832 165.495 164.109 164.873 165.814 164.784 163.235 162.007 165.102 163.881 163.467 163.157 162.433 163.682 164.782 164.338 
165.784 165.031 163.209 163.782 165.66 164.494 162.492 160.733 164.98 163.507 162.643 161.693 162.259 163.238 163.968 162.809 
162.775 161.258 158.856 159.186 161.529 162.016 159.243 157.508 162.327 159.846 158.511 155.66 161.961 159.831 157.513 156.729 
146.04 147.751 148.88 147.71 147.228 148.102 148.195 147.277 148.577 148.074 146.333 144.824 148.799 147.893 145.111 143.279 
112.207 113.78 115.386 115.306 112.565 113.954 115.041 115.135 113.939 113.959 113.517 113.388 114.332 113.929 112.846 112.068 
61.5159 61.8416 62.4457 63.3346 61.4297 61.936 62.5811 63.1745 61.3259 61.8599 62.4516 63.0456 61.3273 61.7242 62.3686 62.6352 
45.7036 46.0933 46.5127 46.8703 45.6825 46.2432 46.6074 46.9135 45.5942 46.1657 46.683 46.9852 45.6765 46.2066 46.6661 46.8996 
38.3127 38.5489 38.7738 38.8351 38.4661 38.7456 38.8669 38.954 38.5574 38.8579 38.8837 39.02 38.63 38.889 39.0055 38.9933 
35.9632 35.9721 35.7335 35.4166 36.2051 36.1274 35.954 35.5519 36.3667 36.3637 36.0527 35.793 36.3755 36.4532 36.2735 35.8899 
45.7326 45.3267 44.6989 43.9565 45.9098 45.3953 44.7946 43.9447 46.054 45.577 44.7855 44.102 45.9677 45.5298 44.9067 44.0036 
51.4556 61.7346 59.3253 57.0059 50.6955 61.3618 58.9491 56.5405 50.8756 61.3103 58.6775 56.3333 51.0972 61.2034 58.4219 56.2162 
64.5598 64.1935 63.4563 62.636 63.0555 63.1492 62.3017 61.7548 62.9978 62.7036 61.6573 61.0859 63.1715 62.4109 61.3761 60.8329 
67.799 67.4169 66.1602 63.9959 66.4563 66.3755 65.1288 63.4457 66.1086 65.9049 64.3637 62.8201 66.1145 65.5878 64.1409 62.4501 
76.523 81.0462 75.9352 65.6115 74.8998 81.9325 72.9175 62.7217 77.5438 80.8433 76.5561 60.8156 75.4612 80.0228 77.2714 64.3764 
77.4968 76.468 75.1757 72.9888 77.0602 76.4049 75.0574 72.8204 76.9344 76.4966 75.2421 72.6079 76.6467 76.4118 75.0984 72.6972 
80.2904 78.3543 77.8535 77.3535 80.5877 79.4556 78.1536 77.482 80.0947 79.6606 79.1868 78.2491 80.7968 79.7944 78.3253 77.5091 
82.677 81.7436 81.0144 80.2502 82.9016 81.7936 80.9254 80.4274 82.9537 82.2127 81.337 80.7535 83.0701 82.4286 81.828 81.1486 
84.8789 84.79 85.031 85.3725 85.0786 85.0443 85.2929 85.4837 85.1965 85.4385 85.7173 85.9722 85.2622 85.5322 86.036 86.3123 
84.2562 85.6507 87.0845 87.8861 84.7342 85.092 86.6874 87.7741 84.5145 85.4216 86.5417 88.0805 85.7699 87.2242 87.5812 87.8114 
172.546 172.039 171.923 173.983 173.447 173.685 173.178 174.389 173.212 173.766 176.114 177.105 174.766 175.019 176.919 175.203 
169.826 169.372 168.847 171.17 170.957 170.494 169.329 170.171 170.222 170.313 171.946 172.905 170.31 171.044 173.234 171.031 
173.571 171.734 168.719 168.524 172.124 172.129 169.149 167.277 172.092 169.459 168.58 166.488 171.206 169.246 168.13 167.966 
168.935 169.024 169.001 169.997 169.824 169.781 169.101 168.291 170 169.246 167.562 166.493 170.584 169.13 167.331 165.803 
157.846 158.883 159.372 158.653 161.946 161.153 162.807 159.948 161.693 160.965 159.861 158.5 161.078 160.232 157.684 157.14 
103.255 103.397 103.338 102.831 103.69 103.761 103.394 102.848 103.913 103.695 102.962 102.4 103.791 103.231 102.523 102.095 
52.8303 53.4207 53.7535 54.5232 52.7238 53.011 53.6203 54.1836 52.6672 52.9614 53.459 54.2323 52.7398 53.0145 53.4883 53.9883 
36.9734 37.3229 37.5985 37.6775 37.0117 37.485 37.685 37.7512 36.9152 37.3874 37.7456 37.8633 37.0396 37.4772 37.7503 37.9037 
26.9427 27.1357 27.3481 27.2156 27.0668 27.3787 27.4405 27.3354 27.0686 27.3826 27.5106 27.3896 27.1439 27.4721 27.5891 27.5041 
24.686 25.2399 25.7649 25.8252 25.0007 25.4365 25.6741 25.9917 24.987 25.5919 25.8262 26.0216 25.015 25.609 26.0256 26.1387 
19.7874 31.0768 29.7925 28.9563 19.8406 31.0368 30.0692 28.7441 20.1549 31.2638 30.1117 29.128 20.1109 31.7643 30.2058 29.1182 
34.1834 68.6387 63.3649 58.8572 33.9187 68.0751 62.8152 58.5865 33.5933 67.6962 62.3488 58.1671 33.2738 67.4384 61.9878 57.8113 
57.7424 68.7002 66.6146 64.572 56.6127 68.1046 65.9745 63.9694 56.6793 67.9012 65.6448 63.653 56.8436 67.7664 65.1913 63.3716 
68.5782 68.0398 67.4427 67.1066 68.1835 67.0877 67.0506 66.8431 67.918 67.1524 66.7184 66.4829 67.4461 67.0827 66.6422 66.1243 
70.845 70.2502 69.6541 68.86 70.6324 69.9566 69.3933 68.6439 70.6009 69.8887 69.2533 68.4054 70.3239 69.914 69.2356 68.2446 
76.09 74.3882 74.1196 73.5595 76.3445 75.2709 74.0899 73.3829 75.7338 75.4703 74.8664 73.976 76.2446 75.4776 74.0851 73.095 
77.9159 76.0246 75.6973 75.1612 78.1942 76.9031 75.8404 75.2378 77.6615 77.3719 77.0387 76.2211 78.5061 77.456 76.2235 75.3346 
78.8523 77.1079 76.8704 76.4534 79.3363 78.2495 77.0967 76.5623 78.7819 78.6653 78.3954 77.8211 79.7173 78.8548 77.7919 77.0756 
80.9213 80.7688 80.8452 81.1134 81.3647 81.0218 81.2118 81.8897 81.4383 81.4738 81.6784 82.5147 81.754 81.8247 82.2658 83.0299 
82.9459 83.5543 84.2911 85.187 83.2774 83.8982 84.7121 85.2581 83.6527 84.3527 85.0322 85.6809 83.6771 84.303 85.177 85.9226 
176.459 175.62 175.989 178.312 177.526 177.382 177.522 179.035 177.687 178.419 181.024 182.261 179.813 180.076 182.158 180.487 
182.977 182.2 180.709 180.058 182.389 182.05 181.327 180.248 182.671 181.819 181.656 181.256 182.684 182.718 182.419 182.289 
183.6 182.312 181.096 181.135 183.68 182.397 181.713 180.712 183.469 181.912 180.612 180.362 184.126 182.94 181.107 180.739 
180.247 179.99 180.146 180.445 182.95 180.792 179.902 180.266 183.032 181.174 178.458 180.271 183.595 181.5 179.39 180.298 
165.537 166.03 166.706 167.379 169.765 169.158 170.659 168.259 170.118 169.355 168.122 167.239 170.333 169.187 166.731 166.147 
111.548 111.691 111.984 112.709 113.308 112.361 113.5 113.118 113.31 112.773 112.596 112.769 113.049 112.947 112.481 112.747 
55.616 56.0507 56.2499 56.7314 55.6265 55.6398 55.9998 56.4772 55.6579 55.6879 56.0286 56.5121 55.721 55.7557 56.0784 56.5033 
36.7868 37.1934 37.3856 37.6374 36.7779 36.9501 37.2427 37.4914 36.6417 36.9551 37.251 37.4702 36.6061 36.9832 37.3302 37.4174 
19.954 20.1791 20.6514 20.6306 20.3162 20.4798 20.5298 20.7447 20.2134 20.5753 20.7259 20.7176 20.2434 20.6025 20.9251 20.9105 
9.39586 9.69602 10.0486 10.3025 9.44283 9.74963 10.0474 10.3964 9.51447 9.78056 10.1741 10.3989 9.55512 9.94699 10.2397 10.579 
0.507989 0.639645 0.73707 1.60658 0.489914 0.655408 0.740035 1.34063 0.491011 0.651628 0.744718 0.87344 0.488641 0.640371 0.832534 0.954927 
5.84619 36.5537 32.2853 30.3582 5.82696 37.1381 33.8139 30.7531 6.19544 39.3168 35.0818 32.6191 6.32152 41.9572 36.9166 33.2419 
56.843 69.8768 68.1251 66.975 56.348 68.985 67.6938 66.6747 56.0738 69.4125 67.9322 66.7531 56.2296 69.6031 68.2136 66.8145 
68.6101 68.4354 68.4445 68.7858 68.5242 67.8291 68.4747 68.8452 68.5087 68.1657 68.2675 68.5245 68.2011 68.2211 68.2034 68.1607 
71.1836 70.9321 70.842 70.8521 71.1918 70.5129 70.7693 70.8676 71.1666 70.8009 70.6458 70.5539 70.8119 70.7061 70.6566 70.4056 
74.2234 73.7515 73.7673 73.7079 74.549 73.877 73.7813 73.8628 74.4725 74.2054 73.7369 73.5595 74.0784 74.1443 73.8436 73.4913 
76.7393 75.2468 75.3952 75.2238 77.2196 76.2315 75.5232 75.3239 76.8201 76.843 76.6197 76.1977 77.5331 77.0548 76.0226 75.4484 
78.2952 77.9082 77.8705 77.7573 78.2383 77.6235 78.0892 77.8328 78.6112 78.1546 78.6391 78.1158 79.3782 78.8376 79.2642 78.9651 
78.8913 78.7509 78.7762 79.2471 79.5434 79.1764 79.5269 80.3574 79.7998 79.8042 80.1917 81.3897 80.3785 80.3465 80.9378 82.0793 
80.2538 80.4099 80.852 81.7349 80.7048 80.9937 81.4253 82.5328 81.1645 81.7695 82.1803 83.4563 81.7927 82.3992 82.7303 83.7588 
190.224 189.189 190.782 191.709 190.052 190.295 192.508 193.199 192.402 193.237 194.896 195.58 194.57 195.318 196.222 196.846 
191.865 190.704 190.923 191.54 192.106 191.173 192.039 192.139 192.938 192.575 192.773 193.715 194.948 195.084 194.319 194.755 
193.722 193.786 192.691 194.417 197.353 197.419 192.85 192.525 201.193 197.695 198.995 200.658 203.183 202.074 202.179 203.36 
187.692 186.813 186.639 187.289 189.698 187.499 185.982 187.225 191.046 188.969 186.15 188.044 192.031 190.271 188.288 188.724 
180.149 179.13 179.63 179.85 182.99 180.426 179.691 180.147 183.825 182.353 179.7 181.217 184.454 183.189 181.356 181.754 
172.6 170.458 169.295 170.271 174.363 172.592 170.099 168.948 174.299 173.884 171.684 169.001 174.789 174.11 172.019 171.188 
125.192 125.013 124.812 126.127 126.286 125.836 125.623 126.726 128.418 127.78 127.548 127.079 128.857 128.005 128.549 127.958 
38.4539 37.6482 37.1466 36.6369 38.4406 37.6557 37.1796 36.6227 38.7507 37.7561 37.2195 36.8392 38.662 37.9095 37.5549 36.9972 
11.1894 10.612 10.1809 9.87244 11.4186 10.5714 10.2792 9.94966 11.5261 10.7703 10.3006 9.99351 11.4626 10.8908 10.5359 10.0742 
1.14662 0.93598 0.787394 1.41442 1.16558 0.984723 0.84556 1.20549 1.18136 1.01482 0.890742 0.805537 1.24646 1.00173 0.988156 0.93922 
0.383495 0.207629 0.15185 0.847444 0.381808 0.25811 0.170131 0.622278 0.404629 0.25658 0.22078 0.240137 0.417864 0.304363 0.34118 0.382272 
3.1108 3.18263 3.20722 3.9631 3.09206 3.19505 3.22039 3.7416 3.11511 3.21848 3.24853 3.31618 3.12646 3.24661 3.36658 3.41993 
62.9161 63.3988 64.1546 65.0603 62.4993 62.9129 63.6243 64.6772 62.1436 63.0439 63.7415 64.5834 62.3137 63.0909 63.8985 64.6897 
69.5639 70.3909 70.9683 71.2619 69.5907 69.8655 70.5023 71.2106 68.7798 69.4843 70.0083 71.0283 68.3896 69.3182 70.2699 70.7428 
71.1281 71.613 72.189 72.8086 71.1699 71.5921 72.1608 72.7629 71.0301 71.4478 71.9751 72.4804 70.9421 71.2951 71.7897 72.3154 
73.6362 73.8088 74.3854 75.1269 73.756 73.9858 74.6467 75.1941 73.5944 74.0952 74.5381 75.229 72.9599 74.1174 74.669 75.1527 
76.4022 76.6823 77.1961 77.6471 76.0763 76.3715 77.3064 77.2409 76.4625 76.6778 77.5816 77.2359 77.0102 77.1613 77.7669 77.6367 
77.7742 78.1173 78.7586 79.2061 77.3651 77.8181 78.9812 78.8172 78.1351 78.3336 79.4735 79.0049 78.9903 79.1379 79.9691 79.7538 
79.0321 79.1976 79.6854 80.1822 78.7677 79.1338 80.0082 80.0279 79.3615 79.7335 80.7817 80.5913 80.2708 80.5267 81.3623 81.4818 
80.5613 80.7575 81.3002 82.4222 80.5345 81.6863 81.6707 82.1533 81.8184 83.0381 82.8112 83.1769 82.7885 83.915 83.569 83.3834 
211.171 213.03 217.529 216.738 212.715 212.489 218.223 219.045 216.742 215.152 219.622 222.327 218.259 218.716 220.7 222.098 
202.298 202.721 203.315 204.934 206.036 207.167 203.985 203.547 210.182 207.902 210.25 211.704 213.318 212.407 213.262 214.29 
201.146 202.073 200.689 202.221 204.95 205.764 201.387 200.714 209.764 206.498 208.13 209.653 212.087 210.828 211.648 212.519 
196.404 196.074 195.048 196.702 200.434 200.264 195.294 194.942 204.196 200.899 202.409 203.942 205.986 204.805 205.717 206.685 
188.111 185.49 185.32 184.434 189.95 188.729 186.408 184.526 189.525 189.953 188.082 185.295 189.434 189.439 187.477 186.923 
177.702 175.727 174.598 174.992 179.713 178.32 175.867 174.093 179.607 179.564 177.69 174.535 179.711 179.014 177.469 176.266 
173.343 173.628 174.176 173.05 176.817 176.215 176.839 175.183 178.388 176.848 176.115 175.406 176.819 177.523 173.831 175.45 
126.264 125.878 124.922 125.613 127.822 127.324 126.924 127.515 130.127 129.067 129.091 128.125 130.431 129.117 129.716 128.77 
30.089 27.2372 22.1531 19.184 30.3615 26.0042 22.7553 19.202 30.3121 26.192 21.2207 19.4037 29.3452 26.1697 21.9796 19.2947 
14.3281 11.9097 7.59422 5.04896 14.4351 10.8062 8.02166 4.90561 14.3406 10.8824 6.77314 5.01046 13.6293 10.9697 7.32295 4.94103 
2.32695 1.99272 1.75097 2.31625 2.25657 1.9956 1.75257 2.05227 2.26469 1.95421 1.75633 1.63853 2.31214 1.96024 1.84316 1.72056 
47.0569 46.5306 46.2851 46.2313 46.5293 46.0799 45.6662 45.6651 46.315 45.3523 45.0344 45.0765 45.9375 45.2424 44.7148 44.7634 
69.628 70.3239 70.6721 70.6973 69.4189 69.4995 69.8171 70.3595 68.3384 68.6978 68.8142 69.9263 67.6128 68.3378 68.9915 69.495 
72.6722 73.6386 74.0713 74.0198 72.7355 72.967 73.3718 73.749 71.4713 71.9676 72.0594 73.1058 70.5883 71.4316 72.0899 72.4918 
73.513 74.3282 74.6848 74.7668 73.5667 73.758 74.2704 74.6289 72.4095 72.9124 73.2071 74.3298 71.3093 72.4869 73.316 73.8647 
76.2118 77.1704 77.2428 77.7025 76.4158 76.7621 77.1997 77.5446 75.8309 75.8582 76.4569 77.2234 74.7911 75.6277 76.2287 76.9146 
77.0505 77.435 78.2522 79.5112 76.6725 77.268 78.548 79.3277 75.9543 76.8142 77.8688 79.0854 75.2012 76.7022 77.683 78.6542 
79.2529 79.6616 80.5025 81.0128 78.5199 79.1707 80.3706 80.4776 78.3488 79.007 80.4264 80.3213 78.6682 79.1022 80.179 80.394 
81.1742 81.7554 82.2883 82.751 80.8305 81.585 82.4092 83.0436 80.2375 81.4889 82.5283 83.4219 80.3483 81.3505 82.362 83.1312 
81.7866 81.9938 82.3922 83.3066 81.3335 82.4291 82.4241 82.9999 81.8692 83.2991 83.403 83.9596 82.4205 83.8734 83.7078 83.7842 
221.61 222.204 227.423 227.95 223.405 223.259 229.011 229.401 227.631 226.766 230.19 231.83 229.33 229.026 231.615 232.017 
218.157 219.892 222.704 221.518 219.978 219.674 223.728 223.669 224.069 222.075 224.777 226.714 225.559 225.293 226.231 226.988 
205.966 206.887 206.03 207.165 210.033 211.144 207.116 206.17 214.595 211.891 213.824 215.141 216.914 215.68 216.976 217.743 
210.377 209.123 207.235 207.818 215.662 211.996 211.431 212.136 218.461 213.372 213.569 210.726 213.91 211.689 215.761 211.043 
208.597 204.363 204.597 204.156 209.747 208.17 205.607 204.65 207.426 211.913 208.675 206.231 204.918 208.162 206.935 204.788 
181.794 181.883 183.049 181.247 185.039 184.705 185.431 183.404 186.118 184.984 184.448 183.733 184.182 185.486 181.704 183.565 
177.203 178.201 179.166 178.13 179.798 179.609 181.433 180.864 181.38 179.92 180.524 180.902 179.473 180.488 178.401 180.22 
173.168 174.341 175.705 174.427 175.111 175.356 177.833 177.475 176.064 175.118 176.386 177.833 173.932 175.902 174.38 176.97 
79.6312 79.4217 79.4117 79.6241 79.952 79.4956 79.6379 79.7571 79.6376 79.3643 79.9809 79.8712 79.3493 79.3892 80.0611 79.8126 
37.3296 35.6878 31.4418 28.8226 37.2076 34.405 31.7614 28.6146 36.7838 34.3067 30.2906 28.5518 35.9397 34.1221 30.7475 28.4196 
47.2633 46.6511 46.2804 46.062 46.8235 46.4198 46.0363 45.6829 46.7249 46.0396 45.8711 45.5418 46.547 46.0401 45.6289 45.3105 
81.2868 80.5799 80.3565 80.368 80.8388 80.5033 79.6217 79.9327 79.8172 79.6327 78.4922 78.1408 78.2647 78.3488 77.5691 77.4782 
85.5981 85.1081 84.3327 83.6377 84.8564 83.9977 83.1009 82.3949 83.7936 82.6208 81.4486 80.9448 82.6766 81.613 80.6345 80.1253 
80.813 80.8761 80.4881 79.7114 80.9009 80.034 79.3656 79.1761 79.7325 78.9819 77.9325 78.4601 78.7869 78.6581 78.3689 78.0736 
79.9055 80.4577 79.6103 78.955 80.2396 79.7171 79.0494 78.5323 79.9025 78.7787 78.1121 77.7045 78.9631 78.3751 77.9195 77.6133 
78.882 79.5669 79.0007 78.5933 79.0466 78.9285 78.6594 78.2712 78.2798 77.7377 77.523 77.6892 76.9503 77.3122 77.3837 77.4162 
79.7867 80.7274 80.5416 80.3221 79.6086 79.8004 79.836 79.7655 78.641 78.3162 78.5436 78.7343 77.6385 77.5447 77.8132 78.0943 
81.716 82.3188 82.8916 83.3052 80.9388 81.4041 82.3169 82.8737 79.8123 80.2156 81.0051 81.6971 79.3397 79.6007 80.2274 80.9118 
83.2774 83.6257 83.9133 84.2926 82.598 82.8706 83.471 84.0449 81.7516 82.2422 82.9585 83.6869 81.5558 81.9426 82.4584 83.0514 
84.2215 84.4564 84.6399 84.9442 83.903 84.2516 84.5067 84.8429 83.9268 84.1021 84.1548 84.5912 84.109 83.9649 83.9665 84.4793 
226.755 226.765 231.068 231.934 229.303 227.968 232.842 233.252 233.527 231.869 234.672 235.948 234.97 234.446 236.73 236.545 
229.995 226.307 227.793 231.799 231.608 229.442 231.386 232.221 233.135 234.177 234.364 233.553 235.599 234.684 237.075 234.627 
231.213 225.717 229.119 234.34 229.328 226.257 232.365 234.243 230.487 227.564 234.53 231.201 229.359 228.427 235.694 232.806 
217.28 213.831 211.623 213.178 221.346 217.664 214.768 215.006 220.247 221.323 218.133 214.31 214.996 215.719 217.627 212.094 
213.793 210.446 209.178 209.948 216.637 213.961 211.277 210.924 214.998 217.511 214.103 210.149 210.444 212.383 212.945 207.901 
207.759 205.67 204.679 205.037 208.3 207.349 204.942 204.283 205.927 210.058 206.579 204.476 203.635 206.211 204.949 202.465 
184.601 186.004 187.139 185.818 186.478 186.823 188.875 187.858 187.227 186.284 186.847 187.674 185.504 186.905 184.572 186.665 
184.005 183.816 183.738 184.517 182.914 183.144 184.341 186.032 180.904 182.209 184.433 185.793 179.56 181.255 183.845 185.772 
169.473 170.511 171.325 171.905 167.52 169.881 172.034 173.806 165.713 167.901 171.179 174.072 164.039 167.443 171.092 174.051 
122.678 123.883 125.849 127.16 120.598 122.914 125.352 126.848 119.097 119.499 122.697 124.947 119.508 121.53 122.292 125.378 
90.3067 90.1488 90.6896 91.0761 89.9101 90.332 89.9951 90.6923 88.6363 89.4366 89.0559 88.7017 87.1873 88.0799 87.9791 88.0655 
99.8632 98.859 98.1951 97.6265 99.306 98.6262 97.2125 97.0912 97.621 97.2598 95.5909 94.8542 95.1293 95.0924 93.8616 93.4846 
99.9243 98.1609 97.2441 96.7318 99.7359 98.2617 96.2987 96.0825 98.8974 97.5145 95.1025 94.1347 97.2173 96.2958 94.4222 93.5656 
97.6078 95.226 93.3692 92.118 97.8203 94.9415 92.1558 91.1083 98.3095 94.8878 91.7418 90.3389 98.2627 95.6216 92.9423 90.9203 
93.6409 91.5831 88.7085 85.8053 93.8753 90.9798 87.1336 84.218 93.7399 90.5427 86.6949 83.9093 93.6675 90.6513 87.9071 85.0953 
83.0432 83.3177 81.4784 79.4051 83.3413 82.3606 80.274 78.3047 82.6635 80.9867 79.229 77.712 81.5147 80.3617 79.3303 78.0475 
84.3195 84.6335 83.793 82.2157 83.8822 83.6322 82.3586 80.6555 82.3787 81.8023 80.5377 79.3306 81.1571 80.5579 79.8778 78.9867 
85.8302 86.4199 86.0425 85.2181 84.45 85.3786 85.806 84.7676 83.0925 82.8165 83.3986 83.8029 82.6712 82.1082 82.2991 82.7084 
86.0606 86.2038 86.1651 86.2538 85.4103 85.3396 85.5127 85.6766 84.3852 84.2316 84.3998 84.6305 83.7563 83.6079 83.7479 83.9569 
87.5863 86.982 86.5279 86.9489 87.5299 87.1229 86.3862 86.5434 87.4054 86.7119 86.3898 86.8322 87.1862 86.2775 85.9818 85.7623 
241.751 239.03 239.819 243.3 243.254 241.332 242.257 243.271 244.432 244.941 244.969 244.311 245.938 245.313 246.982 244.653 
241.122 235.271 238.459 242.939 236.614 234.246 240.091 241.989 236.495 235.41 242.464 240.348 237.373 237.851 243.4 241.812 
238.337 232.4 235.229 241.022 233.266 231.032 237.883 241.565 232.565 231.774 240.799 238.951 232.746 233.553 241.196 238.893 
233.979 228.651 231.771 236.401 231.324 228.459 233.948 235.494 231.644 228.903 235.04 231.927 230.396 229.107 235.557 233.295 
219.668 216.924 216.277 216.881 219.925 218.708 215.769 215.578 217.518 221.466 216.937 214.812 215.664 217.897 216.069 212.703 
208.734 209.452 208.673 207.831 207.823 208.43 207.632 206.919 206.484 206.863 206.247 205.804 206.24 206.465 205.567 205.057 
199.211 199.708 199.553 199.461 197.969 198.522 198.934 199.501 196.55 197.259 197.944 198.76 196.21 196.906 197.755 198.325 
189.697 190.203 190.873 191.364 188.554 189.515 191.21 192.107 186.941 187.99 189.707 191.174 186.118 187.738 189.011 190.359 
164.051 165.696 167.809 169.358 162.163 165.058 167.807 169.581 160.584 161.75 165.013 167.329 160.886 163.636 164.324 167.4 
154.489 156.653 158.764 159.751 152.084 155.357 158.685 159.804 150.338 151.295 154.964 157.015 151.776 153.418 154.072 157.105 
141.046 142.806 145.058 146.091 138.712 141.344 144.412 145.811 136.711 137.366 140.967 143.577 137.188 139.149 140.254 143.533 
110.937 110.044 110.393 110.591 110.004 109.663 109.343 110.023 108.176 108.124 107.496 107.683 105.894 106.124 106.15 106.569 
116.422 113.461 112.57 112.128 114.305 111.731 111.368 110.915 113.29 110.986 110.326 110.745 111.122 110.09 110.981 110.737 
108.93 106.776 104.903 103.33 108.829 106.407 103.978 102.487 108.962 106.022 103.494 102.202 109.002 106.383 103.955 102.5 
108.992 106.117 102.622 100.026 109.101 106.505 102.587 100.095 109.333 106.348 102.553 100.133 109.783 107.039 102.891 100.343 
99.4592 96.5596 92.376 88.4589 98.5588 94.9723 89.7667 85.0798 96.6877 92.5013 88.0508 83.9728 95.0993 91.0129 87.7566 84.573 
88.2118 88.6579 87.8128 86.2533 86.3905 87.3042 87.2353 85.0592 84.6113 83.7336 83.9414 83.8391 83.7397 82.4876 82.1972 82.423 
88.2635 88.881 88.3039 87.2976 86.9351 87.8997 88.1319 86.6948 85.3952 84.9527 85.3664 85.6381 84.8551 84.0642 84.045 84.4773 
89.0171 88.7157 88.0107 87.9185 88.6768 88.6079 87.9615 87.3708 87.9576 87.1508 86.9779 87.4229 87.6498 86.5765 86.2908 86.0706 
89.3178 88.4659 87.7225 87.7499 89.2759 88.5877 87.5758 87.3891 88.8827 88.028 87.462 87.5959 88.4479 87.3495 86.9096 86.49 
254.503 254.641 254.563 254.223 254.781 254.592 254.562 254.478 255.032 254.672 254.711 254.621 255.07 254.969 254.762 254.451 
251.216 250.421 248.494 248.209 250.818 249.865 249.357 249.297 250.063 249.51 250.308 250.096 250.098 250.342 250.89 250.276 
242.012 235.747 240.443 244.905 237.639 236.376 242.268 241.915 236.553 236.151 241.581 239.803 238.203 237.502 241.877 242.568 
234.741 234.889 234.15 234.325 234.412 234.664 233.103 233.183 233.418 233.493 231.337 231.237 233.714 232.698 231.869 231.547 
228.267 227.985 227.42 227.214 227.429 227.48 225.689 225.445 225.874 226.498 224.55 223.851 226.15 225.86 224.8 224.137 
218.821 218.511 218.316 218.04 217.166 217.436 216.416 216.7 215.327 216.43 215.843 215.787 215.115 216.121 216.817 215.718 
206.294 206.729 206.221 205.92 204.49 205.206 205.47 205.737 202.531 203.411 204.575 205.029 202.38 202.925 204.074 205.033 
194.094 195.314 196.049 195.747 192.866 194.104 195.42 196.005 191.336 192.617 194.388 194.958 179.881 180.544 181.99 182.822 
172.336 174.33 175.485 175.856 170.988 173.068 175.102 175.915 170.121 171.423 173.014 173.548 171.323 171.35 171.962 172.508 
158.436 160.248 162.142 163.072 156.102 158.838 161.817 163.126 154.623 155.215 158.424 160.486 155.899 157.222 157.796 160.477 
145.244 149.676 152.155 153.302 144.074 148.16 152.94 153.927 143.191 145.89 150.582 152.769 144.877 145.993 149.048 151.213 
124.748 123.925 124.87 125.574 122.456 121.961 123.835 124.815 121.062 120.778 122.393 124.252 119.204 119.856 122.59 123.734 
120.466 117.745 117.31 117.199 118.191 115.994 116.163 116.199 117.13 115.167 115.006 115.843 115.167 114.341 115.538 115.776 
118.359 114.93 113.572 112.598 116.865 113.869 112.838 111.877 116.63 113.734 112.409 112.181 115.199 113.77 113.617 112.809 
115.713 112.134 108.852 106.603 116.548 112.395 108.738 105.884 116.346 112.865 109.27 106.485 116.444 113.42 110.083 107.283 
118.387 114.703 111.136 108.501 115.562 113.106 108.552 105.997 113.304 110.019 106.332 103.893 109.983 106.65 101.866 99.9819 
103.689 103.1 102.745 101.806 96.3611 95.7145 94.2992 93.9921 89.9581 88.7415 87.827 87.6557 84.137 82.6903 81.7292 81.6252 
91.3509 91.9321 91.4566 90.4499 90.1494 91.0262 90.603 89.5039 88.5056 87.8444 87.7679 88.4699 87.8083 86.81 86.6094 86.9821 
92.6137 92.4712 91.9533 91.2504 92.0654 91.5727 90.877 90.2437 90.6733 90.1497 89.2205 88.9351 89.7692 89.0101 88.2513 88.174 
90.9071 90.1702 89.2693 89.2056 90.9308 90.2901 89.155 88.7053 90.4692 89.5425 88.7655 88.8171 90.0092 88.7714 88.0892 87.6541 
255.158 255.412 255.469 255.445 255.542 255.583 255.452 255.521 255.498 255.422 255.447 255.654 255.355 255.488 255.533 255.538 
254.284 254.203 254.394 254.259 254.499 254.48 254.654 254.308 254.178 254.101 254.209 254.377 254.389 254.288 254.285 254.504 
247.595 245.105 247.151 249.852 247.674 248.415 249.368 247.544 245.047 246.195 245.33 246.629 246.852 245.69 246.181 248.235 
241.512 238.88 240.869 242.982 241.065 241.742 242.4 240.053 238.517 239.626 238.161 238.976 240.453 238.912 238.919 240.813 
230.84 230.82 230.63 230.68 229.944 230.569 228.857 228.722 228.03 229.203 227.555 227.67 227.887 228.603 228.725 227.987 
222.85 222.825 222.163 221.128 219.522 221.04 220.67 220.507 217.692 219.132 220.657 220.24 217.391 219.228 222.273 221.274 
214.06 214.065 214.35 212.907 210.177 211.853 212.78 212.895 209.014 210.2 213.071 212.708 196.741 198.48 203.093 201.458 
192.575 194.004 194.74 194.175 191.033 192.255 193.541 193.99 189.548 190.465 191.849 192.021 177.707 177.615 178.633 179.336 
179.556 180.837 181.955 182.379 178.508 179.582 180.795 181.894 177.845 178.383 179.356 180.024 166.014 166.088 166.75 167.606 
164.453 167.141 168.879 170.006 163.43 165.994 168.73 169.994 163.111 164.593 166.944 168.474 164.266 164.634 166.11 167.48 
136.984 142.549 147.627 151.231 136.361 141.431 148.163 152.042 136.862 140.808 147.541 152.422 136.153 140.54 146.709 151.446 
124.947 130.003 134.993 138.962 124.118 128.536 135.338 139.52 124.29 127.638 134.44 139.807 122.977 127.045 133.54 138.777 
120.878 118.7 118.612 118.975 119.308 117.55 117.908 118.38 118.869 117.364 117.535 118.483 117.219 117.087 118.48 118.902 
116.217 114.176 112.645 111.426 117.471 114.71 112.765 111.575 117.893 115.658 113.549 112.345 118.156 116.558 114.556 113.13 
115.158 112.003 109.502 107.665 117.281 113.205 110.281 108.407 118.185 115.229 111.947 109.936 118.815 116.79 113.526 110.892 
116.952 113.635 110.801 109.043 117.575 112.97 110.021 107.666 115.994 112.912 109.678 107.298 113.472 111.107 108.503 105.836 
102.525 102.317 102.18 101.316 100.584 99.8216 97.708 98.1932 97.4742 96.3946 94.974 95.8273 94.5586 93.6316 93.0719 92.4474 
96.1779 96.4268 96.4207 95.7275 95.6866 95.342 93.7892 94.0703 93.6657 93.0058 91.7582 92.5765 91.9475 91.4433 90.962 90.8734 
94.7985 94.8324 94.6174 93.9813 94.5769 94.1303 92.7743 92.672 93.1326 92.4139 91.1764 91.6075 92.105 91.3372 90.6511 90.4531 
94.3152 93.941 93.1137 92.0216 93.8169 93.2404 92.5949 91.6584 92.65 92.2814 91.2845 90.7924 92.0382 91.1753 90.3677 90.4581 
