10868000
11.145 8.18541 6.24899 3.72061 10.7122 8.09247 6.10538 4.25076 11.1832 7.67948 5.84468 4.07453 11.0587 8.10783 5.20925 3.69578 
15.1276 12.4568 10.7045 8.38835 14.8395 12.4626 10.6456 8.87599 15.2621 12.1272 10.3547 8.71563 15.1725 12.5289 9.88689 8.40673 
30.6328 27.47 25.7289 23.2482 30.328 27.6383 25.5733 23.6924 31.0165 27.4187 25.3158 23.4296 30.8882 27.9656 24.8746 23.1033 
54.0088 53.6299 53.4763 53.3923 53.9304 53.6621 53.651 53.4129 53.9245 53.4675 53.3163 53.2187 53.7946 53.3535 53.2047 53.0409 
72.6559 73.0385 73.2579 73.822 72.4289 72.7059 73.2176 73.7054 72.0802 72.4935 72.8985 73.4239 71.9385 72.3047 72.6764 73.0566 
83.8349 84.5823 84.9661 85.7726 83.7639 84.3503 85.094 85.7514 83.452 84.1425 84.7183 85.2627 83.4767 84.22 84.8448 85.112 
88.1746 94.5999 95.6152 96.7647 88.1343 94.7527 95.7622 97.0882 88.1665 95.0881 96.1373 97.078 88.1864 95.3031 96.1932 97.033 
111.435 114.192 114.941 116.235 112.295 115.616 115.25 117.366 113.512 116.116 116.976 119.24 114.736 116.951 118.259 119.984 
126.885 127.118 126.749 126.718 127.874 129.636 128.533 128.243 128.885 129.862 129.373 129.415 132.467 130.765 130.524 132.567 
130.415 130.14 129.301 129.129 131.177 132.611 131.073 130.522 132.089 132.613 131.724 131.659 135.651 133.329 133.025 134.657 
131.699 131.643 130.862 130.578 132.464 133.831 132.301 131.941 133.318 133.868 133.078 132.952 136.856 134.733 134.201 135.997 
12.1752 11.9918 11.3687 10.8173 11.9274 11.6596 11.5164 10.9293 11.6811 11.3204 11.3498 11.0302 11.7037 11.1746 11.0236 10.8474 
26.9378 24.2727 22.586 20.0948 26.5696 24.3227 22.2408 20.5313 27.1459 24.0092 22.0243 20.1671 27.0752 24.5722 21.532 19.8373 
42.3143 42.0211 41.9087 41.734 42.2734 42.0693 41.9521 41.7015 42.1731 41.9722 41.8314 41.589 42.1593 41.9736 41.8451 41.601 
64.936 64.7 64.5934 64.5238 64.6172 64.1389 64.3994 64.4031 64.3025 63.706 63.8814 64.101 64.1496 63.8874 63.8099 63.942 
81.9595 81.9988 82.2558 82.6834 81.8519 81.786 82.3545 82.7081 81.5843 81.622 81.969 82.3739 81.61 81.5114 81.8845 82.16 
92.3964 92.846 93.2484 93.8942 92.1571 92.5335 93.2066 93.8694 91.9345 92.4313 93.0019 93.6606 91.9422 92.5445 93.1562 93.5532 
102.561 103.313 103.698 104.434 102.597 103.647 103.259 104.841 103.227 103.397 104.056 105.775 103.848 103.78 104.974 106.113 
112.64 113.712 114.44 115.211 112.845 114.257 114.125 115.807 113.834 114.567 115.292 117.074 114.628 114.917 116.198 117.777 
123.565 124.04 124.435 124.962 123.839 124.941 124.652 125.839 124.877 125.309 125.658 127.149 125.597 125.581 126.576 127.742 
132.237 132.302 131.605 131.35 132.88 134.295 132.822 132.459 133.68 134.321 133.565 133.523 136.855 134.767 134.402 136.354 
139.17 138.942 138.81 139.115 139.579 139.688 139.74 139.747 140.512 140.558 140.307 140.221 140.958 140.793 141.172 140.566 
52.2561 53.8372 54.0705 54.4131 52.3543 54.2752 54.2621 54.0566 52.5609 54.0502 53.9522 53.4762 52.4394 53.8298 53.9179 53.0361 
46.625 48.6395 48.733 48.6485 46.3991 48.5807 48.5188 48.4915 46.2377 48.4164 48.4027 48.2321 46.3139 48.34 48.259 48.1284 
65.6367 67.0891 67.0455 66.6113 65.7533 66.6747 66.8018 66.5529 65.7103 66.5858 66.6903 66.7866 66.2537 66.6481 66.5898 66.8078 
80.6777 81.0247 81.0364 81.2838 80.8481 80.5759 79.9724 80.3206 80.5671 79.9952 79.3958 79.1267 80.5888 80.4828 79.9281 79.0663 
89.2749 89.4162 89.7524 89.7717 88.8567 88.762 89.4798 89.4003 88.5025 88.3452 88.9089 89.2208 88.4494 88.2786 88.5191 88.9806 
95.9135 96.3474 96.8761 97.5905 95.6287 96.0313 96.7409 97.4587 95.4273 95.9838 96.6811 97.4936 95.4987 95.9415 96.6908 97.2295 
105.768 106.946 108.269 109.924 105.189 106.786 108.072 109.621 105.227 106.744 108.332 109.714 105.36 106.841 108.027 109.741 
119.444 120.666 121.534 122.405 119.117 120.764 120.961 122.893 119.659 120.698 121.818 124.085 120.229 120.732 122.263 124.206 
134.488 135.529 136.488 137.05 134.405 135.421 136.437 137.175 134.641 135.908 136.723 137.481 134.48 135.597 136.485 137.488 
142.948 143.236 144.843 144.905 143.669 144.059 144.915 145.621 143.735 145.762 145.514 144.567 143.45 147.016 146.681 145.27 
143.223 143.194 143.404 143.383 144.875 145.4 145.55 145.696 145.49 146.258 146.979 146.734 145.974 146.773 147.075 147.367 
63.4216 63.7659 63.9525 64.3286 63.6941 63.7746 63.2207 63.6397 64.4297 64.1706 63.3798 63.2234 64.6163 64.4606 64.1061 63.6771 
66.2007 68.1008 68.1201 67.538 66.5243 68.2495 68.1006 67.5468 66.9341 68.4825 68.1865 67.7007 67.7821 68.6149 68.2671 67.7303 
77.8566 78.9753 78.9785 79.059 78.201 78.697 78.0299 78.3053 78.3648 78.4713 77.7969 77.3106 78.9143 79.1759 78.4389 77.3734 
81.8178 82.7748 82.7199 82.6165 82.229 82.3218 81.6215 81.6921 82.2211 81.8611 81.1343 80.5643 82.544 82.3815 81.6429 80.619 
87.7628 88.3314 88.4655 88.7229 87.8715 87.8113 87.4109 87.6072 87.78 87.3396 86.952 86.572 87.8014 87.8354 87.3882 86.5372 
100.841 101.577 102.305 103.145 100.298 101.101 102.04 102.565 100.158 100.878 102.033 102.591 100.356 101.024 101.729 102.643 
119.736 121.578 123.728 127.338 118.92 121.371 123.381 126.371 118.459 121.134 124.213 126.953 118.642 121.001 123.523 127.097 
139.871 141.466 143.16 144.665 139.331 140.982 142.801 144.107 139.334 140.896 142.892 144.325 139.283 140.856 142.477 144.46 
146.763 148.236 150.336 150.602 147.698 148.716 149.989 150.813 147.937 149.483 149.299 149.474 147.345 150.703 151.87 151.145 
146.107 146.538 148.7 148.67 147.465 148.003 149.191 149.815 147.353 149.638 149.922 148.808 147.138 151.01 150.942 149.81 
145.812 146.147 148.08 148.112 147.184 147.84 149.137 149.67 147.478 149.925 150.278 148.924 147.56 151.704 151.647 150.21 
67.5312 67.3958 67.1285 67.0078 67.9412 67.5224 66.6154 66.4812 68.7735 68.1463 66.9618 66.418 69.0536 68.5316 67.9695 67.1681 
73.607 73.4479 73.1351 72.6971 74.604 73.9654 72.6728 72.2831 75.8488 75.1321 73.8108 72.665 76.1169 75.3791 74.7262 74.1252 
79.0987 79.8548 79.4254 78.4568 79.4782 79.7585 79.4189 78.7041 79.7564 80.1383 79.7132 79.1326 80.4772 80.1799 79.822 79.4604 
87.5708 87.5271 87.2313 87.4901 87.8333 87.2362 86.2296 86.4308 87.8412 86.826 85.899 85.0214 87.5632 87.4648 86.3788 84.9055 
101.078 100.922 99.9767 99.3559 100.827 100.107 100.117 99.004 100.699 99.6225 99.7099 99.3483 100.683 99.9391 99.4704 99.429 
119.882 119.679 118.601 119.381 119.721 119.236 119.398 119.494 119.242 119.077 119.508 120.711 119.134 119.759 119.888 120.595 
144.154 145.044 145.999 147.389 143.601 144.854 145.944 147.088 143.318 144.289 146.019 147.426 143.343 144.607 145.714 147.684 
155.256 156.979 157.845 157.862 155.79 157.068 157.565 157.686 156.02 155.875 156.042 157.77 155.839 156.169 158.323 159.26 
158.816 160.358 161.386 161.831 159.254 160.413 161.215 161.626 159.76 159.738 160.403 161.99 159.725 160.092 162.675 163.688 
154.147 155.324 157.563 157.78 155.605 156.511 157.683 158.274 156.21 157.7 157.145 156.804 155.901 159.291 160.069 158.822 
160.409 162.281 163.537 163.415 161.625 164.279 165.522 165.591 162.488 165.249 166.997 166.776 163.337 165.871 167.039 167.47 
75.506 75.1014 74.4544 73.7108 76.5898 75.6011 74.1428 73.3953 77.6917 76.8098 75.3205 74.0176 77.9522 77.0301 76.3323 75.5548 
81.9692 81.8528 80.7372 78.6689 83.8508 83.5184 81.7372 79.0008 84.7611 84.8982 83.4523 80.3267 84.8816 84.4112 83.677 82.1342 
85.5616 85.1498 84.2115 82.6615 87.336 86.7296 85.0413 82.6866 88.1391 87.8177 86.6654 83.5358 87.8287 87.2923 86.574 85.1109 
100.817 99.2159 98.3848 97.9425 100.633 99.2109 98.1148 97.4221 100.564 98.9311 98.0961 96.6354 99.6867 98.7136 97.279 96.2816 
119.858 118.869 118.146 118.115 119.476 118.818 117.742 117.213 119.04 118.163 117.662 116.334 118.744 118.79 117.541 116.279 
148.707 149.677 149.397 147.497 147.35 148.63 148.314 146.747 147.243 147.484 147.364 146.411 148.381 148.333 147.78 147.053 
160.127 160.625 160.626 161.099 160.099 160.866 161.173 161.674 159.576 160.413 161.025 161.622 160.007 160.73 160.802 161.074 
168.33 168.688 168.973 169.135 168.168 168.506 168.855 169.108 167.625 167.994 168.69 169.31 167.679 168.229 168.93 169.414 
178.066 178.417 179.024 180.379 179.296 179.898 179.743 180.62 180.451 181.173 180.942 181.943 179.31 180.516 182.754 181.783 
183.559 184.215 185.519 186.973 184.994 185.895 186.985 187.307 186.049 187.269 187.268 187.156 186.138 187.194 186.744 187.353 
185.696 188.033 189.834 190.244 185.663 188.683 190.644 191.245 186.91 189.527 191.316 192.133 187.833 190.464 191.674 192.166 
85.879 85.7773 85.4578 84.9449 86.6795 86.8012 86.1936 85.6478 87.7692 87.9101 87.3917 86.7046 88.4654 88.7104 88.4224 87.7091 
85.9329 85.714 84.7486 83.3547 88.111 87.6635 86.0053 83.7591 89.2007 89.0914 87.9286 85.1019 89.4422 88.7644 88.2677 87.008 
101.677 99.7533 98.5052 98.0874 102.716 101.013 99.5653 98.6289 103.765 102.344 101.001 99.5561 104.802 103.435 102.037 100.804 
120.172 118.847 117.933 117.468 120.03 119.216 117.551 116.486 119.903 118.8 117.794 115.769 119.815 119.334 117.653 116.071 
149.123 150.065 149.652 147.377 147.637 149.067 148.014 145.943 147.72 148.006 147.199 145.263 149.23 148.632 147.691 146.048 
155.377 156.518 156.233 153.981 154.152 155.611 154.826 152.935 153.98 154.677 153.994 152.216 155.432 155.532 154.48 152.826 
165.666 166.169 165.959 164.347 164.711 165.535 164.982 163.84 164.167 164.736 164.273 163.271 165.051 165.243 164.739 163.834 
184.474 184.61 184.571 184.874 185.161 185.361 184.779 185.021 185.418 185.891 185.881 185.961 184.477 185.45 186.544 185.269 
193.736 193.004 192.87 194.584 194.735 194.741 194.221 194.926 195.386 196.135 195.97 195.938 194.061 195.016 196.327 195.615 
209.524 207.866 207.487 209.572 210.188 208.971 210.128 209.359 209.998 209.502 210.456 208.85 209.827 208.853 209.308 208.242 
207.564 210.336 211.63 211.765 210.08 211.581 212.017 212.3 211.755 210.674 212.558 214.36 212.24 215.348 214.827 214.321 
99.4642 98.3737 97.5669 97.9335 100.073 99.6114 98.496 98.2391 101.014 100.531 99.501 98.7322 101.516 100.709 100.063 99.7397 
107.575 106.097 106.119 106.985 109.036 107.574 107.305 108.357 110.517 109.464 107.745 107.879 111.341 109.661 108.615 109.875 
116.963 115.954 115.746 115.388 119.387 117.644 116.339 115.601 120.535 118.731 118.065 116.316 121.389 120.34 119.693 118.294 
139.418 137.552 136.319 135.616 139.904 138.133 136.31 135.328 140.641 138.571 137.101 136.077 141.075 139.123 137.969 137.07 
151.893 151.67 150.496 149.647 152.146 151.441 150.041 148.842 152.587 150.839 150.287 148.481 152.746 152.309 151.271 149.08 
162.572 163.374 163.139 161.528 161.857 162.557 162.544 161.418 163.252 162.945 163.101 161.513 164.336 164.263 163.334 161.564 
179.967 180.15 179.841 178.826 180.511 179.788 179.636 178.914 181.175 180.553 179.887 179.132 181.558 181.136 180.172 179.285 
199.291 200.982 198.983 198.675 198.781 198.793 198.878 200.061 198.185 197.642 198.961 201.619 198.886 198.416 198.911 199.022 
211.971 210.899 209.694 210.766 212.442 210.996 211.522 210.255 211.65 210.652 211.394 209.185 211.342 209.782 210.014 208.426 
218.385 217.489 216.372 217.203 219.448 218.195 218.464 217.336 218.726 217.138 218.262 216.319 218.606 217.697 217.309 216.068 
219.68 219.484 218.977 220.059 221.043 219.822 220.745 220.144 220.908 219.369 221.044 220.599 221.348 221.506 221.526 220.272 
109.382 108.141 108.245 108.629 110.274 108.777 108.527 109.28 110.891 109.961 108.169 108.511 110.841 109.191 107.934 109.43 
113.074 112.015 112.617 113.034 114.605 113.029 112.955 113.785 115.551 114.311 112.851 112.996 115.728 114.158 113.275 114.379 
120.097 118.826 119.3 119.471 121.619 119.642 119.314 120.188 122.361 120.758 119.221 119.381 122.681 120.834 119.903 120.891 
142.978 142.032 141.894 141.524 144.935 141.871 142.009 141.45 146.144 141.341 142.503 140.986 144.9 144.167 144.073 142.444 
162.397 162.943 162.668 162.403 162.904 162.521 163.431 163.642 166.123 163.629 165.537 164.145 166.234 166.05 165.424 163.546 
170.039 170.785 170.437 170.206 170.634 170.444 171.204 171.449 173.546 171.791 173.004 171.901 173.98 174.045 173.16 171.402 
193.038 194.782 192.698 192.448 192.594 192.371 192.755 194.112 192.798 191.833 193.503 195.882 193.63 193.01 193.196 193.199 
202.689 204.654 202.613 202.059 202.048 202.13 202.33 203.27 201.675 200.875 202.06 204.787 202.443 201.68 201.961 202.234 
209.575 211.278 209.241 209.03 208.912 209.384 209.193 210.438 208.227 207.914 209.06 211.438 209.016 208.501 208.635 208.89 
226.097 224.95 223.377 224.528 226.642 225.082 224.841 224.625 226.09 224.936 225.626 224.533 226.191 225.187 225.331 224.476 
226.368 227.534 227.297 226.866 228.409 227.764 227.535 227.617 229.703 227.614 228.424 229.65 229.612 231.946 231.046 230.224 
110.992 110.333 110.184 109.516 109.928 110.52 110.678 109.671 109.733 110.738 111.363 111.28 111.03 111.109 110.58 110.657 
116.07 115.215 115.419 115.707 116.717 115.536 115.379 116.259 117.089 116.297 114.85 115.153 117.288 115.896 114.82 116.048 
128.717 128.03 128.444 127.364 127.42 127.294 127.587 127.989 125.769 127.085 127.451 127.054 125.892 126.105 127.514 126.344 
138.07 137.631 137.878 137.701 137.467 137.294 137.753 136.876 136.793 136.319 136.699 137.1 137.27 136.184 136.885 135.926 
165.52 164.963 165.061 164.722 166.276 164.577 164.78 164.256 166.843 164 164.761 163.916 165.747 165.433 165.326 164.385 
176.016 176.08 176.141 176.257 176.579 176.86 177.039 176.584 178.884 177.525 178.475 177.001 178.626 178.526 177.497 176.306 
192.126 191.571 191.077 190.877 192.007 191.316 191.221 190.66 192.383 191.607 191.093 190.642 192.739 191.721 191.118 191.018 
207.077 208.527 206.469 206.419 206.115 206.353 206.364 207.553 205.462 205.211 206.197 208.739 206.555 205.816 205.941 206.311 
229.946 229.268 228.978 228.873 229.004 228.58 228.082 228.982 228.455 228.42 228.504 229.005 229.101 229.94 229.122 228.239 
238.136 237.274 236.7 237.127 237.397 237.038 236.974 237.422 237.521 237.406 237.655 237.945 238.023 238.373 237.826 238.067 
248.466 248.725 248.277 248.901 248.893 248.648 248.36 249.368 249.573 249.229 249.486 250.251 249.688 250.034 250.269 250.091 
112.303 111.886 111.766 111.144 111.348 111.981 112.212 111.341 111.088 112.104 112.907 112.777 112.459 112.604 112.118 112.16 
119.025 118.393 118.562 117.511 117.219 118.039 118.803 118.213 116.312 118.25 119.446 119.397 117.774 118.267 118.774 118.381 
131.616 131.041 131.388 130.499 129.606 129.937 130.903 131.052 127.634 129.42 130.252 130.279 127.952 128.112 130.061 128.688 
136.529 135.965 136.531 135.577 134.456 134.839 136.127 136.041 132.492 134.27 135.352 135.4 132.58 132.829 134.985 133.544 
158.126 156.956 158.452 158.239 158.058 159.052 159.485 156.407 158.108 157.908 158.064 157.375 156.621 156.828 156.913 155.38 
177.214 175.376 177.423 177.218 178.675 179.537 178.205 175.385 179.849 179.276 177.707 175.876 177.056 178.026 176.283 175.73 
196.703 194.978 196.054 196.129 197.709 198.452 197.088 194.445 198.572 198.75 197.117 195.14 196.606 197.451 195.742 195.13 
223.922 222.22 222.132 221.5 222.85 222.301 221.729 222.093 222.294 222.722 222.363 222.626 222.987 224.172 222.87 221.361 
235.039 233.253 233.267 233.189 233.788 233.252 233.085 233.573 233.194 233.842 233.532 233.649 234.086 235.013 233.704 232.525 
248.595 247.948 247.904 248.553 248.355 248.181 248.086 248.77 248.497 248.632 248.791 249.028 248.701 249.13 248.915 248.554 
253.478 252.924 252.868 253.062 253.173 253.144 253.359 253.31 253.418 253.492 253.649 253.623 253.592 253.668 253.573 253.353 
