10868000
136.851 140.18 141.523 143.961 136.764 140.319 140.942 143.831 137.807 141.039 143.621 145.153 136.857 139.562 142.057 143.205 
137.28 141.686 144.115 147.57 137.375 141.779 143.927 146.979 138.631 142.423 145.747 147.744 137.668 140.892 143.85 146.199 
142.873 145.362 149.087 150.92 143.577 145.629 148.504 150.648 143.624 147.451 149.055 149.178 142.804 148.346 149.683 149.492 
148.999 150.145 151.727 152.373 148.549 150.388 152.171 153.135 148.895 151.352 154.227 154.59 149.307 152.421 154.827 155.594 
153.611 156.202 157.122 157.569 154.842 157.076 157.565 157.727 156.404 156.413 156.441 158.393 156.433 157.034 160.766 161.616 
156.745 159.204 159.661 159.971 158.204 160.315 160.079 160.038 159.613 159.289 158.489 160.877 159.691 160.101 163.539 164.315 
163.571 164.757 164.392 164.507 164.739 165.674 164.245 164.294 165.827 164.56 163.049 164.589 165.471 165.113 167.19 167.095 
175.578 174.758 173.639 173.269 175.647 174.946 173.125 173.23 176.816 175.405 173.44 173.508 176.502 175.544 174.284 173.565 
185.43 185.076 185.176 186.725 188.142 187.141 186.588 185.912 189.615 188.622 185.076 184.117 189.339 188.109 184.359 184.329 
198.264 198.087 198.305 198.714 199.72 199.503 199.29 198.193 200.747 200.237 198.242 197.179 201.039 200.231 197.848 197.676 
209.015 208.484 208.493 208.645 209.507 209.258 209.546 208.552 209.589 209.688 208.525 207.461 210.055 209.481 207.739 207.558 
224.993 222.312 220.767 221.121 223.821 221.487 222.169 221.389 221.923 220.783 221.568 219.983 222.53 221.323 220.623 218.838 
238.426 235.753 234.549 234.171 236.336 234.592 233.799 234.642 234.764 234.92 235.216 235.588 235.531 236.996 236.297 234.265 
249.818 248.993 248.866 249.269 249.531 249.233 249.037 249.552 249.503 249.735 249.688 250.08 249.651 250.303 250.121 249.753 
253.691 253.275 253.255 253.42 253.614 253.565 253.752 253.685 253.873 253.873 254.039 253.88 253.901 253.917 253.888 253.56 
137.757 138.992 140.126 140.828 136.294 138.362 141.638 140.987 135.741 137.576 140.2 141.798 136.706 137.513 140.055 139.169 
141.635 143.352 146.163 146.784 142.251 143.853 145.875 146.929 142.511 145.534 146.337 145.328 142.014 146.914 147.374 146.26 
144.614 145.179 147.832 148.102 145.156 145.918 147.807 148.637 145.075 147.936 148.655 147.43 145.081 149.886 150.246 149.015 
146.148 146.636 148.585 148.603 146.833 147.582 148.844 149.624 147.012 149.577 150.173 148.907 146.779 151.344 151.626 150.253 
150.851 151.103 151.658 151.374 150.788 152.117 152.759 152.701 151.608 153.119 154.661 154.428 151.999 153.859 155.139 155.468 
156.58 157.919 158.122 158.258 158.189 159.099 158.569 158.451 159.85 158.518 157.507 158.944 159.621 159.115 161.56 161.852 
165.654 165.407 164.792 164.054 167.067 164.899 164.876 164.5 169.064 164.923 165.492 164.685 168.004 167.799 167.338 165.688 
174.635 174.033 173.48 173.12 175.279 173.744 172.82 172.977 177.681 175.452 173.388 173.27 177.556 175.928 174.182 173.825 
183.466 183.114 183.006 182.999 184.133 182.97 182.621 182.551 185.86 184.519 182.945 182.781 186.563 185.366 183.989 183.715 
195.357 195.723 196.087 196.355 196.797 196.598 196.706 195.446 197.919 197.733 196.176 194.658 198.453 197.93 196.136 195.644 
211.841 210.726 209.872 210.16 211.771 210.52 211.307 209.54 210.884 209.716 209.893 207.551 211.457 209.383 208.693 207.683 
220.983 218.898 217.532 218.579 220.981 218.862 218.967 217.729 219.284 218.163 218.102 215.708 219.682 217.806 216.796 215.659 
229.705 227.787 226.418 226.934 229.624 227.258 227.124 227.074 228.187 226.752 227.361 226.783 228.692 228.35 227.601 226.194 
238.552 237.749 237.762 238.576 238.691 237.893 238.301 238.674 239.394 238.92 238.952 239.734 239.946 240.449 239.553 239.977 
251.46 251.864 251.646 252.155 251.512 251.777 251.825 252.335 252.135 251.982 252.294 252.576 252.329 252.385 252.342 252.379 
136.5 137.839 139.143 139.796 134.789 137.055 140.422 139.847 134.228 136.069 139 140.869 135.077 135.938 138.874 138.093 
138.278 139.007 139.986 140.296 137.079 138.704 141.243 140.523 136.994 138.306 140.418 141.626 137.964 138.167 140.32 139.408 
143.158 143.626 145.592 145.687 144.438 144.768 145.677 146.704 144.536 146.67 146.515 145.528 144.171 148.164 147.863 146.252 
145.842 145.362 145.444 145.516 146.048 146.89 146.638 147.515 146.59 148.113 149.657 149.346 146.824 148.645 149.449 149.371 
148.819 148.32 147.703 147.556 150.052 149.942 148.643 149.365 150.676 150.684 150.763 150.736 150.435 150.656 150.295 149.959 
157.119 156.607 155.967 155.372 159.146 156.495 156.614 155.859 160.813 155.955 157.062 155.659 159.529 158.999 158.544 156.759 
161.413 161.081 160.512 159.84 163.558 160.641 160.697 159.981 165.708 160.358 161.618 159.813 164.236 164.036 163.592 161.304 
169.739 169.437 168.925 168.226 170.999 168.912 168.913 168.628 172.872 169.633 170.017 169.242 172.8 172.459 172.04 170.558 
179.821 179.251 179.102 178.42 180.631 178.998 178.988 178.638 182.175 180.875 179.741 179.714 182.846 181.759 180.888 180.79 
190.442 189.709 190.768 189.938 191.42 191.49 190.746 188.458 192.551 191.853 190.725 188.995 191.502 191.979 190.758 189.747 
203.215 203.059 202.69 201.982 203.79 203.095 202.223 201.25 203.857 203.078 202.349 201.257 203.643 203.321 202.944 202.25 
217.612 216.272 214.959 215.585 218.697 216.166 216.261 215.101 217.907 215.217 215.46 213.787 217.732 216.281 215.181 213.861 
223.407 223.248 222.952 222.936 225.167 223.657 222.16 222.177 226.077 223.655 223.079 223.897 225.823 227.617 226.007 225.212 
229.076 229.567 229.529 230.148 230.256 230.065 229.882 230.361 231.856 230.595 230.709 231.706 232.136 233.087 231.943 232.164 
232.338 233.257 233.159 233.769 232.752 233.9 234.184 235.258 234.12 234.347 234.523 234.657 234.586 234.391 234.218 234.243 
134.395 135.78 137.11 138.27 132.884 135.088 138.511 138.433 132.459 134.295 137.344 139.561 133.428 134.192 137.234 136.981 
133.019 133.666 134.693 136.013 133.296 134.126 135.177 136.306 134.004 134.875 136.098 137.291 134.523 135.44 136.706 137.509 
134.268 134.259 133.528 133.34 134.812 136.348 135.083 134.734 135.944 136.536 136.217 136.256 139.661 137.54 137.139 139.186 
142.173 141.782 140.878 141.088 145.442 145.33 143.904 145.072 146.089 146.454 146.446 146.702 145.975 146.58 146.128 145.783 
148.32 146.807 146.01 145.853 149.197 147.677 146.586 146 150.06 148.848 148.08 147.415 150.686 149.295 148.432 148.234 
152.9 151.057 149.784 149.314 153.874 151.761 149.601 148.913 154.768 152.419 150.594 149.625 154.554 152.589 151.423 150.992 
159.037 158.56 157.174 156.557 160.848 157.982 157.548 156.848 162.395 157.567 158.369 156.902 161.229 160.692 160.265 158.073 
166.738 166.303 165.839 165.639 167.716 167.157 165.502 165.444 168.809 168.88 167.819 167.134 169.876 169.736 169.153 168.541 
177.672 175.665 177.988 177.402 179.374 180.391 179.174 176.114 180.611 180.666 179.465 177.325 178.291 179.97 178.556 177.629 
183.333 181.294 183.447 182.688 185.321 186.376 184.942 181.253 186.522 186.195 184.855 182.146 183.221 184.675 183.196 182.135 
191.818 190.394 191.327 191.273 193.511 193.59 192.305 190.335 194.515 193.684 192.596 190.792 192.036 192.69 191.897 190.966 
201.997 201.026 200.249 201.241 203.224 202.357 200.593 201.588 203.937 203.743 202.985 203.554 201.684 202.563 204.054 203.166 
209.439 211.36 209.368 209.09 209.478 209.509 209.267 210.462 209.463 208.121 209.65 213.039 209.88 210.66 210.902 210.973 
221.297 222.052 221.957 222.398 221.288 222.762 223.135 223.2 221.999 223.061 223.572 223.682 222.839 223.248 223.61 223.533 
221.538 224.854 224.844 224.139 222.77 226.448 226.291 226.751 223.465 225.013 227.164 227.645 224.577 224.912 226.327 225.457 
123.187 125.597 128.768 133.767 122.776 125.792 128.885 132.842 122.703 125.94 129.902 133.247 123.301 126.326 129.64 134.134 
128.695 129.065 128.961 129.425 129.086 131.019 130.355 130.594 129.967 130.903 131.225 131.913 133.73 131.965 132.279 134.896 
129.603 129.484 128.776 128.885 131.254 132.607 131.309 131.149 132.252 132.814 132.469 132.736 136.14 134.011 133.802 136.082 
132.311 131.673 130.503 130.082 135.722 136.824 135.012 134.346 137.319 137.378 136.608 136.144 140.969 138.538 137.853 139.603 
141.013 138.82 136.912 135.645 144.51 142.711 140.448 139.3 146.246 144.489 142.739 141.293 146.671 145.318 143.864 142.912 
147.202 143.686 140.896 139.607 147.833 144.449 141.193 139.966 148.716 145.494 142.229 140.686 148.464 145.562 143.095 141.486 
147.908 145.363 143.6 143.05 147.71 146.236 143.268 142.365 147.618 146.214 143.519 142.811 147.464 146.79 145.199 142.969 
152.315 152.095 151.485 151.189 152.256 152.6 150.847 150.341 151.972 152.515 151.544 150.08 153.087 153.094 152.335 150.841 
170.87 169.999 171.259 170.137 171.042 170.716 171.247 170.2 170.984 171.138 170.872 170.028 171.39 171.272 170.458 170.465 
176.94 175.393 178.115 177.495 178.958 180.228 179.248 176.092 180.068 180.129 178.913 176.458 177.206 178.851 177.245 176.287 
183.895 183.384 183.871 184.822 185.038 184.738 184.447 185.041 185.359 185.752 185.986 186.047 183.771 184.563 186.276 185.022 
197.266 198.569 196.627 197.702 197.266 197.356 197.215 199.734 196.971 196.955 198.581 202.265 196.323 196.565 198.53 198.714 
202.168 203.718 201.886 202.306 201.526 201.739 201.945 203.627 201.09 201.138 202.971 206.433 201.105 201.451 203.05 203.324 
205.218 208.337 206.779 206.398 205.22 206.976 207.435 208.683 204.728 205.178 208.28 211.687 205.98 206.325 207.799 207.859 
213.283 218.622 218.543 217.884 214.754 220.182 220.665 221.319 214.642 217.498 221.581 223.489 217.409 219.125 221.697 220.938 
115.41 119.786 123.633 130.51 114.743 119.72 123.723 129.135 114.544 119.817 125.014 129.348 115.131 120.293 124.256 130.742 
118.347 120.1 122.723 127.183 118.536 120.911 123.265 126.784 118.915 121.789 124.892 127.621 119.652 122.508 125.225 128.939 
120.223 120.265 119.658 119.711 122.601 124.147 122.947 122.79 123.968 124.629 124.382 124.567 128.046 126.185 126.042 128.143 
112.157 109.342 107.738 106.53 124.924 122.46 120.222 119.022 127.857 126.054 124.529 122.75 129.162 127.734 126.955 125.808 
121.848 117.245 115.288 115.048 125.529 122.364 120.243 119.341 127.72 125.064 123.332 120.734 129.648 127.422 125.051 122.927 
133.32 129.706 127.645 126.085 133.842 130.891 127.281 125.741 134.156 131.333 127.182 124.936 134.063 131.447 127.742 125.663 
138.336 137.584 136.312 135.837 137.952 138.106 135.58 134.765 137.475 137.62 135.758 133.923 138.362 137.875 136.427 134.728 
142.067 141.58 140.583 140.371 141.546 142.069 139.493 138.754 140.902 141.521 139.897 138.087 141.805 141.849 140.753 138.77 
152.198 152.113 151.631 150.887 152.14 152.616 151.122 150.04 151.603 152.157 151.316 149.386 152.026 152.254 151.404 149.963 
165.361 165.291 166.06 164.915 165.58 165.534 165.973 164.76 165.116 165.046 164.64 163.929 164.896 164.737 164.151 163.951 
164.288 165.761 166.434 164.665 163.143 164.762 165.121 163.634 162.781 163.623 163.871 162.644 163.629 164.057 164.069 163.163 
183.086 182.699 183.008 184.249 183.376 183.228 183.165 184.13 183.169 184.009 184.459 184.96 181.18 182.602 184.547 183.722 
194.534 196.387 194.938 195.005 193.362 193.879 194.734 196.441 192.72 192.711 194.947 198.081 193.211 193.397 194.344 195.09 
185.648 188.338 189.242 190.041 184.829 187.923 191.034 191.734 188.041 189.139 193.083 192.701 189.303 191.577 192.098 191.163 
195.567 204.23 206.131 204.23 196.945 206.021 207.531 206.913 196.822 202.733 209.031 210.573 199.127 205.34 209.417 207.611 
91.6945 108.675 111.418 117.518 91.1218 109.135 111.625 116.626 90.8302 109.63 113.248 116.728 91.6249 110.264 112.84 118.576 
94.2851 96.5025 97.9818 99.8583 95.5083 98.1564 99.747 101.445 97.0081 100.001 101.744 102.998 98.533 101.56 103.297 104.294 
89.8311 89.4705 89.335 90.2222 91.5199 91.5103 91.758 91.8894 93.4532 94.1658 94.1632 94.2689 94.5139 95.185 96.3857 95.9874 
97.7069 94.5623 93.8462 94.7322 101.858 99.9067 99.0922 98.6945 104.121 103.099 102.921 100.963 107.084 106.175 105.124 103.863 
108.416 104.979 103.187 104.201 109.961 108.223 105.983 105.764 112.44 110.539 108.944 106.82 114.611 112.936 111.245 110.1 
115.778 112.707 111.522 111.656 116.842 114.698 113.178 112.417 117.918 116.093 114.704 113.013 119.442 117.688 115.557 114.396 
115.819 114.882 115.085 115.852 116.811 115.901 115.245 117.058 117.877 116.889 115.258 116.673 118.429 116.592 115.896 118.005 
135.983 135.848 134.875 134.537 135.741 136.43 134.193 133.386 135.248 135.863 134.406 132.508 136.253 136.117 134.995 133.42 
136.881 135.611 134.08 133.333 137.256 136.277 134.378 133.057 137.877 136.751 134.705 132.981 137.5 135.937 135.568 133.232 
149.873 151.172 150.998 148.53 148.636 150.272 149.897 147.567 148.952 149.471 148.757 147.102 149.972 149.787 149.317 147.861 
154.259 155.653 155.797 153.796 152.789 154.294 154.296 152.547 152.557 153.129 152.708 151.608 153.649 153.591 153.279 152.478 
161.991 163.266 163.597 162.095 160.022 161.536 162.132 161.073 159.55 160.241 160.68 160.051 160.502 160.554 160.528 160.375 
169.582 171.316 171.48 171.989 168.637 169.884 172.597 173.64 171.745 170.93 174.44 173.849 172.441 173.365 172.827 172.104 
168.926 171.41 171.923 172.832 168.357 171.037 174.185 175.685 172.815 173.119 177.143 176.482 173.878 175.807 175.695 174.025 
164.526 169.446 170.51 171.386 163.536 169.198 173.051 174.019 168.154 170.638 175.695 174.422 169.255 173.372 174.242 172.099 
46.7356 87.0453 86.6435 87.0786 46.7198 88.0556 87.8335 89.6087 47.2524 89.6713 88.7512 89.5606 48.294 90.8712 89.3312 89.6579 
74.163 82.9602 82.6697 83.1957 75.1022 84.1353 84.3993 84.4988 76.4244 86.2984 85.8609 85.9967 77.2345 86.9333 87.8032 87.1718 
81.8979 81.9505 81.8452 81.9929 83.4387 83.7119 83.561 83.4419 85.2233 85.5921 85.4726 85.344 86.1714 86.9432 87.2929 87.3838 
85.3305 84.8517 83.6444 82.3435 87.6898 87.2222 85.2708 82.8495 88.9294 88.9121 87.5413 84.2627 89.2467 88.5545 88.1204 86.8104 
102.994 100.16 98.7094 100.161 104.219 102.8 101.022 101.125 106.167 104.734 103.616 102.067 108.201 106.751 105.668 105.034 
111.111 110.175 110.319 111.32 112.121 111.187 110.532 112.648 113.446 112.305 110.869 112.487 114.154 112.274 111.773 114.097 
112.987 112.246 112.58 113.306 113.897 113.048 112.633 114.583 114.922 113.962 112.593 114.22 115.426 113.632 113.164 115.471 
115.519 114.642 114.634 115.053 116.133 115.096 114.355 115.907 117.088 115.885 114.206 115.404 117.515 115.525 114.745 116.591 
128.028 126.523 124.841 123.253 128.422 126.558 124.195 122.769 128.957 127.409 124.74 122.768 129.087 127.472 125.289 123.469 
134.718 134.314 133.385 132.716 135.306 134.689 133.557 132.55 135.978 135.325 133.903 132.969 136.134 135.393 134.951 133.515 
144.5 145.552 145.749 143.831 143.252 144.208 144.122 142.766 143.556 143.652 143.097 142.195 144.73 144.214 143.672 143.117 
149.125 148.858 149.069 149.01 148.535 147.914 148.094 148.206 147.67 146.571 146.83 147.749 147.459 146.519 146.564 147.839 
158.296 158.511 159.164 159.37 157.471 157.646 158.568 159.078 156.582 156.714 157.661 158.556 156.482 156.492 157.126 157.93 
160.591 162.38 162.674 163.31 160.227 161.98 164.17 165.205 163.443 162.812 166.069 165.495 163.848 164.604 164.281 163.155 
159.756 159.59 160.349 160.389 159.41 159.496 160.51 160.266 159.132 159.666 159.863 159.784 158.706 158.674 158.855 158.712 
51.3604 78.3985 78.1768 78.0742 51.4245 79.0517 78.8306 79.8577 51.9157 80.3531 79.7221 80.1172 52.7205 81.3606 80.4397 80.4102 
73.1301 75.545 76.0229 75.8385 74.3237 76.7515 76.9622 77.1679 75.8479 77.995 78.3748 78.6085 76.7506 79.459 79.8567 80.4115 
79.2857 80.1619 79.5485 77.7871 81.3544 81.592 80.2425 78.1414 82.4761 83.1601 82.1893 79.8525 83.024 82.8471 82.4057 81.6436 
82.6317 82.6034 81.5013 79.3497 84.9073 84.7017 82.8158 79.867 86.0318 86.1937 84.8013 81.2517 86.2317 85.9122 85.1074 83.3986 
86.7285 86.3617 85.1969 83.6787 88.8547 88.389 86.423 83.9319 89.8379 89.6779 88.3147 85.0506 89.9483 89.1953 88.5168 87.1793 
98.3543 98.308 98.0365 97.2813 97.9559 97.5174 97.5474 96.4537 97.9289 97.1992 97.2777 96.5335 98.2432 97.3803 97.084 96.7795 
110.929 110.265 110.565 111.265 111.505 110.699 110.549 112.298 112.249 111.36 110.191 111.71 112.499 110.95 110.56 112.667 
113.98 113.766 113.226 112.932 113.787 113.317 112.662 112.255 113.349 112.788 112.162 111.901 112.76 112.265 111.922 111.557 
119.226 118.316 116.299 115.875 119.591 118.113 117.132 115.785 119.834 118.565 117.122 116.565 119.752 119.446 117.535 116.774 
126.898 126.464 125.976 125.39 127.475 126.937 126.235 125.565 128.003 127.638 126.739 125.732 128.335 128.204 127.188 126.292 
131.579 131.361 131.532 130.796 132.12 131.569 131.31 130.771 132.114 131.597 130.89 130.413 131.885 131.286 130.854 130.714 
135.171 134.52 134.886 133.678 133.421 133.506 134.117 134.563 131.425 132.573 133.132 133.279 131.262 131.37 132.928 132.109 
145.707 146.011 147.051 146.589 145.19 145.517 145.467 145.461 143.673 143.693 144.107 144.574 143.158 143.184 143.294 143.993 
152.295 152.036 152.487 152.127 151.509 151.622 151.987 151.704 150.522 150.974 150.78 150.93 150.329 150.076 149.811 150.014 
156.096 155.392 155.549 155.108 155.446 155.034 154.961 154.372 154.457 154.246 153.452 153.319 153.722 152.717 151.987 152.036 
58.7933 63.3141 63.7121 64.1941 58.8046 63.3191 63.7822 64.5587 58.9695 63.4733 63.8941 64.6167 59.2605 63.8284 64.2681 64.8575 
68.5538 70.0744 70.5829 70.1426 68.9874 70.0387 70.6919 70.674 69.3771 70.6425 71.1019 71.66 70.6353 71.1085 71.7442 72.5494 
73.2017 74.7829 74.5697 73.1273 74.0013 75.1168 74.8061 73.7076 74.9297 75.9988 75.5777 74.7713 76.2806 76.6758 76.1441 75.6832 
79.6494 80.5744 79.4958 76.8803 81.5938 81.7753 79.9603 76.9919 82.5655 83.1889 81.8169 78.5302 83.0524 82.7108 81.7193 80.1522 
88.0905 88.0264 87.111 85.4034 87.8791 87.3668 86.7367 84.7176 88.237 87.4867 86.7358 84.9862 88.7596 87.9849 86.869 85.5813 
92.5392 92.6537 92.3575 91.7404 92.0089 91.5995 91.8026 90.8328 91.9118 91.218 91.3764 90.7751 92.0256 91.381 91.2268 90.9764 
97.0595 97.4147 97.4243 96.801 96.3466 96.3067 96.7183 95.9488 96.1451 95.6906 96.1176 95.7418 96.0639 95.5433 95.6391 95.6303 
106.912 106.787 105.655 105.892 106.723 106.094 106.182 105.885 106.111 105.418 105.347 106.129 105.371 105.503 105.023 105.453 
113.049 112.462 110.517 110.376 113.428 112.167 111.51 110.49 113.237 112.129 111.269 111.336 112.705 112.625 111.394 111.24 
118.513 118.043 116.585 116.292 119.108 118.009 117.589 116.482 119.099 118.257 117.302 116.961 118.628 118.492 117.099 116.913 
129.717 129.092 129.311 127.922 128.093 128.2 128.612 128.796 126.256 127.962 128.12 127.519 125.981 126.242 127.703 126.497 
130.85 130.336 130.919 129.789 129.19 129.432 130.025 130.448 127.265 129.079 129.425 129.187 127.015 127.455 128.992 128.039 
133.407 133.134 133.922 132.668 131.666 132.075 132.595 133.035 129.473 131.429 132.061 131.899 129.344 130.076 131.778 130.998 
136.028 136.181 136.419 136.499 135.934 135.772 135.512 135.67 134.951 134.525 135.012 135.392 134.523 134.465 134.938 135.502 
140.629 140.152 140.108 139.738 140.247 140.289 140.094 139.33 139.861 138.777 138.569 139.478 139.673 139.007 138.008 138.629 
51.2088 53.2886 53.8097 54.4685 50.822 53.1536 53.848 54.5019 50.5232 52.9567 53.4954 54.3216 50.4 52.9759 53.6568 54.5812 
58.9958 59.6799 60.4017 60.8524 58.8757 59.7762 60.4513 60.9761 58.8833 59.8182 60.3662 60.9216 58.9544 59.9161 60.5353 61.2109 
67.2097 68.7269 68.7102 68.0952 67.7385 68.9333 68.8366 68.1448 68.185 69.2163 68.9417 68.5248 69.1501 69.2661 69.1199 68.6204 
72.3448 71.6455 70.773 69.6286 72.6909 72.1639 71.1036 69.8598 72.9968 72.697 71.6007 70.19 73.3149 72.9255 71.8611 70.6038 
78.5424 77.7547 77.3193 77.1926 78.8677 77.9582 77.5529 77.337 78.9367 78.3976 77.9078 77.6593 78.9706 78.5195 78.1709 77.8215 
85.8672 86.1696 86.3029 86.156 85.5938 85.5955 86.0199 85.6202 85.6822 85.4683 85.8938 85.7071 85.7039 85.493 85.7493 85.8846 
89.8826 90.6367 91.7538 92.4469 89.3304 90.1311 91.3271 92.3323 88.6249 89.4915 90.9578 91.9877 88.2964 89.0253 90.2986 91.2945 
96.2116 96.968 97.8808 98.0341 95.6333 96.4946 97.1906 97.7453 94.8783 95.543 96.5482 97.2625 94.3495 94.8081 95.7427 96.7278 
106.421 106.066 104.872 104.903 106.496 105.671 105.492 104.996 105.974 105.281 104.978 105.473 105.325 105.349 104.632 105.073 
110.354 109.746 108.64 107.801 110.062 109.392 108.603 107.852 109.514 108.781 108.174 107.461 108.955 107.805 106.991 107.13 
117.325 116.497 116.042 115.544 117.167 116.572 115.526 114.783 116.934 116.62 115.423 114.628 116.458 115.438 114.298 114.264 
127.846 127.296 127.437 126.308 125.931 126.167 126.692 126.988 124.227 125.979 126.373 126.106 124.094 124.641 126.187 125.143 
125.033 125.39 125.754 125.955 125.115 125.099 125.321 125.503 124.772 124.605 125.228 125.537 124.764 124.835 125.447 125.773 
123.604 123.845 124.454 124.572 124.945 124.197 123.973 124.281 124.47 123.725 124.576 124.846 124.696 124.539 125.48 125.606 
126.994 127.216 126.737 126.98 127.528 127.004 126.762 126.628 127.26 125.342 126.606 127.573 127.14 126.805 127.543 127.922 
39.8171 41.0316 41.3025 41.6558 39.8015 41.1576 41.4367 41.5924 39.8328 41.069 41.3478 41.5257 39.8471 41.0657 41.2724 41.5738 
52.217 53.0767 53.1057 53.2958 52.2947 53.5877 53.4754 53.0386 52.5679 53.3249 53.0741 52.4654 52.4332 53.1976 53.2056 52.0854 
60.4225 60.87 60.9273 61.0775 60.6047 61.5982 61.4381 60.8838 61.1078 61.4019 61.1049 60.3935 61.0506 61.3207 61.1791 59.8822 
65.0851 65.2779 65.0997 65.2016 65.5141 66.1473 65.9265 65.2387 65.9585 66.1577 65.726 64.9233 66.0032 66.023 65.8547 64.4202 
73.7042 73.7321 73.9156 74.2209 73.9508 74.1254 74.4531 74.7352 74.0884 74.3717 74.5952 74.8862 74.0599 74.3049 74.5338 74.8096 
78.7795 79.2571 79.8242 80.6705 78.6087 79.1503 80.1243 80.799 78.4522 79.1791 80.1032 80.7275 78.2724 78.8259 79.6221 80.2626 
82.6324 83.386 84.2395 85.0942 82.4214 83.2006 84.3631 85.2109 81.9999 82.9937 84.1676 85.0108 81.5246 82.3774 83.4914 84.3919 
88.8973 88.777 88.7831 89.0269 88.2792 87.9779 88.2063 88.6709 87.0826 87.0647 87.4465 88.2833 86.6071 86.4127 86.8982 87.5125 
98.6863 97.9327 97.0365 96.2871 98.2562 97.2975 96.7814 96.1655 97.5299 96.7697 95.9683 95.6274 96.7911 95.6915 95.2353 95.281 
105.771 104.079 102.581 101.939 105.612 104.116 102.281 101.224 104.981 103.932 102.425 101.583 104.35 102.646 100.897 101.213 
105.817 103.847 103.223 102.985 105.656 104.173 102.925 102.131 105.533 104.193 103.326 101.739 104.554 103.713 102.146 101.353 
114.503 113.705 113.215 112.909 114.346 113.785 112.942 112.326 114.286 114.051 113.35 112.831 114.305 113.925 112.893 112.807 
117.967 118.542 119.379 119.393 119.404 119.092 118.962 118.975 119.272 118.897 119.745 119.734 119.512 119.749 120.461 120.269 
118.75 119.41 120.501 120.791 120.062 119.983 120.311 120.666 120.247 120.072 121.121 121.222 120.691 120.878 121.794 121.862 
115.564 115.341 115.887 115.575 115.428 115.785 116.023 115.684 115.138 115.841 117.283 117.654 116.796 117.076 117.311 117.412 
23.5408 23.1981 21.9 20.9809 23.1624 22.8 22.3248 21.0258 22.8948 22.2832 22.0304 21.2933 23.0023 22.1941 21.5622 21.1409 
27.3333 24.1779 22.5717 20.0921 27.0604 24.4277 22.3983 20.6528 27.7596 24.1333 22.1517 20.3698 27.6688 24.7282 21.6588 20.0455 
51.8194 52.2452 52.1194 52.2494 51.9576 52.8723 52.5829 51.9189 52.4205 52.6388 52.2447 51.3791 52.3653 52.5655 52.3208 50.8352 
62.7509 62.5987 62.6643 62.7202 62.8629 62.8361 62.956 62.8874 63.0203 63.0346 63.0227 62.95 63.1032 63.1109 63.0581 63.0167 
70.1042 70.2349 70.5097 70.812 69.8638 70.0984 70.4998 70.7543 69.7626 70.0275 70.269 70.513 69.8173 69.854 69.9343 70.2511 
75.9881 76.3655 76.766 77.1954 75.5997 76.1169 76.7857 77.1949 75.3087 75.7602 76.3381 76.8267 75.0671 75.2362 75.7152 76.3165 
82.217 81.8798 81.5565 81.5846 81.3049 80.6455 81.076 81.1997 80.1926 79.4985 79.9911 80.9085 79.9258 79.4004 79.6801 80.2276 
83.7309 83.9249 83.4602 83.5711 83.838 83.2148 82.1041 82.3858 83.1467 82.2667 81.2796 80.95 83.2032 82.8432 82.0203 80.8629 
88.9617 88.081 86.9542 86.2485 88.6637 87.3612 86.2589 85.6279 87.7099 86.5077 85.3378 85.3404 87.1079 85.8569 85.1974 84.9974 
97.9208 96.2814 95.7665 95.5485 97.8418 96.3249 95.5154 95.0054 97.6087 96.2222 95.4249 94.2312 96.623 95.6892 94.5157 93.7208 
101.197 99.1498 98.7804 98.8832 101.465 99.7965 98.6688 98.1747 101.222 99.9873 99.1606 97.4586 100.57 99.8785 98.3489 97.2142 
102.518 101.253 101.118 101.235 102.721 101.722 101.167 100.811 102.997 102.049 101.65 100.377 102.554 102.541 101.492 100.549 
107.822 108.7 109.528 110.531 107.962 109.094 109.971 110.778 108.87 109.892 110.652 111.33 109.38 110.504 111.19 111.788 
112.767 112.844 113.57 113.42 112.495 113.337 113.988 113.608 112.514 113.759 115.264 115.62 114.119 114.785 115.107 115.275 
110.776 110.996 111.588 111.762 109.912 111.184 112.154 112.015 109.928 111.682 113.252 113.848 111.557 112.431 112.771 113.295 
12.5424 9.8312 8.06031 5.7062 12.202 9.81109 7.96457 6.22065 12.6332 9.42413 7.72406 6.09071 12.5603 9.81928 7.16548 5.76376 
19.8283 15.6556 12.7731 9.18861 19.1902 15.4179 12.593 9.81004 19.7608 14.8334 12.1565 9.58515 19.6625 15.4371 11.3074 9.02487 
27.8472 24.3922 22.421 19.5134 27.4809 24.471 22.1041 19.9859 28.2748 24.233 21.8423 19.6854 28.1748 24.8639 21.3594 19.2911 
49.9707 49.5848 49.3927 49.1483 49.6693 49.3896 48.9751 48.602 49.542 49.1864 48.8422 48.3221 49.3998 48.9863 48.6795 48.2749 
63.7379 63.581 63.4564 63.2295 63.4607 63.2397 63.002 62.86 63.1551 62.798 62.5304 62.3146 62.906 62.5115 62.1513 61.9615 
71.1603 70.8001 70.6417 70.8552 70.7175 69.7404 69.3309 69.8598 70.906 69.3779 68.8619 69.264 70.7776 69.7361 69.3483 69.602 
80.9948 81.0827 80.5656 80.6991 80.683 80.0208 79.0682 79.4741 79.8695 78.5883 78.0334 77.9388 80.1412 79.7449 78.842 77.8186 
82.8966 82.8291 82.2198 82.3063 82.898 82.0795 80.7907 80.9343 82.1467 80.9471 79.9336 79.4125 82.2677 81.847 80.8409 79.4665 
84.6809 84.7398 84.1207 84.2144 84.807 84.2126 82.8373 82.9911 84.2529 83.2653 82.1247 81.5358 84.4598 84.0839 82.8696 81.5826 
89.9679 89.4734 89.5786 89.64 90.2249 89.8062 89.8159 89.6862 89.9768 89.7808 89.7449 89.3902 90.1114 89.8965 89.8763 89.2523 
95.9757 94.4999 94.5165 94.8896 96.2582 95.0734 94.8101 94.6956 96.1778 95.3537 95.0983 93.8971 95.9118 95.6186 94.7928 93.7594 
95.2694 94.6182 94.806 95.2128 96.0629 95.4529 95.8091 95.9214 95.9845 95.9875 95.9543 95.3184 96.8413 96.93 97.0598 96.1038 
98.894 99.1866 99.5961 100.075 99.0037 99.7484 100.367 100.57 99.7057 100.49 100.853 100.836 100.414 101.054 100.924 100.82 
104.213 105.211 106.182 107.266 104.072 105.353 106.425 107.406 104.622 105.87 106.825 107.794 104.952 106.059 106.962 107.808 
108.405 108.435 108.929 108.864 107.412 108.617 109.541 109.177 107.312 108.94 110.323 110.834 108.878 109.57 109.741 110.199 
4.07871 3.456 2.29149 1.43005 3.75133 2.99719 2.55424 1.50438 3.51317 2.61453 2.33456 1.74991 3.52777 2.49106 1.93968 1.54637 
13.3799 10.7241 9.26697 7.11096 13.1311 10.8278 9.07327 7.59092 13.7064 10.6551 8.87676 7.34627 13.5705 11.1219 8.49163 7.05902 
33.8838 33.2087 32.7259 32.1843 33.6611 33.1398 32.5888 32.0522 33.5901 32.9302 32.4229 31.7883 33.4733 32.8448 32.3647 31.7392 
46.4284 45.9746 45.6065 45.092 46.2906 45.898 45.407 44.8598 46.2186 45.7093 45.2511 44.648 46.055 45.6005 45.1619 44.5834 
63.3233 62.8508 62.7534 63.0202 63.4995 62.387 61.4325 62.0391 63.8751 62.5978 61.5724 61.6288 63.7788 62.7997 62.3324 62.3101 
67.7607 67.2695 67.1846 67.4694 67.8732 66.6843 65.8933 66.5262 68.2838 66.8868 65.8951 66.0767 68.2586 67.1108 66.6806 66.6546 
73.1246 72.2794 72.1816 72.3669 73.0288 71.5944 70.9189 71.1416 73.1857 71.5014 70.8076 70.507 72.8879 71.9034 71.666 71.5082 
82.3922 82.1827 81.5528 81.8026 82.3402 81.5905 80.1849 80.3616 81.5174 80.4437 79.5444 78.7148 81.7966 81.5262 80.4813 79.0438 
84.9433 84.299 84.4826 84.4702 84.7289 84.3554 84.2792 83.695 84.2702 84.0667 84.3204 83.0848 83.7247 83.892 84.1018 83.4806 
87.7282 87.7742 88.0935 88.3709 87.8301 87.9016 88.1316 88.3694 87.8709 88.0038 88.1622 88.3549 87.8375 87.9678 88.0569 88.0773 
90.4008 90.2463 90.6786 91.0658 90.8625 90.6647 91.2393 91.487 90.7697 90.9216 91.3171 91.1501 91.3311 91.4315 91.806 91.2421 
94.4291 94.5925 94.6712 94.821 94.77 95.0063 95.3436 95.2966 95.1016 95.563 95.6867 95.3672 95.5917 95.8478 95.6555 95.2297 
97.8413 97.9695 98.2952 98.5107 97.8967 98.2607 98.7923 98.9176 98.1633 98.708 99.0643 98.8482 98.5878 98.9706 98.8438 98.5905 
100.603 101.233 101.717 102.066 100.426 101.321 102.246 102.427 100.675 101.652 102.289 102.347 101.169 101.572 101.661 101.713 
103.2 103.629 104.134 104.69 103.107 103.716 104.565 104.962 103.066 103.823 104.483 104.888 103.327 103.656 104.244 104.826 
