10868000
192.187 193.785 191.883 191.829 191.651 191.91 192.045 192.971 191.456 191.106 192.496 194.832 192.337 191.944 192.33 192.646 
111.489 111.76 111.776 111.707 111.45 111.543 111.679 111.509 111.716 111.822 111.841 111.552 111.825 111.786 111.577 111.507 
82.8718 82.6994 82.8291 82.6022 82.0494 82.613 83.0117 82.7089 82.0239 82.8592 83.4307 83.4691 82.9844 83.1966 82.9166 83.0621 
210.823 211.618 210.294 210.892 210.497 210.501 210.596 211.876 210.184 210.241 211.378 213.276 210.981 211.126 211.304 211.223 
171.503 172.615 171.077 170.87 170.617 170.811 170.998 172.128 170.049 170.333 171.822 174.383 171.182 171.266 171.541 171.715 
104.993 104.801 104.955 104.716 104.166 104.518 104.889 105.02 103.905 104.901 105.465 105.603 104.683 104.878 105.207 105.207 
219.235 220.051 218.593 219.287 218.825 218.808 218.93 220.378 218.295 218.39 219.655 221.861 219.192 219.46 219.702 219.555 
190.119 189.755 189.834 190.142 189.913 189.819 189.719 190.604 189.66 190.453 190.639 190.871 190.276 190.746 191.089 190.55 
127.242 126.641 126.874 126.295 126.257 126.856 127.303 127.051 125.948 127.488 128.19 128.287 127.404 127.758 128.202 128.141 
