10868000
143.134 143.486 142.542 142.331 142.204 143.223 141.299 140.9 141.107 142.169 141.259 139.837 141.95 141.995 141.377 140.151 
141.346 141.726 140.761 140.396 140.572 141.471 139.533 138.842 139.786 140.88 139.739 137.968 140.935 141.195 140.383 138.7 
138.936 138.847 138.041 137.794 138.526 139.036 137.552 137.119 138.104 138.726 137.658 136.28 139.369 139.108 138.693 137.066 
133.761 133.568 133.185 132.762 134.175 133.972 133.528 132.732 134.429 133.498 133.153 133.353 134.404 133.837 133.071 133.268 
129.808 129.697 128.604 128.194 130.256 131.252 129.717 129.148 130.604 130.391 130.046 130.28 133.747 131.373 131.161 133.153 
125.857 125.632 125.177 125.352 125.705 125.271 125.007 125.224 124.849 124.586 125.575 126.752 125.251 125.232 126.33 127.136 
116.201 116.205 115.681 116.108 115.922 115.696 115.447 116.157 115.06 115.122 116.555 118.017 115.534 115.701 117.485 118.667 
87.7153 87.7881 87.9211 88.3892 87.6848 87.8007 87.9021 88.5391 87.5359 87.894 88.7054 89.5859 88.0113 88.0848 89.0294 89.76 
71.6144 71.5574 71.7683 71.9837 71.6889 71.5624 71.9362 72.2467 71.613 71.567 71.9694 72.3968 71.7419 71.6663 72.1496 72.6081 
61.3519 61.2103 61.3955 61.538 61.3473 61.1938 61.1465 61.248 61.1739 61.0617 61.0304 61.0163 61.1637 60.9615 60.9926 61.1287 
46.0259 45.7991 45.8708 45.8774 45.9956 45.8508 45.8343 45.6797 45.8867 45.6746 45.6582 45.4953 45.7825 45.5775 45.5893 45.5844 
33.4653 32.7986 32.4025 31.9619 33.2604 32.7735 32.3847 31.7548 33.1574 32.5895 32.191 31.524 33.155 32.5967 32.109 31.4947 
13.3079 10.6193 9.21756 7.15341 13.0273 10.729 9.00656 7.59167 13.5999 10.5254 8.81097 7.32907 13.4845 11.0097 8.396 7.0736 
4.39163 3.75326 2.57761 1.69473 4.06472 3.29524 2.83844 1.76998 3.82279 2.91155 2.62293 2.01025 3.8514 2.78952 2.21694 1.79561 
146.703 146.957 146.532 146.168 146.134 146.197 145.683 145.255 144.879 144.884 144.572 144.722 144.105 144.097 144.189 144.766 
142.608 142.652 141.894 141.71 141.954 142.425 141.029 141.04 141.235 141.584 141.006 140.234 142.287 141.98 141.849 140.627 
138.404 137.785 137.174 137.064 138.762 138.197 137.524 137.184 139.083 138.566 137.915 137.577 139.085 138.652 138.728 138.131 
132.762 132.391 131.324 130.948 133.358 134.558 132.803 132.105 134.124 134.368 133.486 133.333 137.32 134.915 134.437 136.215 
130.84 130.666 129.639 129.313 131.299 132.806 131.147 130.354 132.097 132.321 131.785 131.818 135.53 133.128 132.501 134.626 
128.016 127.876 126.718 126.451 128.64 129.695 128.16 127.633 129.158 129.132 128.882 128.934 132.571 130.338 130.184 132.174 
112.292 111.86 111.605 112.125 112.366 112.369 112.082 112.539 112.562 113.184 113.954 114.7 113.696 114.061 114.797 115.371 
86.06 85.9365 86.0528 86.3397 86.5897 86.3983 86.8122 87.0835 87.2555 87.2391 87.7494 88.0044 87.9045 87.9884 88.3484 88.339 
72.9108 72.9221 73.1152 73.294 73.4387 73.4113 73.5778 73.6735 73.8777 73.8638 73.9911 74.0332 74.191 74.1679 74.246 74.3046 
62.8547 62.6557 62.7868 62.9203 63.0285 62.8194 62.917 62.9744 63.1493 63.0195 63.0335 63.0697 63.2632 63.0629 63.079 63.1784 
53.2291 52.9896 52.9098 52.8145 53.167 52.9159 52.6166 52.5234 53.0831 52.8227 52.5355 52.2282 52.8713 52.6941 52.3877 52.1165 
32.1675 29.1273 27.4738 25.0203 31.8398 29.2599 27.2408 25.4238 32.5596 28.984 26.9286 25.125 32.3458 29.516 26.4719 24.7866 
20.9769 17.1596 14.4299 11.0241 20.4226 16.9443 14.2885 11.6141 20.9474 16.4067 13.8527 11.4312 20.8555 16.9573 13.0776 10.8654 
12.2543 9.44146 7.59969 5.14679 11.8738 9.39469 7.47058 5.67318 12.3257 8.98944 7.22748 5.5188 12.2179 9.38965 6.64414 5.17942 
150.499 150.444 150.402 150.142 149.904 149.52 149.647 149.442 148.758 148.374 148.11 148.637 148.155 147.673 147.399 148.152 
148.131 148.263 148.142 148.021 148.043 147.851 147.84 147.697 147.898 147.758 147.754 147.882 147.928 147.668 147.578 147.861 
141.977 141.455 141.199 141.355 142.623 142.135 141.969 141.979 143.065 142.757 142.574 142.636 143.598 143.157 143.608 142.923 
138.416 138.432 137.927 138.115 141.233 141.605 140.668 141.494 142.163 142.522 142.569 142.817 141.837 142.467 142.215 142.065 
131.519 131.833 131.264 131.248 132.795 134.702 133.391 133.071 134.136 135.062 134.862 134.813 137.633 135.727 135.573 137.57 
123.474 123.415 123.884 124.306 126.583 127.261 127.255 127.619 128.865 129.441 129.498 128.723 130.628 131.106 130.588 130.161 
103.454 103.099 103.444 103.201 106.362 106.387 106.344 105.892 108.318 108.201 108.106 107.289 110.005 109.92 109.466 108.866 
83.8447 83.681 83.6347 83.3439 85.15 85.0039 84.7193 84.5687 86.6597 86.4291 86.3732 86.0283 87.5935 87.8213 87.7811 87.4648 
80.694 80.6813 79.9277 78.4154 82.8639 82.5661 81.1557 78.9424 83.8481 83.9777 83.0583 80.38 84.048 83.6089 83.3122 82.1978 
70.5314 70.2858 70.1959 70.029 71.2074 71.1134 70.7473 70.6031 71.9858 71.9522 71.5323 71.2035 72.2702 72.3988 72.0308 71.9958 
63.1284 62.5739 62.5388 62.8238 63.6174 62.5317 61.8541 62.3842 64.324 63.1416 62.1979 62.2901 64.433 63.5115 63.1507 63.0809 
51.4679 51.784 51.4872 51.358 51.6071 52.3074 51.8537 51.0759 52.0448 52.0196 51.3873 50.4576 51.8196 51.9591 51.5935 49.987 
28.5123 25.9877 24.4424 22.0586 28.1869 26.1398 24.1594 22.5395 28.8081 25.8185 23.9015 22.2415 28.7011 26.3893 23.4116 21.9011 
23.0966 22.8676 21.4152 20.3229 22.578 22.3363 21.7479 20.4574 22.3124 21.8474 21.5524 20.7526 22.4035 21.6986 21.0212 20.5021 
154.886 155.057 155.324 155.087 154.731 154.783 155.305 154.881 154.359 154.7 154.641 154.464 153.983 153.689 153.401 153.794 
152.472 152.327 152.301 152.146 152.669 152.503 152.667 152.337 152.444 152.708 153.015 152.853 152.5 152.312 152.26 152.567 
146.334 146.257 145.893 146.005 149.006 149.217 148.679 149.455 149.432 150.066 150.636 150.748 149.562 150.083 150.184 149.946 
143.5 143.584 143.927 143.887 145.688 147.031 146.94 147.76 146.36 148.364 149.989 149.75 146.637 148.876 149.905 150.013 
138.409 139.4 139.845 140.55 141.09 142.657 142.678 144.274 142.296 143.866 145.08 145.609 142.344 143.831 144.596 144.736 
124.615 125.815 127.122 127.819 126.861 128.152 128.949 129.73 128.535 129.648 130.699 130.73 129.283 130.123 130.788 131.12 
114.934 115.255 116.356 116.097 117.69 117.099 116.858 116.705 118.853 117.98 118.166 117.252 119.743 119.506 119.406 118.379 
88.8362 88.558 87.7943 86.4138 91.1442 90.5635 89.1228 86.8753 92.3891 92.3594 91.3622 88.3796 92.7544 92.2644 91.8569 90.4589 
82.476 82.2239 81.2742 79.7108 84.6096 84.1673 82.4782 80.1691 85.6142 85.7022 84.4628 81.644 85.7352 85.2993 84.7331 83.5924 
74.2611 73.5421 73.0689 72.6367 75.4869 74.2241 72.7927 72.2516 76.5442 75.5287 74.0285 72.75 76.6745 75.6575 75.0806 74.5059 
67.5814 67.1879 66.8568 66.9199 68.0425 67.3712 66.2692 66.3868 68.9328 67.9307 66.5669 66.122 68.9605 68.25 67.6085 66.759 
64.019 64.1427 64.0686 64.4395 64.2948 64.1086 63.3528 63.6558 65.0367 64.4222 63.4115 63.2459 65.0443 64.6806 64.2955 63.7011 
52.6943 56.1853 56.0014 56.028 52.6586 56.6476 56.3953 55.7071 53.0363 56.3595 55.9242 55.1506 52.9437 56.1421 55.9709 54.5054 
42.0648 45.3027 45.3761 45.6154 41.7884 45.3302 45.3703 45.761 41.7931 45.2714 45.4944 45.6883 41.9676 45.2926 45.3039 45.5722 
160.384 160.979 160.56 161.449 160.467 161.857 162.52 162.876 160.76 162.475 162.837 162.723 160.975 162.094 162.029 161.345 
156.295 156.815 156.995 157.269 156.559 157.412 157.605 157.642 157.29 158.423 158.768 158.643 157.765 158.28 158.51 158.449 
153.536 155.465 155.827 156.024 154.55 156.524 156.499 156.6 155.706 155.786 155.69 157.51 155.881 156.529 160.01 160.826 
146.41 146.469 146.957 147.088 147.932 149.229 149.769 150.386 148.61 150.293 152.159 152.122 148.955 151.17 152.677 153.033 
143.596 144.129 146.584 146.732 144.12 144.804 146.45 147.097 144.386 146.9 147.546 146.127 144.314 148.701 148.96 147.646 
127.109 127.68 129.503 129.317 128.901 128.712 128.903 128.864 129.406 129.07 129.658 128.834 129.845 130.167 130.324 129.629 
119.094 119.223 120.246 119.919 121.166 120.392 120.302 119.989 122.066 121.297 121.176 120.036 122.28 121.991 121.93 120.794 
110.473 109.82 110.085 109.899 112.664 111.159 110.443 109.989 113.372 111.925 111.481 110.317 113.897 113.12 112.686 111.369 
86.1933 85.7778 84.8153 83.1952 88.1911 87.4569 85.7798 83.1856 88.906 88.784 87.5286 84.1614 88.7252 88.0748 87.542 86.0968 
82.8637 81.3549 80.509 79.5919 82.9463 81.842 80.6248 79.0291 82.636 82.1824 81.1119 78.7542 82.2424 82.0037 81.2276 79.6473 
73.6585 72.458 71.6136 71.4428 73.6729 71.9711 70.506 70.4923 73.6773 72.0885 70.6667 70.1938 73.8129 72.6567 71.6867 71.1161 
68.9969 70.1841 69.4705 68.6904 68.4331 69.9745 69.4977 68.2472 68.4748 68.795 68.3701 67.4342 68.1417 68.897 68.3817 66.6264 
65.093 68.846 68.7992 68.6847 64.5829 68.5168 68.4467 68.3905 64.3416 68.2572 68.1126 68.0124 64.3543 68.0248 67.7787 67.6611 
65.4855 69.3425 69.4993 68.8007 65.7215 69.0298 69.3219 69.1023 65.9579 69.3798 69.5657 69.7376 67.2536 69.6158 69.6936 69.9546 
165.288 166.124 165.559 167.261 165.625 167.508 167.728 168.856 166.545 168.602 168.883 169.068 167.703 169.08 169.178 168.124 
161.942 163.341 163.205 164.011 163.015 164.658 164.092 164.488 164.349 164.772 163.74 165.113 165.014 165.651 167.636 167.515 
158.186 159.755 160.09 160.531 159.318 160.588 160.21 160.557 160.582 159.735 159.113 161.512 160.723 160.828 164.094 164.744 
151.123 152.306 154.184 153.976 152.646 152.786 153.939 154.297 153.247 153.38 153.247 152.783 152.559 155.92 157.162 155.705 
145.834 146.078 148.611 148.628 146.847 146.962 148.055 148.321 147.126 148.485 148.175 146.701 146.768 150.225 150.012 148.443 
137.829 137.951 140.035 139.732 138.964 138.594 139.276 139.489 138.849 140.13 139.223 137.635 138.335 141.303 140.697 139.081 
122.844 122.812 123.414 122.969 124.272 123.411 122.694 122.464 124.339 123.497 122.984 122.114 124.267 123.781 123.512 122.614 
116.151 115.208 114.44 113.773 116.445 115.345 114.723 113.955 116.573 115.647 114.808 113.796 116.517 115.329 114.553 113.977 
103.717 101.835 100.175 99.4688 103.806 102.102 100.176 98.8347 103.503 102.292 100.539 99.4416 103.314 101.504 99.6547 99.3772 
88.4251 86.1972 84.0677 83.2702 87.5426 85.4848 83.4847 82.3765 85.7571 84.2498 83.2039 82.0219 85.9615 84.8653 83.3896 82.6419 
83.1623 81.7337 79.6894 78.3802 81.9917 80.3258 78.8096 77.7993 80.2643 78.2863 77.6413 77.4489 80.4552 79.425 78.0189 77.3963 
80.7465 79.7817 78.4184 78.1133 79.5731 78.4469 77.6934 77.4409 78.2574 76.775 76.5343 76.9406 78.3225 77.3856 76.4332 76.6206 
78.4538 79.9447 79.8848 79.7201 78.6764 79.3026 78.7128 78.8133 78.628 78.7606 78.1678 77.7755 79.093 79.3025 78.691 77.7505 
73.3531 75.1878 75.8171 75.6941 73.5657 75.0169 75.7388 75.948 73.9862 75.4217 76.0083 76.4884 75.1642 75.6942 76.114 76.7052 
175.949 175.682 175.286 176.2 176.185 176.709 176.517 177.179 177.581 178.452 178.053 177.908 178.958 179.568 179.529 178.389 
173.58 172.666 172.833 173.711 173.741 173.218 172.685 173.524 175.481 175.355 174.707 174.981 176.58 176.892 176.311 175.835 
166.134 166.926 166.869 167.133 167.312 166.864 166.671 166.954 168.501 166.369 166.428 167.324 168.541 168.47 170.298 169.856 
161.576 161.154 160.925 160.439 162.868 160.123 160.877 160.446 164.154 159.065 161.049 160.135 162.511 162.532 163.159 161.454 
151.376 151.304 152.497 152.037 152.915 151.388 152.141 152.024 153.454 152.267 152.126 150.235 152.336 155.2 154.555 152.102 
143.763 142.37 142.142 141.614 144.552 142.91 141.112 140.453 144.758 142.956 141.216 140.133 144.361 143.124 142.134 141.459 
129.489 128.646 127.794 126.95 129.985 128.749 127.369 126.673 129.924 128.997 127.084 126.178 129.395 128.452 127.444 126.668 
120.195 117.923 115.932 114.698 120.108 117.982 115.305 113.709 120.19 118.237 115.648 114.052 119.718 117.676 115.056 114.104 
107.894 105.456 103.279 102.262 107.859 105.705 103.198 101.5 107.359 105.682 103.564 102.264 106.813 104.675 102.043 101.989 
98.7585 96.8836 95.257 94.4904 99.1216 97.4601 95.0175 93.5595 98.6925 97.3332 95.2733 94.0116 98.1905 96.6855 94.6594 94.3207 
87.9973 86.5295 84.8006 84.5007 87.7332 86.0695 84.5252 84.0326 86.2633 84.935 83.9059 83.6006 86.6246 85.6833 84.4121 83.8706 
83.3822 83.7233 83.3725 83.3579 83.3635 82.8851 82.0851 82.1881 82.8556 81.8231 81.0716 80.743 82.5919 82.288 81.521 80.4454 
81.8643 82.4753 82.535 82.9655 82.0315 82.0212 81.4332 81.9053 81.8696 81.4752 80.8503 80.5381 81.8622 81.9671 81.4291 80.424 
79.3082 80.841 81.0805 81.3165 79.7462 80.3548 80.0243 80.524 79.7379 80.0572 79.7146 79.5606 80.3764 80.7568 80.492 79.6353 
186.585 186.302 186.692 187.099 186.571 186.656 187.071 187.126 188.134 188.347 188.38 188.2 189.102 189.322 189.36 188.693 
185.666 185.364 185.486 186.552 186.465 186.138 185.881 186.435 187.697 187.982 187.727 187.792 186.896 187.967 189.009 187.868 
181.815 181.578 182.299 182.561 182.067 181.318 181.792 182.432 181.96 181.366 182.486 182.774 182.063 182.504 183.13 182.452 
175.562 173.787 175.403 174.825 176.973 177.393 176.189 173.301 177.869 176.829 175.872 173.56 175.238 176.681 175.141 173.773 
161.522 159.972 158.665 157.727 162.068 160.531 158.2 156.644 162.051 159.778 157.733 156.106 161.327 159.9 158.172 156.997 
152.174 149.701 147.87 146.986 152.415 150.487 147.552 146.148 152.163 150.33 147.472 146.388 151.968 150.517 148.846 146.676 
136.764 134.886 132.703 131.173 137.304 135.242 131.846 130.483 137.321 135.059 131.831 130.107 136.716 134.901 132.714 130.62 
128.479 125.223 122.469 119.98 128.478 125.187 121.453 119.53 128.648 125.641 121.605 119.099 128.249 125.441 121.988 119.574 
114.364 112.045 108.839 108.21 115.045 112.181 110.078 108.195 115.145 112.931 110.381 109.563 114.621 113.4 110.411 109.658 
100.344 98.221 96.6499 97.0555 101.505 99.9979 98.1538 97.6963 102.044 100.76 99.1121 97.6548 102.654 101.446 100.618 99.5764 
92.8141 92.0157 91.4958 91.3442 93.5808 92.6824 92.145 91.5134 93.4109 92.8087 92.1724 91.2268 93.58 93.1464 92.6211 91.5824 
90.3982 90.3413 90.1577 89.7275 90.136 89.7286 89.8899 88.8982 89.9229 89.3027 89.2807 88.6025 89.8522 89.1625 88.8763 88.6918 
84.1726 84.756 84.9083 85.2891 84.3178 84.2832 83.8 84.291 83.9963 83.7428 83.2091 83.0165 83.9753 84.1555 83.7506 82.8434 
82.0815 84.1635 85.3422 86.5124 81.6789 84.072 85.5969 86.8586 81.7333 84.3926 85.7302 86.8123 81.7906 84.3683 85.5748 86.5543 
196.486 196.125 196.185 196.812 196.649 196.875 196.852 196.922 197.604 198.037 198.023 198.345 197.43 198.137 199.143 198.534 
194.263 194.42 194.202 194.75 194.84 195.189 195.059 194.759 195.436 196.179 196.635 195.646 194.392 195.263 196.291 194.945 
196.071 197.479 195.825 196.029 195.798 196.105 195.969 197.088 195.539 195.53 196.903 199.311 195.488 195.719 196.692 196.441 
183.763 181.479 184.002 183.274 185.472 186.871 185.4 181.823 186.589 186.454 184.907 182.124 183.24 185.041 183.148 181.684 
176.817 174.427 176.413 175.46 178.812 179.679 177.482 173.393 180.026 179.218 176.545 173.584 176.747 177.573 174.711 173.443 
159.21 157.607 156.369 155.315 159.73 158.471 156.012 154.739 159.182 157.84 155.712 154.557 158.832 157.654 156.035 154.601 
148.537 148.784 148.522 146.168 146.96 148.1 146.874 144.887 146.873 146.718 145.481 144.356 148.192 147.374 146.273 144.743 
126.585 125.617 123.119 122.447 127.019 125.437 123.691 122.343 126.835 125.063 123.141 122.939 126.31 125.646 123.686 123.062 
116.009 114.619 112.036 112.241 116.702 114.916 113.479 112.711 116.796 115.143 113.511 113.384 116.711 116.061 114.327 114.236 
109.529 108.029 107.218 107.999 110.784 108.808 108.563 109.288 111.608 110.221 108.358 108.906 111.796 110.367 108.926 110.299 
95.5986 95.2436 94.6112 94.1281 95.6925 95.1799 94.8253 93.5436 95.9852 95.0998 94.8855 93.5383 96.5099 95.4908 95.0718 94.521 
93.5046 93.4757 93.3119 92.541 92.9516 92.6592 92.8051 91.7574 92.8006 92.1969 92.2664 91.6122 92.8226 92.1132 91.7914 91.5914 
91.104 91.5045 91.7893 91.3683 90.4268 90.5325 91.2836 90.6727 90.402 90.1388 90.7953 90.576 90.5511 90.1293 90.4318 90.6748 
88.2265 90.2719 91.783 92.5076 87.8503 90.1935 91.6658 92.7618 87.7944 90.2206 91.5303 92.7348 88.364 90.2173 91.3376 92.5769 
209.254 209.334 208.959 209.044 208.441 209.256 209.833 208.912 207.855 208.84 209.095 208.749 208.89 209.102 208.782 208.811 
206.671 207.749 205.355 205.767 206.005 205.6 206.288 206.94 204.866 204.214 205.969 207.981 205.473 204.495 205.092 205.039 
202.156 203.943 202.543 202.719 201.437 202.11 202.439 203.465 200.925 201.202 202.55 204.877 202.116 201.931 202.263 202.332 
195.78 196.842 196.049 195.996 196.052 196.818 196.346 196.325 196.297 195.894 196.121 197.995 195.996 196.074 195.419 195.451 
178.144 177.935 177.42 176.773 179.545 178.041 176.856 176.342 180.114 178.085 176.087 175.662 179.423 177.411 175.282 175.783 
164.93 165.791 165.661 163.716 164.004 164.741 164.224 162.591 163.824 163.607 162.981 161.788 164.531 163.575 162.626 162.277 
155.305 156.369 156.613 154.201 153.927 155.314 154.918 153.009 153.64 153.68 153.185 152.057 154.301 153.939 153.128 152.557 
142.627 143.714 144.055 141.923 140.879 142.509 142.34 140.729 140.81 141.007 140.781 139.852 142 141.448 140.877 140.479 
116.697 115.773 115.527 116.306 117.465 115.88 116.285 117.234 118.001 117.012 115.562 116.519 118.024 116.803 115.673 117.47 
112.473 111.538 111.494 112.425 113.295 112.353 111.674 113.563 114.406 113.383 111.814 113.163 114.934 113.125 112.553 114.79 
106.897 105.914 106.039 106.4 107.588 106.309 106.258 107.103 108.055 107.312 105.733 106.168 108.02 106.746 105.681 106.968 
97.9338 97.0716 97.1372 96.9707 97.3751 96.4829 96.4391 95.9937 97.1253 96.0405 96.1824 95.0793 96.3239 95.8524 95.2278 94.6931 
94.2448 94.606 95.1879 95.133 93.7319 94.1596 94.7468 95.0957 93.2753 93.6346 94.1704 94.6255 93.0979 93.3647 93.8995 94.3105 
92.8175 93.9326 95.3131 95.7038 92.5257 93.8724 95.1355 95.8403 92.2605 93.5224 94.9204 95.7475 92.6225 93.2645 94.5074 95.565 
225.46 223.337 221.742 222.326 224.227 222.562 223.246 222.63 222.268 221.613 222.57 221.283 222.91 222.076 221.58 220.027 
221.787 220.706 219.284 220.142 221.235 220.376 221.241 220.302 219.748 219.226 219.874 217.545 219.971 218.486 218.103 216.619 
210.172 211.447 209.191 209.777 210.073 209.293 209.748 210.476 209.407 208.083 209.482 211.251 210.114 209.168 209.005 208.555 
206.035 206.037 206.946 208.078 207.353 207.502 206.826 205.817 208.569 208.508 205.865 204.634 209.114 208.775 206.066 205.737 
187.804 187.781 187.701 188.335 189.614 188.639 188.071 187.556 190.26 189.118 186.937 186.315 189.506 188.52 185.989 186.38 
174.034 173.608 173.588 172.482 173.875 173.527 173.108 172.363 173.168 172.899 172.108 171.824 172.453 172.41 171.44 171.723 
161.126 162.239 162.674 160.602 159.598 160.998 161.171 159.651 159.865 160.201 159.974 158.879 160.58 160.421 159.835 159.247 
144.189 144.67 145.564 145.198 143.462 143.926 144.736 144.767 143.121 143.363 143.757 144.352 142.922 142.959 143.274 143.907 
121.123 121.49 121.713 122.485 120.83 121.564 120.924 122.409 121.465 121.311 121.505 123.192 121.986 121.386 122.166 123.662 
113.132 112.562 112.945 113.741 113.731 113.078 112.964 114.714 114.739 114.068 112.88 114.407 115.176 113.697 113.288 115.483 
106.618 105.747 105.807 106.119 106.349 105.973 104.939 105.518 106.612 105.656 105.4 105.134 105.959 105.485 104.95 104.95 
101.843 100.832 100.997 101.05 101.454 100.794 100.335 100.251 101.101 100.475 100.222 99.2333 99.9945 99.9706 99.2896 98.5973 
98.9123 98.1324 98.5584 99.085 98.5657 98.1271 98.3096 98.6623 98.2466 97.8255 98.3083 97.6891 97.4063 97.6436 97.4968 97.0732 
95.7157 96.448 97.6576 98.0051 95.3382 96.5057 97.6052 98.1799 95.2811 96.2424 97.4606 97.9859 95.7021 96.2425 97.1256 97.8076 
237.579 235.607 234.92 234.524 235.604 234.926 234.498 235.399 234.515 234.822 235.375 235.645 235.211 236.347 235.862 234.167 
228.742 227.534 226.53 227.081 228.653 227.219 227.308 227.292 227.877 226.821 227.402 226.344 228.033 227.549 227.037 225.692 
222.231 222.992 223.313 223.825 223.789 223.437 222.564 222.605 225.211 223.508 222.598 222.429 225.215 226.581 224.707 223.256 
213.122 214.18 214.128 214.053 215.29 214.955 213.331 212.547 216.982 214.68 213.379 213.134 216.207 217.098 215.044 213.686 
199.539 198.531 197.286 197.755 200.508 199.087 197.86 198.362 200.733 198.874 197.705 198.161 199.072 198.016 197.44 197.94 
180.174 180.036 180.021 179.35 180.308 179.961 179.971 179.745 180.664 180.128 179.898 179.728 180.021 179.928 179.604 179.519 
166.005 167.56 168.393 167.901 165.877 166.876 169.212 169.771 169.773 168.339 171.114 170.356 170.25 170.551 169.943 168.634 
154.149 154.989 156.47 156.379 153.549 153.987 155.538 156.145 154.718 154.277 154.981 155.638 154.536 154.397 154.933 155.133 
127.887 129.303 131.425 134.239 127.115 128.912 130.999 133.38 126.876 128.563 131.122 133.222 127.31 128.763 130.408 133.401 
114.418 115.079 115.467 116.415 114.259 115.271 114.577 116.606 114.877 114.778 115.347 117.511 115.636 115.014 116.071 117.88 
109.619 109.755 109.964 109.727 109.647 109.559 109.368 109.31 109.161 108.927 108.899 108.613 108.89 108.395 108.055 108.165 
104.153 103.19 103.436 103.697 103.879 103.129 102.85 102.932 103.532 102.726 102.849 101.95 102.626 102.403 101.708 101.276 
100.827 101.031 101.445 101.616 100.648 101.066 101.44 101.663 100.746 101.056 101.378 101.424 100.75 100.973 101.171 101.325 
97.9373 98.3714 99.2639 100.035 97.6919 98.4775 99.6255 100.355 98.0322 98.6731 99.8073 100.41 98.4581 99.1154 99.9743 100.486 
249.19 248.543 248.386 248.844 248.897 248.759 248.578 249.121 248.997 249.208 249.239 249.511 249.121 249.679 249.514 249.134 
237.684 237.258 237.712 238.147 237.696 237.4 237.892 238.309 238.539 238.214 238.323 238.939 239.107 239.668 238.835 238.937 
227.415 228.364 228.331 228.986 229.334 228.868 228.137 228.58 231.23 229.674 229.414 230.564 231.288 232.796 231.345 231.307 
217.427 218.204 217.974 217.033 219.273 219.368 218.41 218.015 219.389 218.466 219.596 220.544 219.968 220.151 220.486 220.415 
203.145 202.678 202.588 202.842 204.008 203.247 203.671 204.445 204.424 203.622 204.689 206.006 203.652 203.425 204.769 205.842 
179.171 180.608 180.748 181.333 179.748 180.513 182.902 184.513 183.666 182.226 185.185 185.304 183.528 184.034 184.218 183.763 
165.579 168.589 170.066 170.332 165.669 167.701 171.548 172.77 171.076 170.055 174.13 173.374 171.933 172.948 172.993 171.533 
151.002 153.819 155.294 156.432 150.173 152.954 156.99 158.237 154.077 153.844 158.962 159.359 155.045 156.212 157.31 156.398 
126.465 127.481 129.576 131.543 124.396 126.589 129.051 131.772 122.518 126.291 129.11 130.856 122.773 125.111 128.587 130.233 
114.21 116.185 118.444 122.372 113.611 116.301 118.259 121.319 113.067 115.768 118.646 121.03 113.22 115.547 117.642 121.477 
110.807 110.729 111.08 110.909 109.925 110.82 111.491 111.102 109.66 110.882 112.205 112.579 111.148 111.485 111.433 111.887 
106.128 106.407 106.629 107.151 106.29 106.509 106.533 106.82 106.156 106.449 106.731 107.157 106.1 106.188 106.542 106.991 
102.476 102.961 103.492 103.949 102.366 103.026 103.724 104.059 102.566 103.191 103.838 104.339 102.764 103.172 103.815 104.359 
99.1387 100.573 101.662 102.624 99.039 100.736 102.124 103.141 99.4592 101.096 102.321 103.315 100.017 101.349 102.405 103.469 
253.614 253.07 253.035 253.244 253.429 253.377 253.588 253.512 253.679 253.675 253.888 253.753 253.776 253.785 253.742 253.414 
251.124 251.431 251.058 251.682 251.327 251.421 251.417 252.095 251.916 251.766 252.127 252.676 252.113 252.266 252.338 252.574 
227.66 228.75 228.323 227.374 229.818 230.286 229.568 229.644 230.081 230.004 231.864 233.071 231.367 232.024 232.727 232.67 
217.659 219.58 219.331 217.525 219.843 221.396 221.057 220.938 218.949 219.881 224.01 226.295 220.757 221.752 224.657 225.144 
211.192 213.415 213.272 211.829 213.807 215.078 215.055 215.451 212.821 213.01 217.027 219.852 214.348 215.297 217.983 218.746 
187.011 195.644 200.651 199.26 184.674 195.792 200.778 198.561 184.937 194.64 200.255 200 186.823 196.062 200.467 200.498 
155.569 160.543 162.457 162.358 154.024 159.561 164.469 164.194 158.611 160.248 166.175 165.41 159.959 163.127 164.353 162.154 
135.111 135.534 136.72 136.288 132.4 134.168 136.718 137.121 130.282 133.306 135.501 136.48 130.485 131.78 135.01 133.942 
130.776 131.038 132.287 132.618 128.095 129.97 132.297 133.185 125.913 129.159 131.487 132.645 126.333 127.68 130.834 130.503 
117.577 117.264 117.777 117.148 115.564 116.896 118.061 117.92 114.549 117.025 118.646 119.036 116.03 117.015 117.914 117.81 
111.074 110.986 111.321 111.4 109.963 111.069 111.812 111.54 109.712 111.282 112.696 113.265 111.092 111.836 112.001 112.469 
109.227 109.228 109.521 109.638 108.18 109.343 110.08 109.756 108.166 109.809 111.157 111.79 109.641 110.469 110.684 111.071 
103.216 104.858 105.606 106.981 103.108 104.777 105.801 106.951 103.302 105.237 106.267 107.523 103.493 105.044 106.143 107.261 
99.8167 102.306 103.818 105.323 99.3865 102.262 104.283 105.793 99.46 102.345 104.408 105.984 99.7295 102.341 104.27 105.78 
