10868000
145.45 145.443 145.581 144.994 144.707 145.354 145.563 145.944 144.373 145.731 145.804 145.664 145.523 145.142 146.109 146.059 
125.323 124.916 125.126 124.576 124.196 124.887 125.36 125.204 123.865 125.551 126.288 126.342 125.465 125.541 126.11 126.151 
110.278 109.981 110.087 109.505 109.086 109.942 110.43 110.256 108.637 110.303 111.103 111.308 110.159 110.435 110.816 111.07 
77.8773 77.7408 77.8094 77.507 77.0611 77.5789 77.8819 77.5132 77.0151 77.7426 78.2998 78.3062 77.9413 78.1358 77.833 77.7912 
190.894 191.157 191.414 191.336 190.855 191.113 191.074 191.45 191.241 191.598 191.834 191.9 191.856 192.67 192.412 191.665 
170.921 172.306 170.768 170.519 170.084 170.578 170.69 172.086 169.502 169.907 171.105 173.497 170.723 170.257 171.189 171.555 
102.656 102.377 102.519 102.107 101.957 102.284 102.441 101.95 101.956 102.802 103.17 102.974 102.967 103.218 102.87 102.576 
67.8372 67.7948 67.8652 67.9453 67.6441 67.6507 67.6455 67.6851 67.7266 67.6279 67.5083 67.2393 67.7927 67.6902 67.3664 67.1183 
221.321 222.451 220.992 221.649 220.997 221.42 221.472 222.911 220.794 220.883 222.169 224.385 221.796 221.947 222.166 222.132 
201.92 203.111 201.499 201.634 201.513 201.332 201.419 202.663 200.924 200.677 201.943 204.219 201.739 201.59 201.966 201.8 
180.747 182.141 180.545 180.507 180.399 180.466 180.641 181.582 180.011 179.901 181.107 183.395 180.644 180.596 181.062 181.168 
107.07 107.264 107.567 107.278 107.229 107.172 107.005 106.873 107.297 107.265 106.897 106.534 107.429 107.736 107.175 106.44 
237.803 237.14 237.022 237.915 237.845 237.443 237.452 238.057 237.747 237.888 238.244 238.132 238.183 238.578 238.348 237.833 
219.449 220.138 218.467 219.267 218.964 218.801 219.104 220.378 218.473 218.426 219.771 221.988 219.21 219.176 219.631 219.852 
194.868 194.139 193.854 193.902 195.082 194.009 194.252 193.677 194.852 194.518 194.668 193.774 194.791 194.823 194.636 193.9 
160.057 159.906 159.91 159.894 160.605 160.597 160.738 160.161 160.593 160.646 160.777 160.367 160.59 160.762 160.779 160.411 
