10868000
253.733 253.245 253.198 253.408 253.594 253.594 253.762 253.693 253.85 253.9 254.091 253.903 253.93 253.95 253.932 253.577 
249.863 249.837 249.635 250.42 249.829 249.51 249.399 250.611 250.351 249.902 249.892 250.856 250.582 250.881 250.578 250.633 
233.318 232.077 231.731 231.311 232.862 231.083 229.997 231.924 232.861 231.055 231.341 233.129 233.497 235.873 234.143 231.629 
222.271 222.58 222.584 223.409 223.162 222.256 220.832 221.83 224.978 222.259 221.586 222.728 225.909 228.222 225.459 223.417 
211.075 212.428 213.248 213.897 213.208 213.396 212.773 212.248 215.776 213.862 212.79 212.782 216.214 218.728 215.677 213.605 
196.56 196.337 197.312 198.214 196.97 197.564 197.938 197.546 198.78 199.305 198.338 197.352 199.987 200.44 198.953 197.922 
176.23 176.812 176.963 177.144 176.23 176.816 177.308 177.507 176.716 177.222 177.612 177.255 177.173 177.712 177.969 177.075 
158.192 160.304 161.21 160.045 157.669 159.283 159.924 158.962 158.181 157.938 158.183 158.173 158.802 158.889 160.056 159.613 
149.712 151 153.465 152.702 149.497 150.683 152.087 151.928 149.038 151.316 151.392 149.988 149.134 152.784 152.721 151.229 
145.924 147.602 150.229 149.585 145.738 147.28 149.015 148.987 145.631 148.325 148.529 147.032 145.774 149.844 149.823 148.274 
138.5 139.812 142.515 143.32 139.18 140.45 142.4 143.665 139.309 142.124 142.895 142.467 139.053 143.508 144.265 143.435 
126.63 127.214 128.348 129.337 131.32 132.147 133.316 134.698 132.655 133.941 134.982 135.528 133.495 135.075 135.632 136.079 
120.054 119.932 121.764 122.64 128.455 129.543 129.925 130.526 130.997 131.492 132.032 131.895 133.088 133.066 133.601 134.22 
249.535 249.201 249.041 249.782 249.649 249.755 249.725 250.007 250.005 250.323 250.452 250.499 250.142 250.352 250.359 250.259 
238.21 237.169 236.937 236.747 237.437 236.788 236.656 237.659 237.215 237.293 237.804 238.717 237.629 239.06 238.644 238.099 
234.187 232.855 232.178 231.927 233.235 231.984 231.212 232.783 233.293 232.625 232.53 234.225 233.62 235.076 234.024 233.267 
221.669 221.015 220.455 219.346 221.917 220.99 219.75 220.051 222.197 221.262 220.779 221.205 222.106 224.192 222.701 220.567 
200.908 200.436 200.328 201.932 202.242 202.317 200.914 201.405 204.618 204.992 203.235 202.673 204.156 205.23 204.593 203.131 
186.715 186.814 187.684 189.118 189.322 188.823 189.457 189.236 191.245 191.261 189.527 188.515 192.023 191.637 189.538 188.902 
167.098 168.729 169.249 169.772 168.014 168.854 170.385 171.045 171.382 169.874 171.79 171.397 172.199 172.356 172.637 171.549 
159.386 160.697 161.138 161.493 160.311 160.832 161.117 161.303 160.742 159.224 159.587 160.823 160.398 160.327 162.874 162.858 
153.682 155.72 156.572 155.24 153.067 154.883 155.363 154.263 153.427 153.382 153.766 153.59 153.837 154.143 155.388 154.962 
142.307 142.935 145.189 145.466 142.194 143.126 145.223 145.368 141.392 143.584 144.447 144.058 141.354 144.824 145.754 144.094 
129.644 130.475 130.904 131.61 129.288 130.4 131.004 131.875 129.129 130.739 132.094 133.453 129.649 130.799 132.49 133.658 
124.531 124.77 125.68 126.433 125.445 125.972 126.654 127.503 126.714 127.644 128.187 128.266 127.875 128.611 129.061 129.256 
117.512 117.708 118.794 119.872 123.878 124.816 125.228 126.264 126.142 127.592 127.726 126.894 127.976 129.254 128.834 128.536 
232.526 231.597 231.152 231.213 232.588 233.088 233.012 232.442 232.37 233.341 233.983 233.198 232.507 232.874 233.377 233.363 
228.253 227.533 226.68 227.262 228.273 227.293 227.996 227.547 227.275 226.767 227.832 227.136 228.002 226.919 226.905 226.724 
223.532 222.572 222.353 221.055 222.572 222.202 221.751 221.641 221.446 221.578 221.86 221.854 221.733 222.754 222.149 221.08 
203.924 205.499 203.343 203.134 203.164 203.352 203.074 204.392 202.981 202.518 203.807 206.531 203.434 203.019 203.759 204.098 
195.548 195.512 195.158 196.085 196.75 196.683 196.245 196.102 198.286 198.628 197.49 196.874 197.583 198.083 198.142 197.235 
178.145 178.947 178.923 179.416 178.835 179.255 179.861 180.593 182.733 181.79 183.012 181.917 183.394 183.714 183.326 181.645 
167.627 169.265 169.523 169.552 168.11 168.932 170.88 171.656 172.088 171.043 173.376 172.554 173.4 173.539 173.05 171.421 
160.223 161.833 162.188 162.314 160.796 161.866 163.418 163.877 164.207 162.617 164.877 164.562 164.683 164.888 165.382 164.129 
144.392 144.439 144.779 145.093 143.554 144.652 145.98 145.411 142.537 143.477 144.966 146.043 142.899 142.859 144.704 143.441 
138.515 138.736 138.996 139.283 137.531 138.665 140.159 139.645 136.654 137.67 139.443 140.868 137.259 137.144 138.861 137.74 
128.08 128.319 128.557 129.278 126.887 128.284 129.554 129.524 126.571 127.567 129.276 131.334 128.127 127.677 129.901 129.601 
114.724 114.443 114.634 114.567 114.031 114.904 115.452 115.086 114.214 115.929 117.177 117.705 116.306 116.907 117.152 117.595 
113.289 114.955 117.102 118.473 114.557 116.891 118.331 119.552 116.339 118.77 120.022 120.566 118.209 120.184 121.174 122.06 
221.007 220.596 219.315 220.149 221.927 221.283 222.489 221.142 220.498 220.116 222.547 220.966 221.137 219.687 220.804 219.88 
220.148 219.438 218.661 218.836 220.6 219.888 220.633 219.544 218.94 218.499 220.061 218.762 219.715 218.356 218.767 217.841 
209.12 210.409 207.879 207.853 208.59 208.026 208.53 209.254 206.997 205.89 208.099 210.399 208.092 206.317 206.957 207.012 
202.114 203.753 201.596 201.117 201.233 201.205 201.432 202.237 200.193 199.575 201.3 203.867 200.911 200.096 200.798 201.413 
195.899 197.088 194.848 195.089 195.319 195.12 194.55 196.16 195.123 194.727 195.905 198.673 195.448 195.085 196.031 196.078 
176.379 176.22 175.534 174.367 176.79 175.48 174.826 174.49 177.818 176.381 174.971 174.895 177.718 176.046 175.112 175.155 
165.981 167.171 166.978 166.512 166.011 166.534 167.678 168.021 169.663 167.85 169.609 168.452 170.265 169.978 169.014 167.484 
150.123 150.272 149.702 149.331 149.587 150.261 149.373 148.894 149.07 149.452 149.026 148.061 149.92 149.614 149.25 147.881 
140.71 140.741 140.215 140.092 141.4 141.707 140.78 141.284 140.979 141.507 141.314 141.56 140.628 140.911 140.926 140.236 
129.492 129.608 129.589 129.983 128.566 129.645 130.663 130.232 128.263 128.737 130.094 131.707 129.39 128.718 130.674 129.725 
112.81 112.338 112.129 111.977 112.03 112.949 112.576 112.738 112.415 113.499 114.646 115.775 114.633 114.66 114.922 115.804 
110.48 110.128 110.289 110.209 109.657 110.779 110.857 111.035 110.194 111.507 112.703 113.511 112.443 112.692 112.787 113.493 
107.506 108.354 109.44 110.041 106.95 109.087 110.708 110.876 107.466 110.169 112.099 112.989 109.618 111.443 111.994 112.737 
214.847 214.66 214.108 214.584 214.656 215.683 216.495 216.482 214.132 215.454 217.243 217.785 214.545 215.619 217.896 218.496 
212.2 211.768 211.284 211.943 212.984 212.217 213.628 212.742 211.48 210.927 213.072 212.309 211.96 210.941 211.876 210.917 
196.756 196.038 196.582 196.32 197.286 197.648 197.22 195.529 196.885 196.837 196.399 195.278 195.714 195.923 195.552 195.041 
196.773 197.851 195.885 195.305 195.854 195.321 195.421 196.378 194.812 194.122 195.659 198.412 195.469 194.743 195.226 195.822 
181.245 179.927 179.147 178.045 181.057 179.507 178.476 177.691 180.76 179.851 179.432 178.894 180.795 180.204 179.581 179.257 
168.572 167.178 166.186 164.861 168.471 166.786 165.091 164.252 168.699 166.741 164.918 164.122 168.621 166.749 165.12 164.718 
152.331 151.792 150.742 149.909 151.961 151.418 149.689 148.963 151.236 150.363 149.112 148.12 151.62 150.463 149.415 148.293 
142.003 141.695 140.457 140.055 141.3 141.459 139.613 139.02 140.389 140.601 139.268 137.869 141.152 140.635 139.765 138.376 
132.219 132.22 131.28 130.93 131.818 132.503 130.828 130.198 131.225 131.777 130.696 129.324 131.723 131.707 131.258 129.567 
108.472 108.485 108.394 108.382 108.511 108.518 108.362 108.307 108.426 108.487 108.434 108.386 108.494 108.659 108.741 108.642 
103.662 103.518 103.477 104.071 104.028 104.476 103.567 104.871 104.816 104.834 104.957 106.025 106.068 105.703 106.229 107.01 
104.792 104.329 104.566 104.312 104.054 104.855 105.528 104.81 104.2 105.631 106.672 106.566 105.984 106.436 106.05 106.003 
88.0405 98.4843 98.9941 99.2904 88.314 99.1025 99.7595 100.131 88.8893 100.242 100.333 100.113 89.6345 100.535 99.6147 99.3276 
191.871 195.25 198.317 199.016 191.615 195.12 198.201 199.463 191.62 194.772 198.261 200.175 191.99 196.859 199.751 200.38 
187.592 186.75 188.597 189.28 188.41 189.648 189.67 188.935 189.337 189.763 189.335 189.072 187.775 189.382 189.004 188.485 
183.206 182.083 183.959 183.656 184.714 185.751 185.047 182.637 185.902 185.797 184.54 182.801 183.078 184.749 183.208 182.31 
178.915 177.795 179.192 178.249 179.841 180.476 179.65 177.069 180.568 180.409 179.427 177.323 178.48 179.839 178.454 177.261 
166.811 165.133 165.378 164.176 167.037 165.739 165.172 163.866 167.232 166.6 165.785 164.917 167.457 166.942 165.54 165.562 
157.214 155.38 154.81 153.985 157.776 155.977 154.161 153.598 158.135 155.933 154.375 153.97 157.739 155.883 154.582 154.399 
148.143 146.116 145.294 144.98 148.489 146.511 144.79 144.364 148.465 146.121 144.338 143.852 148.157 145.837 144.567 144.318 
130.317 129.506 128.343 127.941 129.683 129.469 127.499 126.977 129.043 128.723 127.431 126.261 129.648 128.761 127.538 126.479 
106.618 106.364 105.861 105.392 106.245 106.118 105.49 105.191 105.786 105.84 105.111 104.893 105.426 105.387 105.262 104.865 
95.6298 95.7601 95.7144 95.2194 95.3048 95.1925 95.5201 94.6093 95.1802 94.9319 95.0569 94.4646 95.3393 94.9396 95.044 94.6782 
91.969 91.8466 91.864 91.9174 92.1923 91.9778 92.0525 91.8858 92.02 91.9633 91.8719 91.6547 92.1288 92.2293 92.2327 91.9586 
87.6222 88.6446 88.1962 88.1808 87.7705 88.8483 88.4845 88.2155 87.3167 88.9346 88.3781 88.0037 87.7012 88.9666 88.6186 88.0234 
68.6574 82.9133 82.9455 82.4126 69.0471 82.93 82.9892 83.2406 69.4099 83.7909 83.421 83.5974 70.6514 84.1199 83.5968 83.837 
161.668 165.653 167.823 168.081 160.119 165.388 167.914 168.2 160.566 165.893 169.179 169.489 161.595 167.066 169.52 170.05 
172.481 173.356 174.745 175.491 172.669 173.536 174.837 175.962 172.979 173.832 175.214 176.278 173.115 175.012 175.85 176.093 
172.94 171.998 173.382 173.309 174.118 175.234 174.446 172.464 175.311 175.388 174.297 172.547 173.415 174.785 173.452 172.215 
161.702 161.142 161.426 160.493 162.116 162.075 162.092 160.663 163.103 163.193 162.559 161.529 163.362 163.831 162.382 162.083 
155 154.628 153.844 153.085 155.678 155.544 154.218 153.222 156.532 156.264 155.325 154.076 156.737 156.623 155.6 154.649 
150.485 148.962 147.865 147.056 150.722 149.591 147.66 146.715 151.208 149.97 148.188 146.892 151.288 149.875 148.006 147.297 
127.731 125.375 123.828 123.596 127.86 125.709 123.518 122.94 127.909 125.754 124.009 123.398 127.643 125.438 123.551 123.553 
105.645 103.925 103.2 103.028 105.328 103.939 102.716 102.312 104.931 103.658 102.75 101.704 104.063 103.076 101.666 101.199 
97.7243 97.4073 96.8663 96.0799 96.9963 96.5068 96.2394 95.131 96.6507 96.0192 95.7206 95.1143 96.4693 95.441 95.0315 94.9234 
92.7388 92.7794 92.5681 92.0867 92.1193 91.8636 92.0392 91.4034 91.7787 91.2595 91.3444 91.2204 91.4939 91.0268 91.058 91.0731 
85.469 86.1361 86.1506 86.2751 85.6293 85.5544 85.0239 85.0151 85.4887 84.912 84.3725 83.725 85.5829 85.4464 84.8339 83.6899 
79.7386 80.8997 80.7435 80.1869 79.979 80.5777 80.472 80.1194 79.9068 80.5635 80.439 80.4726 80.5343 80.3993 80.2705 80.4857 
73.3286 76.1613 76.1012 75.6184 73.839 76.0085 76.0478 75.8455 73.9917 76.285 76.13 76.2711 75.2359 76.3944 76.3442 76.4939 
149.146 149.858 150.789 150.598 148.447 149.934 151.279 151.275 148.996 151.252 153.5 153.044 149.531 152.206 153.685 154.149 
154.759 154.748 155.274 155.448 154.384 154.816 155.553 155.984 155.12 155.865 157.123 157.434 155.641 156.455 157.53 157.861 
151.582 151.04 150.915 151.089 152.286 151.931 151.683 151.365 153.475 153.034 152.905 152.642 153.937 153.71 153.245 153.292 
145.807 145.284 144.814 144.3 146.767 145.917 145.097 144.392 148.197 147.169 146.098 145.362 148.834 148.105 147.059 146.412 
136.705 136.027 135.445 134.699 137.971 136.902 135.561 134.606 138.863 137.743 136.727 135.354 139.216 138.502 137.554 136.326 
129.192 127.17 124.386 123.522 129.751 127.279 125.101 123.685 130.433 128.411 125.918 124.698 130.481 129.389 126.724 125.39 
107.636 105.056 103.811 103.676 107.787 105.807 103.817 103.19 108.206 106.235 104.789 102.497 107.871 106.612 104.463 103.001 
101.823 99.8274 99.0638 98.9313 101.782 100.047 98.6372 98.1329 101.614 100.019 99.0289 97.5228 100.542 99.5189 97.7714 97.0917 
95.0557 93.6421 93.3276 93.2736 94.5523 93.3755 92.7533 92.3189 93.92 92.9171 92.5558 91.1758 92.8377 92.5711 91.7179 90.9694 
85.0031 85.5522 85.36 85.3154 84.8177 84.4825 83.8561 83.7907 84.392 83.4651 82.9343 82.3256 84.5255 84.1517 83.3928 82.2338 
82.206 82.8677 82.8018 82.868 82.3496 82.2756 81.5437 81.7433 82.0719 81.5127 80.7937 80.2891 81.7987 81.8024 81.1141 79.9884 
76.6304 77.0086 77.0688 77.5123 77.1013 76.607 75.7597 76.3943 77.3246 76.4346 75.4401 75.0962 77.6068 77.1833 76.4913 75.3978 
71.1647 72.5743 72.7225 72.3211 71.786 72.5546 72.7541 72.5533 72.0926 72.9492 72.947 72.9906 73.1954 73.065 73.0841 73.304 
142.756 143.191 144.047 143.724 142.274 143.378 143.789 144.067 142.456 144.182 145.515 145.132 142.506 144.528 145.505 145.976 
141.791 141.607 142.072 142.077 141.977 141.745 142.16 142.269 142.428 142.694 142.999 143.116 142.887 143.205 143.418 143.72 
135.016 134.83 134.052 133.509 135.754 136.8 135.208 134.478 136.829 136.585 135.849 135.897 140.26 137.581 136.931 138.759 
129.722 129.461 129.74 129.566 131.683 130.429 129.586 129.133 132.965 131.363 130.564 129.895 133.575 132.523 131.642 130.854 
123.737 123.265 122.8 122.313 125.724 124.179 123.058 122.248 126.364 124.801 123.801 122.839 126.57 125.906 124.951 123.798 
116.935 116.21 115.489 114.849 119.283 117.273 115.871 114.916 119.981 117.923 117.002 115.735 120.174 119.41 118.25 116.71 
106.532 104.775 101.95 101.784 107.51 105.461 103.775 102.567 108.063 106.302 104.63 103.949 108.351 107.664 105.665 104.919 
96.0417 93.9672 93.3574 93.2702 96.224 94.6029 93.3225 92.5403 96.1827 94.7934 93.9832 91.7208 95.3775 94.8478 93.5442 92.1685 
85.3444 83.8771 82.096 81.0234 84.5435 83.0151 81.4465 80.3586 83.1064 81.6239 80.8628 79.8328 83.1244 82.384 81.0472 80.211 
82.7518 80.7628 79.1762 78.7599 81.5287 79.6091 78.3478 77.8004 79.6997 78.0123 77.5617 77.3136 79.5927 78.5333 77.6113 77.4839 
76.8008 77.0495 76.885 77.1853 76.9846 76.2704 75.1507 75.7286 76.9356 75.7298 74.632 74.2596 77.0744 76.5953 75.5894 74.4201 
68.527 67.9516 67.7678 67.8805 68.7762 67.5116 66.6715 67.1153 69.1312 67.801 66.7472 66.7822 69.0171 67.9746 67.4504 67.2845 
66.0279 65.6353 65.7114 66.2204 66.4188 65.3526 64.7967 65.5766 66.9569 65.8426 65.0149 65.2787 67.1626 66.2465 65.9405 66.0587 
133.58 133.218 134.477 133.582 131.924 132.449 133.299 134.052 129.936 132.197 133.054 133.066 129.772 130.946 132.755 132.111 
132.064 132.156 131.396 130.958 132.257 133.522 132.077 131.514 132.51 132.694 132.398 132.499 135.346 133.319 133.11 135.132 
130.369 130.201 129.347 128.87 130.831 132.136 130.511 129.608 131.455 131.382 130.79 130.87 134.933 132.318 131.441 133.561 
127.527 127.342 126.403 125.734 128.201 129.414 127.566 126.459 128.954 128.679 127.738 127.605 132.289 129.456 128.313 130.233 
118.679 118.517 118.696 118.135 120.554 119.678 118.649 117.84 120.691 119.525 118.835 117.668 120.643 119.951 119.22 118.082 
111.175 110.292 108.568 108.417 112.15 110.796 110.036 109.037 112.394 111.248 110.041 109.845 112.397 112.076 110.599 110.258 
97.6327 96.0573 94.783 94.9373 98.8991 97.8141 96.2606 95.7689 100.119 99.1967 97.9099 96.7405 101.078 100.183 99.3309 98.4083 
85.1934 85.1003 83.8754 81.8818 87.2485 86.8595 84.9757 82.2329 88.1849 88.1841 86.7258 83.4552 88.1533 87.6975 86.8878 85.1565 
81.7674 80.4101 79.5458 78.4143 81.7125 80.7294 79.6325 77.8083 81.4156 80.9481 80.0256 77.5326 80.8525 80.6624 79.9872 78.3831 
76.6626 75.4067 73.9547 73.062 75.7262 74.4514 73.3043 72.6058 74.5652 73.2183 72.6895 72.421 74.6996 73.9329 72.8797 72.4317 
64.5533 63.7075 63.2341 62.8766 64.2712 63.4074 62.7663 62.4294 63.7729 63.1112 62.5114 62.154 63.5075 62.8038 62.2775 61.8936 
60.071 59.6053 59.428 59.5498 60.3031 59.171 58.3084 58.7008 60.573 59.468 58.414 58.335 60.533 59.6994 59.1448 58.9256 
45.9474 45.697 45.6823 45.734 45.9784 45.8965 45.7269 45.4883 45.8276 45.7048 45.6034 45.2799 45.6603 45.6438 45.3774 45.3196 
131.343 131.093 131.812 131.26 129.582 129.922 130.665 131.614 127.523 129.077 130.32 130.534 127.182 128.111 130.296 129.676 
130.667 129.924 130.284 129.268 128.943 128.92 129.544 130.002 127.069 128.626 129.177 128.973 126.919 127.238 129.057 128.198 
127.695 127.695 126.649 126.061 127.851 129.081 127.428 126.633 128.119 128.056 127.693 127.531 131.257 128.794 128.374 130.284 
115.306 114.591 114.997 115.512 116.163 115.051 115.281 116.09 116.642 115.736 114.549 115.058 116.742 115.321 114.473 115.95 
111.876 111.695 111.445 111.207 112.086 112.008 111.451 111.223 111.817 111.748 111.2 110.812 111.649 111.396 111.057 110.95 
101.942 101.924 102.055 102.208 102.568 102.522 102.465 102.569 102.809 102.793 102.94 102.868 102.969 102.94 103.177 103.292 
86.5994 86.7115 86.1526 84.8774 88.5214 88.2995 87.1561 85.2839 89.5639 89.6834 89.0039 86.6454 89.7437 89.4488 89.2956 88.3287 
82.578 82.4801 81.7192 80.2277 84.8349 84.4766 82.9489 80.729 85.8756 85.9921 84.9008 82.2065 86.042 85.6153 85.241 84.1846 
78.8128 79.0498 78.2154 76.4311 80.5073 80.6625 79.1987 76.7691 81.3963 81.8503 80.7979 77.882 81.4585 81.2669 80.7152 79.3852 
63.4947 63.6264 63.3406 63.338 63.4685 64.2176 63.8385 63.2054 63.8732 64.0714 63.6561 62.9254 63.6889 63.8118 63.748 62.5681 
53.0683 53.1748 52.906 52.6782 53.0313 53.1305 52.8128 52.4076 53.0531 53.2014 52.8017 52.3906 53.0349 53.1411 52.7841 52.3652 
38.7446 38.2449 38.0141 37.734 38.6209 38.3251 38.1207 37.6847 38.6614 38.1552 37.9036 37.5769 38.651 38.2495 37.9195 37.5573 
28.5758 25.1849 23.2512 20.4997 28.2197 25.3553 23.014 20.9586 28.7896 25.0575 22.7144 20.5627 28.6584 25.5898 22.161 20.2078 
127.715 127.985 129.507 130.291 125.73 127.056 128.743 130.713 123.718 126.692 128.551 129.433 123.752 125.19 128.03 128.953 
125.307 125.794 126.241 126.136 124.965 124.956 125.377 125.761 124.424 124.599 124.949 124.837 123.931 123.927 124.594 124.793 
117.125 116.647 117.344 117.746 117.783 116.917 117.521 118.514 118.214 117.651 116.603 117.23 118.137 116.939 116.445 118.088 
113.526 112.97 113.545 114.285 114.098 113.17 113.735 114.912 114.641 114.091 112.935 113.76 114.661 113.504 112.88 114.486 
109.928 109.467 110.104 110.827 110.462 109.759 110.326 111.5 110.905 110.466 109.648 110.497 110.936 109.938 109.572 111.204 
98.7971 99.3303 100.183 100.826 98.6018 99.1689 100.125 100.916 98.8169 99.3745 100.311 100.896 98.9508 99.4736 100.283 100.842 
86.2683 86.663 87.4561 88.0623 86.7782 87.3233 88.1081 88.77 87.4403 88.0993 88.951 89.4916 87.9773 88.7255 89.6179 90.1117 
80.3394 80.5648 80.2682 79.272 81.9251 82.1059 81.2984 79.8093 82.9828 83.4253 82.9402 81.0714 83.2852 83.2748 83.2179 82.6628 
67.1694 67.8741 68.0484 68.295 67.5388 68.9272 68.9658 68.6211 68.3569 69.0964 69.0032 68.5931 68.6436 69.2762 69.4261 68.6031 
58.7392 60.269 60.2927 60.5336 58.8517 60.9206 60.8153 60.3877 59.432 60.8011 60.5928 60.0549 59.4652 60.6434 60.6028 59.6107 
44.1745 44.8205 44.7381 44.7089 44.1596 45.2156 45.0146 44.5426 44.5771 44.9561 44.7428 44.1642 44.5366 44.9157 44.8516 43.8177 
19.2257 16.3381 14.2241 11.5511 18.7956 16.1697 14.1272 11.9778 19.2381 15.7895 13.8099 11.8624 19.1335 16.2024 13.1887 11.4336 
15.9835 12.5433 10.7339 8.11234 15.6426 12.7204 10.4795 8.64761 16.3544 12.4289 10.2221 8.30017 16.2096 13.0335 9.69774 7.98349 
118.492 121.324 124.512 130.358 117.203 120.767 123.896 128.566 116.276 119.968 124.352 128.077 116.45 119.784 123.135 129.018 
120.025 121.59 123.457 126.291 119.265 121.31 123.06 125.465 118.615 120.902 123.186 124.975 118.331 120.122 122 125.638 
117.441 118.185 118.772 119.29 117.007 117.64 118.411 118.877 116.771 117.378 118.086 118.668 116.521 117.02 117.583 118.178 
112.23 111.914 112.685 113.572 112.741 112.16 112.989 114.314 113.316 112.852 112.182 113.324 113.325 112.405 112.105 114.038 
104.848 105.55 106.248 107.17 104.481 105.258 106.05 106.898 104.307 105.046 105.964 106.747 104.178 104.773 105.542 106.229 
93.4697 94.2633 95.7133 96.9871 93.039 94.1173 95.8769 97.1597 92.9453 94.0312 95.7703 96.8389 92.9875 93.9543 95.3021 96.2775 
84.3493 85.0945 86.5025 87.8378 84.154 85.0131 86.8464 88.2649 84.5141 85.4287 87.1842 88.2512 84.7967 85.8187 87.1038 87.998 
77.4191 77.9007 78.7435 79.2739 77.7144 78.3999 79.3595 80.0648 78.3421 79.0664 80.0066 80.7317 78.7498 79.8291 80.7154 81.5567 
64.1245 65.9706 66.5938 67.2159 64.0347 66.174 66.946 67.6361 64.3632 66.4391 67.0714 67.8905 64.6351 66.828 67.2926 68.0909 
50.6057 52.1017 52.4252 52.7349 50.6683 52.6551 52.8354 52.6644 51.0545 52.4024 52.494 52.1693 50.9537 52.3101 52.6256 51.7749 
22.0541 22.5679 21.6105 20.8549 21.7836 22.1442 21.854 20.9275 21.5774 21.7933 21.6281 21.1241 21.5748 21.5998 21.1978 20.8539 
8.43204 7.95152 7.10419 6.38134 8.14954 7.60824 7.28825 6.50615 8.00416 7.25583 7.11188 6.67873 8.03872 7.19678 6.81347 6.52704 
10.6185 7.58238 5.51844 2.83138 10.2325 7.4874 5.38255 3.36595 10.6607 7.08117 5.10519 3.20708 10.5488 7.49983 4.4479 2.80848 
