9386000
145.266 146.005 148.44 148.558 145.763 146.406 148.312 148.85 144.81 147.183 147.879 146.885 144.32 148.524 149.308 147.929 
145.818 146.029 147.963 147.898 146.52 147.089 148.03 149.046 146.216 148.906 149.35 148.006 145.815 150.683 150.767 149.2 
147.039 147.211 149.219 149.045 147.37 147.745 148.963 149.411 147.116 149.423 150.037 148.447 146.96 151.238 151.4 150.084 
152.184 153.476 153.825 151.781 150.145 152.093 152.316 150.75 150.465 151.496 152.117 150.591 151.68 152.147 152.097 151.416 
155.172 156.184 156.454 153.963 153.153 154.407 154.728 152.51 153.009 153.431 152.883 151.29 153.909 153.151 152.203 151.174 
158.227 158.816 158.905 156.343 156.571 157.395 157.188 154.831 155.942 155.904 154.859 153.352 156.444 155.473 154.032 152.994 
166.923 165.894 164.435 162.909 165.999 164.967 163.26 161.456 164.446 163.165 160.929 159.764 163.742 162.321 159.863 159.078 
174.963 174.423 173.208 171.907 175.634 173.497 172.21 171.579 177.181 174.591 171.948 171.332 176.395 174.203 171.414 171.353 
179.621 178.877 177.899 177.258 180.345 178.342 176.927 176.672 181.81 179.645 176.863 176.783 181.549 179.09 176.151 176.424 
186.669 186.764 186.062 185.434 187.215 185.849 185.195 184.574 187.625 185.529 183.839 184 187.158 185.137 183.297 183.494 
199.591 201.111 199.13 199.043 198.765 198.225 198.689 200.005 197.581 196.404 197.995 201.363 197.912 196.81 197.238 197.965 
202.757 203.993 201.505 202.057 202.225 201.33 201.674 203.827 201.238 199.969 201.724 205.908 201.428 200.535 201.642 202.866 
208.689 209.572 207.195 206.665 208.034 207.364 207.565 208.464 206.723 206.179 208.582 211.97 207.835 207.688 209.116 210.178 
220.836 221.449 220.286 218.239 222.822 222.775 221.248 220.065 222.264 221.801 223.694 224.483 223.287 224.546 225.79 224.633 
229.485 227.773 226.694 225.404 230.054 228.372 226.454 226.532 229.67 228.497 228.301 229.106 229.238 232.049 230.885 228.628 
236.553 234.039 233.443 232.051 236.497 234.492 232.61 232.472 235.757 235.22 234.122 234.296 235.551 237.4 235.859 233.664 
251.097 250.044 249.681 249.757 250.725 250.368 250.14 250.09 250.596 250.879 250.815 250.896 250.726 251.44 251.067 250.563 
254.495 254.332 254.37 254.289 254.693 254.437 254.431 254.368 254.836 254.674 254.697 254.476 254.823 254.703 254.591 254.207 
144.267 144.723 144.756 144.979 144.996 145.766 145.462 146.94 144.482 145.82 146.639 147.304 144.041 145.11 145.739 145.584 
144.812 144.949 146.759 146.818 146.279 146.393 146.906 148.066 146.012 148.153 147.913 146.878 145.458 149.351 148.867 147.191 
147.834 147.219 146.973 146.921 147.754 148.133 147.562 148.278 147.992 149.084 150.141 149.937 148.195 149.554 150.206 150.252 
151.054 150.538 150.446 150.079 151.085 150.255 150.356 149.442 151.364 150.531 150.834 150.035 151.658 150.554 150.723 150.846 
154.999 155.81 156.315 154.226 153.699 155.104 154.736 152.753 154.008 154.045 153.375 151.792 154.822 153.909 153.05 152.522 
161.486 160.815 160.307 159.404 160.805 160.453 159.523 158.352 159.847 158.989 157.581 157.165 159.253 157.93 156.398 156.629 
167.427 166.653 165.884 164.101 166.536 165.573 164.227 163.287 167.042 164.994 163.085 162.348 166.066 164.878 162.762 162.197 
173.811 172.667 172.014 170.619 173.114 171.727 170.286 169.821 175.084 172.765 170.39 169.423 174.527 173.048 170.689 169.553 
178.017 176.987 176.838 175.817 178.06 175.991 175.795 175.338 180.235 177.884 175.89 175.451 180.305 178.246 176.041 176.088 
185.851 184.872 185 184.887 185.261 184.229 184.095 183.989 185.847 184.394 183.692 183.322 185.768 184.618 183.286 182.879 
193.17 192.479 192.318 193.272 193.638 192.108 192.636 194.12 192.937 191.531 192.188 193.524 191.53 191.16 191.926 192.518 
200.749 201.865 199.329 200.162 200.457 199.731 199.804 202.133 199.822 198.967 200.509 204.353 200.061 199.077 200.2 201.506 
208.353 210.707 210.043 209.252 211.128 211.974 210.993 211.359 211.435 211.163 213.327 215.372 213.105 213.691 214.895 214.329 
216.651 219.666 219.435 218.214 219.61 220.764 219.642 219.418 220.6 218.587 220.476 222.714 221.804 225.01 224.298 222.821 
222.437 224.586 224.269 223.557 224.714 224.971 223.574 223.552 226.056 223.786 223.583 224.902 226.185 228.619 226.835 224.828 
235.446 233.627 232.201 232.003 234.49 233.435 231.846 232.621 233.963 233.19 232.794 233.705 234.208 236.419 234.579 232.802 
244.158 243.048 242.202 243.286 242.622 242.131 242.195 243.344 242.829 242.415 242.947 243.331 243.799 243.484 243.108 242.701 
252.295 252.204 252.093 252.859 252.07 252.512 252.854 253.144 252.622 252.77 253.172 253.439 252.825 253.103 253.238 253.272 
142.268 142.86 143.783 143.988 142.13 143.058 143.967 144.196 142.399 143.358 144.074 144.078 142.783 143.163 143.628 143.896 
143.812 143.862 143.725 143.785 144.744 144.76 144.004 145.259 145.117 145.526 145.442 146.052 144.99 145.33 145.201 145.038 
147.023 145.985 145.976 146.092 147.806 146.719 146.443 145.889 148.702 148.128 147.786 147.235 149.363 148.515 148.366 148.14 
150.974 149.705 149.405 149.081 151.771 150.771 149.678 148.817 152.868 151.576 150.629 149.544 152.764 151.514 151.207 150.975 
153.922 152.48 152.035 151.625 155.158 154.367 152.556 151.791 156.385 155.029 153.226 152.05 155.905 154.412 153.48 153.266 
159.123 158.053 157.666 157.056 159.911 159.326 157.65 156.994 160.273 159.11 157.692 157.114 159.495 158.405 157.543 157.906 
165.427 164.766 164.39 163.504 165.992 165.107 163.299 163.03 166.932 165.497 164.264 162.927 166.18 164.912 164.053 163.755 
170.957 169.945 170.486 168.689 170.585 169.621 169.402 168.659 172.568 170.945 169.677 168.955 172.291 171.333 170.205 169.93 
176.108 174.295 176.255 174.877 174.885 174.161 175.581 174.542 176.555 175.874 175.242 174.663 177.414 176.945 175.6 175.793 
183.06 182.294 184.753 183.842 182.091 181.746 184.008 183.814 182.792 181.994 183.082 183.333 183.244 183.454 183.589 183.646 
189.46 189.624 190.498 190.59 189.462 189.188 189.937 190.348 189.575 189.229 190.229 190.228 189.503 189.9 190.511 190.478 
195.493 195.368 194.906 195.691 196.374 195.858 195.374 196.048 197.567 197.111 196.802 196.61 197.161 197.22 197.25 196.95 
203.156 203.241 203.573 203.694 203.735 204.355 203.52 202.523 205.787 206.902 205.251 204.027 207.443 208.003 206.418 205.425 
210.424 213.386 213.499 212.035 212.391 214.405 213.679 213.079 213.534 213.821 214.347 214.694 215.132 215.705 215.24 213.467 
220.07 222.371 221.345 221.418 220.599 221.53 220.189 220.122 221.686 219.838 218.595 218.86 221.669 223.296 220.756 219.37 
227.609 225.722 223.465 224.702 226.138 223.837 224.292 224.286 224.32 222.836 223.436 221.811 224.784 222.269 221.756 220.396 
238.668 238.003 237.215 237.969 236.051 235.832 237.371 238.29 236.158 236.216 237.439 238.873 237.191 237.355 237.239 238.309 
238.419 239.407 240.06 240.29 236.932 237.196 239.618 240.928 238.698 238.635 240.304 241.689 240.199 240.265 240.436 241.006 
139.76 140.306 141.022 141.245 138.477 139.769 142.019 141.183 138.065 138.993 140.817 141.957 138.956 138.689 140.605 139.599 
141.56 141.82 141.968 141.892 141.708 141.957 142.046 142.104 142.294 142.575 142.534 142.528 142.516 142.631 142.728 142.641 
143.927 143.12 142.367 142.053 144.569 143.752 142.36 141.787 145.177 145.29 143.733 142.981 144.727 144.718 144.699 144.098 
149.666 147.687 145.943 144.899 150.515 149.074 146.742 145.435 151.386 150.302 148.357 146.814 151.434 150.452 149.354 147.836 
154.271 151.583 150.617 150.282 155.229 153.367 150.916 150.295 155.893 153.699 151.736 150.871 155.795 153.632 152.77 151.965 
158.231 157.546 156.156 156.209 159.262 158.61 156.667 156.355 160.379 159.283 157.617 157.169 160.248 159.352 158.532 157.614 
162.396 162.649 162.224 161.738 164.474 162.208 162.559 161.857 166.001 161.547 163.038 161.852 164.283 164.414 164.574 163.014 
167.667 167.443 167.627 167.512 168.172 167.626 167.326 167.521 169.19 168.519 168.531 167.922 169.388 168.853 168.898 168.483 
173.175 172.546 174.097 173.025 172.363 172.327 173.839 173.038 172.716 172.517 172.858 173.026 173.169 173.124 173.044 173.512 
179.572 180.007 180.923 181.11 178.878 179.238 180.415 180.703 178.436 178.289 179.518 180.052 178.734 178.689 179.523 179.782 
186.453 186.549 187.272 187.239 186.352 185.961 186.502 186.996 185.724 185.397 186.454 186.778 185.716 186.432 187.055 186.512 
192.207 191.959 190.538 190.001 192.657 192.257 190.43 189.905 193.209 192.973 191.942 190.766 192.867 193.234 192.855 191.447 
200.461 200.006 199.16 198.838 201.295 200.649 199.13 198.111 202.721 201.841 199.958 198.367 202.801 202.493 200.648 199.127 
207.267 206.97 207.712 208.129 207.846 208.461 207.474 205.673 209.056 209.649 206.532 204.339 209.957 209.856 206.534 205.605 
217.501 216.533 215.291 215.915 217.62 216.419 216.669 214.863 216.636 214.994 214.419 211.884 216.127 213.617 212.297 211.213 
221.586 219.882 218.06 218.916 220.94 219.255 219.707 218.121 218.585 217.149 217.674 215.269 218.828 215.812 215.188 214.69 
225.866 224.631 223.513 225.137 224.833 223.584 225.154 225.234 223.441 222.532 224.82 223.367 224.76 222.267 222.713 221.69 
228.946 230.503 232.669 232.399 228.534 229.916 233.118 233.184 230.658 231.618 233.444 234.743 232.255 233.365 233.263 234.524 
138.394 138.839 139.475 139.85 136.832 138.152 140.681 139.84 136.275 137.386 139.536 140.948 137.334 137.336 139.468 138.451 
138.859 138.946 138.958 139.342 138.072 138.713 139.992 139.045 137.793 138.298 139.35 140.417 138.51 137.874 139.534 138.599 
140.115 138.626 137.432 137.422 141.011 140.131 138.344 137.601 141.391 141.147 139.308 138.53 140.639 139.967 140.907 139.246 
146.08 142.806 141.254 140.644 146.625 144.174 141.059 140.279 146.513 145.043 142.377 141.366 145.896 144.227 143.724 142.364 
151.196 147.387 145.542 145.298 151.243 148.125 145.103 144.909 151.152 148.029 145.453 145.495 151.557 149.019 147.211 145.256 
157.056 156.171 155.505 155.484 158.704 155.127 155.672 155.314 160.151 153.767 155.864 154.657 158.454 158.143 158.135 155.708 
160.136 160.53 160.614 160.781 162.009 159.113 161.106 160.965 163.941 158.163 161.299 160.098 162.174 162.839 163.373 161.08 
163.82 164.381 164.437 164.362 164.935 163.104 164.563 164.511 165.914 162.206 164.308 163.83 164.515 164.996 165.662 164.46 
170.16 170.717 171.336 171.902 169.931 170.324 171.22 171.54 169.161 169.455 170.327 170.641 169.077 169.534 170.117 170.303 
175.502 176.148 176.385 176.58 175.478 175.825 176.377 176.577 174.143 174.295 175.246 175.982 173.513 173.79 174.688 174.954 
182.493 182.407 181.586 181.122 182.823 182.427 181.757 182.084 181.659 181.541 181.703 181.951 180.506 181.272 181.937 181.315 
185.225 181.21 183.48 180.873 187.539 188.594 186.338 182.717 188.075 187.906 184.915 183.585 183.773 186.236 183.87 182.968 
187.922 187.027 188.099 189.718 191.701 191.668 189.89 187.12 193.638 193.458 190.561 187.379 191.385 192.478 189.41 187.871 
196.515 196.491 198.124 200.576 200.902 200.388 200.785 199.937 202.287 202.122 197.988 196.802 201.464 201.047 196.444 197.238 
200.678 200.552 200.414 202.119 201.902 202.688 201.713 201.585 202.699 203.398 202.184 201.859 200.769 201.189 201.822 200.994 
215.738 214.527 213.767 214.623 215.94 214.964 216.466 214.854 214.128 213.298 214.718 212.703 214.274 211.867 212.085 211.459 
216.072 216.842 218.317 218.998 215.847 217.689 219.857 219.999 215.84 217.272 219.531 220.175 216.983 217.457 218.964 219.7 
220.173 222.494 225.423 226.494 221.378 224.033 226.337 226.763 223.396 225.046 227.402 227.76 224.821 225.941 227.233 227.464 
136.327 136.513 137.065 137.73 135.275 136.254 138.411 137.759 135.271 135.723 137.589 139.191 136.399 135.726 137.531 136.88 
135.797 135.335 134.986 135.491 136.785 136.394 135.828 135.834 137.801 137.293 136.69 136.831 137.975 137.133 137.841 137.262 
137.276 136.182 135.289 135.265 138.481 137.746 136.247 135.502 139.302 138.79 137.236 136.305 138.858 137.869 138.608 137.222 
141.4 138.678 136.783 135.968 141.833 139.91 137.714 136.386 142.165 140.241 138.175 136.844 141.594 139.854 139.786 137.585 
147.843 144.796 143.399 142.84 147.726 145.119 142.253 141.779 147.327 144.453 141.848 141.689 147.398 145.239 143.523 141.543 
146.465 146.639 145.908 145.685 145.185 145.854 144.175 144.129 144.703 144.668 143.625 142.62 146.367 146.245 144.684 143.083 
158.002 158.685 158.651 158.366 158.873 156.386 158.337 158.24 160.181 154.95 157.602 156.736 158.274 159.05 159.496 157.773 
161.689 161.929 162.569 162.715 161.089 160.966 161.923 162.53 160.486 160.487 161.368 162.279 160.538 160.965 161.822 162.429 
162.833 164.834 164.902 165.302 163.287 164.868 164.893 165.035 163.117 162.775 162.411 164.544 162.558 162.624 165.802 166.591 
171.426 171.844 171.633 171.899 171.579 172.443 172.314 172.312 169.784 170.823 171.629 172.763 169.057 169.952 171.08 171.877 
176.652 173.002 175.542 173.631 178.155 180.728 179.624 176.31 178.184 179.627 177.862 177.337 174.202 177.837 176.097 175.847 
180.913 177.574 180.836 179.94 183.84 186.134 183.509 178.604 186.133 186.06 183.409 180.184 180.792 184.045 181.52 180.071 
180.792 177.929 181.334 181.14 184.065 185.927 184.164 179.916 186.788 186.954 184.525 181.721 182.712 185.468 183.107 182.163 
176.962 178.375 179.157 180.435 178.535 180.258 181.993 182.476 184.439 183.844 186.465 184.612 183.735 185.527 185.381 182.532 
190.954 190.923 191.818 193.277 192.045 193.177 193.39 194.571 193.916 195.755 196.284 196.935 192.266 194.389 197.26 195.764 
197.139 196.855 197.539 198.78 197.176 198.597 199.37 199.981 198.087 199.81 201.012 201.854 197.146 198.766 201.752 200.855 
204.941 206.625 209.214 209.039 204.558 207.689 210.726 211.507 204.543 207.028 210.58 212.721 205.45 207.363 211.071 212.874 
210.839 216.042 219.866 220.182 210.421 217.175 221.092 220.995 211.132 217.265 221.204 221.529 212.312 218.473 221.662 221.805 
132.083 131.445 132.143 131.6 130.689 130.975 132.162 133.1 129.436 131.483 132.568 132.769 129.483 130.287 132.202 131.413 
131.955 132.006 132.321 132.891 132.937 132.674 132.695 133.091 134.449 133.909 133.77 134.174 135.14 134.462 134.177 134.656 
133.871 132.593 131.757 131.783 134.962 134.241 133.25 132.564 136.076 135.747 134.444 133.385 136.343 135.826 136.11 134.057 
133.438 132.19 130.192 128.833 133.863 134.104 131.347 129.771 134.347 133.894 132.035 130.767 137.972 134.84 133.276 134.036 
141.241 140.818 139.76 139.337 140.376 140.784 138.355 137.65 139.566 139.58 137.696 135.774 140.848 140.381 138.294 136.354 
141.19 141.994 142.259 141.425 140.579 141.72 139.544 139.105 139.245 139.959 138.711 137.129 140.548 141.021 139.402 137.629 
146.6 147.376 147.15 146.654 145.408 146.656 145.761 145.385 144.109 144.932 144.602 143.763 145.338 145.538 145.068 144.155 
156.099 158.328 158.256 158.138 156.622 158.031 157.665 157.595 156.298 155.761 155.091 157.13 155.582 155.387 158.852 159.928 
157.741 160.209 160.657 160.947 159.008 160.972 160.582 160.443 158.692 158.496 157.927 160.214 157.967 158.365 162.393 163.55 
160.965 163.224 162.585 163.639 161.94 164.188 164.052 164.613 162.148 162.488 162.467 164.628 161.774 162.652 166.129 166.464 
165.804 166.802 165.099 167.145 165.945 168.289 168.498 170.085 166.201 168.82 170.051 170.965 166.783 169.496 170.458 169.684 
173.048 169.18 172.866 171.207 174.909 178.117 177.504 174.176 176.332 177.84 175.934 175.184 172.733 176.655 174.77 174.407 
168.659 170.42 171.483 172.306 170.159 172.321 173.855 173.767 176.872 175.715 178.747 175.888 177.425 178.96 177.623 174.862 
167.317 169.301 170.379 171.098 168.197 170.089 172.472 173.854 174.612 174.246 177.428 175.698 176.819 177.901 177.094 174.894 
174.3 176.015 176.984 178.116 175.027 176.836 179.154 180.805 180.675 180.542 183.884 183.193 180.969 182.842 183.799 181.313 
180.707 182.353 183.798 183.019 180.547 182.701 184.691 186.757 181.386 183.426 185.834 188.334 182.921 184.078 186.817 188.708 
177.466 186.819 193.108 192.446 174.505 188.275 193.913 192.137 174.933 187.266 193.107 193.097 175.445 187.369 193.092 193.414 
158.385 183.115 197.582 196.415 152.501 183.838 197.365 192.68 152.402 180.21 194.097 192.751 153.103 180.814 192.162 191.506 
130.676 130.22 131.079 130.649 129.216 129.746 131.189 132.056 128.02 130.164 131.563 131.709 128.028 128.845 130.926 130.28 
130.163 129.537 130.054 129.393 128.83 129.114 130.022 130.819 127.723 129.78 130.576 130.477 128.048 128.85 130.601 129.619 
128.745 128.452 127.458 126.971 129.406 130.67 128.941 128.186 130.625 131.152 130.149 129.436 134.52 132.377 131.388 132.722 
130.462 129.561 127.986 127.273 130.935 131.802 129.137 128.288 131.678 131.941 130.109 128.973 135.409 133.069 131.376 132.4 
132.321 132.299 132.033 130.761 133.266 134.355 131.357 130.47 132.947 133.157 131.417 130.739 136.064 133.998 132.638 134.012 
137.93 138.568 139.283 138.433 137.53 138.444 136.509 136.215 136.212 137.135 135.895 134.339 137.452 138.008 136.702 134.993 
138.717 139.207 141.05 139.902 139.199 139.089 138.068 137.841 137.151 136.947 136.378 136.374 136.588 136.805 136.527 136.614 
146.417 146.641 146.634 146.038 146.115 146.705 146.436 146.233 143.909 143.499 144.134 145.497 143.174 143.199 143.868 145.326 
152.382 154.595 154.81 155.039 153.289 155.1 154.589 154.614 153.216 152.68 152.089 154.268 152.4 152.089 155.585 156.797 
153.534 154.803 155.619 156.187 153.686 155.315 156.109 156.458 152.932 154.653 155.778 156.51 152.605 154.092 155.147 156.136 
158.773 160.512 159.656 161.858 158.642 161.195 162.404 163.94 159.44 161.841 163.576 164.074 160.065 162.539 163.463 162.82 
156.901 157.573 158.518 159.767 159.22 160.278 161.775 162.387 160.898 162.203 163.564 164.056 162.449 163.806 164.779 164.705 
158.582 158.077 158.487 159.61 160.066 160.103 160.434 161.071 162.659 163.639 163.648 163.414 164.549 165.225 165.36 164.936 
159.239 161.157 161.789 162.151 159.948 161.873 163.969 164.781 166.255 165.582 168.734 166.858 168.12 169.131 168.105 165.938 
155.101 155.718 157.051 158.127 155.758 156.728 158.369 159.405 157.392 158.829 159.925 160.533 158.965 160.018 160.96 160.686 
153.679 155.211 157.585 159.367 153.966 155.653 158.525 160.385 154.92 157.289 159.756 161.165 155.941 158.08 160.181 160.985 
142.362 146.519 151.312 155.278 142.94 146.55 152.021 155.674 142.226 147.103 152.14 155.571 142.651 147.923 152.295 154.75 
139.88 162.39 174.578 173.954 134.467 163.373 174.339 170.478 133.961 160.276 170.982 170.084 134.535 159.711 168.5 168.795 
127.731 127.873 129.188 130.27 125.911 127.367 129.047 130.95 124.326 127.414 129.546 130.49 124.579 126.215 129.02 129.896 
123.967 124.19 124.406 125.052 123.981 124.629 124.714 125.206 124.095 125.338 126.353 127.336 125.113 125.641 127.015 127.894 
123.916 123.4 123.336 123.333 124.817 124.542 124.173 124.197 126.081 126.318 125.79 125.153 127.2 127.526 126.956 126.376 
128.659 128.122 126.597 125.41 129.514 130.377 127.875 126.421 130.221 130.156 128.578 127.584 133.957 131.103 129.888 131.068 
132.505 131.324 130.57 128.649 132.616 130.388 128.363 127.581 132.972 131.677 128.166 126.782 132.765 131.139 128.953 127.303 
132.387 132.051 132.074 131.544 132.891 131.214 129.926 129.755 131.61 129.397 129.624 129.516 130.756 130.465 130.932 130.211 
132.477 132.242 132.521 132.647 131.929 131.695 131.705 132.185 131.263 129.82 129.798 131.042 131.176 130.587 130.532 131.045 
135.03 135.254 135.292 134.958 134.875 135.318 135.37 134.702 133.871 132.384 133.196 134.86 133.268 132.344 132.389 133.682 
135.852 136.127 136.426 135.784 135.633 136.426 136.386 135.943 134.722 135.052 134.707 134.829 133.718 133.695 133.774 134.317 
135.528 137.188 137.882 138.094 135.562 137.721 138.302 138.211 135.289 136.933 137.68 137.695 134.934 135.876 136.234 136.931 
129.358 131.349 133.086 133.516 133.303 134.313 134.802 135.108 134.091 134.603 135.907 135.382 133.909 135.253 136.219 135.604 
138.812 140.868 142.139 143.97 144.915 147.301 148.679 149.889 147.387 149.342 151.268 151.682 147.795 149.837 151.139 151.932 
139.36 137.843 137.075 137.011 144.076 143.102 142.174 141.375 147.04 146.541 145.861 144.453 148.366 148.104 147.34 146.745 
137.356 137.272 136.78 136.693 138.929 138.84 138.329 138.262 141.368 141.424 140.528 139.777 142.37 142.689 141.568 140.808 
136.645 137.291 137.843 138.307 137.006 137.616 138.502 138.878 138.786 139.389 139.954 139.776 139.556 140.065 139.911 139.698 
131.001 132.841 134.699 136.559 131.131 132.767 135.017 137.049 131.12 133.202 135.405 136.87 131.644 133.866 135.631 136.543 
124.161 130.001 133.995 137.269 123.508 129.546 134.077 137.435 123.14 129.482 133.721 136.618 122.754 128.557 132.994 136.326 
84.9645 117.124 121.27 125.229 84.8811 117.203 121.67 126.349 84.387 117.899 121.255 125.252 83.9443 117.663 120.05 123.818 
118.939 121.003 123.084 129.282 117.802 121.037 122.943 127.307 116.938 120.655 124.851 128.884 117.814 120.717 124.197 130.465 
120.014 120.84 121.833 125.178 119.611 121.018 121.899 124.345 119.282 121.184 123.488 125.815 120.244 121.668 123.747 127.08 
121.709 121.188 120.537 120.52 122.196 121.839 120.855 120.685 122.722 122.768 122.661 122.703 123.691 123.315 123.588 123.735 
125.482 123.245 121.622 120.03 125.475 123.394 120.871 119.967 126.3 124.44 121.852 120.103 126.54 124.616 122.488 120.918 
129.669 127.575 124.643 123.068 129.903 126.646 123.601 122.185 129.555 125.659 124.046 122.436 128.774 126.44 125.035 123.172 
130.31 129.627 128.146 127.975 130.223 128.311 126.969 126.92 129.488 126.698 126.724 126.909 128.859 127.961 128.253 127.668 
128.901 128.707 128.24 128.599 128.819 127.892 127.651 127.64 127.982 125.896 126.874 127.707 127.474 126.696 127.476 127.751 
128.039 128.137 128.349 127.865 128.086 127.908 127.922 127.495 127.235 126.478 126.513 126.873 126.617 125.734 125.736 126.275 
126.978 127.259 127.386 126.54 127.182 127.442 127.338 126.295 126.59 126.431 125.948 125.36 125.868 125.185 124.666 124.808 
121.035 121.98 123.314 122.511 123.218 123.044 122.873 122.222 122.986 122.713 122.58 121.191 122.641 122.586 122.429 121.373 
118.181 119.365 120.708 120.549 121.279 121.351 121.14 120.934 121.656 121.173 121.549 120.474 121.606 121.803 121.715 120.797 
115.739 116.198 117.195 117.119 124.319 123.665 123.512 123.222 125.456 124.357 124.61 123.645 125.831 125.725 125.764 124.736 
113.596 111.249 109.693 107.769 121.169 118.992 116.53 114.713 123.027 121.282 119.23 117.646 124.509 123.696 121.756 120.971 
117.569 116.712 115.776 114.849 118.831 118.071 116.799 115.726 120.447 119.703 118.483 117.599 121.41 121.24 120.078 119.23 
113.937 114.027 113.623 113.201 114.219 114.19 113.781 113.61 115.2 115.194 114.497 114.053 115.634 115.688 114.825 114.28 
108.07 108.882 109.649 110.588 107.746 108.604 109.391 110.202 107.727 108.604 109.176 109.82 107.877 108.545 108.934 109.491 
89.5603 99.559 101.53 103.127 88.9629 99.4381 101.302 103.684 88.303 98.9505 101.299 102.908 88.0582 98.8236 100.491 101.771 
56.0119 93.8302 94.4177 95.7124 55.3493 94.0791 94.9031 97.7751 55.3409 95.6137 95.3536 96.9331 55.7188 96.1736 95.3196 96.6828 
116.811 118.655 121.01 125.451 116.205 118.818 121.045 124.292 116.27 118.902 121.975 124.651 116.886 119.33 121.702 125.858 
118.819 118.866 118.889 119.924 118.719 118.937 118.886 119.706 118.152 119.22 120.29 121.588 118.696 119.046 120.649 121.652 
116.232 116.37 116.04 116.528 116.449 117.041 115.621 117.283 117.529 117.229 117.316 119.152 118.669 117.876 118.741 119.997 
115.852 114.295 114.049 114.109 116.827 114.969 114.657 115.071 117.683 116.201 114.558 114.565 117.914 115.981 114.758 115.746 
120.452 118.27 114.822 113.817 120.741 117.627 115.527 113.878 120.704 118.067 115.341 114.684 120.201 118.754 115.764 114.681 
125.18 124.347 122.399 121.855 125.356 123.378 121.896 120.989 124.59 121.873 121.691 121.151 123.629 122.494 122.334 121.411 
124.91 124.817 124.553 124.445 124.033 123.673 123.23 123.313 123.406 122.29 122.055 122.452 122.944 122.322 122.383 122.581 
121.921 122.456 122.451 122.063 121.699 121.929 121.873 121.182 120.975 120.011 120.301 120.713 120.164 119.647 119.38 119.814 
119.889 120.112 120.308 119.727 119.786 119.602 119.532 119.169 118.873 118.717 118.176 117.51 118.081 117.266 116.885 116.997 
114.044 114.343 114.161 114.125 114.401 114.757 114.357 113.877 113.589 113.689 113.106 112.318 113.414 112.97 111.851 112 
111.492 111.922 112.582 112.27 113.507 112.65 112.071 111.902 113.527 112.247 112.24 111.309 113.198 112.676 112.18 111.403 
95.9733 94.6781 93.3264 93.1135 97.2871 95.9588 94.604 94.2417 96.7013 95.5643 94.3799 94.1321 96.2416 95.3113 94.3657 94.0053 
98.428 96.5867 93.77 91.4035 99.5981 97.9619 95.1304 92.3866 100.788 98.9345 96.5628 93.7834 101.017 99.3889 97.2861 94.8801 
100.337 99.1575 97.5531 95.4119 101.615 100.337 98.3172 96.2921 102.526 101.429 99.4573 98.0006 103.358 102.847 101.234 99.6413 
87.6842 87.5169 86.5098 84.8779 89.7083 89.3197 87.6174 85.2068 90.475 90.4994 89.3511 86.3367 90.3998 89.8744 89.3789 88.0917 
90.9755 91.5288 92.4979 93.343 90.7153 91.5058 92.3967 93.5103 90.2411 91.0807 92.2293 93.0922 90.0942 90.88 91.7851 92.3179 
83.2234 84.4262 86.5121 88.3693 82.6695 84.4059 86.4122 88.811 81.9778 83.6844 86.4677 88.3046 81.7352 83.6196 85.7759 87.0811 
72.5115 82.9364 84.0124 84.9185 71.7026 82.8771 84.1036 85.8484 71.1555 82.6077 84.3968 85.503 71.2052 82.7187 83.8115 84.3548 
114.208 115.584 117.341 118.992 114.234 115.689 117.813 119.435 114.403 116.031 117.962 119.542 114.758 116.335 117.928 119.389 
113.413 114.283 114.746 115.535 113.453 114.989 114.351 116.197 114.226 114.855 115.55 117.568 115.047 115.134 116.501 117.995 
112.283 111.512 111.764 111.654 111.799 112.187 112.439 112.646 112.295 113.041 113.475 114.352 114.096 113.597 113.303 114.533 
112.637 111.558 111.339 112.335 113.688 112.401 111.854 113.775 114.966 113.606 112.216 114.142 115.739 113.909 113.179 115.59 
113.417 111.688 110.758 111.24 114.726 112.216 111.926 112.338 115.371 113.49 111.352 112.09 115.128 113.447 111.725 113.094 
113.348 111.556 108.704 108.458 113.788 111.351 109.825 108.203 113.274 111.365 109.624 109.449 112.465 111.683 109.406 109.281 
116.072 115.481 114.529 113.62 115.313 114.671 113.594 112.751 114.363 113.409 112.45 111.894 113.435 112.462 111.898 111.54 
108.3 108.359 107.897 107.114 107.375 107.096 106.576 105.992 105.618 105.207 105.033 104.774 104.28 103.865 103.753 104.021 
104.108 104.094 103.811 103.468 103.139 103.03 102.726 102.464 101.806 101.454 101.061 100.826 100.586 100.224 99.9485 100.062 
102.015 102.239 102.043 101.696 101.724 101.505 101.146 100.946 100.65 100.125 99.8714 99.4478 100.027 99.0809 98.1762 98.7289 
87.9813 88.3308 87.8119 87.7583 88.3293 87.8041 86.4961 86.4939 87.896 86.9228 85.7153 85.0158 87.7709 87.4168 86.3865 84.9562 
86.7769 84.9338 83.329 82.8871 86.3555 84.3155 82.7848 82.2817 84.7437 83.2673 82.3394 82.1121 84.6931 83.486 82.632 82.3236 
85.3311 83.845 81.8802 79.9539 85.4701 83.6379 81.6965 79.7617 84.7818 83.494 81.6334 80.1119 84.6093 83.3885 81.9574 80.3697 
83.3802 82.8217 81.2861 79.0057 85.5645 84.7933 82.5249 79.331 86.3098 86.0037 84.3096 80.5261 86.2253 85.3188 84.3834 82.5337 
83.3017 83.194 81.9343 79.6667 85.3645 84.9975 83.0424 79.9959 86.1355 86.1804 84.7014 81.1072 86.0769 85.578 84.7303 82.8835 
82.3587 82.3449 81.6622 80.2718 84.0866 83.9604 82.5595 80.3813 84.6216 84.744 83.9288 81.1889 84.3412 83.93 83.7341 82.6584 
78.3959 79.214 80.2498 81.1284 77.9079 78.9652 80.1927 81.2258 77.4407 78.298 79.7722 80.8467 77.29 78.0158 79.1132 79.9104 
75.5539 76.6399 77.2415 77.6375 74.921 76.0055 76.9186 77.4745 74.3617 75.2431 76.3626 77.2343 74.4389 75.1337 76.1863 77.0643 
110.691 112.154 113.679 115.271 110.637 112.199 114.233 115.863 110.955 112.666 114.696 116.301 111.665 113.268 114.76 116.157 
110.946 110.777 111.086 111.051 110.045 111.08 111.936 111.49 109.975 111.622 113.04 113.424 111.55 112.233 112.531 112.776 
111.03 110.394 110.316 110.116 110.197 111.143 110.85 110.88 110.668 111.59 112.664 113.501 112.866 112.764 112.803 113.472 
110.84 109.287 109.266 109.409 110.559 110.311 110.549 110.383 111.232 111.586 111.709 111.819 113.216 112.524 111.711 112.503 
110.789 108.739 105.776 106.058 111.607 108.851 107.605 106.32 111.651 109.588 107.949 108.006 111.357 110.467 107.972 108.171 
105.1 102.522 101.769 101.67 105.215 103.106 101.38 100.622 104.979 103.323 102.198 100.26 103.942 102.895 100.884 99.7809 
105.035 103.201 101.593 100.621 104.807 103.27 101.023 99.6348 103.823 102.783 101.236 100.028 103.328 101.796 99.9471 99.7139 
95.9144 95.8557 95.111 94.2692 95.36 95.012 94.2705 93.4647 94.0686 93.76 93.1673 92.4125 93.0111 92.5809 92.1229 91.8998 
92.542 92.6221 92.3881 91.8408 91.5813 91.3987 91.0909 90.9123 90.1282 89.7927 89.5836 89.3514 88.8762 88.5863 88.3826 88.6461 
85.8579 86.7704 86.6147 86.5359 85.8864 85.9717 84.8558 84.8393 85.2871 84.4471 83.4423 82.6786 84.8643 84.6632 83.6793 82.3692 
83.7707 83.5559 82.8472 82.9114 83.6699 82.8544 81.3067 81.3344 82.703 81.543 80.504 79.5392 82.9476 82.5529 81.3029 79.8804 
82.6916 82.4768 81.7531 81.8183 82.826 81.8782 80.3792 80.4518 82.0145 80.8595 79.7527 79.0493 82.2047 81.7988 80.7405 79.2246 
73.923 72.2589 71.1952 71.2016 73.864 71.7225 69.9211 70.1777 73.7722 71.7489 70.2537 69.9298 74.1066 72.5433 71.553 71.1908 
73.0637 71.3468 69.0913 66.2145 73.5604 71.9615 69.5321 66.8144 73.8091 72.5899 70.1709 67.4725 74.0287 72.7892 70.5826 68.0208 
79.975 79.6406 78.3176 76.1866 81.8624 81.3227 79.2351 76.3069 82.5051 82.3569 80.7672 77.2081 82.2694 81.6237 80.6834 78.8411 
74.5346 74.1208 73.3906 72.3838 74.4953 73.9472 73.1319 72.1687 74.2505 73.5451 72.5518 71.7143 73.6713 73.0222 72.1925 71.2745 
72.0688 72.0915 72.0557 71.7821 71.8008 71.6846 71.6573 71.4406 71.2103 70.8514 70.9279 70.9335 70.7153 70.3752 70.4003 70.3707 
65.8137 65.845 65.7713 65.5868 65.3463 65.2644 65.4889 65.3198 64.7902 64.8703 65.1045 64.9163 64.8174 64.4696 64.631 64.5625 
106.845 108.219 109.388 111.484 107.103 108.313 109.642 111.543 107.689 109.319 110.976 112.591 108.307 109.839 111.383 112.405 
106.733 107.421 107.889 108.746 106.734 107.507 108.089 108.755 106.888 107.878 108.639 109.393 107.011 107.921 108.69 109.178 
108.508 107.593 107.244 107.115 107.774 108.371 108.323 107.616 108.21 109.11 109.7 109.47 109.936 109.968 109.636 109.718 
105.348 103.034 101.47 102.593 106.068 104.859 103.427 103.509 107.258 105.902 104.992 103.807 108.449 106.953 106.194 106.107 
103.113 100.741 100.053 100.79 103.199 101.696 100.486 100.615 103.652 101.961 101.28 99.6748 103.062 102.177 100.976 100.172 
101.676 99.4699 98.9624 99.2203 101.673 99.9276 98.7491 98.4433 101.374 100.075 99.2265 97.7612 100.452 99.6187 97.9732 97.2221 
97.7361 95.9897 95.6793 95.7734 97.8557 96.3936 95.4717 95.1893 97.7418 96.499 95.7197 94.2574 96.8437 96.1239 94.8693 93.7252 
90.3419 90.0078 89.2173 88.5313 90.3312 89.4822 88.6446 88.1147 89.8374 89.048 88.1143 87.6157 89.0677 88.4856 87.8054 87.2611 
87.3959 87.4597 87.0282 86.7002 86.6417 86.3099 86.037 85.7972 85.8239 85.186 84.8379 84.6168 84.7629 84.251 84.0162 83.9209 
82.9841 83.0399 82.5801 81.8809 81.532 80.8239 81.5044 81.1587 80.3361 78.4874 79.2944 80.0644 79.3482 78.9025 78.7528 79.2191 
80.8154 81.5325 81.3195 81.3393 80.7788 80.71 79.7228 79.7368 80.2472 79.4383 78.5534 77.8269 79.9094 79.622 78.7756 77.4662 
73.1156 72.0048 71.4157 71.6834 72.9714 71.3256 70.0962 70.6464 72.8623 71.1625 70.0276 70.1099 73.0386 71.751 71.0801 71.0252 
68.2647 67.6317 67.3997 67.6581 68.5995 67.4104 66.3397 66.8466 69.2814 67.8777 66.6691 66.6674 69.2958 68.2082 67.6374 67.4915 
65.7509 65.4338 65.0841 65.2796 66.1883 65.4988 64.2747 64.4335 67.1564 65.9019 64.4574 64.0227 67.2434 66.2358 65.5586 64.638 
64.3029 63.7218 62.8495 61.85 64.4443 63.7903 62.6875 61.7023 64.3207 63.8044 62.6268 61.4399 64.0124 63.6926 62.5771 61.4086 
62.9524 62.2124 61.5234 60.8167 62.8537 61.9079 61.0107 60.2992 62.3366 61.392 60.4592 59.8206 61.7487 60.9594 60.2201 59.5669 
57.5275 56.833 56.2879 55.5757 57.4493 56.4772 55.8825 55.1544 56.7305 56.0679 55.5023 54.659 56.4553 55.5405 55.0608 54.2256 
49.5959 49.2353 48.4892 47.884 49.6171 48.9491 48.2172 47.4938 49.3482 48.8375 48.0258 47.0729 49.3758 48.6233 47.8849 46.9643 
103.101 104.299 105.696 106.807 103.767 105.104 106.547 107.718 104.911 106.235 107.743 108.726 106.032 107.313 108.275 109.195 
103.714 104.551 105.131 105.858 103.625 104.507 105.123 105.774 104.077 104.942 105.569 106.347 104.182 104.808 105.595 106.242 
103.381 103.697 104.047 104.204 103.408 103.729 104.187 104.189 103.527 103.816 104.082 104.213 103.325 103.616 103.859 104.116 
101.839 101.11 100.406 101.251 102.045 101.955 101.292 101.517 102.591 102.137 101.759 101.168 102.855 102.396 102.331 102.412 
99.3451 98.4874 97.7341 97.5381 99.1353 98.1223 98.2121 98.035 98.3096 97.7611 97.6456 97.3102 98.5951 97.7147 97.5813 97.4166 
97.4939 96.1276 96.2653 96.3493 97.1897 96.0538 95.9589 95.4097 96.9515 95.8011 95.9884 94.3958 96.5834 96.0072 95.2076 94.2319 
91.2179 90.1414 89.8144 89.7663 91.8961 90.7056 90.3762 89.989 91.5297 91.0239 90.3643 89.6243 92.006 91.4754 91.0616 89.8256 
86.1806 85.9429 85.3552 85.1443 86.6695 85.9186 85.2345 84.9071 86.7144 86.0409 85.3236 84.8797 86.4946 85.8958 85.3807 84.7285 
82.5513 82.5266 82.0662 81.5371 81.9852 81.3432 81.6947 81.4256 81.4296 80.098 80.7121 81.3588 80.842 80.5679 80.5793 80.961 
79.927 79.9689 79.4455 78.9062 78.4894 77.855 78.5702 78.3859 77.4831 75.6428 76.8078 77.7443 76.8709 76.3617 76.401 77.0329 
76.5355 76.6858 76.4744 76.2304 75.3597 74.9422 75.7994 75.7269 74.3699 73.1249 74.0474 74.8393 73.8048 73.4517 73.5487 74.1018 
70.1311 70.3463 70.6926 71.2051 69.5082 69.8099 70.2222 70.5412 68.7233 69.0112 69.4253 69.7008 68.4083 68.4399 68.6963 69.1772 
65.7506 65.7145 65.7996 66.2649 65.9597 65.6491 64.9613 65.4533 66.7555 65.8194 64.8389 64.8234 66.744 66.0751 65.8145 65.3144 
60.7884 61.5158 61.4611 61.7665 61.0441 62.348 62.0509 61.4264 61.5971 62.005 61.6721 60.8065 61.4283 61.7809 61.5718 60.1189 
58.5211 59.7335 59.4997 59.6226 58.644 60.329 59.8351 59.1676 59.0918 59.9016 59.3536 58.4348 58.8573 59.6629 59.3624 57.7664 
53.1206 52.7962 52.4882 52.2463 53.0456 52.6007 52.2314 51.8955 52.6832 52.3054 51.8767 51.4982 52.2972 52.04 51.7945 51.4162 
42.4849 42.0911 41.4421 40.7873 42.5423 41.9395 41.23 40.536 42.3766 41.709 40.9379 40.3069 42.2936 41.6064 40.9145 40.1394 
39.5914 39.0775 38.4799 37.968 39.5738 39.0659 38.4141 37.744 39.5635 39.0393 38.3557 37.5161 39.555 38.9357 38.3285 37.5267 
99.2777 100.08 101.269 102.337 100.384 101.48 102.671 103.591 101.766 103.132 104.331 105.182 103.238 104.385 105.406 106.265 
100.732 101.443 102.563 103.338 100.682 101.8 103.029 103.783 101.114 102.239 103.362 104.19 101.562 102.524 103.451 104.255 
100.182 100.788 101.511 102.031 99.7844 100.515 101.558 102.031 99.6604 100.33 101.334 101.871 99.4794 100.038 100.797 101.442 
96.554 97.3505 98.2964 98.4654 96.2718 97.1603 98.0233 98.3401 95.7771 96.6422 97.622 98.0756 95.8399 96.218 97.0047 97.6789 
94.1701 94.8699 95.2397 94.8041 93.2982 93.7272 94.6118 93.8303 93.0207 92.9039 93.9562 93.6734 93.3944 92.8302 93.2995 93.6282 
92.624 92.7335 93.0753 92.6315 92.0484 91.9076 92.7954 91.772 91.7882 91.4725 92.2438 91.4882 92.5912 91.828 92.0764 91.7911 
89.506 89.7593 90.0103 89.8182 89.197 89.1621 89.7575 89.0392 89.2283 88.9693 89.6678 89.3231 89.7026 89.1643 89.3347 89.2767 
82.979 82.9314 82.8706 83.1223 83.4966 83.5224 83.38 83.4257 83.7296 84.0002 83.9933 84.2423 83.5535 83.7188 83.9402 84.0738 
79.6281 79.7171 79.6804 79.9775 79.8426 80.1177 80.0468 80.2784 80.0725 80.4098 80.6482 80.8865 79.744 79.981 80.3454 80.8049 
75.545 77.1277 77.0168 76.3186 75.7208 76.414 76.8254 76.4985 75.75 76.1716 76.6575 77.1496 76.6617 76.6581 76.7602 77.2517 
73.5352 73.6218 74.0708 74.4989 72.9585 73.1387 73.7996 74.3462 72.8002 72.8656 73.5761 74.0274 72.7971 72.9551 73.2197 73.7957 
67.8839 68.2798 69.2375 69.7132 67.2851 67.992 69.1977 69.8386 67.0633 67.688 68.606 69.5104 67.1922 67.6971 68.4532 69.4699 
63.1473 63.2715 64.4103 65.0245 62.3692 63.063 64.3558 65.018 61.9252 62.5838 63.8712 64.9023 61.9112 62.66 63.7995 65.2321 
58.8271 60.4869 60.9314 61.2955 58.6551 61.1028 61.3858 61.0242 59.0731 60.5597 60.6986 60.3615 58.8489 60.3582 60.7972 59.845 
50.6945 55.0906 55.0972 55.7945 50.2975 54.7727 54.8469 55.6142 50.0103 54.4321 54.7314 55.4447 49.8594 54.3939 54.2575 55.1145 
38.1839 39.4266 39.3726 39.1615 37.9418 39.2832 39.133 39.0906 37.905 38.9845 38.9651 38.9505 37.7933 38.9375 38.8131 38.8317 
26.1623 22.9153 21.0509 18.3238 25.8738 23.0081 20.8119 18.8261 26.4726 22.7327 20.4986 18.494 26.407 23.2822 20.01 18.0833 
31.0987 30.3878 29.7029 29.1059 31.0114 30.414 29.7092 29.0795 31.1046 30.2816 29.5672 28.8605 31.0767 30.3164 29.5114 28.816 
97.996 98.1328 98.6345 98.9828 98.9719 99.2896 99.8091 100.064 100.46 100.834 101.28 101.377 101.617 101.942 102.144 102.539 
98.2832 98.7261 99.4438 99.9363 98.251 99.1899 100.039 100.353 98.6099 99.8417 100.623 100.684 99.5485 100.26 100.284 100.416 
97.322 97.7048 98.5339 99.1703 97.1964 97.9962 99.0459 99.5616 97.4333 98.305 99.4215 99.7398 97.8315 98.5804 99.5421 99.7492 
94.16 94.6474 95.3409 96.1399 94.5776 95.2075 96.0891 96.6421 94.9879 95.605 96.6266 97.0298 95.2748 95.9431 96.9881 97.2216 
91.5598 92.2685 93.3431 93.6246 91.6803 92.6578 93.5561 94.004 92.0389 92.9437 93.8603 94.3313 92.6142 92.9486 93.8265 94.6351 
89.7399 90.2987 90.8457 90.7275 89.3048 89.5625 90.5877 90.0942 89.6124 89.4368 90.5761 90.4423 90.1356 89.7862 90.4247 90.641 
85.9387 86.0767 86.8147 87.4374 85.7938 86.1931 87.3974 87.8131 86.1888 86.8632 87.6144 88.1009 86.5201 87.0521 87.6868 88.0441 
82.442 82.4648 82.4132 83.0796 82.9558 83.0283 83.4578 83.7056 83.7567 84.2645 84.4056 84.7321 84.052 84.5333 85.2736 85.1459 
75.8734 77.5487 77.6202 76.9033 76.8171 77.9584 77.9658 77.6122 77.6748 78.8311 78.8303 78.9954 78.8157 79.3277 79.4867 79.914 
74.1986 75.5569 75.6787 74.9786 74.8725 75.6678 75.6936 75.4542 75.7532 76.6254 76.4034 76.4048 77.1399 77.2559 76.9874 77.1202 
71.4974 73.2544 73.7109 73.3117 72.2399 73.3486 73.8486 73.8438 72.984 74.1759 74.4506 74.7791 74.6879 74.8358 74.9906 75.3498 
67.0935 67.362 68.2386 68.7757 67.2992 67.8324 68.6979 69.4073 68.0651 68.5609 69.2938 69.8921 68.8145 69.4167 69.7817 70.3191 
60.5686 60.7577 61.9071 62.3774 60.3661 61.017 62.2205 62.8401 60.5547 61.2496 62.1668 63.1051 60.774 61.5065 62.5486 63.5436 
50.8526 53.6253 53.9174 54.7821 50.801 53.551 53.8715 54.5778 50.8719 53.4886 53.8218 54.603 50.7819 53.695 53.8437 54.5467 
39.8471 44.8574 45.1566 45.9602 39.5531 44.699 44.9506 45.909 39.5438 44.5017 44.8669 45.7379 39.5296 44.458 44.721 45.5278 
24.3758 21.3578 19.5309 16.8125 24.0155 21.5455 19.2872 17.3882 24.7898 21.225 19.0044 17.0233 24.7037 21.8849 18.3999 16.6749 
19.5399 15.5806 12.7922 9.3016 18.9477 15.3708 12.65 9.94646 19.4976 14.7963 12.2431 9.77382 19.4379 15.3769 11.4269 9.20055 
13.0285 10.3357 8.90578 6.79055 12.7916 10.4878 8.7394 7.26681 13.3224 10.2685 8.52795 6.99756 13.1855 10.7252 8.11484 6.73522 
97.8764 97.6773 97.4026 97.1741 98.7544 98.6827 98.6317 97.9676 99.5568 100.159 99.9546 98.756 100.757 100.917 99.4429 98.5286 
97.8294 97.7714 97.735 97.5747 98.1398 98.3754 98.5184 98.2039 98.5965 99.3411 99.3128 98.3629 99.5073 99.8094 98.8444 97.9604 
95.4766 95.5499 95.6039 95.7341 96.095 96.5123 96.7638 96.6655 96.8879 97.7938 98.0448 97.5077 98.0697 98.6154 98.309 97.616 
91.83 91.7681 91.945 92.399 92.8608 93.0958 93.3976 93.7193 94.2539 94.7008 94.9681 94.9303 95.4132 95.8442 96.2914 96.1205 
88.7121 89.0062 89.4803 89.9713 89.5823 89.9871 90.4977 91.0124 90.9502 91.3928 91.86 92.2537 91.9456 92.4012 92.9813 93.2665 
86.8763 87.0891 87.8482 88.4736 86.931 87.4228 88.6029 89.1555 87.887 88.5768 89.2889 89.7281 88.4873 89.0711 89.7786 90.3008 
84.457 84.5908 84.8873 85.7323 84.6898 84.9276 85.9122 86.2926 85.612 86.2329 86.673 87.1748 85.9427 86.5039 87.4646 87.6009 
80.7263 81.0529 81.0624 81.1581 81.6808 82.1383 82.4544 82.4394 83.1177 83.6575 83.7805 84.0141 83.6527 84.7033 85.3198 85.6439 
78.5598 78.6978 78.6477 78.5318 79.818 80.0421 80.0015 79.9243 81.6199 81.8658 81.6566 81.6425 82.2183 83.1266 83.3961 83.5073 
74.091 75.6985 75.8414 75.084 75.3636 76.2662 76.2912 75.9982 76.4003 77.5059 77.3566 77.4657 78.137 78.4634 78.5064 78.7714 
70.8566 70.2854 70.8621 71.2859 71.7481 71.4401 71.9443 72.6183 73.0849 73.1433 73.4446 73.844 74.297 74.6553 74.8916 75.1692 
64.6479 64.6431 65.0351 65.5557 65.5075 65.6647 66.1086 66.6499 66.4922 66.9387 67.3507 67.77 67.5246 67.8868 68.3564 68.6998 
55.5415 55.4488 55.7209 56.2372 56.0208 55.857 56.1561 56.5247 56.6565 56.5578 56.6623 57.1154 57.0371 57.2398 57.5597 57.7584 
49.1901 49.2932 49.7479 50.2224 49.3302 49.4048 49.8637 50.2838 49.7115 49.7241 50.0363 50.4508 49.7679 49.9997 50.4376 50.6097 
37.1643 38.732 39.0398 39.4487 37.1363 38.9821 39.2696 39.4274 37.4022 38.9336 39.2344 39.4453 37.4321 39.1354 39.202 39.6783 
20.6211 19.7852 18.3258 17.2008 20.1088 19.3282 18.8257 17.2867 19.9174 18.7451 18.5287 17.6521 20.0576 18.651 17.9742 17.5225 
11.6154 8.61893 6.65379 4.07854 11.2013 8.54377 6.51302 4.60786 11.6821 8.14284 6.25807 4.45314 11.5689 8.5696 5.63381 4.08741 
3.94272 3.32502 2.17145 1.32416 3.61143 2.87058 2.43144 1.39761 3.37727 2.48441 2.21643 1.64286 3.38713 2.3588 1.81745 1.44748 
