247000
80.8593 185.801 97.7386 87.8153 43.6294 41.1691 152.593 148.325 113.715 102.018 127.387 120.256 21.3342 23.2214 250.48 131.222 
161.714 251.38 81.0411 242.98 129.602 190.46 130.197 114.249 154.904 8.98883 10.5052 190.768 116.349 155.472 165.31 77.2955 
246.836 223.945 25.4862 171.932 202.366 70.6429 95.4568 193.584 178.804 42.0261 152.854 160.143 154.123 96.1759 232.955 164.903 
35.4327 248.878 109.118 85.7315 160.424 56.6686 241.17 148.574 152.758 18.4782 229.938 43.189 40.8592 129.371 212.898 98.4369 
161.156 208.739 173.809 64.6409 11.4164 83.1225 69.5076 79.1944 66.3621 108.112 51.6121 2.16516 119.612 228.656 29.996 75.6575 
197.67 83.9845 191.194 49.2278 232.781 249.967 77.3108 232.589 25.0641 142.367 250.141 137.074 16.916 89.1117 248.644 78.5877 
87.0469 198.782 112.559 174.877 246.539 57.8329 14.8387 172.439 227.497 134.373 170.6 69.3703 142.626 9.51892 176.665 89.2983 
20.5123 245.319 163.704 35.3793 114.268 96.7836 34.5042 250.573 128.199 245.652 200.239 88.2069 99.0123 78.9222 202.574 174.396 
81.1586 140.462 213.752 32.0919 194.586 250.326 201.729 158.33 156.904 52.5995 117.185 208.65 93.4797 175.055 157.429 206.898 
18.4979 176.675 220.443 68.5619 23.2135 241.003 95.559 116.825 115.948 222.429 152.999 114.171 26.0363 118.726 2.71476 190.633 
103.882 61.5523 242.743 208.234 175.612 188.552 16.1255 103.357 178.846 79.0656 104.833 14.6757 119.598 12.4343 122.998 105.578 
112.828 30.48 83.9524 113.495 163.109 15.7004 10.1659 204.529 95.4315 211.252 85.4158 195.735 67.353 105.344 94.9719 143.576 
0.876476 0.604427 0.243034 0.0452834 0.907067 0.517096 0.272941 0.0398352 0.844752 0.544696 0.176283 0.0337045 0.804897 0.525199 0.239361 0.0745459 
0.289636 0.12967 0.071422 0.790887 0.287752 0.158543 0.0752527 0.544897 0.291674 0.155669 0.111091 0.142176 0.311772 0.196596 0.233624 0.254075 
0.164578 0.158851 0.21122 1.00103 0.148297 0.201293 0.223222 0.780158 0.190327 0.211649 0.260823 0.329979 0.195637 0.218649 0.35126 0.451969 
9.72329 28.7436 20.278 6.22829 27.6116 19.7659 38.425 11.2773 31.5957 16.9678 1.56544 40.2122 28.2424 11.6344 39.8074 36.8304 
244.171 124.388 113.894 229.495 193.858 109.542 205.614 49.4747 146.996 165.128 14.0967 55.5973 109.778 49.4787 245.39 213.655 
91.0201 25.6908 165.093 74.1498 218.958 24.8811 52.0397 5.86029 75.1449 15.1973 48.8734 85.1923 99.4584 158.332 194.98 80.1404 
196.303 35.9253 140.277 17.0969 24.6354 36.0614 146.774 161.668 160.76 101.222 84.3483 3.98727 43.1223 76.1251 172.81 10.3365 
58.2845 4.36107 232.482 105.181 107.715 216.021 89.968 189.049 235.342 102.34 206.593 223.449 138.384 229.683 244.409 221.608 
209.713 94.9009 54.2172 185.393 206.98 231.882 150.184 147.178 248.414 4.01205 23.0487 57.1424 98.1833 172.381 231.289 61.2322 
129.622 102.878 182.251 59.1001 53.3039 231.381 155.458 5.5825 3.76597 147.968 154.974 186.678 162.81 240.416 14.893 173.273 
8.03392 131.44 132.854 190.283 157.793 205.657 106.245 143.048 51.3247 193.56 48.0054 64.2145 119.345 152.67 26.8061 27.1423 
116.381 240.489 165.652 33.1687 211.172 183.475 251.073 6.46148 130.446 1.15758 57.6997 148.168 32.5359 194.562 253.098 136.69 
93.793 223.03 18.5217 197.837 75.8697 229.005 138.139 187.831 154.131 160.861 163.663 41.8587 157.743 127.06 205.096 112.27 
20.0877 149.129 128.443 125.445 44.2211 185.567 28.8018 59.1686 179.184 14.5466 73.869 192.672 34.1735 151.304 25.8034 117.377 
229.495 182.951 141.571 131.514 113.402 214.719 42.7789 203.7 171.269 231.168 237.53 134.724 32.0883 218.323 244.684 115.482 
146.056 251.894 24.1065 14.1305 15.6419 25.1119 82.0103 150.379 252.093 238.647 166.486 121.086 79.1952 222.508 235.179 103.436 
159.092 242.157 65.7637 45.2055 28.5516 205.066 117.799 239.272 78.0457 224.807 134.823 151.74 228.975 57.5903 146.953 83.8825 
102.652 175.365 20.69 159.015 65.1731 130.258 151.8 138.888 118.886 106.6 1.80846 76.5057 164.017 198.243 60.4109 191.552 
19.2501 28.5595 147.774 198.592 190.068 54.5658 193.207 133.833 49.1584 101.517 81.1979 130.482 231.376 115.826 106.165 171.633 
146.205 249.145 199.137 173.183 179.599 52.188 246.093 191.014 170.754 32.8597 9.23757 5.39968 79.7105 16.0675 75.2079 10.0691 
56.6065 206.718 158.607 142.107 50.7537 23.4997 151.866 161.016 111.8 137.583 21.6499 56.9557 31.9963 223.911 235.093 77.736 
118.503 201.916 115.322 159.955 10.0192 3.72611 183.004 70.4346 118.244 36.6301 140.196 51.0218 126.26 97.6592 131.298 55.359 
153.966 118.25 216.121 222.059 149.357 19.3835 34.8825 24.1727 204.085 114.62 85.4473 3.39808 34.5935 36.7592 59.971 64.5031 
91.3943 33.5087 13.686 78.3637 22.8623 70.5119 14.8369 66.2999 20.7463 19.3066 63.4043 56.4756 72.6039 36.309 70.7599 77.2249 
12.8623 9.56159 4.97123 2.38122 12.7655 8.46809 5.29134 2.20034 12.6863 8.4858 4.06019 2.27407 11.7727 8.60917 4.65494 2.31731 
1.64625 1.33585 1.03122 0.912423 1.70213 1.35062 1.12008 0.955872 1.76057 1.44292 1.15352 1.02739 1.77219 1.46911 1.24176 1.15918 
2.52455 2.85583 3.26829 5.0501 2.59793 2.88569 3.27004 4.54572 2.65871 2.8695 3.27226 3.81859 2.70193 3.02045 3.52114 3.94979 
8.63477 13.043 19.9745 38.4382 36.287 39.8903 44.8223 37.0008 21.1627 44.893 37.6864 45.0049 30.3202 29.4868 20.4631 14.5783 
234.651 169.863 148.15 141.879 79.7896 82.0484 249.08 143.875 230.445 148.311 83.7781 43.9278 108.507 92.4374 138.05 189.228 
74.1871 148.784 22.193 189.734 251.312 224.353 190.257 146.414 190.897 167.323 154.034 178.885 179.571 63.4557 175.417 174.832 
5.90653 127.453 72.9204 57.6207 140.808 84.0192 228.728 155.819 11.9814 27.4105 3.8054 51.244 170.221 23.7146 86.6743 20.5439 
244.231 52.7053 187.865 236.479 212.434 101.572 62.9489 103.957 71.4969 44.968 171.182 164.922 130.038 226.795 186.421 160.285 
149.834 64.6717 42.6286 71.3832 164.178 77.0439 177.636 25.8783 251.741 87.2997 129.836 197.706 88.9994 11.7516 235.601 250.843 
226.485 67.1104 126.42 133.983 159.131 172.54 8.98565 246.381 96.3873 197.294 187.977 31.4839 54.5303 231.812 191.888 194.646 
162.097 112.786 218.612 253.481 252.864 100.334 37.4172 194.934 184.045 52.6957 47.8401 216.518 223.576 223.651 77.6493 102.257 
7.23933 88.7226 109.155 35.3796 217.924 54.8115 175.692 113.845 141.545 132.058 203.72 148.271 27.3339 166.346 201.366 240.498 
116.77 32.122 159.798 75.2367 112.762 103.003 39.1667 71.3167 212.171 231.066 197.608 0.213131 114.704 246.055 32.9025 32.0315 
104.954 149.193 27.3851 102.337 144.809 247.465 3.07371 90.0764 200.144 10.3975 100.962 57.3384 50.8159 189.732 200.898 171.962 
248.653 48.251 224.947 103.756 15.1407 164.378 223.052 80.3398 98.5979 50.1339 1.33593 221.193 54.4856 84.2814 53.618 59.8963 
105.29 108.942 201.541 16.8936 216.881 16.9158 16.9741 90.9613 107.14 144.805 219.718 64.4943 139.249 181.586 181.067 6.6749 
37.4143 87.6216 7.55044 130.797 215.092 16.6375 69.338 24.3674 245.032 230.988 138.04 93.1074 87.0944 39.3634 117.631 45.6976 
237.413 97.2508 25.9329 20.3834 206.536 23.3637 34.0731 222.622 143.506 14.4982 24.2262 161.568 149.198 45.0087 123.78 116.245 
79.7708 68.1015 228.238 14.1325 119.188 233.459 212.195 172.641 28.9874 55.8651 107.392 155.263 144.796 159.263 56.73 103.495 
104.592 30.4616 223.207 137.319 197.972 87.3894 154.459 224.746 212.44 147.903 41.7109 51.6759 108.316 33.9859 59.2244 141.495 
90.6881 124.882 215.301 165.749 4.81162 78.1621 4.03197 100.942 114.049 215.858 55.8113 232.671 189.324 79.8116 74.6986 216.044 
55.8955 26.2906 208.073 108.301 31.7638 180.532 210.167 145.595 71.65 108.536 145.442 123.805 178.746 37.5501 55.9934 236.783 
200.135 89.4145 241.904 45.6157 86.1685 33.9449 206.927 16.0323 89.1922 30.2396 92.9752 197.353 171.441 209.164 185.589 56.7863 
47.2837 62.1388 44.7306 36.8227 34.7389 47.383 33.14 56.7379 69.7124 29.1097 21.2791 26.2433 65.1253 45.9303 47.1793 35.3599 
19.5703 16.3973 11.3173 8.12146 19.5816 15.1573 11.7072 8.00403 19.5357 15.2023 10.2296 8.07908 18.5239 15.233 10.8672 8.18595 
15.0885 14.01 13.4551 13.086 15.072 14.0622 13.5015 13.0575 15.2278 14.0654 13.6137 13.1218 15.1752 14.2588 13.6719 13.2304 
13.2355 14.5574 15.6409 16.7105 13.4844 14.6274 15.7465 16.6138 13.7878 14.6508 15.8129 16.765 13.9604 15.1566 16.0424 16.8423 
31.9587 30.0547 27.8985 29.5128 46.7689 29.9759 33.3413 46.287 27.6645 47.4708 25.974 29.7344 36.2798 43.3892 32.0093 47.6138 
183.173 232.828 59.8039 79.0195 51.8846 127.024 111.646 157.958 4.00868 244.899 178.253 145.543 97.3115 85.2953 59.8844 157.862 
238.276 220.389 116.085 165.305 32.1167 39.7139 139.679 83.9007 198.717 190.502 168.817 236.308 125.106 188.104 241.766 48.4094 
248.886 203.704 6.95153 165.222 120.525 252.491 183.993 196.608 94.8072 95.6847 76.3029 171.971 216.481 20.7603 160.977 207.611 
111.497 156.787 47.6882 224.614 23.9604 230.938 53.4556 130.183 122.079 22.6134 0.638468 173.428 114.205 8.86171 95.8629 183.584 
68.0699 114.689 196.936 153.736 222.85 65.5837 252.086 202.212 207.485 155.672 63.847 82.373 105.882 176.516 173.742 111.285 
162.027 127.545 49.4809 60.1131 121.693 90.2611 10.9694 106.943 121.186 53.5763 40.271 219.424 213.236 225.325 205.481 86.6512 
54.1763 160.443 111.587 184.313 207.784 208.907 153.848 88.0829 31.6191 194.596 188.718 99.2454 41.2238 132.884 248.239 134.917 
34.9141 18.7279 241.914 131.51 204.921 5.02029 66.2634 79.8413 253.104 83.5592 94.4462 59.8495 218.602 60.0134 249.263 30.0158 
50.0729 135.801 115.315 125.749 160.759 227.291 191.49 91.9351 9.08616 73.3932 14.5718 237.091 100.993 150.252 167.54 150.951 
157.386 78.174 162.9 168.66 45.9594 170.045 208.045 252.762 154.662 66.6997 165.374 63.1949 149.061 162.106 20.0638 170.912 
115.378 199.249 157.194 118.438 104.732 133.424 8.07612 216.163 30.6528 59.9226 126.06 40.197 233.118 94.7232 173.951 199.051 
22.7164 75.0047 190.644 186.686 21.4675 53.2424 78.7901 225.641 184.993 45.5497 135.918 172.65 89.2565 123.022 96.1078 91.6362 
157.167 64.5881 165.419 153.725 46.3802 17.2682 227.85 96.2445 139.951 12.3921 28.8794 144.258 224.292 115.533 41.3282 66.5811 
144.695 52.1691 142.046 141.865 222.911 148.773 119.963 122.347 127.399 69.9302 98.0162 84.1635 144.463 11.6677 156.923 37.6687 
23.3101 132.774 130.187 244.651 139.131 90.8237 30.978 252.733 12.058 134.903 48.3458 157.35 170.782 86.4522 59.7447 196.409 
131.299 40.1929 249.399 198.145 16.1942 164.369 208.597 107.566 247.364 21.6372 203.676 137.82 54.6081 44.4896 106.544 157.794 
189.272 123.061 152.62 134.83 234.219 111.361 238.15 10.264 94.9283 187.558 119.573 62.3266 110.908 29.3901 129.34 35.1539 
25.3367 89.0778 47.592 4.4687 111.719 127.61 6.99033 67.9788 43.0277 148.216 204.993 36.8979 63.7481 105.4 218.239 13.7824 
22.0498 138.119 122.911 82.1986 133.105 48.2134 141.026 83.782 46.0678 79.4336 85.0512 80.7092 109.078 96.0853 57.3766 150.822 
32.5532 31.8665 31.3579 30.5617 32.6285 31.9682 31.3381 30.2459 32.4908 31.762 31.1064 30.1919 32.4269 31.7461 31.1156 30.0835 
25.4541 24.3239 23.4083 22.4306 25.5592 24.2201 23.375 22.2134 25.6144 24.179 23.2001 22.2857 25.5439 24.2743 23.3238 22.2663 
22.0007 21.9602 21.9257 21.6137 22.2181 22.1975 22.0276 21.7124 22.2872 22.2814 22.1621 21.8209 22.4761 22.3873 22.3295 22.1575 
25.2978 25.6988 26.1021 26.2545 25.3733 25.9077 26.1976 26.3767 25.4765 26.024 26.3908 26.4354 25.6024 26.1182 26.4933 26.6891 
33.1045 33.2881 33.3002 33.1072 33.1534 33.4704 33.4347 33.098 33.1836 33.4317 33.53 33.3501 33.2519 33.567 33.5881 33.4614 
56.1863 48.9378 44.5386 51.9984 53.9879 47.0508 58.6606 40.8609 56.8165 36.1566 51.7679 57.5991 41.2514 53.0204 49.9535 40.9451 
209.09 124.804 177.934 105.711 156.365 74.0615 176.732 58.8522 174.086 190.261 61.8321 201.613 85.6838 45.6893 213.824 155.117 
71.5938 178.13 137.184 64.0987 92.7104 52.3875 53.7022 94.4692 180.749 198.729 100.389 173.319 39.7661 44.9973 132.187 111.556 
76.6828 216.546 161.346 196.788 212.593 140.49 124.844 138.224 113.617 80.6107 169.493 150.006 82.0439 44.2193 190.014 243.676 
154.715 246.203 154.107 53.8325 38.0157 220.206 132.495 179.673 39.5161 26.4574 174.885 176.364 111.621 16.4589 65.0087 85.1764 
111.922 110.351 234.111 181.443 142.553 170.246 77.8691 209.463 154.073 60.5763 123.03 8.45843 62.8479 85.8684 42.5079 118.443 
137.716 162.227 94.0335 24.1825 195.08 118.878 78.5961 47.1582 59.476 196.668 244.799 109.391 194.472 126.419 221.238 18.2172 
112.396 169.937 67.1171 225.337 185.546 135.867 18.0664 75.4795 169.463 58.2282 34.6064 96.8217 160.499 173.863 238.355 185.401 
110.058 201.704 102.983 97.0513 243.385 148.709 194.186 33.1153 163.981 173.128 172.943 95.3217 136.96 52.6537 157.327 174.287 
64.4022 237.212 115.052 206.916 179.721 96.1467 22.3828 140.778 125.958 93.1662 159.967 108.435 187.791 142.301 128.949 107.849 
74.945 69.5531 39.6124 218.249 78.035 50.7788 243.871 230.797 59.6893 214.832 77.5742 65.2835 218.058 105.681 238.254 39.7413 
63.2454 142.347 247.108 251.699 146.846 217.472 149.199 188.601 119.64 187.399 225.698 163.527 69.4102 193.055 219.334 138.086 
182.514 33.423 53.3389 100.83 195.875 80.0613 32.8537 72.0687 63.385 105.993 77.7314 56.1001 203.015 103.239 229.421 222.912 
86.2099 8.07065 207.721 178.946 224.596 74.1859 131.359 18.9626 148.876 46.8931 191.795 126.817 15.145 69.5491 172.828 19.2545 
242.078 38.4838 32.2838 54.173 183.062 160.977 122.216 241.401 28.3411 150.193 127.813 52.5725 252.11 7.33759 144.87 195.092 
136.501 152.74 233.578 23.6528 74.5668 205.389 38.2602 52.4976 227.934 77.2314 143.824 253.346 174.324 202.863 249.793 222.964 
229.82 105.786 197.038 132.883 29.9008 45.3068 42.7524 207.136 88.2424 52.3826 172.543 154.57 146.301 193.899 56.9758 215.494 
173.559 8.81426 234.529 7.10726 247.38 204.235 38.4434 175.397 54.6625 32.189 47.4064 32.5112 176.935 68.6679 235.339 143.529 
59.8001 60.1836 61.1004 42.0547 56.7792 62.2171 58.3729 42.3644 48.2528 54.2931 52.9588 48.3896 45.127 45.6816 52.1781 44.0977 
41.7542 40.9702 39.9004 38.8118 41.7343 40.5659 39.7234 38.5969 41.3528 40.3722 39.2882 38.5279 41.1978 40.0965 39.3573 38.2933 
31.4775 31.1764 30.8685 30.1562 31.693 31.1846 30.745 29.8312 31.6357 31.1068 30.4256 29.7392 31.583 31.0547 30.5262 29.7955 
24.066 38.062 35.8329 33.5103 24.1136 38.2708 35.9894 33.6112 24.1678 38.3776 36.1024 33.6688 24.3352 38.3327 36.0079 33.7559 
33.6389 33.7874 33.869 33.6688 33.6148 34.0036 33.9957 33.7745 33.7374 34.0703 34.1678 33.9546 33.8868 34.1902 34.2523 34.1427 
39.3041 39.5245 39.5988 39.528 39.3488 39.6158 39.7071 39.5182 39.3701 39.7317 39.8127 39.707 39.4151 39.7664 39.8653 39.7297 
43.3338 43.4844 43.5047 43.2913 43.4593 43.6201 43.596 43.295 43.489 43.6521 43.6303 43.5142 43.5176 43.7288 43.7192 43.5276 
51.2412 52.3056 52.1467 51.3742 51.2911 51.8059 51.7874 51.3924 51.073 51.8042 51.6308 51.2606 51.096 51.8797 51.6059 51.0401 
70.0337 77.6766 75.4557 71.475 69.5791 76.9079 75.8687 70.6283 68.7392 74.3708 72.3925 69.1983 67.0503 72.8053 70.3618 66.8847 
77.9489 83.5762 82.1259 81.6015 77.3567 82.2935 85.4343 79.9453 76.6654 82.7603 83.6921 78.6219 76.4328 77.096 77.8543 78.2883 
104.263 108.857 108.043 90.2713 96.8831 91.6239 86.9847 103.868 93.1539 98.3495 85.8108 102.878 97.0233 77.6989 100.7 96.7237 
91.6199 95.6467 115.704 101.171 88.4435 97.2889 112.038 78.1929 115.069 112.375 94.6218 107.377 105.096 82.8504 83.6359 87.2135 
113.955 118.726 100.989 138.616 136.655 160.732 129.9 164.52 131.657 167.039 176.098 167.514 61.7147 175.759 80.0734 91.7318 
117.872 93.2145 92.4676 118.186 82.7292 120.323 121.283 97.6917 96.4507 91.2632 124.268 96.5864 123.856 84.6097 120.772 111.584 
54.4116 159.771 144.197 252.051 88.8746 146.18 95.7727 211.684 94.5743 55.2542 41.4784 96.884 189.21 57.6297 222.005 129.026 
137.137 114.141 56.0978 116.73 0.196258 183.813 54.166 50.9753 35.443 56.9922 169.448 118.048 235.84 102.203 74.5769 58.1359 
198.441 234.393 164.486 245.157 181.765 70.4419 85.7971 235.368 204.812 7.05992 13.2285 253.952 215.21 55.3573 214.563 253.973 
162.09 109.433 139.641 97.8386 15.9116 36.591 90.0141 172.224 103.141 49.9459 176.825 123.701 137.742 103.428 44.0383 131.448 
132.147 105.186 158.03 117.186 187.379 172.157 201.964 199.054 75.6054 96.0277 43.7877 207.514 240.414 6.36818 56.4049 202.47 
121.208 21.3835 213.097 206.922 40.1387 77.7379 227.515 154.183 194.415 1.62422 3.869 64.9505 79.2323 212.778 149.644 58.729 
7.86466 73.429 159.755 36.8001 142.92 69.0726 75.5921 81.16 156.866 221.045 195.91 132.013 197.78 79.7382 101.351 148.546 
99.3083 150.777 96.3331 106.337 124.32 107.896 129.296 132.345 96.4059 93.8789 92.9942 161.521 134.89 123.019 143.616 103.979 
130.943 119.647 112.186 105.239 130.318 122.993 109.848 124.545 138.483 121.805 114.211 128.379 116.467 135.13 121.588 109.167 
121.631 149.344 138.707 115.79 73.0207 69.2392 161.972 70.5535 101.423 109.24 153.11 162.25 110.978 83.3671 81.9041 122.633 
66.6361 62.3417 60.8568 60.7687 67.2936 60.5305 61.6395 59.6371 64.7695 63.016 62.7897 64.799 65.7713 64.1448 59.5382 61.6492 
54.9753 54.4493 53.8275 53.2317 54.5892 54.173 53.5467 52.974 54.635 54.0526 53.3101 52.7388 54.8535 54.1117 53.2875 52.667 
38.0134 56.8529 53.5281 50.5359 38.1271 56.8724 53.5973 50.4491 38.1187 57.0103 53.5451 50.5936 38.1051 57.067 53.6762 50.6009 
13.7658 61.2819 53.2388 47.5516 13.7746 62.7294 55.2194 49.0732 13.7361 66.3279 57.6382 51.5445 13.6391 69.2975 60.4547 52.7326 
40.3219 53.0443 51.157 49.2134 40.3036 53.3089 51.3424 49.47 40.4849 53.4673 51.6099 49.5799 40.6185 53.4411 51.5173 49.6614 
44.7101 44.9541 45.0409 45.0619 44.7641 45.0961 45.1291 45.0972 44.8513 45.0693 45.1741 45.2405 44.8774 45.1848 45.2389 45.2008 
48.444 48.916 49.0236 49.5047 48.5838 48.6704 48.995 49.3627 48.5856 48.7748 49.0202 49.4837 48.635 48.8749 49.1151 49.3652 
52.0927 52.5123 52.3632 52.5108 52.1997 52.203 52.2814 52.4128 52.268 52.2193 52.2694 52.4694 52.2287 52.3238 52.3377 52.3661 
58.4737 59.3203 58.7819 57.5377 58.314 58.5935 58.2398 57.4288 57.7603 58.2114 57.742 56.9004 57.4973 57.9887 57.4255 56.3824 
81.0152 82.2076 81.482 79.2131 79.9676 81.0927 80.5997 78.6093 78.3669 79.068 78.1567 76.8188 76.8788 77.4618 76.5366 75.1134 
87.9442 88.5406 87.8665 86.8222 86.2859 87.2073 87.4292 86.0743 84.4725 84.1324 84.4417 84.7787 83.8973 83.0296 82.9047 83.4954 
92.7717 92.9571 92.8112 92.5498 91.255 91.1621 91.07 91.1057 89.3555 88.9022 88.7969 89.1623 87.8701 87.3164 87.2271 87.7037 
95.5467 95.8029 96.3647 96.6905 94.5778 94.6242 95.2007 95.8549 93.3969 93.2568 93.6283 94.6053 92.3783 92.3702 92.8713 93.5492 
95.8183 96.0661 97.6171 98.6971 95.4895 96.1184 97.431 98.2051 94.5955 95.6652 96.6105 97.0955 94.2612 94.9641 95.9594 96.6273 
60.1121 105.904 5.35529 195.34 177.615 76.7751 241.294 78.0444 47.8731 251.813 241.884 75.4492 49.1853 112.583 212.922 48.4607 
208.949 139.207 84.801 91.2458 114.364 42.7628 149.261 105.854 12.2932 185.351 139.335 67.7366 221.546 35.4489 149.275 146.708 
73.3002 50.6298 121.097 186.312 179.467 2.39068 212.599 18.6738 61.3539 207.35 254.554 167.814 59.3112 132.657 231.327 213.209 
0.885735 250.597 149.899 122.917 76.8956 198.468 197.667 187.288 161.969 57.9273 91.5656 29.1729 184.225 161.113 216.757 239.924 
126.415 207.73 10.5926 68.4508 130.327 179.46 245.268 252.487 25.8249 23.0425 136.298 139.886 165.821 63.6036 177.54 36.1709 
67.6322 114.706 229.783 177.075 147.74 248.757 188.096 126.915 63.6131 28.6307 199.273 246.052 4.93789 186.391 233.912 75.6767 
129.918 133.302 130.127 123.925 135.648 127.641 129.818 129.737 139.929 128.607 127.093 129.235 135.138 130.894 130.691 128.593 
134.763 129.402 124.091 119.958 135.535 129.205 123.09 120.055 137.654 131.669 125.598 120.585 137.048 133.22 126.431 120.983 
132.763 127.25 121.65 117.486 133.815 127.329 120.656 117.675 135.874 129.676 123.529 118.334 135.295 131.361 124.497 118.826 
120.588 117.406 114.199 110.662 121.194 117.804 113.966 111.202 121.087 117.957 114.455 111.654 120.725 117.321 114.529 112.677 
85.709 84.3675 83.2535 82.4014 85.0889 84.0222 82.5427 81.9215 85.0695 83.7544 82.4361 81.6888 85.1936 84.0506 82.6271 81.9618 
67.1539 66.7528 66.0191 65.6296 66.597 66.1192 65.482 65.1534 66.6029 66.0172 65.1883 64.8614 66.8198 66.1134 65.3907 64.9914 
72.0418 71.1605 70.8547 70.523 71.9331 71.7751 70.7478 70.3496 71.4471 71.9838 71.4948 71.0159 72.3417 72.0816 70.7928 70.2701 
49.3822 68.6973 65.5095 62.4649 49.4 69.0612 65.8125 62.8674 49.562 69.4293 66.1835 63.1073 49.6304 69.5856 66.3793 63.3199 
57.6191 58.5475 58.6986 58.6682 57.6826 58.7499 58.8298 58.9707 57.8496 58.8858 59.0137 58.9853 57.8437 58.8354 59.1011 59.0328 
54.5677 54.9574 55.3504 55.688 54.5476 55.0423 55.4191 55.8139 54.67 55.1234 55.5144 55.8488 54.778 55.1944 55.5524 55.8357 
55.4397 55.5706 55.7085 56.0079 55.4743 55.7066 55.881 55.9999 55.6046 55.6932 55.8293 56.0341 55.469 55.636 55.8749 55.8892 
57.7188 57.802 57.4842 57.5527 57.6355 57.2399 57.1328 57.1922 57.4079 57.1887 57.0719 57.0766 57.3198 57.1303 57.0169 56.8884 
74.6438 74.1549 73.1818 71.4963 74.0788 73.664 72.739 71.235 73.501 73.0084 71.9557 70.4197 72.7883 72.3168 71.3942 69.9374 
84.0149 84.0668 83.5081 82.6378 82.8036 83.0808 83.2231 82.2923 81.4813 81.0698 81.178 81.2817 80.9603 80.2183 80.1252 80.3954 
86.8424 87.3416 86.9399 86.2598 85.6391 86.4671 86.9108 86.0248 84.3788 84.1023 84.6351 85.2057 83.9686 83.4058 83.5824 84.2775 
90.2804 90.8271 90.574 89.8423 89.1437 89.9363 90.3654 89.5983 87.8928 87.694 88.1203 88.7704 87.5672 87.0215 87.2067 87.8484 
93.6835 93.9895 94.6987 94.8403 93.3627 93.7127 94.1378 94.3386 92.488 92.9213 93.3206 93.4538 92.0433 92.3596 92.8908 93.0994 
94.6027 95.0251 96.3514 97.0202 94.6935 95.4303 96.3926 96.826 93.977 95.0939 95.8661 96.1162 93.6563 94.4992 95.571 96.0553 
123.216 203.316 38.4019 77.8592 36.711 75.194 237.861 190.855 131.998 88.5743 236.258 71.135 188.306 46.8367 74.6574 68.5444 
111.898 239.203 19.0683 238.014 240.539 249.87 128.373 48.2102 129.176 219.288 142.339 40.5931 185.599 237.754 201.556 112.785 
31.9595 146.663 64.6202 150.4 137.518 196.665 198.404 177.648 73.0632 10.1569 219.496 110.956 140.016 218.534 205.537 106.66 
82.1536 217.059 22.1482 42.0344 74.0756 166.288 120.163 26.4163 56.7075 190.483 53.2939 173.652 29.7384 120.333 193.749 98.7136 
183.254 54.0132 67.3509 246.732 229.484 92.1187 166.329 69.1189 112.285 64.3875 151.607 197.474 15.208 95.3702 123.812 139.766 
123.118 135.278 133.115 141.572 123.484 147.607 141.23 122.625 129.478 128.057 124.611 129.662 137.652 124.3 117.06 125.061 
134.285 134.307 132.902 131.521 133.831 134.52 133.054 132.113 133.755 133.166 132.508 132.247 134.067 132.572 131.6 132.625 
134.083 132.531 130.23 128.396 133.776 132.579 129.977 128.587 134.7 132.375 130.573 128.908 134.781 132.704 130.001 129.198 
129.74 127.39 124.849 122.301 130.441 127.599 124.604 122.612 129.988 127.366 124.857 123.066 129.763 126.858 124.643 123.675 
122.893 121.62 119.902 118.402 123.078 121.916 119.625 118.043 122.53 121.223 119.375 118.008 122.253 120.891 119.325 118.1 
109.365 108.569 107.479 106.225 109.246 108.437 106.943 105.895 108.656 107.808 106.498 105.667 108.273 107.573 106.412 105.546 
82.5004 81.161 81.0405 80.7211 82.6629 81.9684 80.9571 80.5977 82.0038 81.9827 81.6543 81.1798 82.6837 81.9472 80.8755 80.409 
76.2813 74.7574 74.551 74.4166 76.7519 75.8556 74.8997 74.4728 76.1724 76.2331 75.8271 75.2637 76.8889 76.306 75.2212 74.5648 
74.7376 73.8055 73.851 73.8286 75.1664 74.9421 74.2784 73.7854 74.9659 75.6187 75.6738 74.9207 76.0754 76.0744 75.2075 74.4706 
62.6642 62.8676 63.1951 63.4031 62.8924 63.2349 63.3824 63.6122 63.2264 63.6195 63.8112 63.8409 63.5067 63.8686 64.1883 64.1747 
62.536 62.911 63.6209 64.6208 62.4245 62.8395 63.6428 64.4355 62.5641 63.2235 63.8912 64.6669 62.724 63.4785 64.1915 64.7134 
65.1471 65.1234 65.4056 65.93 64.8363 65.0605 65.3865 65.4816 64.6012 64.9887 65.256 65.4526 64.3017 64.7324 65.1648 65.0469 
68.3026 67.8748 67.5752 67.4947 67.9959 67.6428 67.4082 66.9987 67.7359 67.4855 67.1352 66.7962 67.2731 67.0908 67.0198 66.312 
75.4281 74.622 74.1516 73.4896 74.7548 74.0087 73.4019 72.8018 74.2363 73.5761 72.9592 72.1715 73.7349 73.1137 72.6265 71.9634 
81.3652 81.5201 81.8292 82.0136 80.9265 80.9683 81.3779 81.457 80.2577 80.1815 80.4659 80.7061 79.4757 79.5039 79.8574 80.2503 
84.9132 86.2708 87.315 87.5595 84.8231 85.2587 86.909 87.3787 83.9725 84.4531 85.6811 87.2067 85.0284 85.9932 86.1702 86.4071 
87.1225 88.3903 90.6756 92.0485 86.8749 87.814 89.9535 90.929 87.1631 87.8571 89.8177 90.7292 86.8983 87.9188 89.9799 90.9328 
92.3849 93.0234 93.7863 93.8811 91.9922 92.3806 93.0348 93.4461 91.5737 91.6981 92.2514 92.7178 91.0759 91.3955 92.0056 92.3203 
93.377 93.8691 95.1851 95.8754 93.3377 94.0471 95.0024 95.4098 92.5998 93.6209 94.4708 94.6066 92.5804 93.3193 94.1806 94.6425 
157.761 230.938 210.057 203.539 155.896 122.866 212.25 216.023 111.624 55.3282 107.789 195.761 80.4998 193.745 240.167 15.091 
209.988 80.1375 134.759 8.78309 10.556 104.332 204.04 29.0791 155.057 130.053 83.8587 19.9346 57.6615 5.48368 161.999 252.556 
241.225 65.275 73.1999 20.7739 247.491 85.0721 63.944 129.415 236.053 253.949 211.254 49.0764 125.817 0.113305 125.573 229.884 
28.9712 221.35 181.478 211.548 104.794 68.8953 128.606 223.124 62.9427 234.063 105.308 32.5607 153.126 102.068 161.617 179.599 
108.224 71.5202 122.431 28.6307 246.837 113.015 27.5311 145.909 221.748 220.912 54.1837 210.817 141.703 5.73647 109.066 92.7754 
134.17 142.744 132.055 131.854 137.57 143.52 134.569 133.267 131.087 136.601 134.013 131.479 141.767 130.458 135.901 140.271 
136.716 135.843 134.835 133.868 136.751 136.264 136.691 136.421 136.018 135.064 136.251 136.552 137.625 136.32 136.415 137.421 
132.706 131.754 130.858 130.642 133.417 131.542 130.239 130.416 132.888 131.329 130.698 130.881 132.078 131.365 130.917 131.381 
129.356 128.781 128.184 128.161 129.881 128.69 127.832 127.738 129.488 128.404 128.096 128.057 128.825 128.259 127.927 128.133 
125.626 125.219 124.503 123.895 126.005 125.097 124.037 123.6 125.241 124.566 123.973 123.712 124.806 124.204 123.688 123.79 
118.579 118.253 118.192 117.824 118.206 117.677 117.511 117.694 117.24 117.042 116.985 117.315 116.96 117.105 117.062 117.205 
107.179 107.546 107.834 108.116 106.995 107.663 107.836 108.054 106.533 106.998 107.365 107.766 106.622 106.64 107.055 107.546 
83.9469 82.8731 83.1201 83.2614 84.3783 83.9035 83.5854 83.2996 84.0439 84.3147 84.5887 84.1425 84.93 84.5062 83.9764 83.5573 
75.9907 75.935 76.1114 76.4243 76.2282 76.1493 76.5448 76.2119 77.0348 77.0342 77.3621 76.574 77.8725 77.8822 78.1877 77.6282 
68.6744 68.7172 69.1443 69.7688 68.8815 68.7811 69.297 69.8073 69.5313 69.9099 70.4988 70.5664 70.403 70.8679 71.5461 71.5774 
65.9862 66.3651 67.1501 68.0054 66.0045 66.2915 67.0736 67.9298 66.2799 66.9942 67.5731 68.2711 66.7136 67.3579 68.03 68.5696 
67.4734 67.7268 68.2033 69.0196 67.2345 67.3127 68.0412 68.6956 67.0543 67.5801 68.1979 68.871 67.1431 67.6535 68.413 68.7337 
71.713 71.9576 71.8656 71.2238 71.4203 71.2558 71.1487 70.914 70.5159 70.5371 70.3428 70.5025 69.8676 70.1017 70.2548 70.0612 
76.1096 76.1821 76.2083 76.235 75.6948 75.5614 75.5882 75.6008 75.1847 74.8938 74.8403 74.8242 74.7364 74.3514 74.4026 74.5226 
81.9357 83.2032 84.4898 85.2498 82.1694 82.21 83.769 84.7896 81.4414 81.9343 82.9326 84.4144 82.3387 83.4408 83.608 83.7861 
83.8821 85.741 87.9239 89.2682 84.347 84.827 87.279 88.6769 84.1014 85.0281 86.8821 88.685 85.26 86.973 87.9636 88.3052 
85.0379 87.0058 89.3624 90.6458 85.4487 86.1484 88.7488 90.1861 85.3406 86.3936 88.4415 90.2152 86.4665 88.2529 89.4238 89.808 
87.8413 89.4344 91.9361 93.655 87.5818 88.8079 91.3093 92.6156 87.9385 88.9743 91.2053 92.4311 87.9727 89.2182 91.4385 92.6087 
89.8396 92.3333 94.0873 96.5503 89.6173 92.2669 94.2927 96.3241 90.0611 91.8423 93.9262 96.1482 90.8688 92.5662 93.8263 95.4642 
158.545 206.455 33.253 90.5016 104.321 52.019 248.839 192.266 245.481 39.9563 222.027 38.4724 167.217 251.936 10.5473 160.206 
27.5638 231.257 59.8801 107.552 253.368 116.68 48.2169 9.19073 131.34 117.803 33.2031 100.741 204.306 129.576 89.9568 243.839 
20.4976 250.385 181.598 166.135 242.526 69.8369 87.929 192.993 60.2103 180.948 99.2184 229.945 200.246 28.6862 237.345 38.6237 
195.341 240.211 175.364 233.542 158.906 44.8398 229.855 195.156 176.505 154.982 28.9226 66.9606 71.6861 49.4738 209.536 27.034 
136.274 133.291 142.244 88.2214 115.663 162.675 96.3421 121.102 109.215 127.524 89.7974 210.211 200.98 64.4422 71.2625 166.467 
140.867 139.248 138.662 138.39 139.638 138.361 140.053 141.213 138.435 138.134 139.357 140.606 139.942 140.308 140.788 140.891 
138.119 137.218 136.284 135.604 138.557 137.65 137.88 137.919 137.475 136.565 137.689 138.356 138.851 138.334 138.599 139.508 
136.588 135.698 135.035 134.554 136.923 136.066 136.646 136.774 136.067 135.307 136.47 137.131 137.273 136.856 137.266 137.985 
130.329 130.306 130 130.163 130.666 129.972 129.605 130.007 129.815 129.653 129.795 130.162 129.102 129.259 129.752 130.304 
125.534 125.514 125.515 125.644 124.991 124.718 125.196 125.573 124.071 124.255 124.719 125.039 123.849 124.286 124.671 124.887 
120.344 120.607 121.279 121.741 119.61 119.652 120.518 121.68 118.607 119.13 119.975 121.123 118.589 119.187 119.967 120.845 
114.753 115.327 116.624 117.724 114.241 114.664 116.109 117.906 113.434 114.255 115.806 117.545 113.839 114.85 115.862 117.273 
103.347 104.382 105.67 106.956 103.022 104.62 106.056 107.211 103.287 104.428 106.13 107.527 103.696 104.512 105.84 107.196 
83.951 84.1934 84.7384 85.5609 83.9698 84.4742 85.6 85.8881 84.9789 85.4763 86.8429 86.676 86.0422 86.4248 87.5638 87.6971 
72.0482 72.3221 72.936 73.5146 72.8374 73.202 73.9107 74.6236 73.9779 74.607 75.3773 75.941 75.0877 75.7845 76.65 76.8641 
68.4358 68.8954 69.7861 71.0306 68.4366 68.7661 69.9783 71.2124 68.6693 69.7051 70.8044 71.8093 69.2402 70.4642 71.5686 72.2221 
70.9418 71.8943 72.5697 72.794 70.9993 71.4682 72.1957 72.8064 70.2024 71.0169 71.6044 72.6802 69.6651 70.7649 71.7506 72.2874 
72.7942 73.5636 73.7288 73.2735 72.7284 72.7638 73.0401 73.1528 71.5992 71.9168 72.0374 72.8152 70.7932 71.4759 72.0811 72.3654 
76.1059 76.8372 76.6305 75.8423 76.2631 76.0148 75.8932 75.7402 75.1904 74.9229 74.6528 75.2137 74.1863 74.5171 74.722 74.7781 
80.4953 80.7377 81.0514 81.405 80.5343 80.4218 80.6578 80.9376 79.9544 79.8666 79.9587 80.2047 79.613 79.5278 79.6284 79.891 
84.2245 85.497 86.7763 87.4525 84.6606 84.859 86.3736 87.3846 84.2499 84.9351 85.9822 87.3733 85.4532 86.7317 86.9261 86.8257 
86.0269 87.3812 89.5426 91.022 86.3908 87.3425 89.4082 90.5131 87.0874 88.0513 89.9495 90.8765 87.237 88.4842 90.5044 91.294 
88.5626 90.0869 91.3435 92.9932 88.6757 90.4003 91.8069 93.2819 89.3229 90.5058 92.038 93.5503 90.0308 91.2169 92.2838 93.4373 
88.6838 91.0909 93.0749 96.037 89.0259 91.7259 93.9092 96.4412 90.2185 92.1523 94.285 97.0808 91.7523 93.5147 94.8874 96.9804 
151.292 98.4839 92.794 108.376 246.072 22.6179 145.949 253.577 145.194 138.77 8.4471 121.827 186.97 61.6205 121.802 148.635 
2.42705 237.304 47.73 80.7994 162.952 45.3387 178.728 73.2773 119.374 74.9588 64.2667 137.812 117.581 78.3747 136.784 162.391 
111.214 52.6169 53.8979 175.962 143.404 20.6762 243.834 251.513 50.7143 60.5797 10.9995 92.0659 247.036 86.0515 224.495 129.376 
234.611 248.901 9.8905 125.405 229.861 48.2298 182.405 29.3415 169.254 92.3612 117.213 148.989 103.296 129.453 191.762 230.531 
146.419 144.366 139.523 142.619 137.836 140.173 138.335 143.124 137.472 146.133 143.184 146.294 136.142 142.782 142.446 146.767 
144.921 144.074 144.616 144.974 141.898 141.847 143.857 145.504 140.902 142.151 142.452 143.613 140.49 142.847 143.679 142.904 
141.089 139.498 139.253 139.111 139.897 138.728 140.582 141.71 138.643 138.474 139.823 141.145 140.116 140.479 141.182 141.338 
137.932 137.912 138.277 139.768 137.417 137.713 139.932 140.511 136.743 136.479 140.086 140.704 137.082 136.767 137.444 140.195 
131.414 132.61 133.611 134.624 130.722 131.753 133.44 134.359 130.215 131.201 132.692 133.868 129.917 131.097 132.938 133.826 
126.138 127.435 128.798 129.779 125.326 126.434 128.191 129.79 124.66 125.855 127.619 129.128 124.272 125.372 127.372 128.793 
120.656 121.648 123.331 124.878 119.815 120.333 122.368 124.725 118.865 119.879 121.955 124.223 119.03 120.618 122.316 124.086 
114.537 116.564 119.229 121.851 113.817 115.83 118.747 122.201 113.377 115.273 118.706 122.394 113.701 115.924 118.742 122.27 
107.116 109.611 112.25 114.603 106.844 109.132 112.333 115.778 107.034 109.225 112.929 116.634 107.673 110.679 113.426 116.893 
93.9201 95.4541 97.2554 99.4229 94.0855 96.3299 98.58 100.515 95.6359 97.6952 100.107 102.048 96.6702 98.795 100.813 102.526 
75.9322 77.6072 78.986 81.4245 76.5455 79.2294 81.4447 83.2709 77.9299 80.746 83.5859 85.7144 78.9809 83.1507 85.1422 87.0909 
72.0853 72.8089 74.0585 75.9268 72.1828 73.1649 75.0269 76.4087 72.1841 73.7441 75.2087 76.9139 72.0687 74.4224 75.8129 76.8966 
73.034 73.6991 74.6993 76.1554 72.986 73.672 75.0767 76.1875 72.5797 73.7127 74.99 76.3017 72.2847 74.0286 75.1885 76.147 
75.3328 76.1383 76.0388 75.4013 75.6764 75.564 75.6086 75.72 74.7473 74.7187 74.7305 75.5767 73.8951 74.5828 75.0217 75.2557 
78.5803 78.7367 77.8313 76.776 78.886 78.145 77.4506 76.8856 78.555 77.4781 76.9521 76.5826 77.8141 77.1836 76.7578 76.4462 
81.0004 80.8782 80.0057 79.1489 81.3378 80.5084 79.7349 79.2701 81.2239 80.1845 79.4918 79.0839 80.6929 80.0005 79.502 78.9688 
86.1131 85.6746 85.4682 85.3157 86.4761 85.9584 85.6149 85.5945 86.7843 86.5891 86.3194 86.0444 86.9728 86.8079 86.6595 86.2092 
88.5504 88.6857 88.8025 88.9055 89.2553 89.2181 89.3268 89.5217 89.9353 90.0908 90.3473 90.361 90.5011 90.6781 90.9111 90.7278 
90.7446 91.0074 91.3898 91.6656 91.6895 92.0126 92.271 92.5287 92.789 93.1849 93.4506 93.6706 93.7357 94.0213 94.3364 94.3784 
89.9449 91.9418 93.044 95.4054 90.9523 93.3544 94.5382 96.4547 92.8488 94.2906 95.7627 97.7956 94.854 96.2341 96.7993 98.2753 
182.418 160.197 84.711 90.5403 240.003 193.085 115.873 51.438 106.55 83.3695 167.6 21.9022 11.2805 216.285 127.674 82.3217 
112.342 244.448 136.349 145.792 15.6477 45.8179 37.3718 86.2514 36.6136 103.944 53.8202 120.609 181.973 181.874 251.258 226.761 
50.916 4.8237 92.501 95.6986 110.271 44.562 145.948 249.077 29.1669 142.122 53.1482 154.947 87.5809 205.095 28.7356 207.535 
60.504 188.014 47.0151 198.58 70.4346 49.5422 41.427 25.2523 19.4888 30.5274 185.468 35.7917 61.0699 173.33 239.378 30.3216 
165.102 166.933 165.547 161.277 160.574 160.647 164.055 165.006 161.736 165.763 161.073 160.53 159.983 165.07 160.551 164.647 
148.002 147.174 147.912 148.357 144.936 144.894 147.064 148.795 143.809 145.253 145.558 146.987 143.321 145.829 146.727 146.178 
151.621 152.268 154.079 155.114 149.524 151.236 153.997 155.094 148.182 147.488 150.928 153.058 148.915 149.918 149.399 152.647 
141.072 141.408 142.455 144.642 140.061 140.966 144.527 145.376 139.284 139.399 144.11 145.251 140.086 139.922 140.788 144.304 
133.65 135.725 138.361 141.984 132.866 135.317 140.569 142.961 132.832 133.993 140.719 143.205 133.302 134.455 137.278 142.268 
127.552 130.255 132.882 135.318 126.846 129.322 132.676 135.19 126.547 128.899 132.059 134.357 126.51 128.973 132.347 134.649 
122.853 125.077 127.808 130.065 122.492 124.744 127.613 130.205 122.457 124.491 127.425 129.836 122.3 124.439 127.168 129.413 
116.351 118.815 121.639 124.206 116.565 118.607 121.816 124.774 116.799 119.134 122.329 125.566 117.507 120.172 122.68 125.552 
110.053 111.6 113.587 115.649 110.503 112.337 114.69 116.42 111.956 113.815 116.206 118 112.895 114.983 116.921 118.628 
92.6683 95.3447 96.6438 98.8002 93.6604 97.5567 99.7129 101.369 96.4162 99.1393 102.819 104.558 98.8503 102.45 104.266 106.639 
78.9442 81.8134 83.4406 85.6731 79.803 84.4548 86.7093 88.6031 83.2806 86.3009 90.5242 92.6332 86.2718 90.404 92.3355 95.2348 
75.9343 77.8398 79.364 81.368 76.2203 78.7423 80.8617 82.4477 76.845 79.4265 81.7736 83.7631 77.2791 80.8531 82.6256 84.3736 
77.4289 77.9909 78.6493 79.5164 77.5454 78.0726 79.0565 80.3359 77.2908 78.22 79.3896 81.0453 77.7877 78.5076 79.6442 81.1019 
78.5045 78.4008 78.5705 79.1812 78.5678 78.5609 78.8614 79.8019 78.6113 78.9374 79.4605 80.6508 79.1117 79.5832 79.9456 80.958 
79.6747 79.6244 78.7472 77.9102 80.3366 79.4872 78.7384 78.4241 80.4223 79.3318 78.8473 78.6583 80.1612 79.4475 79.017 78.8085 
83.9155 82.4987 81.5471 80.6961 84.4769 83.0424 81.6947 80.9135 84.852 83.6235 82.4096 81.4702 84.9675 83.8898 82.8121 81.8791 
90.7574 89.853 89.0945 88.6334 92.1162 91.0314 89.9545 89.411 93.1775 91.7817 90.6447 89.9061 94.9776 93.1415 91.7849 90.955 
92.3986 92.175 91.9881 92.0628 93.364 93.1221 92.7241 92.7043 94.5066 94.3581 94.0069 93.6987 95.2541 95.0553 94.7238 94.502 
94.2804 94.4119 94.4591 94.1427 95.7305 95.8524 95.7115 95.3848 97.228 97.26 97.0465 96.544 98.5165 98.5001 98.109 97.8085 
93.7061 94.7847 95.6854 95.9345 95.5276 97.0043 97.6962 98.0449 97.978 99.2896 99.5879 99.7693 100.175 101.147 101.129 101.296 
196.192 192.136 189.689 133.437 109.544 244.338 239.84 94.603 237.451 231.463 175.053 130.911 155.6 113.732 105.808 117.671 
218.083 226.532 209.921 230.588 214.076 224.867 212.914 221.349 235.456 222.164 236.786 236.751 212.404 204.249 219.998 221.319 
154.46 165.735 155.634 219.201 216.556 162.262 180.966 165.663 191.672 189.496 200.675 160.245 176.863 173.36 197.957 164.829 
201.29 200.327 204.794 203.894 200.091 200.627 203.319 201.983 201.958 204.653 201.808 205.997 208.568 203.77 205.267 207.612 
185.472 185.76 186.625 186.95 184.707 185.49 186.361 186.15 185.692 186.452 187.083 186.532 186.673 187.589 188.424 187.793 
167.524 167.923 169.772 170.6 166.248 166.832 168.339 169.942 165.56 164.607 165.691 168.217 166.767 167.133 166.432 169.143 
155.737 156.734 158.654 159.592 153.59 155.42 157.804 159.346 152.23 151.848 154.506 157.214 153.022 154.345 153.781 156.893 
151.036 152.452 155.036 156.687 148.912 151.349 154.928 156.902 147.767 147.577 151.902 155.031 148.653 150.155 150.347 154.406 
133.364 138.347 143.318 147.704 132.874 137.463 144.188 148.55 133.503 137.324 144.081 149.294 133.28 137.448 143.315 148.161 
134.26 136.598 138.981 141.471 133.209 136.43 139.428 141.805 133.602 137.501 138.592 141.849 135.291 138.145 141.16 142.792 
130.16 131.329 132.629 133.854 130.57 131.77 133.195 134.337 131.411 132.864 134.309 135.178 132.322 133.937 134.867 135.214 
122.098 122.764 124.191 125.269 122.999 123.62 125.06 125.999 124.354 125.397 126.6 127.317 125.303 126.48 127.355 127.764 
115.585 115.705 116.378 116.985 116.768 116.899 117.932 118.288 118.355 119.159 119.786 119.871 119.581 120.56 120.919 120.747 
106.651 106.133 106.384 106.671 108.2 108.201 108.462 108.446 110.166 110.713 110.846 110.162 112.393 112.317 112.364 111.571 
91.3086 92.6024 94.4899 95.417 92.9319 94.245 95.7496 96.8936 95.7634 96.3804 97.3451 98.0658 97.7209 98.3235 98.6454 99.1072 
82.976 83.9711 85.0775 85.7937 83.3101 84.4888 85.5693 86.4291 83.5843 85.077 86.102 87.1379 84.1206 85.1822 86.3386 87.1099 
80.624 81.0973 81.7443 82.8254 80.4708 81.5568 81.9354 82.8134 80.877 82.129 82.643 83.5374 81.2241 82.4909 82.9635 83.43 
80.5708 80.3299 80.3117 81.0326 80.744 80.8452 80.9124 81.808 81.2434 81.5707 81.8354 82.7874 82.0384 82.3372 82.4983 83.1522 
82.4432 81.7469 81.154 81.1655 82.7727 82.5979 81.4855 81.0824 83.847 83.7026 82.7127 82.0792 84.5287 84.6853 83.601 82.7102 
90.8609 89.7654 88.6865 88.1733 92.3659 91.1215 89.7347 88.803 93.5186 91.9274 90.5091 89.4203 95.3788 93.3826 91.8098 90.6724 
93.8062 92.9654 92.2019 92.2488 95.1272 94.2724 93.2731 92.9146 96.2431 94.924 93.9718 93.3851 98.0651 96.304 95.0462 94.4693 
95.5596 95.0445 94.7891 94.8776 96.9731 96.33 95.7149 95.4962 97.9873 97.0023 96.2772 95.8224 99.7815 98.3236 97.198 96.9007 
96.6792 97.5653 98.3798 99.1037 97.6538 98.7097 99.3752 99.8067 99.1283 99.8919 100.417 100.615 99.9424 100.655 101.025 101.452 
94.4814 98.142 100.779 103.065 96.5036 100.383 102.94 105.035 98.6665 102.536 104.757 106.525 100.465 104.352 106.11 107.953 
237.29 233.814 238.418 244.139 239.96 240.225 241.969 242.746 241.148 245.076 244.313 242.772 231.474 231.334 234.515 232.51 
228.922 225.36 230.343 236.39 232.022 231.659 234.139 235.125 234.509 237.69 237.288 236.123 237.987 237.251 240.235 237.872 
224.809 221.466 225.598 231.033 227.447 226.772 229.124 230.119 229.595 232.47 231.582 230.847 233.153 232.087 234.942 232.859 
212.425 214.787 215.793 215.251 214.022 215.002 216.257 216.261 217.746 217.196 216.384 218.408 220.597 219.227 219.418 219.517 
199.9 201.729 201.612 201.306 200.859 201.044 201.381 201.844 203.543 202.488 201.046 203.328 205.761 204.144 204.109 204.514 
185.892 185.618 186.572 187.641 187.375 185.236 184.71 187.206 188.392 186.598 184.566 188.363 190.133 188.711 187.478 189.549 
165.749 166.214 168.229 169.52 164.461 164.89 166.594 169.069 163.569 162.392 163.699 167.282 164.934 165.307 164.405 167.858 
159.505 160.467 161.632 163.938 158.041 158.652 160.115 162.043 158.156 158.272 159.959 162.575 158.397 159.458 160.906 162.619 
144.644 146.632 148.848 151.067 143.546 146.295 149.102 151.319 143.853 147.125 148.592 151.921 145.392 147.804 150.644 152.492 
141.386 141.648 141.774 142.918 140.913 141.767 142.296 143.058 141.294 143.131 142.108 143.264 143.364 144.552 144.912 144.504 
140.213 141.149 140.453 139.903 140.112 141.635 142.116 140.769 140.138 141.309 140.81 140.497 142.86 142.2 141.395 141.077 
131.956 131.988 132.168 132.586 132.658 132.859 133.122 133.349 133.918 134.431 134.673 134.51 134.956 135.754 135.75 134.995 
121.778 121.332 121.591 121.434 122.929 122.819 122.868 122.503 124.571 125.155 125.169 123.98 125.914 126.395 126.213 124.502 
110.94 110.273 111.028 111.122 112.364 111.398 111.491 111.881 114.586 113.424 112.545 112.079 115.845 114.457 113.65 112.58 
101.583 100.947 102.3 102.48 103.091 102.058 102.615 103.07 105.494 104.223 103.509 103.164 107.02 105.029 104.409 103.39 
94.5844 94.0906 95.5204 95.5231 95.2159 94.7612 95.7857 96.2274 96.9781 96.2798 96.1126 95.9352 97.5137 96.3576 96.2049 95.603 
85.0408 84.5255 84.407 84.8635 85.1178 85.0098 85.0609 85.4626 85.3172 85.3342 85.4254 85.5387 85.6157 85.3991 85.4551 85.4309 
84.22 83.5751 83.1863 83.5416 84.1218 84.0708 83.4794 83.6609 84.7533 84.7738 84.1458 83.9621 85.1294 85.3047 84.5813 84.1474 
87.3484 86.1963 85.1694 84.7352 87.6734 86.7509 85.7347 85.0105 88.2391 87.2934 86.2485 85.0653 88.7549 87.8252 86.8113 85.7024 
94.1624 93.7308 92.3771 90.9013 93.6973 93.1773 91.9721 91.2071 94.0124 93.0114 92.1252 91.1793 94.4675 93.3414 92.9122 91.7717 
96.299 95.334 94.6712 94.3951 97.3356 96.3374 95.101 94.8483 97.6264 96.3519 94.9687 94.2225 98.5395 97.0316 95.5758 94.9164 
100.222 100.907 100.99 101.327 100.318 101.124 101.114 100.029 99.6246 99.5854 100.039 99.7636 99.5673 99.2576 98.8146 100.376 
99.3629 100.784 102.372 103.867 99.6069 101.161 102.591 103.777 99.9517 101.54 102.786 103.761 100.052 101.576 102.624 103.967 
98.5582 102.205 104.809 107.275 99.1032 102.829 105.553 107.89 99.9831 103.61 106.264 108.681 100.866 104.351 106.692 109.046 
248.717 249.458 252.461 252.082 251.035 252.227 252.821 252.892 252.107 253.217 253.489 253.692 251.965 253.535 253.959 253.925 
238.845 237.031 240.755 244.388 240.339 240.598 243.057 243.969 241.482 244.256 244.798 244.614 244.076 244.015 246.595 245.632 
228.202 228.923 230.068 232.814 227.817 227.78 231.755 237.84 228.818 229.193 234.657 236.472 230.325 231.573 237.351 234.373 
214.512 217.123 218.533 218.096 215.604 216.894 218.696 219.339 218.009 218.376 218.03 220.253 220.674 220.063 220.588 220.799 
207.492 208.714 212.164 212.177 209.646 210.152 211.919 212.528 210.77 211.384 211.992 213.662 213.555 212.405 212.964 214.303 
198.261 196.335 199.456 198.06 198.97 198.677 199.11 199.995 199.204 200.186 200.434 201.289 200.162 201.098 200.374 202.256 
173.797 174.397 175.484 177.262 172.318 172.445 173.508 175.239 173.338 172.616 173.723 175.79 174.25 174.696 175.667 176.718 
163.053 163.723 164.999 167.128 161.259 161.869 163.035 164.88 161.972 161.934 163.578 165.705 162.288 163.328 165.005 166.368 
159.125 160.071 159.533 161.487 158.33 159.395 158.784 159.518 158.441 159.363 160.301 160.966 158.53 159.933 162.305 163.221 
145.386 146.54 146.045 145.436 144.927 146.761 147.362 145.999 144.725 146.135 145.912 145.58 147.348 146.916 146.465 146.454 
142.766 143.573 142.65 141.817 142.797 144.081 144.436 142.938 142.538 143.392 143.732 143.009 144.81 144.376 143.591 143.356 
138.463 139.355 138.58 137.606 138.782 140.133 140.568 138.707 139.037 139.811 139.961 138.843 141.132 140.429 139.591 138.998 
126.842 126.663 126.401 126.184 127.769 127.857 127.547 126.974 129.207 129.609 129.176 127.916 130.091 130.56 130.148 128.293 
121.033 120.815 120.715 120.383 122.173 121.826 121.269 120.978 123.387 123.235 122.73 121.851 123.873 123.906 123.342 121.976 
109.161 108.542 109.102 108.809 110.142 109.206 109.358 109.51 111.633 110.641 110.168 109.608 112.184 110.862 110.383 109.519 
97.2061 96.2934 96.1291 95.5269 96.8085 96.7019 96.8991 96.6988 97.0716 97.0771 97.2254 96.545 96.649 96.183 96.3735 95.9196 
91.3143 89.4992 90.0443 89.6398 91.1532 90.2688 89.8404 89.1877 90.9796 90.785 90.2352 90.2822 90.4236 89.8561 89.1094 89.4935 
88.042 87.06 86.3983 86.6371 88.2659 87.5406 86.6933 86.7297 88.2316 87.4721 87.0536 87.0339 88.1871 87.2213 86.8106 86.2479 
92.1588 91.6549 90.5005 89.1595 91.4992 90.9281 89.9385 89.3583 91.7259 90.7182 89.7776 89.0403 91.8849 90.7666 90.208 89.3424 
96.6884 96.4424 95.6309 94.4368 96.3375 96.0214 94.9323 94.1973 95.5577 95.3766 94.4554 93.3997 95.1144 95.0771 94.4717 93.5351 
99.6266 98.8624 98.3152 97.985 99.1639 98.875 97.6917 97.5557 98.0642 97.6733 96.4426 95.6689 96.6664 96.5827 95.785 95.6165 
101.079 100.629 100.49 100.571 100.988 101.036 100.21 99.7535 99.5137 99.4067 98.5229 97.898 98.1778 98.2338 97.2894 97.9317 
102.709 103.807 104.257 104.494 102.705 103.858 104.261 102.754 101.533 101.874 102.605 102.392 101.298 101.3 101.089 103.028 
104.06 106.036 107.682 109.41 103.815 105.627 107.647 109.138 103.8 105.588 107.309 108.993 104.315 105.945 107.257 108.678 
254.9 255.142 255.381 255.331 255.006 255.2 255.376 255.389 255.145 255.148 255.44 255.645 255.421 255.354 255.581 255.607 
248.969 249.963 250.864 251.014 249.669 250 251.73 253.819 249.669 249.484 252.308 253.264 249.878 250.418 252.602 252.115 
238.534 239.177 238.29 240.98 235.944 236.458 241.035 248.414 234.763 235.973 243.559 245.608 235.336 237.319 244.958 241.632 
226.407 227.598 227.422 230.191 225.333 226.784 231.06 237.8 224.716 227.091 233.086 234.583 224.583 226.752 233.538 229.697 
209.098 207.792 211.073 209.665 209.52 210.446 211.93 212.256 208.847 211.793 213.458 213.614 209.373 211.395 211.58 213.026 
202.612 200.574 204.097 202.384 202.496 203.248 204.82 205.089 202.044 204.556 206.435 206.668 202.666 205.067 205.453 206.887 
195.926 194.143 197.682 195.864 195.837 196.357 197.357 197.821 195.244 197.106 198.723 198.764 195.801 197.971 197.801 199.071 
168.645 169.003 169.126 172.158 169.456 170.289 169.687 171.539 169.447 170.413 172.846 174.235 171.061 171.657 174.308 172.719 
157.634 159.146 157.454 158.384 158.388 160.656 159.221 159.473 158.348 161.371 162.639 161.623 158.395 160.947 164.38 164.974 
153.353 154.6 153.008 153.809 154.493 156.376 154.799 154.708 153.478 156.702 157.508 156.363 153.997 156.21 159.072 159.063 
146.375 147.244 146.661 145.85 146.321 147.469 148.034 146.91 146.182 147.062 147.489 147.216 147.96 147.489 147.171 147.545 
144.006 143.892 143.142 142.749 144.096 144.2 143.915 143.877 144.244 145 145.377 145.59 145.168 146.198 146.511 146.238 
132.782 132.599 132.26 131.629 133.969 133.491 133 132.338 135.196 135.207 134.539 133.634 135.542 135.859 135.486 133.867 
125.278 124.868 124.264 123.773 126.367 125.635 124.698 124.19 127.432 126.831 125.752 125.029 127.832 127.216 126.511 125.452 
117.964 117.823 117.537 117.065 118.625 118.144 117.482 117.154 118.926 118.492 117.947 117.519 119.07 118.692 118.151 117.4 
106.416 105.208 104.067 103.349 105.51 105.186 105.235 102.683 103.733 103.325 103.204 101.45 103.426 103.863 103.751 100.762 
92.119 90.2954 90.6959 90.7192 92.3802 91.2665 90.2031 89.4611 91.7766 91.2817 90.6053 91.0832 91.2908 90.5318 89.6465 89.9743 
90.1459 88.6077 88.8905 88.4567 90.3877 89.347 88.456 87.5674 89.9361 89.5663 88.7768 88.8089 89.4388 88.8173 87.8574 87.894 
92.9054 92.6613 91.7502 90.7929 92.9209 92.4733 91.3935 90.5342 92.4119 92.0638 91.4514 90.7386 92.3666 91.9304 91.3755 90.4431 
96.4939 96.67 95.5093 93.8489 95.9523 95.7244 94.8514 93.8852 95.5106 95.2511 94.6713 93.8148 95.559 95.3198 95.1145 94.0868 
98.7501 98.5149 97.7511 96.8665 98.5116 98.1439 97.2991 96.7326 97.6202 97.4951 96.7339 95.9629 97.1345 97.213 96.7092 96.0258 
103.744 104.117 103.899 103.386 103.604 104.089 103.947 101.848 102.117 101.954 102.21 101.511 102.088 101.518 100.711 101.998 
106.044 106.215 106.757 106.717 105.563 105.704 106.593 106.753 105.187 105.41 106.103 106.37 105.538 105.539 105.663 105.985 
108.909 108.576 109.231 109.726 107.929 108.321 109.606 109.696 108.121 108.163 108.8 110.329 109.002 109.12 109.314 109.091 
255.442 255.734 255.701 255.616 255.792 255.774 255.788 255.822 255.734 255.483 255.544 255.71 255.523 255.624 255.513 255.434 
254.677 255.103 255.015 254.894 254.551 254.873 255.152 255.124 254.557 254.296 254.728 255.067 254.5 254.502 254.592 254.721 
240.891 236.205 240.154 245.011 235.97 235.461 242.015 244.427 235.454 235.27 243.069 241.506 235.864 236.605 242.945 242.032 
224.397 227.858 230.739 228.546 224.994 227.088 232.86 232.953 226.883 227.2 232.264 234.277 226.606 227.587 229.873 230.812 
219.6 220.393 221.193 220.947 219.474 222.221 224.215 224.527 218.299 222.191 223.468 224.156 217.543 218.865 220.572 221.73 
206.244 204.121 207.382 205.961 206.349 206.636 208.072 208.564 204.612 207.056 209.199 209.477 204.609 206.283 206.996 208.465 
182.257 182.247 183.361 185.689 183.111 183.354 183.724 185.886 182.366 182.958 185.716 187.479 184.346 184.328 186.44 184.858 
172.176 172.431 172.829 175.314 173.41 173.965 173.975 176.252 173.647 174.409 177.037 178.593 175.629 176.078 177.921 176.471 
165.033 165.462 164.965 167.865 167.092 168.301 167.23 169.055 167.253 169.228 171.567 171.904 168.94 169.798 172.819 170.79 
154.936 155.415 155.581 155.589 155.508 156.725 157.033 157.655 157.58 158.32 158.869 159.265 158.392 159.363 159.96 160.655 
151.395 151.364 151.747 151.835 151.871 152.028 152.279 152.893 152.652 153.435 153.728 154.032 153.589 154.07 154.297 154.443 
149.214 149.112 149.118 148.708 149.814 149.355 149.208 149.34 151.373 150.79 150.72 150.775 152.207 151.847 151.677 151.668 
147.735 144.723 143.174 141.767 147.807 145.695 143.161 142.224 148.317 147.827 146.134 144.084 148.315 146.888 146.827 144.888 
134.488 133.701 132.429 131.264 135.665 134.33 132.623 131.42 136.332 135.435 133.669 132.428 136.46 135.622 134.231 132.655 
123.173 122.251 120.09 118.827 122.756 121.789 120.902 118.23 121.466 120.041 119.104 116.864 121.198 120.837 120.057 116.609 
111.725 111.55 109.938 108.852 110.291 110.507 110.402 107.837 108.087 107.616 107.467 105.762 107.596 108.246 108.42 105.382 
104.03 103.124 102.027 101.095 103.02 102.874 102.837 99.8629 100.892 100.664 100.45 98.6854 100.404 101.233 101.115 98.1543 
87.2156 92.6038 87.185 76.2573 85.8762 94.2214 84.3715 72.9861 89.1913 93.3083 88.8219 71.6627 87.077 92.3337 89.9828 75.3315 
92.2119 91.11 89.3662 87.0252 92.4957 91.7459 89.5182 87.0783 92.8734 91.9841 89.8887 87.0298 92.7764 92.0622 89.9334 87.4713 
98.4115 98.1568 96.744 95.2481 98.3648 97.7374 96.5142 95.2829 98.212 97.8398 96.7452 95.57 98.3617 97.8874 97.1353 95.8464 
103.623 103.189 101.723 100.643 103.684 103.043 101.745 100.733 103.903 103.35 102.131 101.058 103.793 103.05 102.534 101.375 
106.523 105.999 105.125 104.21 106.302 105.724 105.199 104.294 106.231 105.592 105.155 104.454 106.359 105.516 104.889 104.433 
110.54 109.614 109.359 108.953 109.34 109.772 110.207 109.514 109.744 109.652 109.583 110.31 110.986 110.513 109.52 109.075 
110.143 109.619 109.969 110.494 109.066 109.35 110.407 110.447 109.198 109.166 109.751 111.106 110.124 110.197 110.335 109.966 
255.395 255.219 255.017 254.772 255.485 255.216 255.059 254.884 255.414 255.393 255.149 254.995 255.368 255.376 255.035 254.956 
244.965 238.824 243.663 248.417 241.213 239.873 245.206 244.698 240.389 239.603 244.2 242.507 241.481 240.929 244.484 245.297 
237.532 233.35 238.373 241.794 233.254 232.192 238.82 239.048 233.806 232.257 238.742 237.768 234.364 234.19 238.506 239.795 
232.112 228.254 234.108 237.07 227.949 227.375 234.975 235.041 228.806 227.865 235.25 234.33 229.475 229.726 234.898 236.114 
219.517 221.565 223.964 222.521 220.042 219.724 224.489 224.873 221.253 219.472 224.144 227.107 220.153 219.589 222.687 225.76 
209.671 208.1 208.273 209.128 208.705 207.653 209.061 210.405 206.134 206.247 208.473 210.135 204.02 203.291 206.959 210.289 
195.302 193.581 194.725 196.02 194.945 193.619 195.068 196.676 191.812 192.183 194.389 195.919 190.985 190.758 192.743 194.945 
173.412 173.125 173.438 176.166 174.755 175.13 175.105 177.348 174.573 175.436 178.06 179.562 175.716 176.04 178.641 177.406 
163.003 163.116 163.038 164.416 164.737 165.297 165.445 166.792 166.953 167.471 168.326 168.039 167.303 167.624 169.01 169.024 
159.202 159.243 159.645 160.797 160.901 161.424 161.494 162.542 162.917 163.314 163.613 163.214 163.708 163.488 164.118 163.612 
155.531 155.548 155.82 155.957 156.29 155.834 155.851 156.474 158.26 158.17 157.386 157.377 158.507 158.822 158.208 157.955 
156.556 154.145 152.006 150.807 156.454 154.055 151.358 150.319 156.496 155.592 153.737 151.717 156.553 155.656 154.875 153.102 
153.468 149.316 147.065 145.203 152.864 149.893 146.717 145.496 152.982 151.599 149.537 147.348 152.523 150.531 150.044 148.25 
149.488 146.236 143.749 142.134 149.081 146.173 143.099 141.889 148.716 146.995 144.692 142.716 147.769 145.829 144.705 142.878 
140.535 139.945 138.742 137.226 140.76 139.404 137.937 136.5 141.192 138.837 136.438 135.156 141.012 138.732 135.816 134.222 
121.505 120.743 118.841 117.546 120.551 119.868 119.317 116.625 118.873 117.368 116.595 114.538 118.264 117.979 117.421 114.099 
94.4901 100.363 94.5871 82.7843 92.5012 101.247 90.8388 78.5433 95.529 99.4931 94.5444 76.2918 92.741 98.0173 95.5305 80.5386 
85.9349 92.2489 84.6221 69.4351 84.5184 94.4478 80.96 65.0524 89.1041 93.1912 86.561 63.3046 86.6066 92.5718 88.2868 69.2856 
88.9692 93.3658 86.3216 73.3319 88.0087 95.6552 83.3271 69.5563 92.2929 94.9872 88.4661 68.3015 90.1491 94.4802 90.2974 73.68 
102.559 100.375 97.0319 93.5798 103.159 101.131 97.4765 94.1559 103.41 101.466 98.051 94.4669 103.052 101.176 97.642 94.3719 
107.632 106.075 103.888 102.288 107.88 106.269 104.025 102.336 108.198 106.691 104.553 102.73 108.254 106.694 105.02 103.25 
112.102 110.93 109.734 108.178 111.408 111.508 110.747 109.497 111.919 111.706 110.702 109.697 113.144 112.023 109.64 109.477 
113.11 112.201 111.293 110.237 112.175 112.542 112.395 111.604 112.709 112.745 112.367 111.827 114.086 113.361 111.178 111.439 
111.999 111.035 110.901 110.637 110.791 111.123 111.91 111.298 111.16 111.019 111.225 111.977 112.402 112.076 111.101 110.801 
249.873 244.94 245.338 247.876 249.59 247.876 248.164 245.922 246.802 246.965 246.105 246.011 249.061 247.578 247.719 248.078 
247.077 243.304 243.839 246.234 247.251 246.207 245.816 243.755 244.397 244.559 242 242.546 246.216 243.946 242.95 245.098 
239.347 233.248 238.321 243.125 235.213 234.234 239.454 238.719 234.139 233.848 237.889 236.319 235.963 234.945 238.347 239.593 
225.914 227.723 230.138 228.612 226.314 226.157 229.02 229.075 226.811 225.549 227.461 229.7 226.5 226.985 227.673 228.234 
218.279 218.605 218.16 217.878 217.25 217.721 217.771 217.901 215.646 215.815 216.473 216.997 214.394 213.243 214.707 216.859 
203.839 203.549 203.714 204.118 203.617 203.615 204.717 204.722 200.993 201.436 202.713 203.714 199.523 198.65 199.829 201.778 
193.57 192.88 192.578 192.951 192.175 192.059 193.336 194.633 189.505 190.237 192.084 193.741 187.536 188.123 190.467 193.026 
182.376 181.789 181.158 181.768 181.336 181.459 182.211 184.146 179.511 180.727 182.65 184.678 177.612 179.124 181.769 184.519 
166.957 166.669 166.68 168.463 168.04 168.389 168.857 170.562 169.48 169.71 170.848 171.572 169.004 169.493 171.551 172.365 
164.794 164.277 164.347 165.704 165.393 164.138 164.172 165.864 166.991 165.849 165.868 166.805 167.535 167.879 168.204 168.405 
163.298 162.93 161.497 161.453 164.406 162.623 161.123 159.624 164.059 163.19 161.91 160.847 161.357 162.701 163.212 161.62 
163.888 160.823 157.042 157.069 162.465 161.702 157.582 155.349 163.421 160.327 158.501 155.244 162.918 160.857 158.616 157.856 
159.219 156.248 153.098 151.424 158.678 155.709 151.766 149.929 157.355 156.057 153.478 151.063 156.93 155.667 154.513 152.579 
155.223 155.8 153.13 152.694 155.263 154.675 152.35 151.313 153.595 153.522 151.322 150.7 153.676 153.892 151.503 150.381 
149.234 149.04 148.038 146.802 149.371 148.392 147.226 146.235 149.424 147.659 145.696 144.742 149.069 147.43 144.996 143.846 
136.512 136.781 138.297 138.048 136.911 140.458 139.576 138.72 139.574 139.759 136.911 136.588 137.875 137.817 136.499 136.906 
86.6912 89.8214 93.4684 90.584 86.027 89.5521 93.2256 91.3437 85.1967 90.3459 88.0868 86.6561 87.4975 84.2975 89.4589 82.9184 
85.6386 91.8488 83.8244 70.0858 84.7229 93.5331 80.273 65.5214 87.441 90.9926 84.4005 62.0344 85.8873 89.228 86.9646 70.083 
98.8934 97.0783 93.4891 87.3658 99.685 98.032 93.382 87.8431 98.5516 97.2273 92.179 87.3697 96.7485 94.502 89.6115 85.0627 
108.902 107.933 103.332 97.9784 108.061 107.701 103.289 99.356 106.961 105.828 101.448 99.4196 105.982 104.005 99.2454 96.7612 
114.076 111.165 107.643 104.396 114.455 111.393 107.442 104.378 114.169 111.327 107.4 104.275 113.828 110.824 106.95 104.028 
116.121 114.587 112.315 110.671 116.356 114.524 111.973 110.398 116.894 114.742 112.195 109.853 116.573 114.883 112.476 110.203 
114.482 113.479 112.619 111.261 113.729 113.785 113.473 112.395 114.062 113.86 113.186 112.41 115.258 114.342 111.968 112.064 
116.762 114.896 114.528 114.542 115.322 113.779 114.126 114.067 115.089 113.779 113.827 114.444 114.181 113.83 114.705 114.942 
244.621 240.433 235.199 235.266 244.265 238.204 236.65 236.04 243.182 239.83 241.104 239.158 242.812 242.697 243.165 239.658 
242.768 237.558 237.906 241.273 242.702 240.657 240.703 238.785 240.211 239.694 238.31 238.432 241.964 239.845 239.95 240.379 
232.354 231.34 230.33 230.991 232.391 231.619 228.937 229.086 231.265 231.204 227.303 226.73 230.345 230.012 227.832 226.722 
226.114 225.3 225.89 225.832 225.556 225.597 223.736 223.746 224.106 225.33 222.02 220.824 223.072 224.214 222.629 219.749 
216.496 215.752 216.819 217.051 216.465 216.563 215.445 215.147 214.278 215.474 212.861 212.134 213.061 214.358 212.858 209.621 
201.84 202.933 203.062 203.158 201.356 202.525 203.252 202.842 200.512 201.247 201.444 201.265 199.563 199.626 199.341 199.334 
193.376 193.758 193.696 193.773 192.908 193.209 194.686 194.988 191.292 192.24 193.22 193.773 189.314 190.016 190.797 191.833 
178.657 179.43 180.619 179.526 180.534 180.495 183.385 183.154 181.779 180.31 181.26 183.671 178.616 180.997 179.075 182.645 
171.324 170.299 170.694 172.284 171.43 169.728 170.816 172.364 172.526 171.201 172.404 173.166 173.145 173.509 174.744 174.896 
166.932 166.565 165.859 166.684 167.957 166.195 165.487 164.96 167.922 166.577 166.09 165.918 165.524 166.921 168.214 167.089 
166.031 165.005 163.084 163.647 167.042 165.853 164.015 161.767 166.792 164.925 163.908 162.246 163.785 164.263 164.434 163.399 
165.656 164.254 161.53 161.618 165.772 164.59 161.787 159.116 165.324 163.236 161.946 159.587 162.384 162.599 162.599 161.123 
165.183 163.366 159.591 160.125 163.459 163.993 160.414 158.332 163.228 161.129 159.92 157.352 162.535 161.302 159.282 159.037 
159.722 160.747 158.373 158.08 159.057 159.244 157.281 156.57 157.117 157.655 156.145 155.85 156.929 157.854 156.341 155.615 
157.034 159.379 158.369 157.802 156.524 158.003 158.576 157.421 154.738 155.596 156.18 155.713 156.456 155.873 154.988 154.426 
148.485 149.864 149.318 149.763 150.881 156.902 156.911 156.527 149.156 154.322 154.019 151.858 147.718 155.154 154.178 153.525 
7.53022 11.5441 10.1431 7.75953 155.07 196.357 200.325 206.169 149.616 194.045 203.491 207.359 149.431 193.054 200.457 204.1 
60.6222 138.735 149.822 189.131 139.867 140.027 132.219 42.1213 125.712 190.625 186.21 169.902 135.67 141.047 234.716 147.163 
210.194 39.1924 99.0471 50.2613 151.832 83.463 172.108 170.872 17.2898 33.6391 222.42 196.197 183.022 20.2481 234.987 12.3293 
102.075 135.423 94.9123 59.7104 68.1428 144.676 158.752 59.3273 62.1106 95.0083 91.6941 130.836 92.2784 108.708 138.584 134.792 
131.226 107.109 108.204 100.697 108.738 108.004 101.393 105.685 125.674 129.563 110.187 111.618 124.999 107.011 121.467 107.571 
118.55 117.885 114.721 113.346 118.704 117.221 114.655 112.938 118.707 117.326 114.882 112.017 118.493 117.702 115.028 112.693 
119.581 116.926 115.535 115.178 118.029 115.62 114.791 114.393 117.788 115.603 114.523 114.201 116.341 115.584 115.772 114.789 
118.878 116.421 115.946 115.973 117.437 115.254 115.261 115.145 116.743 115.068 114.742 115.23 115.49 115.069 115.907 115.903 
238.837 234.145 228.807 229.342 238.268 232.032 230.571 230.512 237.921 234.222 236.002 234.31 237.702 238.434 239.396 234.919 
227.213 225.275 222.02 222.96 232.018 227.14 225.041 225.458 233.846 227.92 227.399 224.503 230.269 226.541 229.816 225.987 
227.357 226.493 224.764 224.185 227.281 226.348 223.546 222.712 227.821 226.832 223.561 222.005 227.314 226.45 224.205 223.501 
219.482 216.357 215.218 215.522 219.572 217.929 214.467 214.064 216.957 220.545 215.83 213.6 215.048 217.71 215.686 212.396 
210.344 211.085 209.965 208.653 209.443 209.893 208.045 207.475 208.864 209.222 207.414 206.152 208.924 209.326 207.626 206.258 
199.436 200.55 200.618 199.904 199.699 200.316 200.091 199.469 199.072 199.816 199.499 199.268 198.548 199.375 199.132 198.469 
183.724 184.839 185.987 184.672 186.245 186.127 188.235 187.331 187.559 186.413 186.613 187.454 185.279 187.033 184.14 186.03 
177.207 177.684 179.134 177.567 180.018 179.306 181.78 180.377 181.73 180.061 180.684 181.07 179.996 181.574 178.765 180.399 
175.375 175.325 176.131 174.993 178.61 177.658 178.579 176.716 179.844 178.139 177.446 176.79 178.321 179.238 175.388 177.071 
171.115 170.662 170.985 171.448 173.766 172.625 173.423 171.459 173.795 173.078 172.204 170.971 173.85 173.201 171.755 170.896 
167.512 167.577 166.844 166.431 170.267 168.758 168.428 165.427 169.156 168.278 167.266 165.764 165.962 166.852 167.007 165.518 
169.127 166.969 164.084 164.013 168.618 168.732 166.366 163.234 168.227 165.643 165.024 162.412 166.923 164.953 163.348 163.688 
168.756 168.837 167.241 166.265 167.303 167.53 166.532 165.25 165.58 166.187 165.777 164.757 164.467 165.015 165.015 164.935 
163.63 165.381 164.43 164.281 162.874 163.994 164.12 163.373 160.757 161.523 162.163 161.868 161.84 161.524 161.2 161.108 
160.288 162.467 162.039 161.364 159.108 161.035 162.232 161.189 157.614 158.088 159.175 159.294 159.362 158.159 157.823 157.834 
147.722 150.399 149.756 148.331 158.097 164.005 166.043 165.02 156.048 160.531 163.61 163.313 158.383 160.841 161.689 162.082 
2.02476 1.89183 1.57617 2.78253 191.835 192.221 191.938 192.91 190.746 191.433 193.781 192.526 188.85 189.853 192.773 191.072 
3.99579 6.58434 2.80838 6.69598 197.212 191.005 192.924 192.645 192.514 192.813 193.436 191.087 190.139 192.109 196.603 193.185 
209.343 161.468 90.7078 216.03 201.284 21.4662 202.046 85.1451 41.6067 55.0611 185.632 144.753 105.705 145.089 206.042 225.439 
170.738 171.775 204.792 179.987 182.274 24.7478 89.4061 65.0123 16.696 57.3791 162.547 180.413 142.166 226.739 210.279 229.773 
178.481 220.835 22.7214 222.333 35.5977 155.971 156.628 66.3548 129.251 60.9176 26.5343 234.105 76.5915 129.065 86.7893 125.804 
160.641 122.222 113.684 168.785 96.0967 88.6243 155.819 148.5 151.219 116.245 111.735 75.0599 153.525 81.2707 84.417 138.489 
121.136 109.911 130.773 102.154 118.4 137.725 123.779 131.669 121.826 109.863 111.673 129.091 131.36 101.074 103.944 118.884 
117.861 115.587 116.247 118.082 115.872 115.449 117.098 115.591 118.724 115.162 117.028 117.805 116.445 115.692 116.945 118.312 
223.79 221.695 218.794 219.265 228.253 223.907 222.614 223.401 231.046 224.667 226.008 221.933 225.901 223.449 230.951 222.775 
219.783 217.611 214.675 216.27 227.462 222.294 220.375 220.947 230.299 223.649 224.605 219.768 223.801 220.073 226.734 219.592 
207.793 206.606 204.63 206.872 212.368 211.702 205.798 205.161 215.121 213.037 213.704 212.985 214.827 214.548 216.086 214.832 
215.113 212.05 210.117 210.165 215.526 213.944 210.109 209.243 213.106 217.696 212.691 209.985 210.993 213.919 211.851 208.852 
209.445 206.905 205.84 205.939 210.507 208.917 206.025 205.438 208.334 212.606 208.63 206.357 206.346 209.305 207.973 205.196 
193.562 193.261 193.266 193.298 193.803 193.803 193.789 193.904 194.528 195.576 195.967 196.143 194.91 195.949 196.592 196.815 
186.338 185.24 184.974 185.196 188.578 186.777 186.69 186.525 189.507 190.422 190.101 189.435 189.092 190.571 190.789 190.086 
177.153 177.119 177.419 176.189 180.707 179.734 179.894 178.128 181.942 180.578 179.334 178.587 180.257 181.362 177.416 178.804 
177.395 175.292 173.939 174.869 179.306 178.091 175.063 172.916 178.818 178.895 176.158 172.671 179.468 178.35 175.862 174.275 
176.759 175.103 173.919 174.691 178.29 177.7 174.854 172.783 177.628 177.814 174.866 171.707 178.062 176.913 174.072 172.907 
172.872 173.237 172.992 172.5 175.513 175.046 175.314 172.19 174.285 173.697 172.673 171.138 173.642 172.469 170.75 170.261 
176.773 176.012 173.73 171.722 174.582 174.974 173.029 171.246 171.465 170.547 171.16 171.097 170.352 169.838 170.227 171.429 
174.852 175.419 174.625 173.558 172.736 173.612 173.416 173.167 169.716 170.132 171.774 171.654 169.176 169.455 171.149 171.491 
171.527 171.958 171.049 171.929 169.464 170.964 170.874 171.241 167.128 168.657 169.39 169.095 167.255 167.657 168.357 169.145 
160.685 162.328 166.301 161.112 159.122 162.186 163.961 161.109 160.847 158.33 162.819 164.414 159.451 156.731 163.08 159.387 
110.835 24.1722 5.32326 37.062 128.862 110.302 204.654 174.523 173.814 174.565 137.495 164.083 192.395 122.539 90.8757 139.145 
2.45446 2.67674 1.46402 2.09398 189.392 188.41 190.32 191.953 186.607 189.226 189.428 189.235 188.26 186.892 190.909 189.261 
107.663 47.8626 104.873 39.9196 132.965 175.827 177.795 173.314 105.334 131.298 108.623 152.76 199.648 154.372 119.133 211.647 
238.736 34.3918 104.984 67.4695 72.4645 50.7031 90.541 126.782 212.191 58.2185 34.6486 101.357 164.05 11.8757 254.678 44.4003 
210.009 140.486 169.667 242.19 206.375 147.694 209.453 123.573 63.4949 189.265 52.214 221.705 252.18 121.055 99.8775 50.3948 
146.922 4.37952 222.794 226.61 237.572 154.83 131.518 90.3664 208.048 28.2776 35.6137 21.0663 166.673 218.412 253.703 97.7541 
45.0644 61.8615 104.283 237.931 165.25 131.153 165.443 242.434 131.851 238.234 246.85 242.973 151.623 114.436 230.917 170.348 
158.518 85.6532 163.145 47.6324 88.8143 31.0514 204.855 242.24 147.348 102.981 42.2255 27.9138 41.5621 167.76 154.019 141.941 
232.522 129.954 165.615 32.4 148.99 194.598 159.205 197.99 196.796 81.8452 144.982 90.5847 213.266 100.089 155.267 134.706 
220.129 218.023 218.58 214.99 215.375 217.871 217.067 216.641 219.061 220.144 222.535 218.73 218.565 223.34 230.438 219.423 
207.034 206.446 204.241 206.16 212.494 211.487 206.653 206.257 217.395 211.672 214.915 213.416 215.981 214.307 219.507 215.886 
202.939 202.455 200.187 202.014 206.567 206.611 201.148 199.807 210.522 207.011 208.47 208.855 211.925 210.794 211.558 212.057 
203.591 202.494 200.759 202.495 207.198 207.315 201.404 200.229 209.555 208.79 209.076 208.878 210.109 210.882 211.196 210.69 
194.439 193.444 192.806 192.489 194.769 194.383 194.326 193.183 195.446 195.069 194.877 194.47 196.543 196.461 195.236 195.202 
188.463 186.527 187.22 188.102 188.519 187.918 189.455 189.743 189.565 190.702 192.434 193.29 190.369 191.447 193.253 194.401 
185.294 182.944 182.709 183.906 185.125 185.011 185.574 185.655 186.798 188.405 189.627 189.934 187.52 188.658 190.126 190.617 
181.399 179.007 176.411 176.444 182.861 181.023 179.228 177.98 183.409 183.926 182.798 181.232 183.182 183.523 184.073 181.611 
179.525 176.886 174.299 174.714 180.933 179.405 175.667 173.373 179.982 180.043 176.902 173.628 180.251 179.107 176.637 175.307 
178.27 178.284 177.826 177.603 178.215 178.685 177.652 176.383 178.545 178.32 176.388 175.28 179.733 178.203 176.09 175.127 
180.49 181.457 181.045 179.428 180.396 180.328 179.364 178.031 180.205 179.411 177.947 177.304 180.852 179.154 176.995 177.318 
182.406 183.129 182.233 180.346 180.385 180.879 180.249 179.74 177.617 176.756 178.128 178.123 177.66 176.759 177.789 177.755 
180.547 181.876 182.306 181.886 178.682 179.967 181.386 182.322 175.803 176.515 178.991 179.113 175.628 175.528 177.758 178.072 
177.456 178.677 179.351 179.559 175.028 177.052 178.47 179.709 172.514 173.849 175.694 175.827 173.312 172.843 174.839 175.044 
128.223 208.312 196.975 207.805 156.587 161.802 114.056 87.4983 211.205 215.225 172.672 195.66 205.344 142.124 103.979 214.296 
10.7772 228.114 153.997 186.602 4.51199 241.746 106.309 130.897 142.938 222.24 21.5265 161.075 200.172 192.289 38.3406 6.69547 
40.8039 136.537 127.138 23.3996 146.815 194.138 79.5415 76.5823 102.331 166.172 112.918 200.971 91.7926 170.038 208.505 123.62 
61.0488 174.077 117.246 92.3872 237.433 127.86 77.8489 156.683 152.167 222.12 187.354 54.6054 173.533 50.1672 29.3793 156.692 
133.193 179.459 201.958 37.3556 20.4064 44.8609 138.433 25.9522 95.4384 153.586 45.9405 206.02 34.2692 210.078 104.535 73.285 
10.2894 79.1732 54.8585 232.029 165.077 124.289 226.354 202.806 164.627 50.3597 141.527 245.521 92.3467 55.7302 164.194 185.023 
188.507 94.8481 189.509 155.304 245.362 16.3551 60.0527 133.772 32.4157 64.5869 22.6226 38.585 164.757 85.5384 192.419 77.5213 
62.2247 39.3807 160.276 41.0151 143.296 232.663 59.4657 242.864 239.86 42.8105 237.121 90.7546 38.5911 209.839 117.581 116.354 
140.931 168.776 239.335 165.608 76.6897 2.90269 231.591 44.2306 137.459 27.9756 121.687 210.21 9.70586 190.997 180.481 24.2297 
108.241 177.167 156.09 47.5373 236.918 169.079 193.919 171.201 75.1377 235.092 136.081 240.426 150.376 164.549 144.575 249.345 
213.7 196.478 197.683 194.955 190.476 219.32 216.102 175.046 180.809 192.101 194.983 202.233 219.905 193.62 210.09 211.187 
205.779 202.078 198.066 200.18 206.444 203.497 200.668 199.988 207.816 203.846 201.474 201.019 207.458 205.023 203.003 202.186 
199.857 198.768 196.424 198.686 203.213 202.971 197.485 196.467 207.288 203.018 204.214 205.046 208.906 207.398 207.508 208.033 
196.857 194.563 192.57 193.166 197.122 195.868 194.449 192.973 197.583 195.412 193.739 193.133 198.585 197.001 194.467 193.543 
191.778 189.819 189.557 189.39 192.52 191.806 191.333 189.991 192.629 190.972 189.785 189.449 193.986 192.986 190.556 189.594 
188.62 186.161 186.825 187.547 188.129 187.906 189.566 188.769 188.732 188.345 189.338 189.774 191.132 190.537 189.522 190.11 
178.982 179.402 179.941 179.971 180.208 181.827 184.033 184.018 181.553 183.936 187.259 187.534 182.608 183.354 185.326 186.495 
178.672 178.211 177.702 177.307 180.15 180.565 181.107 180.559 180.61 182.16 183.971 183.482 180.471 181.329 182.136 182.486 
182.001 181.466 180.11 177.419 182.375 182.118 181.298 179.742 181.919 181.676 181.151 179.887 182.228 180.665 180.48 179.516 
182.709 183.41 183.138 180.513 182.181 182.846 182.223 181.185 182.408 181.763 180.39 179.906 183.162 181.137 179.045 179.872 
185.454 186.268 185.785 183.248 184.521 184.822 183.851 182.88 184.228 183.099 181.894 181.253 184.958 183.047 181.073 181.463 
186.889 187.493 186.853 185.878 185.986 185.543 184.534 184.309 184.814 183.517 182.987 183.152 184.618 183.026 182.111 183.146 
185.651 187.095 187.371 186.208 184.021 184.917 185.723 186.239 181.421 181.425 183.253 183.373 181.085 180.694 182.336 182.01 
190.984 164.068 173.083 188.238 179.887 188.209 179.827 174.664 159.598 183.866 188.226 173.724 173.236 159.519 166.19 176.311 
88.5036 1.44908 127.907 120.189 179.354 128.436 223.508 129.409 204.184 155.613 188.453 23.2604 202.993 0.271437 114.352 187.428 
74.8055 83.3932 163.144 217.335 81.4621 124.212 16.7124 126.799 219.647 9.61285 210.778 115.114 132.948 134.588 18.561 221.02 
192.834 19.6603 164.213 192.756 188.259 97.1499 89.7088 49.9034 216.931 102.597 59.0937 133.444 246.409 201.594 38.805 21.0733 
226.379 142.993 138.142 114.916 112.468 209.656 157.381 82.4379 121.146 15.9981 203.8 172.32 91.8776 105.331 105.308 164.95 
248.568 135.225 191.641 247.858 78.2372 104.662 229.391 201.485 33.2258 208.342 167.865 197.269 38.6589 61.6074 204.658 202.84 
56.0253 103.894 193.268 128.65 170.763 148.955 56.6827 247.311 25.9244 129.785 124.96 244.139 121.703 85.8197 55.7154 159.271 
27.3506 99.2205 247.282 156.877 94.9894 217.055 133.471 128.318 173.573 141.105 28.7178 221.877 179.266 94.8302 156.133 68.9729 
67.1731 84.0125 41.6885 195.7 163.627 116.493 109.923 62.1061 24.8597 32.8131 41.1405 42.0001 167.766 105.65 170.8 27.5206 
152.795 161.493 33.7907 236.567 41.213 147.447 29.9679 238.358 58.5434 116.634 253.578 224.108 240.73 107.833 248.081 139.279 
249.057 103.898 50.511 250.915 70.739 109.566 2.54583 85.1472 148.488 81.6249 14.7169 247.848 89.2492 111.623 195.993 15.5168 
