247000
49.6149 2.81397 214.355 236.775 69.5267 35.145 52.5255 82.184 234.813 19.9242 129.848 226.71 246.902 48.3644 171.404 84.6033 
110.285 112.09 94.1747 116.839 77.1598 87.8187 111.623 137.163 106.027 110.859 88.6794 89.1606 103.351 116.929 104.257 129.05 
103.171 104.3 105.183 103.913 100.991 102.208 102.683 102.525 99.618 100.347 101.517 102.92 99.1111 100.217 101.709 103.061 
101.384 102.414 102.904 102.178 99.8803 100.835 101.305 101.315 98.9679 99.4759 100.352 101.318 98.3163 99.1627 100.275 101.262 
96.8203 97.636 97.4695 96.8781 96.1414 96.5171 96.6491 96.6101 95.0374 95.5084 95.9612 96.1028 94.7385 95.3762 95.9076 96.05 
95.5749 96.1991 95.539 94.4347 94.6203 94.826 94.5476 94.0501 93.6229 93.8787 93.9442 93.6852 93.3645 93.5724 93.989 93.7266 
92.937 93.5045 93.0396 92.2171 92.1391 92.4833 92.3831 91.6524 90.9307 91.069 91.2685 91.1446 90.786 90.7269 90.883 90.7954 
87.5948 87.9044 87.4126 86.8108 86.6618 86.9631 86.9573 86.2815 85.3182 85.0281 85.0811 85.3102 84.6193 84.1146 84.1323 84.5061 
84.4118 84.5604 84.0894 83.4096 83.6978 83.8209 83.8392 83.0579 82.6949 82.2125 82.2452 82.1192 82.2617 81.6939 81.5981 81.5826 
81.0265 81.4222 80.9531 80.1135 80.6898 80.5786 80.3567 79.6693 79.8844 79.5031 79.3107 78.7622 79.0488 78.8912 78.828 78.3839 
78.5242 79.1838 78.8035 77.7416 78.3603 78.3239 78.2049 77.3348 77.7715 77.34 77.1887 76.5499 77.1073 76.8626 76.7426 76.27 
75.1374 75.7852 75.5241 74.9075 75.085 75.1022 74.8735 74.5377 74.638 74.2478 74.1274 73.838 74.0184 73.8329 73.6976 73.5183 
70.4605 70.5594 70.5487 70.7903 70.1184 69.641 70.2631 70.5691 70.0031 69.7796 69.9585 70.122 69.8519 69.7708 69.7775 69.9124 
67.1995 67.0702 67.1934 68.5644 67.1886 66.9029 67.5878 68.0249 67.271 67.3363 67.6246 68.1438 66.8501 67.2227 67.7667 67.6383 
65.1936 65.1505 65.4197 66.7709 65.0657 64.9143 65.7586 66.3595 65.071 65.3186 65.881 66.5915 64.6426 65.2657 66.1028 66.0258 
63.7202 63.7892 64.2728 65.8638 63.7915 64.091 64.7511 65.2909 63.7945 64.3635 64.8532 65.6507 63.3549 64.0849 64.9688 65.0095 
61.1527 63.5893 59.9341 79.4355 65.302 74.869 70.2223 58.564 78.8686 78.3114 69.4455 79.8231 58.9477 79.6812 65.4648 75.394 
249.663 34.6183 123.1 86.736 80.6784 214.472 16.8952 120.439 63.4252 37.9256 218.256 47.7794 103.673 214.578 190.13 47.9791 
18.0165 43.8047 213.933 83.5181 56.7816 103.741 6.78346 65.9368 83.5878 18.1119 4.35077 62.6094 192.35 212.039 245.43 145.266 
174.599 185.679 98.1184 102.595 171.863 175.611 114.101 99.9938 132.417 161.835 141.552 170.864 196.701 182.056 169.715 152.924 
165.264 135.737 169.447 139.551 165.451 140.009 151.275 155.446 134.248 138.238 159.412 156.175 134.752 160.945 134.605 157.134 
166.556 144.994 125.235 189.667 159.921 184.486 183.804 129.259 153.597 188.616 186.673 163.325 187.875 154.198 171.726 150.243 
228.578 43.5414 2.85868 128.216 88.8234 69.4969 85.2709 16.0717 216.793 42.7759 0.975481 149.471 64.3754 80.1282 8.55229 222.845 
59.8063 13.2571 128.351 112.06 181.32 118.856 84.8471 29.2726 233.395 133.662 183.602 76.9175 179.356 67.4308 80.89 202.131 
55.3125 147.062 132.44 83.6874 44.1356 60.8017 136.533 104.408 243.691 80.582 213.191 7.52393 173.752 141.427 213.067 100.543 
29.9555 95.382 141.601 49.9521 67.1232 248.996 184.612 175.255 141.276 121.011 199.306 115.166 202.373 109.208 101.344 159.191 
115.641 111.257 113.277 111.398 115.107 110.697 111.304 113.055 110.291 108.163 111.525 110.078 111.755 107.56 111.745 110.599 
105.479 105.952 106.215 105.767 104.251 104.751 104.685 104.399 103.308 103.218 103.574 104.311 102.674 102.897 103.844 104.711 
101.794 102.367 102.42 102.695 101.211 101.765 102.172 102.65 100.509 100.831 101.364 101.86 100.11 100.632 101.119 101.631 
99.4035 99.9496 99.2643 98.5949 98.5337 99.1235 98.8733 98.1263 97.8863 97.6908 97.7978 97.5612 97.6268 97.3341 97.4845 97.9614 
96.7813 96.794 96.2397 95.4841 96.1605 96.1047 95.4289 95.1265 95.2066 95.3559 94.8011 94.1787 94.7026 94.9186 94.6691 94.1227 
93.8545 93.7618 92.9518 91.9637 92.8117 92.7162 92.1986 91.639 92.3702 91.8756 91.4462 90.9591 91.9818 91.2671 91.1181 90.5384 
88.8598 88.2385 87.5509 87.2017 88.5606 88.0532 87.3332 86.8682 88.0869 87.2561 86.8274 86.6137 87.7217 86.8462 86.34 85.8244 
85.7322 85.1044 84.2877 83.8014 85.3313 84.6444 83.9338 83.613 84.8396 84.1512 83.4019 82.9313 84.4347 83.833 83.2517 82.7882 
81.9318 81.3174 80.7714 80.0944 81.538 80.9324 80.612 79.785 81.389 80.7266 80.3478 79.3176 81.2129 80.7237 80.1233 79.3121 
78.1991 77.0749 76.7682 75.9431 78.333 77.6501 76.7025 75.8905 77.7282 77.573 77.3408 76.5224 78.1143 77.5122 76.4614 75.6101 
74.7804 74.2937 73.8612 73.102 75.0212 74.2887 73.6733 73.0301 74.8709 74.3258 73.5395 72.9279 74.7512 74.3288 73.5501 72.9455 
71.3499 70.863 70.4319 70.1053 71.5038 70.9595 70.4656 70.0233 71.6744 71.192 70.627 70.0092 71.7403 71.3097 70.7491 70.1429 
67.8473 67.4906 67.1594 67.0527 67.768 67.0507 67.2106 67.0947 68.1631 67.7347 67.5413 67.3349 68.0211 67.9993 67.7415 67.209 
64.9753 64.5734 64.498 65.3158 64.6276 64.7037 64.6913 64.7066 64.9223 65.1926 64.9523 65.0466 64.8049 65.0828 65.2082 64.7226 
62.4765 62.5219 62.6483 62.6844 62.3942 62.551 62.7992 63.056 62.5942 62.8079 63.0499 63.0316 62.4148 62.6875 62.9562 62.8674 
61.8939 62.7676 62.8853 61.0018 63.2021 61.2117 63.1465 60.4925 64.3815 62.1875 60.705 63.4399 61.581 62.1074 63.0768 61.831 
24.4318 130.452 81.4619 105.837 200.279 89.9267 144.275 154.839 51.4981 112.539 132.855 238.24 112.698 197.952 118.754 94.0806 
166.146 122.491 126.43 109.699 112.812 146.425 179.6 144.813 137.833 126.246 179.937 184.833 190.899 152.197 182.13 161.757 
162.377 162.426 162.395 163.679 161.858 162.448 161.608 162.914 164.312 163.118 163.245 164.188 164.059 164.465 165.175 165.659 
164.748 164.851 163.693 164.446 164.89 163.831 162.735 161.83 164.404 163.545 163.078 163.394 161.857 163.51 164.804 164.51 
165.458 165.856 164.641 165.104 165.813 164.318 163.214 162.026 164.816 163.804 163.159 163.449 161.99 163.458 165.029 164.075 
156.353 153.257 155.545 163.057 159.672 156.909 151.772 155.954 169.34 165.639 167.897 169.164 171.412 158.823 164.702 153.513 
197.58 108.958 27.0271 73.1725 134.884 154.383 226.746 96.6778 48.7314 239.076 153.401 134.41 83.6156 234.195 138.574 217.283 
116.047 157.452 221.88 53.4937 33.6436 120.872 201.873 123.64 84.8958 21.0586 4.04887 27.2031 41.4955 140.399 202.859 80.4921 
134.954 122.41 135.332 121.244 142.614 148.695 138.376 136.601 142.131 127.324 133.063 124.152 138.663 138.914 128.504 121.947 
121.747 118.97 117.629 116.82 119.51 116.292 115.788 115.454 118.194 115.774 114.53 114.972 116.034 114.619 115.205 114.788 
116.337 114.381 113.873 113.74 114.26 112.688 112.63 112.289 113.264 111.817 111.301 111.717 111.954 111.12 111.806 111.806 
105.145 105.72 105.392 105.464 105.039 105.604 105.365 103.817 103.639 103.545 103.458 103.052 103.084 102.732 102.164 103.531 
101.497 101.035 100.77 100.713 101.366 101.457 100.413 99.7047 99.9241 99.7968 98.7883 98.0042 98.5023 98.4905 97.5246 98.0516 
99.0231 98.3067 97.7527 97.353 98.5104 98.2981 97.1798 96.8874 97.6916 97.2962 96.033 95.1723 96.3477 96.1743 95.2217 95.0405 
95.2743 93.9559 93.4838 93.3897 95.1731 94.3785 93.1324 93.1937 94.7935 94.1428 92.8509 92.0626 93.6936 93.2419 92.1598 91.3173 
90.1998 88.7819 88.5239 88.0213 90.3411 89.2186 88.1083 87.4574 90.284 89.4809 88.4311 88.174 90.0622 89.042 88.0758 87.6873 
87.0329 86.1002 85.3747 85.1088 86.9977 86.247 85.2935 85.1074 87.1956 86.4748 85.7449 85.3049 87.2231 86.5701 85.9527 85.2382 
81.089 79.5244 79.2424 78.9449 81.2641 80.4843 79.4208 79.1365 81.2688 81.2801 80.8705 80.2367 82.3393 81.826 80.7471 79.9928 
77.5969 76.0283 75.9878 75.3727 78.2269 77.3357 76.4162 75.8056 78.0234 78.054 77.7976 77.0203 79.0302 78.5574 77.4395 76.4463 
76.0364 74.2614 73.934 73.5309 76.5158 75.3478 74.2023 73.6354 76.1522 75.823 75.3286 74.5051 76.9556 76.0591 74.8738 74.0238 
72.4465 71.5395 70.8594 70.1842 72.7281 71.8232 70.8651 70.2116 72.7311 72.1628 71.1223 70.2723 72.6868 72.186 71.423 70.5096 
68.701 67.8946 67.1344 66.3741 68.068 67.6925 66.7956 66.0324 68.3181 67.924 66.842 65.9961 68.5417 67.9296 67.0138 66.0858 
64.5609 64.0636 63.5543 62.8892 63.5296 63.6423 63.1031 62.614 63.8965 63.8472 63.1657 62.5545 64.1978 63.78 63.2092 62.5021 
62.3627 61.9858 61.5241 61.1409 61.4172 61.6006 61.2276 60.9579 61.6571 61.7084 61.2224 60.8598 62.0577 61.6073 61.1268 60.8427 
61.9914 60.5213 60.0675 58.8331 60.8738 60.3031 59.5982 59.0462 61.0322 60.7232 59.7608 58.9218 60.4957 59.5504 59.3114 58.8859 
109.077 76.6466 59.5064 57.9084 56.304 63.5561 73.2823 113.124 181.168 87.0197 81.2522 84.9944 77.7447 50.5214 146.578 160.97 
159.837 161.681 163.902 163.45 161.606 162.937 163.932 164.972 163.392 164.66 166.956 164.754 164.121 165.894 166.219 162.939 
161.483 161.724 161.644 162.853 162.767 163.568 163.78 164.899 165.673 165.696 166.081 165.633 166.674 166.412 166.745 166.353 
164.713 164.549 164.294 166.014 164.051 163.437 163.083 164.42 165.121 164.035 164.153 165.379 165.309 165.476 166.276 166.788 
167.364 167.196 166.04 166.101 167.804 166.465 165.338 163.931 166.329 165.683 165.253 164.828 163.773 165.003 166.204 165.464 
171.58 171.104 169.193 168.75 170.147 169.963 168.722 167.662 167.986 168.394 168.48 167.729 167.143 167.338 167.851 167.829 
173.211 176.58 172.158 168.772 171.617 174.219 170.612 169.069 168.32 170.35 170.378 170.899 169.981 168.683 166.637 170.318 
190.745 172.784 77.8685 92.7032 131.623 135.593 85.2998 212.189 157.141 179.206 104.598 86.3404 127.309 195.392 186.189 180.106 
153.959 149.244 146.965 144.979 152.91 149.205 145.143 143.558 151.417 150.054 147.2 144.102 150.136 147.21 146.774 145.241 
143.707 138.358 136.222 134.535 141.606 137.894 134.851 133.615 140.313 138.62 136.441 134.6 138.62 136.223 136.575 135.057 
128.415 127.141 125.919 125.011 128.294 126.401 124.792 123.654 127.739 125.441 123.771 122.817 127.259 124.663 123.376 122.387 
112.971 112.904 112.793 112.054 112.614 112.362 112.161 111.428 112.018 111.697 111.335 110.856 112.062 111.348 110.601 110.441 
106.391 106.17 106.061 105.722 106.07 106.282 106.044 103.929 105.368 104.851 104.465 103.415 105.436 105.149 103.281 104.355 
100.154 98.9528 98.6305 98.4096 99.9979 99.5225 98.4779 98.5746 99.6183 99.3947 98.2305 97.302 98.384 98.3894 97.436 96.9263 
94.3163 92.9025 93.0607 92.7639 94.5139 93.732 93.0795 92.5718 94.8843 94.4716 93.7773 93.5195 94.7869 94.0893 93.0806 93.0384 
91.132 89.667 89.8304 89.4114 91.4826 90.5287 89.5903 88.9829 91.6931 91.2031 90.4119 90.0973 91.7096 90.9544 90.0169 89.6736 
87.8654 86.6104 86.8856 86.5816 88.3291 87.5782 86.8717 86.481 88.6486 88.5393 87.7687 87.7935 88.9549 88.6287 87.9573 87.8951 
81.9723 81.9006 82.2151 82.4158 82.3245 82.7226 82.6826 82.8023 83.2079 83.9989 83.8113 83.6758 83.8589 84.7144 84.5757 83.9919 
78.1269 76.9553 77.3025 77.2165 78.5569 78.2749 77.7382 77.6576 78.538 79.1901 79.3424 79.0324 79.7833 79.8096 79.1864 78.5348 
75.0003 74.7868 74.8909 74.6974 75.3731 75.0934 75.0233 75.0427 75.4276 75.4853 75.2145 75.052 75.266 75.6624 75.5939 75.2052 
72.3823 72.1032 71.7659 71.4743 71.9563 71.5829 71.365 71.146 71.4614 71.3028 70.9432 70.6377 71.1214 70.8653 70.7089 70.3648 
68.8278 68.3812 67.9415 67.3023 68.4063 67.7603 67.172 66.7481 67.6816 67.0228 66.3576 66.1557 66.9964 66.5799 66.0464 65.5865 
63.8112 63.545 63.0608 62.7071 62.505 62.7559 62.3223 61.9626 62.5047 62.4775 61.9478 61.7113 63.0414 62.5569 61.9292 61.6641 
59.6125 59.4443 59.1569 58.853 59.2823 59.1224 58.8661 58.8005 59.2301 59.0711 58.8221 58.5176 58.9994 58.7936 58.7173 58.4408 
61.2332 60.1135 59.4433 59.3308 60.1848 59.5351 59.4959 57.2472 61.0852 59.5524 59.0037 56.9473 60.3025 59.5497 59.1866 58.1813 
65.3349 128.184 111.351 71.985 80.1743 190.845 86.5379 125.951 122.244 124.086 115.305 182.588 134.413 72.2478 180.242 172.277 
163.056 164.099 164.225 165.506 162.93 164.752 167.753 168.477 164.838 165.713 167.104 167.629 164.426 166.951 167.835 167.617 
163.921 164.048 164.369 165.608 166.523 166.18 167.279 167.685 168.211 168.236 168.677 167.945 168.173 168.242 168.743 168.379 
167.538 166.837 167.048 168.844 167.882 166.747 167.287 169.252 169.206 168.05 168.738 169.911 169.749 169.897 170.646 171.383 
170.174 169.523 169.452 170.639 169.942 168.766 169.137 170.583 169.853 169.225 170.19 171.122 169.885 170.402 171.542 172.275 
172.493 171.985 171.546 173.405 172.756 172.972 171.939 173.244 171.409 171.869 174.127 175.23 172.459 172.45 174.634 173.138 
177.706 177.127 174.94 173.327 175.248 175.738 173.867 172.867 172.537 172.031 172.336 172.481 171.581 171.238 171.478 172.327 
179.217 178.84 176.835 174.123 177.439 177.693 175.325 173.77 175.197 173.54 173.169 173.462 173.618 172.712 172.288 172.838 
159.845 155.529 151.854 149.856 158.696 154.759 149.871 147.517 156.918 155.223 152.143 149.094 156.263 154.363 153.252 151.237 
149.787 147.801 145.146 143.039 149.958 147.177 144.314 142.514 150.338 146.605 144.2 143.003 150.597 148.128 145.118 143.532 
138.534 137.191 135.824 134.472 139.03 137.089 135.213 133.563 139.622 136.831 134.991 133.425 139.812 136.786 134.951 133.268 
123.904 122.459 122.157 121.557 123.892 122.375 121.721 120.563 124.753 122.878 121.458 119.772 125.233 124.302 121.413 120.155 
113.338 112.244 112.721 112.315 112.813 112.35 112.354 111.544 113.681 113.011 112.338 111.002 114.583 114.419 112.24 111.59 
107.122 106.323 106.731 106.788 106.838 106.375 106.707 106.472 107.933 107.355 106.946 106.186 108.667 108.825 107.123 106.875 
97.6458 97.1175 96.9829 96.6837 97.6066 97.5599 97.4766 97.3899 98.2003 98.1821 98.1944 97.506 98.3824 98.1451 97.9975 97.5127 
92.2672 91.443 92.0665 92.089 92.9884 92.5355 92.2542 91.965 93.3994 93.3569 93.0136 93.1897 93.5753 93.4122 92.9294 93.1574 
87.3656 87.7522 88.3444 88.588 87.8777 88.2579 88.7571 88.9981 88.3823 88.8369 89.2903 89.4653 88.7473 89.1167 89.5743 89.6606 
82.5298 82.8878 83.6708 84.5276 82.7748 83.4506 84.0796 84.83 83.3078 84.1519 84.75 85.4339 83.7427 84.7439 85.1834 85.6363 
78.7183 79.3329 80.0988 80.6546 78.8321 79.3427 80.3677 81.3464 78.832 79.4773 80.4737 81.6667 79.1376 79.8362 80.8169 81.7643 
74.5575 75.0792 75.8462 76.8747 74.1041 74.7098 75.9136 76.8739 73.5981 74.5878 75.6586 76.71 73.1277 74.6395 75.7238 76.4654 
70.7254 71.5176 72.1072 72.5367 69.9724 70.6016 71.382 72.0406 69.2527 70.0587 70.7094 71.4532 68.8611 69.4998 70.2039 70.844 
66.135 66.5491 66.9759 67.1725 65.5561 65.7816 66.2799 66.6763 64.6842 64.9251 65.3389 65.7755 64.1179 64.4525 64.7613 64.9881 
58.2046 58.3873 58.677 58.9936 58.058 58.2022 58.3864 58.8054 57.8099 57.9256 58.0753 58.4047 57.4656 57.6734 57.8195 58.1021 
57.9329 58.3438 58.4005 58.7688 57.6339 57.9455 57.9501 58.3549 57.3941 57.757 57.9498 58.2111 57.5886 57.8949 57.993 58.2702 
35.6138 68.9648 63.9554 59.9766 35.8899 68.3494 63.4764 60.0073 35.812 68.2832 63.3103 59.6854 35.2642 68.0359 62.9074 59.1637 
141.74 230.703 175.276 182.455 162.77 129.534 113.931 157.085 69.1114 75.3074 62.0946 153.188 60.075 217.661 188.637 167.646 
169.536 169.571 170.728 171.25 172.371 172.212 174.152 172.233 172.479 172.62 172.334 170.719 172.105 172.264 171.061 170.188 
173.123 171.347 170.645 171.068 176.258 175.159 173.666 170.661 175.429 175.753 173.56 170.224 175.374 174.745 172.153 171.637 
170.382 170.22 170.551 171.037 173.045 171.809 173.276 172.372 173.324 173.085 173.324 172.902 172.753 173.216 172.997 173.276 
171.861 172.318 173.235 174.962 174.289 174.498 175.302 176.762 174.975 174.951 177.364 178.999 175.627 176.416 176.924 176.218 
173.098 172.943 173.128 175.768 173.566 174.227 174.319 176.687 172.988 173.947 176.821 178.949 173.954 174.756 177.442 176.419 
174.742 175.083 175.261 176.93 175.028 175.768 175.505 177.291 173.702 174.309 177.069 178.314 175.063 175.058 177.411 175.508 
180.864 181.574 181.256 179.987 180.186 180.623 180.344 180.048 179.119 178.356 177.877 177.709 178.586 177.353 176.426 176.879 
163.83 160.252 155.998 156.015 162.096 161.371 156.535 153.953 162.833 159.137 157.251 153.694 162.376 159.873 157.429 156.608 
158.131 155.912 152.719 151.087 158.158 155.451 151.912 149.828 158.022 155.964 153.498 151.49 158.479 157.213 155.293 153.589 
147.59 146.744 145.012 143.448 148.558 146.913 145.133 143.707 150.065 147.024 145.502 144.429 150.858 149.03 146.532 144.74 
137.404 137.774 138.413 136.988 138.747 138.61 138.114 137.146 140.805 139.647 137.505 136.39 142.114 140.69 137.785 135.803 
128.448 127.115 126.796 126.272 128.786 127.522 128.35 128.546 128.853 127.886 128.394 128.182 131.025 130.144 129.104 128.619 
113.541 113.638 114.184 114.347 113.954 113.978 114.188 114.316 114.844 114.767 114.839 114.538 115.94 115.689 115.451 115.09 
103.234 103.495 104.007 104.348 103.819 104.034 104.51 104.872 104.713 105.036 105.394 105.445 105.738 105.936 106.028 106.002 
93.8883 94.2381 94.9748 95.5731 94.5119 94.9654 95.5332 96.0023 95.0718 95.6045 96.2015 96.4578 95.6975 96.2088 96.6852 96.822 
88.4969 89.1365 90.2254 91.075 88.9548 89.535 90.6519 91.4529 89.2554 89.9179 90.9265 91.7594 89.5381 90.3137 91.1487 91.8838 
83.6783 85.0524 86.5357 87.4842 84.2132 84.617 86.4103 87.662 84.0011 84.8674 86.2102 87.9616 85.2394 86.6004 87.1162 87.6059 
79.2981 79.9149 80.9589 82.229 79.2164 79.8637 81.349 82.7369 78.9001 79.8892 81.3488 83.0633 78.9639 80.1321 81.574 83.0618 
73.4199 74.3674 75.1467 75.6571 73.5547 74.1133 75.1427 76.095 72.8645 73.9997 74.9294 76.4739 72.6475 74.2447 75.6197 76.499 
67.3344 67.8609 68.8625 69.8895 67.0475 67.6226 68.6698 69.7296 66.6256 67.9358 68.9452 69.9824 66.7631 68.0586 69.3276 70.0876 
58.9896 59.3181 59.7034 59.9372 59.0425 59.2784 59.6236 59.9152 58.9619 59.1876 59.3833 59.7555 58.8075 59.0346 59.3659 59.5229 
52.7043 53.3433 53.6242 54.3973 52.6857 52.7472 53.3525 54.0644 52.51 52.6918 53.2274 54.0193 52.58 52.7941 53.2091 53.754 
40.5994 64.0654 60.8949 58.0298 40.6397 64.0925 60.8308 58.0385 40.6469 64.0104 60.7457 57.8805 40.4939 63.8353 60.4726 57.7361 
8.41499 66.6326 55.9057 49.6338 8.37406 68.2486 59.4063 52.1894 8.55418 74.3033 63.2762 55.8947 8.67931 78.9541 67.4365 58.5496 
143.658 157.679 156.687 157.364 144.888 157.308 155.162 153.415 144.513 158.698 157.27 151.905 146.661 159.858 154.368 152.027 
176.977 174.893 174.126 175.645 178.723 177.783 175.369 173.363 178.2 177.967 175.382 172.297 179.11 177.765 174.902 173.897 
176.129 174.363 173.192 173.568 178.905 177.53 175.189 172.281 178.045 178.118 175.564 172.027 178.211 177.376 174.644 173.465 
175.791 175.97 176.503 175.174 178.96 178.331 179.039 177.158 180.129 178.783 177.936 177.379 178.573 179.586 175.664 177.594 
175.468 176.759 178.009 176.66 177.709 178.013 180.47 179.987 179.597 178.451 179.369 180.956 177.596 179.532 177.426 180.233 
173.568 174.114 175.054 176.593 175.544 176.107 177.197 178.673 175.759 175.958 178.804 181.019 176.071 177.366 178.412 178.122 
181.495 182.169 181.989 181.837 179.489 180.974 182.233 183.351 177.892 178.617 180.625 183.03 176.532 177.982 180.235 182.588 
185.297 185.715 184.916 183.937 183.599 184.08 183.912 184.724 181.361 181.737 182.728 183.029 180.313 180.085 181.295 182.513 
163.842 160.966 157.214 157.749 162.499 161.994 157.88 155.941 163.494 160.694 158.994 155.606 162.903 161.071 159.012 158.199 
158.558 158.493 155.244 156.201 159.314 160.948 157.35 156.079 159.523 160.696 160.025 157.019 159.601 160.002 161.192 160.358 
149.536 149.901 149.898 148.979 150.505 150.661 150.326 149.823 153.008 152.354 150.599 149.362 154.349 153.372 151.021 148.847 
141.558 140.779 140.328 139.514 142.572 141.607 142.242 142.347 143.233 142.131 141.982 141.816 145.385 143.965 142.606 141.367 
137.382 136.299 135.902 135.196 138.098 137.195 137.849 138.104 138.624 137.577 137.929 138.035 140.897 139.7 138.847 138.021 
130.732 129.612 128.998 128.57 131.55 130.255 131.116 131.73 131.737 131.035 131.937 132.283 133.987 133.005 133.092 132.743 
116.493 116.421 116.819 117.069 117.333 117.607 117.948 117.666 118.693 119.765 120.292 119.27 119.733 120.774 120.619 118.889 
102.993 103.443 104.592 105.415 103.566 104.258 105.302 105.864 104.255 105.438 106.042 106.488 105.142 106.084 106.333 106.774 
89.2046 90.6108 92.3553 93.3797 89.6715 90.074 91.9882 93.3575 89.3576 90.3623 91.7633 93.4649 90.6876 92.0866 92.5288 92.9369 
85.1527 86.8276 88.6378 89.876 85.5402 86.1378 88.2574 89.7146 85.1632 86.2891 87.8734 89.8369 86.4077 87.9713 88.6477 89.2894 
80.9075 83.2111 85.2658 86.439 81.431 82.5676 84.928 86.3807 81.3068 82.9283 84.8241 86.8132 82.6097 84.9496 86.1262 86.7613 
72.2627 73.3208 74.1748 74.9945 72.3256 73.0434 74.2344 75.2868 71.6746 73.0644 74.2347 75.9258 71.6339 73.5432 75.0936 76.0476 
64.9603 65.8143 66.3809 66.6996 65.2267 65.6876 66.3514 66.8738 65.0124 65.8802 66.3981 67.3599 65.1402 66.1378 67.1277 67.5466 
53.4591 53.9616 54.0337 54.5177 53.5203 53.5069 53.8927 54.2976 53.4867 53.5536 53.8242 54.3824 53.6472 53.6374 53.9303 54.2275 
51.5272 52.0483 52.1408 52.6149 51.6594 51.6458 52.0049 52.4112 51.729 51.6601 51.8959 52.4846 51.749 51.7446 51.9625 52.3398 
47.9149 49.2978 49.3659 49.9904 47.9337 48.9251 49.2521 49.749 47.798 49.1531 49.3043 49.9279 47.8144 49.4262 49.5373 49.8236 
14.817 61.3102 52.8475 47.3674 14.9314 63.4187 55.6625 49.4362 14.9262 68.5874 59.5246 53.4024 14.8579 72.6051 63.4191 55.0502 
162.231 164.759 162.723 164.296 165.956 167.779 163.502 157.616 162.256 168.915 159.531 166.513 166.795 168.868 170.269 161.746 
180.398 179.056 179.66 180.445 182.481 179.866 178.255 179.177 183.133 181.114 177.734 179.493 184.484 182.199 179.875 180.2 
180.161 177.326 175.425 175.697 181.75 179.857 176.592 174.167 180.89 180.836 177.927 174.583 181.529 180.486 178.041 176.608 
180.982 179.989 179.013 178.659 181.783 181.023 180.271 179.189 183.012 183.516 182.773 180.881 183.628 183.977 183.666 181.612 
177.467 178.562 179.8 178.622 180.286 180.289 182.724 181.708 182.391 181.536 182.377 182.912 180.913 182.768 180.503 182.458 
182.267 181.5 182.177 183.313 181.329 182.142 184.177 185.144 181.719 182.652 185.403 187.64 181.374 183.305 185.745 188.264 
186.26 186.373 186.615 186.252 184.592 185.349 186.75 187.626 182.785 184.184 186.585 187.377 182.558 183.578 185.914 187.346 
187.822 188.24 187.923 187.099 186.076 186.418 187.265 188.02 184.411 184.924 186.333 187.018 183.692 183.783 185.284 186.864 
159.648 160.158 157.637 158.69 160.309 162.204 159.389 158.359 159.961 161.438 161.544 159.058 160.025 160.569 162.065 161.692 
157.017 158.187 156.385 157.243 158.752 160.003 157.817 157.545 158.564 161.261 160.668 158.755 158.591 160.286 162.093 161.35 
153.669 155.065 153.788 154.761 155.199 157.003 155.551 155.332 155.369 157.822 157.844 156.136 155.687 157.175 158.623 157.84 
144.849 145.104 145.587 145.247 145.936 146.479 146.683 146.468 147.868 147.903 147.171 146.403 148.86 148.968 147.39 145.94 
138.504 137.184 136.357 136.218 139.35 138.256 139.076 139.517 139.449 138.939 139.961 140.173 141.545 140.914 140.958 140.454 
132.064 131.776 131.45 131.563 132.926 133.037 132.935 132.806 134.434 135.01 135.362 134.678 135.545 136.436 136.626 135.2 
123.57 124.034 124.478 124.676 124.436 125.205 125.766 125.584 125.903 127.221 127.572 127.036 127.158 128.177 128.237 127.11 
114.302 115.276 116.431 117.363 114.641 115.989 117.329 117.746 115.504 117.496 118.589 118.641 116.26 117.996 118.33 117.825 
102.626 104.513 106.496 108.405 102.495 104.434 106.724 108.479 102.927 104.947 106.672 108.533 103.343 105.17 106.525 108.233 
86.2642 89.2385 91.9679 93.8112 86.9188 88.7021 91.6839 93.6627 87.1255 89.2247 91.5835 93.8659 88.633 91.3574 92.7639 93.6468 
81.9664 86.4574 89.3593 91.8555 82.0841 86.9989 90.1209 92.2941 83.468 87.8494 91.512 93.5294 84.3009 89.3008 92.4954 94.4558 
76.0439 78.8808 81.1749 82.9861 76.708 79.3567 81.7992 83.2898 77.9622 80.2746 82.9733 84.649 78.854 81.9397 84.4159 85.8648 
59.509 59.9428 60.6193 61.6399 59.9753 60.5722 61.3319 62.1219 60.7919 61.7411 62.5066 63.1719 61.8605 62.6629 63.381 63.9094 
49.6743 50.0082 50.1079 50.2509 50.0573 50.3297 50.4967 50.5366 50.4581 50.5685 50.7129 50.8262 50.6706 50.765 50.9215 50.9249 
47.7647 48.0973 48.0867 48.5879 47.8878 47.8831 47.9985 48.3179 47.83 47.8541 48.0374 48.4282 47.8618 48.0069 48.1241 48.3121 
39.8892 40.1821 40.4294 40.6387 40.0876 40.3533 40.5307 40.67 40.1484 40.4626 40.6439 40.8576 40.1142 40.4768 40.7498 40.9724 
41.093 43.6369 43.3928 43.593 41.2228 44.3893 44.0527 43.9256 41.4149 45.5175 44.7869 44.8047 41.6813 46.6138 46.018 45.4685 
166.67 164.693 166.684 169.182 167.131 168.538 165.966 168.932 168.248 167.394 165.547 170.444 174.014 170.339 165.55 172.139 
184.195 182.932 184.114 184.793 186.94 184.204 182.288 183.569 187.458 184.488 180.638 183.945 188.609 185.608 183.279 185.365 
186.22 184.119 184.005 183.75 187.916 184.922 183.103 183.391 187.927 186.363 183.25 184.5 189.278 187.602 185.316 185.281 
186.297 185.308 183.966 183.749 187.037 186.044 184.84 184.199 188.229 188.441 187.314 185.944 188.966 189.371 188.657 186.822 
185.911 184.472 184.336 185.125 186.77 185.863 186.084 186.355 188.756 189.077 189.616 189.462 189.649 190.07 190.847 190.516 
187.224 185.46 186.898 188.326 187.229 186.513 188.969 189.659 188.229 189.347 191.852 192.863 189.203 190.515 192.529 193.782 
189.271 188.831 190.314 190.697 188.385 188.639 190.846 191.543 188.281 189.317 191.817 192.869 189.091 190.223 192.136 193.226 
191.108 191.476 192.211 191.85 189.192 189.311 191.181 192.647 187.801 188.414 190.835 192.355 188.126 188.637 191.007 192.643 
159.754 161.601 161.758 161.852 159.155 160.691 162.169 161.82 158.475 159.261 160.527 160.62 160.141 159.741 159.717 159.752 
157.237 159.301 158.045 158.717 157.897 160.238 159.127 158.814 156.866 159.535 160.299 159.322 157.655 158.955 160.76 160.661 
154.635 155.645 157.332 157.879 152.635 154.631 156.735 157.777 151.747 151.363 153.638 155.595 152.582 153.78 152.819 155.359 
147.857 149.128 150.553 150.658 148.343 149.814 151.008 151.155 149.404 149.725 150.337 150.987 149.773 150.491 149.159 149.682 
139.684 140.063 140.323 140.838 140.691 141.549 141.941 142.022 141.88 142.786 143.461 143.456 142.365 143.749 144.164 144.071 
133.311 133.662 133.99 134.741 134.179 134.849 135.397 135.997 135.587 136.509 137.279 137.339 136.612 137.619 138.263 138.09 
127.026 128.286 129.338 130.688 127.428 129.311 130.618 131.406 128.7 130.73 132.34 132.452 129.459 131.541 132.636 132.289 
118.058 119.957 122.167 124.465 118.233 120.855 123.036 124.813 119.149 121.332 123.363 125.199 119.679 122.134 123.592 125.081 
107.886 111.228 114.769 118.077 107.766 110.79 114.715 119.222 108.16 111.032 115.226 119.644 108.788 112.658 115.685 119.988 
96.4905 101.522 104.376 107.404 97.32 102.744 106.123 108.806 98.3372 103.481 106.792 109.346 98.8841 104.223 107.098 109.627 
86.5301 91.3004 94.4737 97.4528 87.624 92.5568 95.5748 97.8843 89.5697 94.0822 96.9958 98.8045 90.9356 95.5889 98.3353 99.9498 
85.3581 87.6442 88.3336 90.0121 86.7223 90.143 91.0776 92.1847 89.4515 92.096 93.8863 94.7538 91.6909 94.7141 95.5265 96.4098 
64.3072 64.6508 64.9129 65.7028 65.4943 66.0456 66.3269 66.7104 67.0509 67.3431 67.6652 67.8829 68.5487 68.6895 68.7745 68.8686 
46.3418 46.4751 46.5107 46.6655 46.6211 46.7217 46.7683 46.7773 46.7599 46.8978 46.8619 46.8725 46.9303 47.0458 46.9877 46.804 
39.1423 39.4185 39.4097 39.3994 39.1819 39.5474 39.5977 39.4818 39.2968 39.5851 39.7322 39.7397 39.2965 39.7512 39.7981 39.746 
33.0731 33.3505 33.5875 33.7377 33.2036 33.5439 33.6213 33.669 33.2481 33.5655 33.6803 33.7636 33.2505 33.6121 33.7969 33.8835 
27.0875 27.7333 28.3516 28.7154 27.1885 27.883 28.3796 28.8475 27.1683 27.9552 28.4865 28.9018 27.1514 27.9585 28.6166 29.0658 
124.769 126.751 126.835 128.018 129.149 128.631 127.053 126.293 126.945 124.71 123.704 124.383 127.686 124.141 123.863 124.828 
188.231 186.846 187.989 188.862 190.502 187.953 186.902 188.414 190.133 187.743 184.61 187.636 191.166 188.94 186.142 188.132 
192.17 190.391 190.094 190.241 192.085 191.216 190.9 190.128 191.743 190.078 188.935 189.112 193.324 192.003 189.244 189.061 
192.675 191.103 189.51 189.567 192.82 191.518 190.391 190.098 193.38 192.207 190.868 190.564 195.254 194.268 191.789 190.604 
193.124 191.201 188.71 190.233 193.861 192.25 190.821 190.504 195.985 194.667 193.341 193.565 196.409 196.127 195.85 195.018 
192.536 190.709 190.943 191.732 193.043 192.07 192.461 192.892 194.542 194.896 195.914 196.538 195.355 196.183 197.232 197.98 
194.218 194.594 195.74 195.493 193.699 194.405 195.908 195.972 193.314 195.27 197.241 197.957 193.914 195.818 197.872 198.527 
195.017 195.604 197.137 197.349 193.668 194.265 196.716 197.833 192.859 193.768 196.474 197.946 193.402 194.203 197.03 198.129 
158.714 160.98 160.879 161.037 157.644 159.699 161.075 161.031 156.324 157.642 159.466 160.072 158.169 158.3 158.583 159.008 
157.36 158.267 158.655 159.554 155.075 156.473 157.868 158.905 152.912 152.823 154.828 156.715 153.595 155.104 154.692 157.085 
155.251 156.424 157.549 158.077 152.975 154.838 156.708 157.713 151.301 150.896 153.262 155.415 151.973 153.309 152.468 155.089 
151.735 152.709 154.384 154.834 150.166 152.102 154.127 154.858 148.696 148.812 150.95 152.927 148.888 150.144 150.396 153.376 
142.134 143.447 145.038 145.124 143.096 144.589 145.826 145.865 143.682 144.931 145.996 146.638 143.377 144.86 146.09 147.124 
131.931 135.904 139.802 142.832 132.286 136.331 141.198 144.135 133.534 136.797 142.107 145.348 133.359 136.951 141.584 144.836 
127.826 130.359 132.99 135.681 127.482 130.28 133.579 135.905 127.912 130.152 133.35 135.579 127.804 130.637 133.95 136.034 
118.346 121.405 124.893 127.974 118.109 121.079 124.924 128.912 118.335 121.256 125.526 129.338 118.836 122.297 125.789 129.44 
111.654 114.559 117.878 120.979 111.264 114.064 117.806 121.936 111.12 113.501 118.171 122.887 111.747 115.119 118.781 123.476 
107.756 110.113 112.493 114.771 107.73 109.926 112.742 115.931 107.939 110.054 113.651 117.161 108.934 111.871 114.42 117.902 
102.056 103.212 103.664 104.075 103.107 104.596 104.893 105.139 103.883 105.668 106.035 106.129 104.768 106.265 106.851 106.652 
98.0137 97.4441 97.5431 97.483 99.6442 98.7892 98.516 98.1893 101.685 100.581 99.6803 98.964 102.99 101.43 100.637 99.6066 
86.2862 85.3593 84.5011 84.0167 87.8373 86.7401 85.5521 84.7614 89.0342 87.5395 86.237 85.3234 90.9072 88.9465 87.5209 86.4816 
46.5014 46.4594 45.9535 45.4096 46.5721 46.6081 46.25 45.5829 46.7621 46.7089 46.4419 45.9326 46.8398 46.9244 46.5887 46.0439 
35.7755 35.8318 35.5929 35.3323 35.7428 35.9214 35.7715 35.3229 35.8192 35.8435 35.7664 35.5399 35.8551 35.984 35.8102 35.52 
27.3362 27.4385 27.4326 27.1897 27.2441 27.5913 27.5433 27.3041 27.421 27.6585 27.7436 27.5385 27.4839 27.807 27.8146 27.6918 
17.4277 18.7963 19.7842 21.0369 17.4819 18.7403 19.9975 20.7622 17.8643 18.6927 19.8951 20.9958 18.0354 19.3407 20.2044 21.1098 
82.37 69.4032 109.339 85.9755 100.545 92.9472 100.449 82.8195 76.8256 83.8784 99.9853 96.0043 118.808 117.154 65.3552 114.46 
195.714 194.72 195.785 197.23 196.88 196.451 197.195 197.611 196.543 195.675 194.485 195.105 182.527 182.028 180.662 181.182 
196.472 195.686 195.604 195.797 196.243 196.222 196.309 195.953 195.629 194.889 194.313 194.254 195.762 195.289 193.26 192.76 
199.094 197.688 195.454 196.224 199.013 197.905 196.186 195.648 199.699 197.569 196.075 195.958 200.033 198.312 196.009 195.656 
200.062 197.508 194.912 196.287 200.735 198.358 196.271 196.212 202.617 200.119 197.938 198.03 203.366 201.642 200.095 199.418 
198.246 198.095 197.157 198.996 201.48 202.221 198.23 197.214 205.652 203.173 205.767 206.512 207.616 207.438 208.613 209.463 
201.141 199.104 201.796 199.415 201.437 202.472 203.145 202.128 200.836 203.676 205.258 204.438 200.292 203.224 203.815 204.818 
201.464 200.006 202.039 203.474 200.619 200.416 202.915 203.985 198.634 200.109 203.059 204.632 198.524 199.024 202.001 204.027 
154.635 155.818 157.285 158.045 154.426 155.739 157.53 158.592 154.48 156.116 158.179 159.355 155.012 156.454 158.238 159.527 
155.841 156.947 156.321 156.841 155.383 155.983 155.8 156.47 154.196 155.087 155.498 156.409 154.179 155.414 155.495 155.981 
154.41 154.917 155.833 156.675 152.242 153.477 155.43 156.551 150.006 149.588 152.214 154.309 150.435 151.198 151.415 154.295 
148.624 149.639 150.586 150.616 148.382 149.201 150.378 151.004 147.137 147.522 148.757 150.14 146.429 146.503 147.799 149.212 
139.701 141.311 143.481 146.264 139.205 141.342 146.129 147.538 139.119 140.012 146.033 147.741 139.521 140.163 142.158 146.581 
130.523 135.993 141.558 145.87 129.918 135.174 142.683 146.887 130.571 134.586 142.417 147.649 129.822 134.511 141.496 146.533 
126.476 132.013 137.406 141.854 126.191 131.301 138.213 142.655 127.001 131.03 137.984 143.177 126.153 130.73 137.236 142.338 
122.299 124.725 127.437 130.148 121.629 123.924 127.376 129.938 121.55 123.582 126.907 129.868 121.256 123.735 127.456 130.334 
114.924 116.594 118.72 120.834 114.43 116.172 118.559 121.256 114.29 115.796 118.857 121.779 114.828 116.681 119.162 122.059 
110.522 111.032 111.844 112.732 110.31 111.149 112.048 112.822 110.506 111.053 112.388 113.639 110.937 111.503 112.64 113.805 
107.749 107.143 107.569 107.644 107.442 107.406 108.059 107.994 108.264 107.773 107.93 108.757 109.197 108.667 108.497 107.945 
98.7029 97.91 97.466 96.9365 100.231 99.032 98.1334 97.5103 101.432 99.8296 98.565 97.8319 103.191 101.013 99.6657 98.7103 
95.0903 94.1513 93.4015 92.3902 96.6776 95.3064 94.0265 92.8717 98.0703 96.1138 94.4505 93.1557 99.9903 97.4044 95.6438 94.1922 
77.0013 76.1016 74.9001 73.7108 78.0667 76.9235 75.3228 73.9379 78.7972 77.0643 75.4661 74.1805 80.2586 78.1491 76.4502 75.118 
31.9847 31.479 30.779 29.9349 31.9307 31.3897 30.8989 29.8699 32.1636 31.2773 30.746 30.1181 32.1057 31.511 30.6706 30.0393 
19.328 18.3624 15.169 13.4929 19.3542 17.2941 15.6118 13.2243 19.3775 17.2321 14.2192 13.3458 18.7865 17.5195 14.7767 13.2786 
14.1721 15.1974 16.0209 17.3233 14.1031 15.0599 16.2471 16.9055 14.4778 14.918 15.9621 17.0584 14.5297 15.4758 16.0752 16.9976 
112.689 113.935 115.702 117.83 114.797 114.645 117.625 119.744 115.016 115.064 115.717 118.003 99.9893 100.949 101.607 102.372 
191.851 192.114 193.501 194.714 192.892 193.209 194.358 194.948 191.788 192.301 192.049 192.225 176.696 177.738 176.877 176.853 
201.629 202.245 202.343 202.456 202.113 202.278 202.588 202.053 201.287 200.965 200.31 200.286 187.808 187.718 186.238 186.426 
203.197 203.176 201.786 201.538 203.685 203.045 201.036 200.579 203.72 202.483 200.573 200.156 203.372 202.227 200.007 199.329 
201.392 200.824 199.337 201.204 204.882 204.749 199.788 198.87 209.106 205.3 206.981 207.801 210.957 209.776 210.183 210.832 
200.722 200.125 200.4 200.988 204.155 205.284 201.16 200.083 207.778 205.925 208.697 209.265 209.746 210.095 210.846 212.333 
200.826 200.072 200.934 201.459 203.97 205.255 201.562 200.715 206.686 205.378 208.882 209.834 208.341 208.945 210.388 212.185 
204.823 201.785 205.159 204.081 204.741 204.908 206.339 206.672 203.055 205.154 207.378 207.992 202.149 204.154 205.433 207.636 
151.822 152.895 154.591 155.206 151.955 153.31 154.741 155.874 153.03 154.557 156.175 157.473 153.634 155.133 156.728 158.056 
151.593 151.758 152.787 153.448 151.658 151.549 152.941 153.805 151.738 152.622 154.156 154.962 152.393 152.995 154.527 155.53 
150.111 150.235 150.067 150.134 149.408 149.335 149.891 150.805 148.367 148.389 149.709 151.41 148.596 149.055 149.88 150.914 
145.257 143.975 144.646 146.149 141.988 141.579 144.941 147.132 141.035 141.607 143.882 145.729 141.334 142.927 143.475 144.828 
140.969 141.453 142.173 143.927 140.219 141.202 144.555 145.015 139.831 139.603 144.305 144.685 140.749 140.11 140.518 143.603 
136.196 137.009 139.309 140.464 136.306 138.048 140.57 140.522 135.443 136.247 140.308 141.653 136.461 137.022 139.134 142.842 
130.87 132.567 134.01 135.425 130.309 131.826 134.141 135.25 130.189 131.566 133.485 134.95 129.794 131.532 133.956 134.93 
123.243 124.604 126.019 126.808 123.31 124.435 126.057 127.021 123.525 124.845 126.143 127.303 123.737 125.067 126.317 127.298 
119.961 119.649 120.307 121.05 119.068 118.63 119.791 120.953 118.392 118.66 119.751 120.984 118.8 119.725 120.378 121.082 
112.954 112.496 112.58 112.795 112.208 112.392 113.098 113.134 112.25 112.088 112.689 113.724 112.949 112.832 112.889 112.707 
110.472 109.598 109.278 108.764 109.655 109.896 110.267 109.831 110.024 109.809 109.889 110.619 110.954 110.321 109.863 109.394 
109.523 108.595 107.139 106.408 108.911 108.437 108.499 106.345 108.033 106.944 106.5 105.066 108.407 108.172 107.906 104.604 
95.8125 94.3449 92.7812 91.4413 97.1115 95.2513 93.1491 91.8161 97.826 95.5073 93.3098 91.8397 99.3452 96.6308 94.3775 92.7447 
62.1281 60.16 57.6225 54.5074 62.458 59.9888 57.0191 53.826 62.5146 59.8733 56.8006 53.8798 62.0826 59.8039 57.3178 54.4126 
25.0788 22.7966 18.1418 15.3412 25.2686 21.542 18.62 15.25 25.0955 21.5789 17.0264 15.204 24.1694 21.6031 17.6418 15.1079 
13.3603 10.7344 6.27995 3.75082 13.3611 9.53592 6.7056 3.69309 13.3004 9.62058 5.33499 3.81467 12.4386 9.72445 5.93779 3.81423 
1.83864 1.79172 1.75964 2.56868 1.88724 1.8009 1.79701 2.30236 1.87274 1.83305 1.78188 1.81942 1.89513 1.82113 1.95001 1.97323 
36.0492 37.251 38.6689 39.6031 36.5949 37.2802 38.0316 39.353 36.1386 37.2911 37.7436 38.5419 35.995 36.7893 37.7978 38.3983 
175.556 176.733 177.502 178.013 176.347 176.357 177.519 177.793 175.079 175.448 174.968 175.465 161.573 161.394 160.641 161.48 
202.007 203.568 203.475 202.869 202.284 203.251 202.2 201.475 201.077 201.08 199.755 199.522 200.318 199.728 198.508 198.117 
211.616 208.906 207.288 207.747 212.628 210.906 207.404 206.668 210.304 213.914 209.317 207.184 208.151 210.273 208.37 205.511 
209.375 208.251 206.495 207.051 210.568 208.492 206.585 206.178 212.099 210.874 208.647 207.955 212.865 211.983 210.883 209.859 
203.016 204.306 202.9 204.244 206.639 207.8 203.764 203.073 211.475 208.644 210.643 212.396 214.123 213.069 214.61 215.292 
206.625 205.109 207.436 205.983 206.686 207.624 208.658 208.453 206.507 208.868 210.743 210.872 206.944 209.112 209.901 211.278 
211.025 209.426 209.965 210.963 210.506 209.197 210.85 212.235 208.396 208.867 211.767 213.308 206.057 206.067 210.154 213.455 
149.954 150.636 151.546 151.952 150.1 150.267 151.655 152.387 151.095 152.386 153.903 154.075 152.241 153.036 154.883 155.443 
149.841 149.488 149.337 149.688 149.587 148.849 149.285 150.188 149.568 149.812 150.841 151.718 150.355 150.767 151.728 152.469 
147.77 146.214 145.867 146.542 144.421 143.327 145.1 147.438 143.162 144.243 144.959 147.104 143.651 145.977 147.148 147.187 
145.766 144.474 144.618 145.413 142.134 141.757 143.629 145.866 140.976 142.622 142.186 144.587 141.561 144.185 145.186 144.757 
142.6 141.344 142.227 142.823 140.023 139.741 141.918 143.239 138.933 139.648 140.912 142.498 139.225 141.057 141.963 142.862 
136.487 136.683 137.851 137.391 136.904 137.821 137.923 136.817 135.941 136.28 137.618 137.952 136.68 136.886 138.457 139.901 
133.39 133.768 133.908 132.991 133.116 134.61 134.259 133.34 132.862 133.14 133.872 134.076 133.551 132.79 133.376 135.311 
125.682 125.326 125.46 125.579 125.35 124.788 125.233 125.803 125.161 125.202 125.383 125.891 125.442 126.066 126.229 126.227 
120.838 120.409 120.371 120.495 120.397 119.833 120.072 120.776 119.816 119.613 120.001 120.575 120.048 120.425 120.557 120.782 
117.142 116.422 115.427 114.471 116.371 116.445 116.296 116.229 115.945 116.054 116.155 116.294 116.763 116.055 115.172 115.78 
112.944 112.21 110.543 109.822 111.943 112.085 112.372 110.265 110.662 110.127 110.183 108.864 110.978 111.095 110.964 108.09 
112.204 111.242 108.635 107.039 111.235 111.085 110.617 107.785 109.67 109.113 108.352 105.946 109.926 109.753 108.851 105.315 
97.9669 99.4877 94.9103 88.379 96.8692 100.114 95.2291 86.8297 97.0581 98.0033 95.133 84.3078 96.2187 98.892 97.0341 86.1206 
46.9206 45.5297 42.9945 39.1135 47.0135 45.3488 42.7565 39.3526 46.2555 45.2295 42.5682 38.9438 46.1554 44.7619 42.4081 38.8029 
27.0509 24.2329 22.1878 20.3502 26.9452 24.1039 22.156 20.2574 26.944 24.2221 22.2051 20.2753 26.9 24.2889 22.2194 20.2472 
1.77479 1.60093 1.45429 2.17348 1.85081 1.63139 1.50289 1.91293 1.80039 1.64001 1.50586 1.46639 1.89445 1.68245 1.65209 1.57791 
0.770355 0.592138 0.534874 1.21149 0.804126 0.679594 0.594709 1.02149 0.837812 0.718611 0.684935 0.690887 0.862184 0.724165 0.79017 0.856292 
12.8534 13.0159 13.0319 13.7163 12.9262 12.9155 12.9264 13.4813 12.7322 12.8048 12.8003 12.8403 12.8779 12.7511 12.7917 12.7771 
184.394 186.028 185.861 184.709 184.495 185.03 184.354 183.767 183.081 182.798 182.166 181.905 182.993 181.401 180.515 181.278 
212.16 210.257 209.41 209.495 212.573 211.635 208.919 208.311 209.625 213.484 209.409 207.365 208.004 209.787 207.853 205.574 
215.618 212.372 210.585 211.14 215.87 214.132 209.885 210.12 213.433 217.758 212.238 209.993 211.432 214.414 212.088 208.844 
214.412 212.023 210.763 211.189 215.582 213.996 211.25 211.006 215.058 218.55 213.576 212.468 213.524 215.657 214.567 211.635 
211.413 214.213 214.092 213.339 213.196 214.354 215.072 214.801 216.478 216.39 215.134 217.003 218.488 217.198 217.722 218.023 
213.152 215.426 214.876 214.013 212.897 214.318 216.015 216.323 214.397 215.375 216.052 218.139 215.635 215.276 217.714 218.154 
217.786 216.62 216.894 215.164 212.778 214.981 216.136 216.253 213.177 214.243 218.333 217.508 210.805 213.861 221.487 217.958 
149.285 150.61 150.409 149.643 148.298 149.28 148.51 148.414 150.658 150.995 152.056 149.824 149.89 152.16 152.547 150.877 
149.25 148.925 148.292 148.51 148.764 147.345 147.67 147.796 148.756 148.884 149.609 148.826 149.533 148.876 150.031 150.117 
145.119 145.715 143.995 142.997 144.118 145.351 145.22 143.52 143.049 144.359 143.238 142.977 145.738 144.897 144.143 143.74 
145.265 143.76 143.452 144.262 141.47 141.016 142.422 144.327 140.535 142.314 140.727 142.808 141.224 143.665 144.171 143.319 
140.977 141.509 140.205 140.435 139.824 140.441 139.634 139.748 139.207 140.669 138.02 139.049 139.69 140.919 140.459 140.28 
135.812 136.076 135.768 134.661 135.326 136.762 136.049 134.836 134.891 135.089 135.565 135.422 135.6 134.672 134.772 136.631 
133.709 133.782 132.655 131.492 133.277 134.147 133.044 132.051 133.482 133.051 132.738 132.428 133.79 132.493 131.837 132.824 
131.553 130.421 128.387 126.938 131.239 130.745 128.332 127.439 132.368 130.79 129.297 127.766 132.639 131.083 128.75 128.018 
123.156 121.923 121.274 121.113 122.863 121.646 121.101 121.477 122.592 121.973 121.615 121.793 122.77 122.974 122.647 122.381 
119.361 118.74 117.986 117.505 119.9 119.255 118.114 117.941 119.708 119.076 118.51 118.412 119.799 119.365 118.83 118.693 
114.886 113.943 112.325 110.538 114.547 114.644 113.699 112.703 114.908 114.693 113.959 113.368 115.886 114.483 112.762 112.871 
106.727 108.306 103.712 96.9849 105.758 109.151 104.08 95.5674 106.271 107.282 104.349 93.2423 105.482 108.317 106.351 95.3572 
87.9174 94.196 85.5026 66.6687 86.662 96.7358 82.3201 64.5816 90.6973 96.0625 88.1603 62.4119 88.7537 95.7001 89.5257 67.9832 
60.0183 63.4764 57.0067 44.2135 58.6204 65.0626 54.5845 41.8332 61.8598 64.4417 58.9527 40.4749 60.259 63.9114 59.7489 44.5191 
34.1824 32.1087 30.2748 28.233 33.8534 31.9164 30.1728 28.2297 33.6209 31.8662 30.1473 28.1499 33.8903 31.6494 30.0016 28.2043 
19.0423 16.7848 15.4051 14.255 18.7353 16.7209 15.3815 14.1942 18.8929 16.7687 15.4124 14.2774 18.8393 16.8622 15.4234 14.3049 
0.615357 0.55661 0.518505 1.29209 0.648763 0.581324 0.564762 1.06427 0.645003 0.613748 0.61542 0.603112 0.68155 0.628482 0.709081 0.720451 
148.3 152.425 122.934 143.474 103.23 107.17 126.836 134.342 150.14 142.598 124.662 147.67 135.011 133.792 144.755 102.559 
213.306 214.16 213.429 212.06 213.637 213.701 212.493 211.194 212.59 211.665 210.624 209.85 212.468 210.183 208.616 209.209 
218.985 219.142 217.204 215.793 217.921 217.437 215.175 215.296 216.702 215.893 213.536 213.305 216.741 215.223 212.772 212.972 
219.566 215.992 214.455 214.947 218.867 217.105 213.207 213.703 216.13 220.08 214.611 212.653 214.234 217.023 214.554 211.56 
219.708 217.91 221.03 222.434 221.639 220.954 219.657 220.762 220.221 222.112 218.269 218.463 219.835 221.98 220.886 217.278 
214.111 217.31 218.9 217.989 215.818 217.482 219.136 219.353 218.6 218.627 217.534 220.159 220.572 219.023 219.866 220.257 
217.779 220.254 224.574 222.247 217.639 218.866 224.543 224.516 220.922 219.658 224.987 227.017 221.075 222.231 226.198 225.816 
220.873 220.116 220.887 218.688 215.528 218.172 219.802 219.763 215.516 217.077 221.305 220.056 214.186 217.435 225.488 220.882 
127.651 73.7845 35.1002 213.527 60.8916 170.283 116.863 198.799 50.7784 134.745 59.407 103.338 221.469 101.735 52.0829 72.7124 
146.264 147.381 143.118 140.604 143.129 147.238 142.535 143.509 142.141 143.522 141.847 142.209 143.845 144.758 141.695 145.304 
144.889 145.407 143.167 141.297 144.053 145.045 144.382 141.756 143.266 143.26 142.334 140.91 145.347 143.344 141.672 141.115 
143.22 144.218 142.142 140.979 142.249 143.646 143.404 141.353 141.452 142.667 140.604 140.248 143.757 143.058 141.293 140.961 
140.042 141.029 138.201 137.771 139.687 138.723 137.33 137.379 139.394 138.355 136.54 136.917 137.065 138.808 136.495 137.314 
136.743 137.297 134.727 133.905 136.523 135.558 134.369 133.739 136.92 135.292 133.942 133.894 135.314 136.017 133.658 134.206 
134.094 132.577 130.239 128.459 133.85 132.742 130.111 128.699 134.63 132.62 130.917 129.248 134.699 132.946 130.085 129.359 
133.403 129.309 125.124 122.504 134.26 129.404 124.418 122.342 136.438 131.723 126.942 122.957 136.12 134.081 128.03 123.11 
129.809 125.487 121.594 118.658 130.743 125.713 120.712 119.068 133.009 128.261 123.745 120.016 132.721 130.243 125.058 120.566 
122.54 120.693 118.75 117.158 123.107 121.223 119.02 117.38 123.654 122.057 119.994 118.463 123.943 122.603 120.753 119.25 
118.272 116.129 114.244 112.479 119.47 116.867 114.379 112.572 120.255 118.12 115.567 113.767 120.817 119.165 116.793 114.814 
116.758 114.493 111.376 109.621 117.664 115.033 111.719 109.86 119.099 116.557 113.278 109.94 119.227 117.452 114.743 111.1 
97.6137 102.264 95.4999 81.2079 97.9873 105.913 91.5929 77.0705 102.657 106.069 99.7912 75.6499 102.225 106 103.488 82.6212 
58.8326 118.385 56.2495 76.1631 73.5617 94.5892 115.301 61.3694 121.703 107.762 68.9225 106.702 104.307 95.4363 121.717 106.541 
32.6554 41.4763 51.2195 35.6835 32.4333 33.393 43.2502 38.8471 39.0276 40.4554 50.6695 48.0232 32.5955 37.0522 34.594 48.5245 
97.6875 47.1613 135.376 49.9155 21.4764 128.362 60.8969 51.5354 15.8499 151.561 46.5258 31.9392 153.303 15.2847 28.5714 130.963 
38.7928 161.514 26.679 98.1893 112.082 182.713 148.812 35.1905 49.4771 93.3271 73.4006 77.3459 156.263 80.9947 107.422 134.129 
201.09 192.538 184.858 171.106 174.62 219.672 223.658 181.746 184.103 231.416 215.221 155.944 221.525 230.084 217.256 229.126 
219.073 217.655 214.715 215.641 224.859 220.534 218.773 219.169 226.153 220.53 220.723 216.887 220.369 215.976 220.619 215.686 
222.433 221.731 220.284 218.877 223.136 221.535 219.603 218.27 222.564 220.741 218.664 217.374 222.075 219.775 217.244 217.017 
226.424 223.613 223.112 223.254 226.04 224.238 221.274 221.452 223.515 224.21 219.947 218.927 222.239 223.5 221.196 218.083 
224.765 222.191 224.62 226.351 224.862 224.142 222.634 223.8 222.6 224.834 220.622 220.525 221.224 224.089 222.756 219.077 
219.708 221.962 227.339 226.402 221.801 221.815 226.622 227.288 224.562 222.886 225.613 228.292 224.31 224.842 226.348 226.306 
220.451 223.668 228.211 226.659 221.46 222.308 228.447 228.874 223.839 222.535 227.5 230.546 224.448 224.878 227.594 229.293 
222.35 224.744 228.578 225.661 220.897 222.293 228.063 228.217 223.274 221.527 227.786 229.981 222.553 224.09 229.097 228.638 
123.808 14.1814 44.6864 65.3649 158.868 46.9565 201.941 123.447 223.727 253.698 211.916 140.578 7.85667 70.9939 65.1678 40.3432 
164.164 110.747 223.484 74.091 70.6961 74.3035 113.984 132.007 117.104 113.82 51.3699 228.371 9.94758 30.7523 232.323 221.715 
147.97 120.542 124.761 122.359 116.883 159.409 162.807 122.801 159.384 139.065 151.091 149.386 157.917 157.788 159.275 157.469 
139.181 140.779 137.425 132.636 141.957 138.368 132.105 139.31 137.828 137.645 132.101 136.037 132.494 140.037 137.689 132.635 
137.418 138.403 135.725 135.561 137.416 135.877 134.71 135.226 137.049 135.517 133.995 134.9 133.764 135.881 134.031 135.609 
131.771 131.419 130.921 130.914 132.589 130.764 130.129 130.499 131.588 130.529 130.582 130.954 130.433 130.478 130.601 131.178 
130.681 129.612 128.212 127.967 131.616 129.364 128.081 127.709 131.046 129.116 128.64 128.783 130.313 129.423 128.58 128.961 
131.419 127.984 124.537 121.978 132.413 127.875 123.564 122.161 133.579 129.588 125.767 122.609 132.872 130.633 126.112 122.635 
128.383 125.524 122.394 118.578 129.169 125.859 122.508 119.932 128.723 125.549 122.592 120.208 128.476 124.606 122.411 121.047 
126.487 124.061 121.237 117.318 126.934 124.303 120.842 117.92 126.373 123.748 120.604 118.002 126.095 122.573 120.508 119.051 
121.721 120.507 117.206 115.028 121.579 119.969 116.781 114.506 122.056 119.671 116.924 113.686 121.547 119.714 117.068 114.108 
119.365 117.374 114.306 112.515 119.875 117.447 114.154 112.311 120.926 118.416 115.239 111.908 120.599 118.875 116.454 112.844 
121.317 117.416 111.185 116.646 123.987 122.826 114.823 113.243 120.263 115.882 117.547 111.702 117.21 121.452 116.493 110.044 
40.5651 171.71 219.551 164.225 25.8152 36.9043 96.0353 169.926 234.348 212.374 237.313 236.748 97.9305 184.118 150.382 107.381 
38.3358 231.777 79.1062 130.189 123.509 80.2993 166.152 79.8374 160.977 147.389 114.236 110.914 46.9453 72.0536 79.1823 29.5222 
86.6826 133.118 113.753 249.374 29.5422 78.9251 110.837 101.63 16.0621 52.0311 141.078 164.785 8.91918 206.316 40.3642 36.7373 
107.029 148.431 181.945 131.219 99.3635 166.987 143.113 239.781 176.166 7.33819 15.5173 196.843 40.2731 12.2084 87.9626 79.9481 
214.743 215.473 217.365 208.942 227.424 222.463 207.731 213.647 212.648 209.439 205.633 202.219 203.19 203.01 221.108 221.295 
218.867 216.535 214.316 215.952 227.505 222.331 220.066 221.124 230.312 223.683 224.883 219.412 222.921 218.671 226.221 218.15 
222.851 220.927 217.694 218.35 227.746 223.433 221.433 221.597 229.532 224.287 224.112 220.3 225.001 221.361 225.178 220.395 
228.693 226.73 224.836 224.475 229.206 227.452 224.424 223.032 228.604 227.333 224.239 222.456 227.141 226.506 224.205 223.345 
228.076 226.083 226.726 228.715 228.662 227.744 224.618 225.358 227.469 228.052 223.487 222.785 226.441 227.277 225.362 223.221 
226.963 228.841 229.253 231.525 226.439 228.095 227.379 228.772 228.703 227.99 225.236 226.897 229.266 227.129 226.327 229.459 
224.995 228.04 231.676 230.131 225.346 225.999 231.062 231.491 227.706 225.412 229.472 232.175 227.826 227.309 229.385 231.625 
230.122 231.717 233.183 233.126 228.409 231.005 233.003 233.685 225.881 227.52 230.061 231.022 226.653 226.401 228.638 229.864 
243.311 95.4368 103.475 127.665 194.723 231.414 250.505 25.9346 43.4838 3.25502 246.041 53.0729 46.8081 41.4857 16.3898 140.83 
228.962 208.414 23.5044 202.309 80.7932 45.7629 14.9897 190.804 122.821 77.9654 158.703 173.436 23.8499 161.51 41.3854 112.933 
0.551409 34.7576 109.225 118.448 37.5317 184.45 250.117 112.773 200.35 164.801 190.889 253.051 117.768 227.082 136.306 131.142 
101.958 207.198 68.5301 187.222 58.2858 82.6153 106.886 239.004 150.903 174.178 193.921 160.414 145.531 28.6328 228.69 23.3139 
133.656 133.838 134.267 134.341 133.889 132.384 132.139 133.202 131.594 131.342 131.178 132.556 129.987 131.117 131.854 133.905 
130.323 130.784 131.514 131.486 129.82 129.807 130.747 131.241 129.083 129.066 129.951 130.752 128.407 128.994 129.707 130.058 
128.324 128.46 128.239 128.341 128.909 128.061 127.724 128.149 127.96 127.546 127.724 128.143 127.367 127.129 127.201 127.849 
126.528 126.652 125.848 125.469 126.759 126.616 126.162 125.866 125.912 125.742 125.285 125.286 125.442 125.112 124.829 124.584 
126.514 125.187 124.019 121.745 126.665 124.943 123.403 122.44 125.719 124.192 122.776 121.787 124.654 122.447 121.857 121.623 
124.589 124.246 122.316 120.249 124.224 123.763 121.782 119.279 121.948 121.191 119.62 118.543 121.108 119.627 118.856 118.162 
123.141 122.45 120.169 118.027 122.824 122.24 119.63 117.045 121.009 120.237 118.304 116.714 120.318 118.905 118.054 117.166 
120.339 119.374 116.574 115.106 120.299 118.916 116.47 114.761 120.786 119.144 117.317 114.041 119.867 119.057 117.224 114.879 
193.335 122.073 200.953 89.7852 194.657 175.918 74.9471 100.536 140.396 65.5599 108.753 168.115 109.849 157.066 200.324 55.7833 
113.214 21.5266 231.19 138.467 176.95 241.978 93.3259 18.7355 151.802 76.5405 171.075 149.731 101.433 155.035 165.502 126.746 
28.3494 208.451 141.692 18.5697 49.1928 98.5927 34.0167 222.573 145.015 92.8887 6.08341 55.5719 23.4828 185.59 0.841285 182.686 
143.016 90.6289 199.85 8.54794 88.4725 68.655 33.53 12.1256 163.913 25.9859 12.7452 94.7604 0.715895 207.11 38.4206 75.6363 
198.993 12.8803 198.778 250.028 230.005 98.7079 211.141 19.9515 16.8423 70.6641 172.819 131.451 203.977 97.2619 191.225 15.3354 
217.261 201.66 214.627 200.107 204.057 207.512 202.072 208.166 221.9 213.571 215.825 214.881 194.555 207.735 201.763 221.953 
219.873 217.747 215.379 216.744 226.961 222.882 220.862 221.808 230.275 224.954 226.217 221.358 224.555 221.735 228.912 220.994 
224.144 223.146 222.72 221.693 225.561 225.593 224.859 224.371 228.261 229.016 229.327 227.227 229.08 230.76 231.28 227.621 
228.491 228.048 226.647 225.441 229.501 230.832 229.311 227.389 230.759 232.445 230.085 227.96 229.746 230.793 229.108 227.439 
232.045 232.027 229.733 229.631 232.384 231.588 228.244 227.172 233.97 232.563 228.741 228.453 233.19 232.063 229.839 229.501 
233.595 234.311 232.314 234.051 232.944 232.205 229.486 230.445 233.886 232.048 228.172 228.971 234.079 231.447 229.65 232.055 
237.913 238.503 234.856 235.387 235.198 234.681 233.515 234.057 232.607 232.045 230.597 232.456 234.161 232.758 230.714 234.007 
237.485 238.897 238.006 235.772 234.658 236.204 237.055 239.018 229.83 231.018 234.423 234.492 231.011 230.884 232.252 232.503 
185.374 72.8704 162.707 93.6174 59.4899 194.602 186.747 60.6433 4.03477 176.755 193.094 168.567 218.493 49.2608 54.772 109.071 
26.3251 220.514 234.161 81.6673 95.4178 102.383 128.401 146.879 165.715 214.22 35.575 136.219 79.7407 237.261 138.073 228.909 
75.631 51.4537 152.872 94.535 81.5431 41.4216 25.3422 254.057 163.001 58.7236 48.3945 252.392 221.435 17.2393 153.793 109.588 
123.657 91.1373 55.8935 115.11 71.2821 102.664 118.128 126.526 14.3361 218.096 224.769 158.603 94.6867 119.094 123.68 168.907 
34.0872 74.838 28.5261 87.462 145.199 122.198 122.477 143.986 127.829 194.092 149.577 189.745 170.565 183.446 118.643 155.789 
126.039 130.132 131.369 132.786 128.658 128.524 129.44 130.783 124.713 127.531 128.769 130.336 125.015 125.647 126.37 128.215 
124.722 126.613 127.708 128.489 124.87 125.85 127.394 128.392 123.56 124.49 125.82 127.372 123.581 123.986 125.4 126.319 
124.35 125.027 125.822 126.381 123.841 124.205 125.541 126.378 122.5 122.981 124.012 125.041 121.373 121.632 123.078 123.911 
123.436 123.304 124.264 124.984 122.047 121.948 123.594 124.643 120.528 120.263 121.629 123.099 118.719 118.88 120.582 121.522 
124.386 123.894 123.694 123.919 122.474 122.545 122.781 122.421 119.811 119.587 119.982 120.498 117.43 117.056 118.683 119.411 
120.558 121.693 118.821 120.692 119.606 121.535 119.049 117.585 118.717 122.148 119.517 118.872 117.789 121.141 119.439 120.673 
174.768 75.4348 183.491 81.7966 177.957 103.469 168.411 92.3334 81.6913 122.712 181.255 60.6805 148.861 64.6079 178.922 73.1243 
71.1263 75.0055 66.1124 2.62541 101.927 240.929 217.227 190.614 206.522 6.34011 54.0601 108.831 201.319 237.171 27.6007 100.703 
118.591 9.34404 10.4578 23.4334 25.3785 134.776 195.586 252.17 124.56 124.715 5.325 81.478 241.121 237.426 194.418 112.995 
30.3078 161.639 119.022 108.083 190.427 173.642 195.55 1.5743 11.0453 106.716 139.422 58.0742 6.6974 204.629 80.9265 132.275 
49.7517 216.795 251.566 225.696 136.392 208.385 247.897 111.183 189.118 23.8949 174.82 116.141 26.9577 186.463 60.6507 185.778 
94.4553 245.266 32.7359 141.39 149.819 36.4232 22.9924 89.8353 118.327 200.333 13.8744 159.193 59.2758 151.705 243.274 29.9872 
161.236 160.704 196.933 81.2007 159.047 143.59 45.4101 112.885 126.311 76.973 124.325 60.2843 92.6106 205.421 177.089 151.379 
218.125 220.196 219.488 218.337 221.622 222.268 220.003 222.792 225.133 226.162 226.979 226.068 225.348 231.385 232.343 225.688 
225.882 226.259 226.85 226.242 227.064 229.621 231.116 230.316 229.316 232.972 233.327 232.296 229.737 232.885 232.998 231.565 
229.971 228.856 231.849 232.037 230.869 233.231 234.203 232.899 231.96 235.417 234.7 232.463 231.417 233.19 234.343 231.765 
231.941 232.196 230.81 229.257 233.643 235.431 233.815 232.102 234.952 237.111 234.285 232.874 233.734 234.208 232.602 231.445 
243.186 239.837 232.539 234.392 241.78 235.681 233.511 233.999 239.984 235.852 236.406 235.964 239.276 238.539 238.246 236.382 
243.794 243.187 237.545 236.719 239.818 238.819 236.156 237.813 235.031 235.107 233.485 234.995 237.093 235.942 233.221 236.283 
243.177 243.86 239.085 238.278 239.411 239.797 238.723 240.445 233.239 234.355 235.525 236.81 235.581 235.303 234.129 237 
127.311 175.721 232.335 130.454 153.159 13.0778 222.124 19.4851 223.371 58.5775 114.002 50.0412 100.046 6.48498 203.133 119.206 
213.83 80.5329 76.1043 249.923 80.7776 77.7581 223.077 26.5251 29.2378 239.548 216.218 35.6361 181.002 114.888 204.741 210.677 
6.50447 73.8449 113.026 114.309 51.6515 192.03 218.487 176.805 81.633 170.33 174.31 206.121 51.9955 117.132 196.49 203.835 
0.581761 19.8621 3.99735 39.4112 127.282 189.378 170.688 204.238 115.975 172.924 210.718 202.136 122.484 184.046 213.355 214.936 
1.53202 14.0598 2.40211 44.6787 151.739 191.542 214.565 192.811 134.633 177.445 188.05 196.903 139.773 179.407 208.53 183.374 
87.577 34.0145 16.8925 38.5324 141.333 166.323 204.612 133.87 204.369 129.438 204.009 136.767 137.952 146.34 183.994 124.677 
158.857 125.525 97.898 154.742 131.522 152.065 97.459 153.574 85.9287 87.9414 129.769 97.7997 114.31 119.433 118.341 135.968 
111.522 133.481 135.7 102.995 107.122 102.692 100.662 117.565 97.0351 101.81 135.164 97.3453 126.001 124.744 133.003 106.681 
120.971 117.878 121.742 133.874 123.869 125.701 127.464 118.691 117.467 114.456 120.11 125.2 121.174 123.521 110.147 126.19 
139.863 124.856 100.06 126.449 127.146 153.759 142.95 114.754 117.406 111.69 98.9536 99.0493 110.888 121.004 133.176 105.536 
70.0116 16.2738 24.6831 133.996 98.7261 24.9965 19.7327 67.5663 133.081 205.401 145.8 43.3446 38.9032 140.306 70.2031 49.1478 
60.5695 84.6922 147.742 109.361 240.503 162.669 30.5592 38.1523 215.994 27.7014 196.897 11.5889 253.668 62.5229 253.349 227.38 
79.7222 148.633 1.43758 238.878 245.187 232.601 246.51 166.585 192.96 160.027 94.4672 57.5767 168.51 119.45 193.021 50.6843 
180.589 251.709 52.0152 236.721 244.806 198.248 100.752 146.068 212.717 58.1463 49.6801 107.762 189.581 31.5072 66.5277 228.253 
69.3598 42.1795 33.6107 129.177 157.246 0.542668 214.542 35.965 229.374 101.676 89.8912 205.593 47.1182 45.5212 80.5497 167.431 
231.144 171.851 206.178 84.5256 239.496 46.4425 75.7724 151.115 143.86 93.0615 175.377 58.3603 164.822 184.321 13.2492 58.957 
99.1257 181.436 225.135 152.706 233.223 98.6233 7.66687 154.442 51.2391 228.205 31.5113 194.846 60.8217 164.857 209.687 196.562 
177.046 2.17022 148.19 150.839 206.868 163.945 174.041 171.323 4.48356 27.4572 109.159 143.297 129.729 180.26 30.7331 226.674 
209.168 211.545 208.572 211.679 216.447 219.612 205.489 205.96 210.168 206.201 223.069 228.591 229.44 219.682 230.247 208.354 
229.009 227.11 232.069 234.474 229.48 229.897 232.766 233.467 230.987 233.414 234.852 234.051 232.224 234.541 237.07 235.375 
234.718 227.177 234.217 241.223 232.028 230.428 237.066 237.608 232.525 234.187 239.06 235.843 234.4 234.198 239.903 238.653 
239.379 235.576 232.872 235.064 239.721 234.751 234.854 235.167 239.689 236.99 239.354 237.794 239.149 239.409 241.347 237.484 
245.104 240.553 234.28 236.191 243.936 237.251 235.792 236.804 243.112 238.741 239.996 239.067 241.607 240.922 241.715 237.849 
246.873 243.9 237.15 238.215 244.497 239.569 238.053 238.15 241.647 238.471 239.412 238.635 241.118 240.774 240.889 238.511 
246.544 247.508 244.983 241.748 243.574 245.139 243.928 245.015 239.016 239.135 240.766 241.979 239.413 237.883 239.496 240.514 
186.719 179.755 102.552 238.467 69.1635 61.1033 180.395 181.29 154.015 56.7611 85.3506 6.37812 81.1049 175.341 194.752 76.7923 
123.955 56.2446 244.776 155.38 92.6426 98.5983 195.342 107.157 218.36 61.9949 139.185 214.669 162.707 153.06 149.544 116.753 
133.926 19.3786 86.0625 205.107 83.6481 181.347 249.337 209.173 239.247 161.688 77.6104 76.5159 51.8568 153.341 91.6386 76.2977 
106.779 124.861 90.7959 26.6558 35.0554 141.682 205.993 193.095 110.049 220.269 218.811 193.903 127.644 129.905 224.539 194.463 
50.6035 29.2919 52.0576 35.0022 171.854 183.997 183.641 184.633 150.02 174.811 208.742 211.398 170.111 218.336 189.25 170.284 
102.694 10.6914 12.1691 200.682 48.115 180.84 160.03 42.3631 196.604 123.829 117.169 164.007 47.0581 205.397 32.8089 175.216 
92.661 115.208 44.6664 163.367 250.66 182.853 118.554 154.469 64.6672 85.7093 220.734 26.5413 94.0011 107.792 76.9287 45.0925 
62.7436 70.5181 228.368 206.728 58.7718 135.873 14.8306 118.394 216.47 85.4553 34.4647 135.811 144.596 16.1473 177.288 141.587 
108.162 242.35 23.8389 232.89 253.109 109.162 66.1997 200.358 119.285 34.3509 245.765 28.4239 126.511 152.329 17.0754 84.9442 
105.773 54.8775 145.145 62.4204 133.644 245.373 143.308 52.9199 15.6687 53.1623 24.4784 119.311 54.1563 149.418 195.251 215.258 
9.85356 18.4984 202.661 134.436 178.698 104.394 159.122 113.001 87.9685 142.387 3.19783 208.613 145.14 95.5678 156.504 70.7126 
95.5601 123.39 189.524 200.748 164.648 195.245 106.104 169.7 238.198 143.309 22.5736 54.235 237.623 244.008 213.575 146.068 
200.08 188.794 32.5318 82.8556 235.728 254.163 59.5779 173.066 213.139 165.021 218.507 110.24 204.174 153.359 134.362 0.82585 
56.9482 65.3097 66.1433 240.759 223.26 17.5508 55.6425 161.958 134.182 191.692 158.551 203.96 75.0394 156.998 137.838 183.213 
238.317 55.918 24.4579 162.764 4.8171 209.159 94.3329 48.7268 206.144 221.237 152.625 155.952 134.884 158.252 103.591 249.517 
134.801 134.938 200.712 192.839 23.374 104.194 245.07 171.028 158.857 164.392 199.95 254.859 215.239 218.98 203.573 75.6767 
94.5155 75.9781 157.817 84.2079 173.773 104.578 138.76 132.783 54.0903 227.887 35.2288 82.4984 102.898 46.9863 97.401 132.198 
125.27 110.677 251.222 156.847 129.224 128.405 201.476 219.114 104.97 64.7413 123.449 46.9873 196.868 224.951 172.814 200.578 
182.818 225.858 57.3802 144.696 166.968 211.916 234.949 198.882 167.844 178.12 193.587 27.678 105.313 235.953 72.0386 56.0135 
233.355 226.646 231.913 240.153 230.939 229.102 234.472 237.629 230.863 233.558 237.265 235.057 233.693 232.612 239.63 237.762 
236.096 229.634 235.026 242.861 232.054 230.429 237.804 242.168 232.156 232.599 240.952 239.14 233.328 234.001 242.601 239.992 
236.61 229.6 235.696 242.494 233.973 231.938 238.159 239.249 234.837 235.537 240.683 238.23 237.275 236.624 241.82 241.096 
245.661 239.244 240.029 245.001 245.547 242.279 243.502 242.123 242.759 241.754 241.49 242.685 245.3 243.357 244.098 244.603 
247.305 247.234 245.554 244.617 246.532 245.926 244.335 244.114 246.558 244.178 241.848 243.076 245.057 242.368 242.153 242.937 
249.445 251.234 249.162 248.672 249.935 249.915 246.842 247.835 248.307 246.085 244.34 246.052 246.271 242.995 244.241 247.435 
211.22 129.4 180.608 198.985 20.7591 60.9676 87.6793 0.430326 213.116 208.979 135.782 32.2849 199.981 199.28 228.086 139.685 
188.533 227.708 196.188 158.005 65.0387 78.8095 81.7095 77.3051 69.5717 97.2249 22.3598 10.076 209.261 64.1728 36.8651 61.1458 
58.6579 87.5402 32.5643 180.962 147.704 130.741 171.917 27.1055 214.581 1.42699 219.7 141.47 98.0451 120.648 117.027 50.2456 
165.513 176.761 12.6402 79.3508 38.5917 87.7618 209.515 147.862 30.4894 160.014 198.719 152.826 192.228 244.053 116.121 112.848 
165.281 51.9653 11.1188 30.2464 139.614 100.263 162.569 91.0356 155.086 151.646 251.36 231.009 175.052 240.122 223.773 175.741 
44.5604 142.489 234.251 219.472 13.6073 190.274 69.9446 74.9691 96.6682 251.816 221.759 241.998 91.3662 179.503 204.81 129.12 
110.831 219.038 99.7128 186.335 102.703 45.4094 66.4622 108.69 161.971 88.3392 213.283 68.398 135.682 26.6435 164.899 144.865 
158.449 171.513 27.7512 9.69163 32.5549 203.881 65.0412 229.195 14.4664 214.108 229.507 155.951 100.809 183.278 12.9715 165.054 
40.7548 138.41 229.917 63.5612 93.6354 225.638 68.0416 105.804 48.3709 72.8683 35.2575 116.546 129.128 174.942 94.2089 135.322 
247.81 239.472 138.935 52.4587 8.65191 249.261 149.126 38.3854 243.513 162.458 163.342 152.587 35.3265 85.8094 197.865 22.7951 
15.1679 241.791 220.058 162.217 219.569 215.189 210.02 94.9498 50.5659 127.592 14.3349 162.178 172.053 17.5433 69.5441 3.53662 
141.854 145.34 223.316 37.2754 106.681 61.3241 23.7385 86.6869 17.3294 247.566 142.799 72.9417 21.6878 223.107 213.591 48.6329 
144.117 29.4061 32.1048 50.4657 138.619 75.2385 36.0589 236.364 49.7496 60.8949 253.819 205.609 29.5505 28.9308 213.447 140.355 
199.129 151.889 128.209 38.9303 245.292 112.428 15.195 11.4355 56.8887 98.2893 71.6507 115.55 131.976 147.994 204.072 37.1841 
142.153 158.758 51.5288 209.965 99.8786 62.2572 4.54225 195.001 216.025 36.0028 133.135 158.978 87.3155 211.36 4.39277 206.218 
4.90696 200.022 203.389 201.603 31.1853 211.713 123.958 230.938 177.323 230.959 117.69 105.418 160.428 30.4348 80.0854 23.2723 
126.533 160.364 125.134 251.398 209.952 180.455 180.146 100.404 200.257 156.658 49.4467 132.168 226.219 64.8496 99.5582 147.75 
138.963 44.6232 132.236 150.079 11.9876 158.135 233.327 184.824 125.849 89.1282 233.837 236.473 65.8036 83.8615 226.551 245.497 
46.9617 204.633 124.458 224.834 53.846 72.8959 121.101 124.115 245.12 189.267 19.1635 157.546 203.037 135.426 211.793 62.5301 
224.358 233.488 182.4 194.559 203.485 191.557 190.361 203.785 217.415 170.764 234.645 196.203 233.533 237.093 247.211 204.868 
236.639 230.682 235.861 243.333 231.964 230.681 238.679 243.524 232.042 232.688 241.903 240.356 233.405 234.313 243.32 240.736 
242.457 237.636 241.106 246.987 240.891 241.141 245.248 246.783 238.628 240.9 243.557 245.717 242.671 242.147 245.988 246.655 
246.208 241.045 244.892 249.506 245.111 244.857 247.897 247.024 242.488 243.996 244.427 246.315 246.421 245.112 246.184 248.311 
249.026 246.399 248.49 251.678 249.26 249.719 250.483 249.424 246.791 247.425 246.566 248.28 247.307 246.946 248.014 250.269 
252.897 254.175 252.886 253.013 253.759 253.341 251.003 253.008 252.962 250.967 250.116 251.714 250.646 248.305 249.193 252.378 
25.1575 134.007 0.193173 8.64949 5.16172 33.9734 146.949 27.3779 10.9692 180.505 243.102 154.219 202.798 30.4342 216.02 98.2345 
162.085 64.4223 132.243 130.171 144.683 159.113 53.0068 173.621 88.2264 208.946 202.834 150.056 37.3369 12.0141 173.451 84.1835 
204.167 156.491 210.864 122.314 152.254 34.8995 184.805 192.38 94.4 47.3455 218.905 16.7025 48.5317 151.537 138.441 110.636 
219.687 82.4427 115.079 208.507 64.7606 238.76 16.3321 151.157 222.207 72.7938 157.67 167.56 16.1629 145.86 2.11983 15.7591 
108.239 120.199 95.4089 199.791 36.1391 69.8369 128.934 183.282 151.989 43.6397 224.048 147.851 161.894 116.773 175.605 187.623 
166.531 184.506 150.625 88.8593 139.293 7.38508 215.782 218.874 198.951 129.681 118.432 188.32 2.58183 197.765 247.085 247.944 
62.6852 132.607 115.103 116.201 91.7269 189.967 155.243 20.5469 110.908 51.6024 217.918 88.0894 71.8941 192.45 57.3005 165.347 
29.6174 105.718 238.254 191.925 32.581 19.7879 54.1373 62.1858 8.86544 163.233 222.557 252.187 209.038 13.2667 73.8441 236.588 
145.834 82.8442 32.8555 127.383 227.001 96.1301 144.163 232 115.688 221.699 205.1 70.8728 210.348 142.654 72.6125 15.922 
223.431 201.336 157.429 233.315 19.9746 53.6345 27.7486 149.595 212.217 40.2509 72.1528 195.924 130.462 120.392 72.1759 238.845 
161.778 226.384 173.781 39.1782 244.475 77.1623 12.7804 251.11 9.86118 152.243 199.125 209.649 83.2598 7.52191 187.821 97.3022 
209.191 219.489 170.49 74.0252 37.7709 81.9451 201.5 119.027 191.67 224.403 204.908 208.563 199.285 150.453 15.6299 103.46 
227.996 224.857 44.5141 35.557 95.6668 33.7786 239.687 178.039 146.549 213.003 182.99 16.7767 143.474 147.884 68.5191 157.249 
233.38 190.275 60.0995 4.13045 130.55 242.204 112.951 87.3661 211.794 242.959 75.4163 90.1614 129.092 100.678 224.619 177.801 
115.371 166.514 95.7342 18.803 42.8893 129.616 219.024 129.758 224.699 63.2215 144.159 80.546 172.907 223.738 112.858 138.01 
239.038 133.575 193.981 118.633 123.034 67.1124 133.677 106.007 129.431 188.207 244.503 56.842 92.7639 93.3995 51.1728 34.1981 
61.9067 47.3877 144.979 211.201 119.805 32.5498 86.4008 104.81 142.164 54.5191 224.788 23.9485 180.249 28.9773 158.825 147.05 
140.94 58.4698 130.655 120.95 166.601 28.4841 26.3941 127.995 214.27 233.18 222.462 155.684 74.8057 21.9272 242.558 105.429 
48.2272 38.3575 136.113 96.2494 151.299 87.8049 140.393 53.0652 70.2631 78.1124 58.8346 230.028 157.198 77.6525 243.204 164.813 
61.6997 30.5543 45.7826 145.11 97.598 39.6059 163.045 115.446 197.635 128.741 38.16 216.469 243.444 146.117 42.7388 173.328 
224.683 235.924 238.097 230.701 226.292 232.156 239.534 233.469 234.616 231.929 234.475 231.667 235.057 233.193 245.518 234.319 
242.975 243.999 247.093 246.892 242.826 244.723 248.099 247.94 245.191 248.033 250.435 249.681 248.546 250.386 251.287 251.183 
248.452 244.916 248.432 252.391 247.93 249.138 251.634 250.098 245.896 248.633 248.723 250.042 248.382 249.242 250.104 252.046 
252.206 253.188 254.822 254.233 253.641 254.523 255.042 255.512 253.602 254.088 254.844 255.193 252.657 254.197 254.529 255.053 
254.9 255.553 255.546 255.179 255.126 255.227 255.006 255.419 254.685 254.267 254.718 255.257 254.05 254.163 254.332 255.189 
126.917 242.969 222.223 158.838 28.1214 48.9387 214.346 114.763 69.335 6.65023 56.4144 78.0555 146.538 233.964 115.085 76.7898 
187.09 219.669 30.4236 97.31 140.335 244.798 112.683 131.217 93.0394 5.79003 54.0944 37.0785 136.967 15.8858 143.269 47.0641 
100.999 73.0972 246.782 89.6469 207.215 50.1667 51.9416 214.621 81.4628 119.004 51.466 207.565 9.9167 20.0405 60.2721 42.5894 
23.1392 19.4786 37.0928 69.0847 22.6544 85.3119 181.17 195.181 197.096 13.3311 198.406 209.672 88.9486 179.515 178.896 99.6146 
122.73 199.513 33.8662 124.133 119.78 133.028 126.269 62.2829 102.562 107.265 222.869 111.635 149.128 82.1162 233.212 67.5301 
85.8007 252.932 150.333 93.2985 243.697 207.091 203.065 198.573 110.07 162.153 52.1904 36.4885 44.632 247.45 224.283 157.894 
33.5641 135.748 184.484 218.071 217.736 161.232 45.0682 26.7883 11.141 18.0896 82.8932 81.9234 116.905 16.5503 93.9838 123.136 
49.1299 231.347 65.8372 232.425 172.989 248.834 18.2179 237.719 42.0045 92.4266 120.81 112.603 210.433 111.542 169.587 211.528 
194.659 166.433 245.499 204.943 112.054 149.619 7.59632 71.1863 26.0865 205.496 162.586 100.995 123.302 232.029 117.197 67.4133 
81.4182 152.502 186.235 193.366 233.924 115.279 235.33 220.963 4.62913 37.7623 111.18 160.364 141.531 119.593 230.289 209.105 
15.8963 168.526 242.691 144.657 177.408 86.832 3.52408 207.774 251.646 237.279 66.3307 112.143 70.3551 173.725 190.963 154.353 
112.266 17.5707 244.482 59.8572 83.9746 106.808 247.346 231.874 141.191 127.752 172.1 201.094 99.4599 161.497 166.346 28.6314 
34.0712 145.121 222.233 183.505 48.1644 77.3301 126.063 193.653 47.3528 196.269 130.529 232.221 68.5214 233.153 117.845 96.3102 
86.5541 165.54 17.0196 103.31 17.5172 201.336 155.376 223.875 62.9861 233.726 35.1141 193.299 145.325 76.4747 237.032 205.303 
47.9503 106.506 238.934 140.054 200.906 222.306 220.02 155.624 75.6321 87.4834 40.3661 39.6675 108.75 197.053 226.867 76.076 
151.393 164.244 110.356 44.2323 224.949 252.332 62.8061 156.406 242.817 6.71347 226.294 68.0266 176.59 101.415 78.7817 237.107 
201.969 58.7681 241.453 189.218 133.765 190.07 12.7136 143.976 246.754 142.522 88.6166 3.34801 199.665 19.784 163.836 201.951 
43.8444 41.9834 60.1126 184.475 111.274 17.3715 190.328 24.7807 4.13246 142.366 149.872 171.615 38.723 45.7678 166.574 214.905 
11.5781 193.203 31.6966 224.793 106.582 60.9144 162.824 233.971 11.7524 182.242 199.264 89.7882 75.9031 7.36345 77.5982 81.8926 
216.054 118.834 92.6009 17.285 198.282 47.8554 138.326 147.917 244.73 90.6033 56.6477 114.104 179.959 110.486 85.7186 76.6428 
238.776 229.814 225.005 214.134 215.464 220.256 239.724 236.382 229.209 251.973 238.792 235.095 242.235 239.723 238.067 227.144 
246.73 246.473 246.904 245.967 248.337 248.946 249.334 247.384 250.312 252.366 252.354 250.237 251.996 252.94 253.119 251.995 
251.228 250.858 252.573 251.278 252.912 253.543 253.944 253.384 253.875 254.579 254.7 254.44 254.683 254.957 254.544 254.665 
253.153 253.51 255.223 254.552 255.114 255.33 255.454 255.473 254.988 255.384 255.423 255.666 255.017 255.582 255.654 255.668 
255.674 255.745 255.894 255.829 255.854 255.805 255.846 255.931 255.915 255.716 255.79 255.906 255.852 255.771 255.617 255.853 
160.732 73.9413 30.761 74.9488 159.168 177.465 176.6 31.0387 198.612 27.8924 218.664 198.577 243.145 12.3348 199.864 55.8326 
246.055 101.61 189.424 136.509 143.56 46.1004 244.738 221.729 112.156 55.4382 95.7563 247.214 250.449 81.199 183.091 128.05 
240.198 111.787 182.546 221.795 32.8521 65.5972 26.816 139.374 68.0054 13.0995 151.68 53.2855 145.864 173.743 76.6956 68.0663 
174.256 226.612 132.726 68.4579 241.043 193.861 185.754 151.433 36.8694 99.3551 173.727 116.105 250.553 243.417 152.756 253.277 
84.4498 115.451 182.902 98.2092 19.5857 117.544 74.781 65.056 8.97954 71.5352 228.736 100.636 182.036 4.57466 70.9432 92.0706 
208.023 124.191 217.754 74.7072 33.7469 109.466 212.421 34.7293 70.1783 126.418 67.1168 50.905 134.704 38.0061 121.375 182.515 
149.984 42.1414 150.516 234.479 157.238 196.897 137.858 71.7953 82.0584 135.316 173.399 242.909 46.0403 217.721 21.6719 142.651 
119.996 113.946 157.502 123.738 26.159 158.955 235.452 45.9393 209.599 146.54 3.67852 198.967 157.36 139.832 204.799 56.5886 
195.175 56.4021 120.103 3.46818 23.0566 194.827 26.1081 113.737 156.226 230.984 165.637 123.719 148.933 206.781 72.1972 68.03 
1.9821 64.8351 138.78 175.128 25.4221 36.2335 147.204 252.159 3.62406 59.1885 193.025 113.781 182.384 44.7367 183.669 13.5968 
240.426 106.838 181.209 204.339 94.7431 153.039 217.04 38.4577 211.573 127.455 197.007 158.999 142.16 82.4518 127.924 62.5073 
34.768 175.522 115.36 156.915 47.0781 199.548 167.071 229.947 130.505 240.248 243.52 68.2722 105.442 42.6237 109.585 239.702 
190.291 210.859 51.1512 171.487 226.968 249.375 196.199 197.675 113.638 59.054 113.809 140.957 57.3435 197.336 104.635 185.468 
42.2094 164.524 41.7996 229.199 227.69 63.9243 230.187 81.5077 177.689 121.34 196.367 224.143 84.4461 112.284 20.6453 195.4 
152.887 13.0457 180.042 119.061 32.4142 14.8167 111.668 198.168 2.39242 103.08 150.991 38.7888 52.8789 170.951 15.7553 28.5244 
171.908 200.145 34.1114 120.945 55.1848 203.564 34.7644 244.667 48.0003 121.807 82.8975 141.582 204.187 119.22 218.687 162.953 
75.9741 222.46 87.276 70.4701 144.596 216.178 98.1368 143.846 196.043 43.5672 204.439 125.704 220.629 187.4 120.366 219.029 
116.801 193.294 125.556 35.3651 16.2268 181.714 126.653 111.527 132.305 250.674 14.7788 167.924 211.62 141.217 69.2303 79.8916 
78.4548 105.116 212.76 150.996 56.7789 100.585 166.744 9.61419 146.975 44.7699 98.2787 25.4898 168.378 78.7081 125.424 57.249 
79.8174 46.2172 247.724 186.81 119.63 11.4602 45.5011 56.1179 32.303 37.6646 184.71 66.0107 125.639 152.108 3.51318 156.917 
144.87 101.087 98.8715 121.38 186.766 117.512 65.0704 169.376 106.643 235.55 140.681 95.3854 175.273 249.325 109.618 177.667 
248.041 246.777 244.722 240.675 248.879 250.14 250.389 245.232 248.303 253.355 250.204 250.027 252.079 251.842 249.03 249.39 
253.267 251.474 250.894 247.944 253.346 253.835 252.807 250.21 253.732 254.37 253.405 252.556 254.197 254.326 252.561 252.097 
255.577 255.688 255.622 255.583 255.85 255.818 255.71 255.682 255.928 255.858 255.777 255.811 255.92 255.832 255.853 255.662 
255.9 255.925 255.932 255.915 255.918 255.917 255.894 255.926 255.933 255.933 255.922 255.931 255.931 255.933 255.896 255.876 
23.0774 228.032 236.092 226.584 26.1155 248.608 155.129 111.33 148.476 179.589 133.877 68.5002 2.70828 38.9969 104.865 57.8227 
176.819 242.153 196.954 185.231 15.5475 7.11391 147.767 194.902 189.252 102.889 232.776 46.8293 26.7862 224.929 179.933 105.55 
36.0718 128.691 253.876 61.2327 146.539 200.483 4.41145 140.729 29.9855 228.504 93.8366 226.824 127.41 135.729 196.062 20.927 
16.9193 159.425 43.9569 79.8569 97.335 182.045 4.60397 24.2576 216.956 47.6264 124.949 229.315 249.412 54.2037 244.019 182.374 
183.245 1.20734 0.692264 210 209.525 138.079 99.7438 211.247 249.567 2.59351 6.41415 82.4656 133.152 82.3159 36.3257 93.3622 
213.406 8.01223 10.1812 65.9364 248.526 30.2814 33.8484 92.5955 137.785 74.9741 8.25086 152.41 200.048 27.2626 10.4147 118.733 
134.989 4.17475 9.54949 121.117 224.778 127.005 111.154 16.0521 59.9356 211.634 187.061 122.781 69.0039 194.141 40.2853 49.4113 
184.025 204.789 25.9375 96.4369 183.993 53.6388 28.7365 132.254 92.7783 192.487 227.642 160.686 9.46781 137.257 45.5379 45.1913 
170.824 236.558 217.455 63.16 182.98 128.739 160.237 69.517 98.56 150.453 66.517 211.839 127.653 84.474 159.219 34.2021 
13.0263 192.257 188.732 48.6917 24.2447 30.7284 215.771 65.2778 80.8753 2.34874 181.684 29.623 21.8343 183.25 241.329 113.483 
138.476 46.2287 253.635 126.363 148.891 103.057 3.24708 34.4448 216.622 46.4652 36.3343 146.977 226.967 71.6966 18.3525 216.051 
22.3133 239.606 141.733 189.756 225.714 204.166 49.3535 41.1546 180.861 203.807 235.926 244.416 19.9021 182.53 30.0961 250.171 
251.29 247.279 239.492 175.874 211.997 6.5313 246.964 187.051 40.3068 149.959 142.697 47.9225 96.5525 63.9102 66.4207 10.8131 
236.533 157.97 173.85 237.544 182.111 19.2493 194.444 222.642 35.7968 241.323 120.289 121.684 176.54 95.9134 214.216 40.3882 
18.6163 219.605 49.4185 4.73389 181.317 114.457 127.44 86.0536 46.7638 140.076 69.554 21.0991 56.1981 97.5146 11.6046 17.3339 
82.0844 146.678 166.423 180.98 8.31761 250.067 207.066 86.9897 132.042 18.0255 32.656 92.6612 50.0345 129.835 104.335 17.7305 
17.4358 81.1703 126.143 120.68 68.971 34.8478 83.8433 225.232 102.283 246.893 87.3781 203.578 136.406 189.481 241.251 53.4879 
206.211 158.104 248.686 5.79385 172.114 209.988 173.698 140.329 233.12 44.2859 9.87899 31.6267 37.0413 240.882 122.051 4.8174 
21.1363 162.145 38.7504 203.048 200.177 148.339 143.992 70.7345 150.063 239.327 108.427 5.13749 184.687 83.5428 113.095 91.0028 
110.979 190.04 106.864 229.482 3.08542 93.4715 155.018 206.705 68.4899 12.9765 81.392 220.035 251.297 78.4053 21.5865 67.821 
22.329 79.599 231.088 186.156 222.472 73.6849 100.095 210.033 190.59 214.391 41.9949 207.075 234.755 145.164 122.799 253.437 
198.982 119.953 238.054 160.623 204.785 138.348 147.588 129.329 199.921 216.514 164.835 214.138 207.638 141.61 142.278 152.414 
253.942 250.446 251.868 251.146 252.758 254.031 253.597 250.9 252.752 254.614 252.666 247.439 254.181 254.538 249.218 248.183 
255.26 253.681 254.881 252.908 255.401 255.395 254.793 252.494 255.379 255.455 254.697 252.535 255.417 255.528 254.269 253.055 
255.851 255.884 255.928 255.918 255.874 255.923 255.8 255.801 255.932 255.933 255.93 255.809 255.927 255.933 255.909 255.7 
