10868000
106.08 105.761 105.747 105.805 106.119 106.004 105.434 105.662 106.35 106.033 105.773 105.634 106.051 106.087 105.833 105.754 
99.0097 98.7636 98.7973 98.6925 98.9267 98.6262 98.5843 98.4143 98.967 98.7384 98.6143 98.3657 98.6914 98.5918 98.4294 98.2037 
86.9056 87.4573 87.4354 87.4594 87.4325 87.4384 86.7612 86.8054 87.6347 87.4733 86.7902 86.0786 87.5652 87.8067 87.3301 86.3783 
82.039 82.5138 82.3404 82.3661 82.3672 82.3901 81.8966 81.7734 82.5116 82.4266 81.9329 81.2431 82.5491 82.5557 82.0707 81.3533 
75.9837 76.5247 76.2917 76.2147 76.3803 76.3593 75.6967 75.4619 76.5561 76.363 75.5732 74.6629 76.6305 76.5869 75.872 74.752 
42.6278 41.5504 41.0124 40.1602 42.3092 41.4163 40.7357 40.1698 42.602 41.398 40.6144 39.8543 42.615 41.4772 40.3001 39.704 
21.8566 19.8933 18.7157 17.064 21.6474 19.9724 18.6946 17.4551 21.9908 19.7777 18.5524 17.338 21.9534 20.0972 18.1964 17.0955 
117.617 117.581 117.767 118.107 117.683 117.912 117.727 118.034 117.893 118.092 117.981 118.427 118.048 117.989 118.239 118.599 
119.947 119.408 119.857 119.078 118.5 118.808 119.329 119.89 117.266 118.929 119.287 119.074 117.538 118.099 119.333 118.461 
99.8862 100.074 100.362 100.684 99.9286 100.111 100.491 100.574 100.251 100.47 100.627 100.658 100.397 100.473 100.618 100.758 
89.5047 90.113 90.1815 90.3201 90.1753 90.2809 89.8245 89.8307 90.5138 90.4747 89.8944 89.2341 90.568 90.6381 90.3317 89.6265 
92.5416 92.6869 92.1166 91.9869 92.7361 93.7984 92.8985 92.5937 93.2218 93.5426 93.112 93.0852 95.595 93.8894 93.4602 94.8965 
64.8842 64.9439 65.132 65.3085 64.9774 64.8873 64.7797 65.0545 65.3135 65.0969 64.8246 64.8727 65.4273 65.2273 65.1064 64.9939 
77.0955 76.2945 76.4616 75.9865 76.4 76.5686 76.9006 76.5101 76.5836 77.0497 77.4029 77.5244 77.9095 77.5688 76.9263 77.2827 
132.236 131.742 132.235 131.518 130.789 131.096 131.896 132.329 129.333 131.038 131.614 131.69 129.741 130.089 131.736 130.737 
130.008 129.564 130.204 129.604 128.614 128.832 129.552 130.249 127.138 128.928 129.344 129.426 127.342 128.002 129.506 128.753 
130.949 130.558 131.434 130.763 129.862 130.096 131.032 131.686 128.75 130.864 131.173 130.552 128.911 130.386 131.754 130.438 
121.649 121.906 121.189 120.904 122.448 123.889 122.822 122.355 123.339 123.925 123.596 123.515 126.187 124.343 124.34 126.161 
128.613 129.09 128.301 128.048 129.411 131.024 130.427 130.094 131.129 131.164 131.597 131.214 134.233 132.262 131.884 133.28 
114.109 113.763 113.522 112.86 113.451 114.578 114.477 113.631 113.866 114.911 115.471 115.411 116.493 115.745 115.255 116.287 
111.612 110.875 111.264 111.068 111.023 111.339 111.963 111.694 111.25 112.08 112.586 113.01 112.723 112.588 112.107 112.839 
140.726 140.523 140.911 141.11 140.491 140.463 140.959 140.686 139.99 140.156 140.518 140.977 140.358 139.958 140.718 140.361 
138.145 137.839 138.885 137.93 136.7 137.092 138.149 138.616 135.297 137.488 137.994 137.532 135.673 137.115 138.544 137.248 
145.68 146.231 147.914 147.964 146.252 146.651 147.677 148.037 146.552 147.909 147.786 147.185 146.452 149.29 149.539 148.577 
152.511 152.949 154.252 154.398 153.22 153.529 155.03 155.325 154.73 155.614 156.249 155.091 155.32 157.295 157.131 155.79 
162.312 162.989 162.348 161.959 162.764 164.658 164.019 163.223 164.584 164.848 165.16 164.401 167.292 165.923 165.79 166.62 
192.672 191.687 190.799 191.821 192.935 191.846 193.027 191.73 193.057 191.891 193.32 191.054 193.481 191.988 191.837 190.509 
140.284 139.886 140.055 139.684 139.732 140.149 140.643 139.919 140.214 140.89 141.332 141.294 141.314 141.34 140.862 141.38 
150.584 150.967 151.26 150.172 149.974 150.297 150.371 149.354 149.799 149.804 149.872 149.399 150.401 150.227 150.269 149.489 
155.059 156.024 156.571 155.35 154.286 155.225 155.26 154.235 153.939 154.413 154.483 153.962 154.575 154.671 154.856 154.362 
158.07 158.586 160.232 159.853 158.249 158.616 159.742 159.558 158.449 159.851 159.624 158.507 158.834 161.401 160.965 159.643 
186.095 186.581 187.343 187.48 186.151 186.834 187.721 187.508 187.016 187.152 187.365 187.697 187.739 188.161 188.573 188.665 
208.431 207.897 207.535 208.321 208.829 208.373 209.488 208.539 208.787 208.313 209.405 208.027 209.374 209.01 208.989 207.673 
219.629 218.711 218.354 219.196 219.686 218.61 218.957 218.652 219.291 218.778 219.187 217.846 219.417 219.194 218.911 217.705 
222.483 221.352 220.457 222.026 222.774 221.571 222.41 221.583 222.189 221.328 221.928 220.746 222.358 221.241 220.91 220.407 
164.346 164.437 164.385 163.687 164.868 164.538 163.854 163.324 164.834 164.389 163.927 163.417 164.977 164.693 164.014 163.433 
167.016 167.32 167.653 166.053 166.545 167.071 166.671 165.179 166.14 166.514 165.883 164.786 166.235 166.801 166.265 165.336 
186.007 185.995 185.885 185.881 186.196 186.22 185.99 185.643 186.421 186.358 186.284 186.145 186.273 186.411 186.583 186.203 
203.57 205.37 203.671 203.41 203.333 203.713 203.864 205.249 203.241 202.622 204.245 207.246 204.201 204.286 204.43 204.632 
223.473 222.941 222.938 222.944 223.381 223.296 222.76 223.533 223.46 223.698 223.864 224.245 224.141 225.385 224.93 224.044 
230.494 229.08 228.538 229.638 230.396 229.424 229.624 229.896 229.952 229.742 230.447 229.844 230.622 230.618 230.276 229.387 
243.188 242.807 242.836 243.738 243.265 242.883 242.619 243.68 243.707 243.633 243.485 243.898 243.975 244.532 243.934 243.774 
174.233 172.524 173.663 172.086 175.42 175.442 174.538 172.546 175.698 175.374 173.775 172.924 174.01 174.824 173.249 172.841 
182.593 182.19 182.286 182.094 183.532 183.345 182.522 181.818 183.713 183.711 183.203 182.404 182.735 182.97 182.978 182.07 
197.576 198.747 196.819 196.921 197.24 197.182 197.004 198.283 196.804 196.508 197.632 200.243 196.908 196.618 197.272 197.315 
203.241 204.544 202.449 202.652 202.748 202.755 202.685 204.034 202.382 201.947 203.426 206.227 203.016 202.59 203.218 203.598 
214.039 215.518 213.683 213.499 213.573 213.779 213.922 215.264 213.264 212.658 214.344 217.385 214.089 214.343 214.64 214.803 
244.574 243.937 243.984 244.352 244.581 244.03 243.624 244.324 244.595 244.417 244.469 244.565 244.945 245.242 244.913 244.341 
251.369 251.018 250.866 251.41 251.298 251.292 251.393 251.696 251.646 251.696 251.909 252.243 251.862 252.139 252.073 252.016 
