10868000
43.9913 43.1129 42.646 42.0222 43.6903 42.8879 42.3629 42.0086 43.9044 42.8257 42.1877 41.6987 43.832 42.8665 41.9195 41.5017 
78.2536 77.925 77.9 77.4961 77.4686 77.9262 78.0981 77.5538 77.4069 78.0839 78.5515 78.423 78.3405 78.4293 78.0719 77.9717 
87.2495 87.4539 87.6133 87.8103 87.2655 87.2258 87.1399 87.4963 87.5008 87.4032 86.9567 86.8306 87.6496 87.5247 87.1225 87.0446 
118.348 118.055 118.159 117.396 117.23 117.931 118.074 118.436 116.331 117.98 118.255 118.054 117.687 117.437 118.483 118.403 
129.676 129.323 129.46 128.535 128.441 129.333 129.466 129.638 127.372 129.215 129.537 129.407 128.856 128.589 129.745 129.791 
83.8363 83.2458 83.1722 82.569 83.233 83.4584 83.6355 82.8469 83.3415 83.8524 84.3795 84.1597 84.4971 84.4211 83.9146 83.6069 
103.553 103.107 103.224 103.051 102.722 103.167 103.568 103.221 102.773 103.581 104.065 104.177 103.748 103.863 103.543 103.849 
107.979 107.799 107.934 107.689 107.39 107.919 108.175 107.983 107.48 108.293 108.859 109.071 108.776 109.027 108.705 108.857 
124.894 124.677 125.252 125.605 125.051 124.665 125.143 125.896 125.344 125.387 125.02 125.609 125.62 125.233 125.291 126.146 
133.704 133.454 133.817 133.081 132.664 133.358 133.602 133.999 131.845 133.547 133.651 133.49 133.048 132.981 134.297 134.03 
178.645 178.251 178.497 179.05 179.005 178.432 178.314 179.522 179.562 179.295 179.484 179.995 179.976 180.443 179.882 179.096 
156.086 155.752 155.697 155.091 155.825 156.234 156.309 155.663 155.957 156.796 157.622 157.393 157.129 157.593 157.298 156.819 
155.612 155.208 155.615 156.038 155.814 155.59 155.881 156.432 156.192 156.126 155.939 156.248 156.481 156.222 156.262 156.913 
151.51 151.689 152.429 152.471 151.884 151.815 152.307 152.402 151.909 152.666 152.635 151.987 151.909 153.09 153.131 152.463 
151.178 151.511 152.435 152.003 151.289 151.383 151.789 151.594 151.285 152.113 151.827 151.417 151.561 152.802 152.789 151.819 
236.551 236.015 236.118 236.554 236.596 236.302 236.075 236.774 236.698 236.951 236.988 237.174 237.226 237.654 237.318 236.74 
220.016 219.744 219.686 220.277 220.323 220.218 219.795 220.619 220.529 220.787 220.858 221.124 221.067 221.855 221.446 221.024 
209.719 209.263 208.786 209.272 210.054 209.403 209.739 209.229 209.481 209.379 209.998 208.958 209.62 209.685 209.57 208.826 
191.111 192.562 190.972 190.951 190.62 190.829 191.059 192.125 190.336 190.236 191.377 193.888 191.08 190.93 191.315 191.487 
170.031 170.407 170.879 170.628 170.53 170.597 170.883 170.231 170.853 171.56 171.365 170.154 170.876 172.163 171.919 170.753 
247.39 246.818 246.805 247.635 247.339 247.106 246.999 247.925 247.703 247.727 247.829 248.236 248.063 248.527 248.173 247.834 
239.222 238.561 238.111 238.521 239.163 238.806 238.795 238.657 238.902 238.992 239.495 238.93 239.208 239.4 239.427 238.865 
209.943 211.247 208.983 209.536 209.389 209.2 209.666 210.67 208.682 207.874 209.687 211.963 209.536 208.735 209.313 209.374 
202.796 203.973 201.917 202.205 202.441 202.087 202.543 203.24 201.951 201.157 202.769 204.626 202.467 201.745 202.148 202.161 
194.377 195.913 194.066 193.92 193.922 193.989 194.06 195.128 193.713 193.26 194.452 197.022 194.458 194.019 194.33 194.633 
