247000
156.001 151.361 114.087 96.0872 1.09314 89.1168 152.999 57.836 119.43 36.9811 104.332 184.26 118.781 243.528 89.348 2.77061 
69.3787 66.3947 26.8266 65.834 15.3941 24.1124 62.5538 21.294 26.62 91.2126 46.2064 69.4965 14.5029 44.761 56.4697 87.777 
21.51 20.5668 19.9302 19.4872 21.8319 20.6994 20.0805 19.4635 22.1367 20.8153 20.0852 19.7896 21.7524 21.0224 20.1313 19.8946 
20.6161 18.2377 13.9696 11.3789 20.5714 17.128 14.3507 11.3297 20.5234 17.1526 13.0927 11.4288 19.6835 17.3051 13.7345 11.523 
14.9254 13.1949 8.63247 6.40132 15.0193 11.6422 9.11022 6.04977 15.1045 11.7067 7.36822 6.21143 14.0855 12.0875 8.24651 6.08471 
11.202 10.7691 7.81071 6.56394 11.2552 9.50275 8.13002 6.28239 11.1978 9.52142 6.68292 6.3018 10.417 9.81259 7.39305 6.25393 
0.468027 0.412449 0.388798 1.17039 0.503629 0.486841 0.450464 0.950807 0.537958 0.536889 0.53997 0.546873 0.574229 0.529439 0.649289 0.708927 
0.370383 0.2104 0.194791 0.901312 0.379378 0.258321 0.202103 0.676166 0.392369 0.257211 0.245441 0.287736 0.413396 0.30002 0.356631 0.423544 
3.32391 3.32005 3.3731 4.14527 3.32434 3.34878 3.42739 3.96611 3.35716 3.3754 3.45386 3.60076 3.4064 3.44653 3.61157 3.70585 
44.7761 45.8891 44.9814 46.1197 44.4065 45.2317 46.0878 46.2392 44.3709 45.7568 44.7482 45.6353 45.0583 44.578 44.9036 46.1133 
45.918 46.4524 46.4198 46.5481 45.9615 46.2047 46.6532 46.871 46.2103 46.4257 46.2806 46.8727 46.115 46.6217 46.6747 46.8922 
34.3223 58.7892 55.3921 52.5802 34.3863 58.7678 55.2749 52.7056 34.5436 58.7046 55.2306 52.6416 34.467 58.5561 54.9951 52.4535 
15.9343 73.9205 66.0341 61.4817 16.082 72.8404 65.7462 61.3583 15.9011 72.2602 64.7072 60.5953 15.8759 72.5737 64.3052 60.1752 
38.4578 68.5137 64.2203 60.7565 38.2856 68.1426 63.8253 60.4555 38.139 67.8379 63.6747 60.3581 38.4542 68.0132 63.6536 60.3025 
58.5631 59.0298 59.5614 59.8033 58.1199 58.9134 59.4831 59.9735 58.0134 58.8044 59.4514 59.7259 57.6752 58.2252 59.0498 59.4817 
57.8972 59.9923 61.0687 62.0594 57.6922 59.9559 60.8641 61.8212 57.4936 59.9297 60.9082 61.8208 57.4601 59.7975 60.6781 61.657 
53.4815 62.223 63.9676 66.5503 56.8378 71.0656 73.639 75.4968 55.6224 69.7995 73.4107 73.7402 54.55 71.4703 74.5593 72.7397 
39.9614 57.8733 44.7939 69.6159 22.5436 160.771 170.477 181.42 68.9374 135.49 183.532 158.116 23.7422 118.045 190.955 207.599 
121.026 132.318 21.5626 17.6488 40.727 188.37 175.868 185.553 78.7324 184.924 137.485 153.895 73.5696 214.926 170.108 176.796 
172.254 1.17716 114.249 84.7411 112.815 178.841 209.39 70.3783 6.36771 68.1739 209.673 164.771 192.102 65.6462 97.453 11.4711 
232.951 75.7552 233.387 66.8797 240.707 233.319 50.5631 33.5612 251.974 60.3776 29.1744 13.7725 128.365 48.3538 161.145 103.887 
15.0734 33.7026 73.3413 60.2457 41.3086 81.5956 81.0904 135.204 109.649 37.908 56.3866 116.967 12.6254 61.9962 102.17 113.588 
20.3661 32.005 25.521 24.2171 17.9242 36.7771 29.2634 25.6439 16.4802 44.1757 38.958 35.0495 16.4075 46.5378 44.7825 38.2495 
24.0567 24.892 25.0063 25.0061 24.1652 25.1884 25.1664 25.1631 24.2757 25.5434 25.5395 25.4938 24.3041 25.8986 25.9691 25.886 
24.7636 24.0997 23.6304 23.3071 24.7894 24.0605 23.6618 23.3021 24.9946 23.9509 23.6037 23.3729 24.8052 24.1489 23.7649 23.4722 
20.2118 18.8691 15.3163 13.0565 20.0944 17.6984 15.5542 12.9534 19.8634 17.6337 14.1473 12.8724 18.9995 17.6569 14.7153 12.8879 
13.1766 14.3591 15.3182 16.2942 13.4565 14.3412 15.3538 15.9551 13.7007 14.3746 15.273 16.0736 13.8843 14.8093 15.4718 15.9624 
12.5012 11.9063 11.8495 11.9696 12.5485 11.9025 11.7631 11.8887 12.5629 11.9264 11.824 11.8446 12.5275 11.9746 11.7867 11.9205 
1.99576 1.82765 1.7215 2.46603 2.06487 1.87756 1.81741 2.2431 2.0665 1.93449 1.8675 1.87386 2.09222 1.92316 2.00357 1.97808 
36.5444 36.3018 35.9266 35.6089 36.7314 36.0245 35.6755 35.4393 36.5554 35.9534 35.6759 35.5356 36.6557 36.1858 35.7403 35.4373 
50.2783 50.6632 50.6363 51.1621 50.2385 50.088 50.4156 50.8666 50.1317 50.0461 50.3624 50.929 50.1916 50.2367 50.4749 50.7743 
50.1487 50.5719 50.6181 51.0243 50.2931 50.3001 50.5283 50.8541 50.3225 50.3455 50.5128 50.9417 50.3037 50.3976 50.5564 50.7964 
50.5898 50.9264 51.2093 51.4396 50.664 51.0173 51.2045 51.4866 50.8327 51.0302 51.1397 51.382 50.6692 51.0306 51.2405 51.3915 
40.3744 65.4409 61.6222 58.2369 40.4598 65.4006 61.5194 58.2196 40.4672 65.2601 61.4053 58.1182 40.6208 65.3342 61.3579 58.0121 
60.7878 60.428 60.0875 59.8424 60.413 60.2712 60.0041 60.0377 60.4313 60.2942 60.2068 59.9979 60.2739 60.0745 60.2295 59.9552 
60.7255 61.0432 61.2164 61.3532 59.9351 60.7392 60.9065 61.0947 60.1985 60.6887 60.883 61.0497 60.5667 60.6717 60.7498 60.9581 
61.4948 62.0587 62.8429 63.4311 61.2859 62.1277 62.9925 63.6194 61.4553 62.3158 63.1554 63.5768 61.2941 62.1625 62.9774 63.3387 
63.6958 64.8623 65.8125 66.9757 63.336 64.6144 65.5855 66.7683 63.2131 65.0362 66.0992 67.137 63.6167 65.3254 66.3992 67.3703 
64.4945 69.1366 69.8837 70.5844 63.8573 70.1113 71.4669 72.3818 63.2456 69.8154 71.2118 72.2702 63.0636 69.4692 70.8578 71.8186 
74.1668 75.4542 72.241 73.7189 68.5598 68.32 74.0328 70.1823 66.0745 73.0407 69.3572 71.7775 64.4115 72.5017 67.8461 69.5585 
134.74 114.912 81.2253 44.394 47.4479 51.1026 120.806 130.197 87.6978 64.4902 93.5033 79.041 114.619 72.8586 73.4445 120.561 
36.5238 86.9403 136.728 169.264 192.62 7.87839 165.563 244.662 12.6689 66.6637 225.077 240.051 250.346 35.9124 44.7439 86.5935 
223.01 189.486 151.199 21.9952 8.36616 121.608 71.8078 97.7138 148.224 208.957 200.336 196.93 89.0963 12.9459 240.879 83.2794 
25.0605 31.8134 28.8156 34.5109 25.7538 36.2601 32.6888 34.3034 27.2602 46.5124 34.2528 37.1979 22.9407 48.6267 47.8966 37.8561 
32.2272 32.5791 32.8185 32.8241 32.3184 32.6493 32.807 32.8256 32.4548 32.5992 32.7988 32.8879 32.4835 32.6854 32.9421 33.1032 
29.8573 30.1654 30.2544 30.2551 29.9111 30.162 30.2277 30.259 29.8729 30.0849 30.1568 30.2418 29.8436 30.1 30.4035 30.3029 
29.4788 29.6932 29.8626 29.8982 29.5369 29.7193 29.9123 29.8415 29.5824 29.6512 29.7952 29.8328 29.5784 29.7533 29.9145 29.8521 
28.8238 28.8468 29.0475 28.7779 28.9631 28.9371 28.9176 28.6095 28.9634 28.947 28.8508 28.4967 28.9603 28.9166 28.7907 28.5589 
32.3865 31.5717 30.6997 29.68 32.2764 31.5955 30.8685 29.6736 32.3138 31.6348 30.9227 29.9113 32.4378 31.7024 30.884 29.8286 
33.0469 31.2093 29.3838 27.4459 32.8627 30.8819 29.1804 27.3551 32.6315 30.8499 29.0029 27.296 32.5206 30.5911 28.9906 27.1861 
57.6118 56.6005 55.0051 53.4586 57.4009 56.1681 54.6931 53.0227 57.0208 55.7923 54.2742 52.7481 56.6004 55.5103 54.0899 52.3309 
53.5354 53.8101 53.5826 53.8413 53.6433 53.3308 53.4019 53.5224 53.6126 53.2692 53.1812 53.4342 53.5353 53.2699 53.1028 53.1968 
54.0165 53.8034 53.6856 53.6556 54.26 54.0433 53.91 53.7378 54.3961 54.1076 53.8721 53.6581 54.1755 53.9985 53.8217 53.6597 
57.4605 57.2448 57.253 57.7256 57.7056 57.4729 57.5478 57.6094 57.7521 57.67 57.4659 57.5853 57.5359 57.4675 57.5751 57.3196 
61.8305 61.4158 61.251 61.0818 61.8819 61.4195 61.1743 61.0907 62.0089 61.5598 61.2351 61.156 61.8853 61.7315 61.5061 61.2625 
63.8139 63.3834 62.7974 62.5555 62.9466 62.7127 62.528 62.3423 63.453 63.0266 62.5013 62.3649 64.0278 63.4972 62.8121 62.4363 
64.0454 63.9624 63.8737 63.6777 63.1042 63.6094 63.6013 63.5334 63.7184 63.9008 63.7477 63.5907 64.204 64.0423 63.8782 63.6764 
64.4446 64.7731 65.3445 66.0829 64.0982 64.6002 65.0496 65.7508 64.365 65.1346 65.7108 66.2063 65.0042 65.6509 66.1729 66.6059 
66.0008 66.5893 67.5638 68.5494 65.8656 66.4751 67.3704 68.3078 65.8777 66.9891 67.8913 68.6325 66.2818 67.2177 68.2834 68.9572 
68.2269 68.8332 69.666 70.5346 67.8111 68.2784 69.1834 70.1115 67.4475 68.4986 69.3995 70.1842 67.6868 68.5395 69.5122 70.3393 
71.1925 72.3583 72.9385 72.8916 70.9604 71.3687 72.0306 72.4871 69.6201 70.4828 70.903 72.0023 68.6801 69.8759 70.821 71.2608 
73.2855 74.2501 74.3205 73.9483 72.9683 73.1969 73.4551 73.6004 71.5611 72.22 72.2877 73.0896 70.5877 71.5731 72.1597 72.4996 
136.371 117.026 103.55 103.367 46.53 119.193 84.1426 140.878 145.773 65.306 78.1791 106.086 76.8548 41.6137 133.46 44.9227 
9.48284 60.5787 97.0977 73.855 81.5395 179.709 17.0939 211.234 188.477 39.5237 143.022 209.232 194.657 170.106 86.8826 244.238 
80.0674 67.475 59.8802 65.5437 71.594 64.8776 56.5881 56.849 73.4709 80.6256 78.3622 66.0165 61.2542 55.7717 75.5617 64.7695 
43.112 42.8458 42.5688 42.0585 43.2843 42.9976 42.5446 42.0134 43.3453 43.1147 42.6036 42.0492 43.3248 43.0226 42.6781 42.1139 
40.8326 40.633 40.4999 40.1673 41.0784 40.8023 40.6167 40.2941 41.0812 40.8956 40.6748 40.3802 41.3089 41.0668 40.9857 40.5669 
39.3976 39.8384 40.0336 40.3419 39.86 39.9577 40.3575 40.5188 39.8216 40.315 40.3738 40.6591 39.9207 40.3073 40.614 40.4565 
38.4059 38.6917 38.7785 38.7544 38.5129 38.9174 39.107 38.8977 38.6572 39.0306 39.2815 39.2496 38.7627 39.1735 39.2858 39.2543 
38.7619 38.1955 37.3135 36.2967 38.5079 37.9785 37.3033 36.2428 38.1724 37.8305 37.1898 36.4412 38.16 37.6177 37.1117 36.3519 
53.3449 54.552 51.1356 45.159 52.6715 54.9229 50.4564 44.1381 53.7973 54.5441 51.8064 44.0292 53.2448 54.5158 52.137 45.2856 
70.1081 69.1632 67.1298 64.1333 69.374 68.369 66.2209 63.5735 68.2873 67.5752 65.2851 62.7629 67.4687 66.554 64.8276 62.0624 
64.5182 64.0049 63.2745 62.4374 64.0762 63.4177 62.6676 61.8575 63.3867 62.7676 61.9313 61.0044 62.6699 62.2115 61.3277 60.4364 
62.1698 61.4913 61.1329 61.5033 62.329 61.6709 61.3271 61.0294 62.0253 61.6256 61.0292 60.8493 61.4291 61.0471 60.8907 60.3068 
65.5993 64.979 64.8406 65.384 65.7698 65.221 65.0144 64.9665 65.5364 65.4066 65.0443 65.015 65.0562 65.0556 65.1399 64.6543 
67.7168 66.9519 66.5117 67.0357 67.775 66.8267 66.7925 66.5995 67.8896 67.2971 66.8715 66.7292 67.498 67.2845 67.1419 66.4641 
68.7182 68.0578 67.6562 67.7478 68.6783 67.5038 67.7344 67.7776 68.9788 68.1841 67.8265 67.866 68.9185 68.5454 68.1529 67.8008 
71.9961 70.6964 70.6112 70.4688 71.8351 71.2972 70.7192 70.4531 71.7969 71.8714 71.8052 71.4595 72.9856 72.2655 71.2561 70.8164 
67.8087 68.0876 68.5658 68.9027 68.3322 68.452 68.9098 69.3151 69.0853 69.4028 69.7834 69.8891 69.5944 70.0204 70.497 70.2667 
68.3093 68.7597 69.5486 70.4228 68.3074 68.6493 69.4223 70.4042 68.4471 69.4064 70.2503 70.949 69.2057 70.1132 71.073 71.5853 
71.0747 71.6688 72.5392 73.6214 71.0202 71.6617 72.7458 73.4907 70.6303 71.7637 72.6713 73.5474 70.2393 71.7611 72.7981 73.493 
73.7567 74.3624 74.6102 74.7958 73.1339 73.4859 74.022 74.3654 72.5399 72.914 73.4135 73.7328 72.1182 72.4372 72.9737 73.4889 
75.4759 76.4817 76.2946 75.5062 75.7064 75.5671 75.4725 75.4577 74.6591 74.5168 74.2681 74.9715 73.6361 74.1648 74.4745 74.5313 
78.1861 77.593 78.2452 77.1645 78.0848 77.5746 77.7364 76.207 78.7504 76.8406 76.8666 76.5664 77.5379 77.6348 78.3705 77.1344 
175.691 198.933 43.6193 188.146 75.6734 92.5639 63.4836 64.8124 129.805 147.257 111.141 49.042 145.958 162.25 90.7325 205.983 
126.91 121.871 114.406 110.515 128.423 121.601 113.538 109.675 130.284 123.012 116.263 110.141 129.122 125.3 117.67 109.797 
89.2428 86.2632 82.9165 79.4808 89.8098 86.604 82.9808 79.8766 89.4952 86.6484 83.4602 80.2173 89.4333 85.7982 83.3179 81.2903 
72.1424 70.7015 69.4002 68.3616 73.2706 71.8117 70.3172 68.9934 74.1553 73.0765 71.4756 70.1247 75.0052 73.9192 72.6053 71.0253 
65.3591 65.1567 65.4172 66.1186 66.3094 66.7566 67.0386 67.4296 67.8531 68.0832 69.1068 69.5157 69.2245 70.0328 70.3243 70.794 
54.319 55.1993 55.5095 56.469 55.4556 56.0329 56.8613 57.5989 56.3047 57.2363 57.9329 58.8093 57.174 57.9638 58.7301 59.2152 
55.804 57.8262 55.4833 50.6408 55.598 59.034 55.4074 50.1833 57.5995 59.2233 57.7622 50.8462 57.4702 60.037 58.5227 52.7586 
84.611 90.0309 82.3528 66.7738 83.3918 92.3259 79.677 63.8663 87.5533 91.7877 85.0294 62.5011 85.7144 91.242 86.704 67.6629 
87.5448 89.4761 86.1888 79.9824 87.956 91.0372 85.5456 79.0154 90.2599 90.8526 87.6241 78.379 90.9142 91.7346 88.8858 81.0285 
75.4912 75.1689 74.4124 72.9683 74.792 74.337 73.4005 72.0462 73.7638 73.3071 72.0186 70.7305 72.7139 72.189 71.1974 69.6417 
75.305 74.679 74.115 73.3987 75.3681 74.5269 73.5939 73.1272 74.5715 73.9198 72.799 72.3142 73.6047 73.1353 72.3038 71.6842 
73.2244 72.4973 71.9768 72.1068 73.2242 72.5089 71.9951 71.6129 72.9029 72.5607 71.8432 71.452 72.3522 72.0739 71.8192 71.0789 
73.3564 72.7349 72.3514 72.0871 73.7692 73.0743 72.4777 72.0395 73.8837 73.4618 72.6818 72.0851 73.7076 73.5667 72.9058 72.2798 
76.0493 74.6582 74.5474 74.656 76.5073 75.5624 75.017 74.8683 76.4033 76.3884 76.2297 75.8442 77.3415 76.8285 75.8821 75.37 
75.9552 74.6519 74.8761 75.2377 76.3448 75.8059 75.2239 75.2899 76.4406 76.7376 76.7367 76.5062 77.6536 77.3503 76.4532 75.9831 
75.3624 74.3473 74.8496 75.2966 75.9138 75.5418 75.4807 75.8703 75.8238 76.4283 77.1151 77.4402 77.0904 77.1464 76.9945 77.1446 
72.9856 73.3379 74.3136 75.2544 72.893 73.583 74.9308 75.7762 72.917 74.1831 75.3991 76.2567 72.8608 74.8847 76.0404 76.3681 
74.3313 74.6716 75.4766 76.7192 73.9968 74.571 75.9128 76.8242 73.4743 74.607 75.7942 76.872 72.9635 74.8021 75.9214 76.7386 
77.6186 78.3701 78.3156 78.44 77.6233 77.7482 78.0881 78.2791 76.9955 76.7544 77.1379 77.6245 76.0181 76.5241 76.8192 77.1694 
78.5954 78.9229 78.3447 77.6497 78.5091 78.1718 77.8724 77.2666 78.334 77.4579 77.2678 76.6672 77.6662 77.1338 76.9603 76.7663 
79.3402 79.3999 78.5449 77.6912 79.4867 78.6683 78.1232 77.3888 79.5846 78.3763 77.9241 77.1151 79.2085 78.4244 78.0342 77.3172 
139.584 130.349 122.323 124.466 134.147 130.057 122.32 124.829 138.433 135.165 124.79 124.09 140.608 133.396 127.762 119.516 
135.496 129.47 122.943 117.903 136.428 129.028 121.759 117.767 138.063 131.299 124.453 118.257 137.22 132.699 125.198 118.625 
134.99 131.864 126.731 123.685 135.538 130.61 125.348 123.402 137.591 132.488 127.355 123.596 135.967 134.682 127.892 123.778 
122.055 119.135 116.475 113.391 123.403 120.046 116.841 114.535 124.114 121.078 118.13 115.54 124.517 121.081 118.555 116.951 
111.947 110.427 109.403 109.117 114.451 112.428 111.265 110.722 116.891 115.554 113.99 113.129 118.563 117.654 116.574 115.174 
94.1608 93.6387 93.6287 94.2011 95.7284 95.6147 95.518 96.0615 98.0485 97.8603 98.3714 98.6202 99.6468 100.211 100.34 100.51 
102.577 101.039 99.4661 98.4686 104.182 102.811 100.754 99.8475 105.701 104.574 102.697 101.373 107.194 106.136 104.202 102.874 
99.8737 99.394 97.5641 94.6964 100.675 100.931 98.5522 95.5322 102.288 101.484 99.4568 95.8302 104.444 103.041 100.081 97.1847 
95.1251 93.9525 92.683 91.3963 96.3935 94.964 93.1812 91.7406 97.1437 95.2983 93.3976 91.8081 98.5497 96.2632 94.3 92.7001 
92.2961 91.539 90.5703 89.7478 93.1278 91.9974 90.6718 89.7077 93.5038 91.8175 90.3285 89.3055 94.5995 92.3892 90.7373 89.8073 
90.3743 90.2525 89.1919 87.6419 89.3837 89.1233 88.3706 87.6194 89.0874 88.3357 87.6519 87.0673 88.7887 87.8125 87.5523 86.7573 
82.8996 82.4063 81.8018 81.1511 82.9134 82.3812 81.5712 81.0181 82.5159 82.1789 81.3377 80.698 82.0003 81.7366 81.1599 80.5494 
81.9718 81.5317 81.1256 80.8337 82.3002 81.9961 81.5507 81.0892 82.8356 82.6349 82.0379 81.349 82.9456 82.7104 82.1851 81.6141 
83.5303 83.001 82.7385 83.2205 84.1184 83.8415 83.2787 83.3804 84.6722 84.4878 84.1405 84.1899 85.0672 84.8855 84.5224 84.0562 
79.9889 78.8718 79.0424 79.3363 80.4359 80.0474 79.6396 79.9499 80.5436 81.0412 81.2765 81.4256 81.7291 81.6588 81.2939 81.2765 
77.9873 78.3282 79.1879 80.0543 78.2805 78.8953 79.9198 81.1481 78.9808 79.9604 81.1175 82.323 79.8932 80.9912 82.0346 82.8654 
77.5228 78.1511 79.0704 79.848 77.4392 78.2445 79.5979 80.7876 77.3895 78.5299 79.9389 81.4401 77.9655 79.0009 80.4369 81.5668 
78.1713 78.7059 79.6404 80.4508 77.7489 78.4129 79.6955 80.4214 76.6187 77.744 78.9394 80.0176 76.0305 77.6462 78.7368 79.4595 
80.407 80.8376 81.2335 81.7688 79.91 80.2025 80.7522 81.1348 78.8748 79.0042 79.5588 80.1084 78.1807 78.2441 78.7657 79.3609 
81.0154 81.0142 80.3599 79.8967 81.0394 80.4121 79.9909 79.7425 80.4588 79.4885 79.1606 78.9558 79.6442 79.1936 78.7864 78.5817 
82.0179 81.009 80.2199 79.5807 82.0531 80.7982 79.9281 78.8242 82.2703 80.887 80.0389 78.5987 82.175 80.9501 80.2623 79.3388 
153.845 147.789 143.936 140.948 152.756 148.06 143.334 140.956 151.8 149.454 145.8 142.277 150.508 147.28 146.205 142.79 
141.957 138.958 133.942 131.254 142.482 137.573 132.616 130.728 144.091 139.385 134.429 130.953 142.755 141.327 135.086 130.838 
141.762 142.786 140.32 138.362 141.882 142.267 141.382 139.019 141.966 141.055 139.494 138.106 142.984 141.512 138.284 138.03 
138.845 138.862 136.096 134.971 139.608 138.097 135.955 134.999 140.729 138.983 136.467 135.636 139.593 139.729 136.592 136.072 
133.318 131.934 131.111 130.647 134.776 133.318 132.054 131.448 136.679 135.482 134.26 133.186 137.599 136.734 135.723 134.312 
132.393 130.991 130.542 129.859 133.346 132.224 132.632 132.615 133.234 132.342 133.323 133.723 135.58 134.488 134.961 135.308 
120.052 119.115 118.017 116.734 119.912 119.76 118.96 118.161 120.86 120.67 119.995 119.18 122.105 121.391 119.706 119.267 
114.176 112.714 111.609 109.996 113.812 113.618 112.604 111.421 114.824 114.324 113.195 111.902 116.278 114.976 112.469 111.955 
103.083 101.958 100.948 99.9441 103.923 103.143 101.97 100.958 105.005 103.63 102.257 101.156 107.077 104.914 102.706 101.937 
104.211 103.936 102.733 101.178 103.7 103.169 102.122 101.301 104.025 102.878 101.753 100.931 103.847 102.669 101.992 101.189 
97.2474 97.2854 96.1087 94.4985 96.3727 96.3841 95.4981 94.6859 96.4144 95.788 95.0723 94.4366 96.4759 95.5535 95.368 94.6121 
94.7972 94.6044 93.6193 92.2368 94.1749 93.967 93.2734 92.4516 94.3167 93.6855 93.036 92.18 94.376 93.5049 93.303 92.3525 
90.3925 89.6419 89.0691 89.1617 90.9468 90.4734 89.5888 89.2783 91.2132 90.7138 90.3878 90.153 91.1283 90.5906 90.2325 89.6731 
87.7729 87.217 86.9452 87.1628 88.3757 88.0329 87.6223 87.7654 88.9852 88.8263 88.6329 88.6656 89.238 89.0242 88.9773 88.5758 
85.7087 85.3182 85.3959 86.2505 86.0951 86.0798 85.9448 86.5907 86.8105 86.9581 87.1861 87.7511 87.3167 87.489 87.723 87.7542 
82.5454 83.6708 85.5412 87.1767 82.7427 83.7485 85.9324 87.4807 83.5948 84.7022 86.8193 88.4424 84.0851 85.4833 87.7843 89.1331 
81.9402 83.796 85.4411 86.1661 82.2913 83.2552 85.2502 86.4561 81.851 83.4635 85.0181 86.7004 83.1851 85.2366 86.0317 86.2207 
82.2465 83.1706 83.767 84.2884 81.7998 82.55 83.4329 84.0801 80.7971 81.8399 82.8026 83.7414 80.4405 81.2228 82.2319 83.1275 
84.5142 84.8365 84.6962 84.5688 83.5939 84.0962 84.6624 84.4496 82.3827 82.1845 82.7478 83.5292 82.0596 81.806 82.0294 82.7314 
85.1463 84.4732 83.7108 83.4624 84.9551 84.2029 83.6464 83.3101 84.5109 83.5315 82.9817 82.5573 84.0936 83.2943 82.7223 82.3707 
85.9723 84.3975 83.1569 82.415 86.0882 84.5823 83.0755 82.2553 86.0905 84.51 83.0271 81.9984 85.6854 84.4539 83.3005 82.3836 
155.053 150.514 147.768 145.391 154.208 150.912 147.067 145.268 153.425 151.966 149.171 146.421 152.568 149.983 149.234 147.116 
147.588 146.863 144.954 143.058 147.344 147.178 145.951 143.677 147.151 146.529 145.203 143.5 148.658 146.169 144.505 143.514 
143.836 145.219 143.097 141.547 143.819 144.704 144.347 142.29 143.991 143.599 142.425 141.342 145.323 144.126 141.376 141.121 
143.209 143.998 143.113 141.805 143.753 144.809 144.771 142.633 144.407 144.327 143.641 142.217 146.728 145.001 142.872 142.133 
139.222 137.608 137.046 136.445 140.095 138.853 139.244 139.086 139.934 138.995 139.899 140.12 142.114 141.127 141.252 141.26 
137.305 136.011 135.471 134.868 137.996 137.059 137.532 137.507 137.588 136.795 138.071 138.494 139.645 138.931 139.441 139.771 
136.349 135.027 134.258 133.497 136.868 135.893 136.11 136.015 136.112 135.438 136.531 136.906 138.021 137.243 137.71 138.109 
122.033 121.112 120.059 118.838 121.714 121.733 120.961 120.168 122.056 122.093 121.379 120.526 123.08 122.492 120.791 120.601 
126.532 126.015 124.925 123.937 127.131 126.159 124.194 123.638 127.147 125.817 123.837 123.7 126.841 126.076 124.509 124.028 
121.997 121.378 120.049 119.073 122.096 121.289 119.745 118.71 121.76 120.824 119.213 118.365 121.66 120.67 119.239 118.524 
109.281 109.07 107.971 106.447 108.996 108.562 107.495 106.367 109.141 108.266 107.112 105.963 109.12 108.105 107.431 106.305 
110.222 109.648 108.16 107.488 110.388 109.705 108.021 107.179 110.273 109.361 108.119 106.549 110.038 109.346 108.341 106.798 
107.975 105.594 104.936 104.802 107.152 105.238 104.949 104.597 107.29 105.662 105.174 105.024 106.261 105.494 105.974 105.456 
99.5953 98.5048 98.2477 98.4318 99.3628 99.1293 99.1372 98.9079 99.713 99.2958 99.447 100.161 100.347 100.008 99.9324 99.1531 
87.5556 88.5657 90.2067 91.4624 87.9831 88.8155 90.5742 91.7384 89.067 89.8739 91.6561 92.5932 89.5689 90.7059 92.6085 93.3956 
83.5446 86.1063 88.5496 90.1168 84.3684 85.7677 88.386 90.147 84.7442 86.5664 88.6846 90.7475 86.509 89.0328 90.2501 90.8955 
83.8727 85.9512 88.1733 89.525 84.3949 85.3134 87.8473 89.3474 84.4221 85.7564 87.7169 89.6818 85.7492 87.7046 88.8979 89.4786 
84.8976 86.6426 87.8282 88.1401 85.0074 85.8135 87.5049 88.1119 84.1609 85.1154 86.3785 87.9443 85.2676 86.6617 86.9077 87.2333 
87.1831 87.7458 87.5485 87.1558 86.0646 86.8493 87.4125 86.9305 84.8692 84.7985 85.5409 86.1403 84.5703 84.2899 84.6365 85.3344 
88.041 87.6422 86.8432 86.0763 87.3064 87.2572 86.9666 86.0258 86.6515 85.741 85.4855 85.6288 86.5879 85.5715 85.1453 85.2225 
89.7375 87.7898 87.4616 86.6432 89.9371 88.4179 86.8848 85.7257 89.7773 88.5813 87.0999 86.6716 89.5086 88.2045 86.7761 86.5765 
160.241 156.884 153.264 151.426 159.433 156.104 151.575 149.468 157.87 156.433 153.47 150.94 157.285 156.176 154.841 152.822 
154.808 154.17 152.371 150.896 155.287 153.863 151.86 150.614 155.663 153.341 151.69 151.076 156.433 154.926 152.716 151.925 
147.822 148.874 148.158 146.97 148.33 149.369 149.418 147.646 148.857 148.827 147.816 146.817 151.162 149.436 147.322 146.82 
149.359 148.969 148.984 149.473 150.669 150.353 149.964 149.856 152.216 152.086 151.287 150.608 153.168 152.799 151.754 150.937 
146.524 145.754 145.829 146.123 147.761 147.398 147.145 146.988 149.372 149.148 149.163 148.517 150.3 150.366 150.002 149.369 
141.298 140.083 139.785 139.308 141.929 140.852 141.636 141.818 141.402 140.865 142.156 142.662 143.29 142.738 143.342 143.766 
141.929 141.529 140.263 139.744 141.829 140.897 140.485 140.782 140.711 140.87 141.217 142.007 140.859 141.963 142.556 142.706 
141.854 140.24 140.024 140.467 138.683 137.982 138.994 140.655 137.549 139.046 137.421 139.448 138.04 140.327 140.836 140.031 
133.167 132.739 131.812 131.128 133.757 132.654 130.732 130.55 133.101 132.083 130.129 130.412 132.732 132.352 131.183 130.892 
129.584 129.11 128.025 126.897 130.008 129.21 127.379 126.261 129.922 128.742 126.684 126.006 129.733 128.944 126.951 126.149 
123.34 122.552 121.383 120.539 123.716 122.969 121.29 120.126 123.992 123.102 121.564 119.792 123.942 123.246 121.679 119.679 
120.414 118.111 116.847 116.366 119.529 117.477 116.397 115.827 119.497 117.628 116.401 115.733 118.581 117.767 117.584 116.145 
115.235 112.807 112.146 112.034 113.561 112.166 112.349 112.002 113.376 112.019 111.924 112.912 113.525 113.093 113.122 112.155 
110.596 108.818 108.559 108.416 109.24 108.459 109.081 108.667 109.6 108.664 108.748 109.773 109.977 109.594 109.938 109.107 
103.308 103.636 103.991 104.377 103.028 104.123 105.013 105.064 104.004 104.708 105.307 106.487 105.396 106.122 106.334 105.894 
87.0366 89.5438 92.25 94.4386 87.5876 89.7884 92.5761 94.3522 88.8926 90.7738 93.4212 95.1493 89.7831 91.9478 94.3532 95.9261 
86.077 88.8157 90.7926 91.9902 86.6913 88.3302 90.4579 91.8622 86.684 88.5792 90.1874 92.0391 88.1668 90.5624 91.0364 91.5721 
89.5124 90.4163 91.5436 92.3666 89.3728 90.1726 91.3775 91.9261 88.5949 89.5566 90.8286 91.4808 88.0351 89.1009 90.1871 91.2358 
89.9748 90.6638 90.91 90.865 89.038 90.0004 90.7504 90.4311 88.0865 88.2305 89.1471 89.8834 87.8281 87.7429 88.321 89.2008 
91.4656 90.1737 90.4339 90.2135 91.2058 90.3091 89.6826 88.9334 90.6949 90.2066 89.569 89.6095 90.4262 89.6596 88.7263 88.9917 
91.8915 89.9582 89.9176 89.2221 92.0664 90.5544 89.2193 88.1141 91.8301 90.8572 89.4958 89.3665 91.4763 90.3018 88.8797 88.9139 
164.501 161.748 157.345 157.426 162.65 162.269 157.58 155.007 162.525 159.734 157.901 154.415 161.861 160.046 157.785 156.835 
161.421 160.421 157.488 156.385 161.433 159.255 156.137 154.546 160.005 159.555 157.07 155.305 159.906 160.12 158.203 156.522 
161.302 161.487 160.598 160.844 162.748 161.704 160.629 159.214 162.156 161.972 160.893 160.014 159.678 161.14 161.838 160.374 
155.292 155.213 155.49 155.735 156.813 156.887 156.511 156.398 158.379 158.572 157.513 157.048 159.19 158.836 157.891 157.458 
154.188 154.143 153.142 152.917 155.069 155.679 155.361 155.41 157.414 157.718 157.641 157.048 158.006 158.755 158.32 158.573 
151.439 151.003 150.536 150.385 151.648 151.146 151.313 151.477 152.1 152.62 152.989 153.31 152.777 153.479 153.975 154.203 
148.094 146.858 146.775 147.151 144.993 144.444 146.029 147.928 144.059 145.891 145.511 147.561 144.666 147.249 148.407 147.854 
146 144.393 143.975 144.762 142.015 141.469 142.955 145.087 140.349 142.595 141.29 143.835 141.297 144.277 145.298 144.497 
142.688 141.175 141.07 141.509 139.299 138.815 139.985 141.529 138.413 139.744 138.168 140.131 138.953 141.035 141.175 140.407 
133.802 133.685 133.423 133.317 134.264 134.199 133.556 132.848 134.491 134.195 133.415 132.608 134.694 134.185 132.98 132.084 
126.768 126.31 125.969 125.798 127.502 127.155 126.515 125.835 128.238 127.951 127.219 126.237 128.173 128.053 127.087 125.531 
124.332 123.519 122.925 123.273 124.316 123.065 122.563 123.169 123.857 123.02 122.928 123.18 123.71 123.808 123.471 123.255 
121.541 119.465 119.021 119.255 120.194 118.236 118.459 119.094 119.939 118.777 118.582 119.396 119.373 119.361 120.087 120.029 
113.754 112.926 113.064 113.206 112.933 112.713 113.551 113.849 113.306 113.067 113.427 114.752 114.332 114.496 114.548 114.204 
108.683 109.596 110.006 110.574 109.32 110.453 111.517 111.466 110.571 111.323 112.236 112.562 111.542 112.335 112.845 113.402 
99.4003 101.908 103.32 104.933 100.333 102.98 104.666 105.901 101.99 104.006 105.595 106.938 103.448 105.331 106.045 107.265 
98.1348 99.2787 100.945 102.269 98.2811 99.314 101.269 102.309 98.7782 99.7201 101.221 102.391 99.6125 100.39 101.366 102.3 
93.4807 94.4707 95.7633 96.6743 93.4467 94.5865 95.8539 96.5433 93.3466 94.3033 95.6549 96.3668 93.1903 94.0709 95.2625 96.1599 
92.4277 93.2679 94.2649 95.1565 92.1998 93.0714 94.1886 94.7284 91.8053 92.7399 93.9169 94.3767 91.7818 92.6339 93.6166 94.2348 
93.4414 93.4206 93.2836 93.4219 93.4686 93.1938 92.9668 93.0461 93.6624 93.2348 92.9857 92.9555 94.0535 93.5041 93.177 92.9459 
94.5474 92.9043 92.8492 92.519 94.6984 93.4477 92.418 91.7503 94.9584 94.1108 93.0137 92.8815 95.246 94.0965 92.7015 92.6525 
165.13 163.847 161.67 163.006 162.961 162.533 160.083 159.616 163.257 161.099 160.51 160.097 162.892 162.269 161.679 161.897 
165.807 165.004 162.538 162.974 165.738 165.004 162.634 160.434 165.053 163.652 162.846 160.885 161.721 162.747 163.336 162.098 
165.108 165.282 163.812 163.906 165.943 165.154 163.998 162.33 164.724 165.183 164.139 162.834 162.277 163.986 164.58 163.19 
164.015 164.451 163.386 163.189 167.172 166.058 166.091 162.928 166.556 166.1 165.327 163.964 163.582 165.014 165.292 164.463 
160.871 160.456 158.969 158.565 161.851 162.723 161.815 161.316 165.188 164.97 164.118 163.431 165.862 165.855 165.059 165.239 
157.921 157.998 157.265 157.846 159.197 159.545 159.084 159.672 162.055 161.976 161.892 161.137 162.958 162.282 162.548 162.275 
154.995 154.969 154.214 154.263 155.063 154.986 154.724 155.14 155.381 155.795 156.171 156.777 156.19 156.761 157.355 157.375 
149.744 148.451 148.575 149.23 146.289 145.915 147.544 149.68 145.356 146.923 146.549 148.636 145.971 148.332 149.347 149.004 
144.379 145.066 145.57 145.463 144.572 145.144 144.914 145.174 144.299 144.591 144.629 145.013 144.072 144.347 144.664 145.35 
139.665 140.169 140.809 141.257 140.045 140.498 140.959 141.24 140.828 140.743 140.572 140.892 140.966 141.029 140.569 140.766 
132.766 132.9 132.965 133.652 133.775 133.494 133.31 133.625 133.852 133.62 133.941 134.038 133.629 133.734 133.525 133.671 
129.286 129.331 128.896 129.022 129.312 129.641 129.424 129.671 129.334 129.266 129.837 130.131 129.283 128.664 128.923 130.08 
125.008 124.521 124.512 125.018 124.887 124.134 124.46 125.324 124.579 124.56 124.93 125.524 124.734 125.156 125.457 125.911 
118.606 119.096 119.761 119.994 119.053 119.557 120.577 120.769 119.892 120.695 121.394 121.566 120.74 121.349 121.943 122.177 
113.496 114.245 115.082 116.02 113.932 115.167 116.46 116.908 115.14 116.105 117.191 118.014 116.108 116.966 117.69 118.617 
110.302 112.053 113.805 115.545 110.506 112.018 114.441 116.46 111.141 112.432 114.986 117.587 112.367 114.11 115.795 118.373 
105.361 106.667 108.241 109.431 105.338 106.41 108.485 109.594 106.166 106.962 108.62 109.834 107.32 107.853 108.649 109.56 
99.3138 100.76 102.877 104.53 99.4949 101.054 103.28 104.605 99.7321 101.28 103.301 104.553 100.49 101.933 103.478 104.586 
93.7746 95.7854 97.4062 98.9709 93.9938 96.2244 97.7925 99.1074 94.3 96.4922 98.1697 99.1704 94.7709 96.7111 98.2256 99.3139 
96.1611 96.2271 96.3146 96.6148 96.4146 96.599 96.4785 96.7607 97.0326 97.1351 97.0619 96.887 97.8933 97.7704 97.6222 97.3373 
97.8258 96.9321 96.7501 96.8562 98.2072 97.4485 96.8732 96.9501 98.7639 98.2798 97.5475 97.1354 99.466 98.9137 98.0968 97.5679 
166.2 165.105 163.6 165.594 163.815 163.485 161.767 162.375 164.52 162.045 162.113 162.74 164.305 163.723 163.758 164.819 
167.642 167.348 166.426 167.496 165.753 165.285 164.275 164.794 165.245 164.547 164.522 165.424 164.904 165.466 165.847 166.384 
168.442 168.458 166.86 166.401 170.251 168.927 168.328 165.299 168.152 167.607 167.24 166.219 164.551 166.061 166.982 166.313 
169.342 169.36 168.807 167.913 173.207 172.21 173.194 169.527 172.462 172.261 171.299 169.619 171.724 170.994 169.404 169.411 
172.232 170.254 168.272 169.063 174.956 173.75 170.855 168.555 174.884 174.879 172.372 168.695 175.191 174.047 171.707 170.732 
164.548 163.582 162.872 163.927 166.058 165.521 164.603 164.806 168.709 167.962 167.019 165.685 169.267 168.179 168.042 166.795 
161.429 161.266 160.989 161.735 162.22 162.106 161.973 162.876 163.746 163.413 163.697 163.524 164.343 163.813 164.548 164.242 
158.157 158.388 158.355 158.818 157.705 158.284 158.314 159.102 157.588 157.801 158.366 159.675 157.691 158.495 159.645 160.484 
152.772 154.323 153.321 154.097 153.756 155.765 154.229 154.407 153.088 155.745 156.229 155.455 152.717 154.575 157.795 158.469 
143.83 144.893 146.408 146.981 144.292 145.648 146.49 147.313 145.247 145.993 146.628 147.524 145.431 146.269 146.987 147.914 
136.211 136.905 137.381 137.53 135.978 137.552 138.317 138.482 136.671 137.198 138.333 138.856 137.179 136.883 137.479 138.912 
132.284 132.691 132.632 132.447 131.839 132.95 133.16 133.134 131.848 132.12 133.216 133.44 132.136 131.625 132.1 133.493 
130.179 130.871 131.017 130.769 129.556 131.106 131.852 131.653 129.661 130.82 132.098 132.044 130.39 130.492 131.262 132.142 
124.432 125.371 126.797 127.456 124.627 126.088 127.617 128.285 125.249 126.734 128.166 128.641 125.991 127.517 128.728 128.997 
115.829 118.113 120.542 122.542 115.983 118.263 121.308 123.689 116.607 118.78 121.95 124.59 117.666 120.158 122.562 125.331 
113.287 116.127 119.233 122.116 112.987 115.352 119.178 123.444 112.736 115.147 119.645 124.543 113.683 117.074 120.527 125.338 
109.309 111.806 114.648 117.169 109.128 110.942 114.32 118.205 109.12 110.769 114.606 118.904 110.373 112.9 115.581 119.539 
102.889 107.419 111.318 114.335 103.292 107.665 111.526 115.251 104.662 108.471 112.581 115.408 104.578 109.904 112.577 115.494 
95.5515 99.94 103.557 107.045 96.7525 101.42 104.951 108.238 98.0588 102.664 106.198 109.012 99.4383 103.937 106.982 109.756 
98.6398 99.0323 101.158 102.364 99.9282 100.117 101.324 102.541 101.751 101.877 102.036 102.286 102.852 102.653 102.66 102.413 
99.9709 99.4682 99.4661 100.18 99.9901 99.7102 99.7491 100.123 100.718 100.424 100.219 100.094 101.622 101.122 100.753 100.526 
167.847 167.513 167.581 169.624 166.284 165.002 164.705 166.753 166.526 164.442 164.921 166.97 166.887 166.643 167.339 168.307 
173.925 173.786 173.55 175.052 172.801 173.032 172.65 173.427 172.526 171.515 171.459 171.983 173.027 172.368 172.094 172.22 
177.911 177.266 175.469 173.865 176.114 176.103 174.39 173.27 173.916 172.938 172.678 173.293 173.292 172.494 172.395 173.409 
179.13 176.918 175.475 175.633 181.789 179.393 176.013 174.259 180.124 179.321 175.992 174.565 180.113 178.486 175.882 176.382 
178.446 175.538 173.166 173.302 180.217 178.057 174.168 171.737 179.335 179.123 175.801 172.225 179.592 178.561 176.223 174.622 
174.905 172.642 170.752 171.435 176.842 175.363 172.347 170.705 176.634 176.655 174.25 170.904 177.071 176.278 174.488 173.085 
170.403 169.494 169.459 169.79 170.88 170.228 170.576 170.439 171.647 171.501 171.831 171.469 172.079 172.469 172.919 172.465 
166.589 166.824 166.496 169.225 168.205 169.068 168.088 169.902 167.811 169.515 171.884 172.664 169.304 170.241 173.298 171.48 
157.035 158.542 157.272 158.513 158.101 160.315 158.819 159.137 157.539 160.649 161.637 161.045 157.388 159.778 163.502 163.978 
153.174 155.174 154.757 156.289 154.566 157.001 156.507 157.23 154.494 157.823 159.236 158.637 154.791 157.144 160.448 160.732 
144.616 146.056 147.994 149.223 144.248 146.207 148.399 149.966 144.936 146.78 149.253 150.787 146.017 147.793 149.493 150.384 
136.22 137.224 137.531 137.448 135.358 137.325 138.283 138.398 135.179 136.507 138.277 138.718 135.869 135.917 136.92 138.217 
136.099 136.906 137.693 139.152 135.342 136.665 139.761 140.058 135.221 135.833 139.903 139.965 136.245 136.413 137.152 139.413 
127.591 130.738 133.067 134.177 127.511 130.9 133.674 134.768 127.926 131.38 134.19 135.031 128.654 131.627 134.242 134.953 
122.563 125.82 128.999 131.632 122.65 125.851 129.159 131.894 122.582 125.622 128.933 131.568 122.584 125.491 128.521 131.345 
116.915 120.388 123.707 126.666 116.78 119.579 123.437 127.431 116.188 118.938 123.251 127.834 116.761 120.014 123.62 127.869 
117.626 119.048 121.673 123.976 116.327 117.816 120.987 123.874 115.756 116.807 120.061 122.962 114.402 116.465 119.342 121.907 
109.814 112.226 115.247 117.132 109.627 111.785 114.372 117.359 110.009 111.523 114.724 116.967 109.478 112.501 114.441 116.532 
103.024 104.46 107.516 109.158 103.961 105 107.352 109.44 106.244 106.738 108.045 109.063 106.932 107.76 108.214 108.777 
102.077 101.956 103.481 104.227 103.232 102.528 103.611 104.4 105.355 104.275 104.081 104.078 106.611 105.057 104.725 104.131 
101.839 101.269 102.562 103.419 102.548 101.737 102.585 103.257 104.211 103.198 102.861 102.834 105.232 103.838 103.415 102.857 
174.048 174.202 174.929 177.428 173.816 173.987 174.38 175.547 174.147 173.165 173.187 173.607 172.195 171.233 170.731 170.895 
175.333 176.683 178.239 177.547 177.648 177.751 179.528 178.926 178.819 176.878 176.829 177.854 177.18 177.724 174.478 176.68 
181.321 180.528 180.906 181.35 182.094 180.822 179.599 180.259 181.624 180 177.82 179.913 182.072 179.933 178.486 180.168 
185.26 183.626 183.661 183.666 186.813 183.877 182.101 183.174 186.767 184.445 180.958 183.786 188.006 185.804 182.968 184.481 
182.581 180.431 178.36 178.579 184.466 182.491 178.722 177.415 184.078 183.346 179.9 177.935 184.729 183.58 180.898 180.076 
179.499 178.238 177.126 177.22 180.423 179.276 178.565 177.917 181.783 181.482 180.593 179.294 182.543 182.768 182.061 180.506 
173.395 172.926 173.132 175.381 174.894 174.838 174.775 176.284 175.441 176.093 178.259 178.93 177.15 177.432 179.208 176.721 
171.385 171.096 171.698 174.276 172.73 173.076 173.343 175.193 172.991 173.988 176.822 177.883 174.969 175.4 177.544 175.459 
166.83 167.421 167.325 170.318 168.725 169.884 169.306 171.27 168.502 170.573 173.388 174.034 170.037 171.26 174.544 172.624 
162.488 163.963 166.227 168.015 162.446 164.326 167.034 169.291 163.458 165.653 168.484 170.181 164.312 166.392 168.608 169.786 
155.661 157.467 159.875 161.64 155.571 157.688 160.53 162.588 155.583 158.104 161.435 163.099 156.387 158.668 160.827 162.103 
147.847 148.813 150.244 151.681 146.833 148.41 151.515 152.432 146.377 147.248 151.326 152.351 147.336 147.926 148.857 151.345 
141.179 142.334 143.346 144.95 140.148 142.056 145.71 146.215 139.795 140.777 145.54 145.806 141.004 141.284 141.866 144.751 
134.92 137.335 139.863 143.233 134.169 137.033 142.686 144.553 134.427 135.728 142.802 144.642 135.103 136.063 138.464 143.516 
127.448 130.579 133.437 136.161 126.752 129.484 133.325 136.036 126.169 128.299 131.848 134.814 125.56 128.046 132.042 135.017 
123.046 124.777 126.955 128.826 122.227 123.525 126.009 128.205 120.949 122.162 124.669 127.183 120.29 121.606 124.095 126.319 
120.085 120.996 122.586 123.936 119.083 119.761 121.708 123.269 117.42 117.922 119.957 121.925 116.392 116.715 118.905 120.632 
115.569 115.962 117.299 118.716 114.156 114.78 116.486 118.176 112.831 113.361 115.301 117.331 111.825 112.496 114.435 116.363 
108.862 109.513 110.462 111.496 108.152 109.101 110.184 111.231 107.761 108.614 109.714 110.973 107.78 108.403 109.437 110.76 
104.191 104.104 105.706 106.37 104.693 104.322 105.512 106.349 105.939 105.503 105.63 106.087 106.729 105.876 105.912 105.797 
103.575 103.92 104.212 105.109 103.055 103.449 104.294 104.96 103.254 103.429 104.103 104.762 103.949 103.762 104.299 104.842 
160.756 143.745 183.792 194.587 174.116 197.884 139.781 158.933 121.861 142.255 181.12 174.849 185.209 185.065 127.89 128.511 
176.922 178.121 179.932 179.299 179.862 180.253 181.945 180.752 181.188 179.098 178.948 179.594 178.952 179.185 175.891 178.05 
182.404 183.037 183.962 182.638 185.078 184.639 185.997 184.647 186.076 183.652 182.873 184.039 184.748 184.98 180.778 183.062 
191.088 189.782 189.212 188.615 192.201 190.158 188.286 188.496 192.391 190.212 187.335 189.16 193.842 191.832 189.286 189.996 
193.566 192.215 190.153 189.539 193.75 192.528 190.651 189.801 194.553 193.423 191.372 190.819 196.047 195.405 192.982 191.805 
191.21 189.495 186.782 187.741 192.195 190.533 189.155 188.485 194.544 192.921 191.754 191.267 194.912 194.436 194.307 192.705 
190.312 190.254 189.477 191.199 193.903 194.601 190.698 189.869 197.986 195.462 198.412 198.84 200.062 199.772 201.11 201.394 
176.714 176.5 177.067 179.5 178.3 178.512 178.716 180.561 179.047 179.936 182.619 183.554 181.267 181.462 183.479 181.131 
180.489 180.529 182.611 183.527 182.339 180.985 183.282 184.701 183.508 183.921 185.591 186.812 184.833 185.348 186.367 187.976 
177.336 176.878 179.102 180.994 176.796 177.657 180.025 181.585 178.18 179.549 182.224 183.472 179.522 180.618 182.544 184.122 
168.32 168.749 171.715 172.283 167.441 168.904 171.963 172.561 167.676 169.501 171.85 172.885 168.544 170.272 171.529 172.773 
159.831 161.124 163.325 164.075 159.338 161.08 163.063 163.929 158.378 160.166 162.276 163.173 158.736 160.266 161.599 162.59 
151.752 154.489 155.933 157 150.647 153.61 157.532 157.614 149.65 151.136 155.391 156.262 151.827 151.747 152.691 154.764 
143.795 146.985 151.068 153.962 141.547 145.599 151.11 154.315 140.61 142.239 148.223 152.615 140.947 144.268 147.469 152.595 
127.881 132.797 137.555 141.545 127.26 131.59 137.657 141.907 127.57 130.733 137.125 142.048 126.597 130.448 136.364 141.265 
123.899 125.544 126.951 128.193 123.165 124.5 126.397 127.568 122.397 123.489 125.376 126.92 121.943 123.156 125.552 126.994 
118.99 119.393 120.107 120.566 118.104 118.503 119.343 120.052 116.934 117.343 118.41 119.605 116.504 116.707 117.782 118.891 
113.915 114.308 114.449 114.93 113.14 113.6 114.026 114.258 111.471 112.158 113.037 114.029 111.169 111.438 112.581 113.68 
109.348 109.75 109.882 110.05 108.855 109.263 109.646 109.738 107.593 108.31 108.851 109.672 107.521 107.733 108.605 109.47 
105.968 106.742 107.367 107.761 105.559 106.175 106.866 107.419 104.513 105.251 106.105 107.076 104.368 104.764 105.847 106.825 
103.878 104.64 105.574 106.23 103.309 103.855 104.789 105.77 102.152 102.878 104.149 105.324 101.833 102.564 103.746 104.812 
20.8369 250.002 6.71769 191.754 226.933 118.094 39.969 56.17 160.043 20.0438 15.312 102.332 71.8887 47.5669 105.488 62.2988 
183.59 183.965 185.592 184.007 186.135 187.285 187.78 188.582 187.267 185.533 185.825 186.954 187.527 186.722 179.994 186.387 
202.566 202.593 201.222 200.418 203.732 203.164 200.48 199.21 202.966 200.427 197.877 197.794 202.621 199.954 197.38 197.689 
206.32 205.237 203.138 201.716 205.308 204.266 202.073 200.523 204.47 203.239 200.796 200.014 205.029 203.926 200.999 200.294 
209.613 208.219 204.839 203.742 208.947 207.375 203.877 203.43 209.714 208.077 204.794 204.246 209.977 209.139 207.266 205.651 
202.263 203.069 200.699 201.937 205.795 206.444 201.557 200.69 210.667 207.054 208.258 209.862 212.804 211.501 212.583 212.903 
200.901 200.649 199.61 200.969 203.064 204.342 200.24 199.428 208.034 205.252 208.427 208.522 209.955 210.044 212.967 211.34 
196.56 196.732 196.341 198.139 200.055 200.704 196.958 196.776 204.188 202.072 205.033 206.017 206.728 206.674 208.195 208.824 
197.087 194.726 197.792 196.18 197.637 197.5 198.39 198.588 198.223 199.893 201.353 201.295 198.93 200.983 200.978 202.276 
186.324 185.283 187.281 188.686 186.072 186.152 188.474 189.401 187.214 188.444 190.683 191.741 188.412 189.428 191.062 192.358 
182.484 180.658 182.728 183.964 180.862 181.639 183.987 184.545 181.198 182.548 185.273 186.139 182.575 183.019 184.597 186.713 
168.802 170.281 170.76 170.766 166.911 169.254 171.692 171.705 165.19 166.454 169.456 170.828 166.415 166.982 168.487 169.972 
157.563 159.241 160.87 161.635 155.15 157.795 160.851 161.583 153.182 153.444 156.863 158.603 154.836 155.531 155.667 158.507 
154.386 156.245 157.97 158.984 151.921 154.609 157.891 158.948 150.309 150.299 153.95 156.171 151.85 152.764 152.723 155.816 
145.149 146.101 147.788 148.899 142.903 144.644 147.071 148.541 141.219 141.127 144.038 146.366 141.366 142.785 143.625 146.747 
124.039 124.85 125.315 124.978 123.51 124.037 124.36 124.654 123.007 123.353 123.834 124.315 122.665 122.924 123.425 123.836 
117.736 118.275 118.384 118.165 117.179 117.691 117.928 117.796 116.464 116.825 117.243 117.497 116.28 116.469 116.636 116.891 
112.622 112.855 112.646 112.368 112.088 112.353 112.221 112.167 111.098 111.514 111.635 112.062 110.994 111.094 111.164 111.544 
108.271 108.09 107.904 107.361 107.774 107.665 107.755 107.205 106.794 106.781 107.044 106.792 106.68 106.501 106.309 106.461 
105.348 105.796 105.958 105.844 105.086 105.247 105.281 105.478 104.21 104.275 104.46 104.751 103.609 103.56 104.056 104.614 
101.81 102.148 102.827 102.843 100.729 101.059 102.03 103.388 99.2562 99.7064 100.605 101.743 98.7955 99.4484 99.9658 100.737 
140.518 71.7916 118.347 148.752 141.134 145.729 81.8665 122.426 109.487 85.3661 64.8664 191.275 179.568 163.67 212.238 95.1313 
210.199 208.679 206.246 207.292 212.292 208.613 204.652 205.05 211.798 206.55 203.206 203.995 211.035 207.617 201.404 202.386 
221.09 221.453 219.693 218.18 220.745 220.119 217.817 216.831 219.215 217.541 215.265 214.811 218.027 215.974 213.927 214.195 
223.049 222.502 219.439 217.818 221.671 220.328 216.906 216.077 220.665 219.381 215.717 214.777 220.116 219.115 216.164 215.648 
222.492 221.081 220.259 219.772 222.254 221.61 218.818 218.234 221.643 222.335 217.793 216.805 220.865 222.005 220.023 216.302 
215.716 216.69 214.776 213.016 215.083 215.632 214.766 214.296 218.356 217.401 215.445 215.792 219.23 218.923 219.934 216.57 
205.448 206.643 205.48 205.989 207.893 209.873 205.784 204.994 213.236 210.753 213.062 214.164 215.681 215.699 218.288 217.036 
206.114 204.228 206.545 204.127 205.549 206.712 207.234 206.421 207.069 208.949 210.601 208.981 207.555 210.22 211.358 209.735 
202.022 199.966 202.911 200.829 202.896 203.227 203.878 203.423 203.134 205.391 206.502 206.252 203.71 205.925 205.547 206.951 
198.129 196.03 198.904 197.144 198.32 198.949 199.825 199.427 198.741 200.595 202.042 201.855 198.941 201.064 201 202.351 
187.363 187.302 187.924 188.55 186.474 187.318 189.734 190.635 186.068 186.823 188.908 191.092 184.334 186.272 187.802 190.063 
184.654 184.21 182.969 182.9 182.099 182.772 183.062 185.316 179.723 180.954 182.699 185.164 177.656 179.229 181.714 185.008 
167.514 169.298 169.195 169.077 165.727 167.721 169.94 170.184 164.055 164.94 167.449 168.772 165.011 165.152 166.213 167.69 
155.551 156.401 157.908 158.573 153.451 155.105 157.378 158.501 151.998 151.292 153.828 156.007 152.415 153.258 152.592 155.46 
148.115 148.928 149.501 149.427 147.641 147.903 148.7 149.068 147.003 146.41 147.207 147.928 146.435 146.248 145.574 146.208 
129.631 129.898 129.662 129.133 129.226 129.183 128.882 128.458 128.229 128.047 127.782 127.833 127.499 127.053 127.073 127.369 
116.121 115.854 114.501 113.718 115.015 115.093 115.196 113.339 113.316 112.854 112.767 111.255 112.994 113.468 113.515 110.672 
109.624 109.49 109.297 108.237 108.466 108.342 107.974 107.008 107.32 106.968 107.074 107.152 106.942 107.033 107.02 107.446 
104.679 104.998 104.727 103.916 104.525 104.993 104.733 102.363 102.727 102.48 102.769 101.785 102.513 101.921 100.997 102.353 
102.198 101.895 101.957 101.512 101.404 101.318 101.771 102.024 100.176 100.041 100.688 100.868 99.9557 100.1 100.044 100.259 
100.127 100.38 100.825 100.682 98.9269 99.0997 100.037 101.379 97.3598 97.7153 98.5896 99.6246 96.8535 97.6082 97.984 98.5322 
218.263 242.105 221.978 239.887 222.414 244.96 237.641 229.214 240.038 250.665 251.557 241.984 218.985 229.25 223.97 227.561 
232.395 228.562 226.766 223.095 229.285 230.511 229.593 229.54 230.828 227.925 227.619 227.295 229.668 227.193 224.717 227.757 
235.488 236.062 232.841 230.972 233.963 233.797 231.698 231.861 231.832 230.813 229.823 229.518 231.352 229.526 228.64 229.097 
235.975 233.703 230.096 230.54 234.772 231.535 229.583 229.471 233.019 231.481 230.304 229.234 231.946 231.94 231.074 228.753 
228.682 226.943 225.988 226.308 228.745 227.359 224.451 224.42 227.868 228.217 223.801 222.657 227.49 228.347 225.938 222.858 
223.294 222.208 223.091 223.521 224.256 224.146 222.673 222.653 225.374 226.465 222.783 222.031 226.132 227.637 226.436 222.43 
218.666 218.156 218.905 217.406 217.973 219.661 219.467 218.468 221.909 222.576 223.39 220.681 223.062 225.058 227.949 221.89 
215.404 214.167 212.343 214.272 222.511 218.6 217.727 218.633 225.347 220.331 221.597 217.514 220.164 217.075 223.83 217.027 
204.943 203.405 207.088 204.766 207.213 207.753 208.176 207.007 207.525 209.361 210.216 209.747 208.156 209.318 208.771 210.33 
206.511 204.276 204.605 205.792 207.614 206.975 205.98 205.639 206.119 210.999 208.306 206.54 204.556 207.297 206.464 204.356 
193.026 193.112 193.895 194.582 193.01 193.283 194.905 195.887 192.809 193.639 194.266 194.97 190.853 191.468 192.085 193.475 
189.46 188.789 188.969 189.018 187.685 187.38 188.814 190.588 185.773 186.371 188.084 189.837 184.436 185.399 187.143 189.479 
185.497 185.887 185.777 185.579 184.01 184.03 184.885 186.444 182.301 182.621 183.938 184.82 181.307 181.369 182.615 184.138 
168.429 169.688 169.945 169.826 168.292 168.682 169.542 169.352 167.566 167.13 167.447 167.536 164.182 163.933 163.136 163.514 
154.925 155.492 155.155 154.057 154.942 154.899 154.316 153.244 153.222 152.579 151.814 151.48 151.852 150.77 150.412 150.322 
124.489 124.012 122.046 120.936 123.403 123.236 122.843 120.188 120.807 120.092 119.648 117.613 120.225 120.191 120.296 117.099 
113.124 112.745 110.824 109.267 111.667 111.645 111.355 108.196 109.223 108.46 108.153 106.223 108.618 109.11 109.362 106.168 
108.677 108.623 106.92 106.168 107.512 108.004 107.816 104.424 104.774 104.333 104.394 102.405 104.233 104.836 104.95 102.715 
103.061 103.662 103.456 102.422 102.494 103.389 102.911 99.808 100.363 100.156 100.501 99.8184 99.8907 99.5776 99.0959 101.071 
100.225 100.533 100.187 99.749 99.6915 100.68 100.633 98.5255 98.0882 98.2965 98.7095 97.8414 97.447 97.1257 96.7502 98.3368 
98.9695 99.0546 99.458 99.1885 97.7777 97.8447 98.5214 99.8188 96.0752 96.3726 96.974 98.0246 95.4429 96.1896 96.5539 97.0983 
251.297 252.101 253.96 252.825 253.109 254.638 254.971 254.61 253.51 254.818 255.321 255.361 252.671 254.38 254.979 255.268 
249.969 250.458 249.161 247.862 250.224 251.091 249.955 249.33 249.959 250.411 250.271 250.549 249.476 249.922 250.417 250.921 
245.433 244.409 240.678 239.628 244.82 242.546 241.03 240.371 243.185 241.448 241.376 240.866 242.629 241.801 241.557 240.707 
243.066 240.714 235.31 235.919 242.243 237.538 235.746 236.116 240.263 237.435 237.074 236.569 240.069 239.324 238.417 236.692 
236.531 233.424 230.433 231.664 236.314 232.272 231.037 231.785 235.777 233.716 233.314 232.798 236.064 236.246 235.736 232.615 
228.868 225.518 228.514 232.886 231.827 230.779 231.182 231.39 234.293 235.633 233.503 232.055 237.108 235.408 236.933 234.841 
221.535 219.978 218.856 220.523 227.812 224.064 223.846 224.415 231.684 226.472 227.313 223.504 227.736 224.708 229.723 224.257 
217.76 216.764 215.493 217.417 226.708 221.669 221.083 222.012 229.707 222.555 223.799 219.899 223.945 219.03 225.602 219.456 
215.073 212.44 211.95 213.611 219.319 216.478 214.58 214.919 217.89 219.838 217.364 214.573 214.119 214.788 217.037 212.566 
211.954 209.96 210.986 211.166 214.37 213.468 211.634 210.596 211.997 216.809 213.578 211.494 209.71 211.951 211.537 209.867 
207.098 204.661 205.164 206 207.902 206.796 205.756 205.774 205.423 209.955 207.189 205.688 203.18 206.109 205.202 203.424 
195.693 195.951 196.771 196.552 194.497 194.345 195.397 196.738 192.29 192.747 194.018 195.2 191.874 191.945 193.297 194.567 
192.417 193.195 193.831 193.48 191.466 191.27 192.52 193.161 189.677 189.505 190.463 191.128 186.871 186.909 187.626 188.264 
188.603 189.925 189.784 189.224 188.668 189.046 189.321 188.61 187.095 187.139 187.29 186.788 173.597 173.652 174.066 173.822 
170.056 173.186 171.594 170.839 170.364 172.271 171.338 169.719 169.289 170.446 168.804 167.026 164.427 165.61 164.622 163.397 
135.106 135.197 132.832 129.899 134.942 134.656 132.416 129.084 132.859 131.879 129.353 127.498 131.177 129.24 127.876 126.504 
111.331 110.572 107.598 105.745 110.277 109.828 108.989 105.49 107.933 106.982 105.881 102.965 106.789 106.823 105.709 101.42 
101.539 100.549 100.078 99.165 101.018 100.356 98.8395 98.2278 99.6866 99.1473 97.5748 96.7918 97.6618 97.8522 96.9999 96.5825 
100.273 100.48 100.004 99.4369 99.9251 100.883 100.579 97.9312 98.1713 98.4218 98.683 97.4528 97.4879 97.0522 96.4146 98.1207 
96.1248 96.0865 95.6179 94.3572 95.4681 95.6255 95.43 94.788 94.7901 95.2869 95.2999 94.5384 94.4484 94.6943 94.8978 94.3492 
96.6141 95.8707 95.845 95.0315 95.4805 95.4808 95.7198 95.9588 94.9101 94.9354 95.2762 95.1166 93.8239 93.7639 94.2365 94.1 
255.177 255.45 255.449 255.433 255.55 255.692 255.495 255.527 255.482 255.582 255.554 255.706 255.404 255.592 255.806 255.787 
253.399 253.229 252.898 251.652 254.016 253.727 253.066 252.403 253.775 253.079 253.02 253.037 253.632 253.288 252.996 253.174 
250.14 249.815 248.17 247.149 250.688 249.69 248.229 247.469 250.031 248.759 247.639 247.217 249.825 248.934 248.388 247.905 
246.49 242.041 242.319 244.899 246.423 244.507 245.074 243.188 243.307 243.251 242.501 243.235 245.272 243.848 244.163 244.894 
235.097 233.335 233.823 238.778 235.464 234.197 236.902 243.187 235.657 236.387 240.055 240.951 236.559 236.675 243.258 239.348 
234.544 227.338 234.374 241.268 231.842 230.218 236.748 237.408 232.8 233.502 238.669 235.838 235.02 234.548 240.027 239.21 
228.393 224.776 228.84 234.34 231.427 231.273 233.09 233.287 233.168 236.374 235.213 233.587 235.453 234.242 236.985 235.221 
220.515 222.305 225.176 224.41 223.915 222.09 227.244 228.088 227.458 222.871 228.256 229.445 224.895 223.545 228.6 227.906 
218.062 218.918 221.991 221.603 219.41 219.829 221.511 221.698 218.774 219.345 220.488 221.758 218.89 217.915 219.873 221.771 
215.809 213.723 213.534 214.235 216.033 215.37 214.074 213.921 213.681 217.809 215.655 214.252 211.467 214.072 214.155 212.987 
210.914 210.567 210.667 211.185 210.418 210.114 210.756 211.349 209.21 209.419 210.04 210.583 206.905 206.96 208.319 210.548 
204.675 203.524 204.78 205.487 203.387 202.739 204.192 205.513 201.143 201.205 202.512 204.052 200.845 200.515 201.739 203.327 
200.387 201.037 201.486 201.179 199.215 199.819 200.706 201.107 197.282 197.999 199.18 199.736 187.169 187.416 188.656 189.194 
197.964 198.998 198.633 198.167 197.434 198.886 198.677 197.432 195.522 197.453 197.277 196.628 181.528 183.406 183.709 183.741 
192.495 178.786 159.252 189.624 161.357 203.117 183.625 163.093 155.411 183.303 190.172 171.66 147.355 170.774 177.879 170.451 
104.332 105.36 100.029 94.6816 99.0408 113.893 111.618 94.3365 92.7384 107.759 115.176 101.711 92.9826 101.913 113.153 122.768 
101.778 100.451 99.192 98.103 101.644 100.579 98.6746 97.846 100.168 99.4892 97.2208 95.7092 97.6988 97.422 95.4369 94.2582 
99.8153 98.5263 97.9522 97.7113 99.572 98.6649 97.0428 97.0705 98.2098 97.6477 95.795 94.8245 96.1049 96.0289 94.7978 94.0855 
93.478 93.2791 92.7683 91.874 100.422 100.125 99.1242 98.686 99.3023 99.5152 98.7029 97.8298 98.5345 98.8431 98.4997 97.6795 
95.6472 95.6474 95.1454 93.8279 95.1391 95.268 94.8576 94.2527 94.522 94.9456 94.8944 94.1336 94.2695 94.4333 94.5148 93.7368 
95.423 95.7533 95.5499 94.446 95.2124 95.0574 94.3394 94.0456 94.0777 94.0139 93.7698 93.809 93.6754 93.8362 94.031 93.5045 
255.787 255.799 255.899 255.851 255.884 255.81 255.823 255.872 255.922 255.752 255.795 255.863 255.856 255.813 255.644 255.655 
255.425 255.501 255.455 255.576 255.447 255.367 255.401 255.543 255.534 255.229 255.302 255.606 255.602 255.474 255.302 255.328 
250.441 247.179 249.062 251.181 250.174 249.962 250.997 249.031 248.194 248.569 247.873 248.387 250.136 248.76 248.43 250.081 
244.373 239.818 242.883 247.891 242.944 243.186 246.745 247.486 240.458 242.116 243.856 245.691 243.49 242.409 245.875 246.445 
240.628 233.019 239.365 246.318 235.651 234.729 242.141 243.096 234.273 234.816 241.682 240.589 236.717 236.441 242.777 243.184 
236.006 230.002 235.347 242.525 231.699 230.581 238.073 241.668 231.702 232.304 240.458 238.513 232.852 233.507 241.657 239.65 
231.613 227.676 234.43 237.552 227.939 227.425 236.141 236.154 229.35 228.715 236.806 235.456 229.989 230.929 236.037 236.708 
222.845 225.792 229.576 227.905 223.535 224.879 230.597 230.746 225.78 225.636 230.189 232.441 225.714 226.969 229.167 230.395 
220.788 223.236 226.758 225.595 220.906 221.428 226.584 227.453 222.302 221.374 226.177 229.034 222.801 223.356 226.004 227.948 
218.328 218.191 218.544 219.105 216.906 217.136 218.441 219.501 215.289 216.441 217.746 218.823 214.295 214.953 216.833 219.203 
212.066 210.274 211.33 212.988 210.999 210.606 212.398 214.003 208.697 209.399 211.356 213.17 208.285 208.473 209.854 212.149 
207.757 205.864 207.425 208.939 206.698 206.465 208.663 209.656 204.009 205.266 207.656 209.014 203.761 203.533 205.685 207.51 
202.98 201.793 202.959 203.496 202.166 202.257 203.782 203.952 199.773 201.003 202.683 203.27 198.675 199.231 201.075 201.917 
202.045 201.946 201.578 200.642 201.534 202.729 202.66 200.526 198.844 201.341 202.15 201.183 186.875 188.836 190.281 190.263 
190.071 167.346 183.866 181.232 205.691 203.137 190.973 181.456 173.088 187.907 204.786 171.65 190.891 198.312 182.956 191.567 
156.305 181.766 188.301 29.4978 203.749 141.036 45.6943 66.5589 229.235 44.1637 121.64 63.08 9.48937 222.802 104.958 113.017 
58.1196 92.9545 166.935 68.3663 92.6107 61.7872 85.5 130.017 69.154 93.673 120.213 153.986 122.842 122.628 109.311 167.988 
84.1566 82.9411 82.6415 82.5765 114.392 113.607 112.212 112.476 112.701 112.543 111.15 110.367 110.485 110.506 110.119 109.387 
10.806 10.9035 11.4251 11.5694 184.554 185.205 185.199 184.715 183.331 184.529 185.842 185.782 181.874 182.856 185.13 184.131 
73.7699 74.2862 73.9238 73.0385 117.45 117.401 117.002 116.668 116.596 117.42 117.493 116.857 116.588 116.894 117.669 116.905 
75.2842 110.938 70.4936 64.8137 93.7232 91.8778 113.95 113.68 109.965 117.464 111.08 118.624 97.2525 132.812 132.809 97.1262 
