247000
255.209 255.44 255.479 255.456 255.596 255.631 255.474 255.541 255.548 255.47 255.486 255.674 255.401 255.521 255.553 255.55 
254.771 254.855 254.717 254.305 254.905 254.836 254.778 254.504 254.959 254.717 254.744 254.775 255.066 254.852 254.681 254.658 
248.708 245.414 245.893 247.311 249.177 248.447 248.132 245.882 246.914 247.346 246.008 246.114 248.549 247.142 246.865 247.954 
242.279 240.506 236.502 235.903 241.635 239.159 237.003 235.887 240.3 238.884 238.284 237.156 239.711 239.64 238.836 237.587 
227.195 223.837 220.631 220.682 226.546 224.195 220.859 219.725 223.518 226.516 223.127 220.775 221.689 223.731 222.533 219.841 
215.415 212.143 210.722 211.277 215.589 213.716 210.467 210.003 213.047 216.76 212.735 210.534 211.013 213.563 212.354 209.598 
186.835 185.345 185.547 188.082 188.431 187.765 186.224 187.952 187.443 189.796 189.525 190.098 188.242 189.535 190.116 187.255 
172.272 172.425 173.343 176.125 173.553 173.895 174.151 176.318 173.838 174.522 176.948 178.459 175.49 176.053 178.224 176.243 
148.377 148.895 150.104 153.367 149.952 150.962 151.542 153.975 150.358 151.872 154.714 156.276 152.299 153.268 155.551 153.908 
90.1124 92.334 94.775 97.0844 91.0105 93.1977 95.5643 97.34 92.518 94.4101 96.8481 98.3165 93.454 95.7603 98.0125 99.3608 
84.3518 86.6937 88.9058 90.4931 85.395 86.8314 89.2888 90.8306 86.135 87.7588 89.9323 91.8597 88.0054 90.3066 91.5049 92.2154 
83.2428 85.3295 87.265 88.473 84.0314 85.2079 87.3913 88.7135 84.6083 86.1351 87.8905 89.6272 86.3329 88.5479 89.4687 89.7908 
82.2492 83.2518 84.3419 85.1812 83.0762 83.3592 84.6088 85.5889 83.5751 84.4537 85.2416 86.4022 85.3531 86.8972 86.854 86.5705 
77.6886 77.5715 77.7669 78.4391 78.1257 78.5336 78.5981 78.9516 79.1971 79.9085 80.0415 80.0946 80.3632 81.1125 81.2312 81.079 
71.7021 71.5404 71.7574 72.1124 72.226 72.1389 72.4108 72.8463 73.1784 73.381 73.8308 73.8072 74.1437 74.5434 74.9562 74.94 
55.6546 56.0306 56.2211 56.925 55.8506 55.825 56.2368 56.8588 55.995 56.1656 56.6419 57.1788 56.4585 56.514 56.9015 57.3558 
52.3545 52.7327 52.6834 53.1064 52.3831 52.2548 52.4659 52.8647 52.4232 52.2795 52.4716 52.8905 52.5608 52.3885 52.5003 52.7923 
50.0082 49.91 49.4013 49.3478 49.9834 49.5042 49.1808 49.0191 49.9063 49.4397 49.0987 48.9754 49.8975 49.4221 49.0746 48.7599 
41.8105 40.7971 39.8108 38.6925 41.7554 40.8543 39.8266 38.6315 41.8108 40.8357 39.9224 38.6891 41.8792 40.8771 39.8839 38.7418 
34.4625 34.0037 33.3932 32.5573 34.4202 34.103 33.5239 32.597 34.5239 34.1773 33.6297 32.7811 34.5852 34.278 33.7099 32.8587 
26.5957 26.6135 26.5523 26.2267 26.7388 26.7128 26.567 26.1937 26.7618 26.7527 26.6057 26.2677 26.8861 26.8755 26.7532 26.442 
21.1445 21.4722 21.7402 21.6922 21.3211 21.609 21.7788 21.7255 21.3578 21.675 21.8291 21.7554 21.5017 21.8078 22.0253 22.0075 
15.989 15.3453 12.6478 11.2115 15.9276 14.3154 12.9766 11.031 15.8886 14.2725 11.7677 11.0907 15.2875 14.5725 12.3324 11.1287 
3.1152 3.82784 4.4417 6.73909 3.32086 3.73635 4.48136 6.05734 3.44457 3.80468 4.43034 5.14464 3.59241 4.11778 4.58836 5.12311 
0.436719 0.337784 0.354294 1.45509 0.43174 0.398864 0.363626 1.11373 0.469742 0.38644 0.409358 0.497489 0.493174 0.447575 0.553295 0.662403 
0.101413 0.0312011 0.0151656 0.786592 0.0996703 0.059531 0.0225851 0.539677 0.105061 0.0652962 0.0594794 0.0890376 0.112258 0.0750671 0.158585 0.193502 
254.482 254.814 254.999 254.946 254.55 254.729 255.086 255.107 254.693 254.398 254.908 255.129 254.697 254.753 254.998 254.898 
250.004 248.36 249.528 251.099 250.354 250.365 251.349 250.949 248.868 249.059 249.177 250.303 249.926 249.331 250.195 250.903 
246.572 243.824 245.043 246.361 246.316 246.367 247.175 245.316 244.436 245.1 243.948 244.612 246.351 244.998 244.853 246.31 
240.871 236.875 236.414 238.556 239.727 238.629 238.039 236.113 236.778 236.915 234.942 235.372 238.593 236.807 236.181 237.584 
225.121 224.157 221.811 220.833 223.472 222.668 220.289 219.931 222.667 221.758 219.576 219.131 222.362 221.439 219.808 219.919 
212.607 209.922 208.455 208.498 212.318 210.609 207.699 207.358 210.213 212.876 208.896 207.712 208.852 210.424 208.589 207.061 
192.586 191.942 192.051 192.342 193.375 191.347 190.263 191.493 193.983 191.805 189.96 191.665 194.463 193.29 191.948 192.784 
171.002 170.729 171.686 174.32 172.997 172.514 172.069 174.644 173.462 173.318 174.387 176.862 175.369 174.977 175.898 174.778 
124.486 124.939 126.044 126.966 125.179 125.917 126.839 127.766 126.498 127.028 127.956 128.464 127.301 128.053 128.676 128.993 
99.7429 99.8948 100.538 101.359 100.684 101.157 101.504 102.062 101.789 102.326 102.734 102.851 102.814 103.063 103.374 103.482 
91.0311 91.2553 91.4909 91.7202 92.4932 92.4129 92.3673 92.3505 93.8428 93.2664 93.1493 93.0018 95.7576 94.801 94.4537 94.1862 
85.8863 86.5351 87.2459 87.6602 86.7148 86.6084 87.368 88.1182 86.9706 87.3091 87.75 88.7313 88.2779 88.99 88.8626 88.5087 
83.8141 83.6545 83.5865 83.7729 83.9649 84.0761 84.0249 84.2397 84.456 84.7668 84.6086 84.6676 84.8907 85.1458 85.2104 85.0418 
79.0999 79.1116 79.4106 79.9934 79.3516 79.4211 79.9896 80.7951 79.5926 80.0188 80.5997 81.2715 80.0506 80.5291 81.1968 81.7071 
73.4679 73.6948 74.3176 75.2973 73.6646 74.1604 75.1707 75.8392 73.9562 74.8857 75.8052 76.4285 74.4673 75.5313 76.4669 76.9396 
66.7319 67.2542 67.9391 68.4442 66.8719 67.2606 68.0707 68.761 67.1418 67.7644 68.4654 69.015 67.4986 68.0662 68.8012 69.11 
55.5431 55.9611 56.164 56.8219 55.5256 55.5759 56.0543 56.5804 55.5575 55.6995 56.0711 56.6541 55.797 55.9209 56.2416 56.5678 
49.385 49.2894 49.1556 48.9259 49.5265 49.3689 49.1498 48.9245 49.605 49.3653 49.1955 48.9466 49.724 49.4198 49.3017 49.031 
41.8834 41.7367 41.3726 40.9372 41.9471 41.8285 41.5322 40.9948 42.0052 41.9289 41.5854 41.1796 42.0568 42.017 41.699 41.1189 
36.1437 36.1564 35.9781 35.5897 36.2303 36.1614 36.0882 35.5656 36.2352 36.2073 36.0394 35.7475 36.2826 36.3187 36.1563 35.698 
29.9907 30.1206 30.0319 29.6983 30.0831 30.174 30.2016 29.7787 30.1321 30.2827 30.1616 29.9567 30.2188 30.3056 30.3064 29.9413 
21.857 20.7724 17.9371 16.0201 21.9153 20.0115 18.2464 16.0099 21.7249 20.002 17.1918 16.0295 21.1622 19.9906 17.6691 16.0427 
16.92 14.7497 10.6726 8.12912 17.2486 13.7002 10.9332 8.15205 17.0445 13.841 9.71807 8.14478 16.2174 13.8325 10.4499 8.16702 
11.1625 9.90668 6.44465 4.80308 11.3028 8.73609 6.81596 4.59657 11.2465 8.83419 5.52506 4.77351 10.5599 9.10813 6.24258 4.76543 
1.53293 1.26567 1.31946 2.35652 1.71473 1.3416 1.21761 2.09666 1.65774 1.44155 1.3901 1.48924 1.65634 1.44757 1.52638 1.61833 
0.375784 0.203458 0.136491 0.187873 0.387407 0.249137 0.156792 0.169659 0.397175 0.245963 0.24726 0.324944 0.404075 0.315003 0.426836 0.496055 
241.117 235.854 240.777 246.294 237.422 236.018 242.179 244.403 237.526 237.082 243.897 242.174 238.581 238.808 244.812 244.002 
239.509 240.178 240.26 241.848 238.331 239.101 242.602 246.629 238.789 239.279 243.447 244.918 239.101 239.983 244.45 242.221 
240.883 236.255 238.426 243.296 240.269 239.813 241.735 242.616 237.301 238.386 238.457 240.227 239.508 238.048 240.567 240.809 
224.506 224.257 221.577 222.931 227.72 224.824 223.687 225.045 229.334 224.616 223.557 221.581 225.749 222.594 225.25 221.586 
218.748 217.628 215.268 214.44 216.964 216.083 214.004 213.594 216.88 215.623 213.484 213.248 216.582 215.374 213.752 213.897 
202.976 201.866 200.52 200.123 202.14 201.045 199.847 199.653 202.384 200.879 199.721 199.704 203.165 201.903 200.17 200.093 
180.886 181.619 182.899 181.409 183.653 182.431 183.816 183.55 185.582 182.941 182.051 184.094 184.578 184.827 181.087 183.808 
156.994 156.476 157.952 157.81 158.173 157.799 158.221 158.181 159.355 158.291 158.856 159.426 160.346 160.081 160.371 161.365 
120.37 119.792 119.719 119.282 120.305 120.697 120.716 120.562 121.488 121.656 121.649 121.348 122.831 122.407 121.435 121.459 
99.6656 98.82 98.4036 98.0978 100.796 100.041 99.3724 98.8426 102.013 100.711 99.8624 99.4805 104.044 102.185 101.035 100.105 
94.4171 93.7484 92.9535 92.4697 95.9152 94.9398 93.7412 93.1328 96.9662 95.5765 94.4243 93.7309 98.7862 96.8097 95.476 94.6337 
91.9595 90.9272 90.3248 89.7417 93.0996 91.9282 90.7714 90.0616 93.8535 92.4753 91.291 90.6616 95.4 93.4633 92.0029 91.3268 
87.0497 86.5451 86.0955 85.7652 87.1153 86.6648 86.1222 86.0602 86.9206 86.5486 86.3155 86.2808 86.8898 86.5108 86.3864 86.1447 
81.7204 82.0296 82.3059 82.9434 81.5364 81.75 82.5531 83.2964 81.2149 81.6832 82.4383 83.3886 81.107 81.6517 82.5435 83.3782 
75.3238 75.8628 76.613 77.4951 75.2177 75.6146 76.7918 77.8617 74.8768 75.7429 76.921 78.1349 74.7831 75.9149 77.0631 78.0835 
69.6885 70.4822 71.2284 71.8346 69.7589 70.1653 71.0767 71.8481 69.2386 70.0974 70.8522 71.9656 69.0659 70.1609 71.1567 71.7094 
63.964 64.4922 65.3444 66.3602 63.7649 64.3115 65.2194 66.1324 63.6787 64.5652 65.415 66.2262 63.8388 64.6523 65.7039 66.2503 
55.6237 56.03 56.4541 57.1339 55.4876 56.0355 56.5227 57.1007 55.61 56.2441 56.7454 57.2545 55.8802 56.4838 56.939 57.3372 
46.0135 46.6205 47.009 47.4513 46.4274 46.8271 47.2588 47.5755 46.4288 46.9767 47.3347 47.7461 46.5082 47.0288 47.5125 47.7539 
40.1883 40.7501 41.1316 41.3431 40.2836 40.8638 41.343 41.4851 40.3399 40.9957 41.4061 41.7113 40.3033 41.0564 41.5113 41.6419 
31.7238 33.3193 33.4246 33.6046 31.8874 33.3477 33.5937 33.6014 31.8478 33.4703 33.4261 33.7379 31.7948 33.5117 33.6974 33.6701 
19.6617 40.802 36.3672 32.2632 20.2706 41.4253 37.1505 32.3026 19.7347 40.5788 36.6557 32.8588 19.7148 41.3012 36.4041 33.0807 
23.325 21.185 11.5688 10.3109 19.5474 16.1505 10.7616 8.36623 26.6259 20.1808 14.2596 9.47055 24.3061 18.403 11.0827 6.96289 
9.31736 14.9744 7.56998 8.53179 40.9391 20.4018 15.6833 28.7194 30.1323 18.4689 20.3233 21.203 22.6534 34.0364 23.1688 28.5062 
43.6546 110.633 81.9718 70.4377 54.4232 27.2652 68.3923 49.3335 92.3685 52.2404 84.1679 120.48 28.3087 123.007 77.0709 14.9446 
120.333 51.6706 100.647 41.3727 8.56172 98.621 86.5949 60.8405 119.535 30.0827 32.549 51.6128 35.4309 49.322 104.575 136.496 
234.454 228.2 234.507 240.298 231.513 230.219 236.532 236.84 232.62 233.052 238.329 235.55 234.61 234.207 239.265 238.672 
232.511 228.279 234.341 238.201 228.783 227.529 235.446 236.665 229.935 228.641 236.366 235.538 231.143 231.422 237.257 237.258 
222.595 222.549 222.83 224.774 227.173 224.682 226.16 227.895 228.468 225.232 225.763 224.084 224.844 223.021 227.575 222.309 
219.055 217.869 215.601 218.209 225.722 220.745 219.856 221.64 227.777 221.348 220.66 217.703 221.529 218.171 223.485 216.482 
210.434 210.093 206.989 207.978 213.887 210.87 209.959 211.044 215.665 210.191 209.912 208.317 211.707 208.544 212.078 207.878 
185.858 186.057 186.47 185.112 187.621 186.84 188.511 187.628 188.894 186.589 186.565 187.915 187.707 187.895 184.925 187.074 
177.546 177.755 178.744 177.089 179.546 178.81 180.783 179.855 180.641 178.501 178.917 180.006 179.699 180.392 177.313 179.58 
160.242 160.933 162.379 160.39 162.716 162.749 164.55 163.146 164.232 162.469 163.056 164.103 163.054 164.172 161.49 164.232 
119.868 118.757 118.964 118.57 119.672 119.934 120.15 119.384 120.226 119.917 120.357 120.844 121.794 121.484 121.401 121.291 
108.243 107.267 106.905 106.361 107.866 107.84 107.769 107.128 108.618 108.225 107.854 108.058 109.734 109.055 108.156 107.423 
97.6538 96.6145 96.0847 95.5813 98.6409 97.6407 96.8279 96.0101 99.629 98.1958 97.1332 96.7727 101.538 99.6115 98.1438 97.1619 
93.8029 93.226 92.7067 91.6499 93.9747 93.261 92.3412 91.4401 93.6095 93.3136 92.637 91.9755 93.7433 93.3598 92.7504 92.0006 
89.359 88.5438 88.7395 88.5052 89.0137 88.5608 88.3501 87.8835 88.5332 88.342 88.0715 88.2139 88.3361 87.876 87.5276 87.782 
84.1441 84.4177 84.5585 84.6717 83.471 83.845 84.4708 84.6449 82.566 82.7545 83.4723 84.2673 82.2312 82.3534 83.0238 83.7452 
77.4805 78.1219 78.195 78.3227 77.3843 77.4008 77.8275 78.0965 76.5177 76.6003 76.9713 77.6658 75.7201 76.1914 76.8256 77.2297 
72.0466 72.7493 73.1029 73.3507 72.2068 72.4613 72.8563 73.1598 71.4609 72.0296 72.2193 73.0285 70.7108 71.5504 72.2654 72.4301 
67.6798 68.3599 68.8324 69.1754 67.6425 68.0614 68.5188 68.9914 67.2697 67.8251 68.1888 68.9188 66.9414 67.712 68.381 68.7795 
61.0651 61.5297 62.0036 62.8206 60.9028 61.4891 62.036 62.4435 60.8913 61.5233 61.9118 62.4713 60.8415 61.3585 61.9328 62.1758 
53.0633 53.6152 53.9316 54.2843 53.0236 53.6003 54.014 54.2398 53.1811 53.6785 53.9334 54.3067 53.2053 53.7065 53.9515 54.1918 
48.6228 50.1654 50.5201 50.9164 48.8722 50.2275 50.6502 50.9256 48.7729 50.3169 50.4969 50.9391 48.4519 50.0967 50.5364 50.8022 
25.2874 56.1626 51.4006 48.0224 25.3421 57.1329 52.7998 49.0089 25.3212 59.2793 54.2284 50.587 25.2403 60.9439 55.7459 51.0788 
18.3277 77.4928 67.7546 53.2949 13.1407 81.2708 63.7842 69.0677 7.38992 94.8017 59.9519 61.7883 7.40056 80.642 69.0271 53.3042 
8.11348 65.0786 146.136 51.7471 86.8147 157.141 53.8467 151.3 48.5474 79.1034 80.6302 76.8626 54.6191 162.665 70.1708 28.0467 
34.5874 21.3168 142.957 72.6278 33.2947 171.668 98.8694 55.256 16.4266 187.271 164.148 184.079 21.2306 201.513 65.1941 65.1978 
72.1109 99.4634 121.813 96.3602 25.9388 136.792 213.411 213.286 101.38 167.237 176.363 85.2742 167.073 13.1436 172.466 221.415 
85.6773 169.545 193.599 143.569 155.684 173.272 235.33 9.05882 147.685 62.1184 49.212 43.422 146.548 46.5282 219.688 7.97197 
230.908 226.301 232.628 236.423 227.91 226.707 233.713 233.609 229.514 228.675 235.29 233.452 230.972 231.074 236.018 236.214 
221.618 223.979 227.059 225.583 222.686 223.734 227.926 227.613 225.402 225.237 228.469 229.861 226.46 227.23 228.677 229.18 
218.026 220.136 224.492 223.406 220.019 220.149 224.391 224.985 221.92 220.966 223.95 226.473 222.387 222.547 224.157 224.751 
212.072 212.776 211.491 212.777 216.435 214.223 214.692 215.746 217.954 213.524 214.236 213.014 214.348 211.246 215.71 211.921 
198.411 198.484 197.891 198.167 198.583 198.706 198.299 198.271 197.823 196.611 196.576 197.462 197.014 195.764 195.849 196.802 
190.003 189.38 189.007 188.924 188.902 188.641 188.784 189.141 187.166 186.318 186.877 187.856 187.822 187.027 186.677 187.415 
176.08 176.747 177.372 175.19 177.33 176.994 178.496 177.423 177.691 175.558 176.287 177.446 175.966 176.67 174.206 176.868 
144.872 143.347 142.547 141.711 144.919 143.903 144.014 144.116 143.624 142.676 144.104 144.654 145.277 144.525 145.124 145.78 
118.551 117.495 116.665 115.645 118.402 118.363 117.578 116.88 119.208 118.912 118.434 117.662 120.352 119.575 117.946 117.831 
108.676 107.392 107.148 106.687 108.955 108.028 107.804 107.297 109.984 108.871 108.202 108.171 110.973 109.782 108.958 107.589 
99.1968 98.8944 97.8583 96.5675 99.3271 98.6576 97.8105 96.7961 99.1236 98.7436 97.9895 97.1102 99.3237 98.9261 98.3913 97.3238 
96.1067 95.6067 95.2492 94.4881 96.0358 95.5454 94.7202 94.1117 95.5283 95.4633 94.588 93.7297 95.3053 95.1632 94.4584 93.5778 
93.2418 93.386 92.8689 91.7739 92.635 92.5764 92.3075 91.7017 91.9356 91.9929 91.8147 91.3135 91.8684 91.7466 91.8992 91.3612 
84.1422 84.6178 84.6439 84.9646 83.7606 83.8164 84.1916 84.3679 83.1335 82.9745 83.2504 83.6128 82.679 82.5932 82.929 83.2543 
79.925 79.994 79.6025 79.3976 79.7961 79.3969 79.1906 78.8679 79.3563 78.7219 78.5237 78.2281 78.7638 78.4205 78.2271 78.1008 
75.7559 75.0416 74.9232 74.5582 76.1176 75.5215 74.8292 74.4663 75.3954 75.3131 75.1816 75.0081 75.6857 75.2053 74.6333 74.3088 
70.315 70.0743 69.9138 70.1928 70.4373 70.1356 69.8398 69.7021 70.4419 70.2894 69.8614 69.6487 70.2179 70.0774 70.0125 69.4887 
65.0243 64.9568 64.8658 64.7964 64.6907 64.6693 64.5841 64.5913 64.8766 64.8349 64.5851 64.4866 64.9818 64.9542 64.7205 64.561 
60.2298 60.0699 59.7509 59.5205 60.1263 59.9083 59.5982 59.3353 60.0008 59.8255 59.4973 59.2435 59.7226 59.6036 59.4695 59.1995 
57.3473 57.2803 57.1342 56.867 57.2715 57.2925 57.1461 57.0328 57.238 57.1618 57.0255 56.817 56.8857 56.9084 56.7983 56.6036 
47.4577 58.6928 55.1214 52.7668 47.4507 59.3691 56.4086 55.2119 47.8517 61.9341 57.5423 56.5399 46.582 63.469 60.1056 56.5649 
51.7482 51.7366 175.087 114.435 145.521 183.777 81.8262 172.769 12.1765 124.757 175.891 31.5041 142.535 86.9971 178.355 52.7985 
73.1963 103.375 235.647 189.769 9.44043 212.958 160.466 152.917 93.0415 24.7941 69.242 150.463 117.615 110.188 188.187 1.59514 
41.9754 7.99712 156.784 102.414 179.809 79.8838 128.338 218.397 22.1989 195.688 49.397 166.504 224.933 124.697 120.86 205.36 
232.75 237.511 242.791 56.6454 60.2916 163.991 163.944 122.674 63.4866 91.7956 20.7762 196.578 195.305 97.1174 208.915 206.832 
94.2053 72.2426 50.4985 74.7131 181.255 134.85 132.12 135.695 132.909 209.709 179.9 199.572 141.462 187.929 177.173 174.351 
212.422 211.165 213.176 211.44 212.397 213.504 213.969 213.231 213.594 215.774 217.393 215.721 214.645 217.166 218.651 217.066 
206.778 208.349 209.317 209.937 209.761 211.247 209.49 208.89 214.172 211.602 215.859 217.647 216.244 216.465 218.363 219.658 
207.588 208.586 211.699 212.259 209.427 210.126 212.331 212.9 209.449 210.782 212.322 213.498 210.666 210.339 211.756 212.76 
199.91 199.825 201.472 202.49 200.559 200.546 202.813 203.676 199.111 199.867 201.599 202.673 198.612 198.235 199.728 201.28 
191.45 192.109 192.721 193.172 190.975 191.711 193.051 193.583 188.989 189.164 190.506 192.074 187.617 188.181 189.202 190.862 
181.014 182.188 182.955 182.644 180.17 180.896 182.251 182.869 177.804 178.046 180.272 180.752 177.646 177.492 179.266 180.139 
156.523 155.79 155.1 154.325 155.957 155.175 156.156 156.88 154.081 153.453 155.316 156.002 155.622 154.791 155.623 155.848 
138.612 137.266 136.061 135.642 139.114 137.6 137.667 138.092 138.392 137.377 138.343 138.714 139.935 138.962 139.006 138.987 
131.217 129.465 128.08 127.484 132.085 130.109 129.907 130.099 131.699 130.275 130.797 130.645 133.413 131.95 131.498 131.03 
117.561 115.943 114.092 112.952 118.242 116.544 114.014 112.759 118.591 116.848 114.763 112.989 118.588 117.239 115.366 113.652 
104.029 102.395 101.311 100.66 104.33 102.855 101.045 100.652 103.885 102.799 100.778 99.6308 103.018 102.299 100.835 99.718 
98.2584 98.0735 97.3426 96.5221 98.0393 97.7979 97.0293 96.5332 97.3455 97.3638 96.4791 95.677 96.7816 96.84 96.5447 95.7128 
96.8688 96.4227 96.1666 96.2996 96.5115 96.3852 95.7679 96.1964 96.044 95.9223 95.0529 94.7835 95.1704 95.1593 94.8052 94.7279 
91.0199 91.5417 91.3798 90.8499 90.1881 90.7107 90.8894 90.9231 89.9564 90.1303 90.3588 90.3635 89.8361 89.8665 90.3952 90.4009 
81.1 80.002 79.8989 79.6586 81.2736 80.6278 79.9007 79.4343 80.5243 80.3862 80.3787 79.9626 80.8922 80.2135 79.4775 79.212 
78.0469 76.5607 76.1789 75.6733 78.3245 77.3913 76.2381 75.5871 77.8344 77.507 76.9252 76.1095 78.2772 77.373 76.1514 75.4003 
73.8788 72.62 72.3284 71.7669 74.0923 73.1147 72.2026 71.6931 73.7766 73.3364 72.8497 72.1863 74.1969 73.4324 72.3938 71.759 
68.9991 68.3379 67.7601 67.269 68.7769 67.8688 67.4457 67.0009 68.7016 67.9706 67.2856 66.7554 68.4138 67.9269 67.3792 66.7319 
64.8936 64.189 63.5329 63.0691 64.8164 63.8873 63.4447 63.0813 64.7346 64.0358 63.3185 62.8471 64.3513 63.8708 63.2723 62.687 
62.3796 61.5844 60.8646 59.8753 62.1944 61.4627 60.6442 59.9739 62.015 61.2527 60.443 59.6255 61.2828 60.5998 60.097 59.4846 
50.7077 109.337 137.919 79.5841 117.892 124.899 142.716 92.082 32.6406 94.5169 127.327 131.621 127.122 115.196 123.343 60.5706 
16.1054 88.2299 101.673 86.1552 228.945 151.514 237.25 2.03261 141.008 239.067 237.417 118.014 200.926 11.1468 63.1639 158.211 
127.354 189.169 162.009 68.9638 36.5555 22.8672 231.736 212.706 66.295 79.9088 130.819 236.688 142.747 41.0194 92.0366 94.6669 
84.5339 135.554 87.5985 124.674 98.9136 208.733 113.287 97.7058 186.066 98.5212 83.4251 207.025 108.486 30.4412 183.038 185.171 
72.5613 58.2518 45.7621 74.2283 151.498 179.198 182.629 194.603 142.758 129.534 152.345 197.809 131.118 129.474 129.134 171.553 
7.22164 6.26596 7.10324 9.1573 197.923 195.6 196.159 198.411 197.07 195.834 199.759 199.145 193.329 195.278 195.519 195.387 
201.312 201.066 201.37 201.708 203.921 205.619 201.869 200.803 207.167 206.08 209.21 209.363 208.935 210.033 211.607 212.002 
199.939 200.29 200.362 201.17 203.283 204.793 201.032 200.1 206.786 205.419 208.535 209.164 208.77 209.424 210.821 211.986 
196.656 197.125 197.346 199.133 199.87 201.063 197.789 197.47 203.326 201.475 204.669 205.877 205.196 205.113 206.853 208.06 
189.042 189.462 190.337 190.726 188.496 189.316 191.213 191.993 187.686 189.278 191.408 192.327 187.255 188.661 190.71 191.939 
181.513 181.482 182.151 182.805 180.62 181.368 183.031 184.527 179.179 180.668 183.17 184.56 178.084 179.694 182.28 184.575 
166.522 167.658 166.992 168.008 167.049 168.673 168.372 168.777 165.577 168.261 169.949 170.037 164.916 167.295 170.887 172.126 
154.113 154.023 154.092 154.051 154.669 154.578 154.24 154.209 154.587 155.089 155.565 155.441 154.66 155.048 155.792 156.02 
136.464 134.857 133.364 132.806 137.332 135.359 135.245 135.408 136.814 135.622 136.236 136.275 138.28 137.155 136.802 136.403 
126.897 124.656 122.435 120.096 127.494 125.201 122.122 120.585 127.698 125.487 122.932 121.035 127.688 125.376 123.539 121.871 
120.2 118.582 116.254 114.27 120.562 118.688 115.663 113.827 120.471 118.338 115.666 113.462 120.223 118.554 116.255 114.065 
114.38 112.416 111.161 110.483 113.357 111.588 110.751 109.967 113.096 111.359 110.277 109.738 112.276 111.306 110.989 110.121 
103.167 102.479 102.239 102.666 103.11 102.719 102.019 102.461 102.867 102.596 101.572 101.173 102.139 102.081 101.421 101.176 
98.3326 99.2731 99.6137 99.8061 97.8882 98.8438 99.5501 100.092 98.044 98.6516 99.1821 99.6029 98.1971 98.388 99.3707 99.7414 
94.2998 95.3337 96.3989 97.0589 94.1934 95.2357 96.2538 96.896 94.0844 94.9482 95.8616 96.434 93.9629 94.5772 95.3757 96.2827 
89.548 89.8617 90.2958 90.0142 89.1609 89.4468 89.7676 89.8734 88.5925 88.848 89.0615 88.9681 88.0654 88.1863 88.3626 88.6046 
82.6937 81.3661 81.2242 80.6308 82.406 81.6182 80.6781 80.1778 81.4106 81.0886 80.8213 80.2816 81.579 80.631 79.5704 79.1548 
79.1093 78.4527 77.4828 76.4857 78.5988 77.7295 76.6929 75.7593 77.9778 76.7378 75.5808 74.744 77.4242 76.2181 74.9901 74.3068 
70.9213 70.5391 69.9837 68.7658 70.4023 69.4149 69.4179 68.6322 69.8996 69.242 68.7145 68.0444 69.303 69.1786 68.5431 67.3219 
68.8651 69.3852 67.5173 62.7132 68.5152 68.9451 66.7086 63.3095 67.5697 68.4174 66.0372 62.2762 67.0062 67.8478 65.4898 61.7422 
63.6484 80.9289 66.8006 71.5638 59.2767 80.8886 65.6484 67.3912 67.1675 84.7318 82.5338 84.7382 68.5687 81.7057 82.367 66.536 
16.3868 159.812 211.72 205.341 42.8319 150.802 243.806 222.793 45.689 135.961 210.744 148.156 76.8689 140.345 159.6 122.18 
125.454 107.872 229.187 213.883 109.81 221.389 176.322 144.066 112.184 75.3632 57.7042 191.247 70.6135 204.101 114.154 106.922 
209.824 129.669 224.876 139.988 59.5291 210.353 136.545 182.061 124.246 240.467 133.622 214.162 22.6799 137.815 209.005 168.598 
209.841 45.0085 135.092 149.442 84.1023 41.795 37.7615 109.249 109.163 170.644 180.421 190.524 4.41351 159.981 138.574 188.695 
5.14898 8.12068 8.52752 13.1257 191.046 190.642 183.337 189.092 181.932 179.008 193.123 189.37 185.407 190.512 185.645 181.666 
3.65762 3.60607 4.45526 5.12367 194.238 194.164 194.022 195.078 191.796 194.169 194.07 194.6 190.881 191.993 194.064 193.551 
197.057 195.557 196.824 194.594 197.873 198.154 197.836 196.819 197.775 199.373 199.761 198.495 197.548 199.586 199.366 199.116 
194.154 194.761 193.911 195.213 197.539 198.726 194.66 193.605 201.411 199.518 201.98 202.354 203.232 203.334 204.419 204.746 
183.978 184.185 183.953 184.124 184.72 185.03 185.115 184.996 186.266 187.328 187.843 187.138 186.972 188.147 188.962 187.911 
178.403 178.048 178.216 179.132 178.484 178.671 179.305 180.525 179.222 180.4 181.524 181.882 179.638 180.773 182.427 182.746 
165.356 166.227 165.324 166.515 166.588 168.267 167.645 168.028 166.605 169.385 170.639 169.895 166.758 168.66 171.755 172.286 
158.247 158.962 157.959 159.099 159.738 161.223 159.872 159.931 159.819 162.433 163.043 161.88 159.881 161.78 164.457 164.584 
153.428 152.928 150.837 150.896 154.646 154.765 152.164 151.636 154.267 156.241 155.772 153.855 153.957 154.957 157.192 156.32 
138.597 135.962 133.195 130.471 139.431 136.63 133.292 131.038 139.872 137.275 134.463 132.378 139.367 136.857 134.778 133.312 
131.776 127.643 123.26 119.835 132.524 127.529 122.396 119.967 133.953 129.136 124.517 120.575 133.368 130.606 125.116 120.789 
122.986 120.375 118.755 117.092 122.157 119.499 117.97 116.781 121.837 119.374 117.92 116.941 120.841 119.13 118.617 117.74 
118.719 117.206 116.5 115.954 117.933 116.401 115.882 115.466 117.757 116.311 115.716 115.551 117.069 116.251 116.102 115.893 
112.072 111.544 112.016 112.805 111.216 110.957 111.815 112.474 111.345 111.186 111.677 112.425 111.011 111.048 111.99 112.462 
104.001 105.493 107.113 108.81 104.023 105.501 107.119 108.609 104.441 105.584 107.25 108.838 104.801 105.724 106.997 108.774 
99.5646 101.073 102.753 103.523 99.2431 100.702 102.376 103.434 98.9168 100.476 102.022 103.164 98.8054 99.9713 101.433 102.693 
98.7273 99.4018 100.094 99.6279 97.3631 98.1233 98.4447 98.3685 96.5409 96.671 97.3117 97.8784 95.5076 95.8379 96.5626 97.4853 
95.2644 95.4383 94.8527 94.1819 94.6324 94.873 94.1416 92.3683 92.8561 92.3141 92.0135 91.3088 92.0559 91.275 90.3012 91.2929 
87.337 86.8579 85.7024 83.4248 86.689 85.8838 84.1733 82.1658 85.5884 84.3695 82.8431 81.0453 84.49 83.4921 82.141 80.4585 
80.9153 86.7078 81.0324 67.0633 79.5086 87.7786 78.2445 64.9992 81.8636 86.6567 81.3461 62.8695 80.0242 85.8467 82.0183 65.8657 
72.9238 78.7458 73.196 51.986 73.155 79.5933 71.6741 58.9659 71.8705 77.8202 71.6236 54.5147 71.8905 77.9779 70.1312 55.2309 
130.429 115.838 130.363 33.4944 141.152 77.213 48.3238 47.6801 83.6301 63.8378 60.2835 110.711 70.4632 63.5171 80.9186 87.3764 
92.0164 190.237 188.02 80.8154 53.2253 100.698 243.836 192.798 40.8866 41.3812 227.933 126.07 156.169 80.9614 93.4286 191.463 
161.92 36.2461 53.29 104.992 16.522 144.2 116.464 5.91145 196.582 167.882 11.579 196.111 138.015 107.619 163.352 178.48 
219.453 13.7343 91.2498 167.223 78.3817 148.661 198.966 190.688 91.2722 210.328 246.006 45.6644 56.9949 43.2362 139.588 126.626 
152.758 97.1443 195.151 134.218 178.318 8.18719 227.57 153.908 86.3999 83.7859 69.81 8.9631 142.176 98.3103 181.564 207.995 
8.0956 103.503 63.8551 131.388 197.493 97.3257 102.264 141.222 82.2242 148.439 170.846 206.782 207.995 94.942 84.0367 95.7664 
7.04503 5.06918 3.20576 5.39281 179.389 177.764 181.409 180.847 177.256 180.362 178.811 178.337 176.472 176.781 178.919 181.408 
183.228 182.894 181.941 181.436 184.062 183.598 182.272 181.086 184.452 184.274 182.684 180.984 184.262 183.754 182.514 180.762 
180.184 178.589 176.823 177.386 181.929 180.849 178.243 176.204 181.584 181.688 179.539 176.494 182.023 181.483 179.359 178.068 
176.188 175.12 174.306 174.948 176.866 175.547 174.893 175.173 178.216 178.03 177.444 176.671 178.977 179.276 179.487 177.985 
169.167 168.863 168.36 169.493 170.124 169.563 169.295 170.467 171.873 171.614 171.762 171.629 172.885 172.791 173.272 173.065 
162.693 162.343 161.865 163.509 164.103 163.983 163.553 164.832 166.446 166.269 166.278 165.744 167.309 166.964 167.458 167.401 
157.351 157.666 155.591 156.401 158.981 159.627 157.323 157.224 159.475 161.395 160.936 158.883 160.021 160.754 162.747 161.628 
153.996 150.44 148.618 147.053 153.824 151.432 148.585 147.206 154.528 153.072 150.775 148.854 154.231 152.528 151.489 149.69 
147.393 142.033 138.739 136.123 147.075 142.362 137.905 136.091 147.729 144.653 141.034 137.532 146.575 144.125 141.39 137.859 
135.042 130.391 126.032 122.63 136.209 130.282 124.826 122.507 138.488 132.923 127.622 123.072 137.891 134.941 128.783 123.355 
128.55 126.152 123.847 122.027 129.079 125.868 122.829 121.651 130.183 127.188 124.15 121.785 129.725 128.393 124.806 121.817 
122.336 121.495 121.592 121.25 121.785 120.866 120.906 120.948 121.606 120.891 120.597 120.738 121.3 120.841 120.992 120.916 
116.661 117.544 118.641 119.282 116.849 117.42 118.327 119.234 117.132 117.747 118.421 119.307 117.292 117.787 118.312 119.227 
109.653 111.808 114.233 116.266 109.717 111.641 114.126 116.544 109.752 111.601 114.11 117.021 110.219 112.086 114.234 117.076 
106.204 107.504 108.783 109.173 105.389 106.754 107.99 108.462 105.012 105.885 107.571 109.168 104.818 105.787 107.492 109.292 
108.235 108.356 107.209 106.709 107.22 107.823 108.133 105.485 104.734 104.642 105.038 103.517 104.28 104.958 105.309 103.51 
102.996 103.391 102.971 101.95 102.351 102.855 102.095 99.4863 100.327 99.7992 99.7085 98.8484 99.4315 98.8567 98.103 99.5122 
93.8216 96.8177 93.5183 86.9896 93.3998 97.6025 92.3314 83.8259 93.3326 94.9278 92.2856 82.7365 92.198 94.0366 91.4066 85.258 
83.853 91.242 83.3765 67.4911 83.0446 92.9989 79.7729 63.2804 86.3167 92.7374 85.7728 61.5587 83.9321 91.7104 86.9861 66.5293 
78.8506 107.691 79.5953 78.039 86.115 83.703 96.0905 78.288 104.776 112.236 78.2491 59.906 78.1477 93.6363 90.9922 52.435 
161.987 79.9262 121.833 153.812 135.888 44.7874 146.969 178.15 49.0495 59.3703 146.253 67.8614 30.6723 192.456 117.488 164.002 
196.384 150.112 190.952 199.755 196.463 163.915 186.941 160.938 167.177 202.409 194.597 183.153 160.733 159.025 183.027 146.484 
241.061 96.1481 167.579 173.022 28.0591 104.669 137.307 110.932 105.999 24.3569 137.063 175.298 99.9991 210.266 210.901 152.936 
58.9252 95.9749 200.874 189.877 97.3757 49.9844 175.53 231.033 99.7309 63.5688 233.255 206.769 22.9499 74.2569 83.6146 13.1387 
172.142 239.434 242.882 14.2378 249.784 129.256 100.644 113.852 152.162 195.573 81.5546 155.309 203.912 88.4281 49.8559 145.625 
236.889 72.5032 138.605 0.958685 148.302 93.7939 74.792 73.4813 196.297 35.4175 89.7337 230.227 236.493 82.238 110.37 7.31855 
101.354 111.559 89.1388 89.8616 98.6553 143.205 185.823 118.174 173.104 186.724 117.128 148.656 117.44 105.021 102.39 149.827 
178.471 176.937 175.484 176.343 180.199 179.604 176.512 174.244 179.154 179.196 176.492 173.265 179.17 178.107 175.365 174.384 
176.393 174.606 173.24 173.668 178.835 177.637 174.995 172.185 177.625 177.84 175.13 171.543 177.606 176.712 174.02 172.736 
174.889 172.903 171.523 172.281 176.178 175.22 172.509 170.546 175.304 175.431 173.024 170.211 175.994 175.174 172.82 171.708 
168.102 166.945 165.946 166.267 168.314 166.86 165.987 166.283 169.168 167.725 167.146 166.941 169.43 169.141 168.745 168.493 
164.948 162.669 159.57 160.454 164.154 164.454 161.198 159.909 165.807 163.247 162.507 159.64 165.835 163.737 162.331 161.824 
160.975 159.31 155.771 154.967 161.018 159.173 155.374 153.4 160.211 159.555 156.798 154.602 160.55 160.266 158.293 156.368 
157.639 154.062 150.963 149.338 156.961 153.64 149.67 147.727 155.886 154.603 151.599 148.923 155.883 154.363 152.963 150.867 
145.411 144.103 142.709 140.845 146.276 144.368 142.378 140.507 147.511 145.112 141.886 139.951 147.838 145.392 142.039 139.664 
136.877 133.957 131.128 129.336 137.731 134.076 130.523 129.181 139.531 136.037 132.261 129.55 139.359 137.663 133.286 129.718 
130.82 130.004 129.516 128.796 130.933 130 129.098 128.527 131.168 130.15 128.963 128.355 131.444 130.295 129.492 128.693 
128.803 128.733 128.636 127.924 128.645 128.798 128.336 128.109 128.63 128.263 127.896 127.781 128.696 127.703 127.362 127.951 
122.81 123.68 125.016 125.857 122.856 123.431 124.595 125.851 122.935 123.516 124.451 125.615 123.167 123.619 124.428 125.498 
115.705 117.476 119.606 121.795 115.72 117.309 119.661 122.235 115.792 117.266 119.951 122.923 116.308 117.966 120.156 123.133 
113.614 113.764 113.398 114.124 112.648 113.034 114.476 113.942 110.7 111.064 112.318 112.129 110.827 112.331 113.526 111.944 
111.763 111.616 110.357 109.614 110.532 110.836 111.134 108.952 108.548 108.235 108.392 106.901 108.145 108.719 109.236 106.56 
109.986 109.836 108.293 107.704 109.234 109.349 109.364 106.63 106.862 106.362 106.206 104.337 106.405 106.706 106.558 104.332 
104.9 102.357 102.869 98.6867 104.547 103.19 100.76 97.8155 103.043 100.385 101.041 98.4806 101.519 99.3565 98.9275 100.064 
75.229 109.326 119.232 117.774 112.544 87.9037 99.2603 62.0027 125.939 76.3889 66.2381 89.4504 93.1399 134.925 67.9501 118.64 
244.214 90.4115 163.703 67.1486 59.1427 127.407 188.918 15.2655 218.21 246.906 5.49071 13.7335 46.8714 202.756 98.7057 49.2924 
172.276 187.981 182.396 150.422 205.564 201.12 165.179 188.726 152.784 152.577 204.666 192.731 191.286 159.09 196.569 156.915 
193.201 198.057 191.51 193.493 198.723 162.587 202.569 173.928 168.43 192.263 185.928 157.685 182.09 178.524 202.253 177.781 
146.924 174.686 203.126 187.916 172.937 161.466 168.175 206.708 195.508 207.829 150.075 177.418 162.309 182.338 151.638 175.304 
219.474 212.526 43.9846 240.708 16.0636 240.957 140.371 18.3639 237.36 84.2903 23.6284 132.681 148.942 34.62 230.413 222.481 
27.0034 252.909 197.583 234.696 229.887 117.217 111.546 193.331 181.173 111.903 215.352 190.254 162.385 28.3402 20.5228 33.973 
83.6628 234.959 163.792 194.323 94.9654 23.7835 115.044 42.4854 223.944 243.498 106.624 164.307 52.9596 154.074 63.3364 191.7 
67.1327 154.208 33.2938 217.498 55.6417 33.519 150.039 24.6765 149.486 47.3543 18.0616 152.437 175.588 242.493 227.644 241.942 
171.339 171.946 172.178 171.51 176.5 176.035 176.071 173.248 174.299 173.527 172.805 171.253 169.655 169.969 167.328 167.076 
173.701 172.437 171.305 172.001 176.665 175.8 173.863 170.794 174.737 175.143 172.804 169.677 174.23 173.646 171.065 170.447 
166.387 166.296 165.442 165.947 167.276 165.865 165.1 163.537 166.274 165.518 164.888 164.524 163.396 164.877 165.947 165.022 
166.36 164.821 162.622 163.049 164.76 165.285 162.957 161.767 165.282 163.222 162.494 161.119 164.866 163.696 162.201 162.387 
164.467 162.746 159.128 159.523 163.265 163.56 159.814 157.839 163.389 161.174 159.862 157.18 162.658 161.396 159.373 158.835 
163.23 160.939 156.958 157.24 161.466 161.285 157.285 155.272 161.255 158.833 157.336 154.357 160.823 159.125 157.1 156.34 
155.413 156.171 153.446 152.969 155.369 155.047 152.866 151.68 154.052 154.198 151.989 150.652 154.261 154.758 152.494 150.48 
146.095 146.235 145.565 144.718 146.662 146.141 145.272 144.436 147.55 146.421 144.318 143.334 147.983 146.728 144.278 143.01 
141.6 141.486 140.742 139.908 141.895 141.587 140.791 139.86 143.021 141.666 140.147 139.059 143.411 141.887 139.884 138.475 
135.826 135.976 134.648 133.597 135.529 135.819 134.824 134.042 135.754 135.048 134.309 133.942 135.492 134.911 133.664 134.262 
132.176 132.494 132.274 131.672 131.738 132.64 132.282 131.94 131.753 131.646 131.6 131.621 131.84 130.943 130.834 131.849 
129.862 130.666 130.801 130.645 129.709 130.784 131.021 131.057 129.862 130.07 130.689 131.048 129.841 129.486 129.809 130.978 
121.894 122.7 124.186 125.938 121.392 122.096 124.043 126.234 120.926 121.967 124.101 126.096 121.134 122.914 124.465 126.112 
119.649 119.994 120.712 121.396 118.653 118.997 120.206 121.183 117.58 118.347 119.623 120.756 117.697 118.726 119.745 120.504 
115.205 115.002 114.083 114.135 114.027 114.039 114.81 113.564 111.8 111.632 112.087 111.217 111.392 112.32 112.866 110.64 
112.806 112.716 112.189 111.501 111.491 111.242 111.049 110.744 110.505 110.013 109.645 110.007 110.072 109.833 109.091 109.573 
165.162 148.303 118.999 108.445 119.426 156.969 138.105 57.1348 119.227 70.417 167.742 131.849 176.816 75.4079 79.2415 174.187 
170.794 187.429 8.24565 30.8055 58.5658 37.6531 129.873 88.3977 154.54 233.662 154.113 34.5932 41.2512 93.422 186.147 31.2852 
84.8115 246.901 107.648 144.052 22.4488 29.253 116.16 170.038 131.13 36.1015 34.4906 1.62279 77.9768 200.198 113.278 199.728 
109.038 159.354 114.827 175.345 228.438 211.256 143.657 128.497 95.624 84.4729 153.55 38.5938 186.444 67.7656 185.904 185.962 
145.335 187.873 195.812 196.621 155.185 164.391 193.781 195.29 194.791 150.082 155.635 168.241 179.632 200.183 180.54 143.265 
211.881 214.291 129.723 136.238 176.698 229.062 93.7557 154.666 14.008 35.2892 162.085 250.602 139.435 154.36 176.92 136.85 
192.67 93.9601 21.5172 237.61 0.597968 185.993 130.916 171.487 229.853 239.02 147.831 126.426 141.947 34.3912 64.8477 222.055 
181.4 234.303 110.913 38.2094 219.102 130.712 238.882 48.1338 133.132 47.3069 182.631 233.675 201.294 68.3881 149.377 246.323 
33.1528 52.904 89.4202 34.4718 185.225 235.622 101.099 206.629 34.1531 92.7463 1.70442 225.595 114.597 66.6683 219.401 72.614 
117.18 172.488 59.5167 45.3601 103.485 111.707 194.831 90.7151 157.696 201.475 93.9521 15.7574 176.077 80.8529 141.955 145.883 
243.038 242.9 242.532 243.188 242.774 242.785 243.211 244.077 242.622 241.915 242.978 242.103 15.7933 15.8582 15.789 15.5325 
166.807 167.696 167.124 167.319 168.325 166.828 166.535 164.907 166.918 166.51 165.966 165.8 159.723 160.942 162.511 162.127 
165.349 165.757 164.987 165.708 165.361 164.461 163.756 162.89 164.339 163.831 163.519 163.706 161.482 163.416 164.948 164.265 
164.158 164.781 164.06 164.74 164.222 163.455 162.827 161.944 163.333 162.689 162.663 162.877 161.068 162.639 163.956 163.412 
161.966 161.229 159.701 160.597 160.366 161.123 159.544 159.324 160.74 159.186 159.135 158.229 160.455 159.679 158.644 159.132 
157.562 158.472 157.005 156.938 157.533 157.231 156.198 155.996 156.243 156.46 155.779 155.427 155.839 156.59 155.838 154.999 
152.678 153.213 152.663 152.409 152.642 152.268 152.019 151.933 151.904 151.881 151.697 151.443 151.966 151.523 151.555 151.683 
146.944 147.492 146.746 146.305 146.863 146.897 146.621 146.121 147.044 146.476 145.991 145.55 147.362 146.541 145.676 145.009 
142.504 143.763 142.06 140.953 142.466 143.545 143.314 141.665 141.969 142.168 141.702 140.898 143.264 142.36 140.786 140.804 
139.355 140.154 138.543 138.26 139.068 138.881 138.162 138.037 138.88 138.495 137.763 137.657 137.696 138.706 137.713 137.841 
135.147 135.973 135.15 134.498 134.716 135.609 135.426 134.947 134.722 134.682 134.882 134.924 134.481 134.367 134.163 135.256 
130.96 131.853 132.86 133.98 131.296 131.708 132.828 134.133 131.105 131.801 132.562 133.659 130.363 131.633 133.393 134.235 
125.659 127.54 129.29 130.708 125.675 127.69 129.587 131.201 125.65 127.282 129.546 131.22 125.529 127.548 129.604 130.986 
122.36 123.454 124.631 125.446 121.276 122.114 124.054 125.286 120.023 121.539 123.353 124.621 119.923 121.956 123.548 124.343 
120.948 122.191 123.754 124.708 119.794 120.923 122.922 124.089 118.299 119.361 121.182 122.877 117.262 118.281 120.195 121.546 
123.539 107.337 134.877 118.833 113.583 118.414 121.009 106.976 104.503 107.031 112.181 126.988 104.672 121.947 105.461 103.08 
156.059 213.54 133.442 90.934 46.7453 113.089 67.1443 246.207 117.475 187.788 144.195 53.1601 37.0647 151.307 175.634 133.561 
50.4189 173.604 37.7984 229.445 251.446 163.933 191.717 78.0752 20.9868 159.597 254.252 136.341 161.083 223.033 116.375 97.629 
134.97 59.4111 246.684 63.9522 90.8035 36.8058 85.2414 64.8671 161.68 75.162 207.966 237.823 38.0668 189.211 57.3575 81.2062 
24.7173 197.358 71.86 5.08526 155.14 108.526 7.75874 81.3545 180.074 227.446 125.31 97.5071 198.695 216.355 216.457 21.1818 
240.094 8.12426 117.144 112.753 25.6098 163.688 134.28 39.7424 133.66 186.478 184.001 73.0725 208.78 29.7374 76.1885 116.767 
200.993 87.243 124.822 105.989 211.402 69.6302 227.625 213.977 164.415 158.66 162.378 204.55 21.0486 2.93482 106.497 186.627 
186.01 139.851 42.8073 64.8165 47.9239 208.42 144.353 45.3774 237.867 188.824 60.3249 127.788 245.603 224.098 167.729 159.886 
174.48 166.732 104.572 21.148 73.3282 66.7309 56.3089 5.15817 200.271 129.234 131.247 125.678 161.711 165.34 177.429 194.765 
85.0198 178.846 2.03096 218.71 134.193 128.836 39.152 142.101 178.3 234.317 136.949 246.165 119.688 195.598 152.611 170.573 
5.95058 45.0525 229.116 241.264 245.147 26.4398 101.999 237.193 40.8274 151.015 27.1371 146.696 38.6923 126.65 252.72 207.269 
255.606 255.586 255.607 255.647 255.535 255.617 255.573 255.568 255.47 255.576 255.545 255.44 3.60144e-05 1.8488e-05 1.20022e-05 2.46353e-05 
248.759 249.188 249.256 248.068 247.251 248.769 248.662 249.01 248.496 248.579 248.319 248.442 7.88678 7.92751 7.93562 7.78069 
163.788 166.531 164.076 166.2 163.718 164.915 164.269 164.206 164.539 162.97 164.899 162.557 156.984 160.673 160.479 160.605 
159.688 162.123 162.58 162.749 158.248 160.408 162.401 162.834 157.671 159.009 160.466 161.296 159.466 159.8 159.697 160.088 
156.639 158.122 159.806 160.613 154.441 156.699 159.367 160.446 152.907 153.073 156.203 158.208 154.305 155.341 155.442 158.076 
153.92 155.083 156.385 156.706 153.538 154.46 155.837 156.826 153.483 154.035 155.402 156.488 154.089 154.626 154.697 155.422 
150.312 150.9 151.037 151.232 150.011 150.406 151.065 151.616 149.795 150.631 151.378 152.143 150.429 150.962 151.552 152.006 
145.669 146.776 145.495 144.668 145.338 146.647 146.949 145.792 144.431 145.46 145.997 145.739 146.728 145.903 145.447 145.756 
143.517 144.742 143.631 142.665 143.125 144.764 145.203 143.61 142.361 143.309 143.707 143.116 144.451 143.764 143.013 142.975 
141.636 142.918 141.805 140.95 141.065 142.742 143.273 141.702 140.468 141.712 141.263 141.071 142.765 142.164 141.314 141.277 
137.821 137.846 138.314 140.238 137.467 137.851 140.189 140.802 137.283 137.244 140.602 141.065 137.97 137.908 138.498 140.901 
131.996 133.823 135.583 137.342 131.443 133.137 135.773 137.344 131.514 132.897 135.32 137.037 131.276 133.102 136.058 137.431 
128.625 131.793 133.998 135.327 127.821 130.96 134.039 135.426 127.658 130.448 133.43 134.646 127.423 130.374 133.741 134.944 
123.518 128.026 129.76 130.057 123.393 127.535 130.003 129.795 123.111 126.784 129.222 129.491 123.357 126.374 128.891 129.12 
126.044 127.229 132.605 126.575 120.635 127.352 126.048 128.095 124.66 114.892 125.719 132.947 115.81 124.17 129.442 130.145 
179.546 241.935 45.53 100.916 1.77337 79.2232 174.704 213.176 18.7156 113.368 137.253 162.607 163.544 93.3196 19.386 94.2658 
135.025 173.818 176.877 97.5484 101.644 28.9681 96.3625 58.993 239.952 119.136 8.34714 232.365 85.2459 168.282 135.296 166.79 
53.4507 179.23 178.975 99.5946 53.2853 45.8881 114.662 213.96 251.442 16.9438 15.0881 247.258 59.0765 196.362 245.476 219.404 
248.133 98.6662 222.97 6.63156 59.8015 2.72944 120.309 81.6724 132.951 58.1715 254.619 236.886 56.2159 54.738 30.0641 208.347 
15.7398 98.5004 7.64768 186.768 213.325 29.8555 161.903 56.0079 228.595 96.8151 156.043 97.6798 19.0444 179.855 213.295 35.7615 
238.754 132.068 95.4479 226.452 157.342 9.9875 243.647 252.38 201.645 117.202 60.8527 169.031 76.2564 232.489 14.3441 13.5546 
150.408 77.4371 199.673 109.604 131.865 201.115 49.0894 253.352 44.2885 27.2303 205.198 232.831 193.121 205.899 178.374 237.094 
178.33 108.089 232.22 109.686 107.535 131.515 133.053 99.6649 234.058 13.5713 71.8277 85.1879 168.185 69.4377 158.698 32.4671 
177.615 146.891 79.2384 234.862 14.4251 189.007 185.475 113.365 235.462 52.979 189.223 134.884 241.471 38.2462 151.968 0.306676 
139.582 211.05 175.294 183.118 171.779 172.583 54.2688 197.393 239.631 159.408 46.1758 240.666 127.177 86.8832 203.014 124.213 
229.853 246.671 188.449 235.937 99.7127 53.062 161.849 238.22 130.021 194.856 223.457 46.1788 240.728 205.995 137.26 165.327 
255.924 255.868 255.895 255.913 255.922 255.917 255.853 255.926 255.922 255.913 255.893 255.913 5.96937e-06 0.000171007 0.000142064 1.13958e-05 
255.847 255.867 255.792 255.787 255.818 255.723 255.881 255.729 255.716 255.793 255.705 255.592 0.082015 0.0569652 0.00388343 0.121888 
123.256 210.006 34.386 178.584 14.5726 116.843 177.51 181.839 71.714 83.6453 37.1906 149.304 7.44541 9.40873 172.573 216.781 
157.409 157.854 157.565 158.943 150.991 157.078 163.342 156.445 154.333 147.278 158.329 154.418 150.865 156.644 155.344 152.593 
154.782 156.065 158.371 159.266 152.42 154.802 157.746 159.343 151.408 151.251 154.586 157.234 152.248 153.909 153.872 156.993 
153.501 154.71 156.956 157.74 151.422 153.637 156.383 157.778 150.684 150.698 153.501 155.903 151.628 153.156 152.848 155.653 
149.791 151.312 152.936 152.985 149.629 150.843 152.429 153.181 149.96 150.594 152.264 153.337 150.666 151.559 151.729 152.492 
147.981 148.489 148.814 148.92 147.534 148.266 149.024 149.62 146.873 147.788 148.883 150.049 147.222 148.319 149.049 149.84 
143.746 145.058 144.597 143.931 143.256 145.193 146.037 144.868 142.557 144.143 143.996 144.023 144.783 144.46 144.118 144.219 
143.828 142.419 143.098 144.621 140.573 140.305 143.575 145.587 139.757 140.883 142.591 144.428 140.418 142.562 143.258 144.005 
140.302 140.044 140.474 142.799 139.118 139.981 143.16 143.644 138.763 139.357 142.955 143.91 140.544 140.328 140.792 143.824 
135.454 137.39 139.887 143.545 134.567 137.064 142.567 144.665 134.62 135.847 143.02 145.063 135.47 136.687 139.183 144.095 
133.622 136.849 139.068 138.703 132.653 136.425 138.81 138.956 131.891 135.112 138.486 138.98 130.931 133.963 137.348 137.677 
112.724 116.825 110.709 139.989 143.824 142.114 122.743 139.171 123.682 153.048 135.932 132.446 105.18 140.27 124.757 133.075 
29.4267 132.514 103.292 47.0917 237.114 64.839 53.7023 101.032 177.071 26.5247 159.832 223.27 214.981 98.9072 37.9471 26.8767 
118.071 216.289 63.5826 236.441 137.112 195.83 71.4348 160.475 210.931 18.3223 171.037 116.496 215.323 243.055 116.544 56.0794 
232.549 134.111 56.6122 106.753 197.344 103.455 209.459 189.806 236.559 218.83 197.155 184.966 122.838 91.0161 18.4724 130.243 
150.568 17.7006 163.94 23.4466 117.132 91.5398 69.9052 63.4614 46.6581 12.1713 81.5251 90.6217 232.621 84.8893 5.80082 178.553 
82.4528 155.996 89.6013 221.259 242.189 111.265 163.984 153.702 62.8432 130.898 117.079 243.959 123.585 144.319 78.1254 161.647 
98.3836 8.65986 1.7465 7.7633 177.516 22.2539 246.317 231.453 87.5622 72.3295 98.5317 210.89 5.60317 127.898 149.629 103.539 
254.01 46.4161 5.98494 24.3763 70.8383 15.2114 65.9255 68.3591 127.694 20.7732 246.68 200.332 207.362 209.136 27.1508 42.5983 
35.6421 190.603 36.2841 46.5336 7.91989 46.9338 179.239 23.2817 137.981 132.015 223.216 9.67199 88.6593 181.954 115.45 225.088 
8.8516 238.271 119.211 176.489 114.906 71.9887 187.406 207.842 135.84 216.719 167.107 58.2489 90.1532 221.371 38.8503 0.706482 
111.241 11.3742 217.294 188.92 29.1234 64.1933 69.9448 105.598 92.4102 95.2229 39.6414 29.4303 250.238 227.177 146.651 99.9507 
206.832 103.88 215.916 174.469 234.923 131.083 238.332 84.0075 45.6044 252.162 236.455 153.872 73.2397 169.945 95.5489 164.44 
252.398 55.7733 247.561 254.859 193.673 71.5939 157.133 206.374 56.543 185.304 28.1667 105.158 232.21 47.8454 107.382 37.6391 
255.861 255.92 255.814 255.806 255.929 255.776 255.904 255.933 255.917 255.917 255.764 255.739 0.115692 0.0411956 0.198387 0.0255138 
102.515 155.886 25.6408 92.2244 81.0048 65.6086 232.309 48.6634 162.142 96.6573 136.453 101.892 104.434 173.248 18.7234 230.785 
15.7181 46.7816 37.0681 179.775 66.3063 154.304 104.746 130.34 94.8875 10.3731 202.048 124.361 119.9 166.414 116.4 138.739 
59.163 49.3996 76.0913 247.546 107.752 20.0795 183.923 74.3344 100.361 120.282 238.698 88.0339 152.657 247.921 249.796 109.303 
137.17 174 144.521 144.443 158.832 166.939 161.42 129.373 168.62 168.807 165.92 154.76 121.534 149.986 155.169 150.352 
149.813 152.28 155.325 156.453 150 151.189 152.322 155.982 149.733 152.595 155.382 155.189 153.77 153.074 151.409 151.538 
148.018 150.894 152.551 151.321 151.106 149.714 151.627 150.901 149.376 149.459 153.105 150.101 149.72 148.854 149.428 152.508 
147.963 148.762 148.989 148.473 147.871 148.252 149.205 149.013 147.537 147.461 148.089 148.913 145.96 146.322 147.168 148.215 
146.209 145.54 146.511 147.378 143.269 142.814 145.874 148.327 142.354 143.223 144.274 147.156 141.98 144.698 145.439 145.525 
146.147 142.973 144.543 144.811 140.353 139.907 142.821 144.806 139.417 142.567 141.662 144.355 139.948 143.714 144.376 144.607 
142.018 140.038 143.036 145.764 136.605 137.316 142.161 145.64 136.84 137.541 143.54 144.686 136.172 139.179 140.948 143.837 
127.918 133.952 140.713 148.234 127.473 131.292 142.248 148.381 127.561 134.439 142.42 148.377 128.547 131.754 142.096 149.429 
124.412 105.253 132.208 157.96 97.4846 110.593 125.904 132.002 136.097 111.122 108.159 125.89 149.263 104.502 148.785 123.342 
36.9348 14.6717 192.527 240.173 12.5012 73.192 94.6889 180.959 238.205 171.767 246.298 124.577 62.0385 87.8484 107.731 129.127 
84.4189 99.2209 20.3169 218.563 139.51 215.121 109.066 144.219 140.776 74.7512 252.746 253.163 2.76107 1.27845 231.348 175.015 
1.80394 19.0493 105.554 125.671 148.959 68.642 63.2263 144.192 36.9773 229.334 79.2518 197.664 217.636 173.003 210.826 61.6734 
155.944 219.897 248.961 138.089 98.9049 128.195 206.639 59.9835 92.5982 53.6661 224.393 91.0292 154.491 117.11 75.7532 161.905 
55.7491 68.6283 169.735 129.627 163.614 29.1814 69.9968 122.614 50.0454 91.0822 176.485 134.948 100.755 121.388 147.43 49.9113 
116.112 0.341934 6.84071 90.4137 163.031 183.707 230.776 123.474 64.0334 176.741 66.462 209.213 148.122 119.508 232.204 221.095 
159.418 242.322 173.164 189.787 89.5189 150.548 248.085 144.416 233.57 116.393 75.9604 56.0922 26.6009 102.158 198.67 144.341 
35.9115 89.9178 244.529 1.51544 28.6461 238.615 198.147 100.441 102.589 194.985 111.714 119.881 163.663 11.313 216.344 147.348 
183.113 67.4649 28.122 34.7886 241.361 16.8688 201.365 193.138 20.2882 183.973 94.7949 83.6702 159.442 91.0696 62.018 105.41 
5.71666 147.143 227.198 151.161 4.35592 214.918 19.9706 86.2772 10.8486 161.417 214.309 179.198 85.3609 68.8142 60.3754 46.0545 
65.7147 105.922 253.842 25.0422 99.5128 50.7585 14.3088 179.303 205.913 155.196 17.6969 227.299 42.0389 97.2432 31.5284 177.158 
136.629 104.955 173.218 56.8514 208.621 246.658 232.072 180.506 137.827 143.762 218.015 156.643 112.678 38.3183 11.6447 154.182 
100.217 67.5626 68.432 199.128 89.7192 208.629 204.283 169.781 225.988 50.3944 141.429 188.951 108.135 126.45 184.969 142.727 
97.8961 252.028 107.913 30.5266 46.404 186.701 196.149 133.284 86.0972 32.9299 176.736 18.6489 15.4965 49.6716 172.536 171.794 
75.9067 89.9434 112.66 91.6179 129.483 167.153 158.75 217.923 117.715 186.968 165.205 126.922 65.2427 181.862 134.486 189.711 
192.35 55.6927 99.67 228.328 82.6627 18.7776 157.918 55.5564 127.38 240.821 164.101 184.953 35.1159 188.474 57.575 59.5309 
40.3258 16.3841 232.544 77.6309 235.711 197.199 196.777 116.899 67.3597 119.122 140.49 11.3814 178.699 187.204 53.5354 233.148 
91.5231 41.7149 125.954 214.984 181.694 46.658 17.5064 19.2003 187.641 183.36 49.0814 169.038 168.357 125.638 184.86 53.5114 
184.833 214.075 104.656 113.722 87.0087 168.451 100.634 75.5307 68.1657 63.0204 242.428 110.475 114.916 16.9413 128.395 67.7926 
69.9571 173.232 233.64 158.699 47.4819 86.6051 118.512 204.04 96.7029 86.4174 118.674 159.791 136.602 166.424 112.681 156.559 
101.453 142.108 157.419 114.63 182.643 99.9901 140.702 90.4518 193.479 156.907 77.5337 144.839 209.258 201.833 121.845 77.5374 
202.556 90.6938 120.115 201.116 205.725 59.7582 175.089 144.102 166.002 106.021 146.022 110.289 185.86 190.358 136.679 79.2033 
194.018 165.442 175.462 195.181 159.897 70.9492 88.7825 114.928 127.875 191.54 142.433 162.672 102.16 184.344 87.2052 193.367 
177.128 82.9739 101.671 215.565 185.861 50.6137 46.6176 80.1908 163.937 8.22545 48.1547 41.7842 147.108 192.668 22.9939 196.872 
81.4854 153.571 155.928 111.018 133.914 123.039 134.369 143.279 77.3518 106.677 122.522 184.769 160.641 178.79 154.656 149.681 
37.0696 222.976 230.614 249.334 91.1581 75.06 216.062 19.3191 132.208 233.936 203.161 8.3577 81.7742 187.946 53.9781 210.94 
158.914 156.883 208.46 155.933 41.4157 140.953 171.949 205.548 201.99 111.302 107.82 195.706 7.21341 188.332 241.807 198.222 
62.5051 210.275 95.1098 37.9108 211.785 95.3055 245.304 99.2054 50.6442 192.599 196.523 250.788 192.746 40.8196 59.2107 23.9018 
172.076 109.409 2.27327 130.384 168.739 215.42 38.2929 212.356 157.625 74.6513 147.675 239.616 219.071 76.4447 206.58 95.7264 
240.536 144.747 95.0807 185.867 91.8372 58.0455 43.0474 73.7089 106.808 244.078 113.138 6.15154 123.988 131.935 165.307 141.646 
15.8334 195.752 213.618 180.642 232.924 182.193 15.0015 10.4867 87.3288 155.116 99.8236 200.904 240.417 203.532 196.987 53.8411 
70.7717 212.132 24.0763 46.7362 166.197 3.20229 22.3633 236.675 159.665 223.679 104.347 228.636 238.179 93.4561 31.9318 129.187 
123.014 87.9343 229.257 149.263 217.762 11.6212 220.504 18.9382 93.6932 25.7801 98.0417 128.906 92.6032 133.053 167.431 145.466 
49.6104 205.805 223.916 164.786 78.4721 134.256 0.837821 201.552 121.614 51.8284 229.501 165.378 169.304 59.2161 102.36 142.177 
173.243 39.7966 216.308 241.877 81.6653 105.603 20.8904 15.9504 188.247 40.1644 7.5957 162.623 123.491 68.5429 130.858 186.094 
56.5238 160.023 50.0165 7.38089 31.9946 182.398 208.41 152.827 0.238472 108.285 234.893 37.0516 27.3822 41.0848 37.1489 16.6309 
120.522 36.8201 182.216 167.742 180.504 119.518 116.719 146.848 134.955 57.3823 248.452 53.1277 169.593 211.097 115.419 32.8869 
122.58 133.016 202.459 84.2456 103.964 141.695 13.4024 190.05 211.851 85.3596 15.5285 92.6971 152.9 2.7563 68.7434 208.243 
192.1 147.047 145.806 118.241 124.552 161.228 155.285 130.086 140.982 121.139 173.564 148.823 43.6749 72.6462 68.0444 9.92173 
12.1917 63.9648 69.9541 81.1385 52.2621 220.603 130.965 243.454 70.0242 128.781 208.127 245.431 14.0361 149.029 221.658 138.164 
41.0186 56.2144 26.0544 41.4704 31.449 180.624 190.007 194.826 45.1004 207.402 139.848 211.334 44.4949 213.739 187.394 245.94 
78.5693 49.9046 50.8411 76.8859 73.8165 169.563 235.092 234.547 50.9229 113.867 229.112 235.438 41.8843 176.882 123.519 214.568 
182.573 16.4368 183.391 220.737 61.8583 150.985 174.595 23.0652 38.1404 18.1871 79.8876 9.48629 67.9836 201.019 183.754 60.8045 
24.9555 107.508 155.986 20.0676 165.089 156.511 79.2902 250.082 190.171 236.294 144.892 60.3956 46.8016 4.41481 81.8543 102.834 
16.6104 217.599 73.5496 57.9951 61.4221 217.929 95.9032 172.643 132.134 148.741 216.335 199.089 19.109 15.9593 39.3108 230.17 
72.988 53.818 240.049 197.955 94.133 170.166 233.217 216.848 213.893 76.5552 45.805 194.523 110.941 4.31164 2.61751 15.7226 
72.4853 23.7755 117.936 205.757 163.649 234.932 86.4586 49.9466 104.019 208.63 243.308 166.912 101.028 159.091 183.4 144.077 
101.079 120.417 21.4186 122.583 101.628 163.409 20.0863 21.4958 151.099 250.594 63.6861 226.508 229.634 231.021 247.969 179.287 
238.667 21.5979 176.988 91.2929 213.723 4.59451 52.8894 237.66 30.2326 176.612 66.6581 241.764 17.3648 163.893 151.897 9.84773 
5.94569 14.3503 206.189 66.4445 72.4996 133.349 157.5 221.427 98.8007 7.5916 43.9422 9.71139 124.205 38.3534 252.945 35.214 
196.854 206.629 139.563 52.4363 12.391 44.0845 72.0038 20.5101 7.54776 125.693 242.996 131.283 33.9859 239.474 153.846 212.909 
213.531 106.962 145.061 0.482488 214.814 136.668 55.6922 158.366 207.158 138.438 253.329 152.362 179.295 0.658937 166.532 16.6591 
133.004 145.082 143.347 41.0261 183.756 108.885 51.7884 181.983 175.385 172.594 179.992 58.1241 209.613 238.305 69.0531 140.381 
30.141 209.188 210.327 249.255 218.301 98.4365 81.4119 148.698 1.45204 17.2763 52.7074 40.2432 38.3934 200.416 113.678 57.5539 
200.683 79.4369 39.3864 241.395 59.4629 222.988 78.3011 237.454 215.75 71.5866 235.748 94.9399 100.054 68.3848 76.0348 180.229 
169.59 34.7526 248.041 63.9721 113.206 45.7843 126.707 127.469 120.002 164.633 109.715 58.4984 225.073 168.864 29.0525 210.073 
26.1703 214.936 126.809 116.963 25.108 136.577 176.234 242.141 44.9401 18.4325 61.5253 169.281 135.725 189.878 237.528 142.207 
49.204 124.451 28.362 220.886 16.9488 21.1469 68.9849 217.549 252.676 161.185 96.611 9.52045 188.217 22.974 173.216 201.064 
138.346 202.64 107.135 95.1451 95.6951 13.4867 37.4704 222.899 58.1304 106.384 176.912 223.3 48.941 173.019 254.293 118.245 
241.151 113.336 251.147 189.863 113.735 105.809 178.317 252.65 248.115 87.5157 66.1089 208.907 180.265 76.4908 237.959 65.2406 
9.28611 189.675 134.741 40.7319 167.472 206.987 145.851 249.93 49.7955 51.5471 65.9285 128.772 218.689 148.129 72.3448 167.792 
139.134 224.857 11.8548 147.651 24.9275 95.4675 9.05804 99.1161 174.718 101.85 63.8515 249.519 203.661 240.844 129.431 53.3066 
145.836 227.095 134.099 27.6363 138.94 153.528 74.7684 137.231 222.195 190.397 87.8551 190.62 201.468 40.7363 224.763 238.081 
117.094 185.058 112.757 167.074 163.454 141.19 135.209 170.69 192.906 187.011 173.23 190.059 15.054 39.3341 82.3565 32.3706 
177.175 153.993 172.056 132.212 164.577 155.455 134.845 152.05 168.085 158.662 180.114 171.656 45.1491 3.26806 27.0779 41.4395 
197.614 238.063 199.425 148.334 136.263 74.7682 182.65 28.1776 15.3718 248.019 235.643 20.9026 79.2054 87.7777 176.742 32.4368 
54.7198 112.426 77.2689 108.365 108.954 180.674 169.432 203.482 49.0092 158.139 116.177 247.491 63.3152 180.814 150.181 211.253 
198.726 84.46 119.331 21.1633 35.2726 45.2123 135.368 26.8005 57.5424 253.439 181.248 27.8486 185.49 32.9353 72.1008 247.84 
125.15 65.4611 203.377 101.823 58.5047 239.525 81.344 233.396 148.882 241.16 163.675 252.158 46.8155 142.292 109.452 9.24341 
210.039 120.202 10.3694 97.7279 166.795 30.3843 66.0345 112.844 211.96 13.2846 235.978 75.0738 10.5757 235.038 166.97 129.144 
145.651 139.451 149.581 230.267 142.393 88.5414 39.2299 105.269 85.1962 33.3958 86.2473 23.0411 71.354 53.7199 166.118 195.607 
149.096 79.7717 221.115 46.4952 71.704 13.6208 8.15716 105.626 133.473 142.344 60.2453 60.4581 6.15732 105.713 127.093 123.394 
26.0436 246.986 239.652 73.4508 202.751 117.674 150.822 155.676 226.518 201.561 85.2764 197.443 123.198 25.3679 68.1229 147.801 
40.1217 218.971 59.3207 156.81 156.919 98.8007 16.5653 46.947 158.241 138.097 14.2872 92.5173 35.5318 243.611 109.251 54.9456 
223.41 137.051 82.273 202.207 87.128 237.184 71.3109 247.602 247.506 185.308 185.973 238.479 247.804 163.741 167.919 99.0901 
22.1568 162.799 33.7129 179.792 70.612 237.839 84.1816 47.1033 102.457 9.75662 58.1563 61.5823 195.681 77.302 224.282 51.711 
146.218 122.385 213.023 154.46 134.799 95.2669 97.0371 65.7412 190.114 68.9545 37.6741 51.7225 116.561 220.322 249.898 156.963 
174.858 84.0037 20.2257 235.546 28.7603 103.31 236.53 186.256 15.1761 232.534 167.175 155.037 239.386 223.646 199.462 178.383 
62.9757 182.774 241.469 179.679 52.2638 156.505 23.234 118.749 182.877 151.796 88.9095 97.5577 43.6969 41.2724 201.367 34.3954 
77.8125 204.456 248.389 123.063 115 244.821 182.479 11.7517 121.796 216.043 130.425 67.3499 245.231 18.924 109.567 147.333 
158.41 21.238 214.734 200.552 100.699 12.3406 112.709 128.197 16.7765 77.4063 187.503 191.755 108.297 8.53881 191.058 1.55762 
58.8881 48.5053 53.3177 68.524 86.5318 103.625 182.958 143.771 206.797 160.844 25.0417 79.6358 76.6455 133.429 180.735 155.496 
87.594 187.982 218.954 211.781 126.102 247.165 162.739 130.428 218.255 249.607 220.233 49.1882 170.709 204.69 185.503 29.4302 
96.1824 70.5609 94.2747 54.1389 129.394 147.621 201.01 67.191 246.972 63.8438 62.3679 153.111 58.2763 181.869 178.675 136.023 
87.358 77.8011 96.3395 227.506 33.6603 80.4953 65.2238 136.386 16.8999 73.6998 229.238 253.136 130.192 247.036 101.856 223.153 
179.075 19.8064 29.6004 14.8131 7.19179 239.722 134.977 134.603 247.69 75.6714 46.7361 164.364 16.8178 236.088 69.6773 215.042 
125.509 128.138 189.023 216.037 222.512 61.8395 6.82037 139.336 196.693 87.7884 25.0809 183.913 156.617 120.189 102.982 192.584 
45.5721 244.842 198.341 93.6087 124.015 204.341 110.343 134.925 126.192 175.89 130.88 234.922 165.713 126.869 46.0683 134.155 
92.4612 86.4006 70.3493 181.167 2.1849 71.4848 115.715 58.5563 94.0996 162.796 179.459 13.6504 57.3461 148.204 142.727 201.056 
86.7284 45.9763 9.39623 87.0954 162.137 155.696 36.841 20.8677 114.526 63.9522 83.328 19.6145 74.1818 119.208 233.412 143.404 
110.045 131.708 137.409 193.413 149.086 144.469 127.446 169.763 119.996 138.397 190.678 151.407 70.6889 11.5093 24.8478 64.2925 
219.809 241.437 230.356 135.013 39.9353 45.9539 90.1263 242.629 216.475 52.3157 118.67 78.1156 184.013 161.999 129.762 55.5781 
210.649 134.422 252.974 25.7506 53.0498 112.344 150.192 45.2174 118.11 184.147 156.611 195.538 205.567 4.66402 203.64 95.2566 
177.426 59.514 239.976 1.93527 74.414 158.153 187.171 192.883 185.185 92.7277 171.782 55.4617 30.5659 116.247 97.7639 219.379 
36.6689 203.221 94.1966 10.1733 10.3119 161.304 53.3245 30.5672 103.809 246.118 19.1788 185.166 126.094 158.705 115.081 177.415 
74.2622 199.559 61.3607 28.6336 216.82 134.095 239.901 94.0065 35.3305 38.355 20.3643 238.035 217.702 103.275 169.563 236.1 
22.8438 253.814 114.957 220.971 37.6384 188.28 214.849 44.4289 43.9366 7.51664 127.03 159.307 162.455 145.49 32.1374 155.118 
174.629 190.695 247.306 206.129 245.2 68.82 60.1715 191.947 158.949 209.332 52.8923 130 101.206 240.279 246.169 149.718 
124.864 84.6759 72.8334 94.3636 49.6632 182.982 159.326 218.801 5.49441 147.561 225.357 61.7446 99.6046 138.866 19.2651 198.221 
140.14 205.361 101.064 133.891 112.587 16.0007 140.563 121.853 147.86 77.4977 86.4463 199.165 28.3265 34.3827 176.567 36.2608 
230.668 121.969 23.4845 172.161 198.186 39.3621 144.6 125.319 169.984 165.328 36.4512 52.907 107.973 180.181 246.763 15.8379 
124.031 84.8767 133.99 58.4916 218.157 167.839 218.593 70.3876 245.743 212.425 229.473 3.75452 81.8864 125.954 176.123 147.43 
232.638 58.6968 139.957 222.906 79.177 148.936 131.53 2.58169 84.7947 141.129 162.371 7.43518 202.221 222.614 152.315 109.926 
178.05 129.169 103.778 151.614 223.389 67.7076 59.6648 173.286 252.622 164.103 141.726 187.868 27.6488 112.301 12.4437 243.995 
150.688 23.0963 82.0936 157.604 179.036 64.2816 103.107 169.374 44.3249 0.374595 85.8862 1.16619 118.281 1.44067 88.4063 60.1552 
131.23 88.2849 217.874 241.307 28.6028 45.2199 100.142 6.83424 163.163 185.682 32.2601 23.5428 32.6076 164.36 123.95 207.54 
76.9529 110.069 102.853 70.6566 134.937 31.1346 215.038 68.067 5.89287 96.4665 72.6016 9.45909 217.21 250.975 231.789 21.9999 
122.318 26.3349 112.336 42.307 181.055 232.94 98.9229 142.363 118.417 139.904 81.0991 47.0919 71.8266 95.1279 227.577 155.114 
118.031 83.7402 130.569 65.4294 181.109 251.154 176.382 77.6114 238.317 29.7239 41.6949 146.896 110.518 43.6399 43.7094 66.7008 
152.238 65.5941 120.826 98.7975 196.317 78.5222 35.9957 223.443 83.8354 139.381 238.952 160.485 216.532 145.772 207.398 65.455 
214.005 189.958 113.216 8.91812 211.181 171.464 60.8525 203.895 9.85433 236.14 63.9426 57.2531 175.179 73.7927 149.83 130.007 
190.966 19.3513 96.7128 85.9712 238.701 30.4985 208.38 148.07 42.4994 9.88472 168.615 3.29166 183.071 112.523 150.967 19.0212 
119.751 129.26 120.078 172.089 40.2408 210.241 166.569 129.054 208.166 185.481 168.007 64.2674 36.6666 77.3987 123.07 184.211 
184.718 238.179 123.184 61.6874 232.975 237.301 73.8625 6.48429 87.0809 167.28 67.6312 142.039 170.796 24.6232 124.353 212.488 
240.07 47.8274 232.401 131.149 103.754 16.9249 103.902 249.575 126.35 137.167 143.394 160.055 246.921 230.766 146.213 29.0392 
190.529 33.0881 189.674 2.71432 47.0578 119.135 160.584 251.235 103.536 252.257 141.24 197.961 124.194 87.3954 223.185 170.31 
18.7634 39.1133 66.1709 119.844 215.99 78.9344 128.209 130.636 8.45183 91.5191 55.0737 134.227 2.41145 49.5207 193.89 37.7005 
61.9672 33.0017 91.3816 221.171 52.4617 53.9091 249.952 166.309 230.021 130.713 65.2747 189.687 162.224 89.1846 97.5886 68.48 
241.044 136.979 201.081 111.464 161.085 26.249 25.9305 119.054 98.5989 121.959 46.6437 162.638 106.629 1.09325 196.289 33.0865 
181.274 172.969 24.7437 33.4669 126.12 134.569 47.2548 185.328 41.1751 57.7724 25.3774 14.7194 4.00393 165.889 65.3106 122.397 
227.731 52.0557 34.3845 222.281 70.0777 189.645 104.151 20.0912 224.484 116.984 55.8297 204.582 214.987 1.15015 207.302 236.442 
109.415 57.6256 70.5652 160.806 70.1135 254.325 143.488 191.54 152.163 169.679 173.38 193.893 53.858 15.1719 173.115 148.03 
212.341 111.682 116.268 22.5675 98.5332 109.258 223.867 115.246 238.403 9.17041 30.7499 100.253 146.01 101.037 189.947 0.287585 
100.352 161.565 52.5148 244.868 109.096 138.965 152.711 70.783 128.495 141.782 160.3 7.05909 145.79 95.9939 83.9146 207.825 
227.513 129.055 62.2382 176.057 4.76936 30.7254 146.907 65.9471 113.785 254.927 215.486 85.3627 238.686 208.825 130.821 134.416 
154.521 220.133 108.049 30.9372 160.039 167.691 165.142 242.151 134.401 237.972 106.595 21.4736 178.611 43.5218 117.733 126.823 
176.205 108.035 64.2454 9.86405 63.9884 220.789 96.1395 47.9219 209.923 232.238 46.4766 204.54 80.1009 197.815 25.6274 163.384 
221.854 228.123 198.625 120.13 135.146 145.297 249.019 58.3074 156.289 26.1237 90.9118 62.3488 19.8044 86.9308 41.6313 156.469 
105.651 15.8848 187.005 29.0279 91.3591 196.9 99.987 81.3297 119.963 162.534 235.29 218.724 112.951 201.707 35.3444 146.599 
10.3838 216.206 18.8623 79.27 121.097 68.2143 184.661 92.5744 126.446 77.8637 24.9897 124.086 167.788 181.201 7.86245 130.799 
134.611 2.98748 198.94 139.927 175.642 20.6884 20.4359 220.944 22.9639 147.002 115.858 48.1992 28.4839 209.327 205.122 32.6846 
123.322 185.857 162.406 246.263 51.5249 150.127 89.5682 2.88004 189.833 219.441 206.94 50.2675 231.656 6.8386 65.7438 18.2799 
56.7366 100.684 149.721 155.364 159.238 24.6069 168.795 254.86 31.3143 24.0551 109.28 40.3116 76.7915 192.136 91.7923 2.31005 
52.8345 250.459 152.141 128.058 88.2664 142.506 91.5943 0.916776 67.6722 103.076 245.66 19.3392 124.71 187.769 155.964 50.4939 
173.705 67.2202 86.2302 161.883 146.33 76.6847 225.88 106.102 94.0546 151.267 248.947 243.085 176.914 110.984 166.792 12.3241 
171.607 124.238 35.5963 147.093 148.43 213.396 197.504 222.754 161.235 63.7351 206.335 18.7297 16.5475 28.8232 64.2836 137.548 
90.801 195.315 77.1972 100.583 100.958 36.2667 183.583 179.165 172.011 71.4582 140.032 133.93 99.5101 21.3245 98.5032 111.634 
242.829 44.1609 56.4556 99.2081 239.655 69.067 98.4232 105.004 242.201 25.329 30.4078 137.215 182.13 47.3681 2.56677 61.1047 
32.1991 221.714 61.635 163.13 73.4718 176.779 79.9645 107.089 162.472 128.906 189.632 11.6889 39.3933 70.8246 176.775 109.735 
38.9972 42.2242 65.0878 13.0527 89.0374 215.99 55.4196 223.399 58.9217 225.671 78.5354 117.035 238.197 126.359 55.1224 86.6648 
199.435 188.756 29.2331 216.585 194.029 252.227 65.3772 25.0413 249.899 184.969 202.845 54.6901 18.9625 236.863 251.684 186.832 
135.744 40.6253 191.511 171.198 232.767 240.345 47.0948 182.744 228.512 13.69 247.401 179.637 205.808 83.9792 59.8291 138.873 
163.226 254.94 51.662 65.6736 113.49 234.005 195.072 60.886 201.24 226.565 96.9949 205.708 26.691 79.0279 138.945 236.492 
46.2948 112.828 141.765 172.14 38.8206 151.276 101.934 170.9 181.426 252.403 15.2548 227.808 56.9762 53.5111 190.359 38.5012 
198.588 146.027 98.0919 32.9441 114.546 30.9642 31.2709 176.178 97.0316 200.271 22.8943 30.873 152.157 11.2671 30.0877 208.256 
188.856 237.985 51.8811 50.59 28.6546 9.1549 218.85 33.2405 219.228 121.452 218.305 53.9121 50.7528 24.6143 89.9891 49.2602 
5.13703 204.288 196.482 224.799 235.383 244.338 37.5915 66.7728 178.712 170.098 129.36 74.0689 222.701 35.401 146.907 123.711 
226.343 94.025 226.034 115.865 203.164 103.306 10.3817 118.631 148.264 210.169 169.976 142.968 166.369 82.0047 77.3418 253.842 
165.147 93.8549 172.532 106.395 163.396 96.3106 32.9821 238.434 213.002 40.3067 98.5882 239.637 215.919 0.719234 88.024 242.826 
3.1512 39.2938 174.327 184.88 180.483 119.17 240.343 42.3163 82.4744 167.391 25.6441 54.981 12.45 153.203 165.715 158.754 
237.174 44.5302 163.337 109.834 252.177 13.2312 0.974458 201.639 148.771 219.833 98.3408 61.3894 122.575 107.247 53.6486 157.424 
18.6499 33.4692 51.4914 144.184 98.8881 140.012 173.745 250.829 200.895 111.08 183.836 246.078 110.79 243.534 104.824 145.431 
252.91 239.046 108.371 24.3952 216.31 159.483 247.754 197.438 87.0407 134.82 142.312 242.555 105.733 233.415 185.296 67.9283 
217.594 238.333 211.924 122.173 162.76 174.734 198.614 102.467 1.9285 6.94601 156.174 56.4003 64.6835 60.7633 154.067 15.8309 
174.538 47.1488 112.335 9.13148 45.2073 210.286 81.9128 64.6633 71.4639 86.8649 108.929 66.1334 237.87 108.626 61.6994 138.857 
234.997 181.787 218.375 68.3755 123.924 22.2813 13.5933 252.415 247.609 211.494 114.088 216.367 5.83634 91.5944 235.469 175.797 
183.882 157.688 29.2574 4.56975 110.737 19.1905 103.089 219.264 219.376 137.285 62.5397 165.702 140.815 210.397 248.934 37.7581 
224.808 49.1385 85.5326 123.297 40.9598 205.313 107.318 181.636 110.025 74.1903 112.544 185.317 135.147 213.992 137.282 167.214 
191.083 65.746 131.186 178.466 70.0964 156.504 242.076 155.43 76.1513 200.317 117.961 212.194 86.1434 110.748 109.852 237.902 
23.4999 138.432 180.964 229.187 199.78 77.0911 232.844 94.3188 38.6116 77.233 57.9404 141.954 8.17534 109.829 251.377 11.046 
243.515 218.204 121.439 76.1987 186.811 233 211.596 190.815 217.614 231.478 26.6542 110.891 92.6982 132.66 144.538 230.049 
175.576 237.053 162.292 10.8462 110.137 88.2164 99.7442 82.257 94.0806 235.132 174.053 177.112 188.253 32.2086 38.9547 204.783 
204.212 203.923 141.789 182.441 134.856 232.651 212.757 191.427 60.3704 181.371 78.2964 200.834 62.4614 28.967 235.554 150.686 
248.156 155.961 32.8181 48.4097 171.175 144.714 95.7079 101.365 61.5761 181.89 182.31 116.811 43.4617 207.505 92.8478 201.454 
233.558 37.0318 13.2298 32.8945 87.5534 185.598 146.048 145.17 199.977 51.3099 116.811 208.128 116.079 24.8908 127.334 169.518 
83.2954 200.808 82.1798 233.826 216.167 145.126 87.1504 211.397 173.423 74.0125 68.8731 124.99 233.181 50.9492 2.89956 199.776 
194.238 134.209 3.93446 113.293 163.182 105.724 234.747 87.2658 57.6583 37.6857 210.721 108.42 120.341 125.904 95.0794 139.324 
160.132 120.496 80.3008 205.895 197.683 30.0536 31.7819 192.073 195.973 48.9447 73.5192 72.3768 25.2776 4.79179 136.111 226.798 
69.8855 100.29 223.684 110.967 139.301 120.283 78.079 247.524 32.0909 53.6837 183.042 59.448 146.965 4.73878 245.768 84.0159 
48.2016 179.477 106.519 85.9427 204.495 40.738 181.603 131.04 7.69433 110.883 132.881 117.502 104.125 163.744 91.9534 155.847 
7.32435 93.4071 46.5049 192.826 181.965 86.1786 160.798 164.463 41.6108 8.19027 9.41682 96.3342 98.5953 92.973 129.299 42.2071 
97.3486 192.233 177.387 73.2563 120.175 2.68933 144.275 80.8286 2.08127 193.439 240.879 237.405 162.778 97.6221 85.1177 231.721 
129.136 201.996 1.78936 159.626 52.0358 232.66 8.6856 87.7568 133.819 216.624 110.642 1.64829 77.8116 44.6644 103.515 226.185 
34.2447 130.655 252.688 243.86 105.711 20.8749 85.4698 27.3224 254.754 143.999 37.2449 163.14 39.2221 230.253 39.0473 18.3239 
5.63099 116.956 230.855 96.9811 92.6916 91.5789 180.634 10.7743 40.135 34.6698 31.8514 96.9038 78.9277 242.808 224.452 162.633 
169.161 161.673 107.726 251.46 21.801 203.569 50.262 68.1948 100.827 216.432 22.2628 51.6011 223.433 87.4785 12.0473 151.449 
169.374 225.602 9.972 1.49645 205.255 58.6016 153.355 224.504 103.566 186.796 197.29 213.643 171.988 50.984 163.335 47.5056 
182.31 104.138 192.557 202.708 252.343 251.823 112.099 47.0964 59.3988 97.373 178.372 85.112 67.3137 56.2994 158.137 177.943 
189.333 165.528 59.9728 96.3987 44.2356 178.616 72.9003 1.31388 127.991 105.076 18.8292 208.313 217.005 179.002 235.03 51.3405 
135.753 19.2249 232.383 53.1378 185.738 252.915 132.889 117.663 29.4039 243.804 145.134 227.061 142.88 199.836 26.4945 63.2491 
223.244 101.206 187.953 220.058 253.12 115.347 91.7355 200.478 45.1453 110.269 144.164 150.653 46.8215 4.86434 253.372 187.484 
181.583 142.85 219.641 158.118 222.961 31.5365 38.2521 37.351 200.309 204.051 52.8844 254.532 137.943 180.024 69.0549 115.811 
215.605 54.4122 33.1636 194.907 145.138 199.064 78.0242 39.3561 181.589 193.744 220.804 131.759 136.756 132.709 76.3175 218.977 
151.608 239.606 82.5223 252.201 216.453 65.4327 209.343 168.164 170.496 190.111 224.644 174.28 126.573 56.9641 155.247 138.155 
57.4117 155.473 72.632 162.27 158.564 177.872 87.3184 29.2578 71.6464 179.78 114.257 1.57556 0.183397 168.292 79.0666 46.4386 
21.1721 149.335 235.366 106.059 248.132 243.329 176.818 66.8122 46.9706 193.901 141.052 243.571 8.2398 126.763 36.9795 202.317 
67.7547 7.84087 49.04 87.7269 88.0699 107.979 133.305 116.571 171.279 26.1075 135.579 237.218 249.572 213.243 198.654 18.3277 
45.331 51.1517 9.47899 100.19 113.081 171.623 240.898 33.4972 47.3469 83.8279 176.935 175.768 105.889 220.218 29.4515 55.3725 
116.685 110.387 46.66 100.357 85.9142 28.9436 44.949 138.164 145.008 95.4131 177.704 152.316 17.5955 18.4498 251.533 106.618 
163.988 69.5671 75.4189 79.1095 209.739 10.1907 141.43 168.106 83.2405 230.527 117.094 201.646 89.1069 140.329 110.88 2.27535 
178.023 45.4383 179.258 17.9106 157.727 226.233 166.526 152.704 165.911 39.0201 133.495 183.691 192.079 233.418 128.069 172.197 
213.582 210.648 56.8311 77.2517 67.2037 238.874 197.547 98.9339 171.223 99.0878 64.2732 2.12456 243.404 224.1 60.0621 111.954 
227.961 2.68698 235.688 98.5782 194.073 180.655 108.102 174.812 89.3823 128.897 54.317 231.539 16.2965 100.397 96.7909 6.64448 
1.57177 175.081 82.7689 197.912 169.883 93.4874 59.8533 149.949 222.546 49.9813 26.3022 133.096 179.256 245.921 0.971891 184.673 
133.415 157.813 144.688 236.248 197.069 0.501246 12.7722 242.795 249.364 59.316 65.3288 88.8668 252.291 206.798 128.134 61.8466 
61.5783 95.197 60.2986 76.4276 139.493 245.494 211.613 104.789 39.3161 37.8328 118.19 166.953 92.2611 151.409 154.717 171.019 
76.0919 138.547 34.8008 254.693 66.352 218.569 111.477 199.06 161.345 34.1458 176.256 220.406 116.664 200.272 146.561 18.5422 
252.372 95.7595 169.61 200.653 15.0515 233.176 19.0125 67.4837 179.991 247.901 227.685 201.918 215.686 149.538 110.814 75.5892 
158.423 59.5072 227.933 175.584 94.6866 121.348 71.9271 88.3415 249.722 129.111 19.2204 128.406 232.903 204.268 248.968 16.1299 
119.338 117.068 54.4766 11.7406 81.6966 125.077 167.383 142.306 3.87593 93.2874 188.845 89.5628 82.2259 152.757 142.226 223.927 
143.456 140.042 181.262 163.475 238.647 7.51259 44.3631 236.33 93.2524 107.497 100.717 122.204 61.8155 52.5886 0.393109 115.281 
141.084 11.7073 210.275 162.298 225.123 111.248 59.5027 195.415 252.001 124.893 41.719 130.167 165.66 1.08794 16.7158 115.001 
241.541 138.333 62.368 131.49 180.365 105.954 17.6485 183.791 76.2889 244.28 180.185 29.9735 175.1 132.99 42.2419 17.7296 
130.819 114.588 91.1527 144.056 95.0872 68.9502 154.129 196.717 221.957 117.914 215.915 134.461 207.439 30.4453 117.189 48.9931 
122.917 119.852 14.9151 236.345 150.379 196.262 152.903 182.223 38.3513 48.7017 240.395 153.135 166.874 206 247.057 174.67 
54.8978 191.419 21.6599 60.8468 2.99985 176.875 178.602 186.935 28.2125 93.9425 103.527 94.917 51.7825 215.463 129.64 183.975 
131.54 49.2525 245.752 0.714825 36.1326 143.968 12.8467 20.6269 80.6702 56.7442 51.0792 207.272 52.3526 145.372 134.804 110.675 
10.8092 145.685 126.788 199.517 23.6498 162.547 94.6195 34.1599 72.6307 201.974 196.115 62.5009 143.83 90.8257 125.084 44.7202 
12.6745 24.7576 11.221 61.054 79.9927 7.40103 126.776 189.923 180.873 105.796 34.0224 53.6926 70.3994 57.9698 46.8469 232.76 
210.677 176.865 164.378 49.3617 67.6278 163.741 206.469 236.828 10.8852 109.985 31.2859 119.358 162.759 9.22366 252.164 114.651 
105.601 34.6986 234.056 98.4646 137.905 168.009 222.07 160.048 41.1393 64.1968 191.73 42.8347 6.61365 127.076 183.018 172.108 
110.115 14.6562 206.221 17.0051 42.0721 166.249 155.381 93.0588 56.8878 203.771 252.724 160.785 206.915 91.3144 105.938 221.492 
106.147 165.681 14.4209 45.1062 1.81222 44.6133 215.909 82.9734 77.5149 210.504 134.868 137.69 248.197 196.777 157.694 185.012 
237.407 15.3274 76.5299 155.628 14.7254 151.337 93.6652 154.654 175.079 158.473 81.4718 33.7734 207.249 178.115 227.871 177.182 
248.865 176.917 142.125 134.639 150.875 120.244 185.828 68.3246 93.66 195.124 249.302 234.338 9.54102 87.2448 47.7428 250.191 
104.687 70.3894 202.455 149.288 254.398 216.415 70.5994 4.66968 248.27 207.807 186.047 98.4139 237.449 58.1088 32.5681 165.682 
139.825 43.95 88.4927 13.9153 34.2636 120.474 183.631 75.7561 80.244 220.34 229.073 2.15381 195.832 43.3331 3.31313 252.612 
78.7147 243.376 46.9326 103.655 107.276 135.848 246.966 238.312 6.92683 228.391 208.146 16.6109 188.091 236.931 62.6311 49.9003 
130.499 133.216 24.9919 5.52366 110.508 33.3755 76.0954 133.415 138.438 106.748 9.90796 234.694 251.397 213.249 59.8775 120.387 
55.1488 251.865 252.659 59.154 21.722 90.4257 141.405 84.8301 48.1703 252.674 179.818 75.7368 192.929 42.1387 33.3876 39.5926 
106.231 82.0717 173.766 24.9577 61.6696 159.954 251.198 145.502 216.024 67.7153 96.6925 123.028 61.0426 188.763 79.9735 132.766 
150.615 146.309 220.378 152.825 0.335938 92.1364 209.733 69.3713 66.5546 110.536 221.694 28.4159 151.667 224.475 92.3906 66.9198 
192.622 216.521 159.342 61.2403 191.606 30.9885 62.8271 231.375 224.142 194.689 155.553 65.1439 154.637 176.036 177.651 236.93 
6.50673 76.319 30.9462 87.5776 106.805 241.887 157.899 129.205 142.706 180.121 23.2351 184.006 126.528 111.354 187.618 96.0367 
71.7938 64.8026 150.39 127.459 143.761 181.959 186.234 24.5575 66.2809 170.773 115.394 148.688 57.8032 217.365 238.313 209.963 
101.905 253.333 143.933 83.6787 89.2279 237.133 153.368 240.991 164.498 91.1231 19.7905 23.3382 68.8269 229.997 227.253 220.47 
222.373 242.128 17.5769 228.264 176.755 215.497 229.462 97.7413 227.503 57.5557 205.507 246.539 230.78 79.5972 201.564 89.4704 
143.75 18.6307 130.684 25.4552 58.5628 132.539 177.571 45.8744 67.6936 29.0908 25.0225 113.741 160.008 19.4612 23.8683 177.558 
151.963 117.563 20.4898 244.939 102.428 64.1571 181.955 14.4128 103.702 29.5945 206.192 50.3676 86.2108 77.7361 69.626 27.0173 
173.042 66.361 85.9272 246.221 243.25 175.015 41.7345 235.693 212.921 85.1246 153.198 72.8058 241.526 217.094 72.9713 33.0041 
188.009 25.3543 161.638 220.943 61.1686 242.284 93.0598 164.811 173.689 220.443 246.817 133.314 201.305 39.0423 209.696 58.837 
58.7083 184.255 184.119 232.875 245.012 54.936 237.644 226.432 39.1327 127.756 245.047 151.831 78.4909 82.5759 126.963 34.5014 
202.029 216.329 133.45 105.678 119.207 251.553 174.197 85.6764 243.388 68.0678 159.201 206.702 161.023 129.758 70.0795 18.9926 
149.729 161.525 33.4793 141.103 31.2597 52.156 13.8048 254.317 172.548 54.0515 16.1097 44.1214 173.457 5.12375 237.746 239.25 
37.9797 196.918 23.1727 31.9446 37.0628 122.992 53.3033 88.8202 159.239 148.077 177.574 100.496 239.337 52.3051 155.743 221.895 
221.709 53.6654 126.643 247.962 246.561 175.078 23.3593 65.1519 211.832 251.015 57.5577 119.303 5.38077 41.5057 16.8655 110.82 
63.1224 212.264 247.751 89.6721 115.67 67.0964 100.782 172.931 205.316 94.5285 130.632 31.2696 21.4167 208.957 231.77 227.612 
11.8327 68.937 51.5778 236.511 222.323 120.661 175.353 189.761 227.216 54.2905 102.396 186.36 193.378 179.017 92.5409 219.588 
210.177 243.869 178.022 130.882 115.524 8.18237 189.145 136.833 176.97 148.305 113.115 33.604 202.668 193.465 152.104 114.597 
0.395047 50.1573 141.827 111.584 104.094 232.001 24.8649 253.414 87.552 87.8708 233.552 156.019 54.765 196.581 202.176 88.8955 
243.957 145.395 202.295 148.95 105.18 77.3715 214.499 165.004 19.8525 33.9676 239.758 223.995 28.9725 175.27 127.286 123.21 
22.098 98.0981 131.629 117.507 232.086 209.991 145.278 243.525 185.733 106.692 243.648 19.6718 99.9103 108.447 215.724 101.815 
41.672 126.011 207.736 144.344 213.431 219.866 196.243 242.471 48.6845 152.614 30.8328 137.584 155.984 248.239 102.682 117.059 
104.998 138.796 26.7157 174.613 196.969 210.547 250.447 130.375 122.122 193.275 102.242 100.153 24.0228 18.0252 105.828 163.084 
116.898 214.881 36.0355 98.1825 182.927 102.458 144.756 202.887 32.1246 75.8766 115.666 205.627 179.065 69.7136 40.7602 33.3414 
4.34027 44.931 126.436 119.821 151 204.571 73.3339 166.864 165.283 189.984 166.763 59.6069 20.5152 75.1395 17.0946 93.66 
191.075 211.951 47.9182 180.951 81.8001 76.1707 40.7231 98.3853 219.931 181.523 216.118 184.268 123.612 178.031 247.918 35.6227 
199.738 228.754 151.829 34.3967 187.556 9.82544 82.1758 20.1288 55.3466 112.188 201.463 134.869 126.733 241.717 205.979 193.311 
155.498 102.019 181.576 199.122 100.282 74.0768 229.164 81.5978 55.2277 161.65 77.984 137.781 72.4661 88.5187 94.4765 155.507 
133.364 100.157 77.6911 21.2374 42.1079 27.7617 36.5737 85.8034 106.862 117.998 18.2801 24.8986 224.369 181.164 107.03 126.696 
241.857 119.518 220.255 180.179 201.65 53.0255 203.842 133.26 199.603 64.2102 19.0607 191.619 216.281 63.5316 189.248 213.443 
88.2653 178.271 5.95227 251.165 6.58057 230.616 200.376 51.1679 16.8376 23.229 212.143 196.899 155.183 17.9101 109.24 101.978 
146.641 160.873 8.97113 65.4846 162.018 252.526 45.8641 171.954 131.579 1.35429 40.605 52.7575 156.668 129.904 190.509 174.582 
85.0632 233.893 128.439 213.672 56.0605 238.775 79.7585 53.3343 82.1438 195.572 63.6835 160.02 195.043 68.6232 217.199 151.432 
241.623 173.563 89.706 79.3716 60.5886 26.1585 5.07132 198.746 14.9162 160.877 218.372 170.496 139.772 26.5955 246.275 14.4138 
242.012 223.311 37.719 187.991 230.085 159.448 242.477 154.125 220.847 171.743 179.296 114.253 243.825 55.4308 100.118 246.367 
75.9412 154.73 225.991 94.3021 107.954 87.6598 206.369 235.445 58.165 106.722 212.491 46.1108 82.1749 103.219 248.378 139.649 
148.525 220.935 23.9848 194.86 197.241 191.295 172.639 235.898 148.156 115.72 82.3391 8.71727 201.792 110.588 78.3025 21.4805 
179.494 113.625 108.916 203.617 162.006 201.577 161.526 72.4276 59.9741 229.047 38.008 82.9391 145.731 27.0848 113.145 248.425 
101.634 103.072 23.8099 118.606 158.661 52.8809 34.0405 81.672 236.006 35.4167 161.226 62.2532 197.684 34.965 175.762 105.468 
54.6198 173.277 214.801 175.546 26.0264 105.195 38.3465 151.69 166.346 216.598 37.5258 45.5734 239.78 104.942 24.302 52.7106 
21.6027 26.721 75.8184 10.8145 231.225 162.778 203.888 210.036 58.7377 38.7322 54.2969 137.282 168.455 6.35825 84.9837 215.486 
99.0764 34.3845 191.321 57.9685 25.6455 171.674 157.682 209.773 196.35 26.2161 164.963 202.209 131.824 174.328 182.272 207.013 
44.5453 111.611 108.911 133.108 24.0508 85.9518 127.379 101.622 12.8646 90.7161 117.386 115.74 16.0147 118.636 108.752 148.239 
15.4455 174.422 108.658 94.4194 107.105 159.658 54.7136 31.6749 79.2568 193.349 233.7 84.1158 207.487 58.6769 79.2719 130.444 
94.7521 152 244.394 223.612 188.327 113.038 185.489 135.165 82.7707 65.6984 194.211 60.0701 96.9835 179.401 207.719 119.7 
52.1399 37.4819 51.8235 207.115 40.6324 90.8141 78.8926 77.7027 22.0635 92.0922 249.204 107.815 217.609 194.559 154.948 149.564 
44.4115 154.437 195.754 182.885 73.039 122.946 66.9873 153.13 6.39178 16.7013 27.6849 211.255 149.862 147.505 160.204 86.1298 
135.325 133.955 137.245 134.24 195.678 85.682 138.964 37.7419 34.026 229.187 96.5208 95.3153 123.294 199.602 244.8 247.532 
53.5897 233.016 42.3222 220.929 134.673 110.741 178.422 224.802 221.702 151.802 108.215 117.421 133.408 240.32 244.912 71.3581 
142.284 132.382 113.472 140.474 241.787 13.57 182.322 26.6927 194.725 239.14 46.5406 230.344 187.912 201.303 49.6965 210.175 
232.208 123.488 109.866 224.378 124.97 248.731 226.7 246.48 56.4774 177.245 189.224 114.608 73.1185 91.0206 100.862 119.086 
63.6231 226.833 185.336 181.625 50.8051 42.0243 144.326 117.473 182.698 134.584 0.960892 196.207 250.038 135.278 14.8169 27.93 
244.57 61.5357 225.379 191.778 79.315 50.563 0.170146 194.949 117.919 43.8186 78.4433 159.508 1.26898 169.092 74.3006 244.958 
35.9439 72.3913 63.6392 228.972 37.9516 231.776 114.776 228.577 249.864 5.25141 105.296 85.8278 12.7029 102.626 12.8228 109.416 
226.733 139.45 217.921 186.462 96.0345 111.736 180.81 104.804 68.1304 72.2812 235.873 2.53247 37.1819 102.17 62.1833 107.66 
246.837 116.667 76.4001 149.731 43.7623 153.068 22.7126 81.6372 161.687 11.7079 236.053 215.854 242.528 111.038 157.791 177.641 
43.0847 65.4426 9.51863 86.154 46.0283 13.7447 17.3452 94.1881 244.252 113.123 196.915 206.916 28.9271 84.3941 34.1842 38.6224 
84.3925 108.805 199.855 81.5086 110.433 189.885 249.508 77.7526 116.541 29.4028 199.829 124.531 68.5016 89.7782 185.183 26.6387 
227.048 36.3948 119.066 247.703 79.2682 113.644 181.024 87.5714 210.052 112.001 156.09 130.269 205.829 132.791 165.717 115.766 
108.272 230.389 218.61 191.627 69.1995 53.6398 40.5155 61.4394 80.3209 123.311 44.2065 150.006 229.002 130.477 190.547 234.821 
59.7005 14.8357 152.925 223.806 10.4666 245.868 202.771 184.612 35.092 208.731 116.892 43.1612 165.635 246.752 213.315 99.8622 
183.009 50.0466 232.039 229.147 95.0306 199.797 116.082 69.8329 230.159 55.8387 142.621 241.39 86.3194 117.25 59.9357 163.524 
152.223 175.212 221.086 75.8066 63.8079 40.8455 224.292 27.4333 187.569 106.856 204.575 16.8689 109.747 232.136 143.03 63.4005 
3.11589 53.7842 47.6021 230.981 33.2551 244.04 59.6421 83.9384 119.724 16.2772 111.576 234.407 51.5112 169.302 132.577 87.0782 
160.294 135.631 90.3213 246.061 134.603 115.005 222.97 5.51125 193.198 105.742 229 148.878 105.521 110.722 14.6635 55.9453 
96.3578 43.2466 69.6012 6.40565 28.2093 22.6325 133.088 144.635 83.2973 165.358 60.3156 103.215 119.452 210.846 26.7571 55.5719 
149.325 98.8092 45.9414 172.476 115.79 208.215 41.5729 149.551 237.643 119.81 77.3763 106.87 147.965 99.2111 40.4843 95.6622 
43.7218 124.038 130.917 89.5339 75.1245 132.179 87.292 104.085 55.7882 131.606 134.439 107.975 45.1242 118.025 129.404 108.981 
33.0442 87.088 108.366 120.916 19.2771 100.487 128.308 112.564 17.2159 108.681 132.075 127.825 29.0243 99.2999 115.982 94.6699 
25.8097 81.56 119.832 128.609 16.5722 99.0411 88.6123 102.231 33.6106 97.5501 127.989 107.145 27.5932 100.592 139.599 131.445 
93.9282 222.883 54.0554 87.3631 24.7922 3.10529 118.648 158.226 122.746 35.1603 108.005 237.025 189.449 137.036 25.7954 111.721 
190.129 180.929 185.988 233.26 107.25 12.1717 32.4039 220.48 200.098 71.8578 29.9583 174.909 82.9654 69.2905 4.4342 56.8983 
82.9434 10.607 178.987 189.243 219.299 230.852 56.3376 90.1405 193.264 99.9022 9.59177 130.496 0.43791 137.583 49.9917 162.402 
103.295 148.633 138.069 173.189 28.1874 171.491 186.024 35.1387 52.7401 7.0603 47.4447 193.515 159.38 240.213 100.02 71.9832 
67.3849 207.548 146.67 198.661 8.66391 70.0609 246.294 245.09 38.6375 137.747 70.7164 136.697 150.901 86.1619 64.9215 50.3423 
34.185 154.771 41.5756 168.66 73.2287 69.7903 95.8639 13.8148 144.41 94.0243 66.5437 108.666 11.5454 163.356 54.8848 136.653 
14.0821 186.902 69.0621 187.932 97.0145 22.2644 17.5561 138.187 128.326 121.822 195.72 187.625 160.426 5.58129 240.524 242.537 
61.4617 73.5465 31.1848 152.442 202.652 185.968 224.167 59.2338 49.2581 205.763 56.0223 94.681 33.9184 200.895 205.449 193.82 
