9386000
155.17 144.24 145.877 148.115 154.567 142.051 143.661 146.498 153.51 140.957 142.996 145.689 153.751 141.31 143.368 147.173 
149.464 145.683 143.654 143.213 149.177 145.314 143.321 143.058 149.09 145.139 143.297 142.612 148.977 145.246 143.597 143.157 
146.756 144.24 142.529 142.228 146.556 144.879 142.137 141.548 146.719 145.069 142.301 142.45 146.767 145.8 144.612 142.62 
143.234 142.3 141.47 140.981 144.001 142.828 141.013 140.276 144.329 143.714 141.738 140.937 143.557 143.087 142.665 142.026 
141.674 141.22 140.382 139.699 142.353 141.595 140.18 139.371 142.268 142.059 140.658 139.728 141.56 141.458 141.195 140.409 
139.391 138.307 137.363 136.862 140.159 139.198 137.933 136.903 140.301 139.481 138.143 137.19 139.842 138.866 139.318 137.733 
137.443 136.548 135.186 134.657 138.35 137.647 135.942 135.034 138.722 137.859 136.122 135.024 138.277 137.476 137.566 135.538 
135.544 134.296 133.333 132.693 136.139 135 133.816 132.677 136.802 135.825 133.779 132.729 136.5 135.294 134.922 133.08 
132.356 131.052 130.511 128.669 130.745 130.423 129.958 129.562 129.264 129.977 129.535 129.116 129.304 129.141 129.556 128.024 
130.316 128.308 125.369 123.627 130.407 127.477 124.405 122.78 130.236 126.53 124.814 122.91 129.454 127.26 125.635 123.591 
126.737 124.511 122.166 119.854 126.553 124.138 120.887 119.018 126.721 124.384 121.144 118.524 126.266 123.901 121.056 118.855 
120.973 120.018 118.13 116.505 121.193 119.814 117.903 115.829 120.967 119.096 117.534 115.632 120.723 119.046 117.425 115.984 
116.945 115.673 114.341 113.157 116.987 115.809 114.312 112.66 116.66 115.006 113.859 112.715 116.173 114.964 113.694 112.904 
113.89 112.886 110.85 110.782 114.214 112.565 111.815 110.788 113.851 112.241 111.317 111.618 113.154 112.843 111.569 111.498 
111.531 110.392 109.188 109.371 111.47 110.556 109.182 108.897 111.003 110.186 109.128 108.857 110.152 109.626 108.825 108.787 
110.592 109.383 107.863 108.273 110.365 109.564 107.735 107.6 109.816 109.059 107.61 107.191 108.755 108.221 106.904 106.826 
108.879 106.595 104.48 103.729 108.64 106.887 104.083 102.466 107.687 106.907 105.007 103.231 107.264 105.993 103.323 102.868 
153.312 150.478 149.63 149.359 154.044 151.747 149.492 148.741 155.191 151.624 149.64 148.285 154.304 150.87 150.116 149.887 
150.431 147.949 146.054 145.342 150.314 148.799 145.856 144.713 150.269 148.804 146.203 145.557 150.508 149.114 147.512 145.346 
148.311 146.798 145.797 145.177 148.17 147.033 145.318 144.395 148.183 147.152 145.701 145.242 148.809 148.061 146.879 145.687 
144.76 144.935 146.449 146.038 145.543 145.357 145.82 145.942 145.194 146.492 145.609 144.574 144.76 147.906 147.487 145.765 
142.608 142.668 142.393 141.799 143 142.844 142.229 141.588 142.695 142.479 142.122 141.849 142.355 142.149 141.966 141.949 
140.062 139.913 139.129 138.271 140.101 140.081 139.035 138.904 139.491 138.36 138.122 138.727 139.355 138.91 138.39 138.239 
135.945 135.155 134.688 134.708 136.632 136.074 135.364 134.914 137.199 136.01 135.142 135.263 136.876 135.532 135.813 135.286 
132.706 131.987 132.041 130.88 131.298 131.357 131.649 131.75 129.759 130.962 131.096 131.186 129.698 129.985 131.201 130.111 
131.543 130.761 130.597 129.515 129.944 129.832 130.17 130.237 128.203 129.084 129.758 129.675 128.071 128.358 129.889 128.747 
130.599 129.835 129.73 128.271 128.928 128.713 128.824 129.07 126.87 128.172 128.415 128.038 126.778 126.943 128.439 127.177 
125.179 124.734 123.282 122.694 125.374 124.113 122.965 122.132 124.888 123.077 122.931 122.118 124.394 123.526 123.405 122.445 
119.424 118.938 118.087 117.441 120.033 119.503 118.361 117.5 119.97 119.176 117.903 116.968 120.034 119.136 117.967 117.329 
113.462 112.651 112.529 113.173 114.428 113.244 112.738 114.372 115.505 114.236 112.655 114.286 115.936 114.252 113.422 115.57 
113.573 112.427 110.173 110.057 114.158 112.233 111.638 110.471 114.194 112.503 111.485 111.691 113.762 113.537 112.04 111.934 
111.401 110.245 108.194 108.475 112.096 110.086 109.339 108.584 112.041 110.438 109.281 109.749 111.444 111.33 109.8 109.686 
107.83 105.995 104.349 103.831 107.817 106.226 103.976 102.755 107.16 106.392 104.797 103.48 106.904 105.741 103.676 103.289 
107.41 104.807 102.737 101.968 107.33 105.195 102.719 101.124 106.464 105.255 103.462 102.042 105.992 104.023 101.647 101.663 
154.377 152.758 151.897 151.591 155.102 153.982 151.679 150.721 156.141 154.214 151.773 150.207 155.274 153.138 152.092 151.145 
152.926 151.559 150.919 150.357 153.269 152.013 150.679 149.719 153.116 151.906 150.42 149.42 153.093 151.624 150.23 149.948 
148.081 148.952 150.911 149.8 148.031 148.794 149.722 149.179 147.881 149.906 149.191 147.18 148.277 151.874 151.026 148.813 
146.05 146.384 148.29 148.208 146.762 146.666 147.755 148.082 146.427 147.938 147.634 146.505 146.301 149.61 149.054 147.661 
144.378 144.867 146.477 146.38 145.522 145.56 146.226 147.217 145.011 146.878 146.579 145.775 144.446 148.169 147.664 146.137 
138.752 139.169 139.577 139.984 139.141 139.345 139.504 140.283 140.068 139.415 139.902 140.987 140.479 139.734 139.391 140.561 
134.207 134.379 134.611 135.223 135.208 135.027 134.316 135.002 136.242 135.335 135.048 135.866 136.457 135.378 135.182 136.219 
130.704 130.587 129.876 129.652 131.095 132.353 130.851 130.218 131.882 131.938 131.208 131.232 135.327 132.619 131.925 134.198 
130.509 129.856 130.366 129.294 128.825 128.98 129.724 130.143 127.149 128.778 129.338 129.222 127.354 127.734 129.349 128.415 
126.595 126.568 126.543 126.29 126.552 125.98 126.028 125.785 125.911 125.491 125.555 125.287 125.689 125.236 125.493 125.478 
123.364 123.419 123.161 123.097 123.015 122.806 122.303 122.578 122.135 122.586 122.653 123.094 122.383 122.084 122.657 123.16 
114.528 113.88 114.232 114.903 115.444 114.755 114.488 116.248 116.382 115.752 114.575 116.026 117.047 115.54 115.213 117.342 
112.59 111.535 111.871 112.771 113.647 112.631 112.277 114.233 114.964 114.02 112.733 114.152 115.985 114.253 113.639 115.79 
111.513 110.529 110.232 111.121 112.634 111.452 110.743 112.61 114.048 112.801 111.228 112.967 114.701 113.077 112.265 114.571 
105.204 104.289 103.58 103.186 105.797 104.778 103.864 103.385 106.489 105.502 104.701 104.324 106.853 106.31 105.589 105.129 
103.709 102.518 101.154 100.475 103.732 102.47 101.71 100.923 103.597 102.695 101.814 101.049 103.537 102.21 101.012 100.749 
103.804 101.579 100.894 100.891 103.7 101.945 100.557 99.9028 103.331 101.924 101.11 99.4174 102.349 101.356 99.5461 98.8268 
157.955 156.217 155.49 154.683 158.593 157.1 155.434 154.245 158.507 156.743 154.511 153.228 157.539 155.85 154.355 153.826 
155.536 156.459 156.447 153.954 153.943 155.223 155.022 152.739 153.921 154.299 153.569 151.91 155.046 154.334 153.285 152.174 
153.321 154.44 154.784 152.58 151.716 153.081 153.288 151.368 151.718 152.303 152.423 151.039 153.158 153.257 152.686 151.754 
147.922 148.945 150.89 149.882 148.178 149.07 149.923 149.879 147.929 150.17 149.824 148.154 148.136 151.891 151.317 149.336 
144.843 144.598 144.561 144.721 146.66 147.693 147.281 148.549 146.984 148.834 150.388 150.252 146.993 149.172 150.053 150.067 
140.917 141.622 141.604 142.417 142 143.103 142.507 144.881 142.909 144.335 145.144 146.327 142.487 144.093 144.624 144.832 
132.278 132.504 131.928 131.934 132.832 134.492 133.088 132.927 134.117 134.677 134.309 134.588 137.694 135.457 135.083 137.576 
129.893 129.683 128.942 128.821 130.434 131.905 130.407 130.073 131.514 132.073 131.494 131.39 135.329 133.157 132.627 134.581 
127.954 127.995 127.26 126.873 128.666 130.152 128.788 128.087 129.596 130.049 129.35 129.158 133.27 131.162 130.459 132.304 
121.988 122.259 123.145 122.978 123.58 122.88 122.605 122.716 123.703 123.233 123.445 123.217 124.157 124.199 124.376 123.905 
120.843 120.699 120.471 120.889 120.432 120.462 120.233 120.724 120.076 120.779 121.393 122.382 120.722 120.856 121.901 122.748 
116.545 115.852 115.462 116.321 116.575 116.548 116.053 116.784 116.308 117.214 118.052 118.999 117.604 117.673 118.84 119.787 
111.2 110.008 110.234 111.359 112.442 111.577 110.962 113.094 114.052 113.157 111.954 113.349 115.242 113.554 113.214 115.491 
104.065 101.568 100.51 102.045 105.268 104.347 103.206 103.518 107.375 106.573 106.139 104.571 109.543 108.698 108.178 107.745 
101.013 99.488 98.2875 99.0789 102.12 101.579 100.374 100.152 103.749 103.098 102.175 100.841 104.896 104.133 103.42 102.812 
100.469 99.0051 98.7306 98.7148 100.687 99.5407 98.8564 98.3794 100.85 99.8828 99.4139 97.7506 100.372 99.9734 98.6097 97.4008 
101.613 99.6809 99.0669 99.0167 101.472 99.8913 99.1006 98.6918 101.349 99.8714 99.3052 97.7553 100.512 99.6777 98.1913 97.1657 
162.994 161.837 160.204 159.148 163.566 162.432 160.443 158.799 163.245 161.792 160.102 158.28 162.277 161.066 159.611 158.503 
160.511 159.35 158.533 157.565 160.908 159.77 158.974 157.852 160.488 159.398 158.414 157.596 160.007 159.223 158.062 157.383 
155.984 157.453 157.694 155.46 155.419 155.968 156.559 154.631 156.231 154.655 155.968 154.131 156.872 157.142 156.998 155.327 
152.047 153.701 153.716 153.769 154.812 156.406 155.819 155.857 155.798 155.361 155.251 156.911 155.844 156.326 159.827 160.249 
147.322 147.122 147.007 147.132 149.449 150.687 150.337 151.247 150.198 151.89 153.393 153.382 150.657 152.924 154.153 154.002 
142.94 143.392 144.25 145.012 144.679 146.184 147.153 148.1 146.32 148.054 150.16 149.941 146.661 149.024 150.484 151.063 
135.909 136.693 137.797 138.899 136.78 137.861 139.511 140.271 138.42 139.406 140.759 141.358 138.854 140.608 141.5 141.941 
129.11 129.026 128.494 128.359 130.762 132.119 130.948 130.506 132.027 132.62 132.335 132.118 135.549 133.472 133.128 135.067 
120.982 121.112 122.449 122.6 124.156 123.626 123.684 123.87 125.487 124.926 125.072 124.397 126.255 126.473 126.424 125.493 
117.872 118.397 119.765 119.848 120.732 120.249 120.438 120.347 121.817 121.167 121.446 120.686 122.45 122.52 122.634 121.725 
116.092 116.684 117.533 117.783 117.78 117.471 117.176 117.558 117.99 117.784 118.313 118.349 118.421 118.657 119.185 118.809 
107.305 108.244 108.678 109.752 107.482 108.574 109.448 110.425 108.285 109.5 110.45 111.463 108.861 109.889 110.901 111.795 
102.755 101.78 102.23 103.968 103.278 103.304 103.944 104.913 104.483 105.128 106.242 105.954 106.368 106.842 107.179 107.206 
98.513 97.7445 97.4357 98.3557 99.2945 99.7062 99.0743 99.3691 100.795 100.806 100.641 100.014 102.102 101.694 101.853 102.032 
95.4363 95.2839 95.2561 95.4139 96.2322 96.3554 96.4099 96.3431 97.188 97.547 97.7103 97.4386 98.0698 98.315 98.6929 98.4304 
96.1911 95.4293 94.7764 94.6234 96.8087 96.2269 95.7137 95.1053 97.4336 97.1198 96.4474 95.5667 98.1223 97.5793 96.6662 95.8994 
98.3403 96.4075 96.2101 96.4312 98.7177 97.0369 96.3976 96.1046 98.501 97.1859 96.7228 95.0042 98.1915 97.7071 96.6032 95.0261 
168.233 166.718 165.13 163.88 168.878 168.063 165.77 164.345 168.561 168.144 166.672 165.62 167.855 167.477 166.904 165.954 
163.601 165.261 165.25 164.918 164.891 164.915 166.786 167.101 169.95 166.495 170.121 167.959 170.107 170.494 169.796 167.098 
158.823 160.479 160.427 160.449 161.001 160.622 161.058 160.77 162.921 159.08 159.615 160.73 162.015 161.982 165.15 164.118 
156.974 159.25 159.438 159.546 159.147 159.843 159.855 159.745 160.88 158.145 158.301 159.933 160.309 160.675 163.835 163.602 
152.917 155.033 155.538 155.953 155.8 157.876 157.845 158.011 157.649 157.445 157.172 158.809 157.786 158.241 161.778 162.105 
148.271 149.897 151.231 151.551 148.734 150.426 152.428 152.493 150.491 151.765 153.099 153.135 150.714 152.11 153.159 153.548 
137.914 139.21 140.891 141.394 138.454 139.76 141.681 141.916 139.534 140.891 142.685 142.746 139.126 140.321 141.58 142.136 
129.579 130.099 131.39 132.413 130.391 130.842 132.403 133.292 131.071 131.866 133.352 133.922 130.551 131.201 132.392 133.116 
120.407 120.846 122.053 122.949 122.878 123.337 124.687 125.156 124.026 124.707 125.814 125.903 124.265 124.839 125.59 125.926 
113.357 113.213 113.939 113.595 113.437 114.055 114.654 113.96 113.734 114.641 115.827 115.683 115.332 115.71 115.676 115.464 
107.352 108.081 108.915 109.404 107.254 108.095 108.953 109.306 107.691 108.38 108.993 109.361 107.886 108.324 108.74 109.232 
102.651 103.31 103.938 104.665 102.335 103.169 104.013 104.766 102.602 103.465 104.114 104.903 102.737 103.465 104.001 104.674 
97.1317 98.0315 98.9231 98.8795 96.9191 98.0128 98.9046 99.3078 97.3588 98.175 98.8411 99.3819 97.8268 98.2933 98.663 99.4235 
93.9281 94.4733 95.0085 94.5079 93.4713 94.007 94.706 94.0266 93.7382 93.8454 94.6433 94.2174 94.4437 94.1168 94.5067 94.6023 
91.886 92.3119 92.9567 93.1614 92.1594 92.8857 93.4619 93.7023 92.6438 93.4033 93.8481 94.1196 93.3322 93.756 94.2468 94.5425 
90.8087 90.3683 90.6614 91.1539 91.7394 91.2648 91.6771 91.8267 91.9314 92.1408 92.3438 91.8756 92.9686 93.0935 93.3792 92.6565 
92.5254 91.1251 90.6835 90.9289 93.7307 92.3917 92.0612 91.7831 93.7615 93.2754 92.7706 91.5445 94.9895 94.6142 94.239 92.7131 
170.03 169.725 171.489 169.746 171.28 173.334 174.301 172.979 176.63 175.399 177.17 174.801 175.502 177.198 175.275 173.317 
166.834 168.327 168.454 168.805 167.503 168.696 170.337 171.354 173.335 172.293 175.265 173.48 174.962 175.614 175.015 172.656 
163.486 165.619 165.992 166.108 164.51 165.006 167.685 168.445 170.326 167.022 171.392 169.542 170.869 172.079 171.543 168.843 
160.321 162.481 162.494 163.669 161.455 163.565 163.45 164.047 163.18 163.056 162.465 164.349 163.741 164.347 166.913 166.822 
159.144 160.271 161.332 161.835 159.687 161.152 162.201 162.334 161.002 162.427 162.994 163.324 161.637 162.741 163.548 163.503 
153.69 155.859 157.632 158.424 153.728 156.102 158.193 158.473 155.16 157.059 158.605 158.828 155.571 156.82 158.192 158.496 
141.629 143.861 146.353 147.446 141.446 143.961 146.693 147.591 141.557 144.13 146.305 147.38 141.324 143.27 145.243 146.583 
129.711 131.544 134.132 136.033 129.531 131.463 134.213 135.913 129.404 131.641 134.343 135.848 128.798 130.554 133 134.786 
115.473 115.943 117.06 118.5 114.392 116.229 117.717 118.379 114.234 116.45 118.719 119.953 115.622 116.987 117.905 119.729 
111.02 111.019 111.624 111.585 109.987 111.17 112.143 111.737 109.938 111.454 112.869 113.299 111.303 111.966 112.133 112.496 
108.486 108.238 108.534 108.189 107.308 108.334 108.966 108.303 107.021 108.423 109.521 109.76 108.291 108.773 108.717 108.962 
100.692 101.156 101.335 101.22 100.214 100.654 100.891 100.998 99.945 100.174 100.366 100.702 99.5336 99.6631 99.9016 100.324 
95.0111 95.1593 95.0747 94.3974 94.2924 94.2326 94.6182 93.6112 94.3029 93.7502 94.1126 93.5545 94.6106 93.9092 93.7765 93.5876 
92.2411 92.4268 92.391 91.5512 91.7746 91.6449 91.9499 90.8034 91.8102 91.2529 91.5544 90.8594 92.3355 91.4765 91.3779 91.1728 
90.0828 90.4661 90.8068 90.5025 89.8539 89.9091 90.6214 89.8733 90.1295 89.8587 90.5737 90.1896 90.6881 90.2423 90.5151 90.441 
87.1035 87.2593 87.901 88.5482 87.3094 87.6465 88.6154 89.1902 87.9761 88.5582 89.1854 89.5655 88.5505 89.0997 89.6072 89.7632 
87.7206 87.2261 87.6068 88.3097 88.8942 88.5099 89.0523 89.3782 89.2364 89.5806 90.0258 89.5315 90.5436 90.8974 91.3284 90.5628 
180.714 177.469 180.562 179.644 183.415 185.368 183.13 178.469 185.728 185.895 183.219 179.941 181.204 183.992 181.532 179.938 
172.246 172.748 174.429 173.771 173.377 175.397 177.073 176.506 178.892 177.764 179.77 177.879 178.314 179.961 178.653 176.616 
166.601 171.37 171.463 173.321 165.785 172.212 173.924 174.947 167.134 172.996 175.199 175.304 168.705 174.629 176.229 174.684 
166.294 167.824 167.412 169.509 166.317 168.841 169.961 171.597 167.089 169.348 170.569 171.4 168.105 170.253 170.866 170.151 
165.618 166.892 167.241 168.797 165.401 167.523 168.849 170.012 165.903 167.791 169.137 169.754 166.572 168.368 169.114 168.751 
159.367 161.511 163.705 164.429 159.145 161.189 163.943 164.588 158.841 161.045 163.227 164.096 158.68 160.516 162.245 163.28 
144.059 147.807 152.633 156.123 143.695 147.425 152.411 155.224 143.087 146.796 151.46 154.397 142.484 145.786 149.641 152.885 
125.349 128.609 132.589 138.395 124.502 128.386 132.33 136.905 123.68 127.681 132.629 136.605 123.632 127.141 131.286 137.047 
117.14 120.298 124.036 130.301 116.025 119.764 123.443 128.479 115.312 119.128 123.988 128.351 115.365 118.921 122.778 129.088 
110.462 110.957 112.031 113.494 108.968 110.853 112.338 113.04 108.501 110.807 113.18 114.493 110.006 111.399 112.217 114.203 
100.993 101.496 101.791 101.598 100.334 100.767 100.749 100.97 99.0732 99.5639 99.7414 99.9645 97.98 98.2373 98.6797 99.05 
97.2124 96.813 96.3287 95.808 96.4141 96.0763 95.5892 95.2938 95.3193 95.0063 94.4971 94.3753 94.3786 94.0818 93.8498 93.8314 
92.1601 91.7512 90.6004 89.5732 92.1458 91.3444 90.1284 89.1841 91.4633 90.5378 89.4872 88.8722 90.9877 90.1715 89.4215 88.8448 
90.1065 89.633 88.9181 87.9718 89.835 88.8188 88.5366 86.9631 89.5154 88.37 88.1418 87.2229 89.7736 88.4437 88.0235 87.5006 
84.4699 84.4139 83.7296 82.4292 86.1773 85.8344 84.6462 82.557 86.8972 86.9737 86.1046 83.5436 86.8726 86.4406 86.1362 85.002 
84.4872 84.8281 85.5282 86.204 84.6586 85.1244 86.2536 86.78 85.4559 86.1205 86.8837 87.3098 85.9856 86.6303 87.1778 87.4391 
82.0088 82.4559 82.9577 83.1214 82.866 83.551 84.1959 84.4967 84.2328 84.8624 85.4567 85.6531 84.9762 86.0591 86.5294 86.9051 
182.548 180.488 182.839 182.461 184.706 186.233 184.937 181.598 187.188 187.197 185.462 182.818 183.744 185.992 184.286 182.602 
181.506 181.88 183.43 184.297 183.428 184.617 183.899 182.756 185.538 185.891 185.292 183.426 183.776 186.207 185.624 183.863 
175.6 184.169 188.357 187.481 173.204 183.722 187.733 185.857 173.873 182.888 186.889 185.805 175.379 184.055 187.136 185.753 
172.819 175.706 176.209 176.982 172.001 175.824 177.148 177.518 171.492 175.119 176.866 177.211 172.408 175.748 176.545 176.086 
173.037 172.557 174.731 173.79 172.336 172.708 174.74 174.103 172.246 173.03 173.458 173.838 172.503 173.089 172.847 173.81 
166.921 167.71 168.794 169.012 166.354 167.163 168.494 168.861 165.186 165.791 166.855 167.736 164.58 165.495 166.035 166.924 
154.009 155.37 157.293 158.712 153.175 154.959 156.872 158.098 151.629 152.94 154.862 156.657 150.833 151.71 153.257 155.301 
137.014 138.244 139.94 141.519 135.204 137.19 140.844 141.105 133.998 135.617 138.972 141.504 134.338 134.893 138.188 138.494 
115.32 117.78 120.428 125.366 114.11 117.292 119.998 123.717 113.031 116.088 120.078 123.454 113.238 115.947 118.855 124.097 
99.6405 100.965 102.254 103.435 98.5792 99.704 101.341 102.813 97.6828 98.68 100.33 102.129 97.1132 97.9198 99.2936 100.922 
93.4433 93.9518 94.3072 94.3891 92.5382 92.7954 93.1292 93.5361 91.1474 91.4956 91.7074 92.0014 89.9646 90.0869 90.4604 91.1281 
91.183 91.4026 90.8643 90.2512 90.7339 90.443 89.6488 89.3591 89.4088 88.9217 88.3096 88.066 88.1648 87.7929 87.4284 87.4139 
86.6982 85.7757 84.6268 83.9265 86.6298 85.2582 84.0393 83.3766 85.4629 84.3473 83.215 83.1205 84.8439 83.8687 83.1902 82.9281 
82.9009 83.3679 82.8826 82.2594 84.1637 83.851 82.2584 81.2778 84.3658 83.8496 82.5152 80.3747 84.3862 84.1774 83.2257 81.3221 
83.2195 82.9479 81.8268 80.1619 85.277 84.6656 82.8619 80.2582 85.9978 85.863 84.5178 81.4767 85.8789 85.1637 84.6344 83.2585 
82.2363 82.3488 81.7931 80.4437 84.1928 84.0714 82.9157 80.9052 85.2771 85.4304 84.6688 82.0758 85.3299 85.0974 84.8088 83.7628 
78.6297 79.2405 79.7287 79.7454 79.8593 80.6838 81.0392 81.3272 81.7081 82.3044 82.7651 82.9462 82.5495 83.816 84.2802 84.7462 
188.187 186.799 186.748 189.021 190.127 190.369 188.869 189.588 192.126 193.241 192.449 192.281 188.495 190.725 192.755 190.377 
187.252 187.794 189.224 189.919 187.857 188.015 189.129 190.063 189.151 189.546 190.761 190.936 189.59 191.089 192.012 191.364 
185.069 187.106 189.085 189.523 185.018 186.51 187.93 188.902 185.187 186.53 187.99 188.818 186.081 188.294 188.841 188.968 
180.186 180.064 181.822 181.759 180.02 179.81 181.424 181.294 180.252 180.463 180.841 181.05 181.327 181.25 180.71 181.136 
176.565 176.146 176.834 176.471 176.605 175.707 176.353 176.249 177.223 176.44 176.109 176.514 177.488 176.708 175.861 176.466 
170.97 170.712 171.289 170.412 170.401 170.056 170.531 170.193 171.142 170.209 169.228 169.459 170.684 170.116 168.908 169.236 
153.503 153.446 153.632 153.787 151.689 152.307 153.898 153.119 150.406 150.601 151.752 153.039 150.849 150.004 151.016 150.857 
139.398 139.693 140.898 140.959 137.757 139.061 140.873 139.939 136.19 137.016 138.695 140.201 136.663 136.373 138.01 137.453 
124.587 125.08 125.686 126.389 123.007 124.108 126.638 126.055 121.762 122.346 124.613 126.251 122.449 121.598 123.541 123.21 
93.7796 94.6417 95.5153 96.4386 92.8006 93.513 94.8276 95.9194 92.0088 92.4711 93.6954 95.0078 91.3722 91.7334 92.7569 94.0166 
86.6755 87.4069 87.8053 88.2041 85.8315 86.177 86.752 87.3961 84.8102 84.9133 85.5631 86.0857 83.7476 83.7714 84.3431 84.9613 
85.1285 85.1238 85.033 85.0652 84.2463 84.0028 83.9855 84.1017 82.8898 82.743 82.621 82.8774 81.7197 81.4509 81.5466 82.0222 
82.4908 82.6785 82.6073 82.6202 82.4364 81.9516 81.2186 81.0668 81.8104 80.8455 80.3606 79.1563 81.4475 81.6364 80.9869 79.4501 
82.7833 82.6662 82.061 82.1145 82.9623 82.1157 80.7444 80.8218 82.3325 81.2392 80.1289 79.4613 82.4691 82.107 81.1081 79.662 
81.9123 82.3578 81.7833 80.9167 83.1143 82.889 81.2233 80.0255 83.5507 83.0727 81.6004 79.2189 83.5689 83.4697 82.3678 80.205 
77.7522 77.4588 77.0154 76.8624 78.5886 78.2612 77.791 77.5123 79.857 79.6835 79.0734 78.469 80.5183 80.3945 79.9337 79.2642 
76.4663 76.5917 76.719 76.5212 77.7563 77.9114 77.9921 78.0505 79.4271 79.4807 79.5574 79.5067 80.1413 80.8242 80.9698 81.1241 
193.211 191.819 190.768 193.292 194.645 194.269 193.127 195.056 196.485 197.365 197.032 197.944 193.746 195.099 197.734 196.395 
193.793 193.326 193.454 195.057 194.639 194.608 194.191 195.596 196.482 197.203 197.026 197.499 194.921 196.393 198.122 197.092 
191.787 191.911 193.204 194.001 192.151 191.809 192.575 192.987 193.531 193.048 193.375 193.224 193.991 194.193 193.809 194.043 
187.745 187.636 188.805 190.282 189.897 188.815 189.21 188.919 190.7 189.883 187.998 187.803 190.812 190.035 187.649 188.369 
179.776 179.215 179.362 179.061 180.673 179.058 178.702 178.646 182.512 180.522 178.64 178.531 182.226 180.417 178.624 178.958 
174.493 174.144 173.383 172.795 174.666 173.029 172.245 172.327 175.686 173.682 171.816 171.892 175.254 173.501 171.734 171.967 
162.346 162.412 162.306 161.531 161.063 160.966 160.269 160.211 161.351 160.45 159.244 159.564 160.696 160.144 159.192 159.292 
141.246 141.54 141.681 141.818 139.157 140.549 141.581 140.535 137.811 138.834 139.959 140.431 139.32 138.676 139.792 138.206 
117.068 117.666 119.499 119.094 116.97 117.421 117.233 117.574 115.528 115.893 116.374 116.418 114.975 115.625 115.413 116.053 
89.4033 90.4805 91.0729 91.6638 89.3316 90.3152 91.0828 91.5504 88.897 89.6873 90.6954 91.2042 88.2702 88.5897 89.2566 90.242 
78.4494 80.3146 80.5561 80.2059 78.4401 79.6008 80.0085 79.9915 78.2748 79.3941 79.7692 80.0667 78.7765 78.9071 79.3323 79.8771 
79.0598 79.3826 79.4066 79.2371 78.0651 77.8558 78.8864 78.9869 77.2252 76.1717 77.366 78.3366 76.6967 76.4901 76.8206 77.4776 
81.6161 80.2548 78.7754 78.4428 80.2368 78.6406 77.8344 77.8154 78.2124 76.3397 76.4913 77.385 78.3548 77.3643 76.6666 77.15 
82.3133 81.8733 80.8624 80.4701 81.93 80.9737 79.3286 79.021 80.9867 79.617 78.5519 77.4673 81.2112 80.8108 79.4484 77.7672 
80.2726 78.5478 76.3715 74.968 79.986 78.2552 75.9845 74.7053 78.9411 77.5917 75.9881 74.9224 79.6149 78.4733 76.7035 75.3547 
75.261 74.5016 73.4605 72.1814 75.8492 75.1564 73.9511 72.7252 76.5833 76.0472 74.7103 73.3867 77.0771 76.63 75.4065 74.0336 
70.0679 69.3602 69.3108 69.6489 71.0023 69.8573 69.0955 69.8123 72.4849 71.3779 70.3711 70.5405 73.1446 72.3923 72.1649 72.1597 
199.578 198.439 197.778 200.29 201.67 201.139 199.528 201.361 203.881 204.403 202.778 203.499 201.333 202.728 204.619 203.032 
201.796 201.085 202.041 203.05 202.244 202.912 202.703 201.963 204.78 205.841 204.299 202.996 206.051 206.587 205.293 204.653 
199.335 199.454 200.599 201.503 201.19 200.839 200.599 200.195 202.29 201.647 199.33 198.771 202.115 201.835 199.571 199.706 
196.585 196.34 196.937 198.364 199.922 198.502 198.122 196.992 200.334 198.902 195.929 194.461 199.426 198.282 194.807 194.701 
190.186 189.785 190.103 190.533 192.672 191.25 190.819 189.38 192.536 191.471 189.203 187.926 192.24 190.965 188.103 187.93 
180.361 179.868 178.884 177.568 179.857 179.008 177.697 176.869 179.371 177.865 176.752 176.035 178.614 177.405 176.463 175.836 
160.982 161.055 160.394 159.624 159.91 160.227 158.673 158.24 158.461 158.53 158.025 157.008 159.214 158.546 157.918 157.155 
140.485 141.092 141.391 141.029 139.193 140.6 139.492 139.295 137.902 139.074 138.92 137.822 139.176 139.769 139.157 138.195 
116.589 117.545 117.539 118.02 115.594 117.524 116.88 117.168 114.801 116.324 116.786 116.038 116.101 116.579 116.393 115.901 
79.6101 81.6983 82.1116 81.8376 79.8551 81.448 82.0154 82.0137 80.0159 81.6294 82.2162 82.6518 80.9631 81.5253 81.9192 82.6178 
74.1889 76.2169 76.5718 76.2825 74.6539 76.0281 76.6148 76.5462 74.8486 76.2558 76.7076 77.0945 75.8465 76.1107 76.5359 77.0638 
73.1544 74.9433 75.2282 74.7457 73.3665 74.5096 74.9298 74.8109 73.4038 74.4977 74.7191 74.9786 74.2696 74.3377 74.4816 74.8925 
75.1773 74.9185 74.409 73.8979 74.0463 73.322 73.8095 73.6056 73.2998 71.6906 72.4123 73.1543 72.791 72.2147 72.1483 72.4959 
77.7891 75.8129 73.9242 73.3395 76.7897 74.7133 72.8612 72.5148 74.8067 73.0722 72.0885 71.9952 75.0936 73.4208 72.2115 71.9028 
73.8132 72.4787 70.8308 68.9488 73.5137 72.2118 70.1928 68.3325 72.9654 71.8786 69.8892 67.9682 72.7765 71.5768 69.7906 67.8499 
69.4278 68.2102 67.5818 67.4045 69.9192 68.18 66.7478 66.9644 70.9142 69.0698 67.467 67.1251 71.2923 69.7337 68.8498 68.3627 
68.0065 67.074 66.7598 66.8469 68.744 67.3399 66.313 66.8914 70.0744 68.5268 67.4002 67.4671 70.7972 69.5785 69.1506 69.1468 
213.207 214.12 215.155 216.444 216.536 216.356 214.883 214.621 219.057 217.135 215.412 215.574 219.476 222.001 218.849 217.228 
211.281 210.683 211.269 212.081 212.278 212.43 211.14 210.449 213.975 214.619 211.894 210.535 215.244 215.454 213.384 212.788 
215.563 213.682 212.553 213.494 215.814 213.987 214.073 212.482 214.913 213.664 213.055 210.434 215.596 213.212 211.987 210.646 
204.627 204.649 204.64 204.881 205.771 205.13 205.047 203.96 205.408 204.608 203.414 202.503 205.504 204.441 202.697 202.572 
200.457 200.453 200.043 198.853 200.308 200.283 200.307 198.732 199.203 199.082 199.654 199.171 199.746 199.254 199.068 198.632 
195.669 197.269 195.005 193.998 194.532 194.34 194.461 195.376 193.164 192.376 194.245 197.424 194.01 192.951 193.673 194.359 
169.981 170.31 169.871 168.677 169.148 169.339 169.093 168.459 167.448 167.5 167.902 168.071 166.612 166.759 167.41 167.858 
137.774 139.228 139.606 139.889 136.707 138.878 138.607 139.18 135.616 137.618 138.344 138.038 136.569 137.873 138.211 137.896 
95.4417 96.4489 98.2452 99.5954 94.7495 96.3704 98.1742 100.081 94.1039 95.5118 98.15 99.5728 94.054 95.5679 97.34 98.6563 
75.0831 76.0127 77.2154 78.4456 75.1167 76.2858 77.5331 78.647 74.9505 76.2259 77.635 78.7966 74.8628 75.881 77.0078 78.1577 
71.0166 72.8409 73.3825 73.3521 71.4917 72.7312 73.3978 73.4558 71.6929 73.0332 73.4149 73.8048 72.8272 73.1695 73.3943 73.8969 
69.1589 69.5568 70.0565 70.4573 69.1911 69.5169 70.1461 70.4352 69.2449 69.5334 69.7919 70.0536 69.3017 69.4066 69.521 69.7938 
64.5866 65.2968 65.1848 65.2196 64.668 65.7629 65.4219 64.7268 64.9166 65.1927 64.5871 63.7572 64.6478 64.7462 64.4785 62.9203 
66.2617 65.6815 64.9627 64.4608 65.8138 65.1203 64.2406 63.7006 65.1433 64.4619 63.6486 63.1275 64.6859 63.9247 63.2264 62.7743 
64.6371 63.429 62.4136 61.3925 64.4849 63.2011 61.7691 60.6979 63.7203 62.6692 61.3321 60.1044 63.2942 62.1345 61.0259 59.9057 
62.4939 61.1784 60.167 59.2293 62.3682 61.1686 59.9907 59.0335 62.6502 61.2514 60.1734 59.1485 62.7701 61.6136 60.5384 59.5016 
64.1583 63.3524 63.1244 63.187 64.9228 63.4837 62.4964 63.0738 66.2447 64.768 63.5418 63.5504 67.0254 65.8704 65.4396 65.165 
219.993 221.216 221.829 222.646 223.672 222.738 220.904 220.903 225.814 222.969 221.48 221.786 225.681 228.219 224.805 222.936 
224.475 221.85 220.098 221.049 225.198 222.326 221.908 221.135 224.196 222.417 222.453 220.76 224.661 223.739 222.355 220.032 
222.482 219.756 217.377 217.872 222.259 219.583 219.646 217.488 220.242 218.884 219.292 216.427 220.6 218.345 218.278 217.122 
216.614 215.155 213.911 214.407 216.44 214.949 216.206 214.493 215.062 214.224 215.791 213.872 215.88 214.235 214.572 213.492 
204.629 208.253 206.472 205.574 204.797 206.52 206.867 208.183 203.604 203.857 207.769 211.986 205.808 205.96 207.655 208.019 
201.259 203.415 201.755 200.92 200.187 201.089 202.002 203.095 198.702 199.068 201.806 205.632 199.987 199.877 201.52 202.726 
195.111 197.617 195.794 194.917 193.8 194.961 195.672 197.589 192.462 192.418 194.923 199.144 192.807 192.643 194.301 196.259 
109.647 124.264 125.82 127.317 108.845 123.904 125.801 128.45 107.87 123.21 125.209 127.261 107.348 122.783 124.47 126.318 
69.7736 79.6444 81.0357 82.1797 69.2893 79.6269 80.6744 82.6495 68.7079 79.0638 80.916 82.3806 68.6142 79.2935 80.3204 81.4308 
66.9871 67.0329 68.3757 69.3214 66.234 66.9274 68.522 69.4515 65.7893 66.5384 67.9698 69.3304 65.7759 66.6593 68.1252 69.7332 
64.9889 65.4092 66.2344 67.1645 64.8485 65.3998 66.2935 67.0517 64.7943 65.4669 66.4073 67.0478 65.0597 65.6499 66.1334 66.9705 
62.1623 62.8967 63.1528 63.5847 62.3712 63.6247 63.6714 63.2423 62.7627 63.3799 63.172 62.4954 62.6476 63.1422 63.0774 61.8692 
60.4612 60.998 60.8872 60.9477 60.6893 61.6868 61.3395 60.5656 61.1218 61.3787 60.8844 59.9053 60.9911 61.1528 60.8853 59.2942 
58.5454 58.9897 58.6244 58.5439 58.77 59.5715 58.9724 58.1301 59.0578 59.0915 58.3653 57.3978 58.7542 58.7943 58.4473 56.7915 
51.9714 51.4585 50.9725 50.4451 51.7934 51.2916 50.6178 49.9974 51.5209 50.9312 50.3262 49.7122 51.2262 50.7328 50.1572 49.5033 
51.1369 50.2553 49.6772 49.0099 51.1037 50.2219 49.5316 48.8449 51.0794 50.2343 49.5653 48.7825 51.0309 50.2821 49.746 48.9333 
46.1123 45.6792 45.1152 44.3789 46.1015 45.6667 45.2096 44.6679 46.7838 46.1244 45.74 45.0034 47.121 46.6125 46.0486 45.31 
232.082 230.831 230.588 229.954 233.528 231.843 229.929 230.96 233.664 231.976 231.571 232.789 233.66 236.244 233.714 230.883 
233.31 230.354 228.91 228.24 233.685 230.928 228.726 229.278 232.856 231.823 230.881 231.385 232.509 234.072 232.405 230.545 
227.657 224.477 222.437 222.685 227.525 224.65 224.478 223.399 225.661 224.625 225.318 223.583 225.785 224.99 224.926 223.221 
220.121 222.021 221.37 219.876 221.148 222.47 222.435 221.773 220.514 220.965 224.542 225.568 221.754 223.291 225.81 225.553 
213.098 217.487 218.997 217.33 215.521 219.25 220.161 220.538 214.938 217.303 222.441 224.713 217.875 220.113 223.019 222.302 
207.03 211.305 209.035 208.242 206.699 209.329 209.771 211.711 206.069 206.391 209.824 213.828 207.862 207.844 209.6 209.841 
209.12 210.017 211.454 210.476 207.553 208.715 211.213 211.064 205.531 205.687 207.828 209.252 204.321 204.271 206.155 207.892 
150.718 166.307 167.069 166.904 149.143 164.862 166.567 167.12 147.39 162.814 163.752 164.489 145.988 161.68 162.234 163.432 
51.341 74.19 74.5304 73.9245 50.0835 73.9936 74.4619 74.8944 49.2089 73.5031 73.2308 74.2622 48.8946 73.582 73.6632 74.7413 
57.6309 64.4324 64.928 64.7885 56.6903 64.0488 64.6302 64.837 56.1352 63.5256 64.0283 64.7488 55.9636 63.558 64.0881 65.0423 
59.5598 59.5854 60.5554 61.2006 59.1147 59.5316 60.64 61.3873 58.8569 59.3664 60.4473 61.4572 58.6798 59.4174 60.4086 61.7063 
55.3231 55.3821 55.7327 56.165 55.3166 55.4221 55.8592 56.2466 55.2086 55.616 56.2211 56.4216 55.3765 55.7479 55.9842 56.3954 
54.0697 54.7703 54.5976 54.6805 54.3834 55.4398 55.1613 54.3505 54.9052 55.1753 54.6624 53.7133 54.7329 54.9702 54.718 53.0761 
45.705 45.246 44.9832 44.687 45.8207 45.2467 44.9348 44.6259 45.7823 45.2365 44.8917 44.5195 45.725 45.2793 44.9541 44.4318 
29.2571 28.2608 26.5428 25.2858 28.776 27.6384 26.8103 25.2447 28.4421 27.0326 26.4272 25.4729 28.3201 26.8349 25.9851 25.192 
30.5876 26.9164 24.8151 21.7407 30.111 26.9545 24.3545 22.1779 30.8145 26.581 24.0979 21.7968 30.5669 27.1603 23.5006 21.4263 
35.1194 34.6416 34.2982 33.8336 34.9403 34.5699 34.1455 33.8656 35.1102 34.5945 34.3833 33.8606 35.178 34.7017 34.3557 33.9647 
253.599 253.644 253.445 253.714 253.829 253.667 253.173 253.536 254.069 253.912 253.481 253.501 254.203 254.205 253.597 253.353 
240.59 238.606 237.619 237.213 240.813 238.809 237.36 238.29 240.324 239.563 239.199 239.945 240.176 241.446 240.295 238.659 
236.98 236.184 235.163 235.328 236.132 235.562 235.991 235.684 236.669 236.639 236.703 237.456 236.917 237.906 237.691 238.514 
230.87 231.194 230.427 230.871 228.164 229.194 229.78 231.598 228.492 229.501 232.222 233.033 230.595 231.173 232.874 232.225 
219.784 225.177 225.15 224.147 220.567 225.767 226.152 227.726 221.55 223.357 227.16 229.059 224.532 225.619 227.344 226.191 
221.586 224.286 223.343 223.08 219.498 223.624 224.632 225.483 219.809 221.996 222.928 222.751 221.393 221.391 222.201 221.35 
217.189 219.335 217.757 217.225 214.192 217.386 218.674 218.875 213.69 214.14 214.522 214.292 213.301 212.288 212.761 212.733 
205.345 206.673 209.102 207.34 202.677 204.074 206.922 206.702 199.612 200.862 202.231 203.282 198.062 198.631 199.407 200.851 
99.8936 110.286 110.566 109.79 98.2369 108.434 108.868 108.35 96.2365 106.31 106.379 106.502 94.9169 105.139 105.079 104.861 
55.4774 57.5872 58.8529 59.6835 54.4957 57.1251 58.6181 59.7172 53.9307 56.5325 57.601 59.4311 53.5892 56.3502 57.9653 59.8123 
53.2362 54.3198 54.9379 55.871 52.8489 54.0502 54.7709 55.7382 52.4575 53.8416 54.7848 55.7117 52.2514 53.6985 54.3681 55.413 
45.0769 45.5885 45.7544 46.2382 45.2015 45.6446 45.8969 46.1511 45.4542 45.7655 45.8761 46.0975 45.4882 45.7778 45.9202 46.0581 
35.4446 35.2822 35.3387 35.3898 35.7045 35.7219 35.8894 35.513 36.0046 35.8357 35.838 35.5873 36.1556 36.0643 35.9229 35.7896 
24.3754 23.6749 21.9135 20.7646 23.9739 23.0155 22.2782 20.7903 23.8244 22.5165 21.9086 21.0573 23.852 22.4374 21.4863 20.8085 
13.0869 10.2322 8.26964 5.79419 12.7314 10.1832 8.17556 6.26542 13.1479 9.76509 7.89281 6.1367 13.0167 10.1735 7.34368 5.7895 
20.8126 16.4518 13.4271 9.61309 20.1747 16.248 13.2195 10.2858 20.7994 15.5969 12.8066 10.1101 20.6153 16.1903 11.9063 9.58757 
22.8042 19.0733 16.9341 13.7664 22.3864 19.0693 16.4951 14.3031 23.1247 18.8046 16.2165 13.9197 23.1631 19.4346 15.5988 13.4077 
254.646 254.515 254.547 254.525 254.835 254.611 254.619 254.629 254.966 254.773 254.86 254.694 254.923 254.759 254.721 254.389 
251.822 251.379 251.335 251.882 251.748 251.668 251.868 252.035 252.084 252.096 252.353 252.599 252.226 252.475 252.47 252.447 
241.81 241.325 241.121 241.403 239.79 239.635 241.245 241.557 240.374 240.735 241.842 242.593 241.444 242.162 242.336 242.72 
237.673 237.868 238.181 238.375 234.053 234.839 237.798 238.537 235.219 235.709 237.873 239.579 237.262 238.08 238.195 238.916 
233.075 233.217 232.496 233.3 227.855 229.402 230.862 233.699 226.699 228.386 232 233.01 230.456 230.119 231.344 229.723 
227.176 229.882 227.614 227.41 223.526 227.596 228.29 229.983 223.216 224.869 225.075 224.437 224.812 223.85 223.935 222.728 
226.034 226.108 226.731 225.187 224.593 224.341 225.04 224.695 221.602 220.569 220.747 221.693 218.463 216.813 216.76 217.81 
190.983 192.766 193.684 193.102 184.983 185.073 186.342 186.808 179.994 179.407 180.18 181.928 124.456 124.016 124.18 124.721 
51.6969 56.4364 56.9228 58.6865 49.6639 53.6965 54.4962 56.2634 47.5569 51.7433 51.9797 54.5223 46.3593 50.2362 51.1996 52.765 
48.6813 54.0464 54.5136 56.0285 47.7954 52.934 53.6143 55.2051 46.7946 52.0862 52.537 54.4482 46.4737 51.5992 52.5139 53.9751 
43.9787 47.7991 48.1709 49.3198 43.5015 47.4823 47.8405 48.8582 43.1543 47.1202 47.5052 48.5478 43.1392 46.9245 47.4266 48.37 
33.5104 33.8542 33.9973 34.4618 33.4957 34.2276 34.5148 34.3921 33.5806 34.1279 34.3803 34.4339 33.633 34.2419 34.3443 34.6575 
30.3703 30.2827 30.3033 30.4712 30.3462 30.5846 30.7936 30.4388 30.7053 30.5706 30.6155 30.4798 30.7859 30.7745 30.586 30.6862 
6.28254 6.16318 6.18916 6.13505 6.25172 6.22378 6.23504 6.20273 6.25892 6.2224 6.20077 6.13111 6.30212 6.27006 6.22953 6.16361 
3.85104 3.25626 2.12714 1.28944 3.52406 2.80453 2.38126 1.36997 3.28976 2.42163 2.16946 1.61222 3.29442 2.29663 1.77607 1.41934 
10.7763 7.87618 6.33901 4.08676 10.4974 7.98935 6.06409 4.56967 11.0868 7.7379 5.88912 4.28353 10.9636 8.22397 5.4102 3.98446 
20.8736 20.136 19.6663 18.9256 20.6892 19.78 19.4104 18.7451 20.6324 19.8188 19.208 18.5319 21.2152 19.8587 19.104 18.211 
