247000
110.121 73.7703 154.997 154.98 140.08 156.732 40.8584 51.5427 172.886 244.03 30.28 185.982 189.515 107.764 208.838 98.403 
193.599 249.87 242.155 137.164 45.3993 90.7284 167.728 118.534 52.4652 105.899 209.396 226.461 134.282 126.416 56.1655 71.3627 
52.4714 41.2477 190.463 45.7261 204.136 241.769 187.24 114.127 97.3108 34.5921 197.798 178.881 117.892 251.098 48.8278 233.232 
240.459 178.816 62.3472 90.8763 156.166 69.8686 3.0781 220.233 114.033 236.888 84.8759 180.235 66.9332 43.5963 202.981 135.606 
145.607 219.888 209.137 218.308 245.297 142.744 215.09 27.9794 155.631 189.393 40.229 94.0537 223.845 197.604 218.695 246.155 
30.6186 77.7246 108.54 251.193 32.9286 59.1342 62.1062 199.174 239.229 99.5945 247.497 180.178 42.5036 225.26 203.569 227.791 
177.72 45.653 103.585 194.077 203.938 31.6512 136.43 209.696 138.839 181.43 46.3783 147.941 140.716 183.506 243.417 125.877 
28.5404 39.9099 181.341 71.6318 203.322 236.606 164.478 145.987 140.069 228.93 34.4153 15.3679 198.028 69.0578 52.2187 51.538 
79.7301 208.396 14.5747 118.631 177.994 209.293 6.21869 221.411 178.573 149.058 236.19 66.1158 173.321 87.6688 86.5697 131.241 
1.88451 214.468 28.9895 121.035 34.4561 93.9591 167.292 159.671 13.3349 211.577 247.667 201.761 240.212 54.6079 174.308 181.988 
67.5997 90.918 120.331 151.807 221.707 185.033 242.827 158.612 82.9777 252.627 238.728 44.0712 119.917 120.066 205.358 180.995 
21.023 238.723 46.0393 98.9676 118.782 190.421 217.811 108.458 147.104 200.302 179.22 202.67 152.05 41.573 217.949 41.9366 
163.926 211.328 54.2528 123.352 70.4508 221.084 233.785 54.8245 167.276 60.3995 117.34 211.384 208.322 101.435 203.905 227.133 
248.477 52.4743 250.765 203.457 90.6317 176.022 113.99 181.708 39.9042 84.3026 224.934 7.49887 42.9524 69.5644 99.2976 44.9183 
214.937 226.313 250.765 231.395 6.32092 102.463 99.6673 182.453 172.401 57.557 199.353 164.618 128.117 204.494 79.4359 26.3045 
155 207.777 90.1967 211.449 203.979 166.955 127.578 74.1451 94.9715 84.1912 230.612 130.553 46.4859 49.9006 227.586 85.1486 
242.628 173.673 144.987 65.1822 110.068 71.442 51.3619 242.545 109.958 96.1865 19.5818 167.095 32.6709 234.491 130.417 149.101 
169.476 181.076 106.504 106.712 34.9125 164.043 162.986 223.591 97.0542 137.846 249.209 39.1127 11.0841 203.991 81.6955 161.658 
150.844 222.751 91.0508 105.644 92.8026 144.305 99.3303 105.375 116.648 243.275 222.099 210.149 226.337 105.019 88.7959 126.226 
255.305 254.935 255.532 254.799 254.933 255.267 255.404 255.532 254.238 254.52 254.593 254.228 1.2668 1.03658 0.423162 0.264229 
245.738 245.649 245.711 245.6 245.325 245.324 245.367 245.424 244.999 245.074 244.96 244.765 9.98 9.90385 9.70282 9.69805 
179.573 179.865 179.88 179.774 179.563 179.601 179.723 179.685 179.085 179.27 179.478 179.461 70.8365 70.7928 71.0369 71.115 
137.445 249.945 221.906 207.411 190.972 70.5798 58.1061 12.6759 173.823 28.6311 81.7709 204.134 202.859 121.538 133.94 239.157 
190.768 195.763 144.502 5.89495 119.845 88.7391 213.531 240.729 150.216 241.962 130.721 3.7032 35.0041 225.025 45.6452 174.566 
82.0303 219.653 98.6439 87.0946 67.8289 213.808 69.3331 5.56524 74.2145 154.668 226.096 204.982 14.3024 226.715 242.693 179.564 
185.314 147.639 124.312 144.503 200.272 200.452 66.3315 162.22 160.031 183.924 230.499 77.1268 227.09 96.4656 139.858 187.542 
87.7252 107.521 48.3887 118.496 90.6386 229.405 241.945 164.853 234.163 186.384 179.841 177.326 239.674 247.163 75.5215 233.809 
130.123 97.2821 212.941 93.6441 219.203 96.5939 106.003 156.721 35.75 193.3 74.4858 167.236 103.644 215.561 245.437 112.172 
131.832 74.4118 29.0923 52.8145 173.359 46.4647 92.7643 129.955 84.5139 84.4046 89.6396 89.9626 202.083 121.56 197.606 250.844 
69.0917 204.394 222.507 63.321 35.6586 235.941 247.598 24.8462 149.686 14.6414 160.339 219.789 202.446 182.095 51.5975 76.8368 
234.335 77.4735 119.246 19.6282 110.865 110.883 134.755 60.9783 183.081 9.97337 17.4864 118.142 107.139 224.925 253.178 153.443 
89.6586 145.032 191.862 77.2522 148.346 4.48761 146.399 101.757 239.092 49.2522 63.5545 231.011 187.785 77.7238 164.675 86.993 
212.911 111.392 240.825 161.41 20.1894 242.724 37.592 189.695 90.9682 2.13214 114.981 225.861 100.983 108.415 129.089 117.094 
74.7068 154.259 32.4844 43.2115 210.617 104.43 123.998 234.562 125.372 147.076 55.2086 106.295 168.333 82.9734 143.894 193.828 
109.843 168.567 183.358 118.129 106.406 191.984 88.0539 111.633 238.411 61.4514 35.672 77.6161 42.1272 156.678 225.162 234.719 
117.759 229.022 236.208 180.327 113.686 147.008 202.558 189.589 123.34 196.091 54.9601 47.6089 109.959 186.031 9.83374 120.544 
158.606 41.1197 253.676 9.99993 173.663 109.037 108.051 140.622 65.8609 253.029 135.544 20.7946 253.832 146.274 180.131 101.394 
169.595 204.474 49.2821 74.5048 223.319 85.9439 77.2703 228.537 40.4735 114.751 176.924 53.3727 12.5105 92.3266 211.164 51.7357 
153.085 136.61 127.4 79.2135 233.816 252.34 142.182 47.0529 168.68 232.072 243.684 12.4193 20.2359 200.313 183.928 158.245 
50.5202 197.6 32.8315 97.1321 176.388 219.515 85.3301 36.7632 216.543 29.2418 183.065 97.7032 140.963 184.786 179.897 71.6887 
173.591 59.7155 247.181 48.2024 22.599 136.359 69.6178 48.2143 158.349 180.502 172.733 40.2835 107.347 128.767 82.6223 167.374 
138.838 140.147 131.971 142.633 143.438 121.931 126.703 129.276 136.371 125.592 130.59 132.649 119.438 107.161 113.675 107.645 
125.182 125.515 125.616 125.366 124.743 124.734 125.015 124.977 123.965 123.783 124.011 124.286 120.52 120.071 119.985 119.896 
123.605 123.928 124.008 124.067 123.408 123.44 123.754 124.054 123.1 123.287 123.508 123.886 121.84 121.865 122.077 122.289 
192.86 73.9319 140.864 229.883 117.061 19.2702 50.0578 209.32 137.049 127.379 172.308 240.913 180.687 12.3257 222.265 87.8117 
170.353 253.842 31.5584 239.511 2.27752 220.898 219.74 205.335 6.99719 75.4355 44.5577 232.046 233.089 188.952 238.903 90.739 
143.21 30.3512 62.1823 210.463 149.177 0.56319 149.396 46.0074 128.062 56.9984 127.285 43.6327 161.758 50.2901 120.879 94.5329 
250.434 181.614 51.056 112.608 241.452 210.646 218.257 207.953 136.645 183.812 3.58663 71.2856 23.6738 54.5105 10.2175 140.498 
22.9236 5.18376 176.71 58.5354 102.293 70.1102 76.9407 121.089 64.0234 150.796 241.877 94.594 242.098 92.0242 194.11 103.88 
163.248 253.874 249.324 24.1479 102.176 38.355 25.6249 51.255 160.559 254.715 194.202 208.43 215.086 244.856 156.249 201.354 
222.016 187.188 147.264 174.244 132.015 231.694 17.7371 185.98 94.444 156.133 35.0189 18.9842 66.3951 22.4993 242.223 182.083 
107.492 193.912 71.2474 151.215 162.736 55.158 117.619 157.59 38.2165 127.261 60.5434 87.9031 204.877 194.572 99.3701 29.2146 
122.449 149.732 57.0068 106.035 208.986 178.613 141.722 152.319 231.775 164.527 34.1277 84.1645 71.4518 14.4249 146.631 216.548 
201.841 157.156 6.87225 248.272 145.332 181.429 130.482 174.507 91.1647 42.7841 112.742 97.5996 67.2148 253.407 141.033 188.065 
44.708 135.779 107.53 139.407 134.844 204.723 185.037 2.84964 238.68 61.3048 179.53 144.047 141.208 132.66 122.176 249.115 
49.3446 162.161 196.593 139.339 33.6588 204.585 81.9834 115.849 205.561 51.7426 72.9842 13.6231 118.3 250.898 55.0938 126.67 
63.1327 132.551 12.0169 149.308 191.103 0.119345 170.016 138.078 29.8827 227.065 176.864 224.236 19.3197 35.176 254.835 4.6107 
31.9432 28.9112 42.7543 199.584 146.752 227.437 167.578 0.594101 151.95 182.453 234.965 159.564 58.6855 246.267 60.4601 184.93 
221.941 46.9744 179.519 82.2574 189.553 118.571 127.388 197.469 239.337 213.598 235.172 146.727 153.642 69.72 102.712 7.76659 
137.839 96.9917 84.7812 198.31 207.555 220.461 188.485 196.082 205.42 92.4905 43.2086 110.163 118.478 119.004 104.529 173.526 
84.3027 141.785 147.922 54.4753 92.9788 47.9022 35.2828 116.785 115.859 122.153 208.847 214.186 101.674 96.7119 31.1661 205.285 
187.186 217.03 194.748 1.71058 49.4032 181.846 108.064 68.8093 144.249 27.9583 145.379 231.75 122.955 28.5316 104.081 174.463 
128.512 123.609 118.857 119.201 121.645 120.487 120.347 118.506 120.254 119.126 118.574 111.906 114.95 120.143 120.472 115.005 
121.255 121.417 120.401 119.355 121.606 121.134 119.302 118.16 118.992 118.799 117.64 117.134 118.392 118.148 117.48 117.12 
121.771 122.04 121.771 121.245 121.492 121.606 121.242 120.711 120.638 120.535 120.275 120.349 120.224 119.843 119.829 120.096 
122.164 122.067 122.163 122.241 121.664 121.151 121.678 122.205 120.96 121.044 121.397 121.956 120.82 121.262 121.611 121.814 
202.514 10.2652 224.289 203.992 158.386 242.205 181.124 9.08088 83.8436 231.269 202.226 153.104 212.97 160.03 93.4178 21.3606 
217.144 155.921 70.1037 229.334 123.174 219.536 147.215 210.674 52.0093 42.6169 156.499 138.714 86.3273 172.153 121.126 44.8775 
178.946 206.571 209.872 208.245 4.78029 10.1319 36.2543 214.894 27.7165 81.6786 45.401 133.979 94.503 80.4152 180.668 27.5361 
241.313 152.384 103.999 79.2786 140.958 23.4174 106.662 220.158 84.7981 152.282 227.544 93.7943 178.1 19.2017 126.939 105.949 
254.041 225.039 63.7256 78.3157 101.385 212.323 222.158 102.399 114.061 90.2303 35.6176 54.502 55.1677 11.7267 244.45 209.737 
84.1696 29.3142 76.9852 154.642 197.651 235.593 92.432 90.3625 109.115 130.356 92.6324 16.7762 165.634 192.219 122.993 206.536 
217.989 199.995 140.796 253.533 20.9322 70.6176 248.813 70.2424 168.552 101.988 0.41831 193.431 161.465 90.9044 199.053 120.397 
188.431 20.5752 114.792 249.136 24.8201 104.571 191.582 23.408 236.204 2.51552 17.4114 124.457 19.4593 183.74 233.661 82.6344 
177.741 94.8617 85.794 70.6083 207.572 233.025 205.585 48.5728 54.8033 175.407 88.4308 200.128 125.842 133.492 121.518 197.656 
136.215 108.423 180.96 0.0184318 26.8163 84.5742 203.408 41.7826 103.919 228.473 40.5309 83.6737 249.317 234.607 68.3182 248.872 
146.561 91.9606 75.3059 85.5499 97.2389 90.9462 158.438 9.08029 58.8004 200.373 103.389 52.0597 225.995 87.5515 159.91 38.0794 
16.7572 61.5906 115.984 62.5376 62.9639 205.537 200.802 142.91 33.5884 206.881 229.453 156.593 69.5278 226.273 202.491 230.879 
164.717 92.84 226.593 145.371 204.163 33.2108 27.2404 142.559 228.271 21.1538 194.022 252.856 114.295 163.944 178.87 84.0283 
9.1476 97.2663 178.488 191.126 147.382 64.9617 134.108 171.624 156.219 109.59 78.3592 173.226 108.449 185.991 24.5935 173.414 
126.49 193.194 216.205 77.7913 33.8287 103.196 215.249 96.1576 20.3355 124.147 1.19125 190.853 2.91891 172.422 15.5588 123.69 
40.3372 25.0066 103.585 193.381 113.701 195.545 96.7586 159.59 127.386 229.267 230.82 24.8702 230.325 218.422 110.536 75.4633 
45.1494 109.96 21.8725 199.137 86.2518 34.0263 216.678 206.452 87.8705 94.4239 68.5762 18.2803 112.509 227.899 74.4715 219.848 
149.581 103.703 120.476 105.98 105.719 149.599 140.16 90.4905 141.806 90.6435 126.386 118.225 135.929 147.797 128.14 135.357 
120.181 117.312 116.529 116.274 118.165 115.728 115.283 115.088 116.737 115.026 114.679 115.207 115.333 114.932 116.042 115.674 
119.729 117.905 117.214 116.973 118.4 116.852 116.443 116.011 117.463 116.134 115.806 115.94 116.435 116.043 116.428 116.417 
119.595 119.088 118.917 119.028 119.273 118.483 118.77 119.043 118.398 118.366 118.436 118.89 118.528 119.068 119.035 119.161 
120.246 119.652 119.726 119.95 119.61 118.927 119.24 119.993 119.348 119.267 119.507 120.116 119.688 120.26 120.387 120.495 
100.767 31.5674 154.703 35.1952 175.789 188.342 6.71478 67.2207 159.756 202.063 217.458 246.507 202.038 207.809 253.926 193.23 
28.1499 169.148 175.437 224.783 179.092 228.077 203.388 49.7479 180.59 173.374 77.1998 236.169 79.5984 182.513 151.671 156.136 
154.061 129.697 96.9238 233.872 164.672 9.81081 137.564 128.245 159.234 223.255 18.4743 224.193 157.608 12.115 149.247 119.714 
179.764 215.572 212.872 23.3136 92.6859 225.919 54.8479 162.507 179.096 245.455 140.205 95.7432 118.742 103.375 100.132 175.788 
15.2357 210.734 210.562 167.158 246.336 130.221 192.494 114.334 70.1914 163.638 207.584 175.249 28.7849 160.331 86.5447 68.7678 
72.9706 73.3011 8.61425 100.713 85.3731 242.594 22.9693 35.0175 175.339 172.724 50.8277 249.667 227.89 43.2875 142.79 204.444 
102.438 151.739 150.115 150.427 65.8591 71.5078 79.7661 63.4907 44.1049 140.536 41.5504 18.3598 248.654 36.1243 148.868 71.2986 
29.3276 20.3 220.766 6.95453 36.1471 194.492 41.397 234.348 44.5863 71.5362 173.172 133.822 18.5705 237.001 74.9163 233.105 
181.704 88.3608 189.36 7.38482 21.9963 167.898 79.641 201.633 247.442 206.85 175.533 110.977 3.95618 228.37 27.1211 63.4563 
121.771 167.235 89.3706 231.316 31.8955 125.749 171.292 51.7685 43.1834 147.548 19.0847 91.693 119.845 246.346 245.934 209.527 
38.9954 88.6983 53.6 61.6475 60.892 147.801 189.973 216.113 114.914 168.192 180.697 229.229 83.4795 171.812 193.024 174.21 
3.43847 18.8408 16.942 10.5387 95.5588 197.025 204.824 219.981 90.9126 189.311 209.412 219.359 86.9478 192.121 202.283 218.162 
10.7392 9.71362 40.9318 2.17422 161.635 179.179 209.368 188.597 149.104 159.986 206.044 199.131 149.748 164.113 190.842 209.574 
230.347 166.049 40.8889 106.936 17.1248 57.1305 136.085 102.195 177.549 246.333 40.2135 135.883 101.164 75.3566 48.3125 199.653 
49.081 244.645 180.826 96.4747 231.957 84.4315 173.782 91.2421 182.861 193.796 231.388 40.2619 115.275 149.845 51.6605 176.567 
12.8731 100.992 160.614 228.586 133.876 185.826 145.608 227.614 20.7293 43.6787 51.2209 231.439 39.3115 69.7066 186.148 204.786 
147.138 116.733 122.256 96.095 135.897 101.234 102.556 99.7627 84.198 91.2227 90.9192 86.9238 103.532 112.595 123.716 83.5454 
116.334 116.117 114.51 113.158 114.551 114.2 113.26 111.607 112.664 112.262 111.911 111.532 111.857 110.444 110.57 110.254 
116.979 115.366 114.936 115.179 114.937 114.015 114.419 114.251 114.262 113.483 113.712 114.411 113.565 113.321 114.169 114.6 
115.462 115.716 115.491 115.788 115.499 115.689 115.638 115.634 115.003 115.418 115.543 115.73 115.644 115.84 115.665 115.965 
115.17 115.09 114.619 113.794 114.879 115.653 115.684 115.317 115.536 116.028 116.075 115.996 116.769 116.164 115.369 115.874 
117.696 116.988 116.894 116.943 117.63 116.835 116.945 117.31 117.819 117.563 117.435 117.757 118.351 118.748 118.49 118.376 
108.125 49.5951 80.953 86.4135 120.791 185.422 4.55518 17.2762 83.8273 214.067 174.575 104.031 205.335 199.145 171.052 133.495 
40.4447 102.478 70.7323 158.103 207.338 229.149 66.0528 179.592 84.7205 12.5369 181.101 49.1951 89.6067 230.917 181.189 130.955 
114.391 249.901 161.301 42.428 246.969 229.567 39.4965 15.5385 199.169 137.406 194.569 68.3559 21.5405 200.901 198.875 77.9709 
210.351 159.866 32.6534 78.6958 130.645 8.68439 139.521 156.116 97.6686 93.6797 44.6733 0.822787 37.6387 180.003 214.951 19.6854 
213.785 157.036 198.42 24.979 194.083 164.011 218.319 202.349 243.573 23.7329 174.882 82.5076 86.2785 81.0904 57.8774 91.6633 
248.457 124.55 242.54 236.395 78.6871 133.943 175.596 228.549 69.9841 188.968 234.605 87.3171 131.4 105.677 222.879 161.211 
110.357 91.5113 169.425 66.1341 53.9921 96.3801 101.365 46.7658 55.8511 252.453 93.3392 21.9759 20.3578 98.9037 104.945 135.405 
61.26 62.6095 7.26971 132.861 43.1183 112.444 26.1283 240.31 192.554 97.6674 173.783 103.721 250.687 128.818 24.6419 53.209 
86.3737 159.513 249.051 103.987 207.787 222.701 43.1435 12.693 73.7044 122.967 140.656 58.3644 89.8616 196.794 179.212 23.8094 
164.49 106.631 42.8722 197.527 164.737 130.047 114.597 149.591 59.1352 181.443 181.913 221.713 90.0571 75.6809 66.5789 96.2594 
0.982011 1.03728 4.94959 8.71494 179.095 182.558 183.061 178.284 172.305 179.502 174.796 173.369 178.371 178.322 180.971 176.371 
1.4852 5.34318 3.05067 2.65389 160.18 196.202 200.663 205.103 156.472 193.506 202.889 205.889 153.685 194.703 200.606 204.527 
3.04947 4.9053 5.1097 0.74124 193.192 194.799 190.877 194.784 189.034 191.997 195.526 191.388 190.697 191.47 195.61 190.096 
64.4744 111.065 62.842 44.6141 190.449 174.519 185.9 140.525 181.773 141.087 180.331 160.201 219.17 200.513 152.844 132.007 
133.481 183.305 158.732 208.727 101.62 100.615 34.0809 233.947 76.8292 122.995 133.558 25.8187 111.619 180.339 216.553 160.303 
81.2141 80.2958 93.2236 106.309 122.652 96.1489 141.992 146.78 116.57 95.5999 117.069 95.8437 107.191 95.9586 152.656 95.6715 
114.202 112.988 109.452 108.428 112.943 111.719 110.48 107.224 110.274 108.894 107.752 105.304 109.223 108.79 108.352 104.552 
112.407 112.052 110.348 109.948 111.294 111.337 111.4 109.417 108.903 108.717 108.742 107.489 108.557 109.116 109.522 107.023 
110.882 111.253 111.187 111.341 110.296 110.706 111.106 111.107 109.351 109.995 110.635 111.351 109.518 109.874 110.678 111.353 
112.483 112.503 111.972 111.6 111.724 112.763 113.031 113.017 112.087 112.714 113.166 113.401 113.457 112.906 112.161 113.037 
112.863 112.545 111.717 110.662 112.634 113.368 113.196 112.782 113.569 113.873 113.757 113.659 114.945 114.035 112.924 113.403 
112.821 111.769 111.336 110.547 112.238 112.283 112.201 111.575 113.074 112.54 112.252 112.822 114.328 113.578 112.619 111.842 
203.535 106.426 51.683 214.157 178.658 131.188 160.18 3.9197 104.216 22.5353 159.165 221.647 135.574 48.3647 146.16 8.43552 
11.7153 249.151 34.0453 211.816 238.881 233.015 169.238 36.1298 101.695 22.6977 30.0149 75.6233 99.2542 43.0794 49.9823 225.793 
181.86 232.692 241.947 124.728 148.874 236.166 185.094 159.838 77.166 98.6682 11.3014 51.6216 120.659 169.306 42.1487 53.8797 
235.627 190.167 154.544 95.8829 126.279 203.722 34.8241 77.9185 171.639 45.1459 106.944 5.67768 216.271 86.813 88.8109 189.792 
187.168 215.955 60.2845 57.9555 135.824 37.2894 211.408 40.2745 61.623 65.3062 146.93 168.303 231.51 89.8624 23.5121 211.645 
20.1865 36.7154 33.2678 130.349 10.8109 184.557 96.8575 213.992 147.818 92.5038 147.098 8.88151 129.134 95.4967 45.9582 245.488 
224.771 12.741 178.882 96.9228 14.9124 27.0936 63.9037 89.1697 179.849 91.9387 191.53 175.042 7.068 113.772 33.4155 17.0443 
253.386 123.46 180.73 151.809 19.3892 191.263 198.812 53.3377 33.6917 77.2663 249.745 66.3206 85.5948 96.3187 4.51507 124.446 
195.682 191.561 184.562 136.86 2.66684 251.869 124.542 102.116 165.713 44.115 77.0763 6.36705 55.4582 211.422 132.653 224.424 
177.408 44.4505 145.748 145.672 137.186 32.5892 57.7212 153.551 20.3617 193.116 74.4228 68.7435 31.2743 47.413 141.878 37.7741 
65.8482 43.8061 44.7228 76.4772 217.43 113.264 219.224 226.419 213.304 210.965 207.451 90.318 127.201 111.823 74.3748 224.016 
11.3198 11.2761 11.6704 11.646 184.633 177.992 182.706 182.596 181.932 182.038 180.219 182.621 178.329 180.046 182.771 185.963 
90.8267 67.36 32.7375 34.8655 154.651 124.888 165.056 194.624 126.345 135.524 164.638 137.326 205.248 219.764 208.587 131.787 
210.945 102.702 240.734 237.927 229.25 77.6879 15.1382 147.841 233.596 198.973 135.281 100.858 125.031 88.1952 40.2558 26.4127 
144.568 238.209 187.16 180.417 182.625 155.062 57.9278 2.8659 133.134 235.843 158.115 152.967 205.94 53.5506 113.012 61.3703 
131.755 129.571 113.789 135.971 84.2118 113.547 92.6908 97.2619 124.089 117.37 137.915 128.113 89.0299 87.5839 114.265 102.454 
109.792 109.644 107.53 106.547 108.862 109.182 108.852 105.284 106.067 105.484 105.303 102.923 105.505 105.727 105.179 102.686 
107.377 107.754 107.751 106.928 106.595 106.953 106.778 106.02 105.39 105.419 105.638 105.918 104.818 105.026 105.566 106.1 
107.534 107.969 108.325 108.86 107.115 107.519 108.259 108.665 106.641 107.132 107.843 108.67 106.937 107.298 107.877 108.465 
107.206 107.69 108.512 109.367 106.926 107.486 108.598 109.253 107.189 107.869 108.804 109.471 107.791 108.231 108.723 109.311 
110.358 109.567 109.275 108.762 109.455 109.907 110.285 109.918 110.052 109.99 110.11 110.891 111.476 110.81 110.196 109.669 
110.381 109.149 108.927 108.545 109.885 109.513 109.474 108.896 110.609 109.765 109.446 110.05 111.328 110.83 110.216 109.302 
28.3846 188.67 18.9978 13.2428 156.458 41.2911 150.108 160.781 67.2347 210.584 36.0413 126.86 234.746 218.84 186.589 153.386 
146.14 171.321 185.458 118.717 180.267 151.795 144.109 145.537 153.224 115.497 134.167 189.386 144.068 166.673 162.183 166.043 
158.606 165.348 150.265 155.515 157.724 156.08 160.859 159.41 164.394 157.581 161.696 165.436 155.46 164.918 165.221 158.363 
166.699 155.181 154.063 153.334 160.533 154.756 159.135 150.454 163.969 160.181 150.594 151.629 162.25 151.648 157.329 158.597 
155.22 157.47 152.088 156.584 163.412 157.165 156.202 151.948 160.672 156.554 154.361 149.185 155.568 159.257 156.647 151.955 
156.773 160.606 150.709 156.918 153.119 150.512 151.837 153.614 154.017 152.573 157.987 153.89 157.939 155.364 155.976 156.171 
153.919 157.153 158.705 156.805 153.868 155.704 156.403 156.225 150.15 148.923 151.863 153.943 151.851 152.393 151.775 155.104 
135.766 132.978 161.168 131.827 139.373 158.318 143.171 153.256 146.532 138.222 144.061 148.549 155.017 126.064 130.709 166.092 
163.334 193.838 60.0973 117.051 220.285 212.611 61.2716 113.194 202.622 161.999 68.3402 140.03 77.6267 156.751 85.6784 131.084 
207.819 66.4748 128.857 139.413 138.997 1.36567 91.9802 202.451 36.6473 164.126 45.3264 199.784 43.6284 13.1221 88.75 141.743 
120.761 15.9758 235.712 215.121 217.848 9.36504 227.116 87.3791 89.2039 69.4447 12.3169 21.7248 20.6269 148.336 60.8976 135.642 
61.4102 82.3621 85.8676 56.0136 83.0047 227.587 130.972 110.426 116.387 214.224 133.095 84.0029 166.708 195.638 227.918 242.256 
58.0955 39.6461 223.784 125.254 183.984 166.434 100.914 218.988 128.095 139.69 6.61082 123.691 222.673 114.996 73.3673 21.5424 
185.895 117.535 142.025 126.936 94.7221 70.4292 115.952 76.4957 200.775 53.9707 204.586 113.419 77.8698 98.792 19.6658 241.171 
102.732 25.4671 129.58 38.6611 79.9519 77.8371 178.056 136.978 70.4262 233.173 221.176 94.127 104.572 47.2538 13.3887 200.89 
102.528 106.315 97.6746 105.763 101.654 105.647 106.151 102.147 96.1195 97.1457 103.618 103.071 100.997 93.2114 100.076 100.369 
103.668 104.428 104.013 102.839 103.134 103.992 103.314 100.199 100.762 100.473 100.55 99.7206 99.9812 99.5988 98.7587 100.488 
102.807 103.666 103.675 103.049 102.402 103.408 103.214 101.085 100.371 100.423 100.947 100.675 99.7987 99.8008 99.7845 101.495 
102.81 103.426 103.922 104.291 102.376 103.077 103.599 103.856 102.104 102.593 103.31 103.952 101.991 102.511 103.289 103.992 
103.027 103.606 104.408 105.255 103.081 103.682 104.558 105.335 103.53 104.033 104.756 105.45 104.058 104.389 104.971 105.504 
104.795 104.843 105.008 105.164 104.805 104.981 105.092 105.235 105.29 105.359 105.522 105.618 105.743 105.623 105.651 105.802 
107.606 106.607 106.234 105.594 106.943 106.754 106.837 106.004 107.267 106.698 106.589 106.875 108.07 107.477 106.971 105.994 
167.842 152.958 151.694 175.748 149.192 156.513 161.918 168.055 162.105 156.225 156.616 150.758 162.398 168.124 173.937 161.383 
164.846 164.718 164.424 165.745 163.085 162.296 161.82 162.794 163.075 161.206 161.433 163.711 163.468 163.432 163.672 164.616 
164.967 164.02 162.61 164.23 162.865 162.858 161.036 161.017 163.532 161.112 160.837 161.314 163.236 162.457 162.311 163.021 
164.721 161.988 158.33 158.772 162.888 162.489 158.452 156.548 163.702 160.461 158.935 156.022 162.981 160.989 159.2 158.644 
163.678 160.857 157.381 157.895 161.736 161.45 157.534 155.663 162.242 159.331 157.817 154.952 161.779 159.624 157.941 157.537 
157.358 157.234 157.594 157.974 155.219 155.632 156.51 157.133 153.656 152.505 154.057 155.366 154.236 154.817 153.939 156.158 
155.375 156.23 157.64 158.184 153.144 154.734 156.68 157.802 151.867 150.959 153.176 155.419 152.516 153.354 152.27 155.209 
154.211 154.934 156.354 156.989 152.19 153.626 155.702 156.781 150.612 149.867 152.298 154.504 151.007 151.878 151.126 153.853 
151.565 151.684 151.806 151.815 150.497 150.462 150.964 150.9 148.691 147.996 149.054 149.654 147.181 146.716 147.033 147.964 
180.141 134.172 109.045 154.903 147.004 135.276 108.475 176.984 160.915 117.219 166.667 167.045 110.491 179.476 124.873 183.453 
199.344 52.829 225.174 102.633 15.5249 131.969 94.2095 167.611 169.997 173.246 187.83 89.6438 92.9544 235.585 175.088 148.076 
109.9 74.5516 168.874 86.2436 207.142 119.788 249.009 252.585 193.353 15.1856 81.0971 123.464 12.8584 43.4953 103.135 213.773 
15.6102 222.272 91.1501 138.486 155.082 202.449 21.7279 218.697 184.174 157.933 230.136 16.503 180.309 155.021 98.1229 38.4519 
162.565 154.622 171.51 147.56 211.748 102.853 32.6837 162.378 134.949 4.88148 24.2016 190.713 29.8978 93.57 104.902 188.745 
73.6215 76.2684 82.3674 95.4524 79.1129 112.986 108.533 77.5461 87.2257 79.7954 76.2544 80.5822 92.8759 107.22 92.0823 76.9203 
91.4459 91.753 91.2102 90.0271 90.0705 90.7974 90.7552 89.4731 88.5837 88.0456 88.1717 88.4784 88.0466 87.0526 86.8153 87.1354 
98.7884 99.4725 99.3305 98.8872 98.544 99.3541 99.11 97.1941 96.4152 96.4572 96.7075 96.1618 95.6359 95.5544 95.1155 96.5535 
97.4283 98.227 98.1368 97.4328 96.9133 97.4866 97.4026 96.9861 95.9382 96.5233 96.9218 96.6865 95.7142 96.3732 96.9459 96.9297 
98.2698 98.5524 98.9044 99.146 97.9931 98.6199 99.2021 99.6767 98.0678 98.5412 99.1646 99.2174 97.798 98.239 98.902 99.2133 
99.463 99.8537 100.148 100.88 99.608 100.119 100.459 101.019 99.9881 100.319 100.892 101.229 100.242 100.446 100.86 101.377 
101.26 100.503 100.067 99.9842 101.255 100.945 100.074 100.16 101.054 100.821 99.8662 99.3697 100.344 100.304 99.6822 99.3656 
103.712 102.916 102.136 101.051 103.618 102.98 102.498 101.497 103.706 103.107 102.81 101.894 104.073 103.32 102.507 101.856 
167.615 166.757 166.682 168.349 167.291 164.944 165.633 168.07 168.436 166.018 167.022 168.437 169.772 169.42 169.869 170.491 
165.465 165.095 165.047 166.89 164.142 163.045 162.984 164.525 164.921 163.248 163.723 165.415 165.438 165.498 166.144 167.067 
162.2 162.36 161.756 162.423 163.327 163.062 162.183 162.788 165.311 164.651 163.782 162.915 165.959 165.22 164.733 163.709 
162.99 161.215 158.148 158.61 161.686 162.822 159.91 158.455 164.349 162.092 160.817 158.121 163.96 162.817 160.917 160.72 
158.378 158.637 155.993 156.42 159.711 160.1 157.126 156.213 159.015 161.216 160.241 157.802 158.919 160.437 161.992 160.867 
156.381 156.215 155.271 154.636 156.458 156.226 155.169 154.887 156.893 156.252 155.61 155.38 157.439 157.165 156.313 155.772 
154.291 154.956 156.059 156.569 152.442 153.877 155.702 156.8 151.252 150.619 152.986 155.025 151.988 153.022 152.357 154.868 
150.99 150.782 149.732 149.826 150.438 150.174 150.205 150.635 148.205 148.689 149.856 150.99 148.171 148.94 149.679 150.178 
148.049 146.719 146.893 147.653 145.051 144.291 146.462 148.446 143.263 144.17 145.1 146.903 142.654 144.61 145.866 145.67 
142.479 143.055 143.041 144.502 141.468 142.974 145.777 145.676 140.582 141.166 145.309 145.382 140.714 141.011 140.995 143.984 
89.372 172.605 116.712 141.77 80.2566 180.133 152.403 125.325 106.378 145.342 101.5 152.257 79.9759 100.973 144.698 142.257 
191.426 13.2334 90.7572 180.026 113.568 151.775 187.385 62.3505 38.1774 226.322 226.886 184.547 61.293 153.384 177.295 93.4864 
168.91 20.6658 76.4212 189.309 71.4429 109.13 187.599 105.315 213.058 85.0284 232.908 137.245 163.625 86.9412 62.8432 159.08 
84.3052 108.787 110.779 97.903 67.4132 108.813 80.5193 67.0404 88.9575 69.7646 66.8311 79.0417 72.4665 110.396 72.8167 61.3889 
86.0888 86.2381 85.5967 84.7163 84.66 85.0434 85.1084 84.0615 83.028 82.481 82.519 82.776 82.2526 81.3927 81.1623 81.4421 
87.6788 88.0889 87.7993 87.2468 86.6157 87.2369 87.4643 86.8177 85.4072 85.1689 85.4426 85.8672 84.7835 84.3419 84.3534 84.8233 
88.0291 89.6108 90.76 91.0014 88.2354 88.6267 90.1943 90.7932 87.6915 88.526 89.7053 90.9525 88.9023 90.2938 90.733 90.6453 
94.2179 94.701 94.8606 94.0248 93.8273 94.3602 94.7032 94.3129 93.2256 93.9804 94.4897 93.985 93.0866 93.7328 94.3134 94.0348 
95.0781 95.0131 95.0521 94.6325 94.9724 94.9555 94.764 94.2759 94.5148 94.8525 94.9019 94.6306 94.4234 94.5237 94.4784 94.4672 
98.0135 97.1738 97.093 97.2234 97.8748 97.5817 96.9769 97.5299 97.6108 97.5425 96.7468 96.3225 96.5364 96.7029 96.2521 96.0628 
99.3114 98.2774 97.4769 96.9987 98.9949 98.3582 97.0432 97.1609 98.5279 98.0237 96.561 95.8089 97.4647 97.2852 96.4729 95.7238 
97.5642 96.3923 95.4575 94.8452 98.5692 97.3672 95.991 95.3445 98.9606 97.5595 95.9643 94.9636 99.9784 98.2666 96.6101 95.6747 
166.65 166.473 166.918 167.737 170.445 168.879 170.746 169.478 170.724 169.855 170.124 169.791 170.229 170.149 169.77 170.376 
164.017 163.909 164.015 165.682 165.788 165.852 165.729 166.901 167.947 167.815 167.821 167.126 168.616 167.935 168.373 167.606 
161.426 161.515 161.089 162.148 163.178 164.037 163.718 164.532 166.452 166.538 166.412 165.278 167.016 166.495 166.896 166.251 
158.117 159.212 157.303 158.546 160.26 161.929 160.021 160.071 161.127 163.636 163.924 161.947 161.46 162.973 165.605 164.959 
156.35 157.557 155.425 156.073 157.782 159.9 157.698 157.464 158.299 161.168 161.303 159.785 158.579 160.698 163.167 163.03 
154.275 155.275 153.397 153.945 155.933 157.174 155.124 154.995 155.843 158.083 158.42 157.125 156.173 157.795 160.354 159.933 
150.359 150.243 149.141 148.472 150.337 150.379 149.744 150.093 150.59 150.852 151.474 151.983 151.907 152.584 152.693 152.294 
147.703 146.312 146.047 146.498 144.794 143.986 145.641 147.808 143.601 144.708 145.634 147.604 143.93 146.464 147.549 147.235 
145.317 143.9 144.16 145.415 141.891 141.308 144.471 146.594 140.687 141.363 143.669 145.457 140.915 142.928 143.777 144.718 
143.749 142.433 143.172 144.539 140.533 140.177 143.571 145.509 139.505 140.134 142.552 144.257 139.627 141.326 142.217 143.335 
137.073 138.247 138.871 140.025 135.906 138.284 140.696 140.455 135.476 136.732 139.781 140.265 135.674 136.503 136.468 138.4 
179.177 151.215 98.2492 88.9503 102.09 156.916 177.033 164.66 83.5977 189.017 92.6745 107.37 87.2786 150.655 136.46 177.095 
80.2632 94.4832 92.3658 92.9973 47.7919 101.422 106.643 64.8612 115.109 134.129 47.9037 121.702 98.8013 57.0494 48.3716 129.014 
80.0534 79.8706 79.8646 79.2894 78.0557 78.2078 77.9608 77.3503 75.5693 75.1603 75.2701 74.6936 73.6838 73.4387 73.2527 73.1183 
83.0964 83.2502 83.1489 82.9828 82.0729 82.0548 82.0949 81.8817 80.4227 80.3012 80.2394 80.1725 79.2129 78.9949 78.8319 78.9565 
84.4222 85.9692 87.6267 88.4662 84.6258 85.0313 87.1195 88.0872 84.2942 84.8614 86.4265 88.0607 85.1846 86.4496 87.2376 87.5034 
84.8119 86.5426 88.6623 89.8343 85.3279 85.9156 88.2558 89.5889 85.3168 86.2527 88.0838 89.7972 86.474 88.1856 89.2214 89.6056 
87.7558 88.8707 90.1035 90.3491 88.1025 88.259 89.639 90.2678 87.8052 88.5288 89.5932 90.7204 88.9124 90.172 90.6108 90.5137 
91.1266 89.8983 90.5358 90.5081 91.312 90.6206 90.3378 89.9497 91.3138 91.0488 90.8291 91.0997 91.1553 90.6623 90.2583 90.5253 
94.1572 93.6985 93.3454 92.3698 93.6521 93.3067 92.7018 92.2725 93.7943 93.3456 92.8797 92.7517 93.9618 93.1658 92.9759 92.6312 
95.9176 94.9492 94.0342 93.3945 96.7606 95.709 94.3272 93.8587 97.1949 95.8053 94.2359 93.3815 98.2081 96.5183 95.0502 94.1379 
95.5427 94.7086 93.4408 92.305 96.3411 95.2642 93.8223 92.849 97.1557 95.46 94.0065 92.9573 98.7096 96.5998 95.1428 94.002 
168.857 168.832 169.154 169.472 173.094 172.072 173.745 171.307 173.09 173.1 173.131 171.729 172.604 172.346 171.549 171.624 
168.313 168.655 169.61 170.747 171.451 171.643 173.472 171.71 172.2 172.375 172.296 171.119 172.07 171.808 170.931 170.631 
167.033 167.053 167.606 170.761 169.04 169.676 169.617 171.9 169.836 170.757 173.228 173.989 171.636 171.722 173.876 171.515 
158.957 160.02 160.383 160.874 159.418 161.415 162.433 163.248 161.616 162.835 164.399 164.901 161.944 163.691 164.793 165.754 
155.606 157.037 156.459 157.627 156.847 158.902 157.917 158.316 156.586 159.583 160.796 160.18 156.841 158.959 162.031 162.312 
150.71 151.252 152.139 152.349 151.324 152.202 152.736 153.369 152.975 153.865 154.618 154.916 154.026 154.858 155.363 155.593 
147.323 147.573 147.704 148.034 148.149 148.562 148.466 148.834 149.564 150.207 150.407 150.244 150.649 151.063 151.283 150.92 
145.298 145.549 145.444 145.429 145.38 146.018 146.447 147.059 145.433 146.767 147.927 148.509 146.904 148.275 148.744 148.572 
141.074 141.689 144.12 146.044 138.098 139.428 143.979 147.359 138.02 140.307 143.39 146.642 138.038 141.693 144.646 145.892 
137.503 137.948 139.058 141.337 136.571 137.597 141.037 141.904 136.084 136 140.535 141.243 136.606 136.313 137.092 140.603 
128.78 130.529 131.982 132.08 128.499 129.829 131.083 131.817 127.328 128.325 129.558 130.59 126.896 127.612 128.845 129.666 
117.488 118.428 119.169 119.11 117.156 117.457 118.149 118.672 115.955 115.772 116.185 117.263 114.605 114.411 115.252 116.392 
94.7754 95.5716 95.0338 95.1518 93.3931 93.8218 94.044 94.0182 91.5619 91.7325 92.3214 92.4161 90.5046 89.5515 90.7536 91.1492 
80.5143 81.1178 81.3745 81.5408 79.1322 79.5745 79.8865 80.1777 77.1426 77.4481 77.9879 78.3771 75.8684 75.8124 76.2929 77.136 
78.6462 78.8364 79.1496 80.1133 78.0345 78.2672 79.1688 79.7339 76.9604 77.4878 78.1016 78.9791 75.7417 76.882 77.4783 78.1593 
81.2166 81.8079 82.5185 83.1781 81.0443 81.464 82.3107 83.0938 80.504 81.207 82.1157 82.8057 80.2125 80.9734 81.7975 82.5698 
83.8808 85.2106 86.8901 87.7833 84.24 84.529 86.5172 87.8456 84.2097 84.9879 86.4831 88.1712 85.3568 86.7756 87.7048 88.0828 
86.466 86.1868 86.3633 86.756 86.606 86.4322 86.4571 86.8787 86.7166 86.693 86.9788 87.3886 86.8073 86.7264 87.0868 87.1877 
88.8501 87.6064 87.7163 87.6079 89.053 88.1964 87.6036 87.3583 89.0377 88.6507 88.1487 88.2986 88.9924 88.4368 87.8737 87.8891 
90.3217 89.6897 89.0567 88.869 90.5921 89.8525 89.0813 88.8784 90.6395 89.9846 89.3885 89.148 90.8062 90.0273 89.5207 88.7857 
94.1237 93.6386 92.4282 91.0224 93.6835 93.1995 92.165 91.2719 93.9809 93.1528 92.1848 91.0355 94.2712 93.3012 92.6593 91.3267 
93.4638 92.2453 91.0029 90.1217 94.7403 93.2182 91.5339 90.4621 95.6215 93.6755 91.9402 90.6945 97.1567 94.8927 93.0066 91.6954 
173.509 173.153 173.135 173.708 176.669 175.749 176.519 174.374 177.141 177.095 176.548 174.878 177.367 177.05 176.015 175.077 
172.187 172.699 173.704 175.424 174.866 175.102 175.82 176.901 175.867 175.673 177.541 178.755 176.697 177.125 177.128 175.842 
171.054 171.363 172.024 175.151 172.192 173.061 173.27 175.591 172.468 173.269 175.898 177.468 174.125 174.443 176.558 174.907 
167.482 167.841 168.755 171.319 168.494 169.229 169.476 171.846 168.21 169.302 172.26 173.975 169.496 170.43 172.928 171.588 
161.165 162.016 162.246 162.873 161.731 161.68 161.946 161.359 160.99 161.466 162.172 162.243 158.395 160.718 162.828 162.536 
150.914 152.154 153.783 154.324 151.054 151.93 153.496 154.381 151.898 152.664 153.9 154.726 152.371 152.844 154.002 154.961 
144.455 145.971 145.8 145.141 144.821 146.533 147.262 145.976 145.518 146.296 146.121 145.342 147.75 146.751 145.453 145.295 
138.474 140.822 142.855 144.617 138.997 141.133 143.783 145.425 140.362 141.911 144.794 146.473 140.654 142.594 144.756 146.085 
130.334 135.74 141.08 145.323 130.116 135.353 142.355 146.618 131.384 135.457 142.729 147.771 131.38 135.835 142.154 146.905 
127.912 133.097 138.194 142.382 127.426 132.127 138.778 143.127 127.877 131.473 138.347 143.435 127.219 131.223 137.644 142.727 
124.554 126.913 129.683 132.012 123.631 125.53 128.717 131.213 122.795 124.177 127.009 129.657 121.906 123.691 126.928 129.525 
112.837 114.768 116.432 117.515 112.981 114.164 115.811 117.156 111.69 112.47 114.251 116.116 111.179 111.806 113.517 115.289 
93.042 94.4336 95.8658 96.6334 92.339 93.2174 94.5448 95.457 91.0015 91.7833 93.1408 94.2721 90.4126 90.749 92.0871 93.3826 
78.3283 78.7984 79.6011 81.0511 77.8068 78.3997 79.6811 80.7463 76.5833 77.6596 78.8404 80.3096 75.3751 77.3968 78.5481 79.5501 
74.8794 75.4124 76.2855 77.665 74.6531 75.2707 76.6295 77.7125 74.0428 75.1524 76.3498 77.614 73.3214 75.2477 76.3618 77.3142 
77.4194 77.7287 78.1786 78.8676 77.4422 77.4999 78.4398 79.4859 77.1628 77.5378 78.3221 79.6504 77.1323 77.7753 78.6059 79.8066 
79.6862 80.3317 80.3695 80.3917 80.0523 80.0483 80.338 80.8197 79.956 79.7922 80.2248 80.882 79.8792 79.9412 80.4228 81.0558 
82.3009 82.0383 82.071 82.2738 82.1596 81.9293 82.212 82.3403 82.4527 82.2522 82.5159 82.4352 82.896 82.5715 82.8279 82.9259 
85.7904 85.0117 84.3219 84.428 86.0189 85.3842 84.5582 84.4552 86.0648 85.4104 84.9037 84.6946 86.1203 85.5096 85.0368 84.5611 
86.6079 86.0737 85.367 84.6939 86.9038 86.4355 85.6421 84.8914 87.0175 86.5691 85.7432 84.66 87.0992 86.6736 85.8157 84.8087 
87.429 91.196 85.9802 75.9086 86.5774 92.9777 83.891 73.402 90.1237 92.5323 88.0045 72.2917 88.7675 92.5617 89.2853 76.2406 
88.8152 87.2495 85.8493 84.5785 89.5312 87.9235 86.0819 84.5606 90.11 88.7005 86.8354 84.9304 90.2108 88.8787 87.2767 85.3505 
177.527 178.104 178.697 177.247 180.641 179.947 181.424 180.177 182.776 181.402 181.121 181.403 181.51 182.79 179.856 181.086 
176.12 177.238 178.765 177.918 178.763 178.924 181.269 180.339 180.706 179.441 179.73 180.448 179.23 180.654 177.973 179.678 
173.604 174.157 175.07 176.581 175.626 176.014 176.761 178.223 176.138 176.046 178.329 180.16 176.681 177.489 178.145 177.503 
170.669 170.953 170.284 170.799 170.847 170.302 170.146 169.696 169.471 169.313 169.936 170.669 166.305 168.594 170.872 171.219 
165.546 165.82 165.412 165.749 165.859 165.212 164.794 163.931 164.199 164.226 164.559 164.448 161.096 163.111 165.154 164.668 
156.999 157.752 156.939 156.713 157.859 157.634 157.4 155.31 156.737 156.731 156.395 155.442 154.858 155.939 156.772 155.774 
143.576 144.805 144.064 143.056 143.802 145.134 145.411 143.638 144.068 144.206 143.673 142.76 146.068 144.599 143.029 142.641 
140.086 139.755 138.393 137.611 140.331 140.03 140.999 140.545 139.727 139.236 140.138 140.157 142.255 140.992 140.267 140.222 
133.133 136.155 138.436 140.632 133.362 136.243 139.418 141.453 134.44 136.529 140.235 142.225 134.346 136.763 139.808 141.606 
126.927 129.801 132.732 135.434 126.136 129.145 132.937 135.459 126.02 128.855 132.533 135.096 125.797 128.797 132.734 135.238 
118.882 121.614 124.986 127.996 118.241 120.699 124.309 127.71 117.35 119.62 123.358 126.702 116.523 118.871 122.575 125.728 
108.792 110.603 113.436 115.522 107.659 109.43 112.375 114.964 106.654 108.309 111.16 113.924 105.717 107.4 110.154 112.72 
90.6894 92.3255 94.101 95.459 89.7902 91.0573 93.0578 94.3867 88.6722 90.0105 91.8431 93.4456 88.0893 89.2156 91.0512 92.5211 
76.4583 77.8214 78.7409 79.085 76.2684 76.8472 77.8501 78.7112 74.9508 75.9454 76.8138 78.3027 74.3626 75.6548 76.8736 77.6087 
73.5912 74.0054 74.7325 75.6976 73.251 73.632 74.7212 75.5433 72.6211 73.3665 74.1904 75.2401 71.952 73.267 74.0694 74.8887 
75.2048 76.1917 76.1503 75.7912 75.3592 75.4658 75.6388 75.7282 75.2198 74.8929 75.1451 75.2593 74.8959 74.8979 75.0669 75.2918 
78.1418 78.6138 78.2813 77.8479 78.3653 78.0967 78.1115 77.7639 78.2017 77.6072 77.7352 77.4707 78.1746 77.6233 77.7531 77.781 
78.8143 77.6309 77.5347 77.3508 79.2287 78.4924 77.6307 77.2144 78.7512 78.623 78.6781 78.0743 79.4221 78.7545 77.9574 77.5432 
81.0127 80.5723 80.2185 80.1146 81.0402 80.5854 80.3984 79.7125 81.1733 80.8524 80.6999 79.54 81.3471 81.211 80.8652 79.9887 
83.1287 87.6765 82.3575 71.7312 82.0324 89.4023 80.1739 68.9587 85.563 88.7661 84.3577 67.8671 84.0506 88.7075 85.6326 72.1503 
84.0446 90.522 83.6435 68.4235 82.7552 93.0311 80.4945 64.887 87.5368 92.1995 86.1498 63.3404 85.2507 91.8777 87.9337 68.8956 
84.3767 88.423 82.7582 71.8527 83.4873 90.3047 80.4467 69.2814 87.3982 90.0305 85.2063 68.3882 85.7962 89.9897 86.6964 72.7163 
186.699 186.258 185.789 186.188 188.561 188.206 188.171 187.615 190.302 191.157 191.014 189.854 190.942 192.128 192.272 190.702 
180.28 181.416 183.174 182.059 183.015 182.982 185.72 184.823 184.788 183.733 184.336 185.116 183.165 184.684 182.445 184.262 
184.499 184.904 186.334 186.62 183.82 184.383 186.729 187.223 183.242 184.027 186.194 187.196 183.206 184.359 186.306 187.341 
182.192 182.388 182.956 182.992 181.506 181.559 182.507 183.341 179.936 180.192 181.811 182.791 179.158 179.712 181.458 182.718 
169.683 170.062 169.339 169.734 170.27 169.576 169.111 167.976 168.356 168.287 168.389 167.887 165.292 166.843 168.413 167.876 
160.753 162.569 161.364 161.227 160.061 161.38 161.842 160.876 158.071 159.156 159.939 159.423 159.242 159.074 158.838 158.462 
142.076 141.745 140.585 139.667 142.124 141.972 142.908 142.401 141.175 141.205 141.735 141.869 143.816 142.736 142.162 142.005 
138.284 137.478 136.525 135.99 138.68 137.986 138.432 138.511 138.07 137.466 138.599 138.941 139.818 139.24 139.276 139.543 
135.909 135.494 134.538 134.036 135.978 135.745 136.598 136.799 135.741 135.432 136.743 136.997 137.388 136.657 136.913 137.22 
126.381 128.516 130.359 131.768 126.343 128.573 130.591 132.22 127.057 128.795 131.005 132.271 127.244 128.846 130.802 131.997 
115.603 118.113 121.63 124.006 114.432 117.155 120.989 124.151 113.903 116.719 120.344 123.402 113.442 116.288 119.564 122.185 
99.9807 102.457 105.186 106.903 98.5799 100.899 104.036 106.833 97.7772 100.401 103.06 105.766 97.5376 99.7747 101.839 104.344 
81.9539 83.612 84.9025 85.1773 81.3749 82.3635 83.9168 85.0908 79.9758 81.5815 82.6683 84.5401 79.3302 81.0064 82.4377 83.4386 
73.511 74.6184 75.2058 75.3825 73.1398 73.638 74.4288 75.1072 71.8104 72.7161 73.2746 74.6284 70.9103 72.1632 73.2243 73.9204 
71.1914 71.9112 72.2046 71.9583 71.0265 71.0983 71.4503 71.6623 69.9949 70.405 70.5738 71.2374 69.3243 69.9869 70.5109 70.6434 
71.8754 71.9379 71.4125 70.2064 71.5381 71.4513 70.894 69.8631 70.7991 71.0371 70.4169 69.415 70.5014 70.3469 69.8306 69.2251 
77.6212 76.4974 75.3704 72.7943 77.9112 77.0076 75.0354 73.0745 76.5721 76.7128 75.5622 73.6072 77.0472 76.2401 74.3531 72.4913 
77.3746 75.5325 75.5317 75.3076 77.7294 76.5714 75.7177 75.0104 77.0049 76.9982 76.8771 75.9331 77.9033 77.0897 75.9922 75.1506 
77.1673 75.3051 75.0369 74.6873 77.4902 76.3872 75.2083 74.7196 76.8044 76.787 76.226 75.4605 77.3014 76.843 75.5448 74.6282 
76.1905 75.694 75.0245 72.9899 76.4534 75.9694 74.9859 73.1831 76.243 76.2062 75.0109 73.3221 75.9159 76.3785 75.477 73.2373 
80.1972 84.6164 79.287 67.9859 79.0957 86.3949 77.1409 65.761 82.8478 85.9052 81.4071 64.8277 81.2095 85.8138 82.7668 68.705 
79.175 78.3802 77.3925 75.4815 79.4035 78.4432 77.5913 76.0082 79.6491 78.9087 77.7554 76.0921 79.6314 78.9821 78.0361 75.9638 
197.637 197.417 197.86 198.88 199.652 199.329 200.214 200.75 201.421 202.211 202.678 202.881 201.694 202.535 203.177 202.966 
197.608 196.762 198.77 199.881 198.209 198.091 200.495 200.951 198.221 199.313 201.125 201.077 198.089 198.826 200.118 200.506 
194.692 195.415 195.71 197.384 197.468 198.499 195.862 195.855 200.321 198.288 201.657 203.097 202.124 202.002 204.043 205.197 
189.804 190.245 191.215 191.557 188.893 189.101 190.657 191.853 187.781 188.235 189.751 190.843 187.585 188.206 189.226 190.476 
179.384 180.464 180.587 180.617 178.764 179.658 180.73 181.024 176.73 177.37 178.991 179.339 176.862 176.407 177.277 178.32 
163.202 165.212 164.52 164.768 162.323 164.143 164.932 164.348 160.218 161.818 162.483 162.337 162.122 161.937 161.485 161.517 
151.069 152.807 152.376 151.948 150.265 152.203 153.031 151.652 148.701 150.09 151.155 151.148 151.268 151.021 151.019 151.554 
137.745 136.849 136.125 135.296 137.608 137.192 137.893 137.774 136.909 136.562 137.693 138.067 138.855 137.912 138.245 138.794 
133.211 133.405 133.288 132.733 132.946 133.927 133.844 133.126 133.224 133.259 133.987 133.934 133.848 133.313 133.739 134.752 
129.277 129.896 130.341 130.176 129.026 130.231 130.926 130.83 129.528 130.184 131.023 131.22 130.263 130.049 130.675 131.523 
116.584 118.828 121.302 123.371 116.252 118.189 121.055 124.262 116.531 118.13 121.234 124.604 117.02 119.567 121.824 125.032 
98.189 101.991 105.504 107.385 97.0873 100.948 104.799 108.364 97.1303 101.639 104.836 107.872 97.4807 102.02 104.18 106.797 
76.6066 80.168 81.6513 83.3397 75.9666 80.2787 82.4611 83.9681 76.7532 80.4445 83.208 84.9621 77.5461 81.9059 83.3219 85.4035 
70.2719 71.0892 71.6305 71.6512 70.0071 70.4236 71.0503 71.4198 69.137 69.8706 70.2876 71.1485 68.5444 69.608 70.4407 70.707 
67.091 67.2608 67.3349 67.3364 66.0055 66.4758 66.6024 66.7293 65.7861 66.1597 66.1649 66.2995 65.7661 65.8644 65.8567 65.9618 
65.7489 65.725 64.9928 63.1987 65.1753 65.0699 64.3587 63.2268 64.5476 64.8112 63.9473 62.7231 64.0499 64.0381 63.5661 62.3275 
71.097 73.9893 69.4204 55.2541 70.7996 73.5414 67.8625 58.8399 68.602 72.6478 67.1459 56.6351 68.0556 71.9997 66.4231 56.4953 
70.5605 69.1269 68.1164 66.1893 70.5411 69.6037 67.8352 66.2494 69.6312 69.5117 68.2377 66.5832 69.9967 69.0793 67.3406 65.642 
70.7123 69.6384 68.8013 67.9848 70.7977 69.6779 68.6143 67.9981 70.5056 69.7642 68.5483 67.7042 69.9354 69.6542 68.7558 67.5729 
70.6302 69.5811 68.4379 67.534 70.5926 69.708 68.478 67.427 70.9299 69.898 68.7512 67.6104 70.7744 70.0566 69.0531 67.9102 
72.3035 71.7312 71.0018 69.4701 72.4607 71.8983 71.0895 69.7056 72.6103 72.018 71.1125 69.7863 72.5023 72.0585 71.3155 69.7669 
73.9273 73.0138 72.0399 71.5877 73.9622 72.4862 72.2322 71.8195 74.1673 73.0674 72.3619 71.79 73.8239 73.0859 72.434 71.6826 
214.768 216.201 219.671 218.391 216.903 216.752 220.815 221.03 219.754 218.363 222.958 224.888 219.627 219.729 222.431 223.758 
205.072 205.824 205.698 207.411 208.338 209.64 206.404 206 211.586 209.943 213.066 214.301 213.502 213.234 215.168 216.505 
201.483 202.664 201.99 203.505 204.383 205.958 202.461 202.04 208.36 206.026 208.661 210.348 210.508 210.003 211.388 212.647 
198.42 199.298 199.13 200.532 201.01 202.148 199.102 198.948 203.767 201.508 204.44 206.106 205.642 205.137 206.477 207.939 
198.237 196.949 198.699 196.978 197.982 198.798 198.825 198.408 196.918 198.294 199.096 198.851 196.817 197.945 197.569 198.703 
175.191 176.91 176.321 175.493 174.239 175.49 176.092 174.998 172.55 172.99 173.631 173.435 174.069 173.103 172.809 172.859 
156.6 156.449 155.963 155.759 155.475 155.272 154.47 154.65 154.726 155.093 153.108 153.941 155.704 155.75 155.449 155.127 
138.24 137.58 137.425 136.519 138.863 138.121 136.876 135.983 138.284 137.345 136.911 137.074 138.431 138.413 138.367 139.008 
131.798 131.449 131.157 130.623 131.758 131.54 131.272 130.869 131.846 131.365 131.451 131.325 132.102 131.425 131.473 131.875 
126.47 126.51 127.029 127.258 126.944 126.786 127.04 127.438 127.378 127.242 127.479 127.868 127.573 127.805 127.977 128.132 
115.949 118.136 120.345 122.242 116.221 118.087 120.788 123.409 116.697 118.813 121.605 124.381 117.675 120.493 122.604 125.2 
95.9351 102.065 105 108.464 96.0831 102.347 106.646 111.158 97.2159 102.81 108.335 113.623 99.1733 106.448 109.948 115.554 
74.5564 80.2629 82.4559 85.1305 74.898 81.9421 84.6915 86.9682 76.9772 83.0151 87.1539 89.7019 79.1143 85.9073 88.2759 91.3977 
66.3569 68.233 68.991 69.646 65.7493 68.1121 69.0216 69.6437 66.2661 68.28 69.2808 70.0046 67.0977 68.9719 69.4553 70.2195 
63.8998 64.254 64.756 64.9891 63.2501 63.9533 64.4607 64.6647 63.2987 63.8359 64.1934 64.4588 63.3943 63.7709 64.0629 64.2436 
60.7623 61.1312 61.5126 61.6492 60.1553 60.9407 61.2858 61.5861 60.335 61.0072 61.3735 61.601 60.57 61.014 61.3761 61.6443 
58.6132 58.6363 58.1555 57.0486 58.423 58.3231 57.8822 57.0587 58.1327 58.0847 57.3972 56.7604 57.7403 57.502 57.2269 56.5028 
54.6528 55.0221 54.7837 54.901 54.6333 54.398 54.4659 54.5741 54.4815 54.3016 54.2273 54.462 54.4056 54.2137 54.1661 54.2282 
60.041 59.5284 58.6995 58.0209 59.9655 59.3389 58.4903 57.836 59.9675 59.1777 58.2694 57.54 59.7249 59.0455 58.1918 57.3563 
58.7852 57.9862 57.1281 56.5473 59.0045 58.2423 57.3574 56.5596 59.1752 58.3072 57.5089 56.57 58.9936 58.2856 57.5315 56.7342 
60.0058 59.511 58.9186 58.6755 60.1794 59.3318 59.0549 58.8516 60.296 59.5477 59.0872 58.7905 60.0103 59.5866 59.0634 58.6667 
63.6539 63.2092 62.9898 63.219 63.6474 62.7171 63.1475 63.2339 63.6532 63.1269 63.0191 63.114 63.4705 63.1325 62.9254 62.8897 
230.494 226.547 232.711 236.504 226.748 225.503 233.811 235.118 227.816 226.609 235.305 234.462 228.667 229.153 235.729 235.83 
220.044 222.715 225.199 223.805 220.468 221.779 226.329 226.476 223.141 222.968 226.608 228.304 223.681 224.277 225.8 226.73 
207.615 208.868 208.332 209.626 210.533 212.073 208.897 208.252 214.327 212.42 214.971 216.299 216.73 216.223 217.431 218.516 
209.918 209.53 210.329 209.127 209.62 210.399 210.642 210.165 209.842 210.817 211.01 211.183 210.454 211.153 210.898 211.434 
209.758 206.517 206.692 206.519 210.26 209.388 207.185 206.461 207.843 212.41 209.396 207.395 206.113 209.12 207.864 205.972 
200.159 198.872 199.91 197.844 199.976 200.39 199.555 198.345 198.928 199.95 199.969 199.134 198.894 199.857 198.97 199.6 
171.67 171.506 170.594 169.592 171.26 170.353 168.993 168.358 171.539 170.232 168.813 168.513 172.19 171.091 169.579 169.323 
143.295 142.495 140.751 139.876 143.771 142.142 140.176 139.549 143.883 142.23 140.371 140.009 143.513 142.835 141.221 140.299 
132.083 131.298 130.265 129.412 132.99 131.551 129.861 129.255 133.125 131.807 130.222 129.736 132.787 132.255 130.896 129.998 
125.745 125.327 124.955 124.89 126.604 125.742 124.943 124.806 126.941 126.303 125.767 125.388 127.037 126.815 126.189 125.691 
117.81 118.384 119.076 119.947 118.686 119.045 119.696 120.791 119.563 119.986 120.895 121.778 120.183 121.072 121.737 122.534 
94.1832 96.9905 99.3284 103.136 95.4559 98.7334 101.587 104.654 97.5689 100.319 103.163 106.083 99.6621 102.235 104.504 106.996 
75.308 78.6066 80.3084 82.8558 75.9257 80.2129 82.3785 84.5205 78.0308 81.4168 84.7511 86.9568 80.1277 84.2457 86.0363 88.4699 
67.6995 68.3508 69.3699 70.6983 68.0689 68.6926 69.7681 70.8522 68.2492 69.1042 70.0825 71.1779 68.9379 69.7092 70.6856 71.4877 
63.2264 63.71 64.5585 65.7744 63.1788 63.7323 64.595 65.6028 63.3534 64.2828 65.1572 66.0556 63.8177 64.6133 65.6119 66.1847 
58.0458 58.5795 59.3119 59.8322 58.1162 58.7528 59.4724 60.0417 58.2849 58.8942 59.5546 60.0641 58.322 58.9384 59.6707 60.0594 
52.4199 53.1111 53.4524 54.1884 52.5784 52.8107 53.4272 54.1446 52.6547 52.9849 53.6152 54.3673 52.9265 53.2776 53.8185 54.3635 
51.6634 52.2304 52.2777 52.6893 51.731 51.7513 52.0611 52.4235 51.6713 51.7081 51.8816 52.4011 51.7576 51.7128 51.9102 52.1559 
50.3793 50.4656 50.0113 49.9639 50.4168 50.0454 49.8878 49.7227 50.2553 50.0919 49.831 49.7198 50.2643 50.0899 49.924 49.5591 
47.6295 46.986 46.2767 45.6046 47.7246 47.1558 46.3958 45.6335 47.7871 47.0926 46.4363 45.6404 47.6866 47.1094 46.4179 45.5631 
44.8778 44.9175 44.8189 44.714 44.8601 44.9965 44.9535 44.8187 44.9273 45.0044 45.0385 44.9242 44.9092 45.064 45.0117 44.9406 
48.1664 48.46 48.7721 49.2622 48.2181 48.1947 48.8468 49.3209 48.2318 48.429 48.7642 49.2988 48.0836 48.4459 48.7604 49.0693 
233.771 229.861 236.015 239.966 229.518 228.601 237.62 239.276 230.715 229.607 238.731 237.946 231.143 231.972 238.68 238.628 
234.002 229.424 234.253 238.835 229.467 228.957 236.039 237.955 229.76 230.119 237.642 235.924 230.849 231.829 237.775 236.832 
224.752 223.361 225.347 227.751 225.745 226.3 227.606 227.918 227.344 229.589 229.031 228.441 229.553 229.044 230.011 229.115 
218.176 215.933 215.841 216.402 218.889 218.132 216.382 216.063 217.402 221.425 218.708 217.185 216.85 219.13 218.047 216.084 
214.304 211.276 209.785 210.438 216.079 213.933 211.411 211.028 214.076 216.951 214.058 210.766 210.735 212.727 213.583 209.362 
207.855 205.332 203.968 204.195 207.871 206.718 203.866 203.111 205.316 209.296 205.765 203.7 203.533 206.152 205.002 202.477 
190.515 189.313 187.938 187.837 189.885 189.319 188.649 187.525 189.21 188.774 188.357 187.773 190.131 189.603 187.802 187.635 
169.173 167.205 164.926 164.646 170.706 169.219 165.526 163.248 169.863 169.412 166.202 163.066 169.999 168.907 165.669 164.365 
135.672 132.704 129.434 127.176 136.464 132.715 129.038 127.216 137.945 134.366 130.948 127.669 137.725 135.7 131.397 127.777 
123.35 122.444 121.257 120.437 124.131 123.149 121.397 120.574 125.07 123.965 122.268 120.785 125.253 124.489 122.982 121.317 
110.688 110.647 110.76 111.323 111.777 111.904 111.81 112.12 113.159 112.96 113.021 112.887 114.107 114.227 113.993 113.734 
91.5498 92.6939 94.1663 96.5297 92.6917 94.2346 95.8823 97.8055 94.6923 95.7017 97.3566 99.0298 96.4835 97.4135 98.417 99.7456 
80.6414 81.2974 82.3699 84.3227 81.1286 82.4713 83.2968 84.8468 82.6547 83.9186 84.7184 86.0447 83.9838 85.4069 85.7889 86.4375 
69.1049 69.4021 70.1414 71.5709 69.3064 69.4921 70.3124 71.3815 69.6948 70.4931 71.2 72.1534 70.2577 70.9656 71.982 72.5122 
65.544 65.7458 66.4655 67.9255 65.4322 65.6636 66.4162 67.3989 65.4414 66.4266 67.0981 68.0026 65.8082 66.7445 67.77 68.2715 
48.401 67.9413 65.4332 63.5431 48.4321 68.0974 65.6221 63.4641 48.6142 68.6869 66.4315 64.1023 49.1044 69.0396 66.734 64.3273 
46.4073 49.043 48.7956 48.8559 46.6285 49.721 49.526 49.379 46.7879 50.8676 50.3031 50.1364 46.7784 51.7144 51.1969 50.5633 
46.889 47.3221 47.3104 47.6664 47.1122 47.0304 47.2715 47.4872 47.0374 47.199 47.3121 47.6376 47.1344 47.2842 47.4545 47.4798 
41.627 40.9487 40.0249 38.9582 41.7526 40.9313 40.0931 38.9024 41.6303 40.9012 39.9835 39.0077 41.5498 40.8348 40.0335 38.7719 
38.0303 37.6171 37.0075 36.2261 38.0614 37.7643 37.172 36.252 38.0575 37.84 37.2456 36.3605 38.0964 37.8624 37.3374 36.3976 
34.6752 35.0445 35.3511 35.3784 34.665 35.1584 35.3461 35.4755 34.7108 35.1664 35.4454 35.5212 34.6518 35.265 35.5258 35.5832 
36.9143 37.475 37.9692 38.274 36.8712 37.5426 38.0891 38.3503 36.9355 37.6272 38.1385 38.4784 36.9932 37.6989 38.1274 38.463 
241.549 237.282 242.056 247.043 237.477 236.734 243.624 245.949 237.63 237.394 245.02 243.517 237.877 238.799 245.424 244.414 
239.947 239.157 241.119 242.736 240.818 241.626 243.139 243.356 242.174 243.959 244.088 243.836 243.617 242.985 244.743 243.961 
230.683 228.513 231.537 235.269 233.194 232.954 233.764 234.511 235.817 237.246 236.097 235.285 238.289 236.8 238.186 236.896 
226.176 224.401 223.44 225.346 229.838 226.863 226.233 226.851 231.471 228.38 227.663 225.569 229.822 226.705 230.165 227.064 
219.964 216.142 214.203 215.728 222.643 219.215 215.805 216.264 221.258 222.312 218.575 215.163 216.815 218.115 219.445 213.885 
212.635 211.37 208.249 208.731 215.329 211.967 210.741 211.043 216.425 211.316 212.013 208.127 211.336 209.481 214.792 207.789 
186.974 184.624 182.801 183.042 187.623 186.503 183.576 181.85 186.423 186.186 183.925 181.502 186.947 186.447 183.903 182.804 
178.725 175.936 173.452 173.091 179.372 177.875 174.57 171.872 178.209 177.691 174.909 171.763 179.019 177.829 174.172 173.096 
165.585 161.595 158.535 157.346 166.689 163.901 158.94 155.922 165.843 164.793 160.783 156.217 165.751 163.917 160.27 158.125 
128.296 124.589 121.527 119.03 128.789 124.681 120.811 118.859 130.925 126.919 123.09 119.1 131.01 129.326 123.97 119.631 
107.577 106.692 106.712 106.208 108.816 107.551 106.938 106.595 110.893 109.267 107.844 106.601 111.615 109.988 108.656 106.868 
91.2991 91.3557 91.868 92.9115 92.1029 92.6698 92.6441 93.3187 93.743 94.1228 94.1007 94.4129 94.984 95.4979 95.1495 94.894 
81.1729 81.4153 82.0087 83.1426 81.5764 82.5056 82.7969 83.4944 83.1261 84.1645 84.4151 84.8822 84.247 85.4153 85.3978 85.3916 
74.5456 74.9115 75.4588 76.6273 74.6568 75.6843 75.9306 76.6704 75.9854 77.2521 77.5559 78.0759 77.0765 78.6474 78.7555 78.7488 
50.1786 73.1265 69.9013 67.6308 50.0734 73.0128 69.9583 67.2827 50.2871 73.7283 70.7537 68.0043 50.6547 74.103 71.1591 68.2769 
9.18073 66.6908 56.675 50.5338 9.25487 68.7995 59.8605 52.9657 9.16819 74.4328 63.6804 56.9399 9.12805 79.3137 68.1515 58.9517 
18.2677 54.9629 48.6449 44.2808 18.4959 56.6258 50.7658 45.8264 18.6211 60.1728 53.3238 48.4359 18.7046 62.9818 55.9873 49.7608 
33.0779 33.6938 33.3758 33.0639 33.1483 33.6831 33.4168 32.9847 33.1805 33.8138 33.4303 33.1731 33.0555 33.9103 33.6179 33.1934 
32.9842 32.4637 31.7017 30.8353 33.1097 32.4305 31.8327 30.7826 33.0154 32.48 31.7488 30.9163 32.9547 32.4044 31.8119 30.7791 
27.665 27.3287 26.877 26.1808 27.629 27.3259 26.8841 26.15 27.5886 27.205 26.833 26.1839 27.5205 27.2901 26.9016 26.1469 
19.425 20.7144 21.7229 22.6847 19.6452 20.7793 21.8339 22.5748 19.8692 20.9007 21.8865 22.6852 20.0401 21.2793 22.1181 22.7746 
22.003 22.2415 22.7511 23.2285 21.9282 22.3613 22.7575 23.2695 21.9353 22.4009 22.8651 23.2582 21.9777 22.4207 22.9199 23.3448 
254.452 254.82 254.912 254.735 254.574 254.802 255.072 254.852 254.756 254.616 254.908 255.067 254.848 254.766 254.819 254.682 
249.976 250.623 250.663 250.097 250.82 251.135 251.275 250.849 251.361 251.187 251.218 251.49 251.438 251.484 251.533 251.459 
244.314 240.699 242.275 244.328 244.725 244.029 244.814 242.927 243.706 244.04 242.84 243.202 246.254 243.942 244.288 245.523 
237.71 235.089 231.934 232.748 237.387 234.03 231.967 231.992 236.688 234.505 233.335 232.456 236.621 236.045 235.14 232.997 
227.821 226.123 223.613 224.219 230.264 226.59 224.759 225.295 230.494 226.274 224.858 222.004 226.745 224.801 227.113 222.594 
218.337 216 215.969 216.38 217.85 216.633 213.879 214.579 216.382 216.401 212.635 211.825 215.465 216.521 214.594 210.966 
197.771 195.725 194.011 193.705 196.7 195.463 193.936 193.34 196.873 195.144 193.222 193.129 197.614 196.443 193.908 192.901 
181.985 179.663 177.917 177.511 183.086 181.301 177.58 176.046 181.979 181.374 177.893 175.985 182.558 181.307 178.515 177.839 
160.712 156.063 152.786 149.536 158.723 155.903 151.552 149.341 157.755 155.797 153.307 150.955 156.784 154.929 153.289 151.663 
134.087 128.769 127.072 124.872 133.108 129.708 126.416 124.795 133.381 131.585 128.727 125.617 133.056 130.735 129.14 126.81 
108.364 106.448 106.785 106.269 108.63 106.9 106.725 105.894 110.489 108.738 107.118 105.478 111.785 110.724 107.799 106.23 
94.4531 93.9202 94.6716 94.5971 96.481 95.4627 95.5099 95.4995 99.0166 97.8352 96.9221 96.2881 100.743 99.0423 98.2169 97.0301 
82.5308 82.1243 82.3059 82.9238 83.3359 83.6678 83.3895 83.6058 85.2934 85.8344 85.5464 85.3354 87.0562 87.6095 87.2176 86.5513 
72.2135 71.9648 72.0065 72.3745 73.2849 73.4005 73.8096 74.109 75.1028 75.478 76.0919 76.2512 77.0402 77.4842 77.9823 78.0259 
63.065 63.5643 64.1969 64.6546 63.9231 64.7282 65.4302 65.7921 65.4059 66.4339 67.2015 67.5323 67.2061 68.3166 68.8323 69.0433 
31.1314 72.5293 66.9139 62.5476 31.7799 72.8011 67.2689 63.081 32.4823 73.4924 67.7612 63.2846 32.7208 74.1198 68.0598 63.1267 
22.4919 25.5818 24.9328 24.6239 22.6013 26.1806 25.2951 24.9337 22.734 27.6819 26.3756 25.712 22.7821 28.9862 27.6702 26.4629 
24.9199 24.9798 25.1121 24.8726 25.1815 25.1227 25.0733 24.608 25.2833 25.2482 25.0671 24.7418 25.4403 25.298 25.2041 25.051 
24.5002 22.9295 21.6396 20.4289 24.3392 22.7645 21.6236 20.362 24.4991 22.5765 21.5163 20.4888 24.2883 22.7773 21.5575 20.4462 
17.0027 16.0655 12.9142 11.2778 17.1508 14.9912 13.3425 11.1528 17.0338 15.074 12.0691 11.2457 16.4508 15.2883 12.7192 11.2398 
7.18058 8.04676 8.92521 10.0649 7.30561 8.01729 8.95725 9.86684 7.53303 8.04587 9.00563 9.99273 7.61268 8.53056 9.25076 10.0821 
1.31523 1.24298 1.24502 1.96193 1.36734 1.31403 1.3101 1.77946 1.40144 1.34999 1.37204 1.45118 1.43215 1.36369 1.4893 1.60508 
255.31 255.584 255.645 255.593 255.668 255.702 255.601 255.727 255.593 255.49 255.525 255.696 255.406 255.59 255.578 255.556 
254.534 254.239 254.175 254.054 254.594 254.446 254.341 254.162 254.212 254.038 254.104 254.238 254.402 254.291 254.321 254.423 
248.476 244.541 244.56 247.162 248.355 246.884 246.61 245.196 245.382 245.255 244.155 244.665 247.308 245.998 245.773 246.711 
243.918 239.352 238.8 240.866 243.266 241.242 240.639 238.656 239.849 239.424 238.065 238.209 241.688 239.992 239.669 240.642 
235.578 233.03 229.292 230.154 234.996 231.044 228.586 228.947 232.989 230.781 229.389 228.386 232.081 231.993 230.918 228.134 
218.606 217.533 215.446 214.835 218.511 216.803 214.296 213.895 218.888 216.609 213.749 212.938 218.372 216.642 214.163 213.504 
197.463 196.278 194.875 194.752 198.44 196.095 193.678 194.349 199.473 196.514 193.292 194.582 199.97 197.605 195.14 195.595 
187.437 185.156 183.617 183.818 188.49 185.311 182.495 183.109 189.193 186.162 182.469 184.758 189.34 186.859 184.819 185.905 
172.368 169.686 168.807 167.457 173.918 170.225 166.782 167.05 173.704 171.357 167.344 168.639 173.894 171.182 169.36 169.888 
122.405 119.136 118.017 116.74 122.194 119.831 118.063 116.176 123.121 121.304 118.78 116.174 124.341 123.024 119.313 117.248 
103.802 101.869 101.995 101.167 106.017 103.629 102.646 101.955 108.387 106.409 104.185 102.447 110.322 107.352 105.673 103.348 
90.2794 89.4895 88.8836 88.5798 92.9369 92.0218 91.0968 90.4403 95.8154 95.1816 93.9466 92.8438 98.1196 97.3095 96.4356 95.1853 
80.2982 79.3041 78.4958 78.4293 83.0775 82.3289 81.6331 80.9953 85.9947 85.7276 84.933 84.1697 88.6415 88.336 87.7808 86.9383 
70.9206 69.2802 68.5207 68.6825 73.1456 72.2547 71.7546 71.5069 75.9452 75.6131 75.2871 74.726 78.5583 78.2864 78.0094 77.4029 
63.813 63.2162 63.1569 63.6514 65.7155 65.3302 65.2308 65.4965 67.8988 67.9028 67.7775 67.2672 69.2431 69.7491 69.3518 68.283 
62.3587 62.6624 63.6067 64.2691 64.0945 64.4286 64.7272 64.9832 66.0826 66.5104 66.06 66.2602 67.2105 67.6477 67.2116 65.6531 
34.1327 39.5502 30.8573 41.469 37.8309 43.7336 50.8622 48.0959 36.1674 52.2727 49.4083 32.0695 54.5507 51.7465 31.4929 48.8271 
22.1614 20.5863 19.6718 18.4281 22.2882 20.6446 19.3088 18.1458 22.6013 20.5791 19.3341 18.151 22.6731 20.7918 19.2988 18.3133 
20.0676 17.0404 11.9862 8.82831 20.2016 15.7893 12.424 8.62404 20.1295 15.8572 10.8422 8.70418 19.1947 15.8892 11.4882 8.74769 
14.1522 11.1532 6.20312 3.32551 14.0995 9.78568 6.59622 3.24053 14.0388 9.79557 5.03428 3.25741 12.9635 9.88107 5.61026 3.21805 
0.610834 0.538799 0.471794 1.22114 0.652035 0.57934 0.532481 0.993922 0.672649 0.62682 0.583854 0.587611 0.696659 0.615949 0.686641 0.736145 
0.357312 0.181153 0.124857 0.820249 0.356816 0.232889 0.143744 0.595866 0.377592 0.232314 0.195095 0.214271 0.391837 0.277378 0.315487 0.356587 
