9386000
141.488 140.217 139.166 138.821 142.453 141.861 140.869 140.849 144.683 144.078 143.273 142.302 145.217 144.965 144.333 142.921 
139.508 139.585 139.819 140.02 140.475 140.8 140.92 141.216 142.193 142.374 142.421 142.279 142.93 143.009 143.18 142.658 
137.726 138.049 138.352 138.656 138.393 138.78 139.158 139.275 139.568 139.761 139.633 139.636 139.644 139.485 140.75 139.88 
136.333 135.987 135.867 136.468 137.266 137.125 136.783 136.806 138.431 137.996 137.556 137.487 138.482 137.548 138.536 137.796 
135.235 134.785 134.933 135.45 136.156 135.712 135.449 135.425 137.458 136.848 136.047 135.914 137.412 136.203 136.868 136.146 
133.116 132.95 134.823 134.347 134.206 133.407 132.452 132.726 134.379 134.153 133.154 132.766 134.587 134.58 133.337 133.323 
131.143 130.578 130.681 130.372 131.495 130.455 130.047 130.025 132.252 132.197 130.622 129.984 132.716 132.504 131.618 130.713 
128.057 127.575 127.049 126.94 127.888 127.483 127.017 127.122 128.347 128.278 127.533 127.525 128.891 129.335 128.93 128.38 
125.727 125.277 124.192 124.678 125.315 124.527 123.729 124.242 124.23 124.185 125.151 126.31 124.661 124.773 126.284 127.092 
122.871 122.524 121.837 122.254 122.622 122.199 121.494 121.984 121.966 122.536 123.12 124.236 122.693 122.625 123.941 124.902 
119.365 119.595 120.241 120.229 121.081 119.971 119.544 119.736 121.1 120.042 120.909 120.723 121.44 121.196 122.034 121.571 
114.831 113.792 114.193 114.91 115.655 114.131 114.458 115.641 116.519 115.566 114.323 115.06 116.787 115.326 114.807 116.277 
113.264 111.949 111.415 112.208 114.283 112.164 112.466 113.352 115.037 113.552 111.99 113.082 115.111 113.812 112.418 114.015 
111.533 110.246 110.615 111.349 112.666 110.884 110.862 111.96 113.489 112.189 110.7 111.482 113.565 111.99 111.106 112.669 
108.236 106.61 105.467 105.708 108.69 107.461 105.445 104.884 108.719 108.017 106.525 105.899 108.377 107.377 105.763 106.142 
106.35 104.394 102.888 102.547 106.574 104.945 103.001 101.819 106.283 105.353 103.912 102.926 105.948 104.313 102.311 102.795 
105.291 103.411 102.175 102.064 105.548 103.969 102.343 101.451 105.319 104.333 102.969 102.315 104.887 103.245 101.484 102.187 
102.063 100.409 100.348 100.593 101.769 100.617 100.429 100.393 101.861 100.797 100.742 99.6979 101.061 100.586 99.8126 99.2802 
98.4446 98.7655 99.5141 100.267 98.5468 98.9772 99.8545 100.833 98.9145 99.4952 100.577 101.332 99.3883 100.097 100.938 101.463 
144.974 143.081 142.521 142.629 145.282 144.639 143.067 142.969 146.444 145.753 144.374 144.557 147.289 146.833 146.152 144.357 
142.513 142.485 142.446 142.467 143.727 143.978 143.109 144.603 144.458 145.047 145.231 145.687 144.403 144.93 144.752 144.465 
139.605 140.524 141.609 141.871 139.915 140.767 141.811 142.302 140.823 141.535 142.318 142.446 141.229 141.763 142.419 142.778 
138.669 138.209 138.221 138.443 139.216 139.048 138.665 138.485 139.767 139.95 139.17 138.798 139.17 138.741 140.255 139.318 
136.108 136.038 137.793 137.028 137.267 136.537 135.168 135.215 136.891 136.47 135.741 135.125 136.801 136.84 135.764 135.848 
134.238 134.409 136.588 135.409 135.134 134.354 133.021 133.051 134.195 134.076 132.729 132.219 133.754 134.274 133.384 132.782 
132.289 132.11 133.218 132.467 132.75 132.145 130.686 130.833 132.037 131.802 130.518 130.2 131.891 132.441 131.61 131.008 
129.842 129.338 128.315 128.381 129.82 128.435 127.792 127.84 129.231 127.36 127.78 128.093 128.951 128.723 129.316 128.934 
127.888 127.431 125.961 126.003 127.891 126.443 125.483 125.633 127.131 125.149 125.757 126.332 126.765 126.523 127.445 127.095 
122.727 122.411 122.199 121.771 124.174 122.748 121.413 121.259 123.94 122.456 122.499 122.064 124.119 123.343 123.617 122.861 
119.653 119.465 119.856 119.411 121.778 120.528 119.461 119.069 122.111 120.823 120.407 119.366 122.128 121.591 121.433 120.273 
117.474 117.251 116.972 116.733 119.529 117.988 117.308 116.736 119.57 117.826 117.607 116.852 119.369 119.032 118.36 117.475 
113.715 112.357 111.764 112.35 114.76 112.776 112.779 113.382 115.351 113.86 112.075 112.884 115.252 113.793 112.355 113.866 
112.169 111.106 108.875 109.053 112.647 111.058 110.268 109.397 112.579 111.439 110.205 110.416 111.979 111.969 110.35 110.202 
108.434 107.542 106.168 105.121 108.396 107.556 106.158 104.777 107.965 107.736 106.765 105.273 108.029 107.687 105.993 105.11 
106.689 104.934 103.09 102.429 106.719 105.463 102.947 101.421 106.14 105.783 104.066 102.458 106.186 105.177 102.439 102.154 
102.519 100.743 100.181 100.139 102.271 100.837 100.285 99.7826 102.152 100.999 100.665 99.1403 101.446 100.752 99.404 98.5002 
100.355 98.6856 98.8907 99.4602 100.342 99.3044 99.1184 99.2554 100.454 99.5256 99.5574 98.2451 99.7626 99.4555 98.6681 97.7814 
99.0928 97.8715 98.3241 98.9676 99.0976 98.4161 98.5189 98.8222 99.4135 98.7656 98.9741 98.1301 98.9276 98.9415 98.4816 97.8349 
146.719 145.361 144.117 143.899 147.616 146.97 144.813 145.57 147.591 147.573 146.827 147.024 147.647 147.727 146.912 145.563 
144.609 144.315 143.913 144.165 146.066 146.296 144.972 146.338 146.42 147.067 146.951 147.584 145.943 146.684 146.541 145.745 
143.643 144.131 145.946 145.857 144.877 145.219 145.879 146.824 144.661 147.012 146.708 145.592 143.924 148.063 147.754 146.135 
142.332 141.906 141.463 140.983 142.954 142.406 141.09 140.393 142.284 142.848 141.647 140.691 140.934 141.209 141.71 141.583 
141.152 140.761 139.745 139.071 142.068 141.449 138.997 138.006 141.439 141.374 139.001 138.043 139.954 139.839 139.542 138.836 
136.683 136.918 137.9 136.493 137.892 137.611 134.965 134.412 136.69 136.369 134.393 133.152 135.927 136.356 134.917 133.81 
134.437 134.396 133.743 133.055 135.262 135.239 133.108 132.6 134.563 133.939 131.809 131.35 133.557 133.297 132.312 131.595 
130.697 130.197 129.84 129.797 130.883 130.061 129.576 129.581 130.685 129.588 129.084 129.306 130.491 129.881 129.43 129.363 
129.484 128.966 127.411 126.548 129.718 128.418 126.98 125.887 129.219 126.53 126.544 126.317 128.681 127.325 127.011 126.302 
126.652 125.283 124.468 122.739 126.884 125.535 123.686 122.463 127.011 125.927 123.496 121.701 126.759 125.04 123.23 121.929 
121.518 121.36 121.459 120.322 123.161 122.153 120.772 119.81 123.184 121.756 120.751 119.129 122.904 121.989 120.987 119.489 
118.258 117.713 116.871 116.331 118.464 118.478 117.378 116.417 117.841 117.467 116.348 115.487 117.864 116.948 115.895 115.632 
114.489 113.838 111.963 111.921 114.841 113.852 113.217 112.241 114.099 113.062 112.111 112.18 113.687 113.268 111.728 111.836 
110.845 110.359 109.729 109.044 110.371 110.19 109.139 108.352 109.701 109.087 108.301 107.847 108.913 108.532 107.946 107.752 
107.077 106.524 105.377 105.167 106.658 106.465 105.277 104.772 106.185 106.097 104.89 104.355 105.566 105.303 104.224 104.027 
102.772 102.244 101.11 99.915 102.643 102.163 101.17 99.6592 102.083 102.154 101.272 99.5045 102.412 102.041 100.168 98.9384 
98.8547 98.3194 97.3437 96.5505 99.1672 98.7356 97.9092 96.7689 99.2329 99.0076 98.0819 96.7328 99.5161 98.9296 97.3659 96.2352 
98.699 97.5247 97.4615 97.7645 98.7591 97.9551 97.6233 97.45 98.8656 98.1893 98.0074 96.7736 98.4948 98.3953 97.4748 96.3887 
94.5229 94.5362 94.6085 94.7911 94.9903 95.0852 95.319 95.4688 95.733 95.755 95.9325 95.7821 96.2066 96.4051 96.4976 96.0835 
148.988 147.375 146.589 146.495 149.209 148.115 146.86 146.016 149.54 148.708 147.857 147.501 150.353 149.625 149.126 147.69 
145.71 145.706 147.352 147.422 146.937 146.866 147.478 148.163 146.748 148.688 148.438 147.018 146.438 150.182 149.636 147.747 
145.431 145.88 147.903 147.818 145.965 146.642 147.848 148.278 145.841 148.29 148.621 147.017 145.491 150.087 150.21 148.712 
144.769 145.06 146.588 146.34 145.52 145.469 145.91 146.082 144.745 146.653 145.697 144.36 144.023 147.633 147.322 145.946 
144.152 144.098 142.945 142.119 144.124 143.514 141.909 141.208 143.267 142.488 141.031 140.501 142.605 142.044 141.179 141.029 
140.832 141.276 140.14 139.807 140.011 141.24 138.972 138.517 139.064 139.455 138.097 137.024 139.959 139.82 138.714 137.2 
137.147 136.895 136.88 137.183 135.824 136.517 138.126 137.131 134.683 134.458 135.971 137.626 135.282 134.274 135.687 134.752 
131.131 131.101 131.335 131.253 131.473 131.583 132.108 131.552 131.428 130.45 131.411 132.241 130.732 130.038 130.028 130.907 
130.592 130.042 130.699 129.659 129.082 129.452 130.294 130.519 127.289 128.932 129.655 129.529 127.176 127.361 129.032 128.182 
126.576 126.67 126.588 125.201 126.654 126.594 126.041 124.67 126.612 126.063 124.892 123.818 126.114 125.069 124.062 123.266 
121.815 122.151 122.608 121.901 121.753 122.148 122.155 121.672 121.575 121.816 121.187 120.668 121.157 120.861 120.411 120.194 
115.208 115.835 115.838 116.086 115.182 116.391 115.285 116.436 115.279 115.36 115.345 116.646 115.549 114.935 115.321 116.532 
111.97 111.686 111.733 111.185 110.929 111.774 112.1 111.333 110.497 111.469 112.476 112.527 111.758 111.792 111.418 111.768 
108.194 108.502 108.451 108.357 107.768 108.115 107.745 107.764 106.73 106.826 106.881 106.716 106.129 105.75 105.561 106.03 
104.061 103.903 103.515 103.047 103.219 103.287 102.57 102.217 102.11 101.916 101.596 101.361 101.244 101.004 100.802 100.87 
100.315 99.7415 98.5994 97.6649 99.8463 99.1576 97.8802 96.9872 99.1928 98.2659 97.082 96.3722 98.3606 97.4678 96.526 96.2563 
97.5824 96.925 95.8162 94.8653 97.5643 96.7962 95.7098 94.6743 97.277 96.7035 95.4539 94.435 97.1225 96.3368 94.9334 94.1412 
94.281 93.9607 93.6586 92.9991 94.0563 93.4711 93.6979 92.5552 93.964 93.2184 93.4107 92.248 94.6252 93.7007 93.606 92.7611 
92.6293 92.7302 92.7334 92.7302 93.1751 93.1544 93.1284 93.0916 94.01 93.9016 93.7026 93.6234 94.579 94.5363 94.5009 94.1197 
151.11 149.677 149.029 148.571 151.292 149.923 149.12 148.013 151.525 150.755 150.454 149.276 152.346 151.3 150.949 150.382 
151.315 152.39 152.817 150.917 149.834 151.772 151.76 150.001 150.588 151.577 152.061 150.217 151.896 152.493 152.531 151.501 
146.655 146.916 148.85 148.702 147.033 147.535 148.758 149.254 146.778 149.273 149.744 148.072 146.598 151.219 151.334 149.901 
148.546 148.488 148.102 147.694 147.674 148.347 147.958 148.112 146.962 148.008 148.869 148.625 146.921 148.168 148.779 149.301 
144.769 145.293 144.554 144.437 143.523 144.595 143.149 142.997 142.554 142.934 141.957 141.419 143.805 143.574 142.586 141.827 
140.556 140.742 140.705 140.842 138.388 140.03 141.403 140.106 137.2 137.929 139.291 140.113 138.955 138.213 139.359 137.442 
139.028 139.218 139.177 139.406 136.767 138.518 140.1 139.075 135.567 136.412 138.101 139.154 137.087 136.536 138.003 136.446 
133.923 133.576 134.255 133.608 131.496 132.613 134.46 134.637 129.347 131.449 133.288 134.205 129.782 130.207 132.977 131.752 
130.346 130.513 131.423 130.768 128.575 129.84 131.265 131.879 126.95 128.956 130.484 131.149 126.905 127.789 129.933 129.633 
127.176 127.495 128.902 129.507 125.152 126.665 128.339 129.879 123.359 126.261 128.038 128.79 123.644 125.029 127.41 128.042 
115.945 117.263 117.914 118.806 115.678 117.359 116.911 119.076 116.213 116.766 117.536 119.942 116.724 116.816 117.948 119.838 
112.366 112.404 112.634 112.525 111.264 112.758 112.885 113.11 111.486 112.787 114.101 115.319 113.306 113.514 113.773 114.86 
110.559 110.624 110.792 110.626 109.617 110.983 111.015 111.066 109.73 110.99 112.19 113.196 111.405 111.562 111.778 112.652 
107.639 107.625 108.056 107.763 106.312 107.479 108.269 107.761 105.858 107.287 108.557 108.958 107.027 107.514 107.57 108.03 
99.1575 99.9076 100.547 100.326 98.2731 99.2101 99.6124 99.6836 97.0531 98.0077 98.5409 98.8454 96.6165 96.7858 97.3131 98.0028 
97.4793 97.4376 97.172 96.6352 96.7812 96.5848 96.2407 95.8078 95.5093 95.4363 95.103 94.7071 94.5403 94.552 94.1774 94.1799 
94.3693 94.0027 93.6194 92.7116 93.8716 93.0691 93.1475 91.7427 93.1697 92.3084 92.3027 91.0337 93.4478 92.3887 92.0654 91.3497 
92.6813 92.412 92.2953 91.6801 92.4859 91.8682 92.1958 90.8902 92.3122 91.5512 91.7594 90.6066 93.1019 92.0944 91.8903 91.1807 
91.9925 91.7848 91.7333 91.1839 91.9468 91.42 91.8648 90.7219 92.0502 91.3875 91.7597 90.6413 92.9273 92.0998 92.0507 91.3127 
153.807 154.624 154.636 152.51 152.477 153.819 153.181 151.098 153.364 153.309 152.714 150.716 154.661 154.177 153.344 151.972 
153.376 154.417 154.959 152.751 152.11 153.742 153.447 151.491 152.826 153.184 152.661 150.769 153.837 153.509 152.969 152.128 
152.52 153.768 154.194 151.955 150.814 152.838 152.868 151.132 151.166 152.187 152.492 150.874 152.265 152.583 152.521 151.809 
152.365 152.763 152.817 152.819 151.752 151.927 152.145 152.22 150.504 150.156 150.199 150.832 150.177 149.611 149.279 150.321 
150.195 150.582 151.197 151.277 149.422 149.606 150.321 150.432 148.461 148.262 148.482 149.106 148.153 148.02 147.921 148.613 
143.866 144.832 145.554 146.11 141.944 143.844 144.31 144.695 141.057 142.42 143.172 143.138 141.902 142.626 142.881 142.696 
138.865 139.668 140.774 141.148 136.97 139.048 142.022 141.293 135.693 136.627 139.476 141.923 136.466 136.668 139.11 138.604 
132.663 135.669 137.799 139.698 131.928 135.265 137.667 140.133 131.964 135.034 138.418 140.661 131.196 134.058 137.2 139.494 
128.103 129.147 131.152 132.629 126.018 128.336 130.722 133.062 124.208 127.945 130.79 132.358 124.489 126.98 130.342 131.79 
118.798 121.94 125.568 131.627 117.899 121.808 125.542 130.324 117.6 121.696 126.412 130.346 118.073 121.848 125.515 131.443 
115.113 117.44 120.22 124.631 114.618 117.622 120.46 123.77 114.74 117.788 121.262 124.16 115.424 118.099 120.706 124.979 
110.256 111.606 112.256 113.942 110.202 112.012 111.669 114.348 111.037 112.065 113.257 116.103 112.023 112.491 114.185 116.29 
108.002 108.275 108.779 108.946 106.91 108.276 109.313 109.167 106.896 108.708 110.236 111.078 108.447 109.301 109.697 110.405 
99.8199 101.13 102.429 102.996 99.2028 100.744 101.772 102.586 98.7873 100.183 101.347 102.418 98.7356 99.3803 100.574 101.689 
95.0162 96.292 97.5428 97.7431 94.0899 95.5731 96.7651 97.4045 93.3376 94.6329 96.0013 96.9163 93.2255 93.7166 94.8794 96.0416 
93.2514 93.8361 94.4835 94.1708 92.467 93.1373 93.468 93.6256 91.3383 91.9449 92.4256 92.6621 90.7502 90.9542 91.4221 91.942 
91.9505 91.8696 91.6983 91.2956 91.6163 91.3878 91.0521 90.7481 90.841 90.5953 90.0386 89.7875 89.885 89.7794 89.3452 89.3224 
91.1494 90.7957 90.6085 90.042 90.9517 90.3235 90.59 89.3836 90.6608 89.9724 90.1349 89.0868 91.0192 90.1807 90.0676 89.3519 
88.8415 88.6432 88.141 87.6944 89.4555 89.0752 88.2673 87.7286 89.7684 89.1415 88.4189 88.0469 89.904 89.4895 88.8327 88.3951 
157.44 156.245 154.94 154.782 157.085 156.276 154.874 154.221 157.502 156.719 155.198 154.036 157.773 157.446 156.027 154.262 
155.161 155.987 156.396 154.145 153.797 155.114 154.79 152.709 154.364 154.305 153.645 151.933 155.362 154.678 153.806 152.886 
158.007 157.5 157.744 156.607 157.451 156.876 157.479 156.638 156.524 155.69 154.988 155.373 155.735 154.104 153.256 153.95 
157.964 157.864 158.055 157.809 156.571 156.707 157.103 156.901 154.74 154.531 154.667 155.166 154.389 153.621 153.079 154.384 
154.724 155.47 156.717 157.701 153.382 154.293 155.983 156.799 152.248 152.764 154.255 155.528 151.97 152.402 153.405 154.737 
149.565 151.513 154.451 156.534 148.387 150.431 154.117 155.802 147.595 149.897 152.902 155.143 146.962 149.241 151.701 153.742 
143.695 147.234 150.262 153.449 143.327 147.135 150.082 152.972 143.752 147.478 151.085 153.877 142.649 145.717 149.1 151.881 
136.437 140.307 142.965 146.123 136.44 140.314 142.846 145.939 137.075 140.76 144.5 147.178 136.409 140.119 143.496 145.81 
129.791 132.569 134.915 138.076 129.915 132.989 135.159 138.35 131.355 134.135 137.29 139.793 131.209 133.784 136.779 139.289 
118.675 120.766 123.716 128.289 118.97 122.087 124.517 127.548 119.912 122.852 126.129 128.296 121.269 123.712 126.067 130.32 
113.492 114.841 116.714 118.471 114.581 115.81 117.867 119.548 115.936 117.625 119.412 120.632 117.198 118.724 120.327 121.439 
106.839 108.093 109.725 111.298 107.283 108.932 111.019 112.415 108.398 110.211 112.21 113.626 109.833 111.305 112.81 114.276 
100.984 102.468 103.618 105.464 101.179 102.779 104.098 105.739 101.787 103.55 105.177 106.819 102.429 104.022 105.661 106.863 
94.0986 95.4749 96.9323 98.3372 93.5538 95.0123 96.8573 98.51 93.6862 94.9186 96.722 98.6669 93.9654 94.9305 96.4688 98.2312 
90.616 91.6139 93.0081 93.5404 90.0405 91.279 92.5675 93.5283 89.6458 90.6859 92.2192 93.4078 89.7416 90.2498 91.4944 92.6997 
88.5807 89.0443 89.8307 90.4275 87.8248 88.3005 89.554 90.1391 87.5354 88.0649 88.8869 89.5033 87.0252 87.5049 88.2452 88.9284 
88.826 89.0001 89.0913 89.0709 88.2003 88.2496 88.2785 88.2979 87.441 87.3465 87.1994 87.2738 86.6036 86.4697 86.3732 86.4891 
87.7542 87.7259 87.325 86.8285 87.9036 87.5985 86.9828 86.3384 87.6511 86.9403 86.2726 85.9647 87.1205 86.686 86.0594 85.809 
84.1782 84.5428 84.0863 84.0098 84.6743 84.1882 82.9782 82.9678 84.4442 83.5185 82.4335 81.744 84.4464 84.1625 83.2246 81.7629 
159.898 159.566 158.671 158.44 161.474 158.298 159.099 158.275 162.741 156.852 159.104 157.184 160.792 161.181 160.915 158.296 
159.654 159.475 159.222 158.682 160.229 159.977 159.329 158.633 159.706 159.353 158.699 157.976 159.073 158.514 157.831 157.772 
162.106 161.744 161.575 160.815 161.086 161.176 160.912 160.033 159.472 159.021 158.408 158.374 158.781 157.534 156.485 157.538 
162.881 163.126 163.356 163.043 161.59 162.076 162.242 161.874 159.539 159.29 159.718 160.218 159.309 158.444 158.349 159.648 
161.06 161.516 162.157 162.575 159.682 160.227 161.488 161.984 158.154 158.741 160.375 161.372 158.401 158.824 159.853 161.085 
158.054 159.042 160.139 160.984 157.335 158.339 160.469 161.332 157.368 158.732 160.828 161.986 157.164 158.569 160.465 161.584 
155.197 156.828 157.871 159.451 155.265 157.525 158.78 159.668 156.511 158.444 159.683 160.628 156.561 157.755 159.779 160.341 
152.152 155.415 156.263 157.273 153.876 156.469 156.445 157.037 155.649 155.521 155.106 157.5 155.092 155.531 159.588 160.598 
137.104 137.643 139.169 140.243 138.39 139.458 140.298 140.865 140.308 141.147 141.941 141.768 141.702 142.254 142.932 143.3 
121.12 121.058 122.256 122.764 123.324 123.982 123.944 123.979 125.943 126.392 126.315 125.356 127.944 128.09 128.025 127.897 
112.727 111.365 112.304 113.35 114.558 114.177 114.714 114.787 116.959 116.953 117.533 116.271 119.79 119.705 119.258 118.784 
103.464 102.656 102.241 104.07 104.986 105.173 104.705 105.66 107.241 107.216 107.187 106.784 108.954 108.929 109.197 109.353 
92.9272 94.0602 95.6282 97.1415 93.8118 95.2955 96.9435 98.3302 95.1924 96.7441 98.3345 99.652 96.5589 98.0443 99.34 100.558 
86.0751 87.1526 89.368 91.1975 86.1044 87.6707 89.882 92.2748 86.4852 87.9332 90.7893 92.5443 86.8765 88.5448 90.6372 92.1275 
86.3404 87.0844 88.1991 89.3753 85.8261 86.6064 88.4517 89.5065 85.9508 86.909 88.328 89.4787 86.0091 86.7764 88.0461 89.1394 
85.8707 86.27 86.9331 87.5412 85.1631 85.5495 86.6383 87.3746 84.8118 85.3181 86.1947 86.8899 84.4939 84.8936 85.7056 86.3366 
85.7859 85.8435 86.0552 86.3391 84.7371 84.7496 85.4193 85.6888 84.0533 84.0267 84.2829 84.6763 83.3148 83.2318 83.389 83.8421 
83.5624 83.9686 83.6374 83.7378 83.8073 83.3665 82.3419 82.541 83.4544 82.578 81.6308 81.0699 83.3046 83.0185 82.2083 80.8332 
83.1462 83.1809 82.8226 82.8443 83.4514 82.7798 81.5357 81.4817 83.0427 82.0405 80.9792 79.9529 82.907 82.69 81.848 80.2314 
161.59 161.848 161.246 160.787 163.483 160.441 161.492 160.503 164.427 158.904 161.27 159.208 162.132 162.963 162.962 160.61 
160.974 161.949 161.89 161.524 162.843 160.921 162.406 161.505 163.772 159.417 162.024 160.268 161.343 162.611 162.801 160.845 
164.987 166.179 166.329 165.363 164.997 165.809 165.969 165.105 163.581 163.945 163.858 163.648 162.894 162.629 162.378 162.491 
167.819 168.833 169.278 169.14 166.963 167.705 168.39 168.186 165.304 165.528 166.321 166.976 164.972 164.882 165.163 166.17 
166.278 166.603 167.283 167.706 166.029 166.025 167.17 167.693 164.868 165.038 166.637 167.94 165.187 165.453 166.638 167.444 
163.615 163.874 164.284 165.144 163.67 164.283 165.15 165.779 163.938 164.587 165.795 166.737 164.24 164.88 166.192 166.558 
158.806 161.093 161.061 162.306 160.042 162.365 162.393 163.126 161.563 161.759 161.242 163.289 161.494 162.186 165.346 165.609 
156.733 159.241 159.757 160.645 158.341 160.426 159.994 160.458 160.177 159.671 158.319 160.564 160.402 160.297 163.606 164.049 
152.988 155.317 155.959 156.411 154.997 156.744 156.611 156.537 157.11 156.263 155.211 156.983 157.497 157.173 160.366 160.746 
123.723 122.123 122.846 123.759 129.19 128.66 128.896 128.767 131.359 131.171 131.526 129.962 134.267 133.858 133.132 132.666 
107.83 105.265 104.116 105.659 109.44 108.372 107.093 107.264 111.996 110.927 110.275 108.623 114.494 113.764 112.81 112.304 
100.731 98.134 97.2591 99.1857 102.237 101.366 100.268 100.618 104.619 103.756 103.28 101.805 107.221 106.429 105.647 105.264 
91.0092 90.3092 89.9021 91.3698 91.8386 92.4673 91.8908 92.8455 93.6962 93.8776 93.9592 93.6345 94.8924 95.3887 95.6865 96.1466 
81.8847 83.0502 85.2591 87.1265 82.0168 83.721 85.8421 88.2057 82.3914 84.1608 86.8923 88.6064 82.8558 84.7954 86.8278 88.1587 
82.0645 82.9912 84.4398 85.7734 81.926 83.0983 84.7376 86.4596 81.7031 82.9524 85.1469 86.4832 81.7847 83.1071 84.7325 85.8018 
81.8071 82.6023 83.0385 83.8079 81.6114 82.4061 83.3365 83.717 81.2858 82.2769 83.1539 83.7998 80.7281 81.4561 82.2595 83.2135 
82.4994 83.0464 83.0268 83.1838 81.7054 81.8614 82.1005 82.474 80.7142 80.651 81.1754 81.5119 79.8909 79.6876 80.1156 80.5517 
82.7392 81.5109 81.2866 80.8337 81.8037 80.6258 80.75 79.7018 80.6449 79.2692 79.9873 78.6885 79.5796 79.5014 79.6514 79.2053 
82.9193 82.726 82.0425 82.1106 83.0247 82.1068 80.6432 80.7946 82.3531 81.11 80.0338 79.3482 82.4657 82.0149 80.9877 79.5119 
162.266 163.038 162.734 162.116 163.885 161.129 162.876 161.709 164.894 158.852 161.949 160.048 162.17 163.287 163.691 161.561 
162.683 171.899 174.786 172.191 160.199 171.692 174.209 170.489 158.835 169.161 172.013 169.755 158.696 168.801 171.044 169.691 
172.229 174.366 174.725 174.37 170.831 172.743 173.902 173.794 169.262 170.562 171.249 171.757 168.289 169.095 169.848 170.446 
174.441 175.485 176.116 176.129 173.293 174.11 175.187 175.364 171.52 172.136 173.31 174.263 171.41 171.653 172.514 173.263 
172.775 173.42 173.869 174.325 172.451 173.122 174.068 174.844 171.204 171.695 173.634 175.097 171.584 171.966 173.644 174.231 
169.534 169.497 168.434 170.058 169.461 170.546 170.685 172.025 169.488 170.645 171.584 172.517 169.584 171.023 171.977 171.491 
165.62 166.149 165.274 167.167 165.729 167.846 168.078 169.309 166.735 168.669 169.014 169.448 167.459 169.196 169.658 168.403 
161.17 163.366 163.433 164.213 162.444 164.516 164.211 164.798 164.671 164.009 162.708 164.514 164.904 164.989 167.411 166.993 
156.332 156.081 156.582 156.817 161.149 161.319 161.273 161.275 162.726 162.835 162.417 162.341 163.795 163.583 163.423 162.986 
130.016 129.084 128.768 129.267 150.529 150.236 150.125 149.628 153.201 153.01 152.79 152.053 154.704 154.757 154.228 153.136 
97.9876 94.937 94.7872 95.4629 105.906 104.195 103.803 103.366 107.917 106.971 107.283 105.444 111.252 110.822 109.638 108.76 
86.9705 85.4345 84.4824 85.0928 88.4322 88.1478 87.3076 86.4582 89.6019 89.1508 88.3096 86.5957 90.5639 89.8997 89.8634 89.0912 
80.5341 80.7391 81.0658 80.9219 81.5936 82.1198 82.2898 82.3656 83.0268 83.5657 83.77 83.8319 84.1519 85.0963 85.3131 85.5148 
78.5506 79.477 80.5823 80.8775 79.0281 80.2069 81.1675 82.1763 80.0598 80.9542 82.3056 83.0263 80.5783 82.2592 83.236 83.9426 
75.5984 77.7348 78.2579 78.3181 76.1921 77.7667 78.4984 78.5528 76.4355 78.1846 78.7644 79.3539 77.388 78.0661 78.639 79.4475 
78.6876 79.5883 80.0212 80.6113 78.5081 79.6396 80.3169 80.6009 78.0833 79.2247 80.1012 80.7674 77.6045 78.3622 79.2262 80.2057 
79.4139 79.8297 79.7027 79.4453 78.3292 78.2246 79.2301 79.1138 77.3547 76.2666 77.6155 78.7265 76.5618 76.5264 76.9218 77.7594 
82.2513 80.7721 79.0677 78.691 80.7504 78.9417 78.0244 77.9931 78.7334 76.489 76.6805 77.5349 78.9061 77.6896 76.8587 77.2468 
83.4756 80.8382 78.8583 78.4074 82.2144 79.7176 78.0479 77.4509 80.0752 77.8504 77.5353 76.9886 80.4298 79.1789 78.0225 77.6945 
173.795 186.521 192.796 190.14 170.063 187.233 192.786 188.379 168.75 182.991 189.191 187.09 159.557 173.694 179.087 178.345 
171.088 190.274 197.481 193.23 163.323 188.823 196.999 189.687 160.782 182.327 190.758 187.817 161.912 182.292 188.738 186.956 
180.067 186.487 190.011 188.662 178.459 184.813 187.484 187.923 176.444 181.454 184.861 186.249 177.252 184.113 186.525 185.811 
181.371 182.388 183.409 183.691 180.044 180.686 182.299 182.956 178.86 179.04 181.157 182.283 179.352 179.278 180.722 181.594 
179.807 179.866 179.745 180.078 179.256 179.372 179.848 180.726 178.248 178.063 179.46 180.585 178.331 178.525 179.947 180.051 
175.293 174.925 174.844 174.924 175.311 175.81 175.637 175.965 174.608 175.292 176.161 177.171 174.574 175.019 176.354 176.563 
171.468 171.396 171.29 171.651 170.981 171.83 172.647 173.309 172.446 172.837 172.698 172.8 172.447 173.284 172.962 172.121 
171.023 170.609 170.944 170.24 170.418 170.062 169.636 169.785 172.586 171.21 169.922 169.292 172.217 171.686 170.529 169.708 
169.137 168.41 168.08 166.862 168.759 167.792 166.901 166.801 171.09 168.994 167.664 166.419 170.327 168.989 168.042 166.828 
148.2 146.767 145.723 144.864 156.718 155.35 153.511 152.564 157.623 156.434 154.659 153.285 157.494 156.232 154.923 153.669 
93.3459 91.6795 90.4333 90.1184 96.0576 95.0085 93.9822 92.3237 97.0629 95.9968 94.7954 92.82 97.4037 96.3317 95.8775 94.449 
82.8782 82.5143 81.6229 80.0222 85.2432 84.7035 83.0489 80.5796 86.247 86.2069 84.9714 81.8842 86.4317 85.8358 85.2962 83.9437 
80.6462 79.9115 79.6227 79.6707 81.8044 81.639 81.4754 80.6496 82.5143 82.2714 81.7837 80.7154 82.9927 82.8542 82.8389 82.195 
74.3428 76.0464 76.5361 76.2495 75.1064 76.1865 76.6818 76.7066 75.6895 76.8529 77.0992 77.505 77.0039 77.328 77.5518 77.9692 
73.4659 75.6248 76.1484 75.9137 73.8926 75.2998 76.0098 76.0688 74.1565 75.5896 76.1097 76.617 75.4808 75.9188 76.3021 76.8689 
73.9716 76.1272 76.4488 76.1972 74.1925 75.7887 76.2734 76.2443 74.1819 75.7026 76.1383 76.6739 74.8694 75.3337 75.7778 76.4886 
75.6666 76.083 76.128 76.082 74.1973 74.513 74.9386 75.1751 72.8668 72.8494 73.2108 73.7563 71.8174 71.6469 72.0614 72.6439 
78.1017 77.5325 76.5641 75.5683 76.6025 75.3267 75.4455 74.8656 75.3031 72.8993 73.4854 74.1701 74.418 73.4881 73.1164 73.2062 
80.4715 77.8373 75.364 74.5482 79.4453 76.886 74.539 73.9371 77.6211 75.3371 74.0036 73.6906 78.0991 76.0481 74.3432 73.7903 
203.965 207.756 211.688 211.585 202.996 207.103 212.869 215.45 201.446 204.085 210.136 212.572 200.984 203.727 210.182 211.983 
195.376 199.858 202.979 203.301 194.549 199.249 202.3 204.2 192.71 196.344 200.663 203.048 193.677 198.343 202.46 202.952 
191.345 192.706 195.014 194.713 189.995 190.269 192.485 194.437 188.489 187.65 190.221 192.67 189.326 190.16 192.11 192.568 
188.668 189.422 190.277 190.05 188.165 187.81 188.882 189.834 186.631 185.596 187.146 188.377 186.424 186.9 187.822 187.953 
185.232 185.371 185.715 185.548 184.846 184.801 185.337 185.888 183.779 183.17 184.371 184.921 183.916 183.565 184.445 184.354 
180.711 179.97 181.037 179.665 180.131 180.153 181.155 180.483 180.344 180.088 179.775 179.868 180.201 180.147 179.632 179.76 
178.48 173.393 178.983 174.787 179.822 181.868 181.833 176.37 180.873 181.358 178.285 176.659 176.623 179.778 176.114 176.355 
174.736 173.762 174.243 172.271 174.132 173.055 173.012 171.882 175.726 173.794 171.708 170.972 175.198 174.474 171.935 171.258 
171.06 169.574 168.27 167.147 171.004 169.591 167.557 165.709 170.552 169.301 166.904 164.682 170.198 169.233 166.816 165.42 
155.726 153.595 151.184 149.322 156.601 154.222 151.208 149.137 156.207 154.148 151.129 148.947 155.622 153.683 151.204 149.252 
100.148 98.5947 96.6587 93.9359 102.187 100.087 96.894 93.9979 102.55 101.477 99.0615 95.3405 102.231 100.756 99.2262 97.1415 
83.8176 83.5124 82.2967 80.3015 86.1182 85.4299 83.3818 80.4745 86.9316 86.7039 85.1418 81.5476 86.9701 86.0938 85.2555 83.5751 
80.0087 80.1129 79.4084 77.62 81.7215 81.3579 79.7821 77.7155 82.6264 82.6445 81.5593 78.9715 82.5949 82.3088 81.5195 80.4515 
73.5943 73.6702 74.2047 74.5822 73.8277 73.7919 74.3674 74.7712 74.444 74.3557 74.6916 74.9046 74.9439 75.1815 75.0949 75.1165 
71.2669 73.331 73.9384 73.6745 71.7784 73.2232 73.9219 73.9323 72.1314 73.6477 74.0574 74.4868 73.5298 73.9506 74.1459 74.6786 
71.0772 71.7865 72.3077 72.7066 70.1995 70.931 71.9598 72.44 69.6068 70.2176 70.9688 71.6666 69.3748 69.8144 70.4349 71.0975 
70.7367 70.9691 70.9736 70.9244 69.9125 69.7985 69.8851 70.007 68.9598 68.5736 68.4023 68.66 68.1475 67.679 67.6143 67.8279 
71.7675 70.792 69.8025 68.8549 70.8647 69.739 68.6668 67.9117 69.8303 68.5293 67.3987 66.805 69.1973 67.6327 66.6776 66.2216 
72.2583 70.0219 68.0223 66.2 71.921 69.6859 67.515 65.8445 71.4279 69.3232 67.2497 65.4194 71.0713 68.978 67.2892 65.5002 
210.627 215.742 216.287 214.114 213.404 216.737 217.025 217.785 211.627 213.572 219.552 222.69 214.301 216.994 221.241 220.469 
209.394 209.264 209.092 209.486 208.142 208.069 208.894 209.947 207.165 207.165 209.345 210.91 207.816 207.896 210.289 211.399 
201.362 201.148 201.496 201.439 200.455 199.337 199.944 201.287 198.736 196.975 198.083 199.746 198.47 197.982 198.734 199.483 
196.304 196.23 196.605 196.498 195.944 194.723 195.454 195.105 195.035 193.278 193.708 194.179 194.243 192.769 192.738 192.918 
191.086 191.183 191.811 192.959 193.544 192.714 192.936 192.203 193.09 192.284 190.3 189.624 192.141 191.543 189.175 189.161 
186.021 181.924 185.684 182.587 188.089 189.827 188.213 183.552 188.601 188.436 185.273 183.666 184.535 186.303 183.155 182.849 
181.558 178.281 181.866 180.472 184.044 186.183 183.768 178.559 186.124 185.805 182.748 179.363 180.884 183.714 180.445 179.024 
180.925 175.563 178.973 175.481 182.136 183.248 180.872 175.919 183.154 182.374 177.855 176.426 178.966 181.141 176.39 175.968 
177.555 174.347 171.828 170.322 176.069 173.646 170.705 169.541 176.635 173.818 170.251 169.637 176.471 174.581 170.596 169.198 
149.932 142.839 139.462 136.907 150.076 143.527 139.056 136.656 148.971 143.373 139.489 136.523 148.102 142.774 139.543 137.08 
112.94 106.451 102.259 99.3219 113.882 107.467 102.627 99.4778 113.34 108.253 103.136 99.9197 112.659 108.169 104.413 101.028 
85.9603 84.8269 83.0495 80.4868 87.9003 86.2156 83.3278 80.428 88.4208 87.6061 85.3867 81.6716 88.192 87.0124 85.6133 83.4645 
77.5498 76.8412 75.7473 74.3023 77.9886 77.1431 75.8383 74.4224 78.2655 77.781 76.0577 74.4073 78.7132 78.1784 76.6661 74.8054 
71.7203 71.6462 71.9474 72.1739 71.9601 72.0951 72.2321 72.3577 72.4426 72.494 72.4932 72.4482 72.8141 72.8464 72.6301 72.5856 
68.3947 68.8244 69.6939 70.3997 68.4993 69.0261 69.9253 70.4946 68.6147 69.3638 70.0821 70.5661 69.17 69.6198 70.1309 70.6165 
66.7031 66.9475 67.8853 68.481 66.1887 66.7927 67.7378 68.2962 65.7953 66.3383 67.0364 67.7812 65.7528 66.0881 66.8211 67.7439 
66.6403 66.8578 66.9039 66.6467 65.929 65.8666 65.7363 65.6039 64.9859 64.7436 64.4887 64.4727 64.2448 63.8519 63.62 63.8583 
65.463 64.7393 63.9444 63.0887 64.9201 63.9337 62.8142 62.0494 63.951 62.9347 61.9023 61.1222 63.2923 62.2071 61.3311 60.636 
63.3223 61.7594 60.4853 59.104 62.9285 61.442 59.9126 58.7264 62.5164 61.0183 59.5526 58.3231 62.3209 60.817 59.571 58.478 
216.235 219.416 220.207 218.795 219.641 219.933 219.88 219.666 220.818 217.89 221.093 223.684 221.365 225.296 225.135 223.78 
214.56 216.919 215.553 213.956 216.402 216.823 215.54 215.896 215.376 215.026 217.544 219.469 216.686 217.457 219.104 218.327 
216.253 214.082 212.694 213.77 216.132 213.398 213.918 212.652 214.844 212.268 212.733 210.6 214.452 211.368 210.849 209.861 
201.033 200.839 201.692 202.827 203.47 201.697 202.118 201.22 203.226 201.294 198.735 198.087 202.032 200.277 196.993 197.665 
194.693 194.519 195.888 197.601 198.832 197.519 197.542 195.932 199.499 198.777 195.164 193.606 198.488 197.44 193.411 193.374 
187.771 187.214 188.282 189.773 190.341 190.954 189.649 186.844 192.353 192.317 189.519 186.616 190.331 191.501 188.462 187.424 
182.92 180.1 182.891 182.249 185.486 186.846 184.489 180.362 187.665 187.37 184.538 181.583 183.36 185.676 183.267 181.808 
180.072 178.921 179.387 179.894 182.206 181.718 179.527 177.454 185.036 183.546 181.078 178.766 182.609 182.863 180.577 179.237 
175.417 172.379 169.89 168.903 176.103 172.832 169.926 168.862 177.045 173.947 171.55 169.981 177.344 174.367 172.402 171.453 
158.159 149.721 146.364 144.041 159.059 149.546 145.517 143.951 159.755 150.621 146.728 144.569 159.897 151.416 147.919 145.992 
124.421 115.171 110.677 107.638 125.682 116.842 111.35 108.492 125.411 118.249 113.44 109.426 124.922 118.262 114.791 111.378 
94.1218 90.956 87.3122 83.2057 95.6046 92.1938 88.0463 83.7374 96.5571 93.8009 89.2931 84.7516 97.5442 94.6074 90.898 86.1431 
76.6287 75.7826 74.3523 72.3945 77.3811 76.6084 74.9478 73.0316 78.0793 77.6994 75.7785 73.6018 78.7769 78.3282 76.7197 74.4673 
69.0909 68.5799 68.2687 68.0248 69.6742 68.636 67.6796 67.7955 70.6019 69.6946 68.4741 68.1375 70.9766 70.4012 69.8395 69.401 
65.2936 65.3825 66.2842 66.943 65.1152 65.7172 66.7394 67.2366 65.2212 65.9737 66.7765 67.4284 65.6206 66.2577 67.0025 67.8909 
62.9507 62.9132 64.043 64.6622 62.2166 62.5998 63.8927 64.5847 61.5127 61.9764 63.2139 64.3414 61.1658 61.847 63.0145 64.5529 
61.1923 61.0734 61.6685 61.8479 60.6516 60.6868 61.2682 61.5067 59.8382 59.8633 60.3166 60.9179 59.1619 59.3072 60.0014 60.7907 
57.3134 57.0281 56.7402 56.2552 57.0169 56.6345 56.0814 55.6032 56.3159 55.9319 55.4982 54.9998 55.7928 55.4166 55.0571 54.6446 
54.5269 53.8995 53.4869 53.139 54.5061 53.6838 53.2521 52.8381 54.3371 53.4809 52.9801 52.5673 54.0911 53.4554 53.0726 52.4709 
218.646 221.322 221.625 220.642 222.485 222.245 221.23 221.367 224.247 221.114 222.83 225.093 224.653 227.876 227.169 225.476 
222.295 220.647 219.168 219.675 223.316 220.936 220.883 218.987 222.808 220.034 220.506 218.585 222.524 221.875 220.851 219.122 
221.194 219.869 216.681 217.827 220.874 219.62 219.015 218.2 219.476 218.515 217.801 214.365 220.186 217.356 216.121 214.044 
214.872 213.449 212.06 212.496 215.524 213.658 213.554 211.454 214.353 212.241 211.652 208.735 214.017 211.113 209.556 207.997 
199.477 200.151 200.427 200.795 201.675 201.983 201.808 199.452 201.991 202.596 199.813 197.825 201.91 202.221 199.254 198.803 
193.784 194.352 193.727 192.687 194.137 194.73 193.704 192.658 195.009 195.327 194.375 193.442 195.479 195.726 195.158 194.582 
185.011 184.389 185.005 185.691 186.574 186.714 185.639 183.68 189.158 188.672 187.436 185.238 187.558 188.473 187.509 186.377 
178.866 178.17 177.912 178.515 180.46 178.361 178.068 178.416 183.372 181.766 180.105 179.98 184.215 181.93 180.863 181.421 
173.634 172.577 171.34 171.527 175.292 172.65 171.689 172.053 178.603 176.115 173.999 173.555 179.257 176.603 174.897 175.4 
164.667 161.322 159.086 157.942 166.169 162.694 159.942 158.987 167.614 164.627 162.412 160.856 168.255 165.868 164.59 163.364 
142.875 137.896 133.84 130.98 145.027 139.654 134.74 132.128 146.797 142.254 137.983 134.488 147.472 143.487 140.189 137.188 
104.259 100.348 97.2894 94.6712 106.357 102.918 99.0898 96.4372 108.236 105.676 102.496 98.9687 109.628 106.901 104.731 101.916 
71.8443 70.9683 70.323 69.8037 72.9465 71.638 70.1866 70.0331 74.4457 73.331 71.6207 70.8726 75.2289 74.3813 73.5199 72.6758 
67.367 66.7471 66.567 66.7745 68.1176 66.953 65.9967 66.5911 69.368 68.1374 67.042 67.0612 69.9298 69.0071 68.5553 68.5057 
64.5702 64.5548 64.545 65.0479 65.0683 64.7118 63.9716 64.4312 66.0875 65.2449 64.2996 64.2058 66.291 65.7733 65.4856 64.9207 
59.2928 59.2933 60.2289 60.868 58.72 59.1537 60.262 60.972 58.4499 58.9666 59.9545 60.9078 58.303 58.9846 59.8678 61.1006 
54.1029 54.3701 54.9072 55.4183 53.6995 54.0098 54.518 55.0722 53.1042 53.5165 54.2354 54.7584 52.7052 53.1397 53.5989 54.2961 
47.9941 48.1132 48.1727 48.32 47.9129 47.97 48.0462 48.0439 47.908 47.802 47.8152 47.785 47.691 47.6541 47.6757 47.6249 
49.3135 48.9237 48.7392 48.5341 49.2023 48.7952 48.5602 48.273 49.1364 48.6991 48.4869 48.0996 49.0487 48.6774 48.5415 48.0816 
225.208 224.964 224.894 224.647 227.35 225.791 224.437 223.733 228.987 225.821 225.649 226.303 228.635 231.219 229.608 228.604 
228.447 227.978 225.41 224.869 228.314 228.288 225.614 224.95 228.614 228.815 226.431 224.647 229.02 229.388 228.341 226.519 
225.404 223.82 220.716 221.274 224.374 223.816 223.087 221.423 223.063 222.699 221.831 218.362 223.74 221.586 220.341 218.376 
217.693 219.557 216.805 216.177 215.914 218.921 217.997 217.451 215.177 217.11 216.034 213.969 216.207 215.566 215.109 213.737 
206.41 208.016 207.652 205.658 206.088 208.217 208.245 205.259 204.965 206.505 206.654 205.517 205.183 205.632 205.603 205.514 
200.345 202.316 200.223 199.676 199.424 200.196 200.577 201.245 198.801 199.089 201.192 203.742 199.995 200.007 200.955 201.47 
190.037 189.398 189.823 191.151 191.174 191.527 191.119 192.076 192.972 194.136 194.714 195.038 191.252 192.743 195.6 194.13 
180.728 180.306 180.618 181.648 182.119 180.644 181.719 182.578 185.269 184.224 184.389 184.886 185.498 184.637 184.606 185.74 
169.936 169.002 168.941 169.847 171.754 171.15 169.623 170.106 174.492 175.423 173.866 172.606 176.222 176.372 175.684 175.062 
156.731 155.472 153.934 153.368 159.056 157.291 155.2 154.739 160.927 160.148 158.021 157.197 161.009 161.193 160.251 158.776 
133.281 132.422 130.762 129.838 134.249 134.824 132.522 131.484 135.398 135.358 134.136 133.495 139.141 136.574 135.74 137.187 
102.643 101.332 100.472 100.151 104.389 103.229 102.447 101.85 106.022 105.277 104.698 103.739 107.111 106.673 106.225 105.482 
76.5454 75.8784 75.2122 75.4504 77.7769 77.2795 76.844 76.4908 79.2972 79.1591 78.5031 78.2796 79.8644 79.7409 80.0715 79.5121 
66.1356 65.9085 65.7302 66.0916 66.9098 66.3495 65.4073 65.7322 68.2494 67.1898 66.0336 65.7174 68.5087 67.8073 67.3757 66.5983 
60.3758 60.916 60.6694 60.7334 60.7941 61.9223 61.4219 60.5485 61.6073 61.9252 61.3963 60.3008 61.7224 62.0174 61.7071 59.9441 
56.4992 57.2364 57.2361 57.5482 56.6321 57.8964 57.7199 57.1832 57.0289 57.5422 57.3549 56.5841 56.9157 57.3874 57.2956 55.8766 
44.3216 44.8521 45.0938 45.4907 44.2869 44.7915 45.0887 45.3661 44.3816 44.7065 44.9158 45.1869 44.2913 44.5973 44.7629 45.0254 
36.0965 36.0934 36.1751 36.2906 36.032 36.3381 36.4145 36.1792 36.1811 36.1659 36.3386 36.1111 36.2092 36.2175 36.2383 36.3327 
40.4307 40.0934 39.8412 39.7841 40.5338 40.0622 39.798 39.6079 40.6668 40.079 39.6953 39.4396 40.7099 40.1496 39.7635 39.4761 
237.767 236.812 235.962 237.007 238.661 236.834 235.423 235.312 240.011 239 236.965 235.971 240.715 240.163 238.712 238.052 
238.235 236.767 235.917 236.071 237.746 237.226 235.955 235.226 237.747 237.388 235.963 235.409 237.827 238.172 236.699 236.428 
232.774 232.373 229.736 229.535 229.932 230.212 228.92 229.504 228.587 229.225 228.931 228.513 230.083 229.616 228.865 228.021 
223.445 224.064 224.246 223.913 222.171 223.027 223.51 222.948 220.914 221.102 221.109 221.916 220.908 220.385 219.713 220.706 
207.079 209.427 207.769 207.634 206.333 207.183 207.927 208.731 205.328 205.38 207.248 210.201 206.025 205.666 206.457 207.122 
200.956 202.562 200.664 201.215 200.443 201.16 201.164 202.843 200.347 200.695 202.49 205.837 200.757 200.881 202.552 202.649 
196.835 197.826 195.767 197.026 197.022 196.991 196.772 199.356 197.428 197.637 199.261 202.81 196.899 197.395 199.378 199.335 
185.998 185.114 186.077 188.616 187.668 188.089 187.781 189.673 190.061 192.055 192.261 192.855 188.436 190.754 193.515 191.595 
169.982 170.048 170.975 171.926 171.473 172.073 171.507 172.33 174.602 176.927 176.43 174.899 176.424 178.338 178.149 177.263 
141.58 141.624 141.181 141.165 142.694 144.383 142.383 142.136 144.104 145.62 144.743 144.112 148.33 146.826 146.474 148.045 
130.092 130.087 129.277 128.932 130.911 132.454 131.072 130.474 132.002 132.796 132.472 132.256 135.892 134.082 133.812 135.7 
116.128 116.078 114.967 114.866 116.893 118.406 117.017 116.372 117.958 118.73 118.146 118.147 121.59 119.573 119.653 121.503 
81.7818 81.392 80.8251 81.4883 83.0071 82.7449 82.8643 82.7707 84.3963 84.761 84.5457 84.651 84.9184 85.1604 86.1776 85.9065 
68.7486 68.2662 67.673 68.1477 69.4956 69.1389 68.9094 68.7698 70.3564 70.3281 69.9235 69.9943 70.5082 70.5687 71.0001 70.734 
58.1305 58.501 58.0688 58.0623 58.6468 59.5245 58.8771 57.9339 59.384 59.4822 58.7946 57.6022 59.4968 59.5305 59.2372 57.3385 
44.618 44.2614 43.8664 43.6833 44.4656 44.2466 43.8574 43.6764 44.5588 44.284 44.074 43.6763 44.5806 44.3541 43.9487 43.6335 
31.9717 32.0378 32.3196 32.4834 31.9424 32.2802 32.4737 32.4301 32.0226 32.0662 32.4109 32.401 32.0611 32.1306 32.2351 32.5137 
20.8215 20.0504 18.6125 17.609 20.3574 19.6413 19.1376 17.712 20.1651 19.0557 18.8172 18.0534 20.2397 18.9771 18.2832 17.8952 
6.19371 6.09548 6.14817 6.14907 6.1871 6.12433 6.13249 6.1909 6.11953 6.08742 6.14978 6.13339 6.20903 6.11947 6.17024 6.18265 
252.428 251.891 251.779 252.359 252.4 252.373 252.286 252.393 252.75 252.768 252.74 252.841 252.82 253.015 252.732 252.674 
244.032 243.278 242.853 243.45 242.953 242.932 242.992 243.123 243.074 242.916 243.342 243.212 243.926 243.826 243.616 243.15 
238.546 238.106 237.932 238.329 236.462 236.499 238.033 238.848 236.701 236.802 237.901 239.482 237.998 238.338 237.768 238.367 
230.24 229.21 229.667 229.647 228.205 227.87 228.821 230.937 227.039 227.375 229.725 231.458 228.081 229.543 229.933 228.447 
217.006 218.034 219.694 220.894 217.017 218.445 220.104 220.578 217.621 218.169 219.44 220.186 218.55 218.481 218.958 219.187 
204.788 206.073 204.99 206.123 204.614 204.935 205.517 207.374 204.964 205.069 206.217 209.552 206.592 206.154 206.368 207.096 
195.961 194.646 194.145 197.227 197.727 197.374 196.583 198.991 200.235 200.923 200.268 201.815 198.357 199.364 201.762 200.517 
187.179 186.258 185.415 188.468 189.72 188.146 188.301 191.812 191.902 191.599 191.559 193.635 190.574 190.642 192.001 192.838 
164.321 166.651 167.522 168.3 164.929 166.856 169.371 170.927 171.188 170.822 174.751 173.025 173.234 174.581 174.145 172.21 
150.663 151.445 153.373 154.961 152.041 152.819 154.744 156.312 152.574 154.834 157.247 158.093 154.339 157.526 159.016 159.132 
132.595 133.593 133.507 134.035 133.586 136.032 135.353 135.735 133.905 136.026 136.526 137.319 137.927 137.732 138.009 140.32 
81.4843 102.517 103.431 104.637 81.8634 103.775 105.163 107.414 82.6926 105.639 106.775 108.187 83.7229 106.949 107.355 108.625 
69.4733 77.8916 76.6552 76.834 70.0114 78.7043 78.211 77.633 71.1577 80.3505 79.2159 79.0502 71.4231 80.5221 80.923 79.8709 
55.6442 58.3376 58.322 58.8518 56.0346 58.7043 58.8434 59.5133 56.6379 59.729 59.6654 60.1572 57.5846 60.448 60.6967 60.8217 
46.126 45.6664 45.2316 44.9836 45.9392 45.6727 45.2942 45.1097 46.2479 45.9083 45.6724 45.2096 46.3666 46.0729 45.7258 45.3515 
34.1085 33.5251 33.1415 32.5837 33.9565 33.4583 32.9742 32.5633 34.0252 33.3932 32.9365 32.3208 33.9768 33.426 32.8577 32.2574 
20.1976 19.2177 17.4313 15.9393 19.6066 18.5052 17.6501 15.9996 19.292 17.9366 17.3655 16.3173 19.3435 17.7593 16.7912 15.9939 
12.6446 9.77477 7.75621 5.20824 12.2213 9.67095 7.66091 5.7279 12.639 9.21029 7.39016 5.60387 12.5719 9.62815 6.77438 5.22327 
3.85739 3.25987 2.12843 1.28903 3.53083 2.80819 2.38307 1.36912 3.2952 2.42489 2.17085 1.6123 3.30002 2.29927 1.77699 1.4189 
254.883 254.816 254.85 255.025 254.985 254.929 254.976 255.05 255.172 255.118 255.165 255.113 255.187 255.084 255.131 254.868 
251.715 251.469 251.2 251.753 251.542 251.644 251.973 252.326 251.936 252.009 252.441 252.729 252.021 252.242 252.511 252.409 
238.066 237.375 237.19 236.036 236.487 235.725 236.682 238.63 236.299 236.468 238.426 240.459 237.109 239.021 239.263 237.881 
231.685 230.923 231.69 230.697 230.638 230.23 231.403 233.121 230.541 230.977 232.87 235.049 231.409 233.726 233.578 232.513 
224.075 223.129 224.567 224.383 224.052 224.325 224.705 225.699 224.266 225.245 226.296 227.118 225.345 227.396 226.882 225.16 
208.458 207.893 210.129 211.655 209.168 210.611 211.386 210.983 212.039 213.661 212.642 212.348 214.807 215.399 213.895 213.965 
201.026 200.064 201.85 203.857 202.577 202.843 203.431 203.66 205.582 206.767 205.198 205.037 207.068 207.571 206.235 206.4 
179.666 181.468 182.547 183.557 180.581 182.042 185.035 186.161 186.827 185.765 188.988 187.786 188.093 189.144 188.558 186.624 
164.609 167.889 169.495 170.369 165.118 167.778 171.839 173.442 171.756 171.447 176.454 175.162 173.427 175.404 175.418 173.693 
154.44 158.702 160.551 162.014 155.263 158.697 163.029 165.501 160.147 161.149 167.021 166.903 161.79 165.479 166.113 165.091 
85.5748 116.586 119.914 123.429 85.4077 117.325 120.927 125.876 86.0529 118.93 122.166 125.954 86.7255 120.234 122.11 125.464 
44.1262 90.7937 91.1789 92.9077 43.9605 91.5219 91.7569 95.2053 44.2625 92.9952 92.5176 94.9098 44.7329 94.0207 92.7082 94.4587 
36.1514 74.9214 73.7499 73.8774 36.0244 75.3797 74.2405 75.6804 36.3147 76.8417 75.0173 75.714 37.4454 77.9667 75.8576 75.8209 
42.0013 55.9454 55.0096 54.9878 42.1182 55.9648 55.1021 55.2573 42.5175 56.7521 55.5451 55.6028 43.3007 57.4195 56.4388 55.8789 
38.251 40.2914 40.1107 40.3098 38.2479 40.254 40.1683 40.3605 38.3105 40.5598 40.2287 40.3984 38.5972 40.7401 40.5686 40.5068 
31.3244 30.9558 30.7083 30.2771 31.1285 30.8863 30.6624 30.3129 31.1769 30.8857 30.6 30.2224 31.2119 30.9059 30.596 30.231 
23.2655 19.788 17.8634 14.975 22.8935 19.8433 17.5225 15.4903 23.5761 19.5755 17.1751 15.062 23.5854 20.1949 16.6447 14.6214 
17.9738 13.7063 10.7513 7.01373 17.3835 13.5107 10.5546 7.66053 18.0534 12.9834 10.1558 7.48908 17.954 13.5959 9.31228 6.92583 
9.94046 6.89104 5.19943 2.82894 9.66611 7.00905 4.96858 3.32124 10.3247 6.77575 4.78511 3.07787 10.1732 7.30601 4.3126 2.77351 
