247000
131.087 201.299 184.213 2.83604 238.713 69.6953 241.064 186.833 98.8324 218.759 237.557 243.233 95.1584 242.304 177.209 8.61264 
219.664 248.543 190.939 33.3718 197.989 90.9831 117.72 5.84378 30.3816 28.7817 172.825 60.2417 143.883 195.552 90.9311 222.714 
143.956 23.5072 62.0459 91.1254 47.6891 24.8662 89.1227 41.2845 92.9072 212.378 23.363 20.6451 2.58585 98.45 120.846 9.915 
248.501 151.023 98.4125 193.653 179.271 134.79 104.562 0.998753 77.0701 20.1132 42.1969 84.2846 200.519 175.057 59.1232 163.107 
185.923 206.145 230.653 214.89 42.8446 64.2763 32.5977 22.8749 111.99 43.0074 39.7172 141.719 120.603 45.321 143.57 31.7249 
126.863 29.6889 237.215 147.098 119.104 110.572 124.912 24.2582 47.0773 35.4263 7.03253 138.144 76.9437 102.204 90.6484 25.7456 
242.921 103.984 189.134 166.231 131.461 83.3722 83.582 151.613 94.9141 141.217 119.596 24.2869 11.2429 230.081 183.188 222.74 
23.364 8.29489 63.2501 138.64 196.833 134.208 27.0538 163.345 233.629 231.186 65.5222 162.346 135.867 93.6724 188.216 239.381 
144.593 138.289 128.378 121.887 127.226 111.174 116.212 118.724 131.739 110.078 133.554 134.049 127.854 124.125 145.025 112.845 
128.074 128.475 128.588 129.485 128.873 128.276 128.355 129.28 128.497 128.102 129.049 129.72 128.307 128.48 128.663 129.641 
128.771 129.39 130.458 131.174 128.745 129.531 130.497 131.389 129.139 129.575 130.624 131.415 129.181 130.118 130.898 131.408 
130.48 131.086 131.628 131.889 131.111 131.716 132.108 132.246 131.888 132.333 132.687 132.745 132.205 132.912 133.34 132.86 
134.788 134.383 133.511 132.85 135.449 134.724 133.896 133.061 136.313 135.384 134.728 133.767 136.478 135.785 135.362 134.115 
138.56 137.547 135.34 134.518 139.04 137.329 137.159 137.154 138.756 137.193 137.257 137.118 139.779 138.887 137.639 137.252 
141.055 141.006 137.919 137.273 141.265 139.789 137.868 137.133 141.757 139.75 137.849 137.324 140.255 140.423 137.671 137.46 
143.511 143.489 140.167 139.191 143.629 141.994 139.767 138.786 143.749 141.944 139.425 138.568 142.017 142.336 139.249 139 
150.131 146.578 144.666 142.727 149.331 146.882 144.196 142.857 149.569 148.133 145.69 143.477 148.846 146.489 145.351 143.521 
152.604 148.353 146.271 144.769 151.634 148.766 145.766 144.688 151.341 150.173 148.273 145.984 150.787 148.709 148.453 146.441 
154.27 150.621 148.806 146.98 153.598 150.838 148.167 147.024 153.679 152.032 150.206 148.627 153.349 151.528 150.944 149.602 
158.915 156.581 153.511 151.955 158.71 155.927 152.335 150.405 158.058 155.854 153.466 151.717 158.595 157.353 155.266 153.818 
161.605 159.923 155.795 154.484 161.236 158.762 154.497 152.197 159.468 158.374 155.617 153.351 159.674 159.44 157.427 155.549 
164.444 161.511 157.85 158.411 162.395 162.147 158.031 156.329 163.187 159.989 158.687 155.722 162.838 160.779 159.084 158.668 
161.675 162.208 162.078 161.908 161.451 160.867 160.694 161.694 162.542 162.498 162.027 161.833 163.043 164.174 163.441 162.878 
163.264 163.561 164.408 165.376 163.103 163.24 164.133 165.693 164.245 164.072 165.119 166.268 165.36 165.924 166.566 166.938 
165.958 165.834 166.546 168.571 166.127 165.131 166.164 168.667 167.269 166.162 167.653 169.15 168.013 168.215 169.626 170.76 
168.272 168.053 169.18 171.23 168.561 168.542 169.222 170.804 168.446 168.162 169.823 170.782 169.698 169.503 170.784 171.385 
170.15 170.375 171.283 174.448 171.174 171.585 171.952 174.872 171.048 172.19 175.212 176.795 173.126 173.526 175.802 174.169 
121.345 174.861 136.741 167.108 163.397 179.417 128.288 196.313 168.576 176.986 131.51 195.396 153.99 143.73 173.6 147.196 
211.87 187.338 230.096 9.77044 85.0562 142.17 21.1975 119.16 168.503 174.902 224.173 100.245 164.082 145.238 214.171 250.223 
64.8152 36.7672 165.5 175.614 192.853 48.9309 203.006 92.3846 43.5969 125.472 22.7412 137.586 92.1847 214.294 213.044 233.39 
10.8673 88.7636 98.1822 152.624 167.883 73.1767 113.44 27.0568 122.826 214.696 52.2816 50.2729 159.66 14.3009 96.6065 212.706 
16.8782 109.487 176.271 115.385 252.961 175.837 93.1507 97.3174 242.595 27.4334 134.746 220.519 252.969 1.43083 92.5378 206.147 
195.154 47.7964 98.9509 62.2604 83.3743 116.495 135.957 159.882 197.992 109.144 32.5716 86.247 36.503 87.1515 69.6673 56.2505 
163.048 161.504 82.5278 87.6149 96.9564 254.422 130.31 181.806 171.656 212.937 41.5739 236.949 77.7232 76.9708 129.479 233.843 
250.915 196.376 2.95336 134.424 167.504 93.6336 138.605 164.322 152.611 231.345 203.386 91.593 105.842 185.243 51.7404 20.0877 
94.2008 123.231 84.7576 202.908 147.682 45.7248 44.222 82.2406 174.029 93.636 239.602 244.876 182.841 125.771 177.939 95.8004 
128.712 127.09 128.21 126.601 130.006 129.507 128.567 125.65 127.467 127.916 130.586 130.135 126.744 128.392 128.983 127.612 
128.984 128.406 127.831 127.79 129.852 128.522 127.625 127.544 129.568 128.643 128.645 128.484 129.338 128.985 128.686 128.716 
129.899 129.36 129.241 129.696 130.653 129.469 129.258 129.618 130.806 129.923 129.995 130.299 130.822 130.486 130.184 130.345 
131.709 131.869 131.729 131.859 132.26 132.092 131.475 131.932 132.917 132.712 132.204 132.934 133.082 133.529 133.676 133.442 
136.706 135.438 134.337 133.868 137.298 135.853 136.117 136.694 136.792 136.09 136.586 136.893 138.326 137.564 137.859 137.514 
138.18 136.773 135.959 135.395 138.619 137.443 137.928 137.895 137.918 136.993 138.186 138.558 139.857 138.964 139.202 139.455 
139.508 138.796 137.222 136.767 139.821 138.693 138.92 139.29 139.329 138.437 138.974 139.342 140.519 140.316 139.786 139.568 
144.656 143.393 143.108 143.363 141.812 141.311 142.406 143.665 141.418 142.393 141.005 142.347 141.81 143.688 143.631 142.554 
146.263 146.486 146.061 145.138 146.373 146.07 145.475 144.6 147.181 146.269 144.814 143.709 147.526 146.486 144.859 143.425 
151.252 149.169 148.31 147.049 150.786 149.245 147.718 146.917 150.891 150.223 148.871 147.415 150.368 149.021 148.676 147.421 
152.27 152.275 151.755 151.637 152.693 151.885 151.569 151.004 153.105 152.493 151.921 151.171 153.127 152.471 152.121 151.669 
156.69 157.188 155.109 155.005 157.073 156.712 155.009 154.39 156.479 156.533 154.908 154.292 156.433 157.065 155.521 154.545 
163.511 161.232 157.27 157.737 161.933 161.784 157.748 155.544 162.019 159.48 157.889 154.864 161.168 159.604 157.822 157.16 
164.581 162.859 158.701 159.191 163.029 163.445 159.572 157.621 163.393 161.201 159.617 156.453 162.942 161.599 159.128 158.248 
165.164 163.3 160.806 161.574 163.385 163.725 161.243 160.51 164.967 162.542 161.331 159.341 164.775 163.704 161.464 161.033 
166.287 165.787 165.8 166.858 165.972 164.255 164.425 166.501 167.568 166.161 166.06 166.939 168.474 168.814 168.741 168.845 
168.645 167.7 168.312 170.301 168.338 166.843 167.543 170.097 169.574 167.804 168.464 169.947 170.838 170.669 171.371 171.764 
170.932 170.741 171.402 175.189 172.245 172.44 172.327 174.79 172.546 172.773 174.956 176.241 174.756 174.461 176.184 174.014 
171.374 171.435 172.343 175.606 172.466 172.869 173.138 175.939 172.425 173.134 176.31 177.943 174.808 174.772 177.309 175.509 
171.944 172.333 173.234 175.924 173.091 174.293 175.197 177.896 173.702 175.449 179.453 181.218 176.378 176.457 179.17 178.014 
154.089 94.49 187.873 147.636 0.634218 246.536 170.351 139.48 242.956 92.676 252.582 31.9579 177.543 119.765 120.787 235.202 
103.425 246.536 113.725 209.203 94.3587 135.395 209.082 89.9928 10.6631 244.802 254.823 21.016 98.5039 81.8221 36.9365 2.62859 
135.208 249.297 57.9795 247.353 51.8803 201.996 182.939 251.989 134.206 12.0696 173.627 192.319 253.631 177.833 33.6779 226.836 
54.8407 182.151 249.127 238.864 254.246 155.891 76.6417 40.1743 181.006 87.1924 211.857 218.777 98.9452 149.694 82.6407 32.441 
22.5553 233.688 213.683 125.138 204.885 201.385 113.758 234.628 233.138 104.646 133.007 22.7017 177.607 61.38 35.067 115.367 
63.7047 164.722 99.5466 12.9164 19.9428 176.616 66.5171 34.963 193.085 185.513 32.2153 171.476 148.565 171.296 237.22 177.004 
2.59649 164.762 56.8693 121.981 166.869 73.0578 18.6427 183.36 153.166 38.6338 74.9103 184.413 55.3149 40.3768 67.5796 101.062 
236.302 118.808 172.227 85.8705 85.4308 151.536 91.2489 25.0746 202.425 121.466 106.535 207.993 246.033 237.438 97.2548 132.813 
110.495 169.43 122.076 139.602 96.2057 111.108 105.794 160.605 174.364 142.421 168.419 92.3522 124.67 118.077 112.19 127.157 
130.133 129.15 127.752 127.504 131.488 129.112 127.449 127.061 131.107 129.412 128.674 128.178 130.65 129.654 128.344 128.143 
132.588 131.911 130.839 129.981 132.98 131.97 130.259 129.667 133.091 131.719 129.897 129.763 132.727 131.902 130.389 130.024 
133.534 133.609 132.884 132.076 133.324 133.871 132.927 132.672 133.337 133.186 132.912 133.087 133.65 132.652 132.492 133.463 
135.076 135.248 136.163 135.852 135.894 136.416 135.814 135.276 134.996 135.264 135.769 136.788 135.466 136.014 137.375 139.232 
137.666 136.633 136.385 135.922 138.205 137.437 138.154 138.482 137.112 136.69 138.177 138.947 139.027 138.498 139.366 140.038 
142.394 140.979 141.746 142.501 139.993 139.716 141.861 143.13 139.112 139.886 141.071 142.691 139.552 141.481 142.446 143.029 
144.932 143.814 144.193 144.84 141.623 141.501 143.281 145.142 140.585 142.498 141.731 143.528 140.957 143.652 144.662 143.773 
146.838 145.9 146.29 146.852 143.65 143.618 145.428 147.054 142.582 144.495 143.646 145.341 143 145.237 145.755 145.124 
150.541 150.772 150.862 150.937 150.178 150.326 150.686 150.695 149.711 150.188 150.27 150.209 149.891 149.822 150.059 149.925 
154.217 154.958 156.435 157.014 152.55 153.975 155.941 156.936 151.569 151.278 153.326 155.094 152.18 153.269 152.663 155.148 
157.051 157.423 157.298 157.197 157.068 157.167 156.734 156.625 156.934 157.015 156.596 156.499 156.639 156.591 156.387 156.483 
163.688 164.211 162.202 162.12 164.512 163.495 161.816 160.066 162.991 162.775 161.625 160.653 159.996 161.785 162.439 160.957 
166.263 164.398 161.326 161.522 164.911 165.365 162.22 160.312 165.643 162.829 161.601 159.033 164.798 162.6 160.8 160.574 
167.228 166.958 166.107 164.778 170.237 168.715 168.913 165.842 169.749 169.195 167.453 165.78 169.099 168.742 166.384 165.829 
169.863 168.848 168.564 168.131 170.265 169.533 169 168.059 171.9 171.217 169.856 168.787 172.885 172.387 170.981 169.763 
172.74 171.841 172.525 174.452 173.115 172.646 172.771 173.073 174.564 173.393 172.626 172.299 175.996 175.148 174.355 173.175 
174.242 175.475 177.401 176.897 176.71 177.054 179.236 178.514 178.747 176.98 176.942 177.728 177.731 178.508 175.184 176.871 
172.653 172.901 173.705 177.064 173.923 174.886 174.999 177.115 174.315 175.342 177.832 178.933 176.578 176.499 178.38 176.245 
176.156 177.578 178.942 179.5 176.763 178.713 181.407 182.331 178.681 180.454 183.518 184.331 180.305 180.658 182.702 183.858 
20.271 236.254 79.4032 132.626 182.215 202.512 227.128 224.293 229.936 98.9644 87.3107 84.4031 238.305 26.203 207.151 247.91 
225.95 51.2799 90.1741 21.4186 121.69 158.523 105.41 94.0571 216.886 64.5882 189.616 203.816 191.057 90.1839 37.8248 135.702 
237.581 56.4509 247.798 172.148 230.622 242.243 22.0488 13.8572 162.967 198.788 107.114 179.452 43.1398 86.4624 88.9926 230.149 
205.805 135.491 185.058 220.965 30.9032 118.459 16.3982 116.018 236.939 220.452 105.932 244.696 213.818 44.3449 242.087 238.773 
2.49739 189.959 18.6467 60.9995 84.6403 7.25049 146.326 199.185 35.9746 237.017 223.437 94.454 237.402 182.089 93.4834 133.994 
178.096 187.818 106.528 191.254 157.088 154.02 202.093 250.595 48.5766 72.0422 136.129 35.6389 77.8059 27.7376 194.498 127.834 
126.744 193.91 246.598 131.127 145.963 4.81164 57.3232 223.792 145.244 35.4236 100.346 147.548 15.877 139.563 118.997 179.743 
20.2615 248.255 10.7063 217.406 168.208 123.148 5.45903 245.745 40.4874 132.453 61.4253 31.2799 143.121 175.735 76.3398 145.054 
17.8464 88.0217 227.635 100.722 30.2052 15.8539 22.5666 55.0888 113.205 84.7354 4.62325 217.617 107.836 200.188 107.87 81.6774 
163.274 124.034 128.793 145.674 165.048 150.862 138.395 153.355 126.083 151.636 112.738 125.378 126.327 153.272 98.82 129.483 
134.119 133.82 132.78 131.359 133.428 133.864 133.063 131.83 133.354 132.812 132.332 131.638 132.966 131.246 130.31 131.128 
133.245 134.277 133.902 133.146 132.804 134.382 134.1 133.677 132.848 133.106 133.475 133.707 132.964 132.131 132.24 133.696 
132.096 134.495 136.199 137.464 131.335 134.518 136.939 138.549 131.637 133.575 136.986 138.992 131.791 132.891 135.682 138.901 
137.313 137.267 138.821 139.61 137.579 138.499 140.343 139.728 136.865 137.033 140.385 141.094 138.141 138.216 139.584 142.603 
140.695 140.494 141.145 143.115 140.219 140.655 143.586 144.314 140.019 139.537 143.791 144.597 141.037 140.468 140.771 143.748 
145.324 143.931 144.455 145.931 142.16 141.893 144.771 147.006 141.06 142.217 143.924 145.953 141.747 143.572 144.433 145.415 
148.176 148.95 150.114 150.513 147.663 148.688 149.666 150.836 146.886 147.914 148.823 150.293 146.664 147.244 148.521 149.974 
153.463 154.349 156.299 157.03 151.284 153.22 155.817 157.071 149.887 149.924 152.776 155.137 150.822 152.186 151.893 154.918 
155.329 156.268 158.17 158.995 153.169 154.984 157.309 158.699 152.055 151.75 154.428 156.757 152.948 154.078 153.654 156.46 
162.03 162.457 162.357 163.142 161.553 161.272 161.341 160.849 160.083 159.421 160.201 160.948 157.881 159.946 161.093 161.577 
165.86 166.131 164.872 164.775 166.16 165.313 164.047 162.492 164.284 164.21 163.858 163.196 161.086 162.91 164.345 163.445 
168.214 168.097 166.609 165.892 170.149 168.459 167.608 164.565 168.109 167.254 166.502 165.33 164.609 165.698 166.368 165.604 
174.104 172.329 170.715 170.717 177.26 175.763 173.426 169.889 175.688 175.646 172.998 169.465 175.209 174.376 171.454 170.934 
173.022 171.705 170.972 170.271 176.194 174.195 174.347 171.344 176.214 175.547 174.398 172.365 175.909 175.381 173.916 172.612 
175.622 175.746 177.282 175.558 178.284 177.331 179.581 178.052 180.338 178.163 178.101 178.432 178.91 179.881 176.348 177.907 
175.742 176.709 178.466 177.428 178.204 178.182 180.438 179.326 180.275 178.432 178.42 178.895 179.021 179.874 176.308 177.978 
177.331 178.621 180.541 179.199 179.655 180.014 182.658 181.494 181.512 180.271 180.947 181.561 180.249 181.584 179.09 181.177 
180.203 181.141 182.436 182.817 180.78 182.167 184.072 183.866 182.304 183.308 185.064 185.012 182.874 183.483 184.633 185.23 
176.464 241.93 197.088 19.1399 66.3688 248.857 221.972 144.282 243.966 71.1174 206.983 111.473 51.619 178.155 87.7048 155.883 
96.4339 47.7102 65.5086 248.715 4.68257 243.389 201.028 47.5857 248.121 176.874 37.9989 189.706 116.862 84.0238 136.689 119.27 
111.463 4.31402 166.325 227.867 44.6582 7.63993 67.5769 167.631 227.235 239.155 40.9628 61.5714 124.032 121.934 230.393 131.18 
154.525 73.0499 34.2126 240.367 141.086 24.8914 115.835 19.9298 78.6861 55.16 44.1017 38.2164 90.0119 2.48808 185.683 151.091 
226.797 70.5129 112.461 115.383 169.213 242.51 6.43407 81.5793 185.667 4.38574 76.5461 76.5032 197.316 2.76803 232.371 247.717 
146.269 134.865 68.6422 245.648 75.0533 40.6353 195.445 191.18 76.3103 80.5336 213.044 184.494 207.935 25.2474 203.292 117.855 
112.157 95.24 26.8552 0.267423 214.642 237.926 235.944 215.621 23.077 98.8004 57.5058 253.068 190.05 204.824 226.79 154.491 
130.105 193.664 112.237 94.1572 186.174 100.627 93.6084 37.7019 105.051 25.5089 115.675 40.9771 12.1453 12.314 248.349 22.5456 
216.512 241.494 57.5372 20.4317 87.6011 239.267 56.6957 80.9453 69.5777 23.1672 168.321 158.779 153.322 211.056 215.643 226.138 
146.699 29.9416 99.2015 171.095 71.7594 21.1308 165.712 19.2349 211.361 82.6021 243.816 7.95457 130.279 224.341 108.707 54.659 
172.537 124.168 154.754 126.95 200.264 86.3475 201.844 65.0702 80.5998 131.398 163.335 123.802 168.39 161.089 117.345 89.9363 
130.817 133.763 136.399 138.21 130.016 133.765 137.875 139.738 130.163 132.736 137.321 140.036 129.268 130.612 134.374 138.637 
128.384 134.199 139.769 144.204 127.894 133.201 140.612 145.056 128.684 132.806 140.386 145.738 128.028 132.68 139.705 144.964 
132.619 136.711 141.165 144.588 132.496 136.496 142.336 145.774 133.698 136.724 142.722 146.826 133.708 137.235 142.212 146.061 
143.065 142.805 142.933 144.551 142.874 143.212 145.58 146.105 142.916 142.731 146.581 147.215 144.476 144.408 144.511 146.948 
147.636 147.9 148.229 148.418 147.652 147.847 148.368 149.736 147.169 147.856 149.502 151.435 147.842 149.016 150.477 151.695 
152.727 154.322 153.04 154.151 153.808 155.991 154.556 154.955 152.697 156.272 157.377 156.79 152.779 155.259 158.712 159.384 
153.516 155.094 157.13 157.994 153.207 155.232 157.312 158.743 153.226 155.04 157.395 159.272 153.575 155.432 157.51 159.133 
158.141 158.944 160.669 162.221 155.398 157.081 159.393 161.054 154.39 153.831 156.74 159.436 155.214 156.596 156.913 160.089 
164.278 164.806 165.036 166.618 162.574 163.18 163.405 164.229 161.76 162.006 163.227 164.23 161.726 162.491 163.701 164.799 
168.097 168.062 166.978 167.545 167.719 166.789 165.839 164.822 166.124 165.481 165.45 165.557 163.283 164.858 166.529 166.251 
177.742 175.72 173.059 172.558 177.947 177.192 173.368 170.858 175.233 175.1 173.213 170.558 174.698 173.877 171.97 172.14 
177.231 175.318 173.146 172.812 179.826 178.069 174.9 171.576 177.748 177.564 174.831 171.484 177.137 176.1 173.676 173.141 
179.434 176.525 173.959 174.262 181.344 179.084 175.188 172.601 180.251 179.922 176.866 173.461 180.379 179.187 176.9 175.72 
181.546 179.725 179.664 179.794 183.293 180.178 178.708 179.515 183.974 182.365 179.751 180.972 185.1 183.597 181.771 181.707 
178.696 179.333 180.597 179.08 181.02 180.47 182.412 181.401 182.787 181.1 180.781 181.464 181.533 182.677 179.079 180.778 
186.719 185.714 185.993 186.282 185.968 185.953 187.08 186.315 185.773 185.744 186.14 185.815 187.673 187.494 185.973 185.624 
186.965 187.238 187.852 187.697 187.178 187.574 188.636 187.782 187.307 187.59 187.932 187.429 187.755 188.191 187.958 187.381 
229.816 69.2722 160.572 46.4925 76.487 167.488 17.8888 22.1822 134.419 191.916 169.563 186.993 223.299 239.519 222.938 152.969 
168.518 132.853 176.924 134.204 20.157 243.946 241.047 1.89145 67.7576 134.336 26.8366 182.299 145.568 218.07 189.447 43.2457 
154.8 117.454 117.47 216.565 34.8366 155.291 153.228 67.2218 247.833 199.133 126.367 212.766 13.9284 136.108 161.569 160.386 
60 118.243 220.982 45.5173 215.178 172.501 197.194 0.0750616 243.727 73.0388 157.103 166.79 213.305 189.114 50.7948 225.24 
41.1733 219.985 3.11889 68.6114 205.849 10.6032 105.019 172.562 174.39 174.787 159.862 21.7407 202.622 36.1821 81.1989 18.2774 
251.739 90.9836 103.921 228.28 28.5088 251.675 14.4 112.146 141.879 94.6148 2.38424 156.526 223.341 79.3093 207.904 39.656 
246.493 90.318 32.3255 86.1627 80.3715 192.15 144.254 59.5139 40.2824 61.9139 217.15 185.156 3.18487 199.07 21.0196 176.442 
92.4364 54.2864 153.585 186.272 190.345 247.908 110.422 48.4471 89.2276 109.536 109.141 217.945 253.508 167.457 109.802 203.052 
11.7072 183.11 6.04435 174.361 60.2683 28.069 228.172 92.9633 218.013 118.646 233.036 23.5903 235.354 250.692 146.794 89.67 
41.0748 100.33 236.599 188.467 55.0632 196.661 220.285 131.066 111.964 118.269 177.957 65.6628 60.3286 41.1754 89.4825 143.224 
130.575 12.5099 124.865 171.708 57.4058 195.836 18.694 9.01955 230.192 234.764 87.525 134.43 151.899 235.403 219.745 233.621 
152.989 173.095 241.474 222.571 202.017 16.628 140.669 224.985 62.6054 115.337 97.5368 131.499 45.4377 158.73 138.102 151.767 
134.739 139.066 142.627 139.287 126.32 135.901 133.702 148.462 133.221 133.95 144.589 146.334 123.231 135.588 140.972 151.17 
139.599 140.909 143.204 142.893 142.973 142.755 142.65 143.178 143.733 145.334 145.863 145.62 144.441 145.571 145.218 145.712 
144.052 144.087 144.898 145.179 145.512 145.579 146.066 146.325 147.489 147.718 147.99 148.273 148.937 149.048 148.973 148.869 
152.73 153.557 151.94 152.957 154.272 155.735 154.023 154.047 154.377 157.129 157.507 156.398 155.09 156.867 159.378 159.26 
157.103 158.453 156.871 158.23 159.058 161.085 159.378 159.842 159.412 162.414 163.317 161.895 159.513 161.54 164.939 164.843 
158.744 160.302 159.52 160.972 160.364 162.626 162.009 162.203 159.647 163.356 165.007 164.371 159.517 162.479 166.333 166.677 
169.105 169.581 170.214 171.667 168.022 169.589 171.468 173.346 166.683 167.945 170.979 174.883 164.69 167.793 170.962 174.373 
169.849 170.273 170.784 172.325 168.585 168.934 169.522 170.305 167.433 167.405 168.834 170.091 166.761 167.39 168.981 170.444 
179.54 180.022 178.969 179.031 178.472 178.939 178.712 178.621 175.659 176.198 177.026 176.253 174.419 174.523 175.093 175.801 
181.078 180.817 178.912 177.041 179.973 179.847 177.75 176.44 177.634 176.103 175.533 175.402 176.201 174.805 174.51 175.391 
181.153 179.119 177.595 177.705 183.834 182.588 178.488 175.622 182.507 181.406 177.86 174.657 181.648 179.986 177.187 176.717 
184.572 183.079 182.027 181.504 186.652 183.488 180.39 180.671 187.116 184.938 180.985 182.114 187.942 185.633 183.606 183.573 
184.895 183.519 183.64 183.952 186.595 183.282 181.314 182.875 187.814 185.662 182.084 184.382 189.49 187.48 185.149 186.079 
187.507 186.964 187.382 187.489 188.515 186.723 186.001 187.214 189.73 188.387 185.964 187.735 191.873 190.439 188.073 188.208 
192.103 190.893 190.457 190.436 190.732 190.591 191.003 190.613 190.192 190.044 189.652 189.467 192.431 192.297 190.337 189.119 
194.114 193.331 193.055 192.833 193.247 193.283 193.543 192.769 192.294 191.717 191.36 191.432 193.549 193.564 190.888 189.997 
236.862 21.8269 190.101 192.484 185.898 159.289 58.5607 158.297 59.3096 20.9621 216.116 164.63 45.548 17.0212 72.307 33.9336 
4.98982 212.601 97.7664 239.092 104.503 130.143 16.9091 105.955 167.689 254.373 143.113 188.565 137.276 213.794 3.98006 5.23003 
213.356 159.727 200.373 64.5957 48.8323 92.9595 223.279 41.6663 45.299 33.2216 148.428 33.1896 119.564 172.882 72.1472 162.656 
139.886 206.265 89.9451 224.997 39.297 7.14414 162.458 36.9977 191.157 237.746 144.544 234.9 132.5 127.963 38.3561 188.392 
198.903 219.042 21.7002 192.446 78.8696 118.442 227.033 24.7791 25.5879 18.9275 31.2916 92.0889 76.1418 132.388 151.231 216.778 
151.139 169.307 63.0768 210.907 216.127 57.6031 126.706 59.2818 178.328 243.563 99.4313 44.502 47.1072 148.868 179.293 83.0051 
145.094 232.349 44.7744 63.8743 139.482 248.889 248.953 88.4078 146.829 73.7704 33.1256 76.8436 18.6826 48.2077 237.477 138.973 
131.172 142.502 166.272 96.1232 116.333 145.709 114.07 224.149 44.6969 49.7038 107.651 177.738 137.525 122.399 168.174 219.788 
144.609 165.35 165.388 52.4543 134.465 30.742 102.526 134.673 83.5851 17.7119 116.064 82.5402 217.904 48.5712 230.325 61.4709 
216.036 240.289 236.084 87.1651 105.003 204.755 150.109 225.447 11.0019 178.231 65.0454 231.469 62.6708 116.74 186.815 15.09 
184.757 144.87 229.296 88.5344 11.0948 60.4533 226.163 196.627 181.745 64.327 53.8534 172.327 142.474 203.768 190.03 187.333 
42.7408 45.1781 180.098 148.613 180.374 45.3743 109.592 99.7333 50.6796 240.479 21.158 217.213 58.7003 142.692 219.653 45.3687 
234.223 118.477 239.536 35.1868 125.848 218.749 213.257 181.016 158.545 165.731 162.207 220.792 34.6223 250.987 254.851 37.8917 
107.294 183.94 114.806 169.137 81.0643 162.337 98.0642 125.154 138.233 161.368 120.666 112.985 128.771 74.2809 70.3872 174.004 
148.743 147.933 149.317 146.874 149.617 148.478 149.347 149.479 153.023 152.249 152.735 151.317 151.976 154.427 154.505 152.564 
158.018 158.011 157.21 158.233 159.975 160.61 159.809 160.771 163.397 163.413 163.429 162.423 164.137 163.622 164.235 163.902 
162.5 163.212 161.479 162.535 164.727 166.2 164.498 164.452 165.967 168.491 168.744 166.873 166.276 167.688 170.096 169.701 
184.927 182.468 184.712 182.741 185.854 186.629 186.79 186.918 185.599 187.653 189.517 189.616 184.76 187.659 188.279 189.868 
182.446 182.278 181.864 182.633 181.321 182.428 183.861 185.348 179.63 180.977 183.699 187.476 177.237 179.972 183.07 186.771 
185.827 186.097 185.747 185.796 184.437 185.457 186.012 187.029 182.015 182.606 184.376 187.235 178.757 180.911 183.473 186.822 
190.943 191.535 190.919 190.371 190.427 190.426 189.99 190.205 187.505 187.072 187.64 187.716 185.978 185.062 185.694 186.799 
192.743 191.863 191.328 190.597 194.141 193.173 190.414 189.286 192.25 189.026 186.936 186.593 189.896 187.329 186.41 186.67 
191.825 190.508 190.671 190.054 194.905 193.659 190.285 188.501 194.69 191.029 187.264 186.142 192.951 189.925 188.03 187.718 
192.069 190.429 190.218 189.623 195.218 193.482 190.169 188.515 196.285 193.093 189.516 188.73 195.378 193.286 191.52 190.69 
193.532 193.855 193.619 194.948 197.553 197.532 192.587 192.33 201.911 198.449 199.429 201.121 204.693 203.348 203.13 204.208 
194.522 196.068 196.028 195.205 194.455 196.395 195.791 194.596 196.914 199.051 197.29 194.473 198.982 200.472 198.913 195.896 
196.603 196.951 196.41 195.59 195.762 197.036 196.806 195.621 195.531 196.142 195.817 194.59 197.229 197.686 195.565 193.791 
199.419 199.701 198.997 198.311 198.847 199.402 198.202 197.529 197.718 197.634 195.831 195.651 197.869 197.77 194.505 193.411 
236.067 173.83 213.226 18.7808 247.392 86.9423 71.895 183.654 14.9414 138.97 203.85 24.9519 222.407 253.209 43.302 200.96 
179.301 71.3506 34.5554 147.528 45.7076 72.6958 82.2648 111.146 127.945 46.5982 139.356 38.9805 177.057 76.5595 229.368 72.0946 
157.486 128.368 246.316 127.862 164.614 199.657 13.3545 85.0111 88.1272 39.971 36.2553 119.995 195.775 178.534 49.8479 193.972 
6.34381 121.896 148.253 139.46 247.741 126.989 198.68 74.5233 49.1184 158.081 246.776 203.381 229.158 154.674 136.202 7.23695 
96.9497 169.507 49.63 220.18 97.6924 155.329 181.376 224.501 106.64 172.844 249.502 25.4625 116.042 56.8388 112.553 249.326 
110.82 119.036 183.373 201.641 5.44757 183.654 210.614 234.892 105.309 163.447 212.986 167.066 144.013 192.029 238.347 216.032 
55.2997 221.383 119.887 149.703 108.211 22.1677 202.789 164.194 108.387 167.634 218.755 142.928 61.6913 161.915 149.205 136.373 
186.288 0.127128 42.1937 1.64949 128.919 24.8022 111.577 66.3457 160.659 58.3192 76.5803 125.747 186.689 34.3329 115.543 152.247 
146.157 183.014 87.3142 144.591 98.5001 8.4342 207.555 197.854 239.702 197.152 68.7129 138.91 182.018 59.5937 24.3235 130.655 
112.391 51.1321 190.577 138.103 162.557 99.7765 210.855 75.2286 104.308 100.886 9.81003 183.91 211.654 77.8908 198.944 50.5181 
188.781 207.305 108.541 76.4725 162.321 80.4134 89.1961 240.781 198.999 121.202 173.228 104.318 167.037 158.004 207.02 15.3131 
190.601 129.924 220.061 81.3685 130.488 141.712 239.86 60.0508 197.889 97.9649 162.13 6.56082 204.301 51.9057 109.682 45.3314 
208.278 31.5288 132.365 10.9333 148.373 184.604 188.872 207.347 169.298 70.0903 109.659 208.634 142.275 239.242 187.024 44.0213 
69.1535 244.863 247.854 55.3365 15.7376 133.751 200.271 166.217 99.3981 47.0243 156.958 162.411 0.64895 122.584 221.172 67.2991 
78.4394 78.7363 35.1816 26.6312 200.472 23.1357 122.702 121.782 238.224 128.153 88.8329 197.17 127.736 233.213 99.7105 31.0372 
174.426 183.561 165.679 165.416 162.816 162.788 173.286 182.032 185.438 191.171 183.353 186.23 176.996 190.167 174.329 170.817 
200.658 197.525 199.732 196.64 201.758 202.082 201.037 200.687 203.016 205.013 205.658 203.674 203.226 206.354 206.1 204.915 
204.688 201.727 203.213 200.026 205.566 205.728 205.062 203.757 204.94 207.259 208.224 206.744 204.319 207.326 207.083 207.411 
204.418 201.688 203.227 200.378 203.629 204.106 203.979 203.666 202.18 204.069 205.069 205.542 201.274 204.022 203.909 205.925 
212.21 212.562 211.724 210.816 210.249 210.915 210.416 209.426 207.809 208.2 207.542 207.143 206.078 206.241 206.978 207.893 
211.401 211.913 210.401 209.115 210.186 209.946 208.269 207.475 207.196 206.653 205.493 204.74 205.914 205.049 204.164 204.062 
214.892 213.233 210.254 209.554 213.428 211.253 206.167 208.129 211.43 209.44 204.49 204.82 210.277 209.541 206.712 205.49 
207.63 205.595 204.079 203.39 209.571 207.157 203.002 201.813 209.393 205.755 201.349 200.675 207.912 205.306 202.866 202.245 
204.119 202.645 201.241 203.081 208.075 207.593 201.545 200.621 210.519 209.424 209.175 209.054 211.207 211.714 211.579 211.065 
200.187 200.84 199.762 201.204 204.137 204.969 200.113 198.913 209.006 206.598 207.72 207.541 211.33 211.033 210.974 210.879 
199.394 200.951 200.247 201.182 202.957 204.923 200.526 199.128 207.348 205.923 207.83 207.224 210.068 210.154 210.423 209.794 
202.671 205.173 204.392 203.191 202.22 204.387 203.783 202.983 202.053 204.257 203.288 201.475 203.416 204.184 202.679 200.496 
202.81 204.887 204.032 202.728 202.843 203.794 202.56 202.437 201.683 202.345 200.754 200.348 202.115 201.785 198.96 197.818 
249.467 49.0285 1.58959 100.61 60.4242 46.8808 239.52 113.481 133.52 143.159 87.7779 123.376 84.2645 244.154 238.538 169.282 
221.264 200.208 70.3531 214.376 162.052 149.38 136.429 236.96 45.3159 126.422 52.103 144.399 60.4925 116.475 254.297 217.224 
164.825 38.8249 48.5224 26.9852 117.279 174.067 165.356 240.471 210.014 252.942 44.5007 52.2619 73.7621 110.099 139.223 5.13283 
66.7353 72.9867 222.545 89.4308 52.8006 251.891 203.054 159.865 210.198 60.8214 214.644 78.5714 47.6917 239.115 157.85 22.3388 
66.0012 103.812 171.212 51.5437 134.389 185.623 91.8271 219.253 127.026 33.5068 82.6216 207.052 127.131 219.064 171.715 121.057 
109.96 75.3199 156.033 155.422 202.772 116.77 40.6564 130.956 120.176 173.243 116.325 253.813 175.969 48.4257 146.658 157 
126.448 89.6894 192.306 68.3429 119.792 5.4507 188.827 175.669 92.4335 86.4695 254.671 6.0509 221.1 178.417 85.8621 99.9199 
132.18 139.436 21.6618 146.714 37.9105 136.612 4.9141 179.294 192.646 65.0799 115.489 94.6275 197.593 32.4054 87.6503 46.1456 
2.21742 30.0483 217.811 144.111 136.147 125.675 189.758 117.189 223.498 64.7797 225.905 35.6081 126.682 246.064 135.125 156.298 
169.127 115.924 225.813 0.32789 118.7 5.09649 147.771 89.6198 247.483 233.837 65.8068 129.217 203.566 176.693 3.49169 230.019 
38.3461 3.79156 125.424 189.834 129.356 159.481 49.8679 76.7578 26.6185 175.934 185.629 243.384 34.6499 236.034 18.2016 217.963 
209.713 239.063 171.441 62.4092 136.411 213.455 212.327 64.3449 75.0178 132.161 237.049 147.467 134.794 138.5 214.145 191.277 
148.27 25.7895 48.9793 20.6244 51.6021 8.89283 36.0616 112.398 85.942 248.687 113.416 248.457 47.8496 220.11 141.422 48.1016 
81.7229 75.4012 194.696 159.115 86.6774 158.399 60.9025 8.11831 172.897 70.8502 81.7333 72.1426 183.103 26.779 127.048 26.5118 
147.689 89.086 246.928 65.5752 60.3399 71.5676 238.891 168.164 99.8661 249.932 219.214 81.5966 247.766 244.575 50.7019 196.429 
226.502 221.206 222.798 227.293 229.152 227.552 226.159 228.077 232.569 234.757 232.997 229.577 235.9 235.733 237.93 232.467 
221.234 219.913 219.514 217.648 222.683 222.567 221.14 219.692 226.749 227.073 226.06 223.057 228.157 229.961 229.676 225.199 
217.654 214.842 215.538 212.568 218.116 217.86 216.388 215.237 218.841 219.709 219.368 217.733 219.132 221.075 219.983 219.224 
224.007 223.949 221.808 221.837 222.753 221.972 220.866 220.475 223.017 222.351 220.696 220.552 223.772 222.572 221.446 221.165 
226.151 226.532 225.378 225.265 224.061 224.972 223.476 223.212 223.804 223.406 220.874 219.903 223.473 221.731 220.536 221.842 
223.119 223.553 222.078 221.297 221.635 221.802 219.342 219.633 219.632 219.532 216.639 216.224 218.866 218.378 216.724 215.968 
223.747 221.045 221.373 222.008 223.446 221.883 218.615 219.708 220.251 221.54 216.551 215.977 218.672 220.889 218.517 213.987 
217.002 213.254 210.742 212.256 220.638 216.172 212.77 213.309 219.207 219.909 215.363 211.351 214.083 214.943 216.075 209.88 
214.792 211.27 209.609 210.094 216.465 213.82 210.012 209.51 215.028 218.483 213.094 210.712 213.016 215.246 212.753 209.773 
205.305 204.818 203.474 205.066 209.153 209.517 203.98 203.055 212.288 211.685 211.612 211.844 213.447 213.967 214.082 213.452 
208.127 209.679 208.94 208.401 208.71 210.106 209.54 207.887 211.041 212.363 210.792 208.523 212.728 212.914 211.356 209.235 
209.778 211.275 210.422 209.692 209.252 209.732 209.369 208.97 208.805 209.045 209.722 209.285 209.867 209.193 208.904 208.745 
209.925 211.267 211.036 211.089 209.503 208.813 208.164 209.947 207.566 205.725 205.941 207.629 207.867 205.428 203.936 206.382 
72.1616 200.945 80.2199 159.956 216.867 105.201 90.5973 60.0634 75.68 43.1712 129.959 191.564 129.754 129.927 90.077 115.669 
213.104 16.1382 43.6755 22.9397 27.3782 238.198 94.4033 88.5543 129.7 187.679 10.6461 2.06574 148.004 84.3511 152.119 235.043 
107.384 3.26716 202.147 187.711 156.987 220.613 89.3315 59.4289 191.282 246.066 18.494 88.1069 217.431 133.833 21.7682 177.08 
1.6333 212.516 166.608 183.419 184.319 208.018 4.5961 140.171 178.893 107.524 167.647 129.137 100.676 188.55 80.9089 146.152 
162.022 253.902 164.679 128.46 11.8386 73.7 161.309 91.3892 146.936 181.475 118.21 201.064 15.4132 199.99 183.35 36.8231 
78.6415 136.059 230.269 57.6359 21.0884 13.9255 54.4976 139.992 218.406 115.423 112.883 194.586 9.63182 174.452 60.3503 79.6018 
106.552 217.466 140.712 103.312 28.1418 13.9545 57.8946 198.523 215.592 89.4344 187.758 83.594 162.065 173.914 36.1825 121.72 
99.1285 2.13633 193.443 100.237 140.204 173.345 59.3909 237.054 106.182 206.622 196.74 230.713 211.41 154.788 243.836 102.986 
198.127 37.8748 245.004 8.02773 90.2159 106.12 61.7292 132.96 141.645 243.396 93.9597 156.712 60.0451 228.49 9.54611 203.702 
95.4455 168.511 205.967 56.0225 66.2189 61.3679 103.973 140.534 144.981 115.847 151.35 207.449 98.1144 62.2014 231.75 3.96287 
39.9359 124.282 168.365 172.516 219.236 6.41407 190.172 230.524 118.616 173.986 79.0231 96.1335 60.28 159.083 173.305 118.794 
117.075 111.457 164.354 245.01 112.343 99.7035 138.901 33.2052 222.24 178.439 200.621 37.3769 149.435 233.436 93.9759 170.343 
92.426 167.304 221.78 89.7187 185.37 227.085 1.80645 248.548 69.9664 233.283 43.3634 246.335 92.2736 171.812 162.266 137.608 
151.828 244.957 128.56 13.9489 203.554 121.624 17.2163 57.4003 132.479 6.86968 245.371 74.2148 119.689 213.755 45.3968 16.2065 
229.593 225.414 203.296 233.153 227.609 222.838 229.316 233.315 208.329 230.053 222.587 232.869 228.76 225.081 218.733 211.703 
231.033 225.945 227.575 232.606 234.456 232.302 232.504 233.068 237.292 239.563 237.289 235.6 240.574 239.18 241.298 238.297 
230.321 225.97 226.746 231.094 233.182 231.428 230.508 230.706 235.415 237.432 235.054 232.848 238.294 236.956 239.023 235.967 
237.435 233.884 228.796 229.975 236.963 231.373 230.439 230.125 236.739 233.01 234.213 232.825 236.524 236.549 236.964 233.467 
235.296 234.706 230.842 231.481 233.303 231.675 229.343 230.513 232.659 231.001 228.287 229.49 234.195 231.816 229.272 232.145 
230.403 231.921 230.727 232.13 229.638 230.447 228.885 229.446 229.938 228.872 225.861 225.993 229.906 226.799 225.736 227.805 
226.42 225.813 227.253 228.315 227.013 227.788 225.655 226.061 225.087 226.703 222.821 222.051 223.595 224.454 222.979 220.728 
222.3 220.252 218.285 221.092 229.009 223.681 221.507 223.823 229.42 223.945 221.744 217.892 222.277 220.496 225.25 216.184 
220.508 218.187 216.129 219.055 228.446 222.153 220.733 222.786 229.492 222.52 221.216 217.086 221.857 218.746 224.47 215.343 
216.066 213.006 210.884 212.367 220.427 216.807 213.875 214.214 219.899 220.953 216.962 213.613 215.004 215.46 217.353 211.554 
211.916 215.67 214.873 212.762 214.707 215.932 215.684 215.077 218.607 217.295 214.693 217.33 220.612 217.757 217.645 217.523 
212.283 215.224 213.121 211.625 212.895 214.307 213.972 213.195 216.176 215.144 213.197 215.214 217.28 215.225 215.635 215.461 
215.315 215.77 213.57 213.475 214.723 213.696 213.165 213.52 213.501 212.122 213.777 214.555 211.07 209.34 211.803 215.046 
215.457 215.649 215.378 215.919 214.066 212.763 212.754 215.068 210.607 208.247 211.666 214.459 210.437 207.43 208.602 213.529 
223.503 216.868 174.66 215.902 45.683 249.893 91.9049 52.5407 242.404 102.331 91.792 244.989 167.617 24.1745 172.466 96.6488 
26.2498 17.4081 228.335 192.671 110.428 234.356 249.561 33.7398 64.7705 168.676 6.56286 246.312 3.09733 84.0665 41.2519 179.864 
179.389 42.672 128.58 19.4667 82.0163 91.5685 84.1042 198.148 69.614 179.705 218.548 164.001 39.4475 84.533 9.0029 33.7263 
108.409 202.407 166.846 203.64 49.0016 161.996 185.419 212.568 234.543 141.564 38.4149 44.8743 49.0154 165.721 88.0946 224.15 
60.217 118.835 148.833 23.8592 45.2459 55.3395 143.96 153.219 138.687 0.0438234 93.7474 147.074 49.5187 160.394 55.9556 55.1098 
202.659 95.6541 3.44615 179.752 148.253 48.2476 161.134 164.509 74.4909 122.262 155.838 26.942 194.01 50.4616 19.4965 78.6478 
17.6636 128.691 242.506 160.27 240.751 60.6874 125.759 148.506 31.8172 175.232 162.058 147.923 110.725 67.8022 21.7408 119.606 
114.634 217.182 97.7156 115.946 107.992 193.347 42.6298 53.2359 135.465 159.061 171.739 41.5265 35.7957 10.441 141.757 80.9097 
140.322 172.257 55.3896 36.3424 139.997 28.4003 80.7807 204.83 242.615 249.539 72.9864 51.588 122.386 26.6736 55.2501 83.012 
149.965 93.8738 49.7738 219.352 112.378 33.4503 170.139 129.273 231.922 40.3064 48.0524 26.3492 75.7253 13.8421 188.965 147.546 
80.7341 129.215 253.048 65.7595 101.037 216.533 125.383 3.87973 136.694 251.232 144.5 128.315 59.9515 170.923 171.822 60.1438 
168.682 137.89 108.008 135.961 192.45 251.428 174.214 73.4344 243.046 66.983 127.45 64.0441 44.1634 81.0167 146.876 90.4085 
188.952 183.129 49.2719 208.69 113.962 120.464 128.445 173.197 91.6379 233.745 51.6595 163.415 33.7833 130.172 216.293 206.267 
195.395 163.095 186.183 214.77 185.672 220.425 231.06 233.379 189.722 228.073 173.014 224.076 188.853 191.907 227.202 185.393 
244.903 244.693 248.823 229.743 235.018 237.273 239.827 237.907 241.841 244.6 234.597 239.826 240.056 241.539 237.278 234.172 
237.073 231.96 233.051 238.715 240.69 238.454 237.839 238.397 242.163 245.064 242.892 240.957 245.154 243.773 246.332 243.712 
244.382 240.657 235.909 236.678 244.594 239.428 238.36 237.981 244.499 242.267 243.434 241.32 244.176 245.129 245.775 241.787 
244.757 240.704 233.976 235.354 243.481 236.515 234.962 235.941 241.655 237.297 238.429 237.695 241.014 240.498 240.518 237.988 
243.553 240.439 234.438 236.039 241.311 235.698 234.582 235.507 238.674 235.3 235.545 236.131 238.653 237.429 236.733 236.087 
237.208 237.734 234.18 234.707 235.24 235.424 233.166 233.734 233.415 233.175 230.373 231.054 233.768 231.913 229.009 232.779 
229.431 230.811 230.984 229.274 230.809 234.512 233.919 231.831 229.827 233.907 231.397 229.713 227.602 229.389 227.271 226.126 
227.105 224.434 225.983 226.919 228.357 228.294 225.795 225.647 225.804 228.55 224.615 223.52 223.783 226.804 225.193 221.268 
221.875 220.02 217.875 219.818 227.907 223.388 221.926 223.317 229.059 223.766 224.203 220.888 223.057 219.851 225.756 220.653 
215.923 215.836 219.774 217.834 221.744 221.88 220.461 219.04 221.185 221.442 221.757 222.399 221.133 218.444 219.963 222.105 
212.883 215.797 216.914 215.105 216.136 217.449 217.565 217.182 218.925 217.971 216.776 219.486 220.124 217.144 218.43 219.325 
212.588 213.29 215.83 214.71 216.827 216.478 216.546 215.611 216.195 216.323 216.866 217.929 215.633 213.798 215.921 218.964 
215.63 214.237 212.966 213.084 216.175 214.187 213.694 213.852 214.297 213.295 215.113 215.764 210.146 209.134 212.789 217.143 
215.035 212.479 211.384 212.907 215.815 212.48 212.573 213.955 212.546 211.067 212.808 214.105 207.668 205.62 209.23 214.62 
49.6401 164.228 173.164 20.8672 203.786 242.358 163.158 60.7269 168.365 179.453 165.736 121.531 197.044 2.28793 134.504 24.4225 
148.265 49.8052 124.692 223.347 208.506 179.82 217.7 198.217 221.778 215.421 179.127 122.483 39.1174 247.637 178.454 174.801 
105.762 124.967 252.047 237.703 125.951 187.012 128.668 112.076 113.318 218.026 16.5636 10.4313 139.547 173.76 192.061 33.8187 
251.701 103.358 14.5676 98.076 178.051 32.9359 182.157 105.756 104.697 58.1311 67.7298 110.114 143.64 146.419 214.76 37.5376 
1.80063 167.676 140.458 45.7908 238.835 29.3252 2.74366 23.2756 175.527 119.881 11.4105 98.562 68.2807 10.9299 243.433 131.807 
42.2831 99.0194 62.4111 158.902 204.067 80.4412 44.5401 185.955 37.9663 91.6703 206.142 82.1542 156.261 222.424 42.2527 105.664 
53.6201 88.3373 188.762 145.702 70.9826 59.5262 163.816 151.872 133.013 28.3977 27.0897 254.182 29.2833 245.558 207.161 16.0486 
50.9002 56.7615 25.8053 129.858 114.078 93.7431 106.52 70.9687 54.2626 197.25 240.492 114.873 199.591 85.8885 225.688 181.207 
97.0133 15.1555 201.823 14.1307 185.533 103.066 191.682 80.3633 161.725 196.983 10.161 86.7089 179.894 16.34 58.2999 147.022 
40.4579 44.3112 179.514 8.62301 92.0206 19.0338 146.577 122.22 9.61329 110.305 54.2162 30.0765 147.989 78.8948 187.52 177.135 
163.117 250.025 35.8322 44.0776 94.0473 169.469 84.1479 68.5781 187.104 232.971 62.7763 230.301 20.047 66.0121 118.896 140.347 
44.734 84.5465 175.215 234.429 154.013 17.643 251.298 123.402 96.5523 218.51 163.884 108.452 215.262 168.729 135.708 17.9214 
232.246 245.689 186.245 226.602 229.986 247.791 206.32 199.159 195.879 250.25 169.979 177.287 209.269 181.541 248.359 204.632 
254.608 253.569 253.493 255.18 255.234 254.2 252.133 253.89 255.169 253.832 252.173 248.923 253.548 252.301 251.285 252.065 
254.541 252.748 253.779 254.035 255.194 254.993 253.072 252.411 255.462 255.218 253.795 248.935 254.699 254.198 252.885 252.683 
250.938 249.364 249.332 246.379 252.398 251.917 250.727 247.729 253.029 253.383 252.43 250.007 253.261 253.544 252.849 251.832 
247.494 246.819 244.969 243.074 248.545 248.549 246.455 244.72 249.877 250.09 248.028 246.311 249.965 249.745 247.566 247.107 
247.688 244.923 240.852 240.917 247.005 242.883 241.804 241.332 245.983 243.152 242.776 241.759 245.211 244.416 243.349 240.84 
244.237 244.043 240.031 239.688 242.266 241.136 239.084 239.615 240.11 238.546 235.975 237.699 240.333 238.022 235.421 238.004 
235.822 237.561 236.412 233.99 235.267 239.271 239.342 238.283 233.245 237.051 236.117 235.23 232.245 233.101 231.917 231.252 
230.233 231.798 232.148 230.339 230.814 235.643 236.605 234.357 230.31 235.132 234.857 233.214 228.458 230.723 230.12 229.107 
228.049 228.164 228.4 227.785 227.313 230.147 230.875 230.035 226.575 230.467 230.719 230.013 226.056 228.576 228.695 228.467 
224.633 224.085 224.965 225.301 223.372 223.856 225.255 226.081 222.566 224.241 225.666 226.618 223.215 224.586 226.504 227.23 
221.207 219.749 221.941 220.81 218.035 220.035 220.871 221.047 218.446 220.165 223.036 222.245 218.19 220.434 225.817 222.639 
213.036 214.002 218.457 217.764 216.553 216.798 218.655 218.554 215.97 216.968 218.346 219.667 217.734 217.1 218.562 219.934 
212.12 210.487 212.574 214.355 211.714 211.616 214 215.096 212.161 213.486 215.467 216.293 212.32 213.673 214.965 216.587 
212.989 209.397 209.009 211.095 213.57 210.511 211.349 212.523 211.963 211.803 213.033 213.793 207.98 207.784 210.965 214.368 
209.388 204.419 205.803 208.755 210.736 208.2 209.187 209.68 206.951 206.899 208.588 209.988 203.957 202.862 205.033 208.012 
98.5659 120.269 83.2461 173.6 0.84382 52.1716 60.1442 162.187 61.8106 163.584 164.08 89.4244 159.863 53.1522 42.0437 159.662 
155.594 129.925 52.6176 164.545 251.523 101.144 192.29 3.87535 95.7087 53.9589 201.641 188.377 9.05843 7.86068 231.605 231.825 
207.494 188.948 125.867 202.365 123.063 31.8762 101.545 197.56 170.092 229.722 179.028 242.917 93.7006 247.371 3.51574 202.768 
43.179 228.727 158.587 204.723 245.823 111.359 226.621 242.492 121.979 246.134 167.246 199.416 135.262 108.979 178.525 122.168 
121.077 167.777 172.657 146.271 161.279 47.4958 55.0867 51.2197 36.7726 225.811 220.325 47.8863 223.716 198.696 120.914 128.745 
180.182 6.64411 78.2085 16.1038 166.556 163.293 73.6169 152.794 243.644 135.62 188.067 23.5514 166.944 187.805 221.785 233.076 
189.282 81.5622 231.539 132.6 162.006 43.9818 66.0067 5.26989 78.1897 86.4328 95.374 201.835 235.714 112.913 33.1353 88.5371 
8.91103 67.4387 160.982 162.975 159.362 97.3926 130.44 164.014 115.423 21.262 159.446 33.378 158.767 174.238 242.673 53.7316 
220.631 1.98522 110.818 162.799 82.6511 52.4178 213.448 211.863 196.965 28.7767 187.642 232.425 17.669 251.495 253.93 108.701 
143.233 208.666 148.583 210.671 49.6602 86.565 202.111 123.911 200.168 137.445 131.856 107.083 115.066 148.565 21.4598 100.975 
76.1501 120.151 71.5176 61.6317 61.5035 87.6674 142.073 120.16 83.4893 125.066 108.101 110.519 105.446 112.335 117.911 63.3705 
115.92 79.3173 156.237 85.6289 102.904 117.719 106.083 92.6403 120.531 101.342 94.6599 88.9188 139.177 130.376 118.398 140.618 
252.837 252.934 252.14 253.839 248.256 247.521 249.058 248.249 255.028 251.962 250.653 249.557 251.502 251.826 251.718 250.353 
254.855 255.261 254.346 255.25 255.084 254.398 252.631 254.843 255.176 253.702 252.831 253.378 254.182 252.856 252.567 254.41 
255.586 255.831 255.742 255.606 255.812 255.843 255.625 255.732 255.855 255.684 255.709 255.787 255.7 255.635 255.636 255.78 
252.987 252.882 254.579 251.961 255.175 255.347 255.069 253.683 255.462 255.646 255.515 255.21 255.434 255.462 255.509 255.64 
250.728 251.063 251.102 248.53 251.288 252.599 252.234 250.323 251.509 252.783 251.996 251.598 251.281 252.336 251.132 251.326 
248.322 248.064 248.283 247.682 247.134 248.441 248.907 248.801 247.457 247.579 246.358 247.032 249.005 247.662 243.5 244.6 
245.194 245.919 245.265 243.205 242.402 244.323 244.725 246.383 239.557 240.289 241.679 242.979 241.29 240.401 239.906 240.313 
237.917 238.891 237.031 238.999 235.371 236.306 240.046 247.848 232.682 233.555 241.699 242.916 232.333 233.83 241.891 237.859 
235.274 229.559 236.472 241.003 230.999 230.97 237.683 238.048 230.795 232.073 238.334 235.378 231.675 232.79 238.006 237.191 
226.673 227.286 229.624 230.382 225.954 227.889 230.394 231.078 226.774 228.973 231.74 232.401 228.371 230.291 232.62 233.176 
222.938 222.665 224.916 224.249 218.909 221.374 223.771 224.572 219.45 221.635 225.012 225.405 220.876 223.84 228.904 226.372 
219.807 218.969 221.103 218.699 213.473 216.971 219.235 219.282 214.873 216.865 221.299 219.611 215.02 219.285 227.308 220.52 
214.66 213.912 216.39 215.469 209.407 212.644 215.375 215.934 211.473 212.911 217.48 216.194 212.412 215.575 222.546 216.714 
208.001 206.178 208.245 210.586 206.64 206.297 209.487 211.082 208.412 209.625 211.965 213.005 210.438 211.515 212.484 213.951 
206.479 204.158 205.334 207.147 206.135 205.11 206.555 207.635 207.259 206.458 208.363 209.489 207.797 207.076 208.775 210.375 
206.433 202.067 202.859 204.896 207.474 205.225 206.312 205.349 204.78 204.99 206.374 207.197 202.291 201.597 203.596 206.255 
180.875 157.944 15.4128 138.524 48.9078 160.942 190.756 128.728 145.066 203.12 212.791 71.5021 103.048 104.54 134.535 217.927 
149.574 166.485 54.8192 21.9826 9.46858 43.7473 4.37933 232.83 236.162 145.222 214.193 235.925 179.322 173.534 5.297 124.071 
74.5667 38.3467 244.723 9.19292 78.7418 52.5712 214.758 41.1009 174.134 218.722 149.835 233.409 96.6425 233.961 166.575 3.22721 
89.984 176.267 139.365 210.372 233.222 62.2442 156.057 42.2011 12.9859 71.78 189.614 239.15 2.5913 200.478 125.581 248.774 
17.4037 189.73 99.1039 5.08341 4.90843 93.7962 9.9066 247.05 224.562 224.312 0.847472 156.001 163.543 167.959 16.4783 113.393 
120.244 34.6774 114.29 191.69 199.448 233.307 214.641 183.774 9.32438 187.17 173.031 114.875 191.728 194.242 88.8094 27.4266 
166.903 210.966 117.998 84.2224 4.54193 158.641 106.12 174.088 113.468 67.3904 19.5773 103.598 193.196 95.1098 158.928 61.4144 
67.6707 47.9955 187.82 89.0194 87.0784 12.1587 224.042 82.1073 215.142 75.6491 85.9533 109.661 32.6826 54.5273 161.355 168.712 
97.9336 96.641 97.3157 80.3839 82.2934 92.0788 100.758 88.6145 91.9619 96.3657 97.2196 88.2726 90.9295 82.9017 88.4579 94.4817 
93.4513 92.4794 87.4717 87.653 93.5501 90.8608 89.3755 86.1931 91.7417 90.5411 89.5959 88.8538 92.0542 90.5516 89.7539 88.3526 
90.1362 89.5228 89.5061 89.0942 90.4159 90.4703 89.3403 88.5601 90.133 90.8504 89.7423 89.8156 89.8422 90.1319 89.1626 89.1246 
91.5122 89.5398 90.696 90.2106 91.4197 90.2406 89.6602 89.2596 91.1284 90.9816 89.8747 90.0652 90.1914 89.956 89.4772 90.1047 
167.573 167.678 171.265 182.979 171.304 177.122 165.12 158.443 161.818 174.281 170.918 177.163 178.947 166.533 152.661 152.579 
255.719 255.893 255.824 255.734 255.794 255.799 255.746 255.793 255.715 255.4 255.651 255.794 255.564 255.421 255.424 255.705 
255.875 255.858 255.92 255.909 255.907 255.888 255.881 255.927 255.926 255.841 255.922 255.932 255.92 255.914 255.863 255.916 
255.226 255.515 255.719 255.573 255.641 255.71 255.858 255.81 255.593 255.744 255.76 255.819 255.53 255.785 255.871 255.681 
250.649 251.585 254.007 253.464 252.131 253.79 254.908 254.924 252.443 254.009 254.721 255.035 252.028 253.972 254.217 254.802 
247.479 243.892 247.822 251.684 246.325 248.068 250.691 248.969 243.938 246.538 246.446 248.248 247 246.757 247.44 249.793 
238.973 239.968 240.224 243.995 236.661 237.423 242.604 250.396 236.055 237.039 244.924 247.189 236.686 238.668 246.498 243.156 
233.281 229.21 235.9 240.23 229.157 227.677 237.092 239.721 230.458 228.618 238.684 238.288 231.074 231.738 239.241 238.691 
236.009 230.55 236.07 242.416 231.07 229.866 237.897 242.12 231.06 231.039 240.263 238.607 231.651 233.001 241.517 239.259 
233.05 227.525 235.006 240.159 228.848 228.28 235.485 236.374 229.416 230.132 236.694 234.479 231.109 232.067 237.607 237.189 
216.043 218.433 222.145 222.828 215.515 218.018 222.425 224.309 217.264 219.947 223.059 224.836 220.033 222.046 224.607 225.081 
213.226 213.697 216.292 214.868 208.181 212.133 215.294 215.828 209.898 212.035 216.217 215.79 210.073 213.352 220.149 214.9 
203.345 205.073 207.135 208.385 201.817 203.79 206.832 208.479 202.112 204.147 207.739 209.46 204.685 205.677 208.571 209.447 
203.658 202.9 204.434 206.632 201.897 201.704 203.996 205.785 203.655 203.354 206.51 208.143 206.394 206.21 208.281 209.331 
202.413 199.671 198.329 201.035 202.284 200.76 200.611 200.139 203.667 202.401 202.385 203.235 203.626 203.019 203.409 204.716 
202.118 199.741 198.486 198.502 203.041 201.963 200.964 198.762 201.616 202.46 202.303 201.87 199.381 200.028 200.703 202.388 
146.886 136.033 80.9504 192.954 249.297 31.2997 245.162 192.501 10.4461 150.138 75.3329 72.0456 212.038 180.367 49.4996 7.39205 
217.632 39.27 224.257 2.74679 241.773 23.9389 27.651 180.671 49.7832 218.582 139.98 137.76 1.34723 155.542 204.108 60.2524 
106.314 106.425 123.534 250.948 159.129 146.007 24.0739 140.247 96.1259 104.415 63.5654 153.629 149.063 18.4941 31.2696 80.1629 
25.1789 232.679 85.1036 21.3546 138.127 138.817 86.1641 157.999 248.346 45.5805 5.5915 225.286 75.067 189.885 120.501 199.71 
139.491 63.3319 142.469 222.614 67.1175 154.284 52.2173 31.2581 32.0333 243.088 63.1099 131.548 171.704 204.606 132.763 2.70133 
71.8126 69.6652 24.7485 137.291 94.0604 184.399 6.6402 174.686 88.0283 113.728 0.329858 145.358 47.629 243.955 138.891 167.251 
61.7954 103.926 100.273 110.185 117.216 122.4 73.7058 118.683 68.6742 136.752 76.3876 128.547 100.113 59.1002 92.5703 100.906 
88.3516 86.5306 85.684 83.0232 88.2274 85.8582 85.6237 82.4966 87.7974 86.342 84.3805 83.2858 89.1333 87.4881 86.0302 85.8267 
88.2887 87.1961 85.9879 85.023 88.297 87.1056 85.7653 84.9153 88.3464 87.1639 85.9814 85.0046 88.3614 87.2692 86.1615 85.12 
89.0003 88.2118 87.3759 86.9863 88.8482 88.4302 87.4846 86.9314 88.5279 87.76 87.2495 87.2903 88.2186 87.3706 86.9608 86.4241 
89.1026 88.5678 88.1727 88.2234 89.3095 88.8316 88.2297 88.2435 89.0854 88.7223 88.4471 88.5957 88.8641 88.3831 88.1865 87.9856 
90.0374 89.0738 89.9093 90.2178 90.1704 89.6977 89.559 89.2995 89.7875 89.8218 89.7817 90.4408 89.5568 89.2669 89.0049 89.6355 
101.308 103.958 105.81 107.23 101.834 103.741 105.72 106.263 102.06 103.622 106.105 106.734 101.738 103.493 106.129 106.675 
250.561 250.761 249.651 250.224 249.982 251.021 250.976 249.381 248.286 250.655 251.464 249.957 248.402 249.718 250.903 249.261 
255.567 255.637 255.512 255.591 255.758 255.733 255.779 255.701 255.739 255.596 255.63 255.806 255.691 255.62 255.744 255.564 
255.205 255.195 255.258 255.436 255.38 255.462 255.746 255.727 255.45 255.43 255.368 255.548 255.001 255.283 255.361 255.143 
248.734 245.685 248.671 252.303 248.127 249.88 252.067 249.667 245.364 247.931 247.987 249.565 246.872 247.674 249.583 251.759 
246.267 241.986 246.216 250.446 244.283 246.019 248.777 245.871 241.421 243.625 244.174 246.38 245.185 243.644 246.231 249.457 
238.351 234.661 240.543 244.173 237.825 238.215 243.295 241.006 236.343 236.791 239.185 242.57 239.654 238.4 240.98 244.703 
220.957 224.861 228.887 228.167 222.361 220.869 228.753 233.135 224.792 221.723 232.685 236.996 225.46 225.019 230.588 231.262 
225.507 226.438 231.533 239.73 223.189 222.418 235.231 235.555 225.279 221.908 235.674 232.873 227.778 230.021 234.236 232.817 
190.766 199.891 199.014 198.731 212.962 203.597 222.33 195.479 217.085 197.81 220.934 221.175 191.972 205.724 193.536 216.183 
204.665 207.514 211.639 211.505 204.963 207.512 211.623 211.96 206.069 207.385 210.063 211.865 206.423 206.968 208.965 209.634 
198.451 199.444 202.002 202.456 198.438 199.449 203.133 203.624 198.358 199.501 201.345 202.421 197.205 197.803 198.952 199.874 
198.805 200.041 201.945 202.577 198.184 199.228 201.727 202.867 198.064 198.772 201.025 202.87 198.382 198.691 200.997 201.664 
198.999 197.675 197.692 200.56 197.475 196.758 197.911 199.44 198.223 197.192 199.111 201.757 200.099 199.517 201.419 203.154 
199.776 195.885 193.089 197.397 199.526 196.932 195.96 196.617 201.064 198.244 198.078 199.39 201.151 199.611 199.926 200.348 
199.199 195.365 191.771 194.674 199.852 198.16 196.557 194.664 200.634 199.451 198.273 198.101 198.762 198.45 198.404 199.125 
254.147 57.381 6.80319 20.5933 90.0249 224.641 96.7423 143.574 68.8559 190.151 51.9295 55.3203 118.902 228.13 130.023 247.332 
19.6936 19.388 20.5141 167.269 206.986 126.653 124.052 136.789 37.9557 78.2281 90.7962 146.717 104.406 57.0628 21.8907 171.075 
25.0898 135.586 221.539 150.714 199.744 110.039 46.1378 16.5993 219.63 18.5557 99.0674 236.307 50.2198 221.961 107.076 238.958 
9.51718 192.698 153.818 54.5205 181.514 23.0218 83.8933 122.582 214.202 92.8467 215.978 191.282 34.3818 247.466 95.9396 133.277 
86.2899 17.5922 116.341 77.2423 32.9893 52.3695 160.076 130.801 86.2643 92.4864 221.078 30.7696 227.322 151.242 106.708 132.249 
72.1752 148.916 113.768 104.15 63.9476 97.2663 118.016 138.426 103.158 95.6139 130.963 66.5618 120.982 80.8033 113.688 136.284 
86.9929 86.323 82.4473 80.3154 88.4042 85.7868 82.4125 77.039 87.6586 86.2749 80.4635 77.8479 88.205 85.4318 81.505 79.5381 
86.1623 85.5004 83.7279 81.5438 86.455 85.345 83.2081 80.9052 86.418 85.1194 83.0062 80.8909 86.4218 85.1062 83.5569 81.6562 
87.174 86.6861 85.7205 84.7606 86.5742 86.4859 85.9395 84.9119 86.0403 85.1299 84.7342 84.5648 86.0173 85.0057 84.3478 84.095 
87.7341 87.8088 87.3102 86.5847 86.7948 87.2194 87.3256 86.6299 85.9909 85.4704 85.8138 86.1606 85.9093 85.1529 85.169 85.5023 
87.7406 87.5005 87.5098 87.7278 87.4739 87.6541 87.6292 87.7996 87.0922 87.0551 87.4286 88.0958 87.0487 86.7483 87.1487 87.3573 
84.6289 86.8783 88.9003 89.9813 85.2294 86.1916 88.5121 89.8159 85.2073 86.6125 88.4038 90.2093 86.6178 88.7298 89.6464 90.052 
83.9678 86.3256 88.9907 91.0889 84.2913 86.8042 89.5268 91.1714 85.8036 87.6755 90.8621 92.3828 86.6279 89.1525 91.6806 93.3556 
102.9 106.107 107.91 108.75 119.1 121.088 122.833 124.543 119.811 121.391 124.569 125.016 120.796 122.211 125.59 126.224 
248.681 248.704 247.016 248.148 252.887 253.021 252.811 253.169 253.124 252.179 253.564 254.273 254.307 253.322 254.243 253.53 
227.923 136.716 173.847 234.227 179.403 103.702 186.337 218.96 230.439 74.0215 155.943 131.276 78.2912 204.926 172.71 134.12 
94.8262 214.897 113.262 145.218 108.394 204.046 139.904 174.367 79.7905 139.019 173.113 220.917 84.0483 142.721 177.974 223.123 
214.586 227.885 235.397 223.535 224.766 209.157 232.577 226.671 220.116 223.763 210.518 217.171 235.275 209.301 221.938 215.456 
134.558 133.759 135.937 137.142 133.694 135.861 132.139 134.153 137.064 135.156 133.151 131.418 135.723 135.373 134.81 135.303 
158.219 160.383 163.872 162.059 159.734 158.528 163.799 164.059 163.315 159.579 164.433 166.932 163.076 162.886 164.809 165.648 
91.7296 91.3997 91.8539 90.9558 91.6254 91.4199 89.8082 95.2851 90.4278 94.9582 93.4825 95.1515 93.2047 92.9858 90.5894 90.514 
90.5237 94.4001 93.4223 97.2151 92.3806 93.4106 94.2067 95.4756 91.4378 95.5225 92.2153 91.9656 93.2461 89.6432 95.3272 89.8884 
165.069 168.957 169.409 167.238 165.41 168.085 172.037 170.212 167.271 165.896 168.927 167.869 165.329 167.14 164.387 165.907 
191.878 192.45 194.803 195.125 192.946 193.253 196.488 196.771 193.363 193.41 193.816 194.655 190.75 190.614 190.289 191.369 
194.117 194.932 196.927 197.668 194.297 194.202 196.975 198.208 193.786 193.974 195.456 197.225 193.205 193.324 194.353 196.017 
194.256 194.278 195.295 196.226 193.449 192.644 194.245 196.063 193.34 192.79 194.762 197.052 194.613 194.566 196.392 197.603 
194.83 192.262 191 194.087 194.458 192.884 192.954 194.091 195.675 194.347 194.767 196.73 196.569 196.167 197.293 198.168 
192.17 189.876 189.498 190.074 195.213 191.116 191.108 191.571 195.836 194.764 194.174 194.576 195.453 195.418 195.388 196.091 
113.061 41.1043 137.655 144.114 128.15 99.419 155.011 153.212 10.84 236.126 121.539 221.461 246.228 234.36 113.691 34.0285 
92.1122 183.217 196.578 222.462 56.804 244.997 134.555 242.996 17.0471 21.7434 105.117 170.559 132.648 170.357 118.301 113.306 
193.597 57.9566 201.54 113.981 173.4 153.474 75.763 186.172 72.883 179.264 108.995 71.11 102.451 32.9523 19.39 2.59959 
93.8159 64.0476 148.412 194.654 212.449 181.151 46.1176 99.9661 8.59949 33.0848 42.672 100.599 124.066 43.1095 119.476 187.592 
127.343 163.302 143.421 41.8785 24.8267 145.681 38.0104 90.2085 153.142 113.512 28.8851 207.107 254.008 190.444 102.517 180.418 
84.4433 79.9708 81.5927 85.5877 81.7691 84.445 78.0604 75.258 88.2634 87.5241 80.2427 81.0912 86.6746 82.3011 78.2304 77.7358 
84.3545 83.6986 81.887 79.5655 84.3696 83.3575 81.1199 78.6122 83.7754 82.6671 80.405 78.1871 83.265 82.0971 80.5602 78.5338 
84.3327 83.2479 82.3761 82.0062 84.1606 83.3074 82.3869 81.8487 83.795 82.8908 82.0987 81.3152 83.2977 82.5791 81.7875 81.3059 
85.0981 84.584 84.0007 83.8594 84.8209 84.2976 83.9136 83.6823 84.24 83.4763 83.1714 82.8716 83.7818 83.087 82.6637 82.4865 
85.8678 86.2435 86.0871 85.9671 84.9181 85.616 86.1766 85.8954 84.0913 84.0357 84.5927 85.1713 83.9135 83.5776 83.9015 84.459 
84.6158 85.9685 87.1743 87.8259 84.91 85.2736 86.8213 87.7217 84.5753 85.3503 86.462 87.8206 85.6182 86.8893 87.2255 87.3366 
84.0808 85.5767 87.0566 87.8844 84.599 85.1684 86.9924 88.0888 84.6663 85.6818 87.0808 88.6571 86.2143 87.8391 88.2369 88.4739 
82.4072 84.9528 87.3305 88.8131 83.3609 84.8993 87.675 89.2729 84.2734 86.0041 88.522 90.5927 86.5024 89.3383 90.5154 91.1837 
57.4092 57.876 58.2727 59.9361 111.683 114.77 115.536 116.5 115.239 115.956 120.552 121.085 117.768 120.482 121.753 123.851 
20.3277 17.3311 17.4292 19.4875 197.178 193.424 195.175 194.859 193.487 195.114 195.749 196.053 190.838 192.754 196.283 193.322 
69.1514 5.83143 71.7123 12.293 144.595 174.015 209.746 150.696 144.447 168.327 158.742 154.046 206.581 188.832 190.535 171.519 
83.106 203.055 201.978 218.686 28.9526 47.8158 167.529 180.664 180.458 174.954 112.01 143.309 27.8253 207.044 94.1651 145.311 
95.451 93.7943 92.6565 91.9906 95.2998 94.0019 93.8801 91.9561 96.9038 94.4999 92.7145 92.3608 97.0677 95.8989 93.0996 92.382 
95.0584 95.0693 94.4242 93.4335 94.9184 94.6245 93.83 92.9734 94.4207 94.2372 93.6862 92.6769 94.4642 94.164 93.7898 92.7552 
92.0862 91.9765 91.9951 92.0782 92.3293 92.2326 92.0806 91.9193 92.8473 92.597 92.401 91.8741 93.399 93.0154 92.758 92.1157 
91.1092 91.7723 92.8082 93.5162 91.347 92.2515 92.9959 93.568 91.7004 92.352 93.1633 93.2953 92.5163 92.7106 93.4069 93.2812 
118.858 120.429 120.21 119.442 118.566 120.452 121.494 120 117.771 118.783 119.361 118.784 119.582 118.668 118.073 118.396 
143.72 145.649 145.714 143.327 143.362 145.85 146.985 144.928 142.653 143.505 143.773 142.939 144.792 143.078 142.077 142.297 
163.704 165.721 166.003 165.016 163.678 165.664 168.024 166.093 162.775 163.623 164.579 163.797 164.534 162.965 161.972 162.279 
185.064 186.888 188.673 187.641 184.087 185.171 187.622 188.484 182.974 183.43 185.195 185.865 183.345 183.173 184.521 184.588 
189.647 189.852 190.616 190.749 188.078 188.017 189.641 191.47 186.937 187.653 189.818 191.654 187.996 188.33 190.287 192.094 
189.693 187.507 188.403 190.163 189.289 187.929 189.719 191.106 189.506 190.014 191.979 193.569 190.272 190.861 192.717 194.35 
188.299 186.738 187.486 188.03 191.056 187.822 188.662 189.677 191.952 192.093 192.415 192.959 192.401 193.228 193.551 194.58 
158.118 34.2973 44.7276 89.4799 39.8911 150.42 131.012 207.027 228.781 200.886 28.2653 50.0706 217.677 137.832 66.5159 12.8582 
10.2758 36.4997 83.9798 196.013 254.821 18.9354 220.542 155.445 75.3606 63.1282 234.454 117.283 211.747 240.227 163.617 145.478 
89.2207 90.7187 138.101 210.894 170.301 14.2027 153.1 244.597 158.646 166.602 32.0334 87.9717 167.455 236.018 96.7257 117.777 
144.586 202.843 92.0653 111.379 94.5236 98.8096 27.638 10.6273 195.301 231.148 168.869 117.014 174.155 234.486 75.3696 16.0688 
86.797 85.5979 83.2014 77.731 79.0131 75.4958 86.1443 85.6197 86.0942 83.9849 76.4715 83.7565 79.249 80.8908 79.6662 82.6422 
79.5695 79.7778 78.706 77.8 79.6044 78.8087 78.1737 77.6603 79.1056 77.8773 77.1707 76.866 78.2072 77.3267 76.7968 76.3527 
80.7417 80.7553 79.8135 78.9511 80.7149 80.0328 79.206 78.5485 80.1464 79.0643 78.3734 77.7991 79.182 78.5239 77.9148 77.4693 
81.5212 81.1206 80.9531 80.8578 81.0688 80.6033 80.5652 80.0059 80.8408 80.1704 80.1227 79.3171 80.5895 79.8979 79.7883 79.5631 
83.0673 82.9387 82.9247 83.2315 82.4682 82.4291 82.7142 82.9986 81.7333 81.6042 81.7886 81.9543 81.3504 81.2416 81.2248 81.3714 
83.1299 83.932 84.571 85.2328 82.547 83.199 84.1623 84.8423 81.8932 82.3257 83.1449 83.9985 81.3467 81.8008 82.5052 83.3731 
83.0187 83.7669 84.4012 85.1641 82.9262 83.6614 84.539 85.2153 82.8689 83.8622 84.6267 85.3552 82.847 83.6116 84.4896 85.187 
82.5806 83.9975 85.31 86.2714 83.2597 83.8677 85.3996 86.4428 83.58 84.8181 85.7857 87.3049 85.3052 87.194 87.266 87.2062 
79.7879 79.938 80.3195 81.5266 80.9599 82.6151 83.0356 83.6202 84.2427 84.4573 86.4732 86.9013 86.4794 87.811 88.0446 89.2698 
71.0378 70.909 71.2773 71.3634 94.9158 95.3098 94.9779 94.8915 98.0975 97.9236 97.4983 97.4409 100.689 100.316 99.4848 99.2544 
8.86197 51.8832 27.8927 10.3327 189.907 197.46 161.392 171.534 165.049 194.515 157.694 154.142 180.614 157.004 202.576 157.057 
232.191 220.725 34.8407 56.5566 189.661 144.251 137.783 96.7205 35.6402 105.182 147.139 160.037 202.721 217.515 213.293 7.56044 
113.309 85.3368 85.9568 97.3521 114.349 89.7982 109.94 85.995 87.7615 105.139 103.408 84.0283 91.9608 100.619 97.3785 106.352 
95.0285 94.4294 93.4341 92.3504 96.0115 94.9956 93.7067 92.6975 96.406 95.1413 93.7994 92.8287 97.9252 96.1911 94.7305 93.6628 
94.8646 94.5338 93.5093 92.3977 95.5672 94.886 93.8461 92.9507 96.0148 94.9364 93.9741 93.0962 97.6218 95.971 94.9465 94.0437 
93.8388 94.242 94.0417 93.4642 94.0414 94.2261 94.0423 93.6807 93.9429 94.2408 94.3879 93.8679 94.4982 94.6224 94.8629 94.2679 
90.9214 91.7235 92.7496 94.1611 91.4826 92.4494 93.6351 94.7575 92.5182 93.145 94.1568 95.169 93.517 94.0609 94.8411 95.6438 
94.8718 95.9227 97.5864 98.8309 95.0585 96.352 97.6753 98.8078 94.7306 96.0575 97.543 98.4425 95.2222 96.0726 97.5483 98.5454 
137.173 139.395 138.71 137.639 136.541 139.06 140.599 138.464 135.173 136.259 137.487 136.749 138.138 136.395 135.685 135.798 
159.98 162.575 163.122 162.006 158.524 161.2 163.733 162.631 156.658 157.602 160.064 159.639 158.676 157.438 158.177 157.908 
173.533 175.803 175.674 174.927 171.874 173.618 175.651 175.859 169.697 171.018 173.284 173.269 171.284 170.525 171.57 171.886 
186.772 186.341 185.931 185.936 184.357 184.816 186.009 187.821 182.671 184.018 186.253 187.255 182.456 183.181 185.657 187.016 
188.117 186.019 185.391 186.466 186.143 186.347 186.895 188.774 185.634 187.567 189.45 190.842 185.54 186.646 188.969 191.3 
187.808 183.787 184.393 186.523 187.72 185.939 187.256 188.234 188.918 189.846 191.849 192.882 188.865 189.629 191.684 194.174 
80.8472 49.0455 40.3997 206.867 160.56 113.648 69.1327 77.7063 132.561 35.9309 191.16 67.5083 102.752 233.701 111.044 68.56 
187.818 86.961 98.2622 122.1 7.6051 234.272 207.506 10.6663 95.8357 247.873 157.982 111.056 75.2022 23.3592 222.634 149.968 
213.991 204.155 212.427 129.178 220.921 83.1959 20.5333 179.313 228.454 109.019 53.173 41.1434 189.407 91.0243 14.6526 57.6471 
87.148 73.4733 75.4681 76.061 86.1817 83.9235 77.3132 79.5208 81.3742 82.7146 75.3339 75.7509 69.5452 73.3984 78.8145 76.3506 
78.0694 77.4184 76.9581 76.3643 77.1967 76.1944 76.1358 75.9301 76.2931 75.4113 74.9383 74.8083 75.6079 74.5687 74.1045 73.8973 
77.8421 78.0217 77.4734 76.8229 78.1532 77.4243 76.8524 76.6359 77.6849 76.7286 75.9868 75.7872 76.7724 76.3312 75.759 75.3891 
78.9309 78.6012 78.4788 78.5165 78.5233 77.9092 78.2674 77.6967 78.5133 77.835 77.9408 77.079 78.5161 77.6834 77.7115 77.392 
78.9265 78.9734 79.4765 79.9214 78.4798 78.5826 79.2579 79.0417 78.4488 78.3662 79.0561 78.5358 78.6787 78.4634 78.9348 78.9795 
79.417 79.86 80.6413 81.3537 78.8268 79.2884 80.3259 80.5017 78.62 78.7823 79.8244 79.8731 78.726 78.7494 79.5721 80.038 
80.3013 81.085 82.1004 82.9443 79.9131 80.7324 82.0027 82.992 79.2008 80.3606 81.5943 82.8074 79.1609 80.1275 81.3417 82.3742 
80.5105 80.8091 81.2699 82.0371 80.5348 80.9653 81.602 82.6024 80.553 81.4267 82.1129 83.4933 80.8635 81.7531 82.4711 83.5638 
80.7158 80.5916 80.6672 81.5912 80.9419 81.4816 81.2692 81.7343 81.7904 82.7814 82.7405 83.0236 82.5214 83.637 83.501 83.2797 
79.8186 79.4446 79.2494 79.8654 80.4374 80.7248 80.2808 80.3296 82.1849 82.758 82.295 82.1998 83.3852 84.3544 83.7799 83.0371 
83.9457 80.959 75.9382 75.9678 84.4483 85.8816 81.989 82.5945 87.8417 88.6007 82.0016 83.5767 83.5211 83.9845 88.9381 83.82 
173.309 84.8197 104.493 57.9666 73.2538 124.016 66.6653 253.455 197.45 16.479 198.758 230.523 2.8957 49.1631 46.9801 45.079 
223.447 121.242 22.4926 5.2849 240.542 140.498 176.082 140.389 245.22 79.8321 208.833 245.254 183.167 244.342 97.5343 137.774 
99.6837 98.051 107.499 99.2768 111.317 82.7845 103.376 92.1216 83.7558 87.3193 88.1691 110.073 92.4561 106.125 111.141 101.973 
96.1819 95.0968 94.1522 93.4357 96.9525 95.965 94.5545 94.0838 97.3161 96.024 94.4596 93.5107 98.2112 96.5585 95.1466 94.26 
96.15 96.4294 95.5879 94.0246 95.4669 95.6097 95.09 94.3019 95.0072 95.1659 94.966 94.14 95.0115 94.9605 95.1413 94.3307 
96.196 96.2802 95.6247 94.6482 95.2934 95.7076 95.7376 95.6129 95.4584 95.3458 95.5514 95.3384 95.4559 95.2422 95.858 95.6174 
93.709 94.2796 95.609 97.2765 94.3212 95.3191 96.5232 97.8575 94.6281 95.7481 96.9905 98.2017 95.4362 96.2765 97.3743 98.6697 
94.5161 95.5803 97.3704 99.1628 94.6531 96.0684 97.8314 99.1374 94.5777 96.0132 97.7478 99.0731 94.8055 96.0411 97.68 99.3205 
102.769 103.873 104.584 104.565 102.21 103.558 104.239 102.726 99.9995 100.949 101.897 101.958 99.6939 100.089 100.017 102.254 
133.621 136.17 136.107 135.397 132.48 134.893 136.561 134.354 129.998 130.796 132.737 132.41 131.966 130.692 130.699 131.532 
152.892 153.892 156.304 154.02 151.787 152.909 154.251 153.682 144.883 147.507 149.208 150.11 146.796 145.603 149.935 146.857 
163.585 180.792 160.374 180.656 188.911 185.542 177.048 188.827 185.917 188.038 164.033 169.153 166.299 186.184 166.226 184.356 
188.77 182.499 184.952 188.413 185.408 183.836 188.111 185.701 184.555 185.454 191.451 187.937 181.501 186.745 185.777 193.161 
177.804 178.333 177.425 178.29 179.495 185.83 183.855 182.543 181.942 190.826 190.899 189.497 178 187.124 190.992 187.464 
190.962 253.404 146.633 254.441 181.766 149.82 50.6295 225.52 81.3551 34.8224 48.3863 172.973 171.512 54.7661 202.309 80.8116 
234.938 177.862 121.896 149.932 127.874 120.458 85.7405 77.0515 18.8588 225.865 249.199 139.894 254.937 202.093 220.645 204.398 
75.9356 72.058 71.1701 69.7107 76.9337 70.7767 72.6167 70.8667 69.9726 69.804 70.9472 66.6993 71.2921 70.3547 65.9506 69.2529 
73.8625 73.7388 73.0882 72.1949 73.3258 72.812 71.9957 71.3126 71.911 70.7346 69.1061 69.2459 70.2535 68.8704 67.6432 67.4105 
75.1558 74.9227 74.946 74.6228 74.9677 74.368 74.0826 74.1597 73.8902 73.5245 72.7433 72.8362 72.672 72.6756 72.096 72.0135 
75.5609 75.064 75.0939 74.8426 75.6708 74.9087 74.7199 74.7851 75.1604 75.0141 74.1934 74.0557 74.2216 74.5349 74.1666 73.821 
74.7403 75.2251 75.5135 75.2098 74.9581 74.8858 75.0493 75.1968 73.9123 74.3803 74.1279 74.7795 72.9057 74.0107 74.4343 74.4809 
76.721 77.1652 77.8274 78.7125 76.2247 76.661 77.7419 77.7695 76.2429 76.5637 77.7324 77.5096 76.5909 76.7528 77.7111 78.0722 
76.102 76.585 77.6918 79.2122 75.777 76.5873 78.2206 79.2934 75.2418 76.5001 77.8788 79.2829 74.8283 76.7906 77.9783 78.9414 
77.4878 78.0118 78.8613 79.7094 77.4999 77.9414 79.3438 80.7078 77.3605 78.3034 79.8175 81.4658 77.8475 78.7783 80.355 81.8643 
78.4869 78.5195 78.7417 79.2821 78.9291 78.8009 79.5078 80.5924 78.7501 79.3249 80.3139 81.7796 79.4093 79.9058 80.9506 82.3326 
78.4132 76.7684 76.7174 76.6413 78.8204 78.0366 77.1997 77.1225 78.412 78.7759 78.874 78.8218 79.6882 79.3113 78.4331 78.2196 
78.6015 78.2315 77.2328 75.2925 79.4603 79.1349 78.0185 76.0929 80.3707 80.2772 79.2062 77.0964 81.0089 81.0945 80.16 77.735 
77.0984 76.0373 74.4868 72.8991 76.674 75.3283 74.2411 72.8611 76.9463 76.0591 74.9787 73.0683 76.8731 76.1134 75.0373 73.6578 
119.834 22.4942 103.472 24.116 50.3164 165.386 85.9877 42.9131 77.2578 199.76 155.896 51.9229 117.852 198.814 188.672 146.948 
17.4415 79.8639 143.577 236.325 104.335 37.3417 183.93 95.8679 48.0221 60.494 234.498 184.769 215.933 152.245 171.841 154.367 
99.4556 97.3523 97.4657 97.0072 98.8682 98.1035 97.1114 96.8855 99.1623 98.3286 96.7219 95.1152 98.9329 97.8713 96.4766 96.866 
99.0551 97.6523 96.9725 96.798 99.1409 98.1335 96.4762 96.6676 98.4055 97.9395 96.0732 95.1366 97.2999 97.1825 95.9549 95.3248 
98.726 97.7431 97.0364 96.6827 98.1213 97.7639 96.6286 96.8941 97.5026 97.1133 95.8886 95.1736 96.0158 95.9882 95.4771 95.0624 
98.7598 98.7076 98.5804 98.7142 98.4578 98.4886 98.3655 98.7409 97.5668 97.477 97.693 97.9965 97.0834 97.3208 97.4763 97.8454 
98.1938 98.3612 99.1528 100.183 98.156 98.5777 99.3252 100.502 97.863 98.1377 99.0009 100.001 97.8626 98.5756 99.2295 100.198 
98.3156 99.4218 100.705 101.967 97.7413 99.0637 100.619 101.99 97.9421 99.126 100.549 101.683 98.5416 99.2157 100.231 101.597 
101.346 102.387 103.496 103.102 99.8412 100.998 101.856 102.13 99.2759 99.9088 101.014 102.378 98.8655 99.7681 101.056 102.355 
104.136 105.182 105.613 104.762 103.182 104.347 104.514 102.174 100.909 101.063 101.923 102.094 100.37 100.519 100.592 103.148 
106.897 107.992 109.285 108.998 104.873 106.171 106.889 107.044 103.682 103.876 105.711 107.258 103.233 103.886 106.044 107.922 
111.354 45.0398 118.583 92.9558 61.4365 79.036 127.194 76.2821 168.397 182.082 186.164 99.9214 41.7186 69.0544 84.7871 134.688 
33.93 60.3895 101.638 32.0845 95.2619 141.966 202.219 196.622 22.3235 215.667 142.59 181.742 87.3544 208.061 195.027 167.288 
33.8049 102.547 71.2918 98.8389 46.5916 206.649 215.911 218.699 41.1131 151.331 201.369 239.801 29.7466 145.218 196.815 224.64 
134.867 219.772 208.174 210.548 157.216 204.7 190.843 172.149 85.8914 206.65 129.422 132.867 83.2611 32.9534 213.144 28.039 
100.671 72.8294 86.6724 81.5929 98.299 101.303 76.0537 90.2588 73.3856 82.1197 90.7735 98.7528 91.3937 54.9105 92.2501 89.4088 
70.8712 70.445 68.9956 67.6275 69.832 69.574 67.9617 67.1061 68.8452 67.9207 67.0476 66.3573 67.7274 66.8643 66.1284 65.5692 
71.9772 71.9165 71.2732 70.5589 71.3663 71.0682 70.5003 69.9565 70.2436 69.5582 68.6833 68.6074 69.1117 68.2039 67.3838 67.2457 
71.9119 72.3302 72.4455 72.4192 70.9122 71.0646 71.5615 71.701 70.2172 70.5168 70.7904 70.843 69.7964 69.9673 70.1539 70.2853 
72.4386 73.0463 73.4431 73.1911 72.5759 72.6126 72.8588 73.2239 71.5294 72.1353 72.0599 72.8394 70.589 71.7245 72.3349 72.3838 
72.7123 73.7139 74.1441 74.0085 72.7328 72.9297 73.5426 73.9778 71.5747 72.2129 72.6021 73.6787 70.7895 72.0037 72.8632 73.2137 
73.2233 73.8487 74.3133 74.741 73.275 73.4356 74.1152 74.7028 72.2743 72.9752 73.4373 74.6443 71.6415 73.0721 73.9245 74.3997 
73.2215 73.7303 74.8482 76.6825 73.2646 73.912 75.6346 77.0135 72.9838 74.3992 75.9362 77.5588 72.5883 75.1136 76.5579 77.4457 
73.4463 73.7853 74.7832 76.4842 73.7895 74.3743 76.0785 77.3306 74.1004 75.3864 76.9361 78.4164 74.252 76.6039 78.0327 78.8711 
76.6127 75.0938 75.15 75.1562 77.2087 76.5181 75.9712 76.0199 77.1231 77.4445 77.8699 77.8713 78.5451 78.1307 77.6558 77.6533 
77.1798 75.5151 75.3201 73.8589 77.5779 76.9955 75.8299 74.2404 77.3015 77.7931 77.4871 75.7101 78.3928 78.1077 76.9273 75.08 
78.2579 80.1421 77.6352 70.1417 77.8687 82.0284 76.6115 69.2403 79.0356 82.0662 79.7694 69.5192 78.9102 81.9494 79.4989 70.4399 
76.1885 75.2582 74.1227 71.8142 75.65 75.236 73.9922 71.6743 75.1203 75.1791 74.1853 71.3415 75.0798 75.1934 74.1933 71.5031 
73.8797 78.7902 79.7564 71.3761 81.5587 81.7949 71.2388 75.6789 81.3626 79.9379 71.2621 69.6792 75.1627 78.2437 71.5545 77.2358 
111.15 109.999 86.3364 82.7212 78.7379 93.492 150.778 134.668 77.5242 70.3551 122.44 134.927 129.687 87.2402 151.447 139.828 
97.3866 97.6269 97.2181 96.1714 98.2608 98.3536 98.0578 97.2742 99.3911 99.5002 99.0136 97.8893 100.953 100.609 99.4843 98.5838 
99.8129 98.5737 97.8311 97.7601 100.093 99.2339 97.6977 97.7068 99.7138 99.1778 97.4025 96.3698 98.6873 98.5114 97.2105 96.497 
100.842 100.284 99.2485 98.77 100.803 100.112 99.1088 98.3812 100.41 99.7079 98.8125 97.9825 99.8739 99.288 98.5213 97.8956 
101.481 100.789 100.302 100.18 101.01 100.645 100.227 100.154 100.117 99.5054 99.3454 99.1948 99.553 99.4677 99.0954 98.9934 
101.951 101.578 102.129 102 101.236 101.103 101.973 102.178 100.974 101.065 101.947 101.865 101.709 101.426 101.323 101.651 
101.676 102.112 102.923 103.792 101.254 102.037 102.895 103.645 101.561 102.032 102.908 103.345 102.094 102.214 102.821 103.376 
103.084 103.777 104.517 105.006 102.347 103.146 104.137 105.002 102.443 103.145 103.881 104.588 102.706 103.017 103.61 104.186 
104.569 105.345 106.48 106.846 103.559 104.59 105.468 105.883 103.146 103.854 104.966 106.427 102.685 103.663 105.308 106.651 
104.267 105.774 107.501 109.299 103.823 105.204 107.015 109.148 103.128 104.883 107.091 109.099 103.157 104.822 106.947 108.927 
104.158 112.277 105.967 109.215 99.271 103.799 113.986 118.968 98.3291 112.117 105.221 109.634 108.808 106.161 109.157 115.825 
24.0744 124.456 150.108 165.207 40.1832 77.7237 41.403 25.1828 229.824 61.9995 33.984 145.399 27.1885 4.37715 193.645 152.969 
74.0267 89.0005 45.1492 22.4446 16.9141 192.146 137.282 175.642 51.8702 211.486 156.926 177.751 65.0656 194.664 232.916 145.993 
86.7987 83.5725 215.535 197.542 187.317 112.728 76.0352 130.547 116.739 203.992 52.5064 150.505 7.58932 42.8487 74.7356 69.6838 
71.6651 72.4269 73.3966 67.873 72.1019 68.4475 65.2899 66.3925 70.0793 68.151 67.6167 68.6944 70.4874 63.4157 70.7128 66.7975 
69.6352 68.8278 68.0556 67.0358 68.6752 67.8534 66.9062 66.0185 67.6492 66.9078 66.2119 65.1546 66.3853 66.0362 65.0505 64.3443 
69.6649 69.8601 69.6988 69.4999 68.5548 68.5375 68.6411 68.4918 67.5768 67.6878 67.7089 67.7099 67.0424 67.2849 67.0422 67.0018 
69.2434 69.9529 70.5522 71.0212 68.3019 69.0056 69.8529 70.3259 67.5377 68.4927 69.2533 69.7366 67.253 68.0105 68.6233 69.1941 
67.9797 68.1443 68.701 69.6825 67.6264 67.4188 68.3395 69.3848 67.4246 68.2453 68.8438 69.631 67.6066 68.3978 69.1886 69.8054 
70.9867 71.5726 71.9189 71.804 71.267 71.331 71.543 71.8836 70.5533 70.9552 71.0765 71.8974 69.9922 70.8049 71.4442 71.6998 
71.0793 71.0511 71.4321 71.9168 71.1287 71.222 71.4044 71.6819 71.1197 71.369 71.6773 71.7564 71.295 71.6273 71.8448 72.0141 
71.047 71.2946 71.9762 73.1929 71.3422 71.6486 72.5997 73.3987 71.486 72.3136 73.0751 73.9962 71.7026 73.148 74.0181 74.4242 
69.8123 69.9633 70.3948 70.7943 70.9359 71.1643 71.6218 72.1857 72.22 72.8677 73.5328 73.8634 73.5771 74.4789 75.2469 75.2823 
71.1338 69.1971 67.7573 67.4115 72.3733 70.9508 69.8287 69.0684 73.9305 73.0181 72.1362 71.1812 75.5313 74.539 73.809 72.9338 
76.7228 78.2962 75.0985 67.4391 76.3018 80.3537 73.9632 66.3683 77.7231 80.4303 77.6154 66.6156 77.6141 80.2763 77.3537 68.0671 
78.5624 88.151 79.9778 56.8831 77.1224 90.3082 76.1364 56.3132 80.4199 89.4245 81.353 52.9432 78.1313 88.7146 82.3645 57.7148 
74.5 80.6967 74.425 60.0895 72.7725 82.2612 71.3314 57.4686 76.2903 81.4709 75.9849 55.3563 74.0822 80.8069 77.1692 59.7577 
24.8027 23.737 119.645 156.997 43.2201 136.743 184.06 52.8086 40.7732 47.1176 43.615 65.9734 27.1595 193.922 185.303 29.0757 
79.798 73.7229 75.5488 90.3039 65.8647 108.217 114.687 133.645 79.0891 83.193 62.361 86.4211 81.5994 64.6719 139.694 93.4022 
96.7747 96.6228 96.299 96.0158 97.7328 97.6211 97.4248 97.0094 98.9028 98.6996 98.2886 97.695 99.5484 99.2682 98.6409 98.0125 
100.209 99.6313 98.7821 98.5878 101.038 100.392 99.6985 99.1135 101.723 101.164 100.404 99.75 101.881 101.36 100.818 100.032 
102.86 102.393 100.943 100.094 103.163 102.579 101.366 100.04 103.369 102.695 101.518 100.324 103.08 102.273 101.36 100.248 
104.84 104.014 102.888 101.324 104.508 103.725 103.091 101.502 103.717 103.095 102.543 101.547 103.511 102.623 101.394 100.809 
105.471 104.623 104.532 103.467 104.876 104.314 104.409 103.619 104.235 104.011 104.127 103.411 104.745 104.114 103.33 102.978 
105.656 105.667 105.925 105.39 105.288 105.256 105.753 105.556 104.991 104.975 105.587 105.352 105.477 105.071 105.032 105.125 
108.042 107.61 108.129 108.456 107.149 107.51 108.55 108.531 107.3 107.381 107.898 109.211 108.035 108.042 108.31 107.952 
107.022 107.752 108.715 109.59 106.665 107.573 108.653 109.498 106.953 107.849 108.764 109.736 106.963 107.881 108.783 109.536 
106.778 108.763 110.377 112.172 106.464 108.581 110.622 112.212 106.265 108.535 110.976 113.124 106.641 108.895 111.087 113.157 
105.545 109.47 112.961 115.826 105.677 109.151 112.852 116.354 106.703 110.052 114.039 116.567 106.346 111.657 114.031 116.494 
124.256 122.186 123.553 134.635 129.147 126.654 123.115 120.326 91.5584 111.595 126.928 110.115 129.048 128.482 100.079 143.364 
40.1224 129.263 220.099 104.438 216.843 123.303 155.704 93.774 186.415 21.8454 45.8449 135.113 177.746 58.8123 227.958 26.8169 
181.574 192.835 252.747 152.572 25.0218 125.763 47.8136 94.0584 196.33 54.5353 14.8933 84.625 159.932 43.5299 196.134 29.0331 
72.7611 69.5852 74.0745 70.4795 68.0886 73.2646 65.5926 66.2293 67.5046 72.5664 72.3082 65.2396 63.8572 68.8295 62.3611 63.2302 
67.9516 67.3268 66.5875 65.8398 67.2604 66.3757 65.4389 65.1054 66.191 65.4164 64.6495 64.2657 65.2492 64.9362 64.1614 63.8439 
67.5334 67.1696 67.0031 66.7602 66.7729 66.1923 66.0715 66.293 65.9134 65.3549 65.3361 65.6457 65.1951 65.3136 65.0118 65.3597 
66.4245 66.6553 67.2104 68.2747 65.8257 65.6959 66.8612 67.9581 65.5039 66.2876 67.1434 68.1173 65.737 66.5945 67.4362 68.1561 
66.2724 66.2499 66.8455 68.2436 66.0179 65.96 66.7565 67.7219 65.9336 66.7117 67.4044 68.2536 66.1181 66.8919 67.9387 68.4139 
67.3297 67.2075 67.5458 68.3845 67.1547 66.6564 67.332 68.1268 67.2845 67.7092 68.1134 68.5922 67.6245 68.1972 68.5942 68.9845 
69.3585 69.1556 69.2437 69.4109 69.6658 69.4531 69.276 69.1994 70.118 69.9696 69.824 69.5139 70.4053 70.3572 70.2514 69.9512 
68.7977 68.7455 69.2319 69.6709 69.206 69.3446 69.5844 69.7346 69.9255 70.221 70.3736 70.3817 70.6438 71.1323 71.2877 71.1729 
66.6139 66.5707 67.0202 67.3835 67.4123 67.3858 67.9631 68.3217 68.7377 69.0097 69.4092 69.8668 70.4938 70.8838 71.4824 71.2556 
64.2319 62.8719 61.6786 61.0228 65.2785 64.0008 62.785 61.8772 66.3571 65.2885 63.9779 62.9871 66.9587 66.004 64.9572 63.7558 
58.6227 56.4988 55.3577 54.6845 59.6664 57.6729 56.1502 54.9264 60.1376 58.373 56.7782 55.2363 59.9297 58.228 56.8573 55.5748 
67.2577 73.2355 67.0158 52.773 65.7833 74.8054 64.0365 50.4808 69.1813 73.9889 68.412 48.4704 67.0233 73.3538 69.441 52.5612 
41.3176 40.3272 38.961 37.7223 41.2205 39.9709 38.8154 37.6569 40.9626 39.7268 38.5735 37.6092 40.8118 39.6071 38.6521 37.5254 
29.8474 29.1764 28.8106 27.4794 31.5829 29.965 28.3749 26.5354 34.5295 30.4111 28.7587 28.7253 32.0513 33.3652 30.9962 27.1494 
45.6933 46.3112 41.8046 39.4126 49.4224 45.5546 43.6101 40.3239 45.7707 45.1582 46.8602 44.609 49.3331 47.8608 47.4732 44.8915 
83.5117 82.4758 81.8545 81.4007 84.1331 83.3913 82.9366 82.2178 85.2177 84.4298 83.843 83.0346 85.6795 85.1084 84.5055 83.4129 
97.9574 97.8135 97.2256 97.0594 98.8588 98.8587 98.242 97.7235 100.212 100.138 99.7286 98.9698 100.821 100.7 100.64 99.6389 
102.035 101.713 102.079 101.932 103.405 102.626 102.616 102.251 105.256 104.216 103.384 102.665 105.96 104.628 104.042 102.886 
106.065 105.575 104.33 103.232 106.204 105.962 104.745 103.41 106.554 106.102 105.163 103.903 106.815 105.962 105.048 103.91 
110.244 109.503 107.731 106.783 109.44 109.194 109.11 106.685 107.795 107.247 107.023 104.854 107.785 107.967 107.854 104.611 
109.672 108.896 108.816 108.453 108.708 108.697 109.185 108.663 108.615 108.325 108.429 109.159 109.435 108.957 108.731 107.977 
110.042 109.364 109.589 109.657 109.091 109.217 109.971 109.729 109.352 108.983 109.227 110.34 110.16 109.861 109.736 109.229 
110.683 110.211 110.222 110.067 109.592 110.344 111.165 110.914 109.966 110.17 110.592 111.826 111.116 110.771 110.508 110.47 
110.816 111.993 112.612 113.171 110.413 111.43 112.556 113.3 110.366 111.369 112.931 114.412 111.183 111.983 113.372 114.535 
110.417 113.127 115.49 118.123 110.062 112.586 115.649 118.875 110.074 112.313 116.127 119.97 110.992 114.047 116.785 120.548 
111.35 114.163 119.013 121.077 112.166 114.234 117.543 123.394 111.141 112.339 117.649 123.866 110.731 116.558 119.039 124.698 
159.595 158.519 159.808 167.6 79.6912 133.92 96.6007 162.727 160.712 111.116 104.528 129.493 127.347 116.832 167.156 151.909 
195.451 136.417 181.643 244.634 64.382 245.723 153.782 175.493 126.489 247.598 62.5994 251.579 95.7923 63.1568 169.857 174.578 
66.2497 78.1549 74.2803 61.3499 77.8557 74.3342 59.8072 67.9606 67.2718 74.3597 73.9852 71.6678 73.138 71.8502 69.2348 64.6454 
66.2825 65.6168 64.9765 64.4468 65.6012 64.7126 64.0064 63.582 64.5888 64.1003 63.36 62.6518 63.6319 63.2017 62.5945 62.1719 
64.5633 64.6754 64.8106 64.8702 64.0286 64.0414 64.2049 64.5649 63.3694 63.4723 63.5838 64.0755 62.9139 63.1793 63.3277 63.6756 
63.8422 64.0826 64.8559 66.4216 63.527 64.1225 65.1514 65.7719 63.3144 64.1202 64.9956 65.9422 63.0095 63.8487 65.0868 65.4159 
64.772 64.9239 65.6363 67.1906 64.5499 64.6062 65.6213 66.75 64.4797 65.3977 66.2286 67.2407 64.7249 65.6752 66.7755 67.2646 
64.8263 64.6966 64.8865 66.1136 64.5243 64.8468 65.1481 65.2759 65.0496 65.3456 65.3161 65.6548 64.969 65.3464 65.5834 65.1809 
65.3961 65.0715 65.227 65.2535 66.029 65.7325 65.4496 65.3322 66.8545 66.6112 66.1947 65.563 67.0096 67.1666 66.5617 65.6771 
64.8353 64.8639 65.3188 65.508 65.5637 65.3812 65.9447 66.0661 66.6779 66.7317 66.968 67.3521 67.9668 68.4212 68.858 68.531 
61.2534 60.6204 60.4057 60.3337 62.4865 61.9607 61.5992 61.2741 64.1425 63.7788 63.1491 62.7684 65.854 65.3878 64.8916 64.1407 
54.1886 52.9922 52.2508 51.9008 55.0309 53.9763 53.0008 52.2981 55.8777 54.8641 53.8186 52.8412 56.0839 55.0752 54.2165 53.2559 
51.4202 50.1553 49.2983 48.7716 52.256 50.8806 49.8237 48.823 52.7 51.4274 50.2126 49.041 52.4858 51.4018 50.2326 49.1878 
37.0071 36.1529 35.6133 35.1614 37.3333 36.5486 35.8248 35.1908 37.6395 36.6687 36.0229 35.2819 37.4199 36.7054 36.0847 35.5224 
25.1904 25.1301 25.1807 24.8342 25.446 25.3287 25.1068 24.6357 25.473 25.3963 25.123 24.6972 25.5483 25.4614 25.3101 25.0789 
21.3866 20.8702 20.0793 19.3465 21.5832 20.8079 20.2628 19.3943 21.6919 20.9315 20.274 19.6405 21.7368 21.0653 20.4369 19.7025 
21.6977 18.9915 13.7299 10.4112 21.8175 17.6684 14.2511 10.3786 21.7237 17.8765 12.7348 10.5389 20.76 17.9378 13.4946 10.5973 
45.6277 42.6198 40.7822 39.0978 45.966 43.209 41.1555 39.3933 46.7536 43.6767 41.6902 39.784 46.8869 44.1249 41.991 40.034 
84.1318 83.3715 84.0927 83.8913 85.9098 84.8601 84.9026 84.6861 88.3466 87 86.1539 85.2675 89.5669 87.9313 87.0525 85.6697 
100.638 100.452 101.611 101.683 102.662 102.005 102.347 102.445 105.443 104.354 103.735 102.978 106.89 105.418 104.736 103.301 
108.968 108.191 107.035 106.67 109.277 108.723 108.747 106.825 109.114 108.007 107.485 105.45 109.601 109.423 109.018 105.5 
112.051 111.062 108.982 108.103 111.435 110.964 110.478 107.878 109.923 109.024 108.329 105.967 110.013 110.016 109.443 105.712 
112.372 111.649 109.781 109.279 111.62 111.344 111.242 108.995 109.91 109.164 108.878 106.893 109.639 109.995 109.902 106.701 
112.923 111.425 110.933 110.397 111.485 111.425 111.895 111.265 111.644 111.252 111.278 112.223 112.402 111.709 111.277 110.849 
113.194 113.255 112.588 111.569 112.575 113.655 113.655 113.134 112.983 113.417 113.527 113.465 114.064 113.107 112.136 112.849 
113.255 113.536 113.217 112.899 112.604 114.103 114.399 114.391 112.83 113.807 114.477 114.923 114.311 113.777 113.396 114.517 
113.488 114.606 115.69 116.8 113.206 114.731 116.14 116.934 113.811 114.816 116.311 117.649 114.627 115.285 116.489 117.89 
114.268 115.898 117.948 120.072 113.677 115.479 117.992 120.839 113.305 114.83 117.974 121.373 113.896 115.976 118.507 121.936 
105.659 114.175 110.844 115.86 139.077 131.396 122.106 125.379 131.194 106.506 105.614 142.583 129.745 137.792 99.9031 121.224 
241.308 84.4546 28.8073 210.426 50.7446 132.769 228.149 30.1438 229.54 28.6014 62.3668 46.3786 149.709 209.332 25.5695 210.334 
70.3821 69.2907 72.472 64.506 67.6287 74.0196 64.9829 58.6258 63.8461 62.9572 59.9018 56.4768 73.4564 60.7014 67.8913 66.3935 
63.1313 62.7254 62.1201 61.5672 62.5685 62.2207 61.5923 61.407 61.8521 61.5764 60.9907 60.5177 60.9308 60.4867 60.2279 59.913 
61.3005 61.598 61.9833 62.324 60.9717 61.2177 61.663 61.9788 60.4296 60.8034 61.1683 61.5106 59.9813 60.2951 60.7481 61.1235 
59.594 60.42 61.681 62.6115 59.4444 60.4953 61.7443 62.6503 59.4796 60.5839 61.7671 62.6982 59.5594 60.5973 61.6752 62.473 
62.8207 62.9322 63.418 64.7887 62.3338 62.9579 63.5553 64.0628 62.5606 63.1928 63.6486 64.3261 62.6896 63.2039 63.8439 63.9464 
62.2948 62.3204 62.2471 62.2301 61.5931 62.1242 62.0119 61.969 62.2829 62.4646 62.1878 62 62.927 62.8983 62.3635 61.9762 
60.8335 60.6724 60.3103 59.9329 60.2717 60.4807 60.1311 59.7148 60.9695 60.7411 60.2295 59.9336 61.5844 61.1711 60.5721 60.0902 
56.654 56.0326 55.4986 55.0716 57.4571 56.8891 56.2256 55.635 58.3857 57.851 57.1331 56.3696 59.4008 58.8622 58.18 57.2696 
50.5068 49.9397 49.4099 49.1605 51.4781 50.9017 50.312 49.6869 52.249 51.9937 51.402 50.6885 53.5278 52.8932 52.4394 51.6677 
46.1657 45.4912 44.715 43.9076 46.5617 45.8936 45.1202 44.2711 46.641 46.2417 45.3833 44.6517 46.7173 46.1301 45.2286 44.2152 
40.052 39.7858 39.1889 38.7 40.0692 39.8611 39.4452 38.7455 40.2131 39.8936 39.5806 39.1239 40.1922 40.0092 39.5438 39.0394 
27.9868 27.8581 27.8344 27.3899 28.112 27.986 27.7422 27.1086 28.0452 27.9017 27.6399 27.1016 28.0232 27.8067 27.5983 27.2514 
20.5401 20.9705 21.4424 21.5289 20.6487 21.1214 21.3588 21.4605 20.6602 21.0237 21.3578 21.3758 20.5697 21.056 21.3923 21.6376 
14.9318 14.2973 11.2031 9.73014 15.2499 13.2207 11.7036 9.55944 15.2006 13.3975 10.4556 9.7547 14.6332 13.6992 11.251 9.91609 
14.2677 11.2873 6.36488 3.60295 14.3255 10.0328 6.84066 3.52096 14.3569 10.0736 5.40831 3.57783 13.3369 10.1811 6.00676 3.61562 
23.005 18.9345 12.7157 8.81015 22.9341 17.4648 13.1598 8.70981 22.8495 17.5083 11.5034 8.77842 21.6885 17.5131 12.1504 8.72871 
50.2609 47.5495 45.7952 44.4964 50.6975 48.2953 46.3128 44.8982 51.783 49.0869 47.1185 45.2511 52.3144 49.6901 47.5788 45.7419 
95.6795 94.7111 95.1859 95.0623 97.815 96.191 96.1514 96.0477 100.387 98.8586 97.6272 96.58 101.709 100.107 98.8704 97.1414 
111.786 109.432 108.99 108.282 112.217 110.164 109.511 108.23 113.999 112.168 110.536 108.507 115.204 115.054 111.677 109.843 
114.891 113.38 110.554 109.333 114.48 113.388 111.986 109.237 113.604 111.993 110.541 107.353 113.559 113.242 112.204 107.665 
118.521 115.493 114.4 113.844 117.389 114.809 113.937 113.283 117.314 115.016 114.075 113.787 116.178 114.997 115.004 114.374 
118.646 116.085 115.513 115.424 117.253 115.179 115.17 114.941 117.185 115.517 115.282 115.448 115.861 115.38 115.976 115.963 
116.767 115.731 114.779 113.566 115.849 115.904 115.748 115.224 115.969 115.815 115.789 115.692 116.524 115.445 114.821 115.284 
115.497 116.408 116.982 117.115 115.461 116.345 117.115 117.371 115.887 116.576 117.394 117.894 116.486 116.621 117.2 117.896 
115.475 116.334 117.225 118.104 115.422 116.772 117.952 118.357 115.641 116.659 117.861 118.656 116.419 116.991 117.725 118.716 
119.091 119.05 119.535 120.133 118.049 117.95 119.028 120.078 117.245 117.834 118.731 119.643 117.537 118.714 119.406 119.969 
120.915 121.465 119.747 121.282 118.149 120.408 119.185 119.154 118.942 119.632 119.154 118.083 118.737 117.746 119.698 119.296 
169.65 131.676 73.202 142.111 33.7874 126.737 225.742 195.079 39.0779 159.435 250.997 20.3392 4.62213 144.097 8.80214 169.287 
65.0947 57.9631 88.4847 54.767 64.0306 51.1459 71.9617 71.2488 91.9027 71.0684 55.3145 81.1421 59.3214 86.5831 87.4896 69.0157 
61.8234 61.3949 60.7721 60.2257 61.0871 60.7801 60.3427 60.1862 60.3004 60.0278 59.7216 59.3242 59.4027 58.865 58.8663 58.6605 
59.1133 59.3067 59.7194 59.9106 58.6892 59.1497 59.5431 59.9699 58.4161 58.8533 59.2771 59.5357 58.016 58.2812 58.7809 59.1306 
56.7214 57.4228 58.4328 59.3412 56.4994 57.2827 58.2809 59.1547 56.5739 57.3141 58.4449 59.2994 56.9327 57.593 58.5527 59.3798 
57.6543 58.0071 58.5923 59.3471 57.4796 57.8547 58.3958 59.1161 57.697 58.0377 58.7473 59.4303 58.2588 58.5851 59.1167 59.5632 
59.2636 59.2368 59.0413 58.915 58.2854 58.6899 58.565 58.3009 58.7513 58.7493 58.4261 58.3197 59.4667 59.1579 58.6365 58.4597 
54.2634 54.1565 53.871 53.509 54.3807 54.1825 53.9226 53.5776 54.6658 54.2887 53.999 53.7222 54.6609 54.4905 54.2877 53.8334 
48.2021 48.2701 48.1744 48.1264 48.6146 48.4865 48.451 48.3018 48.6847 48.6909 48.6042 48.5013 48.7995 48.828 48.9359 48.7033 
41.7871 42.316 42.239 42.4378 42.423 42.497 42.7377 42.6105 42.3162 42.8397 42.7642 42.9579 42.2884 42.6289 42.8739 42.6419 
38.9248 39.1503 38.9148 38.624 38.9307 39.225 39.2193 38.8031 38.9265 39.2875 39.2786 39.1643 39.005 39.33 39.2121 38.9583 
36.1322 36.133 35.6461 35.1219 36.1073 36.1465 35.939 35.1704 36.1218 36.1313 35.9475 35.6308 36.0823 36.1941 35.8271 35.3833 
29.3335 29.5632 29.5397 29.2679 29.1259 29.501 29.5861 29.3252 29.158 29.3537 29.5518 29.4687 28.9627 29.477 29.5001 29.3742 
13.3484 15.12 16.4934 17.8504 13.5761 14.9934 16.45 17.4563 13.68 14.9089 16.2883 17.5243 13.7663 15.4051 16.5354 17.4497 
6.21835 7.56074 8.70385 10.1042 6.4689 7.43427 8.72402 9.83779 6.69955 7.46318 8.66458 9.96723 6.79443 8.00057 8.95098 9.90478 
0.518576 0.351327 0.261521 0.937235 0.515181 0.366252 0.266086 0.707894 0.530146 0.362295 0.295696 0.294702 0.547313 0.390625 0.39862 0.403197 
16.6411 13.3181 11.3757 10.0066 16.2595 13.2621 11.2481 9.8839 16.3923 13.1635 11.3514 9.8212 16.2055 13.2746 11.2169 9.84078 
42.4735 39.9515 38.1866 36.6777 42.1463 40.0319 38.1855 36.7769 42.2283 40.2132 38.4816 36.7875 42.4285 40.2327 38.4357 36.7822 
90.2708 88.0169 87.5269 86.6275 89.9308 88.051 87.2335 86.0758 90.8006 89.1852 87.3151 85.32 91.6106 91.0249 87.9789 86.1896 
112.205 109.74 108.83 108.018 111.919 109.853 108.615 107.436 113.388 111.522 109.341 106.754 114.248 113.744 110.33 108.028 
118.072 115.273 113.858 112.313 117.755 115.548 113.546 111.641 119.134 116.822 114.194 111.169 119.953 118.765 114.926 112.369 
119.926 118.339 116.597 115.428 120.391 119.013 116.706 115.466 121.356 119.992 118.015 115.737 121.509 120.482 118.814 116.78 
120.855 118.698 118.001 117.731 120.264 118.421 117.805 117.506 120.568 119.018 118.437 118.212 119.96 119.209 119.384 118.766 
120.265 120.161 120.066 120.063 120.574 120.397 120.412 120.463 120.944 120.909 121.047 121.146 120.936 121.039 121.188 121.386 
119.113 119.523 120.354 120.954 119.282 119.891 120.681 121.542 119.635 120.324 121.137 122.041 120.19 120.611 121.271 122.104 
119.175 119.515 120.381 121.491 118.417 118.56 120.129 121.547 117.867 118.786 120.109 121.423 118.372 119.851 120.765 121.563 
121.314 120.739 121.464 122.086 120.017 119.311 120.562 121.743 118.56 118.481 119.529 120.745 118.163 119.156 119.858 120.487 
122.042 120.762 122.136 121.275 119.874 120.129 120.732 121.607 119.55 118.25 118.929 118.997 118.513 119.336 119.489 119.916 
93.9943 94.0326 109.774 22.3357 240.438 25.3214 213.571 47.6638 159.319 183.76 232.472 51.3241 198.218 62.5958 39.7018 247.725 
173.247 180.741 57.3941 209.779 106.327 69.8357 156.152 137.045 179.914 75.5611 54.8624 213.68 235.923 182.589 32.4045 11.7857 
62.1488 62.2629 61.7961 58.9094 59.8378 62.3498 58.25 59.1023 60.0791 59.0085 58.8374 58.7598 56.764 56.7969 56.5323 57.9369 
56.9925 57.4603 57.963 58.2536 56.1664 56.6775 57.1898 57.5803 55.2377 55.7904 56.2519 56.7077 54.6115 55.053 55.6561 56.1396 
54.6296 55.2947 56.3564 57.0961 54.449 55.3394 56.3148 57.1103 54.3856 55.2274 56.1643 57.0362 54.3069 55.0639 55.9315 56.8191 
52.2278 52.9363 53.2803 54.2627 52.1181 52.2505 52.9484 53.8423 52.0105 52.2288 52.9162 53.8385 52.2311 52.4654 52.9839 53.7267 
52.3344 52.9994 53.4617 53.8474 52.2943 53.0236 53.4991 53.8896 52.4105 53.1043 53.4333 53.8392 52.3861 53.1683 53.5086 53.7665 
48.4112 49.043 49.4996 49.9549 48.3359 48.9249 49.5015 49.9676 48.2867 48.8717 49.4001 49.8719 48.2343 48.8992 49.4483 49.8166 
42.9118 43.8527 44.3425 44.985 43.2089 43.7417 44.4477 45.0071 43.1705 43.8457 44.3573 45.0608 42.9559 43.6635 44.4232 44.9051 
37.8884 39.045 39.7091 40.5597 38.3005 38.9334 39.8801 40.526 38.0312 39.124 39.726 40.5316 37.9577 38.8358 39.8266 40.4093 
34.5471 35.2526 35.5925 36.0257 34.8126 35.2446 35.7156 35.9807 34.6795 35.3606 35.6172 36.0869 34.5802 35.1609 35.6483 35.8197 
33.1087 33.5763 33.6122 33.6296 33.0736 33.539 33.7791 33.5853 33.2696 33.5724 33.7907 33.9108 33.341 33.7929 33.9471 33.9779 
29.7743 31.0004 30.3358 29.6591 29.7217 31.2759 30.7259 30.0253 29.798 32.2525 31.3897 30.7688 29.5082 32.8722 32.0817 31.09 
10.7907 24.9041 22.5715 22.3761 10.5303 26.4477 24.4091 23.7927 10.5177 30.2075 27.1199 26.3671 10.4076 33.6778 30.3206 27.8281 
0.286635 4.97161 4.22481 4.08648 0.268369 5.11697 4.28533 3.94167 0.285043 5.14045 4.36345 3.57032 0.300049 5.05082 4.29522 3.64031 
0.35715 0.18083 0.124463 0.819624 0.356887 0.232747 0.143226 0.595308 0.377696 0.232205 0.194635 0.213529 0.391888 0.277552 0.315106 0.355896 
1.93176 1.85198 1.80965 2.5415 1.91274 1.9089 1.84298 2.29618 1.93051 1.91904 1.87246 1.84422 1.94772 1.88986 1.91775 1.95374 
63.5947 62.108 60.894 59.723 63.3236 62.0161 60.5118 59.4376 62.5684 61.4197 59.948 58.845 62.4548 61.109 59.9361 58.9744 
106.584 105.555 104.053 102.827 107.173 105.494 103.288 102.362 105.877 104.674 102.617 101.691 105.712 104.816 103.191 101.907 
117.276 114.87 113.996 112.815 117.023 114.753 113.276 111.81 117.137 115.272 112.849 110.833 117.847 117.298 113.562 111.744 
130.461 125.365 120.082 115.865 131.361 125.355 119.02 115.875 133.245 127.682 121.663 116.251 132.847 129.366 122.731 116.799 
124.285 122.702 120.51 119.057 125.081 123.516 121.085 119.444 125.401 123.965 121.856 120.048 125.931 124.751 122.607 120.574 
123.491 123.059 122.414 122.02 123.974 123.472 122.494 121.988 124.347 124.012 123.251 122.528 124.48 124.399 123.724 122.854 
123.074 123.12 123.211 123.309 123.352 123.209 123.442 123.775 123.779 123.858 123.886 124.091 123.933 124.025 124.11 123.974 
121.432 122.522 123.757 125.019 121.479 122.468 124.115 125.342 121.747 122.931 124.616 125.995 121.961 123.275 124.699 125.87 
120.854 122.473 124.865 126.716 120.344 121.738 124.506 126.67 119.566 121.014 123.516 125.963 119.077 120.581 122.904 124.853 
122.374 122.132 123.095 124.186 120.521 120.104 121.869 123.599 118.849 119.147 120.643 122.344 118.175 119.564 120.854 121.678 
123.822 122.238 123.85 125.462 120.923 119.62 125.395 125.178 119.511 118.901 119.013 119.893 118.854 116.844 120.156 120.121 
228.235 227.345 61.7572 119.643 101.655 185.882 198.396 192.969 27.795 233.285 196.254 15.2593 131.71 91.4242 142.441 48.417 
192.17 71.3846 200.534 179.257 206.553 89.8024 185.23 49.19 217.67 132.514 123.772 97.0196 218.017 85.5269 4.30568 66.0855 
93.5906 59.5007 80.6522 59.0883 66.3598 81.6996 48.1407 58.5401 46.8388 61.8212 93.4556 37.6989 90.4852 48.1564 71.794 26.4223 
57.3868 56.949 56.5495 56.553 54.233 53.371 53.0598 52.822 50.001 49.7806 49.4623 49.6266 47.268 46.6277 46.8564 46.9511 
51.8953 52.6947 53.0104 53.8858 51.7514 51.9349 52.5882 53.4063 51.5069 51.7752 52.4223 53.3338 51.4761 51.7669 52.3072 53.05 
51.1188 51.9933 52.3657 53.2607 51.1228 51.3624 52.0728 52.8985 50.9362 51.3244 51.9485 52.9052 50.9672 51.3919 51.9084 52.6101 
50.1086 51.0479 51.4988 52.4048 50.1125 50.5091 51.2766 52.1175 49.9148 50.5215 51.1907 52.0577 50.0383 50.6426 51.2123 51.848 
45.8423 47.1103 47.9395 48.6234 45.7941 47.1081 47.9118 48.6693 45.785 47.085 47.8503 48.5397 45.7756 47.1156 47.7879 48.3775 
42.0989 42.9217 43.7191 44.4102 42.0046 42.9156 43.6657 44.386 41.8244 42.7981 43.5874 44.1463 41.8886 42.7811 43.5076 44.1337 
36.0641 37.2282 37.9711 38.8483 36.2989 36.9982 37.9998 38.7273 36.0127 37.0191 37.7549 38.662 35.8689 36.7952 37.799 38.3923 
30.6236 31.3884 32.0412 32.5547 30.6148 31.351 32.0876 32.5136 30.7388 31.2432 31.8664 32.4387 30.8911 31.3997 32.1053 32.5377 
28.3231 28.9207 29.3017 29.6449 28.3781 28.9073 29.3786 29.5913 28.5733 28.8655 29.2958 29.7298 28.7271 29.07 29.5542 29.8233 
25.4807 27.5295 27.8004 28.2575 25.4324 27.4438 27.8262 28.1129 25.7688 27.2528 27.5897 28.2471 26.0122 27.6232 28.0245 28.4342 
16.3408 51.938 43.3822 39.2175 15.534 57.5728 47.8677 39.9125 15.1743 56.8408 50.402 45.8274 15.684 59.4303 56.1774 44.0326 
14.0174 73.5737 57.5624 60.3545 9.99671 67.488 67.8639 68.0074 16.3352 67.0808 55.9183 57.949 5.17597 62.9247 61.6429 57.3658 
0.114005 4.92051 4.10757 3.97119 0.0951843 5.06058 4.16234 3.79868 0.102641 5.07553 4.23821 3.38576 0.11387 4.98377 4.17746 3.47002 
106.185 129.02 96.4443 73.8933 74.408 125.365 88.144 115.05 125.509 119.716 67.6111 121.688 112.628 66.4633 127.076 122.115 
114.033 113.978 112.016 110.079 113.383 113.369 111.497 109.324 110.928 110.5 109.024 108.337 110.291 109.301 108.735 108.052 
120.22 119.561 117.878 116.345 120.545 119.331 116.708 115.25 117.867 116.983 114.827 113.971 117.36 116.355 115.166 114.109 
131.44 126.646 121.532 117.346 132.179 126.076 120.032 117.17 133.832 127.86 122.16 117.204 133.014 129.334 122.616 117.25 
133.475 127.909 121.952 117.492 134.461 127.763 121.059 117.738 136.453 130.019 123.667 118.19 135.839 131.771 124.428 118.353 
131.152 127.259 122.869 119.645 132.086 127.275 122.022 119.482 133.782 129.202 124.303 119.947 133.394 130.756 125.107 120.213 
125.66 125.328 124.602 124.287 126.125 125.59 124.686 124.458 126.522 126.008 125.045 124.59 126.663 126.205 125.388 124.697 
124.439 124.838 125.076 125.312 124.792 124.981 125.165 125.442 125.09 125.473 125.591 125.736 125.185 125.565 125.753 125.836 
122.891 124.452 126.19 127.454 123.184 124.336 126.33 127.854 123.357 124.833 126.377 127.972 123.663 124.848 126.327 127.719 
121.458 124.49 126.911 128.913 121.769 123.982 126.985 128.796 120.912 123.142 125.925 128.453 121.135 122.934 125.507 127.541 
122.903 124.232 126.37 128.041 121.862 122.922 125.588 127.551 120.166 121.129 123.409 125.797 118.8 119.96 122.54 124.29 
119.058 136.492 150.493 104.82 106.262 126.992 116.394 141.72 139.779 138.332 123.85 115.665 128.329 131.49 102.367 107.769 
