10868000
12.7073 10.0195 8.28872 5.96784 12.3545 9.98785 8.17959 6.47502 12.7763 9.58684 7.91866 6.3029 12.6918 9.98625 7.35417 5.96961 
18.8417 18.7344 18.3104 17.8638 18.6364 18.5571 18.4042 17.8986 18.574 18.3338 18.2467 17.9425 18.598 18.2507 18.0644 17.802 
53.2238 54.4346 54.5763 54.3224 53.3544 54.2139 54.3265 54.1913 53.2569 54.1082 54.2491 54.2898 53.6728 53.9611 54.1315 54.2519 
73.6256 74.2668 74.4771 74.8875 73.8826 73.9562 73.5179 73.9432 74.1558 73.8209 73.1689 72.9736 74.4991 74.3167 73.7933 73.022 
81.9703 82.9517 83.1195 83.4005 82.2657 82.5362 82.272 82.5683 82.1083 82.0424 81.8148 81.5699 82.4231 82.3838 82.1326 81.382 
89.4639 90.1765 90.3922 90.6975 89.7089 89.8567 89.4685 89.6357 89.5625 89.3348 88.9035 88.4863 89.5553 89.6377 89.3475 88.5011 
120.754 120.415 121.046 120.105 119.203 119.575 120.523 120.952 117.669 119.524 120.418 120.187 117.746 118.344 120.147 119.29 
130.703 130.343 131.018 130.276 128.929 129.469 130.791 130.947 127.272 129.239 130.221 130.366 127.555 128.148 130.257 128.862 
133.119 132.778 133.119 132.096 131.474 131.921 132.351 132.652 129.872 131.868 132.285 131.643 130.36 131.016 132.473 130.928 
17.4425 14.8413 13.0796 10.8022 17.1271 14.7996 12.9887 11.2522 17.5541 14.5206 12.7546 11.1089 17.4215 14.9093 12.2766 10.7781 
36.2524 34.1502 32.884 30.9347 36.0419 34.3252 32.6268 31.2307 36.5105 34.0298 32.3507 30.7373 36.4102 34.409 31.9729 30.3842 
59.6277 59.6408 59.7574 59.8471 59.6681 59.5485 59.254 59.5769 60.1247 59.9439 59.4252 59.4008 60.3757 60.2036 59.8491 59.7794 
72.3442 72.7095 72.9678 73.1479 72.4501 72.4374 72.3588 72.785 72.7805 72.7172 72.3783 72.6567 73.1831 72.838 72.7037 72.9494 
98.0334 97.796 98.0754 97.9122 97.3522 97.978 98.3027 97.9913 97.5196 98.4239 98.9125 98.9738 99.116 99.2826 98.6666 98.5735 
104.395 104.744 105.193 105.687 104.113 104.564 105.203 105.492 103.921 104.37 105.322 105.729 103.916 103.991 104.786 105.672 
131.348 131.463 131.904 132.28 130.693 131.433 132.384 132.147 130.39 131.183 132.174 132.851 130.791 130.891 132.037 131.743 
135.87 135.448 136.123 135.438 134.387 135.079 136.482 136.67 132.687 134.827 136.045 136.247 133.146 133.803 135.851 134.547 
146.438 147.339 147.682 146.469 144.875 146.339 146.821 145.34 144.66 145.504 145.918 145.16 145.799 145.759 146.032 144.931 
45.3517 42.4301 40.5457 37.981 45.0876 42.7435 40.5135 38.3785 45.8988 42.3964 40.1026 37.8593 45.631 42.8698 39.6198 37.2911 
56.2187 56.3898 55.8918 55.5813 56.2033 56.71 56.185 55.5537 56.4571 56.8126 56.1941 55.3919 56.5489 56.8842 56.4259 55.2203 
75.4132 75.7233 75.2931 74.3414 76.3451 76.4728 75.4407 74.2036 76.8426 77.157 76.2976 74.6604 76.6694 76.7093 76.3177 75.5004 
99.6694 99.0726 99.3354 99.1553 98.9715 99.2591 99.7932 99.6467 99.295 100.036 100.285 100.648 100.762 100.598 100.029 100.592 
110.725 110.079 110.391 110.126 110.017 110.424 111.093 110.823 110.168 111.108 111.615 112.037 111.645 111.54 111.117 111.921 
119.52 118.902 119.521 119.257 119.144 119.417 120.096 119.947 119.305 120.464 120.84 120.913 120.733 121.245 120.697 121.093 
146.688 146.61 146.967 146.877 147.973 148.361 148.506 148.555 148.115 148.825 149.419 149.275 148.317 148.758 149.162 149.443 
155.755 156.787 157.17 156.327 155.457 156.52 157.208 156.583 156.54 156.613 157.858 157.026 157.588 157.765 157.673 156.69 
155.289 156.18 156.39 154.413 154.467 155.863 155.642 154 154.267 155.174 155.04 153.675 155.6 155.525 154.998 154.075 
78.6328 78.0408 77.293 76.6615 78.6219 78.0117 77.373 76.6148 78.3709 77.9189 77.358 76.6947 78.331 78.1125 77.5438 76.9148 
79.5089 79.7691 79.0919 77.8952 80.5093 80.5656 79.4672 77.811 81.1457 81.349 80.5641 78.6205 80.964 80.9846 80.4776 79.406 
83.6427 83.576 82.5602 81.2702 84.9734 84.5689 83.182 81.4944 85.5894 85.6415 84.565 82.4561 85.6212 85.3957 84.7731 83.7491 
95.1015 95.1503 94.5661 93.4861 96.2328 95.9613 95.0968 93.5231 96.8231 96.8364 95.8674 94.1802 96.6164 96.3914 95.9338 95.3531 
116.933 116.415 117.096 116.907 116.378 116.725 117.685 117.537 116.486 117.681 118.137 118.314 117.913 118.414 117.893 118.34 
144.52 144.905 146.872 146.789 145.371 145.728 146.777 147.119 145.203 146.908 146.475 145.383 144.684 147.876 147.564 146.483 
158.049 158.753 160.333 160.309 159.19 159.658 160.715 160.938 160.879 161.552 162.009 160.311 160.665 163.349 162.688 160.854 
167.678 168.709 168.974 168.919 168.95 169.704 170.858 171.153 171.86 171.445 172.803 171.961 172.724 173.128 172.414 171.204 
167.884 168.873 168.641 167.431 167.236 168.055 168.159 167.308 168.192 168.119 168.859 167.461 168.989 169.011 168.503 167.397 
90.2838 89.7708 89.7089 89.577 90.1841 89.8062 89.7273 89.4634 90.313 89.868 89.7549 89.2686 89.9421 89.8977 89.4841 89.0375 
90.0484 89.5735 89.1313 88.9417 90.0428 89.584 89.2053 88.903 89.9859 89.7795 89.5644 89.2985 90.1948 90.0613 89.7848 89.498 
91.546 91.5238 90.8113 89.7318 92.8013 92.4936 91.5119 89.8554 93.4475 93.4433 92.8209 91.0416 93.4811 93.2418 92.7682 92.193 
117.72 117.651 116.72 116.817 117.918 117.424 117.367 116.825 118.235 117.65 117.206 117.464 118.331 118.304 117.748 117.622 
146.027 147.376 147.671 147.721 146.132 147.403 147.641 147.478 146.483 146.41 145.975 147.402 146.268 146.694 148.485 149.033 
159.682 159.624 162.225 162.118 160.946 161.76 162.31 161.469 160.95 162.44 161.766 159.861 159.323 163.153 162.451 160.852 
182.743 182.004 183.485 183.089 184.326 185.404 184.659 182.379 186.084 186.008 184.669 182.946 183.993 185.034 183.831 182.958 
184.581 184.989 185.077 185.106 184.802 185.186 185.818 185.458 187.066 186.452 187.16 186.015 187.04 187.639 186.727 185.427 
192.869 192.409 192.226 192.527 193.239 192.592 192.156 191.802 193.251 193.267 192.42 191.713 193.161 193.182 192.355 192.158 
99.5578 98.889 99.0466 99.2437 99.434 99.0538 98.8654 98.8972 99.5451 99.1973 99.1345 98.4798 99.1253 99.154 98.6416 98.1794 
101.654 101.576 101.931 102.354 101.688 101.812 101.883 102.386 102.064 102.056 102.405 102.358 102.124 102.238 102.42 102.475 
117.615 117.444 117.355 117.191 117.951 117.614 117.458 117.448 118.05 117.893 117.653 117.72 118.313 118.171 118.148 118.074 
146.028 146.975 146.916 146.87 146.58 147.025 146.773 146.665 147.317 146.5 145.935 147.317 147.298 147.267 148.606 148.905 
164.102 165.686 166.065 166.456 164.33 165.691 165.934 166.279 164.827 164.894 164.799 166.29 164.893 165.376 167.742 168.242 
195.122 197.117 195.44 195.335 194.76 195.168 195.289 196.669 194.485 193.864 195.261 198.292 195.049 194.583 195.535 195.981 
198.293 198.381 199.443 198.961 198.686 199.845 199.752 198.004 199.659 199.672 199.507 198.626 198.955 199.604 199.328 199.126 
211.822 211.127 210.91 211.399 211.196 211.082 210.938 210.338 211.3 211.451 210.782 210.513 211.71 211.718 211.083 210.911 
215.932 215.964 215.626 216.484 215.977 215.59 215.081 215.323 215.955 215.516 215.103 214.805 215.947 215.861 215.11 215.175 
109.823 109.533 109.63 110.06 109.956 110.071 109.676 110.017 110.463 110.455 110.354 109.918 110.483 110.536 110.319 110.117 
124.036 124.209 123.678 123.573 124.512 125.943 124.51 124.61 125.288 125.852 125.298 125.775 128.434 126.463 126.413 128.486 
140.588 140.702 141.103 141.147 141.137 140.809 140.956 141.35 141.756 141.042 141.527 142.073 141.822 141.637 142.377 142.455 
165.594 165.522 165.677 165.881 165.974 165.671 165.982 166.235 166.553 166.149 166.109 166.405 166.886 166.684 166.868 166.602 
194.796 196.521 194.813 195.06 194.323 194.53 194.718 196.511 194.324 194.029 195.602 198.812 194.845 194.808 196.053 196.192 
201.556 203.544 202.201 202.162 201.02 201.492 202.082 203.519 200.556 200.468 202.305 205.323 201.698 201.548 202.472 203.014 
208.074 209.98 208.618 208.529 208.002 208.42 208.475 209.945 207.741 207.168 209.073 212.053 208.751 208.946 209.356 209.428 
228.623 227.737 227.767 228.058 227.636 227.046 226.888 228.215 227.346 227.407 227.775 229.07 228.154 229.455 228.874 228.263 
234.13 233.691 233.424 234.714 233.848 233.374 233.04 233.424 233.262 233.34 232.802 232.656 233.523 233.448 232.569 232.823 
125.487 125.099 124.089 123.86 125.788 127.008 125.042 124.567 126.333 126.602 125.629 125.513 129.79 127.334 126.535 128.511 
131.024 130.941 130.148 130.065 131.532 132.76 131.212 130.879 132.51 132.457 132.075 132.143 135.635 133.293 133.141 135.04 
148.688 148.38 147.718 147.186 149.207 149.528 148.57 147.837 149.837 149.107 148.828 148.466 152.084 150.083 149.65 150.572 
177.558 177.03 177.251 178.086 178.204 177.551 177.522 177.799 178.965 178.58 178.896 179.009 178.384 178.504 179.403 178.359 
191.4 190.861 190.983 192.236 192.064 192.292 192.138 192.466 193.087 193.517 193.396 193.411 192.812 192.987 193.821 193.168 
208.129 209.536 207.328 207.514 207.916 207.702 208.102 209.224 207.169 206.306 208.459 210.647 208.118 207.266 207.87 207.446 
225.514 225.017 224.785 224.072 226.093 225.393 224.599 225.579 226.195 225.928 226.664 227.648 226.751 228.692 228.385 226.972 
235.458 233.789 233.649 233.646 235.229 234.364 233.729 234.72 235.182 234.918 235.316 236.47 235.663 237.431 236.709 235.501 
248.985 248.891 248.869 249.253 248.925 248.62 248.463 249.489 249.17 248.918 249 249.564 249.356 249.604 249.333 249.029 
127.231 126.716 126.544 126.708 127.812 127.421 126.564 126.541 128.522 127.884 127.092 126.79 128.818 128.11 127.646 127.383 
137.395 137.072 136.034 135.5 137.978 138.894 136.905 136.28 138.568 138.407 137.373 137.171 141.651 139.451 138.448 140.073 
161.613 161.326 161.047 160.541 162.668 161.094 161.235 160.326 163.438 160.794 161.409 160.286 162.73 162.636 162.066 160.788 
180.513 180.162 180.171 180.729 181.831 181.263 181.197 180.409 182.015 181.396 180.329 179.365 181.849 181.499 179.825 179.512 
209.424 207.896 206.667 207.824 209.836 208.481 209.248 207.84 209.075 208.398 209.042 207.055 208.897 207.582 207.55 206.254 
220.083 218.546 216.736 217.208 220.29 218.984 219.301 217.636 219.096 218.241 218.702 216.454 219.314 217.541 217.232 216.419 
227.331 226.29 225.216 225.623 227.783 226.833 227.192 226.198 227.582 226.691 227.551 226.15 228.049 227.606 227.136 225.957 
247.066 246.315 245.644 246.004 246.866 246.405 245.991 246.453 247.282 247.222 247.104 247.214 247.557 247.994 247.641 247.211 
252.76 252.315 252.139 252.515 252.568 252.656 252.762 252.791 252.928 253.038 253.202 253.174 253.103 253.314 253.233 253.024 
