10868000
151.327 152.141 152.247 152.086 152.191 152.111 151.971 151.592 153.11 151.276 151.054 151.635 152.782 152.407 153.677 153.437 
127.422 127.529 128.074 128.309 128.899 129.168 129.115 129.636 129.754 129.405 129.817 130.624 130.422 129.737 130.486 131.293 
115.297 115.811 116.729 117.184 115.495 116.235 116.486 117.297 116.144 116.581 117.212 118.124 116.747 116.974 117.765 118.846 
105.755 105.58 105.847 105.621 104.862 105.873 106.421 106.102 104.998 106.239 107.493 108.049 106.742 107.038 107.239 107.735 
71.7451 72.48 72.734 73.1068 71.8234 72.5996 72.9014 72.9631 72.0942 72.6051 72.7394 72.7835 72.2486 72.6522 72.9454 72.6787 
55.9111 55.9919 56.1775 56.4262 56.0305 56.0003 55.8793 56.1214 56.4834 56.2715 55.899 55.887 56.7039 56.4412 56.3086 56.0548 
27.7175 26.1394 25.1789 23.7262 27.5537 26.1804 25.0796 23.9845 27.846 26.0004 24.8945 23.7959 27.7571 26.2225 24.5399 23.5486 
15.8451 13.5267 12.0547 10.0245 15.5332 13.521 11.9599 10.4717 15.9111 13.2055 11.7134 10.2881 15.8395 13.5676 11.2622 9.98937 
159.29 160.022 160.187 159.879 161.087 161.014 160.905 160.594 161.88 160.365 160.138 160.505 161.87 161.317 162.188 161.937 
153.121 154.365 154.653 154.487 154.734 155.312 156.571 156.611 157.663 156.208 157.866 157.484 157.958 158.305 158.306 157.445 
116.954 116.824 117.288 117.034 116.729 117.827 118.423 118.112 117.026 118.341 119.601 120.176 118.679 119.051 119.303 119.906 
110.217 109.95 110.285 110.001 109.285 110.154 110.824 110.299 109.308 110.667 111.753 111.988 110.789 111.228 111.213 111.506 
100.468 99.8763 100.201 100.066 99.7983 100.146 100.734 100.496 100.06 100.846 101.278 101.678 101.564 101.372 100.927 101.499 
69.8167 70.0005 70.3304 70.5874 70.0592 70.0187 70.0183 70.2609 70.484 70.3394 70.0205 70.0249 70.5313 70.389 70.2716 70.223 
64.7454 65.1953 65.2967 65.4298 65.1145 65.0672 64.3665 64.6222 65.3766 65.0532 64.166 63.6195 65.6652 65.6431 64.8544 63.8402 
28.8722 26.7636 25.2808 23.4142 28.3881 26.5612 25.0483 23.7034 28.6775 26.2335 24.8552 23.4621 28.5456 26.4226 24.2249 23.135 
168.456 169.197 169.324 169.059 169.197 169.488 170.211 170.027 171.343 170.023 170.839 170.171 171.527 171.63 171.064 170.114 
167.886 168.572 169.328 169.055 169.829 170.721 171.973 171.511 173.089 172.216 173.921 172.482 173.195 173.792 173.008 171.687 
152.82 153.356 153.502 153.543 153.093 153.582 154.475 154.703 155.546 155.01 156.097 155.531 155.887 156.187 155.569 154.989 
117.441 116.754 116.918 116.615 116.795 117.119 117.651 117.329 116.917 117.806 118.305 118.695 118.502 118.26 117.797 118.454 
119.797 119.138 119.589 119.077 118.392 118.411 119.356 120.256 117.092 118.603 118.956 119.223 117.426 117.428 118.921 118.564 
86.4626 86.8283 87.2117 87.6553 87.0258 86.8359 86.5094 87.2137 87.4361 87.045 86.0906 85.9105 87.642 87.3679 86.5606 86.2545 
79.879 80.4867 80.2821 80.0183 80.3816 80.4789 79.7146 79.3841 80.5548 80.5087 79.7816 78.7836 80.5981 80.629 79.9713 79.0064 
77.9752 78.6804 78.4458 78.3869 78.1778 78.2927 77.6029 77.6729 78.2464 78.0752 77.3981 76.8579 78.5048 78.5529 77.9206 76.9 
188.879 187.981 188.773 188.952 189.802 189.728 189.542 188.269 190.381 189.967 189.197 187.726 189.551 189.845 188.791 187.814 
180.259 180.426 181.3 181.478 181.26 182.026 183.021 182.097 183.787 183.427 183.967 182.8 183.726 184.591 183.416 182.519 
177.962 177.413 177.617 177.167 178.998 179.09 178.16 176.291 179.755 179.441 178.572 177.068 179.257 179.292 178.326 177.845 
143.047 142.334 142.4 141.682 141.368 141.565 142.016 142.452 139.962 141.643 142.011 141.888 140.366 140.621 142.148 140.876 
129.727 128.897 129.684 129.109 128.388 128.294 129.314 130.386 126.906 128.752 128.91 128.905 127.213 127.886 129.204 128.516 
116.988 116.63 116.89 116.062 115.656 116.046 116.533 116.861 114.287 116.127 116.665 116.312 114.463 114.948 116.5 115.556 
84.7847 85.4477 85.2033 85.0013 85.5308 85.604 84.5056 84.2735 85.7621 85.7068 84.7737 83.6908 85.8104 86.114 85.3668 84.1201 
86.1314 86.2091 85.7418 85.0751 86.4035 86.1588 85.6303 84.8738 86.5087 86.4675 86.2129 85.3111 86.3385 86.1114 85.8923 85.6497 
212.639 211.521 211.016 212.106 213.09 211.861 213.078 211.782 212.56 211.945 212.325 210.323 212.642 211.583 211.216 210.005 
205.744 207.081 207.294 207.192 207.353 207.851 207.957 207.205 208.471 207.729 208.607 208.268 209.011 210.351 209.876 208.901 
192.219 192.303 192.626 192.819 192.679 192.921 192.783 192.187 193.915 194.012 193.573 193.243 194.803 194.724 194.138 194.271 
172.772 173.019 173.681 173.696 173.578 173.457 173.712 173.718 174.08 174.931 175.101 173.556 173.574 175.759 175.909 174.318 
141.602 141.343 142.467 141.758 140.137 140.587 141.639 142.515 138.721 141.021 141.61 141.337 138.847 140.657 142.27 140.686 
133.538 133.41 134.917 134.91 133.937 134.075 134.623 134.955 134.066 135.456 135.085 133.89 133.709 136.53 136.006 134.766 
99.7641 99.7479 99.5926 99.1529 100.244 100.184 99.4948 98.8703 100.525 100.544 99.9733 99.0038 100.186 100.178 99.7325 99.4979 
96.006 95.6433 95.6372 95.599 95.7723 95.4671 95.476 95.4065 95.7997 95.4289 95.5407 95.3772 95.5315 95.4507 95.3724 95.166 
223.187 222.397 221.478 222.484 223.798 223.057 223.653 222.601 223.432 222.698 223.729 222.271 223.746 223.589 223.206 221.842 
224.241 223.466 222.456 222.899 224.275 223.142 223.612 223.584 224.029 223.361 224.208 223.401 224.654 224.413 224.148 222.912 
208.362 208.869 208.404 208.323 209.6 209.363 208.609 208.491 210.633 209.573 210.341 210.263 210.509 211.493 211.34 210.639 
196.09 197.553 195.851 196.175 195.712 195.809 195.726 197.442 195.712 195.331 196.696 199.623 196.031 195.87 196.739 196.733 
164.743 164.571 165.879 166.107 165.273 165.176 165.744 166.226 165.276 166.523 166.629 166.016 164.783 167.178 167.71 166.205 
145.499 146.311 147.14 146.179 144.78 145.919 146.104 145.445 145.067 145.87 145.844 145.428 145.677 146.169 146.173 145.752 
121.999 121.491 121.8 121.647 122.145 121.849 121.646 121.411 122.441 122.208 122.012 121.49 122.213 122.192 122.116 121.672 
106.422 106.515 106.422 106.147 106.542 106.43 106.334 105.775 106.656 106.329 106.205 105.717 106.526 106.394 106.234 105.883 
243.288 242.943 242.259 242.931 243.105 242.6 242.675 243.038 243.258 243.001 243.279 243.154 243.488 243.574 243.37 242.931 
234.899 233.953 233.274 233.268 234.693 234.108 233.408 234.415 234.874 234.586 234.898 235.58 235.248 236.472 236.001 235.226 
214.682 215.62 213.681 213.934 214.016 213.51 213.069 215.306 213.383 212.784 214.013 217.301 214.334 214.27 214.308 214.491 
202.858 204.263 202.218 202.223 202.252 202.336 202.239 203.62 201.616 201.179 202.549 205.321 202.032 201.54 202.308 202.621 
190.047 192.123 190.523 190.176 189.203 189.768 190.046 191.345 188.759 188.578 190.115 192.941 189.697 189.323 189.934 190.208 
153.953 154.512 155.074 153.903 153.007 153.715 154.081 153.295 152.934 153.434 153.776 153.231 153.692 153.686 153.944 153.467 
140.016 141.046 141.416 140.051 139.527 140.635 140.48 139.304 139.671 140.257 139.888 138.909 140.518 140.688 140.296 139.678 
126.678 126.592 125.443 124.968 127.191 128.124 126.562 125.76 127.717 127.906 126.947 126.759 130.711 128.569 127.901 129.493 
252.043 251.663 251.625 252.136 251.966 252.131 252.377 252.363 252.304 252.438 252.759 252.793 252.449 252.699 252.702 252.534 
246.217 245.702 245.808 246.261 246.178 245.621 245.441 246.345 246.324 246.057 246.026 246.43 246.647 246.849 246.398 246.043 
229.973 229.439 229.483 229.287 229.368 229.507 229.577 229.098 228.898 228.974 228.914 229.069 229.393 229.218 228.698 229.025 
207.609 209.282 207.531 207.721 206.919 207.515 207.504 208.806 206.232 206.167 207.432 210.216 207.223 206.924 207.118 207.63 
187.802 188.553 188.762 188.649 187.167 188.173 188.543 188.092 186.399 187.201 187.729 187.614 186.683 187.145 187.517 187.593 
157.942 159.261 159.862 158.448 156.756 158.227 158.669 157.349 156.441 157.528 157.985 156.975 157.554 158.008 157.79 157.234 
137.965 138.004 137.205 136.638 138.103 139.323 137.794 136.998 138.097 138.555 137.915 137.672 141.214 139.254 138.684 140.209 
132.118 132.281 131.009 130.517 132.483 134.048 132.019 131.18 132.781 133.325 132.343 131.927 136.34 134.172 133.276 134.823 
