247000
69.4278 96.2059 24.8398 194.399 167.427 103.445 11.6248 211.824 18.5285 49.7054 105.106 211.996 221.05 195.754 191.637 35.3047 
221.316 111.933 138.992 170.764 31.8331 227.29 237.029 77.1412 56.4737 163.587 78.0662 92.6636 118.637 220.25 44.8728 59.5952 
59.4674 58.7085 74.0971 238.408 156.064 219.534 233.696 150.135 152.643 210.98 200.157 64.0721 74.7987 216.533 211.469 164.621 
43.8254 142.736 170.649 167.588 10.1393 242.545 70.5193 50.4308 116.225 188.858 54.5386 18.4686 138.61 236.5 146.768 49.4196 
100.091 226.454 241.425 212.44 100.071 0.396198 46.7421 78.486 53.4764 164.701 118.588 136.436 184.271 40.5936 66.5684 11.5445 
24.4717 25.5317 241.361 198.091 193.868 227.049 188.98 206.288 193.077 213.916 193.039 66.3557 32.9121 145.606 60.395 200.449 
118.217 111.773 174.642 108.734 117.742 185.882 179.778 98.1691 242.351 130.103 19.4177 49.8844 198.417 31.9966 113.306 135.566 
176.365 132.743 134.74 112.604 78.6476 20.6645 23.2351 192.234 110.025 231.65 234.847 12.9022 194.753 44.6765 69.5135 84.6978 
73.178 223.753 139.795 189.533 202.083 253.405 163.219 216.495 182.943 70.1216 74.3497 149.807 100.622 5.33351 178.644 161.058 
163.987 223.65 7.74094 30.8347 185.404 156.892 225.557 102.155 40.0612 3.62577 213.989 250.499 59.3167 44.2547 34.5515 175.474 
53.0519 67.3919 36.5211 116.699 144.081 128.445 127.637 118.737 66.1083 141.879 70.7385 72.7962 134.034 143.91 118.111 99.7515 
86.3448 86.4352 85.5942 84.1336 85.8303 85.8417 85.3215 84.1667 85.0213 83.8511 83.3438 83.4948 85.0181 83.6365 83.0749 82.8577 
84.1476 83.6739 82.9263 82.6558 83.9031 83.6036 82.6122 82.1678 84.1353 83.7658 82.7076 82.2449 84.1137 83.9323 82.9739 82.311 
82.3301 81.6687 81.2179 81.339 82.4799 82.3284 81.5871 81.4672 83.0472 83.083 82.4168 81.8943 83.401 83.5595 82.9548 82.4033 
80.8419 80.376 80.1116 80.3441 80.6305 80.3251 80.1152 79.8332 80.9037 80.5844 80.4931 79.7718 81.0705 80.8273 80.6427 80.19 
79.7528 79.7457 79.198 78.7832 79.7842 79.3019 79.036 78.6334 79.6095 78.8976 78.7149 78.2051 79.2893 78.8497 78.7267 78.3471 
78.2934 77.322 77.2239 76.3317 78.6131 77.9197 77.1645 76.2824 77.9271 77.8045 77.7404 76.8501 78.4208 77.8982 76.9274 75.9649 
60.577 80.5364 76.6858 72.2994 60.9253 80.4428 76.5726 72.4998 60.7366 80.1049 76.2033 72.2591 60.3033 79.8848 76.0603 72.0694 
26.9871 70.0012 61.1506 51.1923 27.0121 72.4067 63.7064 54.4116 26.7135 77.3636 67.1531 57.4893 26.6321 81.3797 71.0052 59.0668 
18.6829 44.715 40.2447 36.3308 18.5877 46.0441 41.5874 37.4588 18.7227 48.3475 43.4407 39.2394 18.5653 50.3156 45.1949 40.1423 
8.03872 7.62882 7.50927 7.48957 8.17021 7.68568 7.58078 7.57918 8.35702 7.80848 7.69673 7.62905 8.25692 7.99999 7.83254 7.77109 
1.1704 0.963788 0.812746 1.4289 1.18302 1.01618 0.875053 1.22833 1.20893 1.04494 0.925823 0.841425 1.26535 1.035 1.02202 0.973688 
0.339356 0.164163 0.116233 0.828614 0.346227 0.217913 0.132711 0.598114 0.362108 0.216339 0.184599 0.211305 0.387906 0.260904 0.303782 0.358603 
137.912 215.785 2.77131 230.925 164.298 90.242 14.167 81.3923 32.8471 5.69517 237.163 148.402 199.406 125.138 114.484 183.154 
46.9304 87.0752 236.325 9.13624 226.536 153.788 237.309 21.3212 34.4314 212.036 191.034 19.4556 181.725 10.7607 41.5221 71.1696 
236.141 94.3153 195.476 62.2884 102.505 213.801 120.036 205.179 26.5186 163.464 198.007 165.817 136.056 166.592 218.927 64.7531 
18.4195 154.253 250.515 208.639 139.414 34.5572 208.562 235.757 106.374 152.053 73.7083 239.344 10.7724 11.5661 5.9325 158.171 
216.482 11.6311 19.3518 152.734 24.4858 26.4898 219.002 33.2452 152.877 185.845 21.3419 229.04 76.7511 125.398 234.098 75.4647 
235.853 113.126 10.6355 180.748 142.152 37.6856 95.4957 192.612 48.145 15.8637 222.197 93.0376 253.713 161.995 45.2783 54.7358 
149.066 54.1927 23.4153 27.4371 150.651 141.457 25.7356 107.437 217.939 212.692 87.89 50.9998 237.606 1.70619 12.784 61.2103 
214.881 123.189 30.6973 125.03 227.252 165.424 56.4349 60.0573 84.5156 54.5879 7.11735 27.3987 212.023 207.145 115.516 55.6861 
140.678 85.7982 123.219 148.065 103.537 84.1859 50.8322 74.1173 129.792 87.2334 49.7915 212.034 116.437 30.1816 69.6115 114.131 
182.181 102.473 69.9635 126.469 182.872 19.5941 91.7492 212.906 235.443 90.5952 34.2389 101.128 66.6111 50.2759 101.568 45.4817 
82.4227 105.485 114.404 71.6184 110.909 102.019 108.615 101.415 109.068 80.0089 71.8529 87.1923 87.8695 75.9367 90.1831 89.0793 
87.7917 87.6261 86.5654 85.3478 87.0207 86.956 86.4214 85.1494 86.1738 85.3152 84.8029 84.6394 85.9945 84.9587 84.3341 84.0719 
87.3901 86.6152 85.7057 85.2051 87.4606 86.8908 85.8542 85.2188 87.4231 86.558 85.8859 85.5683 87.563 86.605 85.9579 85.383 
84.4622 83.7418 83.1784 83.2114 84.5573 84.3197 83.6589 83.6132 85.2323 85.1706 84.5653 84.1843 85.7373 85.7138 85.158 84.5969 
82.8261 82.5574 82.4833 82.5309 82.8759 82.7969 82.8103 82.8551 82.9484 83.072 83.0384 82.7842 83.0318 83.1264 83.2214 83.1178 
79.6766 78.6963 78.8668 78.9328 79.572 79.0432 78.7245 78.5991 78.8007 78.8169 79.1032 78.8907 79.1962 78.7377 78.1855 77.9779 
77.6425 76.4578 76.2782 75.8123 77.9026 77.0018 76.1985 75.7452 77.3023 77.0571 76.7828 76.2855 77.8018 77.0415 76.0498 75.5291 
75.6755 74.6686 74.6944 73.9111 75.9556 75.3449 74.5562 73.8591 74.9987 75.2662 74.9811 74.4451 75.3281 75.107 74.2907 73.5073 
51.0096 67.2728 64.5785 61.7752 50.9943 67.3842 64.4117 61.6954 50.664 67.182 64.2361 61.4038 50.3583 66.8387 63.9067 61.1825 
37.2435 37.2999 37.2387 37.1668 37.3886 37.4006 37.2656 37.1989 37.4885 37.4149 37.2803 37.1463 37.4275 37.6206 37.4492 37.2866 
23.0293 21.6657 18.9711 17.3957 23.1289 20.9759 19.3339 17.4107 23.1112 21.0502 18.4433 17.4417 22.4856 21.1356 18.9143 17.5481 
14.0722 12.5387 9.95816 8.49605 14.2871 12.0041 10.3465 8.5049 14.3172 12.1853 9.65399 8.64319 14.0009 12.3557 10.1599 8.81723 
2.62379 2.41666 2.2728 2.86142 2.64755 2.47093 2.33399 2.65834 2.62959 2.46235 2.35895 2.32185 2.6803 2.4577 2.46646 2.47121 
121.288 101.272 59.3184 140.823 119.486 155.354 3.73852 125.453 41.5822 153.07 122.456 105.495 129.044 177.393 139.784 31.5671 
62.063 89.5664 139.288 62.2905 9.67728 4.38487 164.407 37.0213 198.731 180.47 228.824 237.062 251.495 216.955 105.655 23.912 
200.677 197.354 9.23402 68.8234 54.9503 173.033 101.428 42.8629 184.929 176.444 138.871 20.7312 53.9781 30.3914 226.845 98.6288 
2.36003 45.9519 212.13 67.9451 146.998 185.132 38.887 178.594 241.078 57.71 239.166 19.0652 122.322 123.59 100.426 77.2883 
195.478 77.8181 117.165 5.16281 254.319 223.448 14.5798 185.177 200.99 50.9045 89.7176 36.5029 33.0976 5.08573 61.1565 133.777 
102.129 187.942 244.031 91.5192 158.481 80.1643 230.472 9.11355 23.6239 89.4685 167.207 86.2598 28.0599 152.772 115.716 106.042 
240.552 3.03706 107.024 139.956 47.2524 55.8535 74.6353 189.683 228.271 22.2266 68.6434 167.595 179.698 17.988 215.744 112.681 
52.993 174.366 44.0208 81.8574 170.216 160.65 159.139 176.517 70.2817 129.137 168.503 52.7906 112.498 156.083 66.3976 87.4809 
56.8541 235.743 113.921 229.26 75.0131 214.592 83.3014 122.98 211.886 222.169 132.119 249.084 188.362 31.895 196.948 5.74772 
182.337 173.681 190 106.527 234.944 44.0323 14.9778 140.413 23.3717 250.681 25.9781 38.4542 41.123 180.683 229.053 160.609 
62.128 52.3625 90.1673 91.79 124.953 141.521 115.178 117.809 130.302 122.561 105.676 136.435 130.308 105.86 119.176 126.414 
89.336 88.6133 87.7576 87.2963 89.053 88.615 87.5617 86.879 88.4995 87.6256 87.1126 87.0712 88.2761 87.1531 86.534 86.0634 
90.7141 89.2742 89.0482 88.6122 90.7319 89.6863 88.5967 87.9403 90.5681 89.8848 88.8707 88.6371 90.305 89.3127 88.3736 88.0948 
87.644 87.0855 86.7758 86.7028 87.9618 87.561 87.0349 86.8593 88.2001 87.8983 87.5015 87.2149 88.2951 87.9327 87.687 87.2912 
85.4372 85.7325 86.1635 86.4158 85.4533 85.6867 86.2112 86.584 85.4689 85.839 86.212 86.5889 85.4195 85.7628 86.1763 86.4426 
81.9079 82.5503 83.1891 83.7998 81.5709 82.0969 83.008 83.6798 81.319 81.9443 82.6845 83.3033 81.0546 81.6673 82.3819 82.9909 
77.0136 76.4242 76.624 76.7205 77.0894 76.7228 76.5624 76.6493 76.3659 76.6821 76.9689 77.2598 76.7057 76.6411 76.336 76.497 
72.8535 72.8972 72.9299 72.9109 72.7793 72.5702 72.6736 72.7249 72.3107 72.3713 72.4111 72.598 72.0248 72.2763 72.4538 72.4691 
66.5738 66.8691 67.0612 67.0589 66.5355 66.6097 66.7118 67.0412 66.1276 66.2878 66.4881 66.8274 65.8751 66.1489 66.4828 66.6858 
53.7366 53.986 54.3126 54.5003 53.6824 53.9297 54.1581 54.5108 53.5858 53.8036 54.1098 54.2623 53.4788 53.7655 54.0069 54.1174 
39.4645 39.4692 39.3605 39.5006 39.7207 39.3561 39.4008 39.5133 39.8161 39.5179 39.4408 39.5659 39.9222 39.721 39.646 39.6201 
28.1748 27.3372 25.1104 23.7133 28.2602 26.7911 25.4558 23.7878 28.1537 26.9077 24.7688 23.9337 27.8504 26.9234 25.192 23.9943 
22.9941 23.1164 23.1596 23.1676 23.1383 23.1712 23.2607 23.0561 23.2775 23.2707 23.308 23.2966 23.4451 23.5229 23.5078 23.3663 
98.7656 195.294 125.682 58.9426 116.086 178.955 82.7042 45.4318 164.798 91.5642 192.142 130.747 204.573 133.824 161.964 159.567 
145.814 142.046 146.54 147.755 139.773 145.872 148.32 144.7 151.175 146.347 138.483 137.959 143.276 149.13 145.221 139.33 
105.476 168.924 148.469 103.616 122.753 136.029 125.098 121.385 107.616 147.501 125.799 133.654 102.196 156.328 122.966 108.092 
135.56 128.59 133.096 147.906 140.895 148.607 132.149 147.543 152.493 133.739 156.642 135.581 156.884 143.535 148.596 148.314 
79.4357 175.096 109.412 74.1635 128.364 99.126 126.843 199.346 119.904 148.063 166.279 140.368 167.289 146.162 195.628 80.633 
231.282 141.545 119.493 178.556 199.966 176.729 36.4462 182.234 206.56 114.482 45.0526 146.21 206.376 59.511 185.399 20.4771 
139.157 113.842 180.917 114.982 114.198 73.0834 126.767 171.153 194.028 145.172 82.2956 171.779 114.886 70.3837 118.385 89.9652 
85.6979 79.3056 167.097 89.3775 82.9861 97.2769 127.587 89.5569 191.242 134.328 133.453 97.4666 170.243 123.18 78.9944 121.006 
113.983 97.1728 125.573 135.116 105.861 168.322 73.3523 146.907 179.017 92.5215 80.4136 87.6018 154.438 107.59 88.3499 100.768 
98.2523 106.983 99.3403 114.236 131.817 128.706 158.137 140.097 129.535 153.328 127.016 138.648 153.771 156.993 155.521 156.511 
32.2537 31.2247 31.1669 32.6005 153.9 172.288 172.223 175.473 147.939 168.765 175.417 176.146 149.689 169.924 174.107 174.147 
91.1224 89.4974 89.6607 89.1524 96.5415 95.5192 94.4131 93.4236 96.1035 95.5294 94.4973 94.2941 95.6879 94.7307 93.5563 93.5772 
93.8083 93.0649 92.3683 91.6236 94.8119 93.8144 92.6807 91.7366 95.2439 94.0106 92.8939 92.0999 96.6913 94.8944 93.5524 92.7805 
92.6735 92.2419 92.0745 91.3767 92.4809 92.3019 91.9433 91.4519 92.5215 92.3208 92.0226 91.6004 92.5723 92.1135 91.9748 91.5086 
87.6588 88.116 88.8402 89.2391 87.8146 88.2172 88.8813 89.2247 87.8749 88.2585 88.8764 89.2747 87.8257 88.2851 88.7991 89.1416 
84.1036 85.3258 87.0725 88.4964 84.0092 84.9326 86.9241 88.2364 84.2161 85.0236 87.0068 88.2901 84.0288 85.1818 87.2065 88.2864 
80.1681 81.3811 82.7186 83.7674 80.5061 80.7809 82.6184 83.8871 80.1581 81.0371 82.428 84.1845 81.2624 82.7271 83.3196 83.8699 
73.3674 74.0585 74.6954 75.2147 73.3169 73.7359 74.6194 75.2797 72.6759 73.4466 74.2884 75.3445 72.5196 73.4564 74.5087 75.2913 
67.0489 67.5574 68.3765 69.1557 66.9743 67.526 68.3759 69.1371 66.88 67.6334 68.4035 69.0274 66.8139 67.6196 68.4423 68.8306 
54.988 55.4866 55.9249 56.6029 54.9194 55.2245 55.7871 56.4782 54.9227 55.2486 55.824 56.4942 55.0524 55.4252 55.9173 56.5064 
50.1874 50.7186 50.8281 51.2092 50.3804 50.5816 50.914 51.2 50.5029 50.7055 50.987 51.4416 50.6315 50.8717 51.1808 51.4209 
41.417 41.5563 41.3165 41.183 41.5682 41.4918 41.4091 41.108 41.6672 41.6444 41.4072 41.3614 41.7743 41.6988 41.5864 41.2902 
35.2341 35.2568 35.0237 34.5671 35.2598 35.2691 35.0786 34.6263 35.2721 35.3204 35.094 34.7721 35.2566 35.3359 35.2235 34.7166 
147.45 146.797 147.208 144.985 147.108 147.156 145.698 145.083 147.637 146.883 144.693 142.676 148.529 147.441 143.473 141.964 
145.274 146 146.535 145.391 145.946 146.106 146.008 145.132 148.047 146.568 144.37 143.463 148.898 147.164 143.931 142.372 
143.411 144.591 145.925 144.97 144.752 145.388 145.79 145.118 147.379 146.682 144.848 144.67 148.67 147.831 145.117 143.909 
140.913 141.19 142.512 142.697 143.04 143.046 143.069 143.377 145.347 145.27 144.093 144.572 146.88 146.341 145.109 144.703 
140.41 140.517 141.036 140.27 143.018 142.598 141.471 140.544 144.734 145.17 143.431 142.595 145.227 145.471 144.531 142.965 
140.859 139.775 137.404 135.819 140.286 140.22 138.496 135.869 143.161 142.563 139.374 138.322 141.878 140.199 140.722 136.404 
139.216 139.533 135.786 134.423 139.946 138.211 135.488 133.847 140.504 137.821 135.517 134.323 138.733 138.242 134.852 134.579 
136.442 134.488 132.234 130.625 136.913 134.683 132.275 130.596 137.163 135.271 132.968 131.247 137.034 135.042 133.073 131.451 
131.896 130.675 128.647 127.866 133.479 130.711 128.463 127.465 133.147 131.109 129.582 128.956 132.658 131.383 129.855 129.522 
128.476 126.321 124.08 121.73 130.076 126.991 124.25 122.93 129.822 127.264 125.281 123.84 129.341 126.6 125.195 125.053 
115.475 114.538 112.555 112.421 123.052 120.845 118.52 118.058 122.854 120.898 119.952 119.122 122.009 121.134 119.964 119.484 
99.8544 99.1416 97.6827 96.8257 100.45 99.74 98.9543 97.1654 100.257 98.9843 98.0859 96.4525 101.752 100.47 99.4052 97.1449 
95.0287 94.5752 93.7579 92.8004 95.8956 95.1695 94.0994 93.1281 96.3434 95.2533 94.2062 93.3017 97.919 96.2411 95.0418 94.1359 
95.0829 94.6025 93.9298 93.1889 96.011 95.2849 94.3006 93.6262 96.3923 95.3902 94.3295 93.4402 97.6757 96.2822 95.159 94.2044 
90.1022 91.206 92.6354 93.0899 89.9447 90.8319 92.2801 92.8783 90.2921 90.8904 92.3249 92.7471 90.2004 91.1241 92.8556 93.1794 
85.8804 87.6334 89.7109 91.0432 86.1388 86.7678 89.0913 90.5404 85.8819 86.8634 88.8136 90.587 86.8736 88.5634 89.6855 90.2414 
84.2309 86.0725 88.2334 89.5304 84.7157 85.2571 87.8194 89.3608 84.6004 85.5968 87.5723 89.5853 85.8498 87.5816 88.7478 89.3361 
77.8861 79.8695 81.5527 82.8368 78.4436 79.6122 81.6273 83.0106 78.2601 80.1141 81.566 83.3774 79.5234 81.909 82.667 83.1852 
67.3367 68.1477 69.2582 70.4233 67.3869 68.4317 69.6596 70.6923 67.7105 69.2612 70.381 71.3451 68.4022 69.8658 71.1477 71.687 
63.7088 64.0386 64.4982 65.0006 63.7795 64.0345 64.5506 65.0213 63.9704 64.4273 64.8589 65.3074 64.1966 64.6757 65.2654 65.4875 
56.4167 56.6722 56.6104 56.7994 56.5914 56.5761 56.7263 56.7548 56.7943 56.7786 56.8323 57.0197 56.949 57.0505 57.126 57.2005 
52.9727 52.8173 52.398 51.8702 53.1546 52.9485 52.6007 52.0354 53.3371 53.0982 52.5425 52.1075 53.3017 53.0085 52.6225 52.0066 
41.1841 40.7124 39.843 38.8886 41.109 40.5503 39.8299 38.7831 40.9858 40.5199 39.6674 38.9266 40.8982 40.3282 39.7296 38.8268 
152.962 148.469 146.242 144.368 151.733 148.77 145.5 144.152 150.968 149.844 147.661 145.297 149.801 147.526 147.466 145.526 
146.648 146.696 146.671 145.873 146.935 146.642 146.418 145.701 148.653 147.251 145.601 144.954 149.506 148.135 145.83 144.609 
145.966 145.767 145.248 145.534 145.869 145.352 145.673 146.623 145.888 145.669 146.187 147.929 147.23 147.796 147.418 147.814 
142.452 142.581 143.517 144.269 142.95 143.005 143.457 144.398 144.466 144.314 143.655 144.915 145.995 145.724 144.97 145.081 
142.51 141.943 141.343 141.757 141.577 141.921 141.478 141.703 141.659 143.324 140.019 141.079 143.317 143.682 143.53 142.487 
140.678 141.42 138.898 138.63 140.701 140.063 138.584 138.297 141.196 139.858 138.181 138.022 139.71 140.724 138.203 138.333 
139.23 138.474 136.204 135.418 139.376 137.78 137.73 137.892 138.868 137.227 137.348 137.538 139.524 138.737 137.453 137.509 
136.915 137.236 134.475 133.63 137.454 135.986 134.197 133.452 137.549 135.949 133.827 133.597 135.785 136.261 134.035 134.293 
132.486 131.753 130.345 128.815 133.131 131.828 129.691 128.944 132.892 131.477 129.277 128.95 132.565 131.366 129.85 129.388 
128.543 126.496 124.271 121.971 129.587 126.504 123.68 122.272 129.142 126.398 124.171 122.62 128.509 125.951 124.136 123.394 
118.589 117.034 114.395 112.593 118.15 116.898 115.595 112.566 116.713 115.042 113.67 110.626 116.391 115.535 114.655 110.835 
112.265 111.221 108.684 107.726 111.403 110.851 109.919 107.201 109.95 108.833 107.804 105.097 109.696 109.787 109.092 104.943 
99.2792 98.5923 97.2649 96.4894 99.9747 99.2083 98.2721 96.8323 99.9538 98.6953 97.5711 96.0922 101.229 99.9653 98.8384 96.7625 
98.7353 98.0976 97.5493 96.9368 98.4862 98.1587 97.1954 97.1597 98.0488 97.8407 96.6657 95.8126 97.1111 97.1126 96.5551 95.7366 
99.1365 98.6595 98.5798 98.5798 98.8095 98.6786 97.9776 97.6266 97.5543 97.4615 96.7584 96.3046 96.4124 96.4818 95.931 96.3776 
90.9789 92.4476 94.5149 96.0374 90.6343 91.7231 93.802 95.1533 90.6132 91.3885 93.52 94.6978 90.2521 91.4965 93.5395 94.8225 
88.4664 90.5642 92.15 93.4611 88.8828 90.0469 91.9414 93.4058 88.7033 90.269 91.7888 93.5992 90.1709 92.0469 92.6009 93.3224 
86.0234 88.4358 90.165 91.8622 86.518 89.69 91.697 93.1925 88.0452 90.6014 93.1306 94.7495 89.5917 92.3795 94.096 95.736 
74.4909 76.8498 77.9417 78.9391 75.5374 78.5118 79.6138 80.7428 77.5026 80.0046 81.7249 82.7532 79.4563 82.2228 83.1947 84.108 
70.2376 70.4145 70.666 70.6841 70.4234 70.6853 70.9194 71.0478 70.9362 71.4558 71.6097 71.6124 71.5557 72.2716 72.5129 72.1389 
67.8538 67.5213 66.866 66.0701 68.0605 67.5768 66.989 66.2818 68.3535 67.9399 67.1106 66.4948 68.3475 68.1119 67.4573 66.6743 
64.711 63.8901 62.7108 61.3094 64.6727 63.9967 62.729 61.2227 64.8588 64.0567 62.6483 61.2415 64.824 63.9705 62.6184 61.4032 
65.2916 68.0317 64.259 56.6936 64.076 68.6224 62.4072 54.8824 65.8807 67.9852 64.5994 53.6834 64.6607 67.1976 65.091 55.8691 
153.942 148.98 146.766 145.434 152.594 149.457 146.073 144.923 151.887 150.756 148.849 146.463 150.845 148.881 148.876 146.95 
152.131 148.437 146.689 145.463 151.008 148.646 146.231 145.874 150.51 150.087 148.993 147.738 149.821 149.045 149.421 148.166 
148.043 147.567 146.391 146.57 147.271 146.797 146.685 147.439 146.381 146.858 147.863 149.046 147.444 148.747 149.048 149.307 
145.431 145.024 144.122 144.751 143.557 144.193 144.036 144.818 142.576 145.104 142.643 144.932 144.444 145.983 146.555 146.087 
145.026 143.552 143.479 144.185 141.223 140.826 142.386 144.409 140.247 142.241 140.82 142.991 140.941 143.734 144.396 143.43 
140.099 138.945 137.824 137.407 139.781 138.904 139.533 140.094 138.699 138.889 138.819 139.653 140.932 140.516 140.747 140.185 
138.16 137.162 136.34 135.747 138.59 137.602 137.984 138.004 137.592 136.8 137.846 138.451 139.247 138.755 138.907 139.693 
136.54 135.778 134.703 134.178 137.011 135.892 135.9 136.551 136.221 135.386 135.653 136.392 137.421 136.65 136.776 136.795 
133.269 133.416 132.592 131.745 133.124 133.568 132.562 132.152 132.926 132.597 132.153 132.174 132.932 131.978 131.63 132.468 
130.325 129.888 128.787 127.275 130.839 129.898 127.747 127.038 130.47 129.141 127.142 126.72 130.1 128.782 127.371 127.089 
122.726 121.784 119.752 118.392 122.624 121.409 118.904 117.395 122.257 120.633 118.468 116.447 121.419 120.16 118.491 116.592 
115.141 113.633 111.497 110.442 113.972 112.743 112.248 109.698 112.088 110.6 109.79 107.789 111.279 111.287 111.182 107.808 
107.198 106.306 105.139 103.641 107.031 106.033 104.874 103.632 106.711 105.66 104.617 103.614 106.587 105.577 104.491 103.627 
101.973 101.329 100.816 100.364 102.014 101.676 100.531 99.8545 101.12 100.763 99.6412 98.8306 100.082 99.8517 98.9735 98.9151 
102.4 102.887 102.747 102.261 102.047 102.715 102.494 100.699 100.457 100.323 100.608 100.327 99.8916 99.6559 99.4005 101.109 
100.157 100.941 101.338 101.949 99.8935 100.827 101.278 100.72 98.8954 99.262 100.077 100.316 98.7278 98.9005 99.1685 100.768 
96.8172 97.6832 98.6485 99.8879 97.0765 97.9185 99.0131 100.17 97.5038 98.0871 99.1714 100.209 97.8394 98.4796 99.3529 100.264 
95.1102 96.364 97.9937 99.3486 96.5167 97.6169 98.8369 100.118 98.5482 99.2805 99.995 100.714 100.087 100.34 100.834 101.436 
89.0974 89.8682 90.4808 91.2484 90.6719 92.317 92.5712 93.1333 93.2621 94.1852 95.3715 95.4589 95.3973 96.7677 97.2116 97.5578 
91.7335 89.8473 87.853 86.4013 93.1435 90.9314 88.5267 87.1265 94.472 92.6051 90.0274 88.1904 95.4588 93.7531 91.4968 89.3568 
102.578 99.061 95.4897 92.6507 103.668 99.4362 94.8929 92.5167 105.918 101.71 97.3526 93.1498 105.877 104.081 98.5934 93.7045 
83.8371 86.6005 81.8288 73.0314 83.2319 87.8862 80.2452 71.1477 85.8316 87.6369 83.2529 70.2646 84.3601 87.3987 84.0315 73.0376 
84.6307 90.5405 82.8485 68.2684 82.5712 92.502 79.7477 64.4452 86.8859 91.3106 85.0743 62.6996 85.0197 90.7378 86.3496 68.0328 
154.836 150.519 148.751 147.307 153.987 151.11 147.922 146.991 153.163 152.202 149.969 147.894 152.247 150.687 150.284 148.411 
150.401 149.467 148.648 148.748 150.776 150.004 149.029 148.956 151.045 150.84 150.381 149.788 151.773 151.503 150.939 150.119 
148.656 148.55 148.225 148.428 148.605 148.292 148.662 149.256 148.283 149.125 149.95 150.587 149.032 150.044 150.569 150.738 
147.097 146.383 147.093 147.553 144.318 144.322 146.434 148.327 143.643 144.921 145.509 147.377 143.329 145.606 146.762 146.958 
145.324 144.133 144.466 145.252 141.84 141.755 143.78 145.784 140.754 142.788 141.978 144.19 140.998 143.721 144.826 144.156 
142.601 142.932 142.548 141.768 141.29 142.513 143.895 142.709 140.255 141.355 141.79 141.687 142.289 142.226 141.892 141.942 
137.711 136.671 136.539 135.987 138.217 137.593 138.417 138.38 137.175 136.683 138.299 138.959 139.183 138.489 139.36 140.073 
134.414 134.536 134.617 134.084 134.046 135.449 135.274 134.51 133.898 134.356 135.316 135.454 134.487 133.965 134.837 136.73 
132.377 132.674 132.495 131.757 131.929 132.963 132.698 132.225 132.061 132.126 132.393 132.504 132.261 131.539 131.699 132.657 
129.731 129.575 129.196 128.371 129.442 130.021 129.474 128.706 129.446 129.369 129.459 128.835 129.47 128.544 128.278 128.547 
123.885 122.234 121.419 120.638 123.167 121.566 120.713 119.831 122.488 121.146 120.155 119.587 121.401 120.691 120.63 119.789 
120.207 117.718 116.569 115.822 119.096 116.696 115.631 114.777 118.029 115.949 114.695 114.565 116.539 115.683 115.678 114.999 
112.658 111.264 110.292 108.94 111.705 111.492 110.942 110.032 112.142 111.563 110.86 110.191 112.919 111.985 110.101 110.029 
106.759 106.499 106.282 105.939 106.386 106.286 106.189 105.925 106.08 105.78 105.915 105.784 105.995 105.593 105.399 105.472 
104.567 105.025 105.334 105.387 104.365 105.066 105.292 104.377 103.268 103.522 103.965 104.015 102.99 102.803 102.99 104.27 
102.672 103.157 103.74 104.291 102.646 103.22 103.925 104.57 102.661 103.018 103.591 104.222 102.66 103.089 103.636 104.105 
103.451 103.241 103.997 104.807 103.351 103.72 104.808 105.24 104.397 104.325 104.794 105.806 105.484 105.223 105.327 104.988 
102.3 102.309 103.73 104.342 103.894 103.634 104.269 104.909 106.208 105.67 105.629 105.45 107.487 106.678 106.534 106.157 
109.885 108.198 107.507 106.753 111.814 109.718 108.355 107.656 114.67 112.435 110.364 108.638 116.314 113.909 111.942 109.938 
128.643 123.611 118.296 114.775 129.954 124.291 117.887 114.751 132.387 126.963 121.153 115.858 132.577 129.243 122.584 116.966 
136.557 131.036 125.32 121.412 137.54 130.73 124.139 120.893 139.738 133.388 126.7 121.562 139.351 135.704 128.117 121.595 
148.099 143.559 139.92 138.157 149.379 143.898 138.506 136.897 151.13 145.171 141.133 137.304 151.387 148.567 142.699 137.95 
148.286 150.925 148.679 145.881 147.881 152.608 148.094 142.479 150.098 151.445 148.447 139.978 151.019 151.897 149.273 141.172 
155.501 154.427 152.997 152.31 155.961 154.496 152.449 151.295 155.326 154.026 151.756 150.758 155.668 154.158 152.328 151.5 
152.206 151.904 151.579 151.356 152.711 151.58 151.281 151.097 153.321 152.969 152.27 151.625 153.87 153.206 152.988 152.704 
149.716 150.365 151.173 151.161 150.291 150.289 151.251 151.552 150.644 151.355 152.418 152.541 151.215 151.207 152.636 153.321 
148.616 149.936 151.131 151.034 148.989 149.319 150.84 150.747 149.123 149.755 150.652 150.917 148.581 148.776 150.273 151.446 
145.235 146.112 145.889 145.024 143.832 145.233 146.865 145.974 142.631 143.971 144.303 144.463 144.232 144.164 143.884 144.084 
142.24 144.082 143.876 142.812 142.261 144.521 145.54 143.905 141.348 142.547 143.356 142.592 143.147 142.336 141.998 142.054 
140.248 141.164 141.063 140.418 140.336 142.208 143.351 141.11 139.428 140.084 141.582 140.971 141.805 140.509 140.133 141.534 
133.869 134.908 135.776 136.353 133.634 134.92 135.993 136.524 133.724 134.973 136.256 136.755 133.902 135.058 136.382 136.514 
131.004 131.56 131.649 131.404 130.641 131.898 132.282 132.021 131.066 131.682 132.543 132.421 131.385 131.319 131.699 132.23 
127.009 126.926 127.042 126.541 127.404 127.538 127.31 126.616 127.835 128.188 127.977 127.08 127.88 128.11 127.904 126.68 
123.748 123.56 122.942 122.431 124.276 124.06 123.198 122.335 124.289 124.404 123.636 122.506 124.247 124.318 123.689 122.093 
117.514 116.144 115.148 113.913 116.467 116.286 116.019 115.167 116.922 116.597 116.058 115.2 117.958 117.125 115.23 114.95 
113.53 112.58 111.668 110.35 112.642 113.077 112.89 111.919 113.475 113.354 112.899 112.063 114.91 113.993 111.657 111.753 
111.239 110.629 110.323 109.658 110.343 110.851 110.996 110.598 110.463 110.828 110.753 110.498 111.45 110.73 109.428 109.869 
108.091 108.409 109.057 109.618 107.827 108.217 108.909 109.478 107.649 108.028 108.53 109.127 107.614 107.831 108.39 108.903 
107.348 107.052 107.603 108.06 106.932 107.295 108.267 108.523 107.319 107.466 107.974 109.044 107.967 108.1 108.404 108.178 
109.793 109.039 109.299 109.421 109.664 109.621 110.238 110.146 110.547 110.397 110.682 111.479 111.75 111.663 111.596 110.868 
116.613 115.565 115.714 115.708 116.765 116.294 116.827 116.708 118.53 117.651 117.672 118.147 120.18 119.381 118.785 117.684 
146.572 145.474 142.821 141.15 147.485 146.141 143.546 142.246 149.147 146.886 145.665 144.399 149.96 148.924 147.039 146.216 
166.316 162.328 157.406 154.918 166.811 162.721 158.384 155.345 166.982 164.877 161.38 158.229 167.18 164.968 163.543 159.307 
163.788 160.134 156.896 155.563 164.952 160.769 156.341 154.948 166.037 162.083 158.502 155.383 166.003 163.872 159.454 156.2 
174.472 174.026 174.4 176.27 174.959 174.825 174.526 174.763 175.983 174.506 173.626 173.567 177.405 175.695 174.423 173.657 
174.998 175.126 175.87 178.305 175.296 176.195 176.11 176.344 176.407 176.116 175.476 175.123 178.431 177.134 176.122 174.863 
160.239 158.885 155.271 154.355 159.844 157.577 153.743 151.893 158.181 157.434 154.667 152.742 158.169 158.126 156.464 154.953 
154.619 154.376 153.7 153.391 155.166 154.807 153.903 153.863 155.568 155.475 154.768 154.581 156.076 155.735 155.513 155.159 
152.567 152.925 153.519 153.731 153.032 153.038 153.818 154.314 153.973 154.432 155.069 155.188 154.167 154.429 155.278 155.675 
152.101 153.099 154.098 153.701 152.059 152.908 153.661 153.924 151.789 152.423 153.124 153.897 151.461 151.716 152.434 153.414 
153.361 154.384 156.105 156.693 151.234 153.104 155.452 156.651 149.719 149.235 151.901 154.276 150.278 151.448 150.813 153.801 
143.952 145.028 144.663 144.641 143.504 145.205 147.275 145.868 142.51 143.028 145.202 144.748 144.801 143.115 142.247 143.841 
140.405 140.691 141.559 143.704 139.53 140.407 143.92 144.679 138.706 138.691 143.925 144.629 139.424 139.193 140.003 143.321 
135.498 136.154 137.006 139.206 134.693 135.662 138.896 139.608 134.424 134.539 138.757 139.275 134.905 135.039 135.821 138.749 
129.136 130.115 131.031 131.402 129.095 130.008 131.054 131.368 129.196 129.846 130.859 131.202 129.173 129.976 130.755 130.954 
126.287 126.331 126.649 127.053 126.473 126.677 126.914 127.174 126.857 127.087 127.194 127.294 127.03 127.406 127.377 127.042 
123.409 123.156 122.951 122.856 123.653 123.502 123.091 122.999 123.856 123.85 123.521 123.323 123.944 124.04 123.773 123.202 
120.259 119.557 119.295 119.352 119.763 118.989 119.172 119.593 119.435 119.3 119.233 119.503 119.842 120.446 120.055 119.861 
115.09 114.268 113.623 112.596 114.327 114.657 114.532 113.868 114.818 114.958 114.635 114.178 116.045 115.368 113.609 113.894 
112.088 112.454 112.516 112.901 111.791 112.045 112.472 112.687 111.475 111.736 112.145 112.754 111.76 111.799 112.014 112.648 
109.924 110.419 111.141 111.999 109.761 110.206 111.17 111.82 109.665 110.321 111.163 112.038 110.255 110.674 111.235 111.969 
111.029 111.166 111.615 112.202 111.64 111.698 112.137 112.812 112.59 112.825 113.356 113.696 113.563 113.874 114.191 114.36 
120.488 119.693 119.604 119.808 120.612 120.473 121.056 121.159 121.918 121.735 122.175 123.023 123.593 123.655 123.504 122.68 
147.704 147.466 146.306 145.34 148.39 147.949 146.879 146.772 149.951 148.694 148.434 148.305 151.191 150.606 149.743 149.305 
175.403 174.938 173.342 171.056 175.32 174.632 173.248 172.376 175.506 174.739 173.721 172.85 175.901 174.573 173.865 173.116 
181.666 179.721 177.376 175.998 182.308 180.238 177.374 175.41 181.994 181.019 178.842 176.887 181.93 181.011 179.911 178.02 
182.665 180.525 179.936 179.618 184.548 182.668 180.284 179.237 185.072 182.56 180.103 179.35 184.964 182.936 181.466 180.52 
182.133 180.693 181.36 182.119 183.98 181.492 180.424 181.681 184.66 183.057 180.293 182.379 185.95 184.304 182.39 183.524 
179.305 179.37 179.587 181.16 180.181 180.573 180.468 180.602 182.162 182.218 181.442 181.046 183.818 183.304 182.447 181.072 
161.232 159.783 156.047 155.389 161.228 159.235 155.084 153.247 159.306 158.959 156.25 154.17 159.356 159.588 157.847 156.247 
157.314 157.965 155.301 156.241 158.539 159.286 156.499 156.026 157.521 160.063 159.641 157.722 157.557 159.404 161.48 160.797 
154.882 155.05 155.717 156.145 155.478 156.028 156.532 157.229 156.309 156.854 157.284 157.857 156.603 157.017 157.369 157.775 
156.072 157.352 158.683 159.322 153.885 156.014 158.608 159.527 152.622 152.464 155.232 157.128 154.052 154.738 154.214 156.875 
155.238 156.252 158.052 158.753 153.015 154.813 157.146 158.535 151.514 150.949 153.641 156.091 152.313 153.286 152.584 155.529 
153.533 154.818 157.057 158.079 151.147 153.299 156.388 158.102 149.746 149.503 153.009 155.844 150.565 152.096 152.126 155.438 
140.502 141.407 142.755 145.675 139.064 140.529 145.329 146.402 138.558 139.018 144.916 145.991 139.267 139.695 141.208 145.53 
129.391 134.899 139.743 143.684 128.588 133.597 140.341 144.198 128.968 132.578 139.633 144.427 128.192 132.445 138.87 143.505 
128.56 130.081 131.56 133.139 127.798 129.121 131.223 132.883 127.466 128.46 130.115 131.693 127.066 128.383 130.441 131.94 
125.563 126.215 127.033 127.731 125.478 125.867 126.706 127.647 125.129 125.45 126.185 127.235 125.216 125.473 126.243 127.022 
123.193 122.997 123.26 123.732 122.571 122.078 122.773 123.798 122.088 122.15 122.514 123.465 122.302 122.947 123.205 123.488 
120.765 120.268 120.417 120.496 120.109 119.404 119.853 120.595 119.44 119.34 119.769 120.586 119.631 120.096 120.299 120.665 
118.475 118.311 118.409 118.202 117.777 117.449 117.88 118.323 117.242 117.263 117.574 118.153 117.564 118.009 118.047 118.354 
114.65 115.1 115.464 115.545 114.097 114.715 115.259 115.489 113.608 114.25 114.969 115.883 114.112 114.153 114.81 115.85 
112.711 113.425 114.205 115.095 112.507 113.558 114.599 115.17 113.243 113.893 115.039 116.029 114.114 114.533 115.3 116.349 
118.941 119.359 120.202 121.126 119.915 120.327 121.251 122.121 121.525 122.399 123.439 123.784 122.934 123.996 124.728 124.808 
138.066 138.197 139.262 140.182 138.469 139.229 140.034 141.284 140.286 140.816 141.994 142.45 141.563 142.38 143.139 143.211 
171.065 171.919 172.734 172.009 170.917 172.036 173.269 173.37 171.316 171.911 172.885 172.827 172.098 171.91 172.463 172.975 
184.57 184.698 184.022 183.269 183.627 183.859 183.605 183.791 182.656 182.918 183.039 182.886 181.785 181.608 182.11 182.954 
186.178 186.12 186.043 185.142 187.123 186.536 185.631 184.769 186.709 185.433 184.458 183.847 185.641 184.737 184.234 184.059 
187.881 186.454 186.558 186.629 189.591 187.148 185.616 185.954 189.063 186.898 184.135 185.577 189.832 187.919 185.647 186.172 
185.884 184.717 185.028 185.636 188.145 185.839 184.301 185.463 189.351 187.371 184.594 186.691 190.496 188.718 187.146 187.974 
185.323 184.837 184.901 185.095 187.715 185.874 184.633 185.501 189.166 188.825 186.449 187.975 190.537 190.06 189.186 188.914 
160.455 160.322 156.333 157.621 160.78 162.147 157.921 156.498 159.969 161.407 160.899 157.603 159.414 160.36 162.183 161.541 
157.562 158.581 156.576 157.471 159.262 160.527 158.17 158.051 158.922 161.827 161.375 159.622 158.814 160.959 163.111 162.515 
156.894 158.714 157.19 158.133 158.091 160.498 159.644 159.299 157.748 160.718 161.637 160.256 158.677 160.098 162.537 162.355 
159.152 161.073 161.444 161.069 158.43 160.383 162.094 161.572 157.804 158.661 159.955 160.191 159.644 158.978 158.687 158.992 
161.889 162.615 162.572 163.43 161.565 161.379 161.709 161.115 159.901 159.188 160.163 160.978 157.694 159.7 161.047 161.516 
157.53 159.398 161.215 161.945 156.316 157.945 160.218 161.766 155.023 156.901 159.484 161.193 155.347 157.08 159.372 160.853 
145.37 150.461 155.007 158.333 144.913 149.817 156.035 159.756 145.231 149.43 156.378 160.419 145.298 149.928 155.634 159.485 
128.086 134.887 141.253 146.265 127.442 133.632 142.111 147.036 128.303 133.192 141.541 147.607 127.376 132.967 140.841 146.808 
124.96 130.608 135.959 140.247 124.991 130.115 136.783 141.292 125.451 129.511 136.564 141.784 125.147 129.372 135.38 140.456 
123.928 125.936 127.754 129.131 123.882 125.394 127.607 129.231 123.378 125.059 126.932 128.765 123.629 124.879 126.637 128.353 
122.534 123.731 124.834 125.557 122.501 122.97 124.556 125.429 121.654 122.44 123.817 125.332 121.685 122.219 123.343 124.463 
121.311 121.389 122.133 122.547 120.227 119.858 121.318 122.314 119.177 119.481 120.589 121.677 118.991 119.906 120.518 121.126 
118.016 118.69 119.545 119.819 117.442 118.224 118.97 119.542 116.623 117.205 118.146 118.956 116.531 116.727 117.423 118.485 
114.326 115.669 116.836 117.756 113.657 115.606 116.856 117.468 113.467 114.487 116.19 117.483 113.559 114.072 115.445 117.268 
113.838 115.332 116.925 118.258 113.585 115.758 117.47 118.43 114.036 115.72 117.866 119.25 114.611 116.37 117.935 119.495 
126.238 127.442 129.345 130.588 126.25 127.952 129.913 131.668 127.26 128.875 131.464 133.377 128.51 130.756 132.597 134.391 
157.406 158.038 159.594 160.65 157.654 158.963 160.904 161.661 158.813 160.546 162.704 163.335 159.933 161.976 163.589 163.854 
181.981 181.708 182.762 183.277 180.822 181.367 183.218 184.467 180.428 181.821 184.186 185.108 181.122 182.133 184.087 185.603 
188.105 188.194 188.652 188.583 187.028 187.201 188.881 189.349 185.581 186.209 188.129 188.555 184.85 185.521 187.066 188.513 
190.707 190.927 190.707 190.365 190.36 190.219 190.644 190.907 189.12 189.176 189.321 189.418 188.057 188.501 188.401 188.852 
193.365 192.685 192.038 192.325 193.315 192.679 191.91 192.048 193.059 191.303 190.439 190.705 193.967 193.008 190.704 190.325 
191.561 190.484 189.896 190.058 192.908 190.666 189.456 190.047 193.896 191.902 189.492 191.083 195.31 193.942 192.339 192.329 
194.57 194.824 193.872 195.165 198.383 198.909 194.301 193.46 202.815 200.217 202.221 202.851 205.049 204.803 205.548 205.704 
164.396 162.248 159.302 159.976 162.981 163.003 159.839 158.577 164.423 161.625 160.26 157.617 163.829 162.193 160.232 159.922 
159.915 160.102 157.017 158.264 160.537 162.301 159.17 158.391 160.828 162.33 162.289 159.681 160.628 161.772 163.752 163.468 
159.775 160.332 160.144 160.986 161.242 162.381 162.346 163.214 164.211 164.459 164.466 163.796 164.831 164.695 165.188 164.709 
164.011 164.613 163.851 164.601 164.259 163.717 163.268 162.114 163.479 163.004 163.019 163.041 161.17 162.786 164.331 163.622 
164.713 165.116 164.43 165.115 164.826 163.873 163.029 162.159 163.722 162.973 162.765 163.241 160.867 162.641 164.305 163.829 
164.413 164.992 164.688 165.927 164.555 163.955 163.658 163.132 163.455 163.153 163.624 164.108 160.624 162.831 165.075 164.874 
162.275 164.963 167.476 169.661 162.148 164.821 167.938 170.837 161.764 164.815 168.56 170.46 162.097 165.399 168.524 170.536 
138.935 147.215 149.512 150.523 139.074 139.316 148.84 153.4 141.408 139.944 152.121 155.748 140.179 139.717 152.657 151.498 
122.28 125.979 130.855 134.277 122.586 127.032 130.585 134.789 122.994 127.095 130.959 135.813 122.094 125.711 130.486 133.765 
120.776 124.71 128.001 130.759 121.613 124.58 128.35 131.032 120.682 123.693 127.303 130.912 120.953 123.435 126.847 129.925 
121.677 123.468 125.965 127.682 120.558 122.283 125.373 127.49 119.808 121.388 123.992 126.519 118.704 120.476 122.888 124.956 
121.583 122.063 124.081 125.677 119.713 120.491 123.07 125.103 118.182 118.762 121.101 123.465 116.882 117.58 119.958 121.922 
118.353 119.389 121.445 123.282 116.708 118.181 120.627 122.739 115.354 116.299 118.95 121.095 114.113 115.229 117.669 119.936 
109.207 114.159 117.486 120.003 108.688 113.687 116.864 120.274 108.265 113.044 116.634 119.428 107.603 113.152 115.89 118.753 
112.491 114.848 117.446 120.185 112.118 114.397 117.666 121.343 112.274 114.012 118.436 122.715 113.031 116.056 119.16 123.681 
128.742 130.594 133.048 135.183 128.958 130.759 133.835 136.979 129.715 131.852 135.58 138.849 130.633 133.962 136.775 139.766 
177.156 175.257 177.363 179.036 176.76 176.466 179.16 180.449 177.732 178.911 181.979 183.554 179.199 180.329 182.388 184.369 
188.97 188.288 190.062 190.667 188.111 188.372 191.07 191.866 187.935 189.21 192.35 193.444 189.008 190.193 192.707 193.868 
192.823 192.683 193.708 193.996 192.024 192.245 194.173 195.261 190.778 191.674 193.636 194.666 190.278 191.051 192.989 194.246 
196.799 197.382 197.322 197.38 196.56 196.883 197.222 197.36 195.346 195.409 195.577 196.016 194.603 194.908 194.367 194.796 
198.938 198.732 197.684 197.764 198.845 198.75 197.785 197.504 198.696 197.915 196.676 196.281 198.756 198.484 196.444 195.581 
198.998 198.863 197.621 199.363 202.069 202.507 197.828 196.965 206.247 202.765 204.706 205.381 208.337 207.368 207.585 208.081 
198.612 198.679 197.64 199.366 202.311 202.935 198.544 197.437 206.946 204.249 206.325 206.901 209.431 208.805 209.74 210.173 
165.641 163.149 160.733 161.838 163.798 163.423 161.196 160.2 165.301 161.641 161.403 159.35 165.615 163.321 161.529 161.655 
162.172 162.031 161.699 162.945 163.494 163.21 162.862 164.083 165.851 165.653 165.2 164.449 166.567 166.113 166.141 165.279 
161.945 162.249 161.826 163.003 163.669 164.575 164.347 165.11 166.142 166.452 166.45 165.511 166.44 166.046 166.613 165.964 
165.418 165.658 164.758 165.225 165.815 166.242 165.379 165.606 166.425 166.747 166.39 165.321 165.986 165.721 166.144 165.43 
166.714 166.878 165.807 166.346 166.649 165.718 164.444 163.185 165.19 164.379 164.185 164.351 161.958 163.756 165.558 165.252 
168.343 169.248 170.26 171.366 167.748 168.743 169.833 171.147 165.984 167.206 169.372 170.611 165.23 166.811 168.833 170.685 
167.654 169.559 171.602 174.096 167.453 169.198 171.886 175.269 167.054 169.499 172.971 174.689 166.961 169.869 172.639 174.379 
168.276 169.197 157.594 182.663 167.875 175.399 159.889 171.095 167.626 155.48 178.745 160.032 153.321 169.546 173.365 169.615 
142.773 76.6712 143.343 52.1849 107.586 92.7618 181.796 59.8271 185.253 170.798 89.3585 151.048 191.794 60.768 87.3575 120.051 
92.3128 141.123 118.781 124.618 92.1038 94.6018 122.235 158.079 110.691 138.399 114.036 158.017 99.0508 124.292 153.141 120.052 
128.457 120.177 132.18 118.95 118.6 139.346 126.006 124.762 135.287 122.59 108.401 123.958 134.56 110.76 127.866 138.813 
127.559 120.428 139.402 127.108 130.063 122.814 133.702 118.516 107.552 108.655 115.798 129.72 104.699 113.432 134.118 121.795 
87.2544 111.814 138.364 147.861 104.225 141.428 105.974 110.63 123.409 101.05 120.909 137.025 109.359 122.033 103.22 130.671 
101.87 114.541 113.638 124.053 98.6554 115.813 114.043 122.122 103.99 114.601 112.355 119.398 96.7399 112.176 115.311 117.523 
99.4492 119.264 119.815 115.875 108.355 101.565 107.614 128.112 110.097 103.651 117.828 126.278 114.007 111.734 108.274 112.472 
113.337 107.39 98.1483 139.211 111.382 107.522 130.007 146.469 134.653 136.251 118.387 108.815 123.887 137.319 120.5 133.042 
181.335 193.127 185.327 190.558 185.658 192.514 184.33 185.578 186.954 193.503 193.559 194.826 182.737 194.335 192.627 191.437 
199.054 197 199.952 198.412 198.629 199.232 200.793 201.162 197.987 200.159 202.751 203.444 198.35 200.382 202.012 203.996 
200.446 200.013 201.139 201.244 199.719 199.942 201.572 201.788 198.068 198.856 200.643 201.586 197.69 197.882 199.75 200.816 
202.331 203.26 202.773 202.535 202.266 202.777 202.712 202.409 201.458 201.725 200.944 201.123 200.518 200.459 199.815 199.906 
209.374 207.197 205.639 206.242 209.526 208.467 205.578 204.875 207.67 211.018 207.138 204.975 206.267 208.305 206.213 203.451 
208.656 209.432 207.238 206.783 209.183 208.767 207.88 206.909 211.933 210.523 208.08 208.546 213.092 211.689 210.994 209.868 
202.06 202.629 202.698 203.948 206.767 207.371 203.366 202.129 211.148 208.28 210.58 211.365 213.644 212.504 213.566 214.508 
166.994 165.826 166.008 167.388 166.081 163.316 164.307 166.716 167.669 164.44 165.41 166.941 169.264 168.371 168.276 168.968 
165.455 164.96 165.222 165.637 166.034 165.295 165.821 166.553 167.929 167.01 167.135 167.522 169.041 168.681 168.041 167.774 
164.601 164.606 164.354 165.53 167.665 167.715 167.885 167.347 168.861 168.832 168.629 167.212 168.854 167.64 167.528 167.008 
172.456 171.837 170.032 168.667 170.963 171.746 169.907 168.379 168.974 169.023 169.107 168.645 167.672 167.741 168.079 168.33 
176.131 175.562 172.92 170.835 173.479 174.301 171.852 170.521 169.956 169.841 170.366 170.521 168.641 168.671 169.296 170.727 
175.488 175.708 175.131 173.955 173.567 174.78 173.815 173.756 170.941 171.122 172.635 173.929 169.366 170.14 171.685 173.864 
175.453 175.704 175.949 177.459 173.703 175.135 177.344 180.137 172.897 174.067 177.148 181.706 170.267 173.637 177.019 181.4 
173.402 175.209 176.291 177.16 172.735 175.108 179.418 181.787 175.147 177.138 183.21 185.215 177.14 177.552 180.224 182.776 
63.6525 232.459 24.8588 22.6978 32.1665 48.6556 232.571 211.412 118.19 90.2404 237.778 96.5836 181.846 78.2977 30.2033 39.0425 
135.902 147.365 74.4582 179.311 116.291 25.9331 75.4378 249.098 81.1076 71.6684 181.482 114.186 229.274 16.7965 167.886 218.781 
36.5889 148.877 206.802 0.154305 37.1076 163.266 224.045 46.5587 74.6285 214.836 66.6323 78.2689 87.8837 143.574 201.485 81.1613 
246.8 185.554 173.741 133.631 225.699 179.63 195.589 23.0874 47.0654 107.05 183.166 60.3635 89.4237 147.764 85.7431 224.097 
182.344 176.703 208.825 65.271 124.928 13.8267 157.373 112.132 228.37 169.683 62.3782 220.946 209.228 38.1058 229.591 222.101 
128.926 195.348 145.068 78.1872 60.6974 178.038 52.0247 85.8844 143.174 119.805 113.505 167.687 40.5188 171.207 81.4147 59.0332 
243.137 159.728 50.5548 85.7368 110.764 178.879 171.954 191.443 83.9312 71.8197 189.633 172.758 248.59 205.421 42.8139 13.1632 
23.3102 81.9784 148.851 116.52 191.87 248.858 19.9023 45.918 63.0451 132.206 202.876 247.648 252.698 133.102 205.644 183.253 
185.315 178.744 200.934 191.648 189.379 194.383 185.271 205.071 190.231 190.987 198.02 189.962 192.066 200.809 196.183 204.667 
204.642 202.032 205.156 203.666 204.619 204.813 206.114 206.233 203.076 205.171 207.65 208.339 202.874 204.623 206.195 208.375 
205.79 203.714 206.521 205.056 205.881 206.37 206.96 207.214 204.318 206.15 207.511 208.021 203.702 204.978 205.949 207.865 
212.349 210.028 209.185 209.572 212.549 211.563 209.322 208.754 209.685 213.456 210.254 208.427 208.02 209.62 208.134 206.371 
214.219 212.186 210.352 210.484 214.599 213.719 210.609 209.883 213.138 217.505 212.467 210.407 211.692 213.956 211.958 208.743 
213.903 212.408 210.912 210.963 215.465 214.331 211.686 210.873 215.228 218.593 213.985 212.48 214.003 215.668 214.302 211.464 
213.805 214.289 211.554 212.898 220.874 217.183 216.737 217.254 224.622 218.492 218.373 215.867 220.543 216.319 221.875 216.131 
168.417 167.344 167.45 169.109 167.509 164.618 165.544 168.223 168.836 165.649 166.629 168.352 170.137 169.528 169.994 170.626 
167.125 167.049 167.183 167.375 170.965 168.892 170.762 169.035 170.995 169.664 169.608 169.356 170.616 170.301 169.324 169.867 
167.364 167.615 168.042 167.689 172.234 171.267 173.187 169.706 172.071 171.551 171.037 169.51 170.949 170.331 168.911 168.671 
171.153 171.397 170.704 170.376 174.087 173.569 174.759 171.254 172.171 172.609 172.469 170.211 171.149 170.771 169.505 169.477 
177.422 177.332 175.65 173.385 175.761 176.471 174.784 173.153 173.353 172.927 172.973 172.891 171.749 171.47 171.367 172.145 
176.436 177.57 178.356 177.002 178.056 178.219 180.29 180.121 178.683 177.011 177.608 180.061 175.389 177.332 175.249 178.989 
178.806 179.431 179.071 179.14 176.326 178.334 180.05 182.54 174.96 176.035 179.072 183.543 172.465 175.143 179.13 182.958 
177.613 177.721 177.557 178.163 176.027 178.046 180.463 182.869 176.086 177.718 181.484 186.47 173.867 176.867 180.323 185.47 
173.135 179.116 172.283 175.052 173.961 181.457 173.642 180.654 168.887 183.697 178.512 181.685 170.917 179.056 179.354 172.498 
185.477 43.5373 85.3166 147.037 19.0333 191.958 218.087 65.5966 58.4699 31.3446 92.0348 9.28808 24.4984 175.327 11.4652 136.859 
107.353 10.2759 55.5182 198.861 242.556 22.5625 157.197 34.7441 201.512 237.646 94.4546 169.621 220.099 230.29 0.604226 40.836 
40.1503 230.145 90.0231 194.416 37.0963 127.948 154.094 33.5222 37.5382 224.356 136.818 78.786 104.125 119.007 115.459 236.69 
101.543 76.8133 74.135 195.483 25.1019 236.302 66.6788 160.9 230.837 66.1479 234.982 25.0108 206.549 184.699 51.8426 93.7121 
243.38 116.96 30.1218 47.5647 159.116 96.9263 65.0051 101.074 236.876 89.9678 47.0265 126.42 139.99 173.153 52.6283 204.362 
198.456 57.6177 57.5925 26.1838 249.119 157.57 177.402 7.29082 214.835 231.025 192.718 33.3051 170.256 183.485 226.352 88.8277 
98.0331 128.99 146.709 30.9971 155.343 248.862 146.658 173.118 134.539 232.402 88.3548 77.5083 166.638 228.481 114.766 119.747 
208.992 204.896 199.484 199.953 204.356 204.52 198.507 204.398 200.451 196.64 201.731 201.181 201.307 197.59 196.575 216.744 
208.66 206.755 208.988 207.639 208.754 208.784 209.597 210.066 207.305 209.215 211.438 211.973 206.318 208.309 210.006 212.358 
213.499 212.743 213.621 214.259 213.224 213.154 213.783 214.649 211.496 211.771 212.969 214.248 211.052 210.304 211.473 213.537 
217.468 217.597 217.428 216.806 216.787 217.012 215.927 216.876 215.782 216.033 214.556 214.904 215.972 215.001 213.506 213.906 
219.239 215.905 215.2 216.026 219.65 218.29 215.004 214.852 216.826 221.423 216.341 213.957 214.871 217.798 215.421 211.424 
218.163 217.934 214.65 215.683 223.37 219.802 218.625 219.122 226.443 221.161 220.305 217.051 222.164 218.852 223.201 217.162 
216.656 215.687 214.384 215.617 225.297 220.71 219.968 220.673 228.337 221.889 222.87 219.149 223.163 218.588 224.646 219.006 
169.831 168.745 168.298 169.764 168.819 166.499 166.597 169.001 169.283 167.085 167.572 169.139 170.236 170.216 171.04 171.633 
169.98 169.169 169.02 169.137 170.742 169.732 169.6 169.423 171.888 171.051 170.811 170.638 172.523 172.472 172.581 172.243 
169.828 169.734 170.248 172.17 173.142 172.808 173.281 173.241 173.067 173.469 175.221 175.435 174.522 174.316 175.152 173.032 
174.873 173.609 174.816 173.111 174.723 174.404 175.555 172.943 175.336 175.491 174.799 173.159 175.581 175.796 174.337 173.701 
176.146 176.383 176.916 175.552 179.182 178.395 179.11 177.088 179.852 178.274 177.472 176.719 178.105 178.811 174.796 176.581 
176.892 178.579 179.764 177.653 178.852 179.148 181.289 180.292 179.582 177.956 178.389 179.182 177.602 178.578 175.919 177.818 
177.222 178.705 179.726 178.097 178.547 179.142 181.845 181.682 179.147 177.734 179.085 181.598 176.273 178.528 177.014 180.438 
178.626 180.696 182.294 180.825 177.179 179.815 182.868 183.741 175.935 177.984 182.468 182.912 177.436 177.466 181.025 181.1 
97.6929 70.8892 131.62 109.076 135.958 68.9023 163.841 127.743 223.815 73.4999 164.399 151.693 115.099 83.8198 128.883 170.221 
65.1823 9.79694 229.096 64.4669 138.773 229.391 32.2953 208.18 122.257 43.2952 171.002 140.696 119.342 102.341 103.368 139.334 
156.836 70.3145 1.96812 34.389 113.063 194.145 201.951 159.758 171.105 197.807 97.8407 215.304 177.346 252.416 23.818 108.802 
121.618 238.039 248.347 81.9512 97.0072 88.9368 143.504 206.106 160.23 221.591 138.052 111.528 198.413 120.186 157.691 230.048 
209.133 134.872 171.838 157.815 150.488 103.244 69.3303 79.5664 91.699 218.638 39.527 223.1 223.683 15.211 118.357 205.519 
37.8698 182.318 177.566 145.817 23.5235 163.078 233.804 68.9012 123.542 50.7458 91.4289 78.3361 217.139 132.668 26.7549 95.1152 
51.7407 199.689 183.203 202.277 84.8379 50.8936 98.8197 117.491 150.466 189.301 234.153 199.245 113.571 67.1972 95.1125 105.9 
85.3561 7.07211 96.9312 148.081 108.432 165.12 207.091 112.379 162.55 61.7786 192.733 223.597 189.495 254.718 240.098 210.378 
213.69 195.806 185.539 187.194 186.359 182.942 205.307 203.297 214.902 209.907 220.909 191.397 180.985 217.581 216.952 208.312 
217.454 216.771 217.668 216.539 213.646 215.209 216.834 217.029 213.98 214.906 218.44 217.773 212.511 214.985 221.789 218.489 
217.92 218.244 219.387 219.86 217.291 217.597 218.912 220.269 216.159 217.206 218.577 220.05 216.077 216.298 218.694 220.506 
220.476 221.987 225.612 224.656 221.26 220.841 224.96 225.814 222.694 221.066 224.071 226.474 222.189 222.372 223.767 224.192 
223.792 222.13 223.978 224.595 224.257 224.194 223.323 223.862 222.585 224.954 222.212 221.411 222.037 224.083 222.769 219 
224.264 222.088 223.437 224.191 225.398 224.752 223.585 224.013 224.998 226.662 224.459 223.395 224.795 227.032 226.398 222.434 
221.017 218.981 217.656 219.527 227.582 223.265 222.981 223.77 231.299 225.771 226.982 222.995 226.767 223.865 229.289 223.109 
173.864 174.931 156.384 162.209 162.994 168.139 175.098 158.523 156.602 172.646 154.244 159.254 153.184 155.894 155.712 166.114 
170.616 169.972 170.173 173.023 172.156 172.14 171.782 173.747 172.488 173.269 175.468 176.498 174.612 175.013 176.889 174.49 
171.451 170.391 171.612 173.507 172.874 172.686 173.088 174.086 173.799 174.371 176.205 176.814 175.802 176.076 177.349 175.088 
173.482 172.166 172.145 174.529 175.561 175.04 173.812 174.149 175.231 175.851 176.969 176.235 177.148 176.834 177.28 174.695 
177.705 175.257 174.204 174.322 179.356 177.803 175.575 172.814 178.484 178.392 176.256 172.761 178.822 178.116 175.569 174.522 
176.352 176.526 177.073 175.777 179.582 178.703 179.457 177.383 180.464 178.634 177.784 177.031 178.749 179.421 175.38 177.028 
180.525 180.513 180.171 179.726 177.791 180.263 181.727 181.139 176.213 176.386 179.66 178.386 176.963 176.299 179.733 178.042 
119.818 95.7889 152.837 160.608 95.2592 82.3689 121.146 115.27 83.4335 107.616 169.786 125.69 128.602 145.107 194.279 143.518 
171.525 203.048 243.403 100.955 123.332 190.781 159.799 99.2885 205.01 131.823 181.194 110.293 186.66 95.8785 51.0494 200.558 
254.29 61.4322 103.222 17.9306 165.539 56.048 132.019 96.2175 205.57 20.1127 87.6449 115.605 137.121 124.903 182.002 254.607 
90.1437 50.7379 133.077 119.531 129.071 167.264 161.489 90.4199 82.4298 167.918 160.826 152.776 162.655 53.2629 146.185 65.8406 
254.089 44.9059 253.188 28.0233 214.339 181.187 70.6647 114.202 93.5969 81.4113 103.89 22.1636 17.2976 223.741 88.1787 200.094 
65.0825 30.4413 156.78 227.962 79.5101 77.8605 49.9398 113.652 29.8011 105.379 228.596 83.4413 153.256 90.8637 161.686 123.484 
181.138 132.97 113.217 131.325 59.0245 188.142 252.171 89.5509 168.416 63.288 101.56 167.346 67.5408 72.8794 219.428 215.829 
55.8247 134.288 229.876 183.303 54.4101 97.5068 244.384 201.5 243.841 132.435 63.4018 77.4706 133.922 164.085 172.861 129.47 
36.5425 155.011 116.832 171.469 63.3098 254.775 80.3977 38.2794 147.472 224.508 38.8963 48.3369 22.7413 175.04 227.966 248.835 
193.103 212.882 188.086 220.643 178.221 218.437 161.22 146.905 197.098 170.297 145.402 148.733 199.836 228.803 174.26 220.985 
221.116 220.149 220.54 218.124 215.418 217.046 218.603 218.24 215.601 216.91 220.162 218.211 214.568 218.557 225.683 220.042 
222.077 224.125 226.797 224.965 221.119 221.352 225.699 225.97 223.488 221.452 225.64 227.794 223.435 223.785 227.379 228.053 
221.972 224.92 228.877 227.691 222.315 223.001 228.459 229.284 224.725 223.246 227.639 230.452 225.192 225.116 227.446 229.493 
223.857 225.442 229.526 228.453 224.905 225.426 229.969 230.274 226.785 226.467 229.325 230.825 225.87 227.551 228.876 228.355 
233.385 227.467 234.376 239.068 229.604 228.582 235.134 235.346 230.305 230.564 236.471 233.729 231.546 232.617 237.458 236.536 
227.748 224.309 227.181 231.895 230.648 229.726 231.44 232.198 233.312 235.783 235.431 234.356 237.045 236.214 238.448 236.673 
201.728 231.628 111.04 144.853 221.06 138.748 202.915 210.773 169.392 76.316 7.03665 190.644 237.532 15.8668 26.1189 70.5347 
140.19 149.018 134.444 195.912 175.873 196.535 141.767 188.933 185.955 112.923 195.728 154.865 144.201 141.332 111.19 163.629 
166.012 158.857 163.071 173.977 180.581 155.075 155.684 172.908 155.834 181.49 183.993 173.945 172.026 169.378 181.297 165.604 
179.959 161.828 169.056 165.387 168.557 164.261 181.9 176.797 167.573 181.813 165.823 173.41 172.602 169.652 175.835 173.743 
177.709 175.857 172.51 174.553 178.472 176.554 175.647 170.327 178.987 177.006 177.029 170.595 176.918 177.065 175.128 172.431 
182.894 197.018 197.128 153.296 190.866 113.29 176.887 191.442 152.021 134.701 181.913 189.512 121.749 188.634 166.097 208.757 
67.4985 31.8393 238.399 96.5555 29.7376 197.504 130.615 76.0598 111.051 206.291 238.332 74.6347 207.295 75.3371 53.3168 191.627 
101.848 137.14 151.069 213.075 36.0394 75.4124 10.811 39.2996 90.9435 52.6691 103.01 115.468 58.128 129.347 51.7877 152.64 
104.568 105.298 38.9321 61.691 104.475 181.822 218.738 85.196 101.596 56.8279 133.47 24.5679 42.4785 62.0757 20.2272 43.1359 
73.6994 56.8372 11.9467 76.34 104.879 65.5761 46.0896 199.687 121.072 233.028 232.443 14.3364 98.4264 202.127 88.4913 196.776 
48.7065 141.583 97.1405 90.9415 44.1389 92.9551 175.821 94.8816 136.978 182.585 175.034 32.8672 60.5895 200.256 19.8487 185.724 
241.74 127.939 136.65 185.848 7.83538 105.97 200.189 16.8366 5.49837 43.3277 25.1511 1.75564 0.894559 99.5472 93.1235 28.1893 
54.4005 55.1538 158.508 48.3017 186.383 95.8892 219.565 211.457 155.067 106.798 39.8058 164.958 141.015 22.6485 98.5883 168.549 
236.85 241.611 238.187 242.508 255.138 234.915 246.784 251.997 244.232 245.118 248.682 243.879 11.8638 21.4249 7.44761 5.95895 
32.1301 166.989 191.451 133.519 146.955 198.95 130.332 29.8589 238.011 199.893 134.902 60.4074 198.158 9.26856 199.696 99.8179 
209.135 222.937 135.661 248.492 108.562 20.0283 131.746 143.41 111.197 54.153 127.087 105.429 249.507 191.655 107.765 177.691 
37.5748 65.752 134.725 66.0114 50.8616 57.5072 187.367 186.399 219.151 203.028 110.59 214.715 123.988 57.0184 159.578 105.492 
226.601 225.237 221.477 216.636 218.894 220.4 220.98 217.233 220.645 218.11 218.18 216.437 218.21 223.422 224.417 218.658 
228.68 229.176 227.198 227.104 227.191 227.991 225.659 225.091 227.349 227.33 224.951 224.301 227.436 227.058 226.522 227.442 
226.444 229.227 231.315 229.552 226.872 228.16 231.655 231.106 229.479 228.357 230.388 231.618 229.027 228.562 229.224 230.612 
234.742 229.511 236.284 240.731 230.716 230.971 237.438 237.538 230.748 231.794 237.304 234.436 231.229 232.055 236.65 235.982 
235.685 229.753 235.185 241.877 231.42 230.354 237.606 240.846 231.541 232.089 240.054 237.904 232.688 233.307 241.107 239.136 
235.027 228.037 235.217 242.117 232.315 230.631 237.489 238.194 233.379 234.254 239.728 237.027 235.875 235.651 241.387 240.333 
200.174 90.8064 148.912 19.6712 74.3861 73.4901 198.236 16.3059 122.616 55.9038 193.813 44.9529 126.72 191.07 73.4973 3.63016 
236.55 103.264 200.135 113.016 246.449 0.986956 208.347 116.674 68.971 242.845 28.5299 146.983 183.552 0.514195 18.6445 179.948 
191.619 86.8527 28.7459 228.919 20.1299 53.0628 94.9938 98.5864 133.202 189.836 190.755 154.317 244.691 176.882 116.206 199.529 
45.4233 179.561 40.0026 71.8277 224.239 193.963 84.2407 245.102 157.533 92.2072 166.775 173.357 59.1155 103.652 241.041 225.984 
27.0142 123.169 167.253 72.9848 61.5023 133.927 67.8968 190.76 223.017 72.9892 40.4299 127.906 199.375 113.218 116.827 239.317 
77.8025 214.991 163.399 80.0344 126.867 185.085 169.932 167.786 62.6957 206.791 214.005 250.703 66.7144 187.773 168.116 117.499 
211.131 162.905 108.122 119.861 199.197 207.816 68.9405 145.284 23.2407 212.278 130.144 115.99 103.265 108.514 23.5495 99.9826 
7.29532 94.824 132.008 142.5 165.663 145.307 217.216 98.6728 113.493 9.69429 149.247 31.8227 127.018 155.745 160.056 98.5959 
53.4285 113.325 164.737 129.848 149.959 194.933 120.325 12.8209 143.533 115.12 218.461 162.623 73.9768 211.175 66.8472 192.494 
151.94 28.4331 157.412 127.914 201.985 133.406 91.2689 29.8578 123.534 36.8351 4.83939 70.9485 57.2816 175.717 92.8012 63.0427 
104.582 214.469 24.5695 173.013 24.8523 139.728 124.602 170.197 81.1153 141.751 142.931 155.953 180.754 90.914 91.2022 92.7747 
58.2266 183.554 229.239 111.866 106.34 153.59 153.735 70.7633 180.332 176.318 141.396 171.674 223.987 211.675 33.6288 196.445 
246.946 255.274 246.874 254.636 253.025 253.521 249.66 246.058 246.577 245.51 247.736 249.339 8.10786 7.23914 0.503729 6.15992 
255.675 255.696 255.725 255.748 255.67 255.767 255.713 255.689 255.63 255.705 255.719 253.221 2.48722 0.00339977 0.00334138 0.00177468 
253.469 252.846 243.449 254.049 248.419 252.636 246.809 250.254 239.096 239.672 242.888 245.814 1.23907 10.8053 6.09124 3.65605 
101.123 178.697 174.553 14.265 198.12 65.6742 203.292 91.5557 20.3892 27.0866 171.567 14.2552 24.4442 89.0836 48.5602 29.846 
104.823 237.819 49.5492 239.581 232.001 133.872 225.844 74.6861 35.5966 51.9749 107.836 120.338 246.087 211.239 140.201 70.0743 
222.958 231.946 202.35 203.569 213.157 205.772 214.306 205.442 232.93 228.956 224.487 200.537 207.84 228.105 210.432 226.688 
232.603 232.4 229.706 228.631 232.459 231.847 228.348 226.98 232.939 231.64 228.055 227.131 232.423 231.433 229.856 229.981 
236.488 237.157 233.786 233.532 235.548 235.487 233.132 232.712 234.901 234.292 231.435 231.625 235.649 233.96 231.205 233.199 
237.045 238.077 236.925 238.483 235.815 237.077 239.193 243.517 235.097 236.081 238.749 239.321 234.522 234.692 238.36 236.033 
240.541 232.923 239.492 246.444 235.579 234.586 241.988 243.064 234.199 234.627 241.498 240.303 236.417 236.167 242.565 242.703 
238.262 237.445 238.537 243.139 237.991 238.352 242.257 247.956 238.802 241.105 245.968 246.797 240.388 241.512 248.035 244.642 
46.2081 70.5446 109.515 185.161 235.074 92.7494 131.196 15.2249 245.887 106.025 5.0401 22.7634 32.5871 158.362 103.432 47.8657 
25.7231 57.3263 223.499 43.722 245.549 192.352 210.948 159.076 51.4215 21.0812 81.6255 127.19 108.185 115.477 136.808 2.50256 
148.69 114.806 141.501 149.722 166.291 164.019 211.793 7.74551 16.0592 10.9082 247.59 113.258 206.946 128.61 53.9981 227.51 
177.831 238.242 170.533 120.93 70.5751 213.655 43.6555 197.979 28.8978 29.7949 143.439 144.073 81.388 174.662 97.2875 53.7307 
137.705 19.4362 64.2485 139.428 59.0659 235.338 54.1263 51.9231 160.109 242.903 226.722 49.6179 243.724 95.8753 125.053 67.5941 
34.9116 64.3111 114.774 249.117 93.9107 225.565 38.3711 51.4889 180.654 153.999 42.0525 213.523 64.3495 132.167 207.73 35.7873 
55.1356 9.66828 22.8004 111.475 20.2183 212.594 151.782 207.075 183.303 155.275 67.044 145.088 243.633 210.494 142.413 183.82 
182.17 204.215 53.7423 147.699 120.516 143.784 75.4516 146.012 43.8917 211.613 26.3175 131.931 63.136 232.332 219.39 62.6505 
31.4942 30.3384 113.12 88.8168 139.67 245.698 209.41 1.68426 28.0528 215.251 95.2989 198.583 7.9018 120.895 98.1891 118.469 
112.401 122.816 210.105 174.248 207.536 132.866 26.9103 221.585 125.471 170.217 19.6779 69.2489 237.976 200.261 118.218 160.462 
159.339 142.497 15.1225 218.08 250.456 101.581 191.208 143.524 226.809 182.264 59.9376 98.6367 136.342 147.98 58.7012 221.21 
176.402 163.267 176.178 200.73 171.245 198.348 161.697 146.951 232.786 165.023 194.085 201.194 102.903 13.5491 52.3327 60.9896 
255.359 255.192 255.136 255.286 255.351 255.241 255.351 255.567 255.305 255.118 255.384 255.193 0.326367 0.0028307 0.0117554 0.00651788 
255.917 255.859 255.888 255.865 255.901 255.909 255.833 255.906 255.889 255.891 255.809 255.817 1.64449e-05 1.44627e-05 2.35458e-05 8.55901e-06 
255.523 255.651 255.623 255.486 255.165 255.566 255.565 255.567 250.505 250.681 255.605 255.527 0.00624156 0.00442076 0.00985284 4.91032 
75.2861 211.308 165.823 236.563 204.929 185.918 240.01 250.091 151.636 166.526 201.849 117.372 38.8872 36.0577 16.7514 120.474 
22.1809 150.965 202.823 47.93 165.05 13.3605 35.4476 173.043 158.877 218.308 57.7414 21.3393 91.7763 45.5134 60.0186 71.0321 
117.012 234.947 136.424 111.013 219.99 243.347 147.85 222.494 212.696 152.948 218.315 176.749 101.925 127.217 106.089 234.858 
237.903 235.819 230.814 231.003 236.161 234.23 229.577 229.844 234.459 233.527 229.412 230.277 235.18 234.442 231.159 233.22 
243.596 241.336 236.035 236.262 242.293 237.924 236.326 236.05 240.615 237.345 236.884 236.674 240.713 239.037 238.352 237.28 
246.514 242.579 242.931 245.101 245.891 245.212 245.608 243.442 243.049 243.557 241.789 242.719 245.346 243.124 242.645 244.733 
246.412 242.501 245.111 248.932 245.307 245.759 248.762 248.532 242.926 244.418 245.571 247.251 245.625 244.547 247.066 248.265 
248.772 245.747 249.179 251.78 249.125 249.688 252.033 250.627 247.745 249.24 249.436 250.662 250.049 249.568 250.508 251.997 
75.9315 78.6977 14.4851 176.676 223.738 14.206 54.7402 68.7463 118.753 191.299 34.1837 12.5413 157.675 31.1868 216.066 241.275 
48.5727 167.869 77.6283 21.1422 184.569 251.123 9.4418 245.338 124.472 146.906 37.6787 9.22064 141.831 155.49 104.022 226.454 
27.5191 11.4461 55.3413 154.993 139.167 224.345 118.194 242.286 151.35 63.8885 131.164 101.436 167.755 122.012 116.511 119.635 
61.8187 57.3628 150.251 190.375 171.843 144.954 244.698 120.925 253.839 112.708 7.0097 203.949 98.1994 255.008 120.79 167.896 
110.254 108.774 19.4936 66.8744 237.318 18.2699 182.111 44.8966 169.362 212.277 49.1518 9.46992 189.136 151.052 141.1 203.228 
34.7337 152.608 71.4074 179.942 80.0256 101.045 147.304 182.742 11.5548 132.883 160.844 55.914 189.928 121.302 70.9613 51.2777 
244.996 189.523 234.602 72.3696 33.0898 85.5077 53.9433 16.2272 184.473 11.8868 213.457 251.243 39.0205 195.317 51.6564 35.7905 
131.754 10.7731 41.9056 79.4222 179.125 71.7718 145.205 6.65791 225.825 49.3343 239.238 34.459 174.766 19.229 245.128 164.333 
60.2583 132.96 139.311 101.291 90.8513 109.539 103.87 203.434 159.957 47.5446 136.645 230.747 24.7886 158.908 187.418 46.3043 
163.811 228.37 219.198 4.36247 181.055 55.1458 224.293 239.955 159.544 243.324 23.7202 211.059 245.641 81.0651 132.951 184.597 
12.0253 127.32 38.8322 231.233 129.456 39.9933 220.944 207.751 191.711 67.7914 94.3561 4.25867 125.545 208.917 24.9575 227.082 
205.2 247.249 68.3782 31.981 36.0168 217.582 58.6943 190.448 212.059 20.4093 194.019 60.2409 216.097 129.775 202.541 52.0677 
254.229 254.487 252.811 252.768 251.441 251.524 253.595 253.218 250.978 252.81 250.479 254.237 2.50602 4.19812 5.15661 2.78535 
255.726 255.804 255.752 255.749 255.64 255.658 255.668 255.696 255.63 255.708 255.739 255.627 0.00151076 0.00113512 2.90454e-05 0.000523082 
247.223 255.108 248.727 251.384 247.128 247.767 250.301 247.304 249.106 246.967 254.182 247.887 1.10125 3.7577 7.30387 2.23784 
83.8518 193.632 52.688 214.217 123.281 199.008 90.2039 61.4569 93.0579 212.553 32.6029 212.622 70.088 153 220.292 186.35 
157.371 187.675 182.023 125.331 225.362 170.779 66.2959 8.56302 1.01716 183.738 120.458 188.847 221.431 201.232 182.35 70.0592 
43.9945 42.6866 182.526 112.309 1.82269 98.6096 24.0736 100.053 181.287 180.569 219.837 93.1757 88.8354 45.7673 96.5889 80.1987 
233.837 219.216 220.976 231.005 220.707 214.707 223.631 222.462 219.752 214.506 218.394 233.381 219.354 238.066 240.235 220.664 
247.379 244.007 237.093 237.88 246.062 240.409 238.075 238.211 243.615 240.43 240.816 240.075 243.305 242.765 241.99 240.098 
250.825 249.094 245.716 245.115 250.544 247.924 246.189 245.519 249.384 247.137 246.957 246.167 248.624 247.948 247.979 246.385 
251.552 249.223 250.553 251.922 252.007 251.695 252.37 250.959 250.167 250.567 250.182 250.772 251.455 250.669 250.679 252.086 
254.892 255.329 255.458 255.3 255.124 255.285 255.664 255.59 255.146 255.13 255.449 255.695 255.32 255.443 255.588 255.665 
140.071 231.939 251.626 197.478 77.9795 123.363 148.644 22.3465 87.2388 213.088 133.34 71.4181 206.651 167.006 78.5542 52.4098 
112.339 207.691 54.6895 96.2131 122.441 132.545 27.6872 64.9355 15.7156 16.6475 107.533 161.548 20.5446 9.02087 189.375 234.96 
191.6 146.516 238.641 204.415 134.137 91.4576 212.11 207.402 16.3927 116.809 7.1289 164.436 33.6896 9.54158 168.347 10.1345 
62.862 201.666 128.542 149.413 152.331 182.008 77.8326 118.411 56.1633 164.811 214.228 113.214 234.701 138.344 47.6745 39.4152 
59.6247 164.8 112.758 173.571 230.804 59.468 210.954 209.997 131.753 173.705 212.275 160.608 241.903 58.8901 114.663 241.669 
162.242 124.866 13.8957 254.001 181.857 43.1409 252.699 62.2739 94.6791 208.71 157.99 92.6005 135.25 243.288 4.94368 35.286 
120.057 16.8092 200.077 240.926 186.078 127.41 96.5973 210.25 96.1848 27.9229 253.951 147.024 4.57068 128.433 208.915 137.522 
102.974 65.5334 132.092 90.3313 55.692 193.757 236.552 62.5377 122.653 3.64429 20.4771 242.511 75.7477 80.0532 30.1146 214.951 
70.8344 128.374 208.329 127.083 143.817 14.0535 112.675 67.3048 58.3337 83.2224 38.5503 150.391 193.745 200.721 52.8829 0.404569 
144.495 242.206 177.478 55.5586 2.78588 17.9454 51.2774 14.3088 224.453 82.9784 218.441 181.626 100.589 81.9897 121.974 127.639 
27.0277 247.554 231.93 84.3393 127.364 53.2382 50.6175 191.465 214.278 220.93 194.254 245.948 129.923 226.943 33.1403 209.561 
44.4969 151.205 27.948 243.414 44.2765 16.1226 220.774 176.617 85.9381 19.9481 137.614 169.907 196.432 177.866 189.32 194.91 
112.608 37.9879 120.206 92.57 154.956 113.457 49.966 52.469 7.56369 8.13345 218.6 215.709 179.117 26.5319 103.915 93.7785 
253.953 250.587 252.632 248.221 255.149 252.588 248.292 247.305 250.755 250.699 249.466 250.894 1.45623 11.4484 9.22833 0.594634 
191.66 124.243 146.044 29.4496 184.067 145.459 140.793 18.667 134.771 155.197 142.385 19.3645 201.068 75.2518 19.7415 230.442 
13.4573 81.3999 185.417 149.797 184.637 31.2142 169.906 170.569 54.319 182.432 3.40663 50.1991 198.676 66.1077 188.151 4.66834 
133.662 59.2421 206.925 254.889 184.678 65.8771 252.352 188.884 157.33 169.274 140.228 35.4507 10.3281 56.8758 157.529 164.382 
43.1053 26.0619 234.776 122.217 69.5755 138.606 212.698 37.1465 188.509 178.543 142.163 252.657 144.296 234.441 73.6008 2.51492 
38.4224 77.2371 231.755 126.77 103.403 228.101 43.0263 109.531 86.0084 216.055 223.633 142.986 158.04 20.7505 85.5732 217.451 
242.956 239.357 231.826 234.603 246.37 239.604 237.683 241.402 245.102 237.125 236.818 240.674 238.117 239.823 239.275 241.195 
253.182 252.316 251.513 250.865 253.654 253.227 251.421 250.781 253.112 252.634 251.732 250.415 252.507 252.197 251.275 250.968 
255.47 255.563 255.543 255.544 255.569 255.648 255.384 255.471 255.501 255.34 255.39 255.497 255.363 255.308 255.331 255.28 
255.388 255.722 255.762 255.648 255.778 255.769 255.804 255.841 255.77 255.637 255.699 255.836 255.641 255.736 255.622 255.661 
