6811200
136.199 136.585 138.432 141.389 145.47 135.859 136.451 138.668 142.055 145.735 135.551 136.464 139.337 142.624 146.105 135.431 136.129 139.682 143.114 146.415 135.719 136.922 139.545 142.695 146.008 
136.029 136.477 137.556 139.047 139.589 134.54 135.313 137.711 139.297 140.553 133.876 135.076 138.073 140.079 142.66 135.381 134.178 136.646 137.693 139.731 136.197 137.042 136.575 137.166 140.65 
129.966 131.801 133.478 134.416 135.036 129.789 131.649 133.253 134.391 134.988 130.322 131.409 132.808 134.214 134.737 130.014 130.897 132.431 133.326 133.816 129.829 130.78 132.109 133.08 133.631 
120.826 122.632 123.964 124.861 125.323 120.686 122.356 123.643 124.685 125.171 121.116 121.993 123.463 124.327 124.588 120.554 121.136 122.447 123.09 123.62 120.844 121.063 121.898 122.701 123.063 
113.75 115.065 115.873 116.38 116.697 113.376 114.626 115.309 116.2 116.591 113.473 114.134 115.22 115.724 115.775 112.614 112.965 113.895 114.307 114.54 112.927 112.848 113.27 113.711 113.804 
109.13 109.649 110.241 110.508 110.789 108.674 109.11 109.528 110.299 110.509 108.187 108.646 109.269 109.776 109.537 107.341 107.405 107.942 108.195 108.315 107.359 107.255 107.23 107.45 107.706 
101.687 102.236 102.697 102.935 103.131 101.014 101.53 102.058 102.698 102.616 100.159 100.598 101.197 101.624 101.61 99.3887 99.4042 99.8225 100.309 100.721 98.7072 98.7325 98.6595 99.2949 100.165 
95.4137 96.112 96.6328 97.0616 97.6503 94.2029 95.1712 95.4002 95.7271 96.4226 92.548 93.0491 93.7798 93.9103 94.5108 91.276 91.0943 91.7057 91.7189 92.6558 90.3305 89.7666 89.9706 90.689 91.5041 
83.314 84.2154 84.0806 84.1745 83.7502 81.5088 82.7282 82.1752 82.7853 82.8203 79.7885 80.5962 80.7896 81.1324 81.4044 77.4389 78.5982 78.6885 79.4171 79.8044 76.5289 76.6923 77.2992 78.0325 78.4939 
77.0069 77.2759 76.9114 76.7407 76.192 75.3061 75.8611 75.2917 75.382 75.386 73.7636 74.1293 73.9084 74.0346 74.0271 71.9602 72.4726 72.4385 72.7425 72.8256 71.2464 71.0862 71.1897 71.4112 71.6971 
69.9479 69.8457 69.3466 68.9511 68.6287 69.1089 69.0807 68.5464 68.227 68.1996 68.449 68.0236 67.9193 67.7343 67.4672 67.3151 67.3582 67.0683 66.7934 65.9363 67.2891 66.7461 66.4899 64.8876 64.3022 
64.2504 63.5504 62.8313 62.071 61.831 63.8913 63.6013 62.9269 61.8785 61.0464 63.142 63.0815 62.9137 61.4012 61.1389 63.0943 62.5937 61.5891 60.8042 60.6374 62.8069 61.6691 60.4033 59.9569 60.4875 
48.5483 48.2187 47.4637 45.9369 45.1212 48.4427 48.1366 47.0525 45.9087 44.8874 48.2401 47.6689 47.0552 45.7187 45.3186 47.5895 47.0196 45.8875 45.1097 44.3781 47.5303 46.1094 45.4206 44.3933 43.8055 
29.6348 29.101 29.0864 28.6183 28.6024 30.3298 29.4042 29.0324 28.7345 27.9635 29.7266 29.3716 28.5794 28.2715 28.3254 28.3341 28.2724 28.2403 28.0519 27.7763 28.8644 28.2709 28.4141 28.3127 27.6126 
5.33198 5.28749 5.26085 5.22286 5.17029 5.3099 5.3253 5.25318 5.22023 5.22766 5.34456 5.4015 5.32047 5.24033 5.25239 5.32628 5.35335 5.28893 5.26849 5.28911 5.45155 5.39654 5.42216 5.41135 5.41747 
1.5287 1.4357 1.37054 1.26094 1.2412 1.49379 1.47402 1.34771 1.24827 1.28018 1.51778 1.59505 1.39896 1.26449 1.33577 1.48425 1.49498 1.38663 1.30593 1.37516 1.63051 1.52508 1.48227 1.47534 1.52955 
140.764 140.952 141.799 143.579 142.895 139.116 139.407 141.747 142.696 145.282 138.487 139.517 142.25 143.854 146.87 139.758 138.211 140.483 141.459 143.3 141.641 141.911 140.733 140.728 144.402 
139.556 139.715 140.321 140.809 140.562 138.117 138.653 140.323 140.94 141.583 137.513 138.453 140.633 142.044 143.883 138.572 137.347 138.831 139.507 140.484 139.605 140.144 138.812 138.437 141.166 
135.737 136.118 136.891 137.543 137.117 134.416 135.036 136.843 137.574 137.9 133.948 134.846 136.955 138.079 139.573 134.605 133.508 135.265 135.677 136.793 135.44 136.005 135.31 135.013 137.333 
127.73 128.922 129.93 130.365 130.176 127.504 128.538 129.395 130.037 130.235 127.684 128.164 128.919 129.312 129.683 126.785 127.195 127.927 128.254 128.564 126.612 126.86 127.553 127.885 128.312 
118.403 118.967 119.527 119.739 119.375 118.084 118.449 119.061 119.459 119.588 117.359 117.935 118.525 118.739 118.726 116.047 116.547 117.299 117.334 117.632 116.341 116.252 116.799 117.063 116.858 
109.556 109.996 110.249 110.163 110.143 109.295 109.321 109.33 109.658 109.568 108.252 108.294 108.313 108.611 108.619 107.282 107.022 107.32 107.556 107.773 106.501 106.341 106.393 106.673 107.131 
101.704 102.24 102.625 102.718 103.189 100.884 101.342 101.319 101.519 102.005 99.3276 99.509 99.7192 99.9019 100.14 98.0566 97.7262 98.0266 97.8639 98.529 97.0329 96.4617 96.2851 96.6623 97.2529 
94.5856 95.4629 95.7859 95.9413 96.722 93.3564 94.2722 94.1604 94.2735 94.9649 91.3098 91.5357 91.9924 91.9991 92.7527 89.4918 89.3594 89.6842 89.4827 90.4049 88.3378 87.5086 87.6636 88.2093 88.7182 
87.4434 87.1378 87.462 86.8803 86.1015 85.7899 86.0205 85.8905 85.1917 85.2316 84.2685 84.3847 84.6928 83.6907 83.4879 82.2033 81.5164 81.7424 81.7555 81.3125 80.6157 79.2214 78.7774 79.2435 79.8918 
78.5031 78.7034 78.6926 78.5794 78.1931 77.4355 77.7043 77.3636 77.4812 77.5253 76.4106 76.4034 76.2253 76.2457 76.3074 75.0828 75.2907 75.0034 75.0857 75.088 74.4571 74.2054 74.0555 74.2863 74.3728 
70.876 70.3066 70.1833 70.2071 70.2397 70.2499 70.154 70.023 69.6676 69.5071 69.4333 69.4911 69.5991 69.0745 68.9656 69.2879 68.9904 68.8083 68.5449 68.6289 68.7612 68.3783 67.796 67.968 68.5397 
66.2237 65.4661 65.1892 65.1701 65.1464 65.8489 65.5862 65.2837 64.7861 64.5087 65.1817 65.1591 65.1462 64.3348 64.2416 65.1698 64.7546 64.3102 63.9487 63.9138 64.7567 64.1508 63.4445 63.2358 63.7409 
48.2582 47.7767 47.9244 47.6806 47.9472 49.1153 48.3713 47.9827 47.6773 47.2251 48.5675 48.1065 47.3835 47.2513 47.4761 47.4451 47.2536 47.2161 47.2037 46.9408 47.8568 47.3752 47.6032 47.7302 46.9473 
35.6635 35.0478 35.0619 34.9677 35.0362 36.3318 35.2562 35.0393 34.9357 34.2966 35.6132 35.015 34.4322 34.382 34.3244 34.2837 34.0789 34.2337 34.2753 33.8403 34.7018 34.2486 34.4637 34.4094 33.6475 
26.0195 25.4216 25.4825 25.3614 25.4538 26.6109 25.7258 25.4899 25.4037 24.8972 26.0496 25.7698 25.1036 24.9831 25.0962 24.8317 24.8664 24.9812 24.8947 24.6838 25.3761 24.9899 25.2259 25.2125 24.6323 
4.20233 4.06481 4.0085 4.06311 4.00567 4.08962 4.00448 3.91196 3.93389 3.96457 3.96414 3.94375 3.90485 3.82573 3.80671 3.9547 3.91382 3.8606 3.84747 3.7735 4.002 3.91467 3.87306 3.8832 3.85218 
142.907 144.01 144.893 146.422 145.677 142.638 143.018 144.403 144.497 147.553 143.147 143.451 143.693 144.393 145.869 142.933 143.397 143.613 144.682 145.121 144.693 144.36 143.904 144.172 145.102 
142.646 142.807 143.265 143.652 142.717 141.533 141.879 143.263 143.261 144.409 141.087 141.803 143.334 143.942 145.495 141.869 140.52 141.39 141.66 142.501 143.054 143.077 141.472 140.688 143.106 
140.246 140.539 140.459 139.995 139.554 140.201 140.496 140.518 140.285 139.913 139.804 139.905 139.954 139.68 139.566 138.716 138.65 138.932 138.652 138.427 138.904 138.713 138.712 138.02 138.055 
130.486 130.819 131.105 130.804 129.653 130.499 130.633 131.12 130.914 130.445 129.375 129.852 129.986 129.708 129.828 127.641 128.191 128.653 128.472 128.969 127.597 127.632 128.328 128.412 128.284 
125.717 126.003 126.091 125.587 124.338 125.242 125.58 125.92 125.457 125.07 123.439 124.184 124.49 124.263 124.801 121.925 122.541 123.147 123.149 123.812 121.564 121.624 122.728 123.285 123.127 
118.985 119.216 119.499 118.835 117.589 118.737 118.696 119.013 118.656 118.222 116.918 117.483 117.421 117.515 117.722 115.155 115.837 116.243 116.185 116.703 114.337 114.588 115.525 116.069 115.58 
108.224 108.999 108.919 109.261 108.837 105 105.412 105.945 105.087 105.648 100.578 100.224 100.522 101.861 101.344 97.1849 97.1019 96.8642 97.0426 97.4394 94.2303 93.9654 93.853 93.7853 94.3031 
91.7414 91.2705 91.6308 90.7477 89.9828 89.8171 89.7286 89.7579 88.8123 88.7558 87.8998 87.9786 88.1085 87.0135 86.7392 85.4641 84.6656 84.7858 84.7155 84.1553 83.3994 81.7896 81.074 81.4529 82.1337 
85.7491 85.3696 85.5581 84.6794 83.6162 84.5192 84.3087 84.3176 83.6095 83.1609 83.4283 83.3537 83.2844 82.4265 82.0326 81.4892 81.0619 80.8647 81.0617 80.3929 79.978 79.0463 78.4893 78.8211 79.2783 
80.9007 80.4874 80.4935 79.8977 79.2091 80.1759 79.8849 79.8022 79.2362 79.1138 79.5098 79.3363 79.284 78.7677 78.4951 78.542 77.9677 78.0807 78.097 77.5844 77.6342 76.9616 76.5867 76.839 77.1476 
74.9431 74.7681 74.6618 74.3782 74.1209 74.7118 74.5477 74.3905 74.1168 74.1005 74.5623 74.3217 74.1271 73.9864 73.8964 74.5125 74.2166 74.044 73.8166 73.6702 74.2625 74.0976 73.8449 73.7296 73.641 
65.2493 65.3923 65.6669 65.5872 65.8154 65.4349 65.9995 65.7617 65.5172 65.9777 65.687 65.8034 65.664 65.7094 66.0394 66.1987 65.9676 65.8399 65.922 66.0082 66.044 65.9716 66.0504 66.5088 66.3071 
61.0011 61.3061 61.5802 61.37 61.4933 61.3004 61.9234 61.6155 61.3195 61.8391 61.8092 61.8742 61.5981 61.6693 62.0305 62.3792 62.1588 62.0107 62.129 62.1291 62.344 62.3925 62.7769 63.0564 62.5126 
46.0189 45.7085 46.0096 45.9767 46.291 46.9614 46.3008 46.1065 46.043 45.7778 46.6531 46.1985 45.5688 45.7887 46.1137 45.6066 45.4998 45.679 45.8633 45.7007 46.1693 45.8974 46.3675 46.5581 45.7529 
38.1501 37.8457 37.6687 37.2582 37.0656 38.0261 37.8305 37.4798 37.3318 37.0254 37.945 37.7198 37.4271 37.1851 36.9414 37.9873 37.8373 37.6172 37.3546 37.007 38.1431 37.8302 37.5846 37.4259 37.1488 
40.3186 40.8626 41.6222 42.0326 41.952 39.9406 41.299 41.5061 41.6309 41.6217 39.516 40.1729 41.1712 41.5349 41.2449 39.5523 40.6478 40.8996 41.4586 41.2105 40.5738 40.9127 40.9841 41.2141 41.7277 
146.494 147.602 148.284 149.536 148.9 146.285 146.432 147.48 147.642 150.196 147.023 147.07 146.732 147.194 148.358 146.997 147.304 146.903 147.235 147.921 148.021 147.7 147.385 147.021 147.848 
146.746 147.347 147.74 147.796 147.779 146.881 147.451 147.784 147.815 147.672 146.971 147.305 147.204 147.226 147.439 146.842 146.862 146.422 146.238 146.558 146.714 146.67 146.019 145.532 146.225 
146.339 146.619 146.447 145.884 145.303 146.268 146.395 146.071 145.889 145.367 145.844 145.816 145.179 144.773 144.46 144.797 144.628 144.346 143.703 143.692 144.524 144.268 144.188 143.643 143.38 
140.336 140.622 140.399 140.107 139.735 139.99 140.125 140.027 139.632 139.322 138.839 138.848 138.752 138.698 138.881 137.753 137.706 137.741 137.65 137.915 137.394 137.095 137.465 137.47 137.445 
129.239 129.583 129.844 129.472 128.333 128.637 128.954 129.541 129.103 128.828 126.552 127.466 127.74 127.987 128.59 125.217 125.977 126.442 126.61 127.339 124.894 125.015 125.988 126.678 126.228 
125.236 126.351 126.029 126.449 126.183 122.315 122.959 123.391 122.273 122.901 117.51 117.627 117.632 119.749 119.979 115.21 114.931 114.765 115.327 115.805 112.993 112.615 112.826 112.881 113.242 
115.203 116.189 115.156 117.013 116.2 106.101 106.855 108.129 105.787 108.008 96.8463 95.3247 96.4152 98.2386 96.6325 88.9302 88.8696 87.5879 87.5395 88.1716 82.4478 81.8751 81.3954 79.7787 80.5087 
96.6312 96.8922 97.1529 97.4289 96.362 93.2561 93.5517 93.5004 92.8858 93.277 88.6403 87.8889 87.5652 88.5864 88.6317 84.9438 84.3808 83.1242 83.3517 83.825 82.1027 81.3713 80.4934 79.4449 80.0499 
85.4582 85.1019 84.1724 83.5218 82.832 85.8175 85.15 85.0374 84.1944 83.0801 85.7548 85.2672 85.0666 83.0847 81.3215 84.8058 83.7927 82.9154 80.2753 79.6718 85.421 84.2029 82.1076 80.6549 80.6239 
81.1293 81.405 80.2411 80.0437 80.3699 80.9488 81.3105 80.4027 80.5444 80.5318 79.7196 80.624 80.4062 80.6967 80.6673 79.7022 79.8498 79.9684 80.0878 79.8147 79.6978 79.5629 79.3156 79.2149 79.3728 
76.7796 76.6255 76.4588 76.2301 76.1649 76.8086 76.5691 76.4334 76.1518 76.2552 76.7803 76.6091 76.5032 76.3841 76.328 76.8854 76.7525 76.6852 76.5047 76.392 76.8664 76.9326 76.6641 76.6197 76.3998 
70.6633 70.5743 70.3814 70.2253 70.3058 70.6928 70.6373 70.537 70.3368 70.5091 70.9674 70.7491 70.7218 70.5919 70.666 71.4572 71.2273 71.0127 70.8455 70.7586 71.5499 71.4818 71.207 71.0554 70.7645 
62.5246 62.9332 63.2448 63.1991 63.5083 62.9047 63.4842 63.3758 63.3407 64.0124 63.7109 63.6609 63.537 63.8701 64.3532 64.3643 64.2635 64.117 64.3417 64.5443 64.5341 64.6208 64.9075 65.2794 64.809 
56.6141 56.6102 56.4121 56.2951 56.4994 56.6029 56.6377 56.6953 56.6178 56.7933 57.0276 56.895 56.9838 56.9931 57.1994 57.5041 57.3558 57.2716 57.4098 57.618 57.8257 57.773 57.6909 57.5907 57.5961 
49.1437 49.6303 49.9169 50.4041 50.6975 48.9031 49.933 49.9832 50.3708 50.6026 49.02 49.4883 50.226 50.5 50.6336 49.245 49.8395 49.9557 50.4542 50.5292 49.7638 50.0856 50.1548 50.3003 50.8217 
44.1791 45.0466 45.7607 46.2668 46.4253 43.8107 45.3635 45.6647 45.9188 46.1404 43.5044 44.3771 45.3454 45.8288 45.7095 43.4742 44.7977 45.1002 45.7145 45.7557 44.2711 45.0033 45.1432 45.4229 46.0706 
153.096 154.29 154.783 155.401 156.018 153.045 153.782 154.534 155.253 155.299 153.728 154.091 154.19 154.993 155.409 153.943 154.338 154.399 154.644 155.272 154.159 154.602 154.36 154.201 155.458 
156.375 156.978 158.383 159.47 160.039 156.196 156.5 158.555 159.297 159.796 157.976 157.927 158.107 159.349 158.831 156.512 156.56 158.005 158.176 157.871 157.239 156.854 157.114 157.604 157.759 
151.241 151.56 151.686 151.588 151.364 150.999 151.371 151.497 151.623 151.569 150.677 151.048 150.994 151.021 151.096 149.62 149.983 150.384 150.564 150.825 149.704 149.79 150.231 150.597 150.875 
153.138 154.555 154.784 152.759 152.108 152.242 153.932 154.461 154.02 154.01 150.82 151.823 152.557 153.567 154.293 148.154 150.283 151.604 152.224 152.092 145.574 146.692 148.432 149.528 148.887 
138.712 139.502 140.336 140.931 141.576 137.536 138.158 139.597 140.233 140.557 136.418 136.794 138.083 139.663 140.374 135.713 135.773 136.89 138.686 139.468 135.337 135.095 136.684 137.974 138.351 
119.981 120.895 121.367 121.19 121.757 118.311 119.017 119.641 120.026 120.293 116.256 116.694 117.359 117.669 117.897 113.696 114.386 114.397 115.138 115.553 111.493 111.578 111.801 112.069 112.84 
101.025 100.645 100.339 99.766 98.1824 99.686 99.3381 98.6241 97.4887 96.4342 97.3886 96.081 95.8424 95.6189 94.9116 95.5752 94.4726 93.9655 93.735 92.9732 94.2879 93.7385 92.8982 91.2928 91.0998 
89.3216 88.6955 87.019 86.1975 85.6633 89.8294 88.6453 87.9337 87.0384 85.4244 89.7347 88.6594 87.6268 85.5715 83.5486 89.4219 87.9523 86.0704 82.7891 82.234 90.196 88.7009 85.9199 83.7892 82.9753 
85.7018 85.6328 83.7551 83.3262 83.2258 86.3613 86.1566 85.1373 84.7726 83.644 86.0663 86.1283 85.4997 84.0164 82.2795 85.8926 85.1594 84.0494 81.2123 80.6776 87.2531 86.2074 83.9059 81.9562 81.6772 
84.283 84.1805 82.6908 82.3992 82.3286 84.9155 84.5979 83.9658 83.6685 82.8132 84.715 84.747 84.3224 83.0986 81.5911 84.5911 84.1036 83.1183 80.5944 80.358 85.9184 85.1968 83.2214 81.6386 81.3895 
80.2605 80.2803 79.0666 78.8074 79.1321 80.3196 80.5677 79.4684 79.4452 79.3729 79.6351 80.4367 80.0594 80.0393 79.7399 80.1486 80.3506 80.2611 80.0942 79.5503 80.4007 80.5015 80.1607 79.6965 79.3878 
73.2569 72.8984 72.5228 72.3221 72.3425 73.5976 73.2615 72.8623 72.6394 72.7174 74.3737 73.9775 73.5217 73.2364 73.1915 75.1004 74.8938 74.4804 74.1339 73.8638 75.5133 75.4706 75.0281 74.6862 74.1514 
68.957 68.442 67.8851 67.171 67.2833 69.2372 68.6235 67.8627 67.7098 67.9392 68.702 68.688 68.8358 69.4826 69.185 69.5356 69.4181 70.1172 70.319 69.7716 70.5122 70.8746 71.0281 70.8597 70.335 
58.2562 58.3883 58.1305 58.422 58.9802 58.3541 58.6229 58.429 58.8468 59.2758 59.0696 59.1264 59.2463 59.4874 60.011 59.6658 59.7147 59.6241 59.945 60.2229 59.7462 60.0178 60.0197 60.1074 60.465 
56.6407 56.721 57.2066 57.909 58.8206 56.8918 57.0443 57.0021 58.3913 59.5139 57.1718 56.8844 57.5186 58.56 59.7629 57.3664 56.6392 57.09 57.9108 59.0864 57.179 57.2644 57.4002 58.0214 58.8355 
47.7075 50.3245 50.5528 51.144 51.7952 47.3588 50.6105 50.6211 50.9241 51.5989 47.3646 49.809 50.6573 51.0893 51.523 47.5007 50.2223 50.2684 50.9941 51.34 48.1654 50.5695 50.4663 50.7296 51.728 
163.352 163.807 164.585 164.931 165.679 163.708 163.334 164.409 164.27 164.412 165.337 164.697 164.279 165.783 165.433 164.563 163.807 164.36 165.592 165.791 165.189 165.341 165.658 166.503 165.432 
159.596 160.147 161.779 163.009 163.756 159.416 159.605 162.032 162.879 163.547 161.201 161.127 161.748 163.306 162.89 159.902 160.053 161.777 162.291 162.101 160.95 160.669 161.142 161.8 161.943 
157.909 159.545 160.36 158.879 158.748 157.252 158.946 160.453 160.278 160.66 157 157.763 158.689 160.179 160.598 154.068 156.134 158.06 158.658 158.201 152.097 152.954 154.538 155.607 155.098 
156.11 157.607 157.962 156.08 155.871 155.267 157.088 157.968 157.73 158.007 154.011 155.016 156.194 157.557 158.609 151.326 153.59 155.373 156.504 156.601 148.901 150.117 152.301 153.838 153.46 
149.419 150.425 151.834 150.812 151.289 148.509 149.757 151.763 152.51 153.356 147.279 147.678 150.171 152.468 153.978 144.848 146.375 148.979 151.113 151.894 142.304 142.668 145.865 148.154 148.408 
111.549 111.693 112.847 113.453 113.733 111.233 111.263 112.528 113.419 113.235 111.2 110.822 112.294 113.4 113.422 110.575 110.429 111.622 113.106 113.23 110.287 110.261 111.574 112.197 112.576 
99.9247 99.6892 99.7431 100.292 100.041 99.3854 99.1978 99.029 98.6301 99.1553 99.7308 99.6561 98.907 98.3212 98.9286 99.6077 99.2643 99.1511 98.1722 98.0244 99.1267 99.0959 97.8119 98.3388 97.695 
95.5553 94.8235 93.5534 92.4647 91.7107 95.5335 94.2774 93.125 92.1584 91.0124 95.0191 93.957 92.6611 91.7134 90.8271 95.1514 93.8776 92.5704 91.614 90.7194 94.4239 93.4673 92.068 91.1435 90.0136 
87.4701 87.1739 85.9308 85.4924 85.2225 88.2119 87.5798 87.2083 86.5264 85.5016 88.5696 87.941 87.2579 85.6853 84.0483 88.3689 87.4861 86.016 83.289 83.0253 89.2875 88.2736 86.1684 84.5852 84.2604 
86.0402 86.1595 84.995 85.0925 85.2421 85.714 86.3049 85.3575 85.7393 85.416 84.4709 85.6957 85.5245 85.9822 85.6942 84.8633 85.2179 85.1778 85.4391 85.1132 85.1491 85.2867 84.8406 84.5943 84.7357 
83.2482 82.9555 82.533 82.1594 81.917 83.4413 83.1633 82.7527 82.1376 82.0668 83.8862 83.584 83.1974 82.6729 82.3804 84.261 83.9865 83.5732 83.2403 82.9535 84.3908 84.4039 84.0399 83.7884 83.3295 
74.5692 73.7347 72.9958 72.0321 71.9596 75.1802 74.3171 73.0449 72.6506 72.5593 74.627 74.4841 74.4596 74.7531 74.0207 75.5384 75.199 75.8112 75.864 74.8721 76.6938 76.9656 77.0338 76.5217 75.7392 
71.2039 70.608 70.0347 69.2805 69.3437 71.7824 70.9617 70.0962 70.0586 70.1679 71.2735 71.3315 71.4538 72.2872 71.8592 72.3192 72.1586 73.029 73.3229 72.7127 73.4263 73.8966 74.1708 74.0127 73.5403 
64.3681 63.9827 64.3216 64.5486 65.2491 64.9244 64.4219 64.1192 65.2772 66.2782 64.6436 64.2702 64.9196 66.3142 67.0968 65.1109 64.2064 65.1664 66.035 66.8258 65.5182 65.6288 65.9963 66.5259 66.9244 
58.6642 59.5636 60.0411 60.7571 61.7977 58.9383 59.8518 59.8187 61.2851 62.5251 59.2488 59.7542 60.3924 61.4793 62.9008 59.5295 59.586 60.0757 60.9249 62.2068 59.3198 60.2556 60.4139 61.1144 62.0331 
55.9316 59.103 59.4714 60.0357 61.2115 56.0559 59.2005 59.0939 60.3345 61.8714 56.0592 58.9121 59.223 60.2887 61.86 55.9655 58.5852 58.8742 59.668 61.2349 55.688 58.8918 59.1025 59.8688 61.004 
172.226 172.036 170.968 169.967 169.901 172.149 171.263 169.973 168.772 167.594 172.085 171.734 170.312 171.006 171.313 172.898 171.559 170.118 172.314 173.808 172.854 174.313 174.367 175.671 173.665 
166.054 166.384 167.404 167.869 168.617 166.337 165.883 167.32 167.594 167.907 167.681 166.976 166.985 168.728 168.654 167.192 166.46 166.95 168.311 168.563 167.712 167.652 168.069 168.731 168.01 
167.759 168.12 168.908 168.665 169.294 167.08 167.378 168.634 169.09 169.554 166.825 166.883 168.085 169.065 169.918 167.05 167.159 168.046 169.393 170.262 167.605 168.014 168.479 169.714 170.538 
160.441 161.365 162.026 160.432 160.593 159.724 160.837 161.955 162.046 162.785 158.28 158.64 160.303 161.97 163.569 156.071 157.663 159.726 161.159 161.652 153.72 154.34 156.585 158.402 158.488 
146.865 146.519 148.127 149.493 151.299 146.32 145.634 148.269 150.31 151.942 145.511 145.217 147.725 150.353 152.767 145.512 145.184 147.786 150.887 152.932 145.921 145.483 148.461 151.614 153.09 
107.912 107.296 108.649 110.181 110.842 107.716 106.956 108.175 108.967 110.686 107.976 107.495 108.335 109.105 110.915 107.899 107.277 108.778 109.354 110.329 107.846 107.28 107.678 109.461 109.991 
99.2958 99.3783 99.891 100.656 100.538 98.9671 99.159 99.2856 99.2164 100.031 99.3733 99.7493 99.5156 99.2618 100.119 99.1962 99.4624 99.9049 99.369 99.3512 99.078 99.5159 98.7307 99.3807 98.9931 
97.0151 96.9068 96.8703 97.3491 97.2721 96.7621 96.7958 96.5493 96.16 96.8202 96.9831 97.2789 96.5642 96.0346 96.7697 97.0059 97.0135 96.9292 96.2296 96.1069 96.6699 96.7699 95.7885 96.3586 95.9192 
91.1927 91.2361 90.9146 90.8997 90.8947 91.0672 91.5159 91.3469 91.1478 90.9344 90.8216 91.3972 91.0667 91.2046 91.2466 91.1303 91.4741 91.3229 91.5049 91.3568 90.7951 91.0037 91.1032 91.0147 91.2244 
89.0736 89.1267 89.2188 89.2776 88.5508 88.8709 89.2874 89.57 89.3978 88.8337 88.8349 89.1546 89.2662 89.2269 88.8393 89.1903 89.4915 89.3664 89.0754 88.6073 89.3092 89.7721 89.562 88.777 88.4426 
86.1644 85.5091 85.305 85.7245 84.9562 86.334 86.4252 86.1853 86.1494 85.3431 86.732 86.9727 86.9002 86.9962 86.2632 87.7708 88.0647 87.7635 87.6852 87.2001 88.3626 89.0379 88.5434 87.8824 87.576 
83.5209 82.3358 81.2707 80.9853 81.2831 85.1534 85.3947 83.5162 82.3845 82.8265 85.4573 86.4327 85.5451 84.4117 84.4202 86.7488 87.1395 87.6835 88.2268 86.0699 87.4599 87.3162 87.912 89.4686 89.0464 
74.6924 74.1456 73.8478 73.4021 73.5541 75.1996 74.6283 73.9026 74.0813 74.2638 74.8027 74.9567 75.2139 76.0781 75.8414 75.77 75.7838 76.7377 77.0697 76.6296 77.2201 77.7018 78.0145 77.8848 77.5808 
72.5637 72.9178 73.4882 74.4331 75.0913 73.2487 73.6113 74.2041 75.1469 75.9695 74.4274 74.7839 75.353 76.3314 76.9488 75.5871 76.0931 76.7347 77.4038 77.7852 76.3464 77.0392 77.6087 78.1536 78.252 
64.3885 64.9369 65.8741 66.8197 67.8611 64.745 65.3572 65.8078 67.4361 68.8007 65.0865 65.3582 66.324 67.7808 69.1575 65.5044 65.3719 66.282 67.3983 68.698 65.6134 66.268 66.8164 67.8744 68.6325 
59.833 66.3295 66.4529 67.0124 68.5183 59.5705 66.0572 66.32 67.0991 68.9134 59.5335 66.1297 66.4369 67.2444 69.1376 59.5404 66.4122 66.7615 67.5867 69.2209 59.8796 66.9081 66.8569 67.7758 69.4529 
177.706 177.369 176.061 175.666 175.275 177.891 176.902 175.6 174.849 173.972 178.034 177.439 176.027 176.846 177.461 178.625 177.089 175.797 177.658 179.162 178.462 179.365 179.25 180.293 178.599 
178.391 178.453 179.018 179.348 179.285 177.739 177.732 178.681 179.424 179.76 177.488 177.389 177.798 179.266 180.128 177.502 177.054 177.399 179.02 179.792 178.072 177.705 178.124 179.029 179.418 
180.783 181.168 182.203 183.401 184.662 180.866 179.702 181.674 183.677 185.664 181.092 179.974 180.838 183.511 185.407 181.613 180.153 181.807 182.57 182.908 180.9 179.624 181.417 182.927 182.276 
174.118 174.689 176.279 175.925 176.548 174.58 174.643 175.366 176.324 176.318 174.031 174.359 175.747 177.133 176.811 174.247 174.675 176.208 177.906 178.21 175.05 175.5 176.446 177.706 178.534 
160.847 161.461 163.91 165.355 166.656 161.713 161.314 163.743 165.373 167.175 161.374 161.379 164.06 166.163 167.939 162.054 162.314 165.53 167.69 169.628 162.665 161.647 165.564 168.226 169.854 
104.345 105.266 106.724 107.436 108.317 121.228 122.824 124.297 125.206 125.722 122.408 124.084 125.516 127.307 127.57 124.836 127.216 128.626 129.518 130.155 125.69 127.652 128.954 130.143 130.949 
98.5295 98.6749 99.2003 100.087 100.077 98.6351 99.1754 99.1808 99.0857 99.9813 99.8481 100.414 100.239 99.8479 100.777 100.374 100.824 101.369 100.913 100.754 100.751 101.397 100.686 101.441 101.014 
99.2667 99.3993 99.4172 99.3469 99.4429 99.6785 99.7177 99.6001 99.5963 99.6925 99.8838 100.117 100.125 100.078 99.9575 100.383 100.534 100.726 100.587 100.317 100.558 100.565 100.863 100.789 100.441 
98.3633 98.1331 97.9914 98.3759 98.3895 98.7003 98.5759 98.3329 98.4935 98.2303 98.85 99.3683 99.339 98.5795 98.1984 99.304 99.5376 100.154 99.1206 97.839 99.5162 99.9084 100.226 100.132 97.5668 
91.9525 91.8735 91.8696 92.0099 90.7699 91.9158 92.096 92.4561 92.267 90.991 91.923 92.2823 92.5672 92.159 91.2508 92.6782 92.9383 93.0238 92.1399 91.3149 93.2122 93.9137 93.4489 91.8686 91.1131 
89.3585 88.3016 87.2321 86.9936 86.9377 90.5291 90.6374 89.221 88.0518 88.1127 90.2291 91.1845 90.5544 89.3275 89.0206 91.1512 91.7279 92.2342 92.3376 90.0913 91.7806 91.7327 92.1687 93.1817 92.6942 
86.9894 85.8946 85.0104 84.9977 85.5579 88.0884 88.4893 87.0235 86.211 86.8698 88.4102 89.4643 88.8056 87.7687 88.0544 89.6042 90.239 90.776 91.2388 89.6238 90.4745 90.4158 91.0126 92.5694 92.7183 
88.425 87.4435 86.7493 87.1199 87.7313 89.0541 89.4664 88.3511 88.0425 88.9023 88.7225 89.9384 89.8304 89.4532 89.8967 89.4272 90.1762 91.2738 92.1463 90.762 90.0632 90.015 90.9663 92.8271 93.0473 
82.1655 82.6311 83.612 84.5829 85.2881 81.9091 82.7156 83.8943 85.0086 85.96 82.9886 83.4808 84.4579 85.5299 86.4491 83.9686 84.6149 85.2812 86.0441 87.0236 84.9179 85.6319 86.2992 86.8131 87.5096 
79.7112 80.2944 81.8434 82.9283 84.114 79.0574 79.9991 80.7006 82.5782 83.9241 78.7694 79.7388 81.2445 83.031 84.3294 79.657 81.2626 82.1657 83.4696 84.6738 80.3723 81.7762 82.9976 84.0557 84.8649 
66.6679 72.1113 73.1444 76.1896 78.5245 66.1179 71.8198 72.888 76.2064 78.8839 65.7527 71.6887 72.9575 76.3626 79.0496 65.7854 71.8282 73.0784 76.6183 79.0568 66.2221 72.4187 73.3589 76.9593 79.2155 
187.167 186.679 184.534 184.434 184.62 187.005 186.575 185.314 186.003 186.749 187.21 185.836 184.911 185.7 186.961 187.708 187.184 185.866 186.548 188.071 188.411 188.285 187.076 187.633 188.336 
185.509 185.941 186.315 187.923 188.925 185.746 184.336 185.878 187.923 190.025 185.998 184.527 184.91 187.51 189.672 186.25 184.555 185.689 186.246 186.794 185.568 183.828 185.55 186.825 186.158 
186.185 186.572 187.81 189.195 190.419 186.154 184.915 187.059 189.513 191.423 186.358 185.252 186.1 188.848 190.691 186.703 185.08 186.837 187.593 188.047 185.899 184.255 186.214 188.211 187.669 
185.001 185.794 187.185 188.559 190.102 185.382 184.251 186.167 188.742 190.847 185.662 184.832 185.834 188.779 190.306 186.266 185.181 187.256 188.034 187.922 185.564 184.222 186.55 188.399 187.445 
169.545 170.599 173.563 172.336 172.993 183.153 182.797 183.357 184.716 183.596 182.413 182.878 184.638 186.415 183.954 182.724 183.983 185.009 187.569 187.27 183.609 185.22 185.153 186.052 187.072 
45.4755 45.9199 46.0749 45.993 46.5885 175.988 177.263 178.375 178.547 175.726 176.31 177.844 178.996 181.144 179.217 181.358 182.279 183.738 184.259 184.131 181.839 183.3 184.103 185.259 183.884 
97.7137 97.8503 98.3048 98.4119 98.6309 110.094 110.709 110.799 110.982 110.987 111.23 111.912 112.113 112.734 112.458 112.742 113.892 114.115 114.066 113.774 113.65 114.252 114.63 114.976 114.598 
103.796 103.572 103.365 103.677 103.814 104.411 104.215 103.661 103.813 103.81 105.045 105.124 104.963 104.317 104.091 105.833 105.759 106.055 105.171 104.158 106.154 106.444 106.531 106.513 104.364 
101.936 101.762 101.415 101.818 102.231 102.281 102.024 101.637 101.826 101.822 102.76 102.864 102.522 101.862 101.638 103.118 103.019 103.415 102.338 101.389 103.176 103.416 103.544 103.666 101.301 
99.3106 98.9874 98.7139 99.0604 98.9289 99.7483 99.3081 99.0644 99.089 98.7012 100.17 100.285 100.07 99.1036 98.5228 100.703 100.734 101.015 99.5217 98.1731 101.047 101.34 101.254 100.861 98.1018 
96.403 95.0303 93.7841 93.3066 93.1369 97.3185 95.8622 94.8967 94.1468 93.5315 98.4209 97.3211 96.2106 95.1653 94.3508 99.4802 99.0794 97.7129 96.4255 95.5067 100.782 99.9973 98.6973 97.3747 96.4501 
91.5938 90.3834 89.4032 89.5441 90.0906 92.2967 92.3447 91.0025 90.426 91.1646 91.9886 92.9232 92.5522 91.9211 92.1311 92.7298 93.2767 94.0699 94.587 92.9904 93.3999 93.0611 93.6518 95.2737 95.3268 
93.4061 92.9455 93.1698 93.779 94.2032 92.6088 92.7131 93.0896 93.7756 94.5915 92.9961 93.146 93.8748 94.6872 95.199 93.5184 93.6647 94.2681 94.6346 95.1566 94.2965 94.2102 94.3813 94.6917 95.0633 
95.3807 94.9635 95.2576 95.9186 96.4008 94.7301 94.7693 94.8625 95.6688 96.5956 94.6353 94.7566 95.557 96.4836 96.9973 95.173 95.5083 96.2087 96.6035 96.8569 95.7329 95.9003 96.3423 96.5651 96.712 
93.642 95.1753 97.0995 98.2243 99.9355 92.5179 94.4526 95.2799 97.6053 99.1295 91.2817 93.6467 95.3546 97.5523 99.2348 92.104 95.2859 96.1228 97.7094 99.139 92.8556 95.4332 96.8734 98.1771 99.2526 
86.1607 90.8461 94.0484 109.029 112.801 84.4843 89.6998 90.6669 107.906 111.413 82.6193 88.1058 90.9859 107.815 111.767 83.9818 91.0094 92.3754 108.149 111.576 85.0063 91.0389 93.6718 109.166 111.612 
191.674 190.907 187.97 188.028 188.369 191.68 190.837 189.37 189.845 190.857 191.706 189.918 188.771 189.652 191.201 192.254 191.657 190.061 190.632 192.757 193.165 192.859 191.493 192.367 193.385 
192.827 192.045 190.568 190.914 191.178 192.172 191.596 191.04 192.456 193.361 191.697 190.565 190.248 191.754 192.613 191.629 191.258 190.352 191.466 192.976 192.355 192.083 191.41 192.349 193.469 
190.134 190.685 191.897 193.454 194.468 190.08 188.929 190.967 193.623 195.817 190.298 188.974 189.79 192.736 194.659 190.413 189.001 190.459 191.169 191.834 189.388 187.798 189.987 191.724 191.283 
191.525 192.142 193.64 193.714 193.814 191.72 191.87 192.739 194.347 194.114 191.676 192.134 193.668 194.905 194.07 191.868 192.33 193.722 195.564 195.769 192.608 193.539 193.722 194.85 195.63 
193.006 193.924 196.65 197.83 198.686 195.222 195.862 197.723 197.238 196.304 194.99 198.134 199.099 196.612 195.359 194.401 197.752 198.862 196.04 195.425 194.174 195.701 196.461 194.684 193.925 
126.606 126.572 126.117 124.982 125.023 184.713 185.228 185.459 184.985 182.757 186.379 186.706 186.538 186.6 185.261 188.904 189.228 188.566 188.243 187.625 189.124 190.156 188.749 188.699 188.003 
126.572 126.025 125.155 124.743 123.955 129.515 129.192 127.825 126.908 126.365 130.993 130.206 128.943 127.555 127.321 132.417 132.154 131.176 129.843 129.17 132.69 132.728 131.741 130.726 129.438 
112.241 111.737 111.099 110.589 110.3 112.583 112.039 111.242 110.48 110.158 112.908 112.423 111.661 110.891 110.3 113.227 112.976 112.244 111.375 110.749 113.328 113.031 112.394 111.718 111.037 
105.964 105.406 104.514 104.372 104.361 106.392 105.747 104.802 104.299 103.962 106.73 106.591 105.788 104.659 103.967 107.147 106.797 106.617 105.134 103.979 107.334 107.243 106.787 106.502 103.941 
109.209 107.469 105.415 103.382 102.122 109.607 107.47 105.447 103.376 101.79 109.64 107.726 105.217 103.163 101.636 109.406 107.692 105.471 103.313 101.955 109.51 107.641 105.578 103.756 102.171 
106.33 104.16 102.035 100.908 100.377 107.142 104.75 102.974 101.47 100.47 108.049 106.039 104.031 102.228 101.047 108.602 107.425 105.153 103.06 101.338 110.086 108.445 105.903 103.695 101.994 
106.171 105.205 104.111 103.393 103.395 106.79 106.078 104.692 103.949 103.459 108.102 107.106 105.689 104.756 104.344 108.993 108.144 106.888 105.963 105.55 109.359 108.813 107.552 106.617 106.128 
100.463 99.8489 99.6384 100.023 100.289 100.233 99.9955 99.6435 100.014 100.641 100.394 100.243 100.517 100.995 101.228 100.852 100.712 101.17 101.216 101.308 101.486 101.369 101.29 101.323 101.347 
107.985 107.844 108.417 107.552 107.627 108.404 108.165 108.699 107.461 107.858 108.161 108.068 107.939 107.426 108.161 107.985 108.139 108.593 108.469 108.608 107.993 109.067 109.268 108.774 109.06 
110.108 109.877 111.816 111.327 112.553 110.347 109.999 111.229 111.905 112.474 109.744 110.116 111.125 112.025 112.647 110.108 110.898 111.229 111.707 112.53 109.749 110.817 111.162 111.345 112.233 
105.381 109.098 111.099 114.379 117.007 105.657 109.34 111.381 114.971 117.618 105.87 110.054 111.843 115.305 118.063 106.366 110.415 112.227 115.45 118.047 107.16 110.759 112.231 115.789 118.138 
196.866 195.471 193.322 193.414 194.281 196.962 196.639 195.434 196.301 197.101 197.87 196.671 195.459 196.065 196.697 198.8 197.88 196.411 197.078 198.031 198.63 198.151 197.125 198.642 198.892 
203.155 199.99 203.607 200.487 200.998 202.421 201.956 204.353 204.354 203.558 200.962 202.344 202.903 205.109 204.342 201.61 201.481 203.241 203.701 203.627 203.111 202.418 203.306 203.022 204.671 
200.197 199.931 201.068 201.822 201.88 199.172 199.288 200.232 202.57 202.886 199.003 198.691 200.046 202.142 202.143 199.216 198.929 199.131 201.167 201.632 199.351 199.069 199.326 200.82 201.726 
196.889 197.607 200.016 200.962 202.152 196.942 197.261 198.655 198.509 198.073 196.51 198.772 199.819 197.674 196.773 195.893 198.791 200.23 197.798 196.999 195.436 196.465 197.987 197.263 196.168 
195.695 196.625 199.029 199.818 200.49 196.107 196.539 198.281 197.084 196.02 196.081 198.892 199.734 196.629 194.951 195.784 198.927 199.816 196.36 194.958 195.193 196.248 197.074 195.347 193.767 
191.938 192.422 194.766 195.809 195.348 193.527 193.838 195.281 194.244 192.037 193.516 196.024 196.293 192.818 190.59 193.213 196.297 196.765 192.633 190.382 192.686 193.592 194.25 191.537 188.752 
169.685 168.745 167.149 165.431 163.868 170.423 169.782 167.854 165.537 163.533 172.419 171.404 168.49 165.245 164.068 173.404 173.017 170.843 167.477 165.759 172.981 172.632 170.744 168.248 165.591 
135.272 134.121 131.483 129.388 127.355 135.541 134.528 132.029 129.089 127.208 136.432 135.143 132.48 129.562 127.488 137.361 136.307 134.07 130.961 128.855 137.092 136.488 134.429 131.634 128.826 
131.118 128.57 124.125 119.949 115.871 131.69 128.306 124.566 119.96 115.512 131.412 128.772 124.378 120.127 114.573 130.61 127.533 123.746 118.939 114.424 130.107 127.068 123.259 118.522 114.066 
132.356 128.861 123.748 119.387 116.824 132.82 128.553 124.284 119.411 116.158 132.314 128.653 123.742 119.427 115.101 131.379 127.397 123.089 118.239 114.663 130.803 126.932 122.973 118.319 114.639 
128.098 125.716 122.342 120.263 119.161 128.664 126.357 124.229 120.726 118.738 128.429 126.233 123.389 120.027 118.648 128.195 126.078 123.832 120.622 119.246 128.557 126.395 124.017 121.515 119.291 
120.125 118.769 117.637 116.536 115.808 120.536 119.39 118.202 116.653 115.852 121.547 120.622 119.16 116.864 116.167 122.605 121.635 120.336 118.132 117.386 123.059 122.148 120.883 119.576 118.324 
115.613 116.057 114.813 113.485 112.454 116.339 116.017 115.264 113.889 112.804 117.688 116.317 115.044 114.267 114.585 118.835 117.413 116.988 116.27 115.594 119.225 118.452 118.524 117.348 116.627 
116.049 115.162 115.768 114.375 113.992 117.011 115.642 115.782 114.884 113.935 116.997 116.142 115.591 114.84 114.409 117.295 116.581 115.81 114.958 114.825 116.037 116.197 115.743 114.627 114.359 
116.895 115.475 116.595 115.423 116.047 117.542 115.86 116.854 116.048 115.708 117.231 116.446 116.586 116.531 116.034 116.961 116.88 116.534 116.081 116.175 116.22 116.535 115.932 115.195 115.471 
115.434 115.282 117.085 116.856 118.04 116.123 115.733 117.53 117.998 118.698 116.284 116.539 117.616 118.599 118.965 116.348 116.647 117.334 118.09 118.545 115.591 116.507 116.965 117.323 118.471 
209.902 206.788 210.086 206.805 207.285 210.052 210.275 211.725 210.289 209.255 210.408 211.676 210.849 211.311 210.668 211.155 210.206 211.589 211.312 210.937 211.356 210.328 211.293 211.107 211.876 
208.93 205.422 209.771 206.315 206.439 208.303 208.282 211.161 210.681 209.222 208.32 209.628 210.557 211.804 210.634 208.853 208.362 210.371 210.888 210.135 209.602 209.163 210.117 210.109 210.888 
207.929 204.023 208.378 204.648 205.489 206.502 205.616 208.187 208.351 207.429 205.483 206.104 206.717 209.059 208.967 206.419 205.858 208.253 209.814 209.998 208.224 207.955 209.023 210.099 211.767 
207.235 209.191 206.816 207.024 206.861 207.502 208.954 206.452 203.752 203.601 204.925 207.047 206.03 204.29 205.302 207.291 209.211 210.318 208.163 209.246 210.504 211.406 210.636 211.056 213.437 
198.811 199.397 201.351 202.254 202.247 199.008 199.082 200.202 199.166 197.518 198.671 200.88 201.418 198.567 196.513 198.509 201.324 202.081 198.868 197.012 198.086 198.885 199.812 198.655 196.293 
195.371 194.736 194.354 191.925 186.204 196.521 195.692 194.568 190.349 185.387 196.405 196.052 194.548 190.904 185.818 197.181 197.003 195.168 191.985 187.709 197.437 196.002 194.436 193.494 188.743 
179.78 178.955 177.298 175.478 171.637 180.438 179.908 177.438 174.807 171.082 180.606 180.195 177.482 174.596 171.222 180.233 179.654 177.579 174.71 171.215 179.458 179.156 177.731 175.544 171.281 
170.657 169.148 166.5 162.83 158.533 170.655 169.537 166.689 162.43 157.896 170.844 169.952 166.466 162.186 158.113 170.396 169.288 166.267 161.89 157.937 169.737 168.572 165.982 162.147 157.883 
162.277 160.984 154.867 150.999 148.01 159.929 155.986 152.658 149.186 146.38 160.282 157.237 153.345 149.794 146.058 159.297 156.238 151.392 147.723 145.638 159.424 153.849 150.718 147.206 143.973 
147.591 144.696 141.022 138.299 135.151 148.022 145.212 142.186 138.436 134.634 147.454 144.935 141.508 137.806 134.419 146.878 144.305 141.2 137.365 134.645 146.421 143.868 141.089 137.471 134.166 
137.306 135.3 132.931 131.446 130.288 137.576 135.943 134.162 131.364 129.962 137.518 136.184 133.946 130.716 129.878 137.479 136.375 134.322 131.381 130.472 137.4 136.257 134.66 132.503 130.682 
130.819 130 131.052 129.227 131.079 131.866 131.946 131.007 129.86 129.757 134.295 134.519 130.158 129.933 129.842 136.174 134.609 130.969 130.622 130.936 135.561 134.131 132.358 131.977 131.298 
120.497 121.433 119.658 119.504 117.662 121.923 121.424 119.52 119.525 117.636 123.45 122.33 119.914 118.679 118.726 124.991 123.534 121.555 120.126 119.608 123.701 122.492 122.409 121.173 119.543 
120.428 120.946 119.671 119.676 118.177 121.607 120.905 119.521 118.855 117.187 122.097 121.485 119.576 118.407 118.218 122.44 121.95 120.297 119.153 118.933 120.884 120.384 120.054 119.298 118.194 
119.529 118.715 119.166 118.542 118.578 120.302 119.074 119.309 119.086 118.426 120.358 119.739 119.457 119.186 118.574 120.33 119.771 119.259 118.962 118.632 118.977 119.052 118.838 118.188 117.904 
118.421 118.268 118.434 119.442 120.153 119.333 118.918 119.403 119.699 120.382 119.615 119.471 119.974 120.717 120.619 119.285 119.534 120.261 120.783 120.219 119.046 119.608 120.277 120.861 121.051 
219.214 218.474 218.755 217.497 217.691 219.795 220.768 219.691 217.906 217.829 221.49 221.084 219.672 218.448 218.184 221.49 220.648 220.06 220.103 219.73 220.141 219.95 220.192 220.532 220.254 
215.967 213.904 216.921 213.439 212.746 215.446 215.713 217.663 216.221 214.596 215.212 216.596 216.814 217.782 216.395 215.453 215.581 217.305 217.284 216.242 216.364 216.163 217.202 216.301 217.237 
215.937 218.342 221.573 222.826 222.334 215.431 216.886 217.998 221.038 221.836 214.458 217.452 217.122 219.039 220.415 215.309 216.391 218.645 215.878 219.081 217.325 217.436 218.806 217.027 218.205 
210.216 213.399 211.011 211.588 211.203 210.401 212.944 210.547 207.996 207.906 208.512 211.227 209.983 208.336 209.373 211.002 213.361 214.299 211.245 212.599 214.4 215.908 214.837 213.725 216.299 
210.613 213.472 211.65 211.638 210.54 209.099 210.767 210.866 208.789 207.598 208.473 210.306 210.336 208.867 207.856 211.233 212.24 212.214 208.708 209.064 213.296 213.704 213.151 210.117 209.376 
196.347 195.672 194.799 194.315 191.86 196.706 196.187 194.755 193.362 191.55 196.728 196.017 195.052 193.64 191.053 195.925 195.483 194.381 192.823 190.831 195.564 195.199 194.437 193.394 191.009 
179.065 178.205 177.53 176.774 175.962 179.601 178.969 178.033 176.47 175.693 179.167 179.149 177.871 175.971 175.389 178.482 178.325 177.131 175.148 175.011 177.982 177.422 176.535 175.453 174.834 
169.635 169.087 165.358 163.614 162.596 167.613 165.145 163.358 161.777 161.348 168.195 166.216 163.911 162.205 161.601 167.207 165.588 162.688 161.346 161.638 167.377 163.668 162.359 161.126 160.124 
163.924 163.703 159.64 157.606 156.174 161.908 159.072 157.227 155.744 154.817 162.226 160.331 158.204 156.335 155.221 162.27 160.007 156.856 155.329 155.405 162.573 158.113 156.294 154.676 153.392 
158.588 158.122 154.068 152.122 151.245 156.764 153.764 151.941 150.68 150.093 157.543 155.168 152.849 151.263 150.34 157.079 154.825 151.768 150.337 150.502 157.267 152.813 151.603 150.223 149.265 
138.441 137.31 138.142 136.504 138.027 139.66 139.436 138.265 137.029 136.758 141.438 141.526 137.705 137.477 136.843 142.733 141.484 138.228 137.761 137.94 141.979 140.931 139.127 138.755 137.966 
133.786 132.999 134.511 132.975 134.78 135.268 135.627 134.752 133.631 133.611 138.05 138.63 134.876 133.976 133.571 139.601 139.058 135.619 135.511 135.875 138.948 137.871 136.128 136.433 135.875 
130.126 129.604 130.946 129.501 131.242 131.387 131.751 131.005 130.069 130.081 133.736 134.344 130.414 130.462 130.505 135.603 134.378 131.131 131.138 131.625 135.159 133.877 132.391 132.404 132.039 
123.482 123.698 122.892 123.022 121.993 124.248 123.931 122.659 122.542 121.151 124.707 124.461 123.114 121.805 121.247 125.271 124.605 123.386 122.553 121.982 123.956 123.523 123.291 122.501 121.567 
122.989 122.22 121.829 122.184 122.457 123.283 122.589 122.147 121.673 121.323 123.029 122.891 122.832 122.332 121.853 122.759 123.223 123.053 122.578 122.31 122.765 122.955 122.603 122.44 122.229 
120.503 120.326 120.639 121.625 122.429 121.024 120.756 121.529 122.409 123.099 121.556 121.535 122.283 122.966 123.104 121.724 121.656 122.661 123.587 122.934 121.46 122.118 123.044 123.815 123.734 
229.176 230.25 229.533 228.207 228.217 229.258 230.681 229.668 227.843 227.721 229.305 230.423 229.111 229.022 228.116 229.274 230.166 230.169 230.751 228.93 229.637 230.13 230.368 229.982 229.765 
224.176 225.901 229.506 230.918 230.343 222.479 223.861 226.081 230.215 230.713 222.442 224.404 225.011 228.224 228.669 222.851 222.935 225.389 224.741 226.747 223.648 223.359 225.133 224.518 224.782 
222.47 224.041 227.663 229.403 229.51 220.644 221.297 223.444 228.135 230.171 220.801 222.628 222.921 226.009 228 220.946 220.49 223.117 222.087 224.987 221.944 221.343 223.067 222.122 222.484 
217.654 220.475 223.19 224.564 224.098 216.221 217.386 219.116 222.737 223.62 216.164 218.658 218.515 220.861 221.711 218.029 218.285 220.009 217.171 220.312 219.396 219.154 220.821 218.191 218.072 
213.219 215.885 215.471 215.327 215.209 211.359 212.489 213.833 213.909 213.961 213.39 213.481 213.648 213.316 212.822 215.073 214.95 213.661 211.816 211.806 215.63 215.782 214.695 212.09 210.325 
200.711 201.711 200.874 200.623 200.095 199.032 199.271 200.086 199.8 199.172 199.756 199.709 199.708 198.836 198.194 200.692 200.395 199.188 197.065 197.327 200.749 200.51 199.786 197.457 196.147 
175.11 173.596 172.865 173.842 173.678 174.786 174.225 173.828 173.759 173.277 174.945 175.253 174.44 173.159 172.249 174.794 173.976 172.945 171.744 171.793 174.016 172.478 172.796 172.033 171.647 
166.88 166.458 165.608 164.803 164.401 166.886 166.287 165.236 164.447 164.152 166.703 166.902 165.973 164.704 164.49 167.515 167.228 166.296 165.147 165.244 167.019 166.728 166.008 165.119 164.684 
158.83 159.506 158.692 158.791 157.308 159.42 159.844 158.686 156.66 155.382 161.708 161.483 158.334 156.432 156.354 159.676 159.147 157.63 157.323 156.446 160.598 158.941 157.761 157.814 155.937 
153.306 153.31 152.232 151.138 150.735 154.168 153.224 151.698 150.964 150.716 154.147 154.106 152.979 152.052 152.152 156.067 155.239 154.272 153.345 153.353 156.263 156.059 155.072 153.586 152.751 
142.274 141.807 141.473 140.608 140.374 142.881 142.843 141.887 140.942 140.897 144.799 144.449 143.477 141.769 141.984 145.808 145.726 145.032 144.649 144.11 146.31 146.179 145.513 145.272 144.595 
135.668 134.778 135.998 134.826 136.157 136.991 136.996 136.137 135.266 135.35 139.062 139.495 136.477 135.918 135.845 140.319 140.131 137.517 137.411 137.741 140.143 139.366 138.064 138.458 137.851 
132.571 132.363 132.5 131.741 131.523 133.175 133.568 132.777 131.804 131.801 134.836 134.618 134.068 132.024 132.109 135.402 135.481 134.918 134.344 133.801 135.963 135.512 134.684 134.548 134.141 
128.917 128.505 128.081 127.543 127.104 129.081 128.57 127.955 127.3 126.762 129.363 128.748 128.016 127.348 127.076 129.3 128.87 128.221 127.69 127.417 129.458 128.974 128.171 127.667 127.557 
125.469 125.723 125.307 124.953 125.054 125.834 125.875 125.357 125.145 124.987 126.563 126.293 126.085 125.49 125.797 127.031 126.339 126.646 126.553 126.202 126.985 126.768 126.422 126.567 126.146 
123.734 123.012 123.412 123.584 124.667 123.571 122.871 123.808 124.697 125.872 124.113 123.45 124.312 125.059 126.462 124.767 124.455 125.025 126.144 126.548 125.099 125.226 125.458 126.413 125.662 
246.39 247.132 247.01 247.568 247.366 245.979 247.16 247.426 247.344 247.063 245.454 246.354 246.969 247.385 246.932 245.052 245.752 246.643 247.063 246.717 245.887 246.396 246.572 246.809 247.271 
237.755 238.005 236.967 237.91 237.732 235.148 236.715 237.732 237.539 237.939 233.266 234.007 235.79 237.216 237.698 232.042 231.599 234.695 236.931 236.501 233.478 233.511 234.246 236.285 237.354 
227.185 228.202 231.274 232.821 232.779 225.328 225.896 228.01 231.84 233.627 224.943 226.629 227.132 229.987 231.64 225.038 224.42 227.131 226.507 229.466 226.025 225.277 227.177 227.195 227.567 
227.482 227.353 225.989 226.053 227.001 226.105 226.209 225.838 225.402 227.933 226.091 225.741 225.688 225.43 227.831 225.359 223.789 224.789 225.515 226.821 226.137 225.301 225.045 226.406 226.92 
217.651 218.627 218.363 217.786 217.875 216.673 216.697 217.483 217.696 217.535 217.309 217.423 217.393 217.12 216.327 218.018 217.498 216.934 215.162 214.811 218.393 217.825 217.494 216.069 213.834 
195.216 193.528 193.763 194.812 195.554 195.679 195.242 194.986 195.567 195.965 195.106 196.009 195.232 193.729 192.975 194.104 193.405 192.839 190.947 190.089 192.709 190.417 190.519 190.138 188.454 
169.379 169.168 167.963 169.61 169.248 170.136 170.901 170.672 170.601 169.268 170.329 170.86 172.352 169.659 168.58 170.237 168.946 168.784 166.647 165.943 168.598 162.158 166.419 166.601 166.953 
159.885 159.932 160.795 161.954 160.245 161.095 162.977 162.542 160.95 159.314 163.172 164.44 161.776 160.464 159.998 161.146 161.019 160.466 160.554 159.366 161.092 160.575 160.327 160.753 158.939 
155.332 156.359 157.417 158.152 156.631 157.449 159.455 158.677 156.483 154.959 159.533 160.769 158.009 156.267 156.031 157.804 158.241 157.664 157.375 156.002 158.392 158.834 157.731 157.973 156.095 
151.139 151.644 152.773 153.834 152.63 153.196 154.821 154.208 152.444 151.027 155.868 157.067 154.189 152.601 152.255 153.628 154.315 154.066 154.13 152.952 154.8 155.628 154.457 154.626 153.034 
144.758 144.194 144.114 143.651 143.963 145.603 144.95 144.322 144.158 144.365 146.504 146.131 145.368 145.561 145.767 146.997 147.224 146.721 146.929 146.729 147.532 147.915 147.663 147.831 147.113 
139.706 138.953 139.192 139.446 139.833 140.418 139.991 139.128 139.213 139.363 141.482 141.355 140.596 140.011 139.684 141.525 141.958 142.044 142.081 141.092 142.014 142.029 142.15 142.244 141.952 
137.399 136.755 136.537 136.442 136.391 136.436 136.526 136.736 137.206 137.439 135.177 135.875 137.017 137.395 136.869 136.955 138.209 138.487 137.668 136.674 137.8 136.998 137.078 137.011 135.432 
132.762 132.981 132.068 131.414 130.733 131.966 132.896 132.3 131.423 130.725 132.63 131.831 131.802 131.833 130.939 133.304 132.787 132.111 131.836 130.974 133.315 132.911 132.26 131.675 131.121 
128.656 128.941 128.131 127.31 126.774 128.821 129.211 128.071 127.305 126.876 129.611 129.354 128.846 128.163 128.816 129.981 129.453 129.75 129.36 129.128 130.05 129.805 129.195 129.407 128.999 
125.337 125.773 125.523 125.075 125.563 125.638 126.17 125.919 125.977 126.547 127.145 127.01 127.142 127.007 128.729 128.291 127.495 128.374 128.859 129.086 128.072 128.048 128.02 129.114 128.352 
250.706 250.967 250.844 251.064 251.048 251.198 251.413 251.317 251.141 251.08 250.822 251.271 251.422 251.489 251.174 250.386 251.017 251.413 251.319 251.029 251.043 251.378 251.575 251.478 251.406 
247.562 247.504 247.546 248.256 247.868 247.331 247.796 248.347 248.423 248.051 247.176 247.278 247.912 248.359 247.983 246.861 247.005 247.712 247.879 247.818 247.256 247.469 247.823 248.065 248.224 
238.037 235.649 233.831 233.995 234.969 237.18 235.98 236.154 234.402 236.517 236.662 235.799 235.977 235.213 238.101 235.024 233.386 235.719 236.316 237.216 235.47 234.38 235.177 236.862 237.233 
231.616 230.077 228.409 228.564 228.671 232.715 231.257 231.823 230.1 230.334 234.262 233.746 233.111 232.389 233.354 233.161 232.829 233.61 232.676 232.809 232.737 231.368 232.854 232.808 232.315 
225.598 224.763 226.412 225.88 227.021 228.294 227.458 226.181 226.311 228.54 227.806 227.76 227.332 225.615 225.818 225.273 226.055 226.246 223.668 222.203 224.56 223.54 222.276 224.059 221.717 
192.744 195.89 195.506 196.872 195.782 194.527 197.786 198.112 197.572 195.729 194.665 196.671 199.16 196.188 195.101 193.287 193.83 194.791 192.721 191.185 166.387 161.246 166.44 167.153 167.604 
165.042 165.136 163.516 165.881 164.958 165.929 167.354 167.062 166.863 165.427 165.948 166.554 168.881 166.206 165.268 166.229 164.025 164.188 162.56 161.969 163.884 154.625 160.415 160.988 161.982 
160.871 161.703 160.332 160.778 159.362 161.722 163.524 162.74 161.5 160.647 161.633 161.79 163.558 161.836 161.501 161.824 160.417 160.286 159.06 158.605 160.128 152.945 156.637 157.443 158.911 
153.637 154.533 155.737 156.809 154.794 155.45 158.121 157.555 155.204 153.543 157.847 159.73 156.815 155.375 154.595 154.999 155.883 155.666 155.772 154.518 155.82 156.746 154.859 155.133 153.845 
151.379 151.107 150.589 151.444 151.657 151.942 152.748 152.134 151.29 150.966 153.031 154.909 153.517 152.769 150.971 152.133 153.299 152.938 152.425 152.055 152.728 154.376 152.193 151.091 151.128 
146.567 145.833 145.72 146.556 146.885 147.05 146.898 146.336 146.222 146.098 148.121 149.401 148.336 147.706 146.24 147.497 148.664 148.688 148.528 148.22 148.409 149.57 148.391 147.703 147.943 
140.704 140.111 139.93 140.299 140.574 139.956 140.116 140.275 141.192 141.459 138.854 139.892 141.053 141.77 140.632 140.729 142.496 142.782 142.179 140.632 141.566 141.037 141.285 141.249 139.8 
138.514 137.987 137.621 138.06 138.444 136.964 137.771 138.063 139.113 139.26 135.601 136.789 138.508 139.531 138.073 138.006 139.669 140.219 139.615 137.775 138.904 138.122 138.539 138.217 136.443 
136.854 136.362 135.519 135.574 135.248 134.55 135.74 136.346 136.792 136.537 133.082 133.912 136.035 137.09 135.532 135.806 137.316 137.343 136.608 134.997 136.689 135.909 135.862 135.302 133.415 
131.625 132.209 130.868 130.344 129.49 130.314 132.438 132.045 131.149 130.13 131.654 131.283 131.995 132.529 131.04 133.246 133.071 132.581 132.473 131.302 133.111 133.055 132.638 132.056 131.261 
128.11 127.122 126.155 126.273 127.075 127.064 127.214 127.761 128.135 127.701 128.934 129.752 131.111 131.034 130.647 129.793 131.111 132.21 132.446 131.841 129.425 131.554 131.932 131.672 131.107 
