7761600
144.041 143.744 143.529 143.561 142.612 144.072 143.529 143.021 142.41 143.232 143.617 143.333 142.331 141.699 141.83 143.293 142.664 141.717 141.292 141.142 143.001 141.888 141.052 140.442 140.241 
138.136 137.328 137.882 136.965 138.024 138.731 138.762 138.033 137.148 136.871 139.533 139.633 137.114 137.366 136.696 140.21 139.61 136.989 137.066 137.226 139.785 138.724 137.406 137.3 137.026 
135.437 134.637 135.337 134.256 135.332 136.157 136.123 135.451 134.539 133.974 137.344 137.261 134.636 134.934 134.068 138.154 137.501 134.755 134.625 134.998 137.438 136.678 135.518 135.294 134.831 
133.388 132.753 133.128 132.057 132.772 133.732 133.653 133.028 132.291 131.703 134.704 134.559 132.384 132.52 131.777 135.443 134.793 132.464 132.114 132.252 135.018 134.164 132.944 132.562 132.057 
129.003 128.56 127.967 127.269 126.525 128.879 128.537 127.893 126.849 126.131 129.152 128.482 127.654 126.727 126.297 128.83 128.254 127.647 126.919 126.216 128.858 128.394 127.775 126.921 126.153 
124.769 124.579 123.728 122.893 121.661 125.055 124.436 123.542 122.677 121.318 125.267 124.76 123.622 122.17 121.244 125.353 124.644 123.568 122.519 121.454 124.798 124.003 123.195 122.372 121.152 
120.603 119.564 119.382 118.138 117.403 121.034 119.693 119.407 118.38 117.149 121.188 120.212 119.268 118.302 117.311 121.262 120.527 119.256 118.155 117.637 120.148 119.723 118.861 117.578 116.898 
116.703 115.974 116.22 115.125 114.801 117.294 116.134 116.36 115.708 114.735 117.456 116.816 116.42 115.781 115.021 117.704 117.161 116.33 115.583 115.4 116.574 116.562 116.105 115.022 114.801 
112.117 111.067 111.62 110.491 110.853 112.509 111.323 111.747 111.037 110.805 112.6 111.695 111.513 111.44 110.954 112.576 111.971 111.524 111.14 111.097 111.874 112.108 111.504 110.875 111.009 
103.188 102.94 102.72 103.163 103.369 103.598 103.322 102.9 103.099 102.984 104.108 104.22 103.751 103.012 102.628 104.6 104.41 104.546 103.392 102.435 104.573 104.821 104.692 104.836 102.378 
101.354 101.033 100.639 101.005 101.147 101.67 101.27 100.943 100.867 100.615 102.156 102.174 101.753 100.731 100.151 102.699 102.384 102.561 101.291 99.9513 102.897 103.025 102.795 102.878 100.065 
147.013 146.804 146.569 146.482 145.969 146.881 146.682 146.199 145.801 146.341 146.602 146.449 145.745 145.42 145.545 146.373 146.047 145.387 145.057 145.123 146.211 145.504 144.955 144.6 144.661 
143.941 143.759 143.716 143.342 143.02 144.232 144.037 143.712 143.094 143.283 144.401 144.111 143.441 143.029 143.036 144.122 143.795 143.255 143.125 143.187 144.284 143.832 143.325 142.856 142.707 
137.305 136.541 137.14 136.913 138.21 137.994 137.719 137.281 137.26 137.222 138.621 138.965 137.288 137.958 137.515 139.301 139.259 137.702 138.029 138.286 139.31 138.986 138.243 138.461 138.173 
134.489 134.142 134.105 134.213 134.415 133.208 133.771 134.338 135.016 135.303 132.439 133.14 134.377 135.274 135.219 133.86 134.756 135.339 135.223 134.916 134.202 133.904 134.399 134.527 133.54 
128.445 128.377 128.347 128.318 128.093 128.106 128.24 128.367 128.433 128.133 128.25 128.213 128.36 128.376 128.503 128.325 128.168 128.302 128.422 128.394 128.513 128.342 128.341 128.481 128.366 
124.676 124.338 124.24 124.227 123.682 124.632 124.538 124.728 124.454 124.008 124.851 124.784 124.691 124.486 124.412 124.587 124.746 124.694 124.679 124.463 124.537 124.619 124.752 124.986 124.383 
119.45 119.435 118.952 119.049 118.526 120.012 119.482 119.286 119.313 118.742 120.291 120.073 119.741 119.326 119.096 120.72 120.624 120.222 119.771 119.443 120.089 120.023 120.111 119.972 119.449 
113.214 112.962 113.397 113.058 113.641 113.731 113.394 113.638 113.585 113.863 113.776 113.797 114.006 114.266 114.476 114.018 114.513 114.667 114.535 114.623 113.945 114.776 114.76 114.379 114.795 
107.696 107.415 107.329 107.43 107.77 108.072 107.863 107.672 107.919 108.098 108.219 108.338 108.529 108.642 108.595 108.61 108.78 109.082 108.976 108.991 108.804 109.253 109.375 109.229 109.27 
102.355 102.135 101.837 101.813 102.144 102.797 102.542 102.261 102.175 102.333 103.194 102.97 102.825 102.799 102.612 103.779 103.452 103.38 103.143 102.94 103.853 103.987 103.751 103.66 103.455 
99.7748 99.2089 98.8232 98.8913 99.0407 100.237 99.6426 99.0823 99.0137 98.8486 100.542 100.616 100.274 99.2707 98.8697 101.17 100.892 101.11 99.8877 98.6353 101.439 101.41 101.225 101.007 98.5686 
153.777 154.963 154.851 152.8 152.07 153.265 154.809 154.827 154.034 153.937 152.427 153.279 153.432 153.889 154.172 149.919 151.858 152.555 152.597 152.419 147.381 148.33 149.244 149.647 149.02 
147.615 147.475 147.288 147.146 147.255 147.822 147.632 147.267 147.097 147.103 147.943 147.799 147.463 147.482 147.302 147.869 148.132 147.857 147.985 147.908 148.036 148.2 148.09 148.234 148.297 
142.119 141.116 141.568 141.995 142.629 141.357 140.721 141.783 142.88 143.694 140.279 140.289 142.072 143.449 143.613 141.712 142.007 142.988 143.802 143.502 142.523 141.491 142.227 143.101 142.493 
137.782 137.684 137.671 138.242 138.454 136.045 136.755 137.827 139.278 139.786 134.419 135.866 138.21 139.728 139.908 136.505 137.665 138.955 139.052 138.757 137.519 137.405 137.72 137.99 137.511 
132.092 132.15 132.519 133.138 133.425 130.563 131.555 132.744 133.94 134.378 129.574 130.906 132.894 134.107 134.078 131.082 132.521 133.636 134.047 133.704 131.527 131.346 132.409 133.132 132.178 
122.545 122.949 123.668 124.295 124.348 122.652 122.979 123.985 124.627 124.904 122.643 123.186 124.047 124.667 124.935 122.525 122.989 123.783 124.541 124.667 122.279 122.729 123.646 124.726 124.855 
113.452 115.355 116.411 117.432 118.374 113.906 115.432 116.541 117.876 119.168 114.117 115.748 116.854 117.986 119.034 113.797 115.558 116.837 117.583 118.327 114.064 115.608 116.76 117.801 118.328 
107.682 108.849 109.542 110.179 111.06 108.249 109.229 109.923 110.489 111.44 108.193 109.561 110.278 111.028 111.606 108.289 109.688 110.8 111.388 111.403 108.315 109.877 110.831 111.377 111.967 
99.6236 100.365 100.971 101.459 102.319 100.121 100.876 101.165 101.763 102.646 100.387 101.269 101.914 102.734 103.376 100.998 102.183 102.963 103.437 103.738 101.591 102.706 103.334 103.83 104.381 
94.4218 94.2713 94.1066 94.0267 94.6648 95.0017 95.0879 94.9826 94.8737 95.1929 95.5901 95.9695 95.8828 95.7852 95.9714 96.65 96.9747 96.8739 96.6611 96.7369 96.8769 97.0821 97.2886 97.1865 97.3098 
91.6402 90.3644 89.0256 88.7435 89.2428 92.8678 92.6299 91.0457 89.9764 90.3853 92.5874 93.4241 92.6384 91.45 91.416 93.6422 93.9245 94.299 94.5014 92.5547 94.2353 93.8936 94.2404 95.5205 95.1808 
158.095 159.409 158.199 155.772 155.114 156.716 157.48 157.267 156.428 156.477 155.977 156.19 156.061 156.477 156.798 153.297 154.766 154.88 154.92 155.014 150.756 150.466 151.442 151.948 151.31 
155.719 156.424 156.406 154.713 154.24 154.89 155.841 156.492 155.984 156.239 153.868 154.322 155.082 156.136 156.919 151.474 152.805 154.309 155.081 155.155 149.054 149.571 151.14 152.416 152.111 
147.766 147.259 147.965 148.556 148.953 147.249 146.578 147.829 148.972 149.872 146.716 146.508 148.391 149.996 151.297 147.345 146.428 148.039 149.497 150.413 148.02 147.988 148.356 149.031 150.793 
141.559 140.801 141.673 142.675 143.407 139.544 139.554 141.857 143.969 145.433 137.942 138.753 142.243 144.551 145.738 140.172 140.278 142.525 143.647 144.102 141.155 140.033 141.144 142.21 142.626 
131.992 132.911 134.093 135.54 135.841 130.815 131.95 133.941 135.435 136.619 130.581 131.846 134.339 136.058 138.449 131.494 130.925 133.058 134.441 136.246 132.3 132.881 133.042 133.888 136.644 
117.48 119.106 120.455 121.571 122.454 117.325 118.861 120.327 121.747 122.893 117.618 119.178 120.706 121.679 122.684 117.007 118.31 119.808 120.928 122.038 117.235 118.24 119.512 120.94 121.632 
109.624 111.114 112.317 113.108 114.166 109.346 110.659 111.773 113.003 114.124 109.187 110.644 111.538 112.531 113.407 108.495 109.607 110.699 111.424 112.318 108.28 109.28 109.992 111.097 111.747 
100.537 102.518 103.725 104.799 105.947 100.164 102.046 102.946 103.998 105.739 100.085 102.166 102.744 103.596 105.351 99.5659 101.506 102.681 102.953 104.133 99.495 101.261 101.492 102.878 103.826 
94.9422 94.951 95.3022 95.81 96.3929 94.1466 94.6342 95.1664 95.7246 96.3662 93.8815 94.613 95.2497 96.0635 96.5027 93.8579 94.4582 95.1745 95.5483 96.0989 93.9646 94.3412 94.6791 95.12 95.6454 
88.7607 87.9637 87.2862 87.3311 88.0217 89.7232 90.2446 89.1307 88.4139 89.1259 89.3027 90.6443 90.2981 89.6593 90.0475 90.1715 90.9639 91.8413 92.5556 91.1225 90.6242 90.6241 91.6453 93.4761 93.6824 
87.2838 86.3034 85.2784 85.0835 85.6761 88.5759 88.7688 87.3479 86.3287 86.9076 88.4515 89.5845 88.8232 87.7661 87.8928 89.4188 90.042 90.5617 91.0327 89.2799 89.9518 89.8804 90.5622 92.0923 92.0453 
161.588 162.769 161.3 159.052 158.3 159.908 160.522 160.426 159.664 159.697 159.08 159.384 159.338 159.868 160.12 156.361 157.704 158.166 158.045 158.009 153.923 153.365 154.482 155.183 154.32 
164.444 164.468 162.676 161.938 161.935 162.532 161.37 161.188 161.1 161.476 162.719 162.172 161.532 161.943 161.957 162.402 161.527 160.652 160.989 161.924 162.813 160.545 160.392 160.813 161.09 
159.784 159.217 159.462 159.945 160.176 158.419 157.986 159.516 160.342 161.316 157.74 158.123 159.325 161.222 162.148 157.391 156.9 158.868 160.472 161.542 157.61 157.102 158.155 160.323 161.199 
156.399 157.346 159.114 160.596 161.417 157.097 157.746 159.925 160.96 161.665 158.922 158.412 160.259 161.197 161.35 158.168 157.715 159.196 159.401 159.245 158.824 156.193 157.97 158.232 159.313 
143.277 144.645 146.849 148.655 148.132 145.796 148.382 149.204 148.227 147.318 148.658 149.965 148.556 147.918 148.491 146.188 146.988 147.696 148.922 148.299 147.025 147.429 147.925 149.381 148.679 
119.803 120.214 120.49 120.613 121.244 120.295 120.961 120.932 121.062 121.412 121.249 121.787 121.692 121.444 122.608 121.428 121.468 122.116 122.438 122.987 121.162 121.425 121.817 122.484 122.822 
105.87 106.662 107.163 107.915 108.517 105.625 106.356 106.726 107.312 108.215 105.912 106.806 106.925 107.045 107.921 105.46 106.243 106.765 106.593 107.15 105.364 106.163 105.929 106.799 107.064 
98.8238 98.9126 99.2348 99.922 100.31 97.8439 98.1825 98.5872 99.1975 99.9457 97.6431 98.2718 98.5194 99.128 99.706 97.2071 97.6411 98.2869 98.287 98.7722 96.9116 97.3154 97.1437 97.8287 97.9485 
94.2944 94.0156 94.1631 94.9672 95.1144 93.3049 93.5358 93.7261 94.321 95.0534 93.1542 93.4439 93.926 94.5694 95.0801 93.0159 93.1627 93.8223 93.9628 94.2841 93.1433 93.0568 93.0168 93.6659 93.7998 
87.0257 86.7016 86.7456 87.0587 87.2748 86.7453 86.7717 86.9573 87.1786 87.6155 86.979 87.1361 87.4739 87.7982 87.8878 87.2828 87.4914 87.854 87.9428 88.1081 87.8294 87.8975 88.0255 88.1777 88.198 
83.294 82.3956 81.4524 81.4326 81.9282 84.6715 85.0012 83.5466 82.7477 83.3583 84.6134 85.7577 85.1615 84.3808 84.63 85.5194 86.1275 87.0488 87.8399 86.177 86.2093 86.2539 87.1585 89.0357 89.0222 
176.299 176.024 174.147 174.27 174.48 174.705 173.365 173.049 173.893 174.405 175.195 174.025 173.685 174.337 174.263 175.115 174.056 173.178 173.162 174.009 175.703 173.266 173.043 173.292 173.601 
178.418 178.728 179.514 180.61 181.538 178.412 177.119 178.939 181.026 182.546 178.448 177.526 178.259 180.602 182.045 178.942 177.73 178.753 178.841 179.077 177.807 176.629 178.213 179.325 178.453 
165.813 166.117 167.914 168.826 169.773 166.031 166.175 168.117 169.07 169.848 167.452 166.659 167.698 169.219 169.483 166.743 166.287 167.33 168.056 168.065 167.167 165.547 166.786 167.115 167.564 
159.346 160.209 162.301 163.743 164.034 160.516 161.536 163.378 163.489 163.308 163.145 162.849 162.869 163.157 162.883 161.502 161.391 162.03 162.284 161.47 162.107 160.735 161.176 161.371 161.106 
155.48 156.562 158.653 160.011 159.997 157.54 158.666 160.176 159.697 159.367 160.612 160.16 159.717 159.587 159.119 158.706 158.577 159.127 159.006 157.73 159.646 157.774 158.205 158.242 157.671 
137.86 138.453 139.517 140.028 138.115 140.953 142.953 142.094 139.553 137.621 144.015 144.862 141.931 139.442 139.025 142.067 142.49 141.987 141.529 139.528 143.055 143.071 141.98 142.156 140.145 
111.214 110.704 110.173 109.611 109.178 111.559 111.256 110.439 109.634 108.982 111.957 111.886 111.038 109.916 109.656 112.218 111.631 111.426 110.711 110.043 112.099 111.86 111.351 110.882 109.938 
97.2482 97.1844 97.2528 97.6403 97.2851 96.9762 96.9251 96.7302 96.3836 96.7702 97.113 97.2599 96.7808 96.2714 96.5173 96.9453 97.053 97.0336 96.1964 95.9041 96.8289 97.0252 96.072 96.2079 95.7313 
87.555 87.4159 87.0311 87.4516 87.525 86.9887 87.0471 86.8707 87.2612 87.5787 86.5613 86.8946 87.2536 87.7124 87.7971 86.6555 86.682 87.1899 87.3161 87.2813 86.8535 86.7327 86.6621 86.91 86.8566 
79.6095 79.5939 79.5762 79.5873 79.5772 79.6954 79.668 79.6458 79.6885 79.888 79.8297 79.7957 79.844 80.119 80.274 80.0707 80.0383 80.3685 80.5733 80.797 80.5412 80.6896 80.7442 81.0321 81.0485 
75.4038 75.3424 75.2321 75.105 75.2463 76.0398 75.8083 75.716 75.7423 75.9218 76.7124 76.4523 76.6481 76.9501 76.7912 77.2493 77.0624 77.5436 78.0192 78.0168 77.9928 78.3051 78.6514 78.8822 78.6915 
187.75 187.786 188.204 189.687 190.879 187.811 186.503 187.674 189.935 191.728 188.244 187.037 187.356 189.4 190.588 188.691 187.799 188.149 187.787 188.149 187.964 186.896 187.869 188.762 188.385 
189.611 190.301 192.287 193.54 195.006 190.089 189.258 191.122 192.521 193.223 189.605 190.698 191.661 191.992 191.794 188.699 189.79 191.424 190.121 189.783 187.839 187.868 189.949 190.042 189.007 
181.217 181.525 182.625 183.402 184.441 181.42 180.059 182.073 183.921 185.485 181.717 180.487 181.052 182.87 184.889 182.052 180.419 181.416 181.63 182.191 180.964 179.611 181.091 182.31 181.51 
166.727 166.875 167.762 168.159 168.919 167.289 166.868 167.824 167.875 167.973 168.898 167.855 167.749 168.632 168.537 168.457 167.392 167.562 168.289 168.322 168.829 167.755 168.327 168.531 168.144 
158.61 158.79 158.965 159.549 157.766 160.99 162.457 161.679 159.488 157.216 163.346 164.112 161.487 159.073 157.956 161.733 161.766 160.864 160.126 158.246 162.296 162.116 161.262 160.831 158.567 
133.919 133.236 131.841 130.352 129.011 137.513 137.508 135.805 133.828 132.338 139.523 139.178 137.356 134.644 133.303 140.207 139.994 138.525 136.738 134.936 140.37 139.789 138.406 137.039 135.285 
104.084 103.261 102.448 101.508 100.094 105.792 105.22 104.229 102.775 101.551 106.424 105.791 104.798 103.019 101.746 107.064 106.445 105.292 103.88 102.377 107.459 106.853 105.37 103.811 102.405 
87.0961 87.1036 86.2007 85.7391 85.4988 87.1943 87.3873 86.3793 86.1701 85.767 86.6952 87.2323 86.8301 86.4509 86.0527 87.2491 87.25 86.9118 86.3844 85.5395 87.273 87.2416 86.642 85.9045 85.4016 
77.6953 77.5625 77.1149 76.9124 76.8851 77.6574 77.498 76.7484 76.8916 77.0907 76.7887 77.1819 77.1305 77.7008 77.649 77.2645 77.4128 77.8419 77.9311 77.4214 77.6907 77.963 77.7 77.7572 77.47 
75.2254 75.4604 75.0564 74.9975 75.2567 75.2917 75.4173 75.1282 75.3566 75.5827 74.8772 75.231 75.3845 75.831 75.8608 75.1873 75.2681 75.6552 75.9 75.8387 75.5196 75.6748 75.6989 75.855 75.736 
62.5757 62.6469 63.2808 63.6449 64.3158 63.2529 63.3473 63.2379 64.2148 65.353 63.618 63.2229 63.6105 64.6655 65.7608 64.015 63.0892 63.6263 64.4189 65.533 63.9954 63.9328 64.3264 65.1674 65.5985 
200.427 201.701 202.882 203.6 204.697 200.103 200.487 201.511 201.684 201.633 200.357 202.08 202.415 201.456 200.184 199.723 201.827 202.019 199.906 199.558 199.529 200.207 201.044 199.813 198.95 
196.358 197.955 199.716 200.385 201.851 197.041 196.623 198.02 198.219 198.986 195.916 197.745 198.507 197.556 197.138 195.18 197.298 198.47 195.563 195.03 194.639 195.096 196.612 195.945 195.152 
189.803 190.588 191.959 191.959 193.033 190.146 189.78 190.345 189.692 189.401 189.511 191.191 191.301 190.071 189.305 188.752 190.139 191.11 189.96 189.745 188.252 189.373 190.722 190.69 189.404 
175.005 174.566 173.035 171.81 171.236 174.76 173.966 172.61 171.159 169.566 174.887 174.641 173.224 172.469 172.083 175.848 174.459 173.015 173.637 174.138 175.845 176.521 176.033 176.177 174.191 
168.489 167.938 165.986 164.194 163.279 168.993 167.872 165.776 163.532 161.858 168.975 168.506 166.319 165.406 164.613 169.528 168.398 166.468 166.838 166.754 169.177 170.033 169.396 169.223 166.695 
143.147 142.495 140.834 138.674 136.957 144.261 143.614 141.972 139.672 138.156 145.079 144.221 142.469 139.835 138.246 145.291 145.035 143.276 141.671 139.99 145.067 144.462 143.161 142.034 140.056 
100.291 99.7108 98.7394 97.5102 97.1023 99.8783 99.371 98.1752 97.1296 96.4621 99.5267 98.8902 97.7163 96.5498 95.8836 99.4617 98.6761 97.3666 96.1256 95.5788 98.7752 97.8548 96.802 95.9827 95.2965 
79.1315 78.6213 78.2752 77.6875 77.4234 79.052 78.4391 77.7298 77.582 77.4898 78.4727 78.3989 78.0751 78.1878 77.8842 78.9636 78.8965 78.8994 78.4284 77.7423 79.3569 79.3827 78.8669 78.453 77.9299 
72.7172 72.5304 72.0477 71.6101 71.8192 72.6151 72.4071 71.724 71.7619 71.9807 71.9991 72.2601 72.1422 72.4933 72.5509 72.45 72.5614 72.8374 72.7034 72.3555 72.7402 72.9605 72.7339 72.7456 72.6001 
62.7583 62.7238 63.1983 63.3988 64.0339 63.2532 63.2131 62.9404 63.8141 64.8537 63.4595 63.009 63.296 64.1847 65.0867 63.8024 62.8804 63.2147 63.8334 64.5873 63.6949 63.5602 63.5859 64.2456 64.5127 
60.1267 60.1487 60.8221 61.2426 61.9963 60.6816 60.7753 60.696 61.715 62.839 61.1063 60.6657 61.0597 62.0217 63.1182 61.4487 60.4858 60.8349 61.5657 62.6592 61.2967 61.1346 61.4269 62.1622 62.6406 
217.4 219.129 218.492 218.734 218.694 215.815 217.495 217.794 216.888 216.587 215.708 216.935 217.109 216.874 216.574 216.884 217.935 217.548 216.239 216.696 218.62 218.938 218.289 216.633 216.869 
212.011 214.543 218.321 219.535 219.951 211.417 212.126 214.081 217.408 218.333 211.263 214.128 214.133 215.392 215.882 211.227 212.477 214.444 211.621 213.777 211.634 211.902 213.885 212.098 211.284 
207.461 209.713 208.074 207.545 206.977 207.714 209.537 207.894 205.786 205.17 205.821 207.65 207.171 205.717 206.615 208.109 209.3 210.329 208.342 209.152 210.806 211.459 210.754 210.566 212.255 
189.039 187.651 187.763 185.139 184.922 190.109 189.109 188.48 186.861 184.937 189.814 189.89 188.578 189.219 188.845 191.004 189.454 189.212 190.887 191.485 191.361 192.24 192.363 193.404 191.835 
180.12 179.979 178.456 177.239 174.876 180.058 179.792 178.655 176.96 174.71 179.657 179.514 178.785 177.213 175.071 179.605 179.311 178.512 177.898 175.937 179.519 179.02 178.202 177.845 175.49 
138.269 138.179 137.336 136.456 135.744 137.196 137.147 136.178 134.689 134.304 135.433 135.11 134.208 133 132.509 133.963 133.409 132.585 131.468 131.33 132.541 131.511 130.806 130.362 129.93 
94.8669 94.8923 94.362 93.9531 94.282 93.3141 93.2378 92.5615 92.063 91.9904 91.0052 90.6651 90.2709 89.8628 89.8999 89.6503 88.9866 88.4136 87.7732 88.1491 88.2965 87.2639 86.5598 86.354 86.334 
74.5572 74.9925 74.6582 74.0752 74.0672 73.883 74.419 74.0208 73.5139 73.5104 73.2652 73.682 73.3883 72.9779 72.9549 72.7608 73.1429 72.8725 72.4463 72.4342 72.2502 72.5866 72.2491 72.0419 71.9825 
65.6058 65.5169 64.9675 64.486 64.6853 65.3743 65.4001 64.587 64.524 64.7053 64.6493 65.1116 64.9181 65.088 65.119 64.9327 65.3696 65.5289 65.355 64.9448 65.2593 65.7533 65.367 65.2774 65.1059 
46.0607 45.6954 45.7279 45.5505 45.87 46.6282 45.9397 45.7218 45.6278 45.1443 46.029 45.6622 45.1842 45.2328 45.3386 44.8583 44.9038 45.006 45.1015 44.8634 45.4005 45.1147 45.2605 45.2777 44.7393 
54.8939 54.8389 55.3311 55.6517 56.2457 55.4046 55.4423 55.2096 56.0973 57.0314 55.7454 55.2796 55.5888 56.355 57.2751 56.0615 55.1362 55.3071 55.8916 56.7909 55.9082 55.6878 55.8379 56.3507 56.7533 
231.763 233.063 235.571 236.36 236.393 231.201 231.763 232.788 235.45 236.12 231.209 232.599 232.435 234.339 234.954 231.095 231.497 232.579 231.64 233.48 232.342 232.052 233.036 232.005 231.525 
223.27 225.263 228.138 229.167 229.099 222.48 223.904 225.165 227.862 229.092 221.847 224.425 224.372 226.04 227.664 222.311 223.033 224.956 223.383 225.707 223.855 223.595 224.89 223.989 224.11 
218.039 218.614 222.001 221.903 222.072 218.41 218.467 219.551 223.138 224.016 218.508 219.964 219.426 222.103 222.703 219.131 218.487 220.386 219.275 221.247 219.496 218.877 220.855 220.01 219.921 
206.679 205.56 206.995 204.825 203.564 207.695 207.383 208.426 208.115 205.763 207.445 208.185 208.523 209.27 207.247 207.939 207.505 208.723 209.14 207.637 208.736 208.125 208.665 208.62 207.734 
196.588 194.58 196.384 193.751 192.393 197.465 197.293 198.427 197.326 194.882 196.762 197.906 198.029 198.155 195.982 196.808 196.36 197.701 197.688 196.149 197.375 196.515 197.009 196.716 195.793 
145.344 145.683 144.732 144.879 143.3 145.485 145.811 145.347 144.441 143.1 143.386 143.537 143.545 143.266 141.245 141.362 141.482 141.139 141.098 139.63 140.213 139.92 139.384 139.384 137.978 
85.5192 85.1781 84.3413 83.882 83.2461 85.5484 84.9903 84.7942 84.0851 83.1054 85.3349 84.7991 84.4739 82.6449 81.0531 84.2337 83.3002 82.1244 79.5162 79.2898 84.6014 83.4957 81.3727 79.8851 79.8364 
69.9409 70.2594 70.0981 69.8626 69.6889 69.1069 69.5241 69.134 68.8343 68.8795 68.1009 68.586 68.2168 67.7716 67.8978 67.0932 67.5556 67.1919 66.9606 66.9491 66.4101 66.6972 66.2844 66.0759 66.0844 
45.1754 44.9752 45.0812 45.0702 45.3069 45.569 45.058 44.9373 44.8636 44.4513 44.6946 44.6248 44.1898 44.2144 44.412 43.2743 43.6436 43.9357 44.1095 43.9037 43.7477 43.7926 44.0339 44.1764 43.6371 
36.6273 36.2487 36.3126 36.3332 36.4445 37.121 36.436 36.1983 36.2203 35.7047 36.3237 36.0478 35.623 35.6158 35.6365 35.0809 35.2493 35.3526 35.4321 35.036 35.5819 35.4121 35.5503 35.4577 34.8239 
21.6941 21.1848 21.2709 21.3413 21.456 22.1964 21.4339 21.2755 21.3501 20.9861 21.7156 21.3066 20.9091 20.9923 21.1327 20.724 20.6447 20.7889 20.9454 20.7917 21.2424 20.8894 21.1013 21.1841 20.7346 
243.623 244.051 243.983 244.317 244.215 243.646 244.499 244.634 244.365 244.322 243.517 244.048 244.449 244.667 244.533 243.045 243.499 243.899 244.443 244.397 243.759 243.934 244.131 244.588 244.543 
234.545 235.609 237.587 238.362 238.366 234.512 234.966 235.337 237.741 238.805 234.774 236.071 235.506 236.963 237.63 234.787 234.741 235.683 234.658 236.282 235.05 234.719 236.012 235.473 235.256 
223.248 223.695 223.522 223.074 222.697 223.942 224.232 223.877 223.495 223.364 225.123 225.332 224.551 224.161 223.675 224.918 224.83 224.441 224.274 223.85 224.373 224.339 224.696 224.987 224.771 
210.99 209.15 210.971 208.773 208.561 212.327 211.747 212.388 212.076 210.83 212.423 212.846 212.313 213.084 211.634 212.256 211.548 212.376 212.169 211.955 212.294 211.55 212.201 212.061 212.859 
193.6 193.531 192.725 192.861 190.775 194.261 193.813 193.4 193.406 191.422 194.152 193.906 193.521 193.3 191.679 193.09 192.785 192.662 192.762 191.649 193.106 192.395 192.005 192.082 191.163 
109.556 109.204 108.336 107.851 107.07 110.232 109.586 109.243 108.72 107.654 110.294 109.529 109.073 107.418 106.044 109.137 108.212 107.048 104.565 104.483 109.766 108.652 106.585 105.102 105.186 
86.1906 85.8918 85.1268 84.6313 83.9795 86.4926 85.9515 85.7057 85.0759 84.0539 86.4196 85.8941 85.5171 83.7556 82.1412 85.4294 84.5449 83.3594 80.6975 80.3544 85.9884 84.9011 82.7976 81.2534 81.1474 
78.5469 78.188 77.2833 76.8449 76.2007 78.8616 78.2548 78.0687 77.4163 76.479 79.0691 78.491 78.1806 76.4385 74.8202 78.3926 77.5379 76.384 73.7948 73.4072 79.2068 78.1696 76.1237 74.5914 74.3644 
47.0457 47.3154 46.8212 46.5917 46.4203 46.6469 47.0243 46.4199 46.1165 46.1379 46.3634 46.5922 46.1894 45.5793 45.6494 45.9753 46.3123 45.8377 45.4187 45.1864 45.8825 46.1549 45.653 45.2402 45.0501 
18.8933 18.3885 18.5176 18.5445 18.6743 19.4076 18.5686 18.4911 18.5179 18.0865 18.8295 18.4135 17.9662 18.0205 18.174 17.6592 17.6258 17.8148 17.9296 17.7502 18.218 17.8629 18.093 18.17 17.6492 
4.37545 4.26274 4.1896 4.13579 4.05739 4.33512 4.30855 4.19572 4.12677 4.12161 4.36733 4.40197 4.27513 4.15208 4.14766 4.3655 4.357 4.24819 4.18761 4.19315 4.49608 4.39207 4.36292 4.34205 4.33543 
