6811200
253.16 252.82 252.543 252.796 252.991 253.886 253.242 252.956 252.97 253.035 253.514 253.131 253.214 253.293 253.078 253.237 253.17 253.262 252.995 252.968 253.608 253.404 253.604 253.342 253.202 
249.76 250.748 250.934 250.971 250.975 250.075 251.129 251.333 251.109 250.973 249.712 250.649 250.722 250.926 250.753 249.214 250.147 250.471 250.336 250.262 249.702 250.421 250.385 250.492 250.356 
238.361 239.866 239.401 242.053 240.454 236.593 239.284 240.631 241.83 240.218 235.307 236.408 238.116 240.217 239.465 235.03 235.132 237.037 238.576 238.416 236.146 236.124 237.126 238.389 239.276 
235.301 235.202 233.945 233.99 234.723 233.525 234.557 234.894 232.413 234.883 232.131 232.348 232.106 230.636 234.289 230.285 228.603 230.623 231.565 233.037 231.592 230.898 230.476 233.286 234.311 
230.528 230.845 230.613 230.282 229.967 231.012 231.74 231.906 228.864 228.149 232.416 231.425 228.913 227.059 227.961 232.412 229.907 228.29 228.109 228.129 232.079 229.867 229.139 229.317 228.817 
227.927 226.632 225.758 224.06 220.377 228.658 227.724 225.012 222.058 218.646 229.259 225.623 220.947 220.75 218.1 229.063 225.987 223.518 222.789 218.576 228.952 226.418 225.676 223.513 219.407 
215.82 211.979 208.11 205.075 197.096 215.276 211.859 208.288 203.733 195.212 216.029 212.154 206.014 202.419 194.015 215.975 212.144 206.045 201.772 193.024 214.147 210.555 207.151 202.485 194.441 
180.252 178.456 175.415 171.704 164.213 179.977 178.62 175.499 170.856 162.7 180.019 178.355 175.167 170.495 162.951 179.334 177.461 174.362 169.939 162.787 179.13 177.335 174.009 170.26 163.055 
167.85 167.58 162.92 160.067 158.22 165.438 163.008 160.765 158.491 156.598 166.186 164.087 161.314 158.677 156.586 165.415 163.2 159.436 156.985 155.996 165.706 161.103 158.866 156.625 154.76 
164.274 163.767 159.156 157.676 156.435 162.013 159.688 158.029 156.063 154.811 162.775 160.975 158.46 156.446 154.574 161.507 159.71 156.578 154.695 153.951 161.875 158.059 155.797 153.943 152.491 
160.549 160.357 156.318 155.415 154.866 158.317 156.153 154.774 153.698 153.298 159.499 158.395 156.2 154.735 153.267 158.162 156.698 154.209 153.26 153.729 158.882 155.426 153.226 151.906 151.518 
155.567 154.193 151.214 150.236 148.891 155.545 155.505 153.558 150.613 148.047 155.874 155.59 153.149 151.262 148.257 155.166 154.322 152.526 150.114 147.653 154.411 154.879 151.768 148.772 147.105 
155.229 152.565 148.747 144.563 140.454 154.948 152.424 148.247 143.911 139.794 154.625 152.442 148.081 144.054 139.544 154.276 151.558 147.146 143.357 139.748 153.648 150.806 146.673 142.805 139.373 
150.816 147.406 143.242 138.398 133.813 150.626 147.507 142.824 137.411 132.931 150.072 147.481 142.401 137.624 132.716 149.595 146.661 141.545 137.337 133.177 148.688 145.531 141.375 136.935 132.742 
141.285 138.651 134.315 132.364 129.997 141.577 139.901 137.573 132.974 129.443 139.943 138.377 135.894 131.605 129.227 139.907 138.138 136.428 131.919 129.824 140.849 138.842 136.728 133.994 130.391 
136.916 135.126 131.758 129.496 128.522 137.403 135.569 132.065 129.543 128.218 136.92 135.347 132.729 129.902 128.263 137.337 135.107 133.798 130.08 129.066 137.847 135.761 134.289 132.851 130.653 
112.914 111.416 109.979 108.414 107.633 142.664 142.292 141.006 138.897 137.528 142.704 142.771 141.463 138.642 138.295 144.29 143.794 143.162 139.64 139.751 144.525 144.151 143.371 142.252 140.443 
25.2807 25.5081 24.8533 24.4104 24.6975 192.926 194.811 196 195.508 191.62 192.085 194.626 195.405 197.617 194.585 195.32 197.077 198.428 198.372 197.881 195.079 197.643 198.143 199.01 196.815 
250.801 250.206 250.262 250.136 250.256 250.827 250.421 250.634 250.232 250.508 250.942 251.007 251.388 251.345 250.997 250.917 251.25 251.487 251.523 251.056 251.356 251.469 251.299 251.461 251.4 
241.144 240.532 239.835 241.835 241.186 239.629 240.297 241.477 242.465 241.537 239.146 239.09 240.958 242.971 242.097 239.322 239.122 240.986 242.197 241.462 240.033 239.776 240.758 241.217 241.879 
237.353 237.402 236.347 237.582 237.713 233.62 235.903 237.178 237.326 238.624 231.26 232.576 234.855 236.942 238.334 230.103 229.908 233.568 236.079 236.164 231.544 232.206 232.356 235.482 237.074 
227.227 228.163 231.114 233.055 233.192 225.042 225.728 227.486 231.648 233.984 223.755 225.43 225.871 229.002 231.589 223.27 222.357 225.84 224.942 228.295 224.514 223.521 225.389 225.829 226.805 
229.028 228.159 226.972 225.591 227.086 228.072 227.885 226.605 224.821 227.514 226.412 225.924 225.061 224.123 226.295 224.813 222.929 224.217 224.352 225.139 225.6 224.378 223.359 225.748 226.028 
221.515 221.512 220.255 218.606 218.267 221.687 220.837 218.894 217.044 217.105 221.104 220.112 217.102 216.053 216.023 219.712 218.454 216.868 215.619 215.711 218.94 217.492 216.788 216.161 215.708 
200.645 199.853 198.132 195.753 191.883 200.289 199.516 197.65 194.672 190.695 200.382 198.987 196.171 193.647 190.038 199.068 198.233 195.791 193.432 190.218 198.379 197.136 195.627 194.291 190.836 
173.337 172.865 171.422 169.476 168.649 172.633 172.573 170.881 168.487 167.801 172.946 172.431 170.454 168.25 167.814 172.288 172.188 170.676 168.497 167.97 171.75 171.865 170.341 168.882 167.808 
164.135 164.098 162.918 161.226 159.916 164.223 163.789 162.453 160.49 159.523 163.371 163.991 162.821 160.955 160.47 165.067 164.342 163.12 161.693 161.163 165.283 165.204 163.571 161.903 160.749 
156.987 157.808 157.367 157.756 155.9 157.819 158.593 157.702 155.371 153.785 160.435 160.636 157.113 155.129 154.609 157.626 157.395 155.955 155.615 154.617 158.865 157.407 155.81 155.931 154.201 
152.619 152.136 151.446 152.171 151.747 153.698 153.454 152.664 151.748 150.895 154.529 155.8 154.129 153.032 151.135 153.271 153.98 153.873 153.104 153.043 153.926 155.198 153.213 151.837 151.93 
150.609 150.111 149.145 148.746 148.238 151.174 150.795 149.501 148.455 147.878 152.076 152.65 150.948 149.69 148.08 151.476 151.535 150.568 149.528 149.559 152.057 152.35 150.353 148.797 148.795 
146.755 145.723 144.088 142.653 141.668 147.475 146.33 144.329 142.569 141.273 147.595 146.585 144.675 143.171 141.671 147.833 146.873 144.87 143.252 142.267 147.422 146.76 145.322 143.423 142.517 
142.857 141.577 139.613 138.431 136.628 143.408 142.4 140.992 138.685 136.165 143.04 142.168 140.398 138.146 136.073 143.111 142.124 140.385 138.289 136.525 143.023 142.103 140.606 138.805 136.871 
137.92 137.106 135.249 134.241 132.921 137.006 137.726 136.796 134.408 133.005 137.15 135.874 135.382 134.592 132.427 137.777 137.288 135.387 134.009 132.56 137.659 137.045 136.057 134.182 132.989 
134.534 132.999 131.29 129.95 129.037 134.119 133.28 132.209 129.951 128.689 133.918 133.328 131.946 128.869 128.382 133.818 133.164 132.108 129.333 129.085 134.048 133.227 131.999 130.301 129.341 
132.699 131.15 129.318 127.806 126.522 132.025 130.999 129.539 126.786 125.625 132.343 131.747 129.728 125.833 125.058 132.472 131.798 130.051 126.739 126.061 132.709 131.574 130.302 128.178 126.341 
115.342 112.572 109.298 105.815 103.382 143.964 142.174 139.396 135.348 132.783 143.569 142.498 139.054 134.694 132.744 144.107 142.423 139.865 135.467 133.902 143.694 141.982 139.762 136.497 133.65 
238.283 234.372 231.995 232.676 233.34 239.447 235.326 236.787 234.366 234.83 241.849 240.171 240.01 238.704 240.083 240.73 240.453 241.863 241.383 240.445 240.895 238.669 241.15 240.07 239.457 
233.975 233.15 232.029 231.246 231.006 233.817 233.917 234.101 232.688 232.091 234.816 235.698 235.576 235.641 234.837 234.847 235.613 236.444 237.131 234.968 235.034 234.95 236.187 235.597 234.683 
224.242 225.411 229.306 231.44 230.535 222.412 223.43 226.395 231.415 231.579 222.595 224.466 225.832 229.653 230.179 223.248 223.461 226.314 225.47 227.647 224.128 223.663 225.957 224.885 225.111 
222.804 224.451 228.134 229.619 229.964 221.117 221.922 224.171 228.727 231.052 221.06 222.918 223.284 226.397 228.506 221.239 220.625 223.365 222.09 225.099 222.189 221.349 222.803 222.301 222.635 
219.124 221.225 225.134 226.388 226.564 217.902 218.531 220.829 225.312 226.61 217.964 220.029 220.064 222.619 223.665 218.983 218.767 220.354 217.806 220.666 219.763 218.79 220.439 218.801 217.928 
217.704 217.11 218.655 217.285 218.176 219.133 218.635 217.644 217.352 219.078 218.415 217.833 217.433 216.356 216.242 216.471 216.388 216.093 214.543 213.364 216.726 215.265 214.165 215.684 214.106 
189.629 189.302 188.646 187.65 186.954 188.89 188.385 187.517 186.278 186.049 188.962 187.933 186.238 185.044 185.262 187.205 186.923 185.754 184.728 184.749 181.819 181.158 180.374 179.917 179.558 
166.607 166.81 165.77 164.486 163.948 166.105 165.683 164.793 163.632 163.566 165.508 165.871 165.405 164.315 164.763 166.494 166.182 165.461 165.02 165.435 165.486 165.563 164.543 164.045 163.715 
158.404 159.175 160.001 159.51 157.239 159.352 161.191 160.516 158.33 157.051 161.042 161.902 159.469 158.669 159.093 159.538 159.648 159.171 159.7 158.986 159.918 160.207 158.93 159.621 158.263 
154.738 155.838 157.34 157.819 155.903 156.91 158.671 158.147 155.763 154.22 158.499 159.922 157.262 155.539 155.72 156.747 157.141 157.006 157.209 156.1 157.963 158.311 157.325 157.838 156.037 
151.27 151.963 153.107 153.913 152.298 153.209 154.843 154.387 152.499 150.945 155.707 156.888 154.108 152.562 151.955 152.976 153.721 153.555 153.55 152.435 154.044 154.655 153.435 153.687 152.344 
147.635 147.414 147.036 146.183 146.072 148.313 147.948 146.972 146.354 146.037 148.599 148.136 147.425 147.023 146.731 148.384 148.17 147.571 146.891 147.122 148.642 148.06 147.69 147.102 147.082 
144.587 143.988 143.115 142.391 142.135 145.028 144.258 143.218 142.517 142.306 145.287 144.543 143.517 142.863 142.592 145.238 144.615 143.512 142.883 142.718 145.622 144.869 143.811 143.199 142.936 
138.756 138.396 137.39 136.825 135.994 138.466 139.021 138.189 137.014 136.071 138.781 137.728 137.277 137.287 135.671 139.439 138.775 137.057 136.633 135.648 139.319 138.739 137.661 136.699 136.126 
136.052 135.881 134.505 133.992 132.815 134.9 136.225 135.915 134.377 133.211 135.056 134.064 134.312 134.354 132.5 135.797 135.515 134.07 133.293 132.067 135.839 135.292 134.438 133.267 132.554 
133.077 132.79 131.675 130.872 129.72 131.974 132.823 132.257 130.882 129.697 132.071 130.946 131.06 130.79 128.939 132.605 132.199 130.726 129.967 128.671 132.778 132.048 131.043 129.699 128.992 
131.437 130.033 128.447 126.34 124.791 130.902 129.627 127.731 125.481 124.021 130.79 129.518 127.434 124.618 123.419 130.547 129.413 127.524 124.97 123.535 130.569 129.265 127.46 125.339 123.621 
132.357 130.429 126.401 123.316 121.373 132.162 129.686 126.63 122.282 119.829 131.098 129.284 125.851 121.661 118.503 130.093 127.573 124.729 120.78 117.855 129.958 127.378 124.71 120.968 117.813 
225.044 223.965 223.121 223.173 222.591 226.732 225.84 224.931 224.054 224.065 228.625 229.309 227.594 227.744 226.906 229.188 229.889 229.668 230.83 228.467 229.461 230.179 230.736 230.465 229.603 
218.958 220.63 218.478 218.262 217.276 219.877 221.73 220.094 216.914 215.834 218.798 221.677 220.792 218.878 218.771 220 222.702 223.735 220.927 220.686 222.178 223.499 223.893 221.687 223.063 
214.235 213.177 217.098 213.598 212.852 213.502 214.11 217.258 216.847 215.013 214.298 216.182 217.188 218.713 217.222 215.027 215.617 218.055 218.067 216.802 216.574 217.067 218.251 216.26 217.161 
216.64 219.242 223.185 224.552 224.045 214.99 215.769 219.007 223.516 224.203 216.231 217.814 218.378 221.318 222.264 217.416 217.203 218.871 217.046 219.874 218.236 217.754 219.262 217.111 216.732 
213.641 215.968 215.942 216.043 215.71 211.485 212.671 214.542 215.096 214.906 213.219 213.33 214.13 214.57 213.83 214.932 214.535 214.065 212.96 212.654 215.563 215.257 214.677 212.866 211.486 
202.947 204.647 206.463 206.972 207.578 202.737 202.728 204.599 204.938 204.271 202.102 204.403 206.039 204.93 202.661 200.922 203.044 204.059 201.887 200.698 199.436 200.063 202.298 200.919 198.998 
199.674 199.046 200.471 201.063 198.924 199.875 198.858 200.574 201.067 200.209 199.062 198.185 200.246 200.438 200.27 196.601 195.658 194.251 196.627 196.488 175.168 174.267 173.877 174.145 174.187 
167.227 165.729 164.512 165.104 164.259 165.911 166.045 165.945 166.126 165.257 165.747 167.031 166.658 166.436 165.766 166.253 164.901 164.644 164.638 165.019 164.142 161.919 162.742 162.436 161.851 
161.148 162.089 160.878 160.892 159.405 161.871 163.158 162.501 161.378 160.813 161.344 161.657 163.795 162.005 162.383 162.288 160.635 160.815 160.183 160.351 161.161 153.656 157.568 158.737 160.274 
154.361 155.538 156.852 156.967 154.65 155.363 158.194 157.715 155.619 154.378 157.527 158.807 156.061 155.476 155.882 155.112 155.523 155.297 156.145 154.95 155.495 155.477 154.503 155.604 154.496 
149.88 149.994 150.245 149.571 149.509 149.89 150.052 149.867 149.511 149.163 149.661 149.841 149.638 149.471 149.362 149.075 148.973 149.29 149.338 149.498 149.245 148.721 149.094 149.23 149.032 
146.499 146.247 146.024 145.145 144.919 146.579 146.409 146.071 145.442 145.211 146.345 146.364 146.277 145.884 145.755 145.82 145.972 145.992 145.748 145.786 146.35 145.94 145.849 145.698 145.484 
142.595 142.101 141.702 141.344 141.396 142.725 142.206 141.413 141.273 141.356 142.578 142.082 141.55 141.534 141.651 142.355 141.755 141.321 141.427 141.71 142.674 141.961 141.481 141.331 141.476 
137.283 137.109 136.734 136.829 136.695 137.605 137.083 136.617 136.862 136.835 137.611 137.246 136.767 136.64 136.753 137.479 137.146 136.6 136.493 136.6 137.607 137.126 136.432 136.419 136.586 
132.502 132.516 131.911 131.74 131.183 131.963 132.796 132.64 132.166 131.526 132.289 131.547 131.952 132.46 131.23 132.969 132.677 131.737 131.642 130.786 132.899 132.561 131.872 131.174 130.74 
126.918 126.373 125.805 125.909 125.665 126.672 126.53 125.924 125.766 125.345 126.733 126.345 126.303 125.57 125.044 126.905 126.465 126.509 125.826 125.277 127.032 126.595 126.188 125.595 125.541 
125.034 125.411 123.845 122.807 121.624 125.266 124.748 123.399 122.536 121.097 126.32 124.563 123.126 122.442 122.063 126.804 125.277 124.24 123.381 122.025 127.187 125.488 125.053 123.774 122.555 
124.559 124.902 122.544 121.274 119.092 125.573 124.247 121.782 120.611 118.229 126.162 124.94 121.821 119.705 118.407 126.241 124.726 122.134 119.996 118.745 124.339 122.937 121.813 120.142 117.849 
211.233 212.395 211.552 212.92 212.706 213.005 215.521 213.604 210.673 210.991 212.507 215.339 214.277 211.564 212.142 214.996 217.353 217.532 213.482 214.495 216.503 218.289 217.284 215.754 217.637 
211.987 213.177 212.806 211.116 210.52 212.488 214.889 213.691 210.039 208.786 209.422 213.998 212.811 211.277 210.853 211.488 214.236 216.508 212.428 212.717 215.221 216.551 216.556 213.738 216.486 
209.314 210.306 210.435 208.88 208.339 210.493 212.23 211.775 209.169 207.778 208.023 211.027 210.694 209.875 209.97 209.805 211.662 213.974 211.534 212.362 213.358 214.245 214.089 212.862 215.588 
208.771 206.943 210.875 208.258 208.206 207.696 207.573 210.75 211.157 210.009 208.555 209.597 209.934 212.026 210.975 209.432 208.994 210.955 211.392 210.512 210.958 210.467 210.959 209.83 211.23 
202.04 203.427 204.647 205.442 206.094 201.772 201.374 202.936 203.604 203.375 201.36 203.029 203.944 203.546 201.746 200.418 202.126 202.917 201.451 200.546 199.727 200.024 201.763 200.973 199.689 
194.16 195.323 197.564 198.659 199.947 195.267 194.006 195.888 197.483 198.164 194.219 195.41 196.814 197.094 196.035 192.496 193.796 195.612 193.969 192.655 191.068 190.949 193.406 193.368 191.668 
188.772 189.266 191.049 192.486 193.22 189.206 189.149 190.401 191.276 190.45 188.115 191.007 192.094 191.009 188.562 186.414 187.943 189.534 187.649 186.437 184.164 184.042 187.053 186.14 184.693 
167.777 167.63 166.539 169.178 168.927 169.064 170.116 169.885 170.087 168.723 169.118 169.589 171.505 168.895 167.965 169.062 166.981 167.244 165.73 165.081 167.547 159.496 164.62 165.216 165.815 
163.194 163.139 161.821 164.271 163.639 164.194 165.497 165.178 165.157 164.034 164.255 164.838 166.928 164.288 163.603 164.523 162.498 162.56 161.101 160.494 163.116 154.579 159.991 160.519 161.444 
157.143 158.557 157.707 159.551 159.861 157.469 159.811 159.04 158.794 158.799 158.172 158.358 159.605 157.051 157.267 158.058 157.106 156.78 155.517 154.349 157.435 150.591 155.183 156.193 157.266 
149.561 150.818 150.622 150.746 151.227 148.282 150.257 149.79 149.706 150.169 148.687 149.587 148.687 148.275 148.895 147.849 148.593 148.306 148.472 147.126 147.612 147.783 148.15 148.44 147.938 
143.612 143.773 143.709 142.87 142.741 143.17 143.69 143.664 143.196 142.6 142.444 143.085 143.145 142.677 142.482 141.284 141.75 142.303 142.31 142.061 141.956 142.129 142.577 142.105 141.783 
138.061 137.786 137.687 137.448 137.163 137.523 137.204 137.251 137.237 137.177 136.502 137.042 137.43 137.083 137.407 135.398 136.164 136.58 136.986 137.22 136.158 136.119 136.205 136.906 137.111 
129.938 130.087 130.564 130.509 129.81 129.971 130.071 130.491 130.971 130.641 129.216 129.738 130.083 130.55 131.022 128.306 128.811 129.432 130.049 130.602 128.018 128.323 129.257 130.026 129.939 
125.87 125.7 125.709 126.571 126.686 125.785 125.816 125.933 126.747 126.683 125.912 125.975 126.604 126.554 126.533 125.93 125.944 126.608 126.709 126.706 125.874 125.783 126.267 126.292 126.717 
121.659 121.401 121.177 121.92 122.236 122.568 122.073 122.098 122.109 122.052 122.746 122.319 122.628 122.98 122.617 122.675 122.618 123.159 123.254 122.095 122.487 122.62 123.148 123.188 123.048 
120.83 121.79 120.242 120.507 119.024 121.892 121.431 120.13 120.444 118.839 123.162 122.258 120.475 119.845 119.729 124.071 123.022 121.707 121.025 120.548 122.977 122.134 122.182 121.522 120.084 
121.021 121.914 119.901 119.473 117.563 122.269 121.518 119.595 119.257 117.065 123.486 122.193 119.681 118.383 117.999 124.184 122.709 120.702 119.363 118.685 122.56 121.087 120.91 119.757 118.147 
199.868 198.36 200.932 203.591 203.85 200.197 202.278 203.974 203.043 203.057 203.519 203.99 203.609 200.738 202.77 206.172 206.807 205.624 203.347 204.351 205.842 206.771 204.407 202.705 202.442 
205.925 207.765 205.675 205.52 205.355 207.595 209.442 206.913 204.033 203.638 205.612 207.7 206.725 204.472 205.163 208.116 209.776 210.134 207.527 208.837 210.42 211.545 210.275 210.039 212.281 
206.983 202.701 206.18 201.391 202.12 207.097 205.424 207.416 206.175 205.127 205.962 206.643 206.776 208.098 208.006 207.579 206.708 209.407 210.133 209.914 209.473 209.11 210.523 211.293 212.436 
203.77 202.311 200.965 200.726 201.442 204.017 201.965 201.047 201.925 202.551 204.397 201.651 201.127 202.372 204.259 205.124 203.436 203.272 206.218 207.555 205.56 205.336 205.438 209.034 209.762 
192.473 192.211 192.237 193.158 194.111 193.156 190.406 191.628 194.127 196.528 192.713 190.05 190.317 193.122 195.566 192.797 191.063 191.366 191.86 192.245 191.856 190.688 191.605 192.653 191.535 
192.542 193.89 196.014 196.852 198.136 193.773 192.25 194.159 195.451 196.392 192.572 193.802 194.94 195.106 194.447 190.817 192.254 193.927 192.222 191.096 189.159 189.273 192.003 191.906 190.178 
183.504 184.362 185.586 186.636 187.473 184.307 182.172 184.741 187.405 189.234 183.728 181.926 183.021 185.977 187.891 183.826 181.7 182.87 183.344 183.448 182.599 180.932 182.305 183.536 181.905 
163.51 163.542 165.372 167.141 168.012 163.677 163.818 166.141 167.386 167.807 165.124 165.165 165.787 167.01 166.234 164.364 163.663 164.544 164.826 164.361 164.936 163.131 163.851 163.492 163.12 
159.07 159.71 159.314 161.3 161.041 160.313 161.322 161.191 161.418 161.048 160.105 160.068 162.163 160.358 160.201 160.446 159.348 159.599 158.318 158.029 159.703 153.607 157.741 158.605 159.769 
150.174 151.779 152.516 153.51 154.343 149.424 151.267 151.593 152.553 153.501 149.972 150.834 150.402 150.931 151.69 150 150.661 150.022 150.019 149.794 149.843 150.151 149.988 149.757 150.382 
143.58 144.566 145.307 145.083 144.968 143.238 144.366 145.071 145.169 144.737 142.963 143.783 143.898 143.548 143.295 141.957 142.662 143.171 142.45 141.886 142.124 142.8 143.306 142.323 141.741 
136.762 137.547 138.119 137.908 137.596 136.527 137.374 138.067 138.062 137.704 135.611 136.456 137.249 137.056 136.732 134.056 134.883 136.141 135.989 135.339 134.725 135.347 135.997 135.446 134.983 
129.26 129.749 130.23 130.023 128.919 128.698 129.268 130.157 130.079 129.583 127.389 128.381 128.796 129.282 129.596 126.088 126.948 127.814 128.204 128.684 125.948 126.463 127.77 128.272 127.813 
125.542 126.056 126.582 126.585 125.313 125.043 125.641 126.399 126.767 126.356 123.878 124.879 125.544 125.784 126.274 122.688 123.658 124.517 124.974 125.808 122.516 122.885 124.326 125.231 125.3 
119.053 119.887 120.417 120.743 120.698 119.094 119.657 120.457 120.989 121.176 118.977 119.448 120.474 121.23 121.178 118.053 118.582 119.806 120.308 119.979 118.394 118.488 119.62 119.965 119.827 
119.191 118.665 118.5 119.568 120.204 120.139 119.467 119.567 119.721 120.063 120.089 119.809 120.141 120.606 120.067 119.645 119.921 120.664 120.891 119.708 119.336 119.933 120.735 121.002 120.883 
118.618 118.225 117.671 117.887 117.883 119.53 118.684 118.421 117.786 117.816 119.748 118.935 118.62 118.587 118.165 119.697 119.4 119.477 119.236 117.98 119.237 119.283 119.599 119.408 119.016 
119.74 119.732 118.025 117.64 116.293 120.918 119.988 118.013 117.648 115.99 121.541 120.676 118.416 116.859 116.133 122.022 120.982 119.131 117.768 117.204 120.269 119.522 118.851 117.861 116.397 
195.428 195.046 196.773 198.602 199.141 195.38 196.77 198.802 198.551 197.757 197.23 198.311 198.752 196.356 196.65 200.057 201.124 200.333 198.49 198.531 200.807 201.211 198.844 197.28 197.29 
196.864 196.816 197.956 198.738 198.214 196.141 197.807 199.093 197.334 196.345 197.514 198.699 198.562 196.058 197.007 200.043 200.892 200.394 198.61 199.281 201.137 201.245 199.237 197.899 198.256 
201.778 200.546 199.18 197.26 197.515 202.374 200.909 199.168 197.663 197.654 202.357 200.193 199.922 199.174 200.393 204.14 202.578 202.491 204.359 205.254 204.741 204.317 204.234 207.789 208.085 
194.242 193.269 190.707 189.699 189.364 193.591 193.404 191.545 190.438 191.111 194.054 192.34 191.231 191.197 192.663 195.107 194.486 192.851 192.519 194.131 195.323 195.75 194.545 194.522 194.705 
191.949 190.733 188.05 187.515 186.998 191.35 190.624 188.423 188.067 189.216 191.07 188.887 187.191 187.608 190.273 190.811 190.056 188.021 188.4 191.227 191.499 191.557 190.233 190.714 191.515 
185.421 185.635 185.748 186.337 187.304 185.926 183.594 185.05 187.212 189.026 185.395 182.914 183.726 186.078 188.105 185.613 183.815 184.398 184.326 184.856 184.715 183.378 184.224 185.14 183.774 
165.552 166.37 168.357 169.087 169.737 165.448 165.63 168.086 168.954 169.7 166.615 165.892 166.742 168.503 168.581 165.602 165.446 166.376 167.205 167.036 166.553 165.719 165.879 166.049 166.27 
160.34 161.028 162.794 164.216 164.994 160.292 160.613 163.078 164.052 164.814 161.885 161.879 162.462 164.124 163.687 160.607 160.622 162.352 162.798 162.465 161.547 161.066 161.476 162.13 162.118 
156.34 158.104 159.31 158.027 158.022 156.093 157.853 159.368 159.512 159.938 155.904 156.453 157.468 159.189 159.732 153.218 155.33 156.865 157.421 157.059 150.968 151.866 153.354 153.991 153.51 
146.836 147.846 148.827 150.268 149.73 146.572 147.111 148.41 149.173 151.064 146.752 147.263 147.395 148.272 149.389 146.886 147.455 147.406 147.942 148.682 147.55 147.837 147.89 148.057 148.984 
140.649 142.201 143.196 143.724 144.054 140.497 141.732 142.747 143.336 143.514 140.742 141.128 141.415 142.223 142.698 140.318 140.839 140.981 141.094 141.33 140.285 140.828 140.701 140.55 141.172 
131.868 132.818 133.404 133.786 133.656 131.447 132.225 133.262 133.3 133.108 130.961 131.35 131.742 132.198 132.18 130.264 130.393 130.829 130.833 130.864 130.232 130.387 130.603 130.376 130.27 
124.41 123.973 125.145 124.545 124.54 124.136 123.445 124.642 124.46 124.169 123.42 123.019 123.436 123.767 123.473 122.892 122.399 122.399 122.592 122.763 122.196 121.958 121.969 121.803 122.019 
118.756 119.512 120.01 120.041 119.528 118.274 118.894 119.672 119.889 119.851 117.735 118.333 119.032 119.328 119.279 116.73 117.13 117.957 118.027 118.215 116.861 116.77 117.669 117.946 117.566 
114.495 115.253 115.666 115.887 116.061 114.222 114.797 115.237 115.753 115.934 114.241 114.633 115.242 115.548 115.293 113.477 113.773 114.461 114.494 114.397 114.106 113.873 114.316 114.233 114.073 
114.064 114.425 114.557 114.824 115.127 114.177 114.328 114.432 114.442 114.958 114.135 114.252 114.713 115.04 114.833 113.464 113.749 114.581 114.501 113.942 113.956 114.14 114.558 114.447 114.258 
114.389 113.918 113.595 112.094 111.728 114.893 114.294 114.21 112.058 111.931 115.002 114.432 113.472 111.915 111.957 114.741 114.252 114.022 113.217 112.572 114.368 115.038 114.492 113.383 112.864 
116.458 115.146 114.545 112.309 111.609 117.037 116.042 115.127 112.052 111.696 116.998 115.946 114.068 111.555 111.674 116.663 115.754 114.808 113.148 112.358 115.75 116.187 115.154 113.435 112.827 
190.742 190.175 191.83 194.248 194.619 190.061 191.06 193.833 194.335 193.403 191.647 192.972 193.376 191.978 192.595 194.049 195.526 195.615 194.055 194.456 195.777 196.096 194.05 192.53 192.951 
189.489 189.874 190.275 191.453 192.588 188.741 190.091 190.517 191.396 191.636 189.735 191.538 191.659 191.983 191.538 190.995 191.523 192.417 193.441 193.409 191.08 190.367 191.278 193.223 194.23 
190.853 191.017 191.97 190.577 189.226 191.335 192.032 192.544 190.139 189.429 191.75 192.459 193.179 192.195 190.927 193.434 193.499 193.814 193.602 193.714 194.303 193.984 193.642 194.622 194.944 
184.667 184.997 185.018 184.793 185.033 185.132 185.288 184.848 185.251 185.169 185.877 185.726 185.233 185.969 186.22 186.434 186.341 186.34 186.043 186.781 187.213 187.533 187.261 187.101 186.949 
183.93 183.359 181.801 181.738 181.272 183.374 183.33 182.252 182.47 182.744 183.647 182.186 181.555 182.038 183.35 183.924 183.397 182.185 181.815 183.859 184.297 184.17 183.101 183.104 183.556 
174.615 174.649 174.934 174.752 174.841 174.217 173.965 174.397 174.704 174.811 173.715 173.483 173.724 174.067 174.556 173.698 173.663 173.68 173.478 174.595 174.158 173.907 173.724 174.035 174.539 
167.442 167.424 167.038 168.003 167.947 165.912 165.997 167.397 167.665 167.694 165.281 166.327 166.874 167.38 167.214 164.091 164.416 166.576 166.635 167.123 164.597 165.004 165.977 167.886 168.215 
158.552 160.215 161.015 159.793 159.799 157.895 159.569 161.184 161.076 161.526 157.755 158.44 159.375 160.988 161.476 154.552 156.704 158.904 159.479 159.113 152.515 153.445 155.274 156.44 155.943 
156.002 157.404 157.244 156.245 155.605 154.836 156.61 157.675 157.392 157.835 153.745 155.348 155.979 157.18 157.991 150.545 152.797 155.32 155.963 156.016 148.304 149.76 151.917 153.86 153.333 
150.683 152.175 152.699 151.404 150.378 149.409 151.148 152.552 152.281 153.266 148.164 149.328 150.905 152.447 154.233 146.288 147.737 149.479 150.253 150.698 144.425 145.704 146.416 147.04 147.904 
139.84 140.326 141.264 142.774 141.373 139.259 139.421 140.76 140.597 143.489 139.556 139.6 139.547 139.658 140.866 138.374 139.165 138.97 139.19 139.703 139.154 138.863 138.886 138.948 139.168 
123.694 122.948 124.372 123.445 123.604 123.626 122.81 123.841 123.683 123.382 123.04 122.234 122.592 122.902 122.53 122.204 121.736 121.522 121.332 121.362 121.15 121.06 120.635 120.021 120.322 
117.961 117.175 118.215 117.234 117.323 118.012 117.003 117.937 117.533 116.996 117.474 116.785 116.847 116.97 116.453 117.004 116.276 115.892 115.624 115.669 115.926 115.628 115.255 114.546 114.703 
113.715 112.961 113.714 112.707 112.906 113.654 112.718 113.268 112.9 112.462 113.146 112.484 112.396 112.45 111.974 112.593 111.909 111.599 111.407 111.434 111.588 111.254 111.005 110.517 110.709 
110.069 110.48 110.811 110.953 111.117 109.912 110.173 110.385 110.762 110.97 109.81 109.992 110.35 110.695 110.413 109.207 109.236 109.628 109.465 109.502 109.565 109.377 109.449 109.273 109.207 
108.128 108.114 107.937 107.901 108.125 108.443 108.302 108.056 107.808 107.888 108.428 108.399 108.147 108.03 107.8 108.243 108.285 108.401 108.086 107.764 108.468 108.655 108.74 108.301 107.916 
106.082 105.492 105.329 105.132 105.06 106.498 105.898 105.444 104.798 104.791 106.706 106.627 106.081 104.913 104.759 106.948 106.763 107.205 105.853 104.572 107.255 107.584 107.402 107.104 104.606 
110.255 108.922 107.147 105.835 104.985 111.014 109.564 107.321 105.832 104.832 111.909 110.277 107.795 106.13 105.12 112.071 110.662 108.525 106.745 105.923 111.996 110.928 108.9 107.221 106.28 
180.798 180.318 178.999 179.018 179.627 180.439 179.691 178.485 177.639 176.787 180.955 181.154 179.377 180.127 180.141 182.042 180.575 179.816 181.918 182.958 181.634 182.434 183.044 185.098 183.38 
184.57 184.277 185.207 186.402 187.43 183.863 185.223 185.22 185.989 186.589 185.074 186.312 185.904 186.885 187.316 185.163 185.347 186.539 188.315 189.324 184.902 183.969 185.562 188.061 189.702 
182.807 182.701 183.614 184.63 186.21 182.26 183.808 184.11 184.696 185.38 183.143 184.698 184.97 185.886 186.375 183.549 183.727 185.275 187.228 187.834 183.351 182.379 184.746 187.128 188.52 
178.792 179.157 180.144 180.817 181.271 179.572 179.901 181.201 181.893 182.293 180.204 180.48 181.365 182.812 183.159 180.576 180.878 181.582 182.721 183.124 180.977 181.22 182.11 182.644 183.296 
176.254 177.059 177.804 178.557 179.012 176.788 177.124 177.529 179.127 179.556 177.292 177.709 177.983 179.463 179.99 177.515 178.099 178.517 178.833 180.031 178.086 178.411 178.897 179.136 179.286 
168.163 167.803 169.409 170.732 171.994 167.758 167.082 169.402 171.304 172.316 167.773 167.183 169.394 171.355 172.297 168.007 167.128 168.767 170.341 171.838 168.236 166.941 168.954 170.315 171.491 
156.333 158.671 160.108 160.682 161.727 156.361 158.221 160.474 161.529 162.399 156.935 157.882 159.841 161.491 162.413 156.881 157.892 159.888 161.522 162.735 156.763 157.822 159.4 161.09 162.764 
153.194 154.133 153.644 155.579 156.019 151.9 152.841 154.64 155.215 155.982 151.912 154.228 154.494 155.51 155.803 149.726 150.694 154.39 155.212 156.127 150.434 151.583 153.607 156.748 157.153 
147.775 149.372 149.9 148.452 148.032 146.476 148.398 149.856 149.86 150.431 144.949 146.415 148.474 150.272 152.083 143.158 144.651 146.97 147.924 148.582 140.937 142.538 143.632 144.602 145.66 
140.332 140.825 141.629 143.063 141.822 138.491 138.826 141.218 141.806 144.228 137.455 138.658 141.145 142.705 145.617 138.595 137.025 139.004 140.017 141.711 140.221 140.563 139.133 139.056 142.421 
132.423 132.71 133.013 134.04 133.135 128.37 128.823 130.801 130.65 131.813 124.772 125.203 127.732 129.602 130.993 124.06 122.067 123.3 123.508 124.758 122.886 123.364 121.29 120.499 123.702 
111.634 111.724 111.998 111.708 111.694 111.269 111.299 110.985 111.188 110.889 110.301 109.944 109.857 109.752 109.505 109.081 108.707 108.183 108.04 107.948 107.864 107.542 106.574 106.231 106.744 
110.894 110.021 110.876 109.4 109.527 110.693 109.577 110.146 109.59 108.935 109.915 109.093 108.954 108.914 108.366 109.199 108.382 107.862 107.599 107.548 107.806 107.37 106.696 106.152 106.557 
105.44 105.314 105.311 104.911 104.433 105.244 104.954 104.811 104.551 104.03 104.736 104.305 104.06 103.87 103.432 103.998 103.369 103.063 102.89 102.798 103.281 102.909 102.473 102.064 102.209 
102.694 102.784 102.707 102.446 102.248 102.579 102.67 102.582 102.269 102.013 102.257 102.367 101.962 101.59 101.396 101.772 101.582 101.29 100.831 100.751 101.296 101.103 100.878 100.578 100.365 
100.561 100.281 100.285 100.6 100.431 100.757 100.511 100.379 100.454 100.178 100.729 101.079 101.159 100.381 99.8953 101.091 101.139 101.826 100.496 99.1392 101.521 101.846 101.811 101.434 98.8289 
101.57 100.984 100.57 100.635 100.642 102.039 101.39 100.839 100.622 100.313 102.593 102.471 102.008 100.856 100.182 102.999 102.888 103.041 101.51 100.074 103.449 103.467 103.244 102.904 100.152 
102.277 100.693 99.6138 99.6339 99.501 102.844 101.377 99.9672 99.638 99.1335 103.433 102.627 101.331 99.8888 99.1886 103.952 103.344 102.677 100.703 98.9048 104.77 104.035 103.008 102.183 98.8326 
175.653 174.611 172.71 171.275 170.671 175.988 174.334 171.989 169.523 168.067 176.62 175.522 172.765 172.102 172.349 177.437 175.514 173.571 174.686 175.745 177.061 178.403 177.745 178.332 175.597 
177.253 176.948 175.835 175.458 175.839 177.031 176.658 174.917 173.693 172.97 177.651 177.741 175.77 176.2 176.62 178.507 176.993 176.007 178.387 179.487 178.091 178.688 179.324 181.332 179.787 
172.701 172.423 173.674 174.34 174.965 174.021 174.098 175.047 175.147 175.628 174.944 175.371 176.45 176.896 177.145 175.058 175.893 176.586 178.164 178.658 175.674 175.816 176.783 178.097 178.754 
174.284 174.023 175.266 176.767 177.943 175.57 175.194 176.183 177.545 179.139 175.415 176.04 177.545 178.798 179.974 175.592 176.132 178.346 180.295 180.86 176.062 176.508 178.641 180.583 181.336 
159.686 159.908 163.099 172.524 174.676 159.012 159.075 163.116 173.646 175.07 159.876 159.338 163.705 174.233 175.837 160.223 159.594 163.069 173.855 175.767 160.726 159.951 164.401 173.673 175.109 
145.398 148.489 152.785 155.732 158.947 145.212 147.458 152.988 157.504 159.162 147.472 147.688 153.564 158.141 160.054 147.675 147.301 151.827 157.408 160.062 147.679 146.695 152.249 156.673 159.445 
129.713 133.011 137.02 140.142 143.599 129.523 132.291 137.489 141.794 144.097 131.514 132.458 137.857 142.378 144.674 131.76 131.8 136.177 141.449 144.596 131.749 131.429 136.581 140.938 144.002 
113.431 117.26 119.353 120.357 121.723 114.039 117.383 119.423 120.852 122.263 115.592 116.917 119.017 121.144 122.503 115.49 116.201 118.608 120.903 122.337 114.953 115.48 117.744 119.823 121.796 
107.283 107.322 107.95 108.925 109.674 106.298 106.718 107.626 108.881 110.068 105.745 106.465 107.813 109.467 110.437 105.533 105.923 107.455 108.71 109.684 105.792 105.85 106.744 107.83 108.625 
124.172 124.865 125.302 126.539 125.875 120.16 120.958 123.389 123.58 124.854 116.706 117.607 120.706 122.897 124.582 116.247 114.639 116.519 117.138 118.781 115.58 116.412 114.883 114.444 117.952 
118.765 120.499 119.606 122.017 121.123 108.425 109.63 111.472 108.944 111.837 97.3953 96.1545 97.7416 100.139 98.4211 88.0275 88.375 87.1872 87.2814 88.1595 80.3652 80.0676 79.7186 78.0491 79.0644 
108.637 109.229 109.023 109.731 109.211 104.266 104.693 105.547 104.162 105.159 98.8575 98.0689 98.6061 100.049 98.9817 94.5797 94.3274 93.7273 93.9459 94.1276 90.8526 90.1473 89.5719 89.6154 90.2101 
100.01 100.401 100.405 100.209 100.331 99.576 99.883 99.4654 98.9912 99.0098 98.1188 97.7473 97.8325 97.3713 97.4115 96.7557 96.0463 96.1194 95.6102 95.7836 95.9553 94.9857 94.7433 94.4776 94.6321 
99.358 99.338 99.0836 98.5333 97.728 99.1271 99.0668 98.6135 97.7954 97.091 98.2911 97.8186 97.3937 96.836 96.4204 97.3946 96.8485 96.544 96.2399 95.9311 96.9065 96.4641 95.8885 95.3822 95.3827 
94.9013 94.9425 95.0471 94.7652 93.4665 94.9074 94.9319 95.0123 94.5204 93.5249 94.4966 94.488 94.4137 93.7061 92.9891 94.478 94.1254 93.7301 92.9668 92.2755 94.4309 94.3492 93.5641 92.2833 91.749 
93.4594 93.5214 93.4365 92.9879 91.8855 93.6324 93.6573 93.7321 93.0918 92.078 93.4744 93.5995 93.5066 92.5788 91.74 93.7688 93.7039 93.4398 92.2087 91.2393 93.9545 94.1667 93.6133 92.0355 90.9989 
97.4178 96.6876 96.32 96.575 96.21 97.8414 97.0962 96.5963 96.4507 95.8706 98.0946 98.0234 97.6488 96.4573 95.6759 98.6937 98.5657 98.723 96.8903 95.1765 99.2485 99.242 98.8102 98.1879 95.0266 
98.1998 96.1165 93.106 91.662 91.2525 98.2479 95.3694 93.6895 92.2582 90.6385 98.211 96.2896 94.0167 92.5608 90.9546 99.2537 97.4693 95.0768 93.1975 91.8744 99.4414 97.5065 95.1205 93.5321 91.3418 
171.334 170.639 168.454 167.179 166.403 171.721 170.157 167.614 165.425 163.723 172.584 171.539 168.664 167.956 168.166 174.132 172.146 170.054 170.991 171.834 173.738 174.982 174.478 174.897 171.743 
167.332 166.765 166.331 166.208 166.092 168.168 167.607 166.752 166.573 166.541 169.51 168.811 167.862 167.284 167.588 170.534 170.592 170.011 169.922 169.923 170.758 170.842 170.909 170.764 169.994 
165.669 165.172 166.19 167.468 168.161 166.902 166.253 166.976 168.105 169.095 167.768 167.895 168.771 169.354 170.025 168.626 168.874 169.879 171.168 171.129 169.004 169.052 170.383 171.648 171.722 
160.077 158.9 160.633 167.266 170.028 160.355 158.895 160.888 167.744 170.9 160.998 159.522 162.008 168.678 172.034 161.927 161.133 163.336 169.737 172.613 162.472 162.046 164.546 170.724 172.769 
66.8339 74.9089 81.0783 183.212 191.79 66.8776 74.1429 81.8084 183.841 191.959 67.5477 74.2688 81.4244 184.052 191.906 67.1853 73.9742 80.6444 182.868 192.166 67.6716 73.7199 81.0451 182.908 191.279 
110.805 113.58 117.876 140.354 144.285 109.719 112.207 117.963 142.073 144.229 110.794 112.67 118.785 142.584 144.936 111.038 112.515 117.072 141.525 144.804 111.473 112.571 118.04 141.102 143.945 
100.421 103.472 106.234 106.974 108.916 99.4944 102.6 103.598 106.088 107.819 99.0464 100.809 103.285 106.118 108.093 100.161 102.781 104.034 105.99 107.7 100.614 102.44 104.617 105.967 107.409 
95.9121 96.2247 96.7769 97.6293 98.4263 95.066 95.8392 96.587 97.5545 98.8204 94.9056 95.8257 97.075 98.4597 99.4204 95.0293 95.736 97.0233 98.0869 98.9826 95.1609 95.6786 96.4703 97.5068 98.4175 
95.2304 94.7768 95.1192 96.0956 96.1291 93.91 94.3026 94.9519 95.9752 96.332 93.4172 94.0049 95.1983 96.6028 96.962 93.4656 93.8983 95.0473 96.0904 96.5525 93.9586 94.1224 94.6003 95.2808 95.7946 
93.011 92.8543 93.2189 93.9302 94.2596 91.4925 91.7752 92.1837 93.211 93.8849 90.8068 90.964 91.9782 93.2144 93.7454 90.1758 90.311 91.2784 92.1512 92.4457 90.164 89.9544 90.5065 91.1698 91.5043 
99.9533 100.803 100.931 102.188 102.014 94.6445 95.2801 96.6882 95.6815 97.1382 88.4285 87.9826 89.0967 90.9538 90.4064 83.4204 83.6756 83.5219 84.2245 84.9245 79.4239 79.2914 79.3872 79.3486 80.0742 
91.6565 91.1792 91.3656 90.4757 89.6598 89.3898 89.4694 89.2777 88.4852 88.4439 87.3232 87.3725 87.6393 86.4098 86.2392 84.4654 83.8128 83.8454 83.8346 83.3053 82.2008 80.7086 80.1616 80.617 81.3534 
95.2824 95.9323 95.9909 95.7925 96.3059 94.2666 94.9379 94.6754 94.1364 94.6103 92.1758 92.11 92.1669 91.8056 92.1188 90.2816 89.7243 89.8789 89.295 90.0395 89.2537 87.8794 87.6233 88.0385 88.5524 
92.904 93.0951 92.9838 92.821 92.8358 92.3917 92.6063 91.9886 91.3617 91.5612 91.0766 90.5355 90.4151 89.733 89.8125 89.8762 88.9394 88.6635 88.0474 88.2576 89.1423 88.0024 87.4105 86.9531 87.1553 
89.2306 89.0552 88.8373 88.4351 87.7206 89.2612 89.2641 88.724 88.1503 87.537 88.8456 88.4806 87.6946 86.9098 86.4924 88.465 87.7395 86.9044 86.1219 85.6267 87.8511 87.2239 86.2596 85.5122 85.1032 
89.3617 89.1566 88.895 88.3998 87.0875 89.3511 89.0548 88.8732 88.1038 86.9548 88.9934 88.7307 88.3505 87.4275 86.5375 89.0712 88.5843 88.0068 86.9093 85.8755 88.943 88.8964 87.9578 86.4125 85.5004 
90.8838 89.4949 86.6366 84.3873 83.6759 90.9574 88.8079 86.7697 84.9019 82.8092 90.2874 88.838 86.6628 84.6548 82.842 90.8342 89.1354 86.8988 84.8982 83.341 90.3499 88.9378 86.5189 84.9108 82.9723 
96.114 93.9579 90.1298 87.8912 87.2089 96.0056 92.9398 90.6351 88.3996 86.1014 95.4907 93.4606 90.5322 88.485 86.4603 96.5342 94.4194 91.4236 88.9984 87.2623 96.3018 94.0989 91.0615 89.0325 86.3758 
160.871 160.137 158.778 158.912 158.203 161.247 160.999 159.821 159.231 158.685 163.804 163.015 161.202 159.853 160.311 166.031 166.259 165.622 164.121 163.87 165.984 166.306 165.968 165.178 163.359 
155.978 155.756 155.366 155.313 156.201 156.68 156.271 155.574 156.475 156.788 158.306 158.025 156.948 158.049 158.847 159.444 159.487 159.269 160.766 160.199 160.09 160.7 161.132 161.943 161.044 
155.721 155.567 156.557 158.086 160.171 156.036 155.317 156.659 159.033 160.96 157.393 156.593 158.311 160.403 162.171 158.406 158.847 160.017 161.718 163.114 158.925 159.599 161.142 162.356 163.561 
131.8 132.986 135.27 139.248 143.959 131.458 131.761 134.98 138.819 144.262 132.032 132.663 135.999 140.554 145.669 133.034 134.936 138.025 141.92 146.698 133.143 135.644 139.27 143.012 147.249 
103.828 107.324 110.41 127.942 132.339 103.562 107.063 110.414 128.1 132.729 103.514 107.099 110.71 128.224 132.823 103.716 107.464 110.908 128.525 132.826 104.457 107.86 111.231 129.073 133.33 
100.258 102.074 104.141 105.009 107.008 98.5412 100.745 101.124 103.658 105.398 96.6028 99.1503 101.064 103.181 105.104 97.4765 101.32 101.775 103.107 104.566 98.3387 101.134 102.679 103.843 104.816 
95.6214 96.6296 98.1884 98.8375 100.421 94.1942 95.4358 95.9886 97.9755 99.3457 92.6792 94.0664 96.0113 97.8601 99.3169 93.4003 95.9927 96.7333 97.9245 99.1112 93.9428 95.992 97.4576 98.2877 99.1823 
90.7747 90.9938 91.3926 91.8916 92.3832 90.2138 91.2253 91.8392 92.21 92.4214 89.8126 90.9336 91.5438 92.3983 93.0651 90.6564 91.8466 92.2208 93.0298 93.426 90.727 91.4591 92.3492 92.7486 93.5427 
91.1155 90.679 91.0293 91.9383 92.0957 89.9705 90.3895 90.9087 91.7353 92.3087 89.6597 90.1226 91.1688 92.4703 92.8248 89.9077 90.2462 91.1095 92.1003 92.5587 90.3302 90.5202 90.9843 91.6314 92.1295 
86.4623 86.7726 87.6047 88.7913 88.6772 85.5179 86.6119 87.6277 88.5119 88.5051 84.711 85.7923 87.0314 88.0216 88.3951 84.7309 85.608 86.3726 87.4964 88.1884 84.895 85.7158 86.3833 87.0263 87.8227 
85.3903 85.3999 86.1222 86.0487 85.4749 83.8996 84.2665 84.8242 84.877 84.9839 82.9025 83.2799 84.0381 83.8088 83.9585 81.2962 81.4268 81.856 82.6837 82.3634 80.1754 79.8784 80.0432 80.7904 81.4744 
86.0484 85.56 85.8273 85.0908 83.8673 84.3788 84.2496 84.3599 83.77 83.3249 82.9869 82.9329 83.2331 82.4148 82.0123 80.5664 80.2306 80.2505 80.7017 80.127 78.7484 77.8085 77.4133 77.9695 78.6983 
86.2377 85.8519 85.7529 85.0067 84.1005 84.8014 84.8009 84.4542 83.588 83.3576 83.5292 83.396 83.4855 82.272 81.7701 81.7029 80.8652 80.8208 80.4708 79.7345 80.2379 78.8718 78.2469 78.3665 78.6756 
79.7997 79.479 79.1376 78.6429 78.0255 79.3637 79.0995 78.4835 77.873 77.3116 78.5709 78.0436 77.2851 76.7307 76.1616 77.5271 76.997 76.2735 75.5241 75.0037 76.8435 76.2063 75.4225 74.6405 74.23 
76.8378 76.3253 75.6551 74.9653 74.4382 76.8214 76.2945 75.3869 74.5302 74.134 76.5357 75.7337 74.9931 74.0329 73.4752 75.8283 75.2067 74.142 73.1092 72.0344 75.5981 74.6085 73.6229 71.5437 70.791 
76.2071 75.0982 73.6386 72.1278 71.1689 76.1099 75.1648 73.4441 72.083 70.8263 75.5463 74.5544 73.0494 71.3344 70.2749 75.1403 73.9693 72.422 70.8816 69.5013 74.6456 73.7483 72.113 70.4332 69.448 
64.3867 62.7336 60.662 57.474 56.2167 64.3295 63.1658 60.2679 57.6917 55.6301 64.0554 62.4464 59.7973 57.2819 55.7574 63.5595 62.4362 59.967 57.4421 55.628 63.7602 62.1715 60.0281 57.6835 56.1772 
86.5429 82.8077 75.6565 69.186 65.9759 86.2555 81.825 75.367 69.7953 64.7288 85.779 81.9555 75.4481 69.3255 65.1003 86.4344 82.332 75.9177 70.0578 65.8365 85.7154 82.1518 75.3377 69.9435 64.9926 
146.917 146.648 146.663 146.717 147.935 147.884 147.809 147.562 148.607 148.993 149.87 150.104 149.174 150.689 151.633 151.432 151.769 151.681 153.643 153.209 151.854 152.863 153.194 155.116 153.717 
144.054 143.371 143.154 144.397 145.898 145.142 144.651 143.564 145.129 145.415 146.519 146.607 145.651 146.877 146.394 147.021 147.744 148.103 149.367 147.848 147.187 148.071 148.862 149.657 149.429 
137.318 137.403 137.804 139.377 140.935 137.318 137.294 137.89 139.589 141.281 138.315 138.594 139.176 141.421 143.385 139.16 139.953 141.047 143.572 144.703 139.587 141.456 142.822 144.868 145.502 
120.195 120.486 122.027 125.204 128.105 119.867 120.276 122.38 124.828 128.347 120.15 120.923 123.193 126.078 129.482 120.821 121.814 124.439 127.505 130.661 121.056 122.52 125.45 128.662 131.143 
107.986 110.026 111.377 113.307 115.306 107.901 109.926 111.313 113.038 115.46 107.952 110.254 111.692 113.572 115.95 108.502 110.905 112.478 114.373 116.55 108.892 111.425 113.132 115.296 117.128 
103.063 103.48 103.787 104.701 105.781 102.725 103.29 104.065 104.886 105.584 103.044 103.542 104.094 104.744 105.123 103.386 103.68 104.15 104.86 105.577 103.382 104.201 104.646 105.931 106.116 
97.9227 98.0073 98.4295 99.2537 99.447 97.2866 97.6575 97.616 97.6669 98.7659 97.6064 98.1469 97.7801 97.6496 98.8581 97.6674 98.0349 98.3613 97.8962 98.1241 97.5122 97.9685 97.2952 98.1781 97.9133 
89.8932 90.0141 90.0419 90.2211 90.8805 89.8938 90.4095 90.5595 90.633 91.0819 90.0146 90.7241 90.6915 91.1033 91.5725 90.5397 91.19 91.3677 91.6376 91.7912 90.2844 90.7589 91.379 91.5462 91.9444 
86.7539 86.7392 87.069 87.5047 87.8699 86.3426 87.1992 87.5943 87.8416 88.127 86.3996 87.2783 87.3867 88.0228 88.5145 86.9283 87.6751 87.7317 88.3693 88.8117 87.1889 87.5972 87.9962 88.2232 88.8453 
83.6596 84.157 83.5882 84.0742 84.9307 83.1951 84.2621 83.7488 84.5962 85.1059 81.94 83.6026 83.8803 84.7933 85.1998 82.4146 83.055 83.5479 84.2913 84.3322 82.6735 82.8172 83.0502 83.4072 83.7922 
80.4073 80.9136 81.5884 81.9088 82.2729 79.7262 80.3659 81.1199 81.4243 82.135 79.1091 79.6947 80.5098 80.8557 81.6152 78.5946 78.862 79.6697 80.4207 81.0658 78.1813 78.3706 79.0237 79.9626 80.6263 
79.6827 79.3323 79.665 79.6312 78.9984 78.4021 78.4314 78.7016 78.7208 78.7563 77.6401 77.6515 78.2691 78.0715 77.9449 76.4646 76.2074 76.7131 77.3303 77.0174 75.5871 75.1414 74.9489 75.738 76.3775 
73.6236 73.5446 73.5483 73.4946 73.1135 72.7273 72.6239 72.5696 72.5301 72.3678 71.9709 71.6382 71.5676 71.4696 71.3539 71.0797 70.8873 70.824 70.7026 70.6506 70.6134 70.2524 70.1118 70.0437 69.9976 
69.6737 68.9362 68.495 68.5042 68.5338 69.3237 69.0512 68.6087 68.0194 67.7078 68.4203 68.3998 68.3228 67.3652 67.1407 68.3767 67.9405 67.336 66.7177 66.4693 67.9326 67.1335 66.0803 65.5949 66.0447 
67.5004 66.8363 66.0735 65.3872 64.8876 67.2332 66.6742 65.7829 64.9781 64.6206 66.7835 66.0026 65.3444 64.6188 64.1076 66.1016 65.6075 64.763 63.8279 62.76 66.039 65.0325 64.2181 62.2731 61.445 
58.6819 57.8465 57.0026 55.9599 55.6483 58.2145 57.5148 56.4688 55.6154 55.0831 57.7163 56.71 56.0288 55.2371 54.7277 56.8449 56.4308 55.6095 54.6709 53.4544 57.0106 55.9098 55.2459 53.1368 52.2513 
33.1937 32.1687 31.416 30.2357 29.4664 32.7522 32.403 31.1294 30.4347 29.4628 32.6992 32.0035 31.5004 30.3172 29.4821 32.6704 32.0919 31.2868 30.2396 29.2238 32.7661 31.9157 31.3148 30.3344 29.599 
34.7926 32.3329 29.4256 25.2319 23.5307 34.3658 32.8246 28.9079 25.7338 23.1508 34.3723 31.8211 28.245 25.3088 23.4665 34.0274 32.3019 28.8733 25.6763 23.5986 35.0601 32.6678 29.4541 26.3345 24.3839 
140.167 139.192 139.619 141.221 142.454 141.244 140.495 140.238 141.65 142.022 142.543 142.791 142.479 143.403 142.365 143.516 144.433 144.835 145.275 143.776 143.323 143.71 144.362 145.105 145.113 
139.58 138.813 138.74 139.533 140.226 138.584 138.848 139.164 140.625 141.158 137.501 138.712 140.134 141.404 140.653 139.97 141.746 142.453 142.462 140.742 140.721 140.272 141.079 141.35 139.636 
133.587 133.142 133.701 135.632 136.964 133.923 133.802 133.569 135.369 136.055 134.597 135.023 135.261 136.559 136.183 135.074 135.879 136.836 137.91 137.003 135.11 135.554 136.759 137.536 138.046 
120.091 119.506 120.815 121.902 123.744 119.57 119.406 120.875 122.514 124.831 119.948 119.907 121.412 122.615 124.975 120.903 121.112 122.398 124.272 125.474 121.382 122.068 123.065 124.659 124.666 
107.582 108.086 108.682 110.042 111.449 107.618 108.367 109.347 110.407 111.582 108.497 109.155 109.627 110.419 111.376 109.255 109.673 110.181 111.171 112.208 109.525 110.562 111.029 112.45 112.813 
101.289 101.549 101.815 102.732 103.121 101.188 101.571 101.502 101.688 102.688 101.788 102.136 101.736 101.734 102.681 102.098 102.212 102.479 102.204 102.426 102.084 102.566 101.933 102.829 102.505 
98.1884 98.303 98.5052 99.4966 99.5792 97.7588 98.0447 97.8768 97.9131 98.8825 98.3293 98.7148 98.2025 97.906 98.8691 98.3583 98.5073 98.7281 98.0934 98.2595 98.0451 98.6073 97.6979 98.5471 98.0528 
94.0438 93.9959 94.2276 94.8852 94.824 93.6216 93.8505 93.6885 93.5104 94.2799 94.2669 94.6448 93.9753 93.6168 94.5131 94.3514 94.5494 94.5952 93.8645 93.9792 94.2937 94.6221 93.701 94.1503 93.8625 
85.2417 85.1671 83.7709 83.6398 83.6581 85.8848 85.7383 85.1288 85.0204 84.183 85.8856 86.0226 85.6829 84.5801 83.0259 86.0016 85.5385 84.5671 81.9677 81.7178 87.5457 86.691 84.6754 82.9349 82.7174 
83.0981 83.3879 82.1558 82.2324 82.8079 82.6486 83.5019 82.5004 82.9786 83.0701 81.3581 82.8759 82.6779 83.2313 83.398 81.6855 82.216 82.4611 82.7692 82.5611 82.0861 82.0566 81.8484 81.7232 82.0593 
79.4805 79.8346 79 79.3576 80.0608 78.9034 79.6971 79.0115 79.8255 80.1433 77.4723 78.8771 79.0827 79.9926 80.2714 77.6056 78.2138 78.875 79.6105 79.5982 77.8178 78.0092 78.1849 78.6653 79.0952 
73.3929 73.6179 74.1284 74.5911 74.7769 72.5446 72.8419 73.334 74.0081 74.4948 72.189 72.3766 72.9457 73.5464 74.0394 71.7304 72.0672 72.5952 73.1954 73.5959 71.5604 71.8143 72.0907 72.6978 73.1394 
68.3118 67.9379 68.1256 68.8852 69.4738 67.6736 67.9365 68.2147 68.4064 68.6277 66.8426 67.4218 68.0504 67.8475 68.1722 67.0478 67.0537 67.3393 67.587 68.1101 66.5143 66.5705 66.2727 67.053 68.1923 
67.0059 66.3586 66.3058 66.7191 66.9872 66.4121 66.3298 66.2754 66.0769 65.9437 65.4848 65.7296 65.903 65.2452 65.3928 65.5827 65.1926 64.9386 64.7225 65.0935 65.0036 64.4937 63.778 64.0638 65.0479 
62.8792 62.2633 61.9704 62.2322 62.6963 62.2237 62.0409 61.791 61.5546 61.4901 61.1407 61.2122 61.4014 60.6852 60.8199 60.9059 60.588 60.2278 59.8151 59.9062 60.4035 59.6987 58.8805 58.5645 59.3701 
33.4063 33.0989 33.1598 33.1156 32.92 32.6954 32.7813 32.6285 32.7719 32.5622 32.386 32.3165 32.5753 32.3172 32.1289 32.1515 31.9826 32.0048 31.7253 31.4505 31.8648 31.5353 31.6991 31.5776 31.465 
15.053 14.9388 14.8519 14.2979 14.2249 14.9153 15.0727 14.7236 14.3956 14.2979 15.0719 15.4163 14.95 14.4987 14.4967 14.8583 15.1187 14.9016 14.452 14.5247 14.9616 14.7529 14.8005 14.717 14.7551 
2.15751 2.05788 2.00441 1.96491 1.90059 2.13547 2.0636 1.99701 1.95713 1.90077 2.16571 2.07789 2.02281 1.94698 1.88587 2.17616 2.11276 2.02311 1.9611 1.87221 2.25786 2.16267 2.11498 2.05536 2.00436 
137.645 137.166 137.166 137.172 137.344 136.514 137.549 138.101 138.689 139.252 135.984 137.397 139.327 139.36 138.878 139.068 141.146 141.475 140.884 139.408 140.231 139.343 139.454 139.674 137.617 
137.739 136.95 136.897 137.63 138.266 136.562 136.873 137.402 138.805 139.219 135.218 136.62 138.395 139.658 138.468 137.865 139.78 140.622 140.161 138.483 138.76 137.964 138.704 138.814 137.253 
133.865 132.992 133.065 133.379 134.336 131.88 132.445 133.706 135.158 136.102 130.719 131.948 134.448 135.572 135.563 133.564 135.101 136.112 136.036 135.051 134.396 133.722 134.392 134.751 132.629 
122.682 121.713 122.655 122.904 124.676 122.059 121.836 123.159 124.175 125.921 122.526 122.537 123.762 124.323 126.216 123.623 123.503 124.293 125.67 126.217 124.054 124.12 124.536 125.68 124.863 
112.411 111.742 112.243 112.319 113.588 112.597 112.114 112.903 113.713 114.934 113.173 112.849 113.719 114.097 115.518 114.383 114.208 114.812 115.587 116.069 115.241 115.371 115.597 116.329 115.645 
102.793 102.842 102.325 102.761 103.556 103.223 103.353 103.399 103.505 103.726 104.406 104.253 103.968 103.909 103.78 105.276 104.89 104.566 104.56 104.799 105.267 105.769 105.31 105.828 105.431 
97.6177 97.5499 97.4852 98.1578 98.2026 97.5103 97.627 97.3428 96.9561 97.7153 98.3521 98.5501 97.8697 97.3441 98.1161 98.5868 98.5768 98.6864 97.9112 97.8202 98.5385 98.8564 97.8125 98.2926 97.673 
86.8004 86.1124 84.6572 84.3908 84.2508 88.1584 87.7218 86.7835 85.8696 85.187 88.4707 88.4583 87.8067 85.8297 84.3127 88.6287 88.221 87.4877 84.9669 83.8451 90.0415 89.3191 87.7229 86.8225 86.4529 
84.503 84.1824 83.1832 82.8215 82.4065 85.3719 84.7817 84.4016 83.7484 82.847 86.255 85.4383 84.8978 83.2951 81.7167 86.1065 85.2769 84.0549 81.2383 81.0104 87.5937 86.9099 84.7549 82.8587 82.5076 
82.4171 82.3765 80.9763 80.6651 80.5721 83.1754 82.8101 82.2099 81.8939 81.0715 83.1682 83.0458 82.6622 81.4327 79.8739 83.143 82.5929 81.6651 79.1059 78.7897 84.5113 83.7704 81.8658 80.2479 79.9297 
75.2941 75.5117 75.6181 75.7492 75.9103 74.8643 75.0919 75.1212 75.5437 75.8505 74.6499 74.8154 74.9732 75.4089 75.76 74.4143 74.8126 75.0339 75.3716 75.6176 74.5009 74.8387 74.9824 75.3726 75.4676 
70.389 70.8235 71.2971 71.8727 72.3741 69.9927 70.4842 70.8813 71.7112 72.385 69.848 70.3623 70.8836 71.666 72.2327 69.6553 70.362 70.9879 71.6839 72.1889 69.6544 70.3472 70.8545 71.5917 71.8939 
65.4258 66.1531 66.8413 67.346 67.9133 64.928 65.5492 66.4651 67.1286 67.8551 64.8374 65.3346 66.2585 66.938 67.6849 64.9072 65.6123 66.2381 66.9539 67.5979 65.061 65.8853 66.4607 66.7917 66.8179 
62.1365 63.4314 63.4451 64.1035 64.9785 61.6578 63.4429 63.6369 63.7007 64.0314 60.8161 62.9413 63.3234 63.0431 63.5779 61.0509 62.4762 62.5124 62.661 63.4123 60.5007 61.9311 61.5209 62.1954 63.4521 
50.7807 52.5455 52.6348 52.9119 53.5613 50.1994 52.0253 52.0522 52.3151 52.9909 49.673 51.3237 51.3866 51.6198 52.3824 49.1149 50.7082 50.7337 51.0047 51.7666 48.8215 50.5146 50.416 50.6394 51.4221 
24.2089 24.7146 25.0395 25.0667 25.2107 24.0574 24.8513 24.9545 24.8135 25.0346 23.9363 24.7662 24.8374 24.8707 24.929 23.7434 24.5294 24.625 24.7347 24.9778 24.0978 24.3836 24.4728 24.6879 25.1731 
4.28971 4.24023 4.17957 4.07524 4.05211 4.30377 4.31023 4.19597 4.09578 4.12832 4.36208 4.49098 4.2954 4.14053 4.19061 4.35059 4.41176 4.29137 4.20485 4.25845 4.47464 4.41997 4.38524 4.37866 4.43278 
1.20734 1.14877 1.06782 0.94452 0.927046 1.18135 1.1765 1.04808 0.930064 0.962097 1.21033 1.29421 1.0953 0.954919 1.01162 1.17884 1.19827 1.08734 1.01045 1.0763 1.31413 1.22533 1.17947 1.17052 1.2255 
133.19 132.563 134.041 132.731 134.593 134.831 135.181 134.772 133.954 133.657 137.912 138.818 135.918 135.158 134.466 139.491 140.063 137.071 137.21 137.61 139.21 138.433 137.372 138.067 137.53 
135.517 134.989 134.707 134.638 135.008 134.066 135.268 135.748 136.336 136.798 133.708 135.199 137.308 137.087 136.593 136.525 138.772 139.375 138.575 137.236 137.571 136.961 137.129 137.169 135.164 
126.671 127.541 126.803 126.028 126.492 127.029 128.263 127.521 127.144 126.949 129.032 129.812 129.938 129.211 130.323 130.188 129.908 131.059 130.939 131.104 129.533 130.05 130.204 130.703 130.381 
121.709 120.596 120.824 120.087 121.704 121.337 120.633 121.671 122.297 123.571 122.669 122.213 123.372 123.302 124.904 123.909 123.489 124.258 125.162 125.487 124.046 124.352 124.726 125.262 123.908 
110.725 110.61 110.905 110.668 111.365 111.73 111.912 112.099 112.419 112.724 113.227 113.772 114.328 114.626 114.659 114.333 115.319 115.912 116.144 116.257 115.302 116.195 116.683 117.111 117.088 
101.218 100.854 101.127 101.292 101.734 102.912 102.75 102.879 103.102 102.87 104.819 104.896 105.176 105.292 104.842 105.774 106.513 106.97 106.973 106.543 106.664 107.369 107.732 107.64 107.285 
90.8422 89.5716 88.8564 88.7334 89.1171 92.6179 92.744 91.329 90.3281 90.7338 92.8748 94.0149 93.4405 92.3282 92.2584 93.7122 94.6472 95.4905 96.0248 93.8703 94.1343 94.224 95.1224 96.8268 96.7065 
86.5482 85.2477 84.1694 83.895 84.2003 88.0885 88.1505 86.386 85.1625 85.5106 88.1819 89.1443 88.261 86.999 86.8371 89.1033 89.5789 90.1069 90.5211 88.3744 89.5474 89.4784 90.0749 91.6005 91.1884 
83.9285 83.2673 81.8861 81.4729 81.2525 85.4235 84.9526 83.967 82.9627 82.279 85.8793 85.7843 85.1029 83.0368 81.4084 86.0244 85.5744 84.7827 82.2497 81.0841 87.372 86.6272 85.0567 84.2015 83.7165 
77.5945 77.3176 76.9314 76.5635 76.3923 78.0586 77.7862 77.2911 76.7801 76.6436 78.6516 78.2753 77.9216 77.5979 77.1625 79.1508 78.9282 78.6155 78.291 77.7188 79.3656 79.4398 79.1484 78.8677 78.2594 
73.5028 73.0876 72.6939 72.1389 72.2028 73.6693 73.0471 72.4195 72.4131 72.5705 72.9578 72.9691 73.1236 73.7734 73.4945 73.4711 73.3766 74.0702 74.3084 73.889 74.0866 74.5193 74.8277 74.8585 74.4472 
67.2486 67.5651 67.7952 68.1617 68.5397 67.0997 67.2812 67.8128 68.3652 68.9635 67.5424 67.4999 68.0908 68.6542 69.3055 68.0844 68.3241 68.6218 69.1138 69.5991 68.2933 68.822 69.1441 69.4053 69.1497 
60.6662 62.2116 62.7284 62.908 63.4614 60.9394 62.7058 62.8307 62.8751 63.8165 61.6331 62.7423 62.8301 63.3517 64.0564 62.3394 63.286 63.4514 63.8766 64.232 62.3249 63.6039 64.3141 64.8714 64.3642 
55.2924 59.5042 59.3046 59.5471 60.5575 54.8161 58.8798 59.3149 59.5169 60.5874 54.7713 58.424 58.8929 59.3112 60.6274 54.7863 58.6707 58.4913 59.2631 60.5417 54.8413 58.9091 58.9154 59.0796 59.7338 
46.7847 50.42 50.996 51.706 52.4158 46.2466 50.5119 50.9031 51.2339 52.0223 45.8192 49.3018 50.2674 50.9461 51.4575 45.7057 49.5098 49.7893 50.6248 51.2129 46.4364 49.7666 49.84 50.1968 51.4868 
40.3899 42.2791 43.0208 43.8433 44.2517 39.9656 42.4519 42.8675 43.2919 43.7995 39.4367 41.3711 42.4977 43.0133 43.3211 39.2801 41.5271 42.0057 42.7893 43.1029 40.007 41.7541 41.9533 42.3388 43.3802 
25.5384 25.1514 25.3642 25.3344 25.5043 26.2226 25.5132 25.4092 25.3201 24.8616 25.5649 25.3335 24.817 24.9007 25.0001 24.2785 24.4393 24.6827 24.828 24.6269 25.0133 24.7101 25.0032 25.0679 24.6074 
2.18281 2.16516 2.16577 2.17801 2.15182 2.14805 2.10674 2.11321 2.13726 2.11934 2.09632 2.07022 2.09189 2.1172 2.08029 2.06756 2.04601 2.0846 2.09835 2.0783 2.14643 2.10702 2.17759 2.16456 2.12038 
132.814 132.101 133.995 132.557 134.643 134.115 134.926 134.24 133.218 133.44 137.066 138.005 134.544 133.656 133.572 138.616 138.622 135.401 135.547 135.956 138.335 137.565 135.937 136.593 135.949 
131.519 130.969 131.824 130.686 132.43 132.821 132.977 132.034 131.271 130.723 134.424 135.341 132.52 132.477 132.203 135.535 135.583 133.593 133.378 134.172 135.115 134.592 133.661 134.37 133.962 
127.208 127.915 126.914 125.811 125.626 127.773 128.697 127.383 126.358 125.943 129.617 129.879 129.45 128.139 129.158 130.628 130.03 130.65 130.119 130.072 130.048 130.281 129.836 130.259 129.649 
123.14 124.211 123.538 122.251 122.081 124.325 125.391 124.058 123.039 122.776 126.035 126.422 126 124.896 125.862 127.314 126.61 127.381 126.844 126.692 126.995 127.16 127 127.476 126.818 
113.122 113.228 113.11 112.944 113.483 114.748 114.827 114.763 114.805 114.802 116.624 117.076 117.448 117.383 117.158 118.373 119.046 119.467 119.418 119.179 119.545 120.326 120.887 120.857 120.273 
99.9493 99.912 100.616 100.733 101.326 101.774 102.251 102.33 102.697 103.122 104.298 104.647 105.248 105.552 105.418 106.933 108.101 108.726 108.916 108.885 108.687 109.461 109.743 110.183 110.483 
89.6913 89.2773 90.1106 91.0825 91.727 91.79 91.8072 92.4213 93.1644 93.3798 94.5178 94.8971 95.3593 95.9369 95.6821 95.9856 97.0653 97.7696 98.01 97.4626 97.0189 97.968 98.6219 98.3881 98.218 
84.1646 83.1097 82.3629 82.375 82.7375 85.991 86.2555 84.8867 84.067 84.6759 86.4197 87.6565 87.1318 86.139 86.3077 87.7391 88.5814 89.4117 89.9618 88.0617 88.5467 88.6261 89.508 91.3115 91.0895 
76.9368 76.6075 76.3192 76.253 76.2974 78.3255 78.2096 77.8776 77.6461 77.6649 80.3194 80.0187 79.9055 79.675 79.2118 81.9358 81.8606 81.5789 81.3587 80.5505 82.8174 82.91 82.7313 82.4303 81.4666 
73.7108 73.2216 72.681 71.9896 72.0235 74.2787 73.5342 72.7085 72.5076 72.6269 73.7382 73.7216 73.858 74.3643 73.9458 74.6727 74.4683 75.1144 75.2814 74.5865 75.6574 76.0861 76.2699 76.025 75.3958 
71.4089 70.7787 70.1267 69.3055 69.4189 71.7728 70.9721 70.1591 69.9933 70.0892 71.0769 70.9959 71.2906 72.103 71.5434 71.9258 71.7033 72.5451 72.8803 72.1837 72.9142 73.3486 73.5904 73.4748 72.9619 
64.4377 64.6423 64.8767 64.5237 64.7997 64.951 65.3487 64.8998 64.7775 65.3829 65.3076 65.4458 65.4011 66.0373 66.2473 66.1899 66.0977 66.5113 66.7436 66.5749 66.5939 66.973 67.5737 67.9465 67.3533 
59.8219 59.9327 60.6411 61.0941 61.8638 60.3744 60.577 60.5669 61.5991 62.8188 60.9175 60.4436 60.9035 61.986 63.1989 61.4063 60.4638 60.8248 61.6243 62.7676 61.2636 61.2815 61.6491 62.3584 62.6694 
57.6006 58.7916 59.002 59.0633 59.5675 57.9346 59.4562 59.1353 59.1391 59.8226 58.7007 59.5212 59.4556 59.7087 60.291 59.3282 59.9079 59.7633 60.0833 60.2679 59.2539 60.1218 60.5585 61.0073 60.8592 
51.6105 53.024 52.8375 52.8699 53.3372 51.3223 52.9249 52.7823 52.8328 53.3375 51.3902 52.8206 52.7365 52.7266 53.2956 51.2883 52.8319 52.4689 52.6409 53.1223 51.33 52.9542 52.7055 52.6286 53.193 
40.9392 40.6822 41.0847 41.1776 41.2013 41.4803 41.1801 41.1298 41.0566 40.4669 40.6889 40.5522 40.504 40.5731 40.5836 39.3749 39.7105 40.0171 40.3428 39.994 40.2623 39.92 40.2383 40.4301 40.0234 
35.8373 35.4229 35.5254 35.422 35.5594 36.6231 35.6284 35.5074 35.3924 34.8389 35.9432 35.3791 34.8254 34.7787 34.7068 34.5766 34.3598 34.6652 34.6546 34.1285 34.8067 34.5169 34.8703 34.8171 33.909 
29.1145 28.6924 28.8184 28.7428 28.9699 29.9936 29.0014 28.9554 28.8494 28.3144 29.3914 28.7618 28.2589 28.3603 28.3797 28.1267 27.8815 28.1602 28.2882 27.9106 28.5175 28.1917 28.542 28.542 27.7548 
132.229 131.642 133.938 132.725 135.3 133.422 134.285 133.902 133.293 133.803 135.893 137.016 132.98 133.313 133.515 137.853 136.799 133.677 133.873 134.621 137.591 136.597 134.923 135.295 135.119 
130.21 129.886 131.371 130.845 131.661 130.358 131.832 131.608 130.9 132.251 132.091 132.755 131.332 130.666 132.027 133.951 132.928 132.29 131.967 131.508 135.074 135.171 133.398 133.139 132.904 
127.275 128.196 127.793 127.083 126.568 128.079 129.045 127.844 127.221 126.831 129.676 129.596 128.896 127.994 129.096 131.071 129.97 130.32 129.633 129.748 131.144 130.788 130.011 130.511 130.257 
123.591 123.768 123.552 123.105 123.004 124.754 124.673 124.526 124.067 123.721 126.465 126.217 125.87 125.295 124.949 128.066 127.755 127.264 126.782 126.444 128.399 128.615 128.459 128.071 127.473 
113.506 113.343 113.103 112.816 113.02 115.502 115.251 114.809 114.588 114.722 117.777 117.624 117.482 117.056 116.914 120.884 121.102 120.825 120.289 120.016 122.081 122.673 122.635 122.292 121.765 
95.9687 96.0115 96.1685 96.7727 97.7254 98.4015 98.6728 98.6327 99.0749 99.6526 101.109 101.78 102.224 102.555 102.777 105.044 106.067 106.862 107.119 107.328 107.254 108.213 108.999 109.405 109.408 
85.6557 85.6544 86.4799 87.4148 88.4246 87.6923 87.8228 88.6153 89.6799 90.7905 90.0624 90.8131 91.6372 92.8017 93.5868 93.8355 94.8692 95.9293 96.8265 97.3775 95.8818 96.7411 97.8345 98.683 98.9957 
78.9301 78.053 77.4064 77.6321 78.9146 80.7051 80.2347 79.8018 80.2397 81.7392 83.9886 82.9869 83.284 83.6302 84.9547 86.3055 86.2978 86.4768 87.7435 88.1704 88.4078 88.8821 89.6079 89.8757 90.09 
74.2731 73.8399 73.6647 73.6336 73.8151 76.3215 76.1577 75.5305 75.5779 76.2682 79.1286 78.6237 78.453 78.1566 78.8911 81.3124 81.1913 81.0312 81.3822 81.3702 82.9245 83.234 83.4765 83.2478 82.8409 
70.6146 70.461 69.8488 69.8328 70.4383 71.8693 71.8359 71.5697 71.4781 72.0137 74.0748 73.575 73.5349 73.6249 73.9032 76.0303 75.8456 75.6587 76.101 75.6603 77.232 77.369 77.5247 77.6458 76.9521 
70.4105 69.83 69.2279 68.3771 68.4788 71.0063 70.2762 69.3981 69.1379 69.253 70.471 70.5503 70.7034 71.3007 70.8386 71.4422 71.2557 72.1111 72.3246 71.6713 72.6741 73.0504 73.244 73.0719 72.5963 
61.6534 61.2912 61.5385 61.7844 62.3491 62.3838 62.0085 61.7958 62.6736 63.5398 63.1519 62.4911 62.6488 63.4137 64.2678 63.6654 62.7015 62.9711 63.4301 64.3062 63.8363 63.6961 63.6411 64.0651 64.5405 
58.9584 59.0616 59.6824 60.1385 60.8817 59.561 59.78 59.5775 60.6434 61.8222 60.1632 59.7414 60.1192 61.115 62.2938 60.6128 59.7162 60.0485 60.7728 61.8177 60.4802 60.4316 60.7396 61.4398 61.8972 
57.1935 57.0616 57.376 57.8955 58.6205 57.5875 57.5182 57.2508 58.4904 59.4212 57.9874 57.463 57.9293 58.8056 59.9359 58.2636 57.2846 57.4724 58.2165 59.3356 58.0894 57.9478 57.9062 58.3942 59.2535 
52.1783 52.2481 51.8281 51.0194 50.7007 52.1819 52.4328 51.821 51.4796 50.9492 52.5508 52.5907 52.5421 51.8652 52.0822 52.7176 52.5861 51.95 51.7853 51.7581 52.9049 52.1478 51.7987 51.8397 51.939 
47.6935 47.6613 47.3694 46.3124 45.5595 47.6884 47.7175 47.181 46.5606 45.7428 47.9164 47.8806 47.5927 46.6745 46.5508 47.8985 47.71 47.0093 46.5669 46.3255 48.0677 47.1302 46.6812 46.6573 46.4133 
39.1928 38.7296 38.757 38.1919 38.1215 40.0955 39.1293 38.8441 38.4711 37.5554 39.6093 39.0411 38.399 38.0656 38.1515 38.2762 38.0483 37.9836 37.9278 37.5651 38.8339 38.0117 38.1319 38.2089 37.4349 
31.4233 31.2864 31.2308 31.1856 31.1228 31.4619 31.3874 31.3488 31.3811 31.295 31.5945 31.4963 31.4692 31.5006 31.2854 31.841 31.6841 31.5782 31.6156 31.4408 31.764 31.7052 31.7363 31.7503 31.4889 
