3326400
154.053 155.55 157.17 157.784 159.28 153.821 155.858 157.881 160.06 160.957 155.185 156.471 159.083 160.969 162.685 154.939 157.159 160.183 161.831 162.655 154.938 157.011 160.292 161.425 161.732 
156.798 156.931 158.04 157.458 158.657 156.316 157.855 159.432 160.179 159.95 156.625 158.416 160.271 161.389 161.946 156.819 158.501 160.367 160.867 160.929 156.773 156.862 157.915 159.466 159.061 
158.747 158.569 159.561 158.923 159.164 158.237 159.501 160.909 161.053 160.005 157.701 158.891 160.397 161.407 161.095 157.349 157.849 159.59 160.025 159.791 157.398 156.538 157.252 158.472 157.762 
166.191 164.382 163.824 164.798 163.582 162.553 163.392 165.221 165.938 162.565 163.748 162.39 164.574 164.231 162.366 162.205 161.872 160.325 160.151 160.028 159.179 159.298 158.259 157.862 158.764 
169.023 166.634 165.677 166.905 165.605 164.549 164.769 166.989 167.645 163.421 166.206 164.238 166.442 166.075 163.415 164.289 163.866 161.5 161.477 161.695 161.031 161.593 159.732 158.698 159.81 
169.922 168.295 167.439 168.34 167.474 166.567 166.743 168.508 169.347 165.975 167.51 165.603 167.594 167.686 165.418 165.389 165.132 163.2 163.488 164.101 163.303 163.454 162.071 161.525 162.558 
173.357 172.811 172.8 173.202 172.7 171.49 172.011 173.6 174.032 171.575 170.641 170.708 171.651 172.737 170.728 168.698 168.785 167.765 169.186 170.719 168.871 168.086 167.247 168.297 169.463 
179.368 184.265 184.693 179.483 178.001 181.459 181.562 183.097 178.732 176.641 180.915 179.686 181.585 179.025 178.139 178.565 178.126 179.96 179.96 180.279 177.531 177.196 178.393 179.49 179.442 
183.403 187.546 188.515 182.449 178.474 184.279 184.939 186.083 180.718 178.502 184.097 183.15 185.725 182.972 181.271 183.007 181.25 182.842 182.954 182.535 180.332 180.747 182.206 182.903 183.426 
188.652 192.51 189.288 188.472 181.834 188.541 189.365 186.789 186.359 184.723 190.132 190.602 188.502 186.125 187.462 189.765 189.9 183.12 186.319 189.208 183.588 186.771 182.406 188.033 189.05 
192.249 194.077 191.211 192.661 185.359 190.757 192.184 189.292 190.556 189.461 192.227 193.303 191.121 190.774 192.192 192.849 192.393 184.925 189.045 191.908 185.926 189.837 185.07 190.858 192.658 
196.11 198.785 195.675 198.501 193.683 195.611 197.381 194.794 197.801 197.061 196.959 199.04 196.456 196.464 198.464 196.659 198.482 192.285 196.548 200.204 191.921 195.876 191.708 197.899 198.804 
207.108 207.655 208.627 209.574 209.688 207.078 207.638 208.746 210.179 210.162 206.745 206.982 208.706 210.703 210.8 206.237 206.697 208.524 210.909 211.583 207.271 208.016 209.155 210.819 211.519 
214.414 214.618 215.844 216.666 217.149 214.286 214.513 215.868 216.93 217.09 213.548 213.539 215.266 216.292 216.902 213.312 213.263 214.821 216.306 217.625 214.447 214.36 215.578 216.807 217.493 
221.191 221.207 222.238 222.701 223.556 220.176 220.539 221.854 222.762 222.862 218.556 219.008 220.535 221.457 222.322 217.918 217.997 219.463 221.728 222.809 219.526 218.996 220.101 221.831 222.183 
232.876 234.449 235.436 235.913 232.535 232.745 236.009 236.305 231.736 230.921 231.065 233.1 232.314 228.753 230.365 228.547 228.076 227.995 230.138 233.452 229.041 228.67 230.529 230.702 233.066 
239.501 240.547 238.923 238.407 239.26 238.037 238.66 237.524 234.996 237.233 240.589 237.776 233.054 230.62 234.408 235.83 235.306 231.786 231.435 235.096 234.224 233.403 237.149 235.997 236.293 
252.039 252.084 252.077 252.036 251.671 252.224 252.335 252.52 251.944 251.526 252.379 252.173 251.775 251.295 251.094 252.202 251.706 251.049 251.402 251.234 252.041 251.604 251.379 251.937 251.559 
255.351 255.244 255.191 255.037 255.209 255.466 255.253 255.221 255.246 255.169 255.415 255.268 255.453 255.312 255.308 255.564 255.598 255.473 255.339 255.34 255.512 255.53 255.417 255.547 255.28 
255.835 255.715 255.555 255.532 255.71 255.817 255.722 255.598 255.632 255.696 255.611 255.842 255.81 255.596 255.583 255.586 255.803 255.835 255.516 255.765 255.665 255.759 255.737 255.211 255.82 
151.905 153.104 154.867 157.847 160.492 151.638 153.004 155.196 158.811 161.234 152.16 153.88 156.677 159.46 161.317 151.675 153.612 157.311 161.08 162.724 152.908 155.01 158.656 161.331 161.853 
154.256 155.164 155.998 156.654 157.132 154.138 155.164 156.824 157.995 158.18 154.207 154.949 156.934 158.532 159.148 153.734 154.647 157.44 158.997 159.244 153.88 154.668 157.169 158.166 157.961 
157.611 157.548 158.354 158.479 158.471 157.347 157.8 158.803 159.221 158.918 156.236 156.519 157.549 158.923 159.061 155.558 155.166 156.591 158.206 158.76 156.039 155.042 155.862 157.382 157.022 
159.831 160.311 161.05 161.92 161.828 159.441 159.535 160.786 161.294 161.355 158.635 158.498 159.113 159.882 160.453 158.375 157.645 158.987 159.46 160.557 159.229 158.798 159.536 159.525 160.07 
164.894 163.679 163.665 164.373 164.265 162.719 163.039 164.531 165.324 163.068 163.464 162.076 163.602 163.935 162.832 162.34 162.357 161.184 161.739 161.276 160.648 161.322 160.357 160.57 161.703 
166.332 166.096 166.608 167.567 167.024 165.173 165.323 166.681 167.749 166.754 164.859 165.045 165.822 166.894 166.314 164.46 164.811 164.361 165.423 166.297 164.54 164.94 164.223 164.672 165.384 
168.668 169.89 171.165 171.652 172.061 168.943 169.961 171.346 172.22 172.054 169.241 169.29 170.962 170.634 170.949 168.081 168.292 168.379 169.702 170.925 168.542 168.634 167.795 169.496 170.016 
175.724 176.133 178.303 179.169 177.913 175.315 175.397 176.696 177.966 177.912 173.291 173.119 176.151 176.549 178.444 173.917 173.585 175.942 176.223 177.546 173.36 173.573 174.148 174.069 175.723 
181.25 185.545 186.023 181.189 179.829 182.617 182.809 184.526 180.596 179.084 182.222 181.43 183.674 181.29 180.785 180.599 180.417 182.698 182.899 183.15 179.882 179.697 181.098 182.173 182.16 
188.58 187.815 189.118 187.398 182.466 185.855 187.074 187.763 186.009 184.627 185.833 185.543 187.972 188.941 187.55 187.382 184.048 184.21 185.703 185.34 184.34 184.858 184.99 185.792 187.672 
191.88 193.921 190.625 193.099 188.962 191.164 192.417 189.763 192.31 192.074 192.576 194.318 191.672 191.397 193.495 192.987 194.783 188.216 191.903 195.063 188.704 192.374 187.994 193.517 194.286 
199.214 199.145 199.345 200.284 200.983 199.157 199.302 199.715 201.143 201.73 199.613 199.919 200.953 202.513 202.543 200.49 200.702 201.903 203.359 204.055 201.056 201.597 202.591 203.256 203 
207.326 207.429 207.798 208 207.97 206.968 207.227 207.533 208.401 208.481 207.147 206.582 207.407 208.787 209.241 208.434 207.555 208.307 209.415 210.653 208.947 208.723 209.272 210.082 210.421 
213.933 214.176 213.64 213.21 213.709 213.211 213.03 212.694 212.797 213.722 212.771 212.311 212.309 213.035 213.326 213.57 213.354 213.109 213.942 214.581 214.287 214.076 214.023 214.759 215.318 
219.486 222.293 223.962 222.931 222.672 219.054 222.163 223.758 219.569 221.521 217.683 219.255 219.887 218.597 222.416 219.202 219.933 219.693 222.783 226.419 219.212 221.495 221.745 221.753 223.337 
231.643 233.782 233.15 231.779 233.881 229.296 231.152 231.309 228.257 232.145 231.418 229.439 226.056 224.567 230.196 228.958 229.499 226.667 227.472 232.244 227.613 228.66 231.956 230.327 231.164 
237.209 238.755 237.633 237.246 237.466 235.5 236.77 236.24 233.485 235.982 238.179 235.626 230.89 228.799 232.881 233.806 233.236 229.676 229.883 234.113 232.109 231.833 235.59 234.182 235.193 
242.229 242.399 240.21 240.202 241.79 240.373 240.049 238.999 238.626 241.202 243.491 239.854 235.983 234.736 238.203 240.482 239.746 236.087 236.044 238.985 238.756 238.096 240.733 240.668 240.461 
253.661 253.52 253.559 253.81 253.659 253.866 253.99 253.983 253.941 253.854 254.082 254.053 253.903 253.54 253.313 254.32 254.231 253.704 253.511 253.7 254.35 254.334 253.872 253.461 254.014 
254.741 254.676 253.557 254.557 254.66 254.98 255.016 253.906 253.996 254.313 253.889 255.051 255.185 253.979 253.898 253.337 254.886 254.987 253.24 254.774 253.975 254.502 253.917 251.156 255.12 
150.628 151.406 152.809 155.237 157.344 150.696 151.559 153.416 156.201 158.171 150.687 151.853 154.387 156.66 157.949 150.158 151.657 154.537 157.558 158.624 150.694 152.384 154.961 157.274 157.999 
152.641 152.9 153.509 154.388 154.929 152.248 152.771 153.769 154.838 155.261 151.746 152.686 154.087 155.061 155.457 151.3 152.393 154.032 154.903 155.445 151.447 152.521 153.545 154.276 154.911 
154.515 154.612 155.195 155.625 155.628 154.52 154.664 155.147 155.66 155.87 153.923 153.932 154.375 155.358 155.16 153.406 153.222 154.251 155.306 155.667 153.928 153.876 154.576 154.782 154.796 
157.04 156.678 158.586 158.369 159.455 157.532 158.119 159.093 159.317 158.85 157.42 157.67 157.279 158.344 158.371 157.666 158.077 157.54 159.182 158.393 158.223 158.583 157.707 160.158 161.345 
158.633 158.387 159.875 159.864 160.799 159.275 159.782 160.82 161.239 160.783 159.499 159.936 159.832 160.756 160.954 160.48 161.032 160.567 162.04 161.074 161.107 161.471 160.704 162.864 164.109 
162.256 162.452 164.208 164.176 164.88 162.891 163.552 164.717 165.369 165.203 163.323 163.676 164.15 164.777 164.993 163.361 164.24 163.878 165.56 164.989 164.086 164.715 163.821 165.972 166.61 
167.531 168.106 171.348 172.357 172.072 168.736 168.659 169.998 171.87 172.366 168.148 168.114 170.926 170.899 172.854 168.88 169.694 170.899 171.124 172.123 168.619 169.693 169.195 169.225 170.324 
171.528 172.034 175.242 176.766 175.912 171.83 172.056 173.786 175.443 176.206 170.896 170.957 174.512 174.498 177.261 172.3 172.685 174.888 174.743 176.248 172.196 173.029 172.908 172.294 173.976 
177.572 177.693 179.742 180.528 179.941 177.451 177.187 178.786 180.233 180.537 176.734 176.619 179.23 180.089 181.803 177.983 178.429 180.318 180.424 181.508 178.328 178.885 179.274 178.987 180.253 
184.997 183.738 183.622 186.893 187.282 184.221 183.752 183.764 186.266 187.181 184.68 185.451 185.899 187.036 186.185 185.906 186.862 187.231 188.61 189.731 186.803 187.137 188.075 190.299 189.818 
190.636 190.276 190.962 191.832 192.553 190.911 190.849 191.557 192.024 192.759 191.913 192.25 193.043 193.474 193.991 193.693 194.418 195.183 195.2 195.29 195.21 195.807 196.199 195.889 195.675 
197.508 197.32 197.784 198.54 199.028 197.721 197.864 198.11 198.947 199.65 198.685 198.844 199.544 200.228 201.204 200.884 200.912 201.397 202.304 203.019 202.164 202.122 202.953 203.331 202.706 
205.048 205.269 205.479 205.409 205.588 204.687 204.777 204.799 205.258 205.985 205.137 205.004 204.942 205.538 206.23 206.965 206.296 205.958 206.586 207.455 208.004 207.342 207.766 207.797 208.042 
211.324 211.765 211.112 210.499 210.632 210.973 210.775 210.203 209.673 210.705 210.269 209.549 209.176 209.139 209.981 211.605 210.58 209.646 209.419 210.474 212.017 210.951 210.599 210.609 211.04 
215.343 217.538 219.26 219.59 218.073 216.759 218.076 217.72 217.24 216.779 216.224 217.048 215.319 214.343 214.455 216.814 215.795 214.212 213.089 213.273 217.241 215.339 215.153 214.27 215.203 
221.791 225.051 227.318 226.558 225.101 221.896 225.528 227.305 223.134 223.989 221.234 223.261 223.436 222.039 224.559 222.691 223.702 223.058 224.574 227.591 222.282 224.624 224.41 222.929 224.71 
234.617 235.624 233.175 233.1 233.78 231.539 231.615 231.206 231.82 233.228 235.226 231.008 227.512 228.259 230.43 231.328 230.663 227.89 228.262 231.226 229.479 229.546 232.664 231.835 232.222 
237.262 237.157 235.616 237.604 233.75 235.08 234.285 234.812 238.465 234.626 237.644 233.736 234.159 237.302 234.01 236.016 233.957 234.587 237.458 236.858 234.735 234.907 235.62 237.764 238.267 
244.41 243.416 241.726 242.576 241.511 244.321 244.262 243.181 243.697 242.855 244.67 244.01 245.451 243.995 243.912 244.576 244.075 244.583 245.822 246.329 245.293 244.632 244.184 245.975 246.502 
246.617 245.522 242.994 244.052 244.471 246.262 246.463 244.587 243.934 244.992 244.612 248.245 248.487 245.312 246.95 243.787 248.091 248.296 245.143 248.313 245.995 247.622 246.296 240.958 248.566 
149.855 149.561 150.777 152.828 154.35 149.257 149.619 151.033 153.234 154.818 148.827 149.457 151.538 153.649 154.952 148.347 149.605 151.675 153.261 154.995 148.429 150.129 151.523 152.799 154.792 
150.605 150.631 151.174 151.866 152.45 150.477 150.685 151.41 152.667 153.261 150.011 150.576 151.693 152.614 153.136 149.635 150.452 151.65 152.295 153.053 150 151.015 151.43 151.968 152.906 
151.61 151.81 152.371 152.657 152.983 151.646 151.995 152.215 152.893 153.151 151.737 151.891 152.182 152.597 152.827 152.214 151.937 152.172 152.299 152.706 152.686 152.443 152.157 152.263 152.732 
153.658 153.347 153.731 154.246 154.829 154.29 154.12 153.849 154.203 154.839 155.033 154.834 154.281 154.383 154.474 155.64 155.635 155.532 155.372 155.723 156.373 156.261 156.241 156.028 156.601 
157.85 157.118 157.758 157.46 158.296 158.534 158.716 158.937 158.765 158.395 159.085 159.535 158.957 159.264 159.268 159.985 160.844 160.437 161.048 159.804 160.788 161.088 160.468 162.021 162.703 
161.601 161.346 161.271 161.801 162.074 162.313 161.989 161.721 162.486 162.927 163.12 163.241 163.329 163.686 163.993 164.105 164.636 164.967 165.186 165.092 165.08 165.105 165.161 165.472 165.627 
165.958 166.209 167.309 168.457 168.989 166.347 167.177 167.74 168.345 169.52 167.26 168.565 169.394 168.935 169.335 167.996 168.954 169.308 170.099 170.175 169.472 170.066 169.382 170.11 170.339 
171.324 171.438 172.504 174.036 174.715 171.322 171.523 171.913 171.438 175.921 170.719 171.037 171.9 171.99 173.656 172.586 172.285 171.943 173.643 174.251 175.525 177.045 176.389 175.252 174.306 
178.911 177.63 177.014 181.507 182.041 177.802 177.626 177.029 180.244 182.218 177.982 179.514 179.792 181.357 180.703 179.737 180.842 181.116 182.987 184.316 180.515 181.048 182.538 185.221 184.504 
183.321 181.913 181.317 185.342 186.11 182.693 181.808 181.446 184.618 185.934 183.301 184.053 184.138 185.346 184.055 184.464 185.62 185.58 187.395 188.168 185.321 186.034 186.999 189.616 188.235 
187.692 186.791 186.567 190.019 190.565 187.523 187.104 186.671 189.251 190.426 188.205 189.037 189.171 190.08 189.533 189.693 190.337 190.503 192.36 193.102 190.297 190.792 191.716 194.213 193.114 
194.494 196.225 196.432 197.825 197.512 194.103 195.325 195.465 197.386 198.465 195.124 196.527 195.862 198.152 200.501 196.664 197.085 198.519 198.536 200.236 198.525 197.445 199.599 198.77 199.274 
202.7 202.971 204.132 202.196 204.457 201.419 201.734 202.199 202.519 204.597 201.581 202.307 201.812 201.317 203.041 201.775 202.365 202.121 202.74 203.676 202.528 201.71 202.397 203.53 203.015 
208.926 210.802 212.812 213.607 211.978 210.051 210.885 210.889 211.134 210.611 209.571 209.902 208.831 207.684 208.061 209.683 208.284 207.429 205.406 205.695 207.486 205.356 205.739 204.332 205.507 
210.63 214.446 217.393 218.403 216.138 214.163 216.133 216.064 215.791 214.009 214.447 215.143 213.478 211.242 211.038 213.992 212.877 211.311 207.683 207.609 213.77 211.75 211.34 208.876 209.956 
216.329 217.931 219.552 220.16 219.002 218.588 219.956 219.883 219.493 218.38 219.085 219.987 218.801 217.325 216.662 218.575 218.634 217.698 214.818 214.501 218.507 217.767 217.738 215.289 215.661 
223.537 221.173 220.161 221.123 222.587 225.057 222.635 223.148 221.979 222.572 224.866 224.278 224.329 223.894 223.212 221.893 223.388 224.731 223.206 221.786 221.788 222.109 224.242 222.469 222.124 
230.862 230.563 227.667 228.975 226.222 229.205 228.231 228.136 230.035 226.707 231.464 228.236 229.315 230.682 227.849 229.843 228.291 229.55 230.818 231.05 228.491 228.688 229.127 231.456 231.911 
232.638 230.325 229.432 229.204 229.286 232.086 230.98 229.895 230.193 230.038 233.396 234.667 234.862 232.726 234.785 234.646 235.285 235.506 234.891 235.657 235.637 234.604 234.476 234.664 235.485 
236.328 234.659 232.846 232.091 232.621 235.562 235.882 235.435 233.659 234.914 235.946 239.147 239.463 236.451 240.294 237.121 239.593 239.645 239.004 240.235 239.153 239.74 237.999 237.916 239.209 
146.2 146.318 148.317 150.501 151.776 145.896 146.339 148.425 150.912 152.492 145.467 146.013 148.261 150.788 152.279 145.41 146.32 148.3 150.277 152.071 145.777 146.5 148.362 150.097 151.624 
146.506 147.759 148.182 149.253 148.57 146.015 146.69 148.195 150.087 149.465 144.877 146.041 147.923 150.138 150.613 144.726 147.506 147.781 149.432 149.55 146.45 148.197 148.34 148.927 148.826 
145.451 144.97 147.499 147.76 147.605 147.738 146.378 146.104 146.594 148.431 146.592 146.755 147.177 146.68 147.721 146.281 146.982 148.816 149.786 149.409 148.962 147.559 148.576 150.366 149.189 
150.187 149.631 149.434 149.641 150.2 150.902 150.473 149.712 149.571 150.253 151.437 151.397 150.577 150.258 150.646 151.859 151.731 151.741 151.633 151.804 152.442 152.277 152.677 152.935 152.855 
155.498 154.211 152.88 153.067 153.785 155.906 155.153 153.578 152.852 153.481 157.023 156.813 155.416 154.421 155.013 157.37 158.014 157.735 156.371 156.271 157.15 157.905 158.141 156.631 156.542 
161.221 160.865 158.786 160.219 161.085 161.836 160.697 160.105 160.965 161.504 162.034 162.884 161.446 161.242 161.031 162.697 164.014 162.677 162.735 162.035 164.183 164.954 164.626 164.273 163.974 
167.651 167.702 166.687 168.092 169.634 167.682 167.108 167.013 166.435 170.912 167.574 167.979 166.978 166.786 167.449 168.904 168.773 166.628 168.915 169.05 172.397 174.009 172.88 172.317 170.902 
170.993 170.776 170.672 172.444 173.215 170.283 170.901 170.754 169.232 174.431 169.956 171.053 170.332 169.914 171.346 172.441 171.985 170.433 172.341 172.685 175.93 177.506 176.975 175.682 174.467 
174.24 174.503 174.579 175.408 176.217 174.45 174.403 174.583 173.305 177.237 174.731 174.679 174.101 173.581 174.903 176.259 175.927 174.414 176.544 176.935 179.188 180.548 180 179.345 177.668 
182.195 181.353 180.503 184.358 184.751 181.866 181.403 180.351 183.221 184.728 182.575 183.669 183.355 183.456 183.14 184.431 185.228 184.53 185.748 186.578 183.595 184.414 185.635 187.436 185.747 
188.474 190.458 190.701 192.077 191.332 188.613 189.906 189.416 190.945 192.184 188.853 190.024 188.76 191.006 193.801 190.218 190.588 191.317 191.272 192.864 191.485 190.663 191.68 190.568 191.214 
194.342 196.638 197.34 197.809 197.941 193.524 195.174 194.551 196.562 199.236 194.12 195.392 193.595 196.213 200.001 194.705 194.965 196.143 196.492 198.804 196.274 194.358 196.085 195.756 196.666 
200.517 199.821 197.699 199.211 200.644 197.775 197.234 199.449 198.9 200.47 201.377 197.587 197.814 197.039 201.137 198.147 196.457 197.065 194.583 198.679 196.169 194.322 196.689 193.468 195.524 
204.528 204.501 205.462 203.227 204.637 202.942 203.548 203.59 202.852 204.518 202.626 203.071 202.146 200.48 201.166 201.352 201.772 200.904 199.847 200.365 199.502 198.625 198.12 197.75 197.634 
202.165 203.514 204.213 203.2 202.738 203.59 206.836 206.375 201.769 201.912 205.087 206.617 203.107 198.387 200.318 204.778 204.294 201.966 197.391 198.822 199.988 200.357 198.827 196.088 198.286 
212.175 209.75 208.442 208.488 210.753 215.221 211.9 211.928 208.493 210.552 214.899 213.423 213.068 211.658 211.807 210.991 213.181 213.783 212.237 209.383 210.529 211.637 213.966 210.179 208.974 
217.887 214.164 211.481 212.445 215.832 221.463 216.556 216.521 212.175 215.699 220.751 219.223 219.343 217.949 219.226 216.195 219.255 220.733 218.969 216.989 215.793 216.663 219.832 217.894 216.076 
220.686 218.629 219.075 220.126 219.458 222.483 217.412 216.013 217.844 217.352 224.036 221.129 222.081 221.855 220.68 223.715 222.962 223.502 222.145 222.074 222.471 220.533 223.41 222.735 221.888 
223.051 222.998 224.359 224.644 222.882 224.58 221.396 220.227 222.263 220.87 227.227 224.999 226.223 225.737 224.661 229.352 228.048 227.624 226.499 226.765 228.326 226.696 227.458 227.164 226.43 
230.132 228.258 227.397 227.485 227.122 229.364 228.268 227.336 227.855 228.355 231.204 233.28 233.172 231.037 234.091 233.335 234.584 233.959 233.265 234.514 234.635 233.947 233.107 233.005 233.564 
143.694 145.086 146.345 148.584 148.449 143.177 144.011 146.32 149.053 148.862 141.835 143.253 145.741 149.012 149.84 141.169 144.55 145.722 148.299 148.848 142.974 145.08 146.212 147.628 147.993 
143.609 143.848 146.367 146.756 146.051 145.503 144.517 145.124 146.105 146.931 143.527 144.16 145.603 145.987 147.095 142.908 145.08 147.034 148.893 148.251 146.257 145.736 147.019 148.875 147.344 
142.265 143 144.582 144.71 145.09 143.324 142.515 143.155 144.07 144.459 142.954 142.677 144.962 146.043 145.798 142.68 144.205 146.626 147.807 145.603 144.055 145.546 148.709 149.076 146.851 
144.78 144.014 145.906 146.192 146.027 147.165 145.504 144.915 144.715 146.501 146.158 146.11 146.046 145.041 146.13 145.422 146.348 147.958 148.606 148.157 147.862 146.583 147.837 149.131 147.735 
152.414 150.956 149.291 148.939 149.657 153.177 152.214 150.21 148.46 149.323 153.958 153.65 151.92 150.107 150.585 153.519 154.275 153.86 152.084 151.517 152.53 153.77 154.09 152.035 151.231 
158.903 157.594 155.605 155.381 155.78 159.335 158.301 156.137 154.61 155.529 160.441 159.651 157.828 156.391 156.728 159.981 160.107 159.561 157.693 157.021 158.317 159.209 159.572 157.275 156.434 
166.391 166.67 163.241 162.624 163.087 167.452 165.905 162.239 162.901 164.155 166.566 168.091 165.845 164.565 164.382 166.193 166.496 167.072 167.441 165.507 163.946 165.121 163.465 166.581 166.366 
171.164 171.995 172.051 172.082 172.357 171.597 171.754 171.456 169.473 173.031 172.136 172.004 170.654 169.728 170.769 173.342 172.29 170.248 172.524 173.15 175.375 176.953 176.21 175.314 173.507 
175.484 176.192 176.169 176.352 175.529 176.046 176.123 176.419 176.014 175.818 177.939 178.579 178.277 176.433 177.71 180.575 180.633 179.394 178.247 178.291 177.924 179.056 179.664 178.327 176.405 
178.647 179.115 179.114 179.424 178.818 179.882 179.724 179.976 179.613 179.575 181.897 182.327 182.22 180.233 181.058 184.364 184.5 183.431 181.972 181.379 181.251 182.605 183.079 181.239 178.582 
184.3 185.054 184.875 184.953 184.508 185.049 185.239 185.224 185.007 185.094 186.708 187.043 187.136 185.61 186.257 188.812 188.387 187.504 185.827 185.321 185.793 186.582 186.419 184.806 182.685 
196.523 195.693 192.39 194.282 195.332 194.587 193.321 195.363 194.212 195.413 198.748 193.869 194.087 193.388 197.197 195.558 192.792 193.46 190.246 194.152 195.65 193.301 194.981 191.176 192.984 
200.179 196.15 192.527 194.253 196.756 196.185 194.354 195.504 193.502 194.186 200.159 194.421 194.132 192.15 195.144 195.981 193.11 192.722 189.968 193.42 195.929 194.18 195.004 191.833 193.097 
198.8 196.997 193.888 194.578 196.134 196.458 196.503 198.802 194.398 195.121 200.804 196.593 195.962 191.675 195.354 197.419 194.823 193.599 189.296 193.441 193.398 192.619 192.743 189.106 191.705 
193.987 195.192 194.324 191.882 192.43 194.965 198.328 197.505 191.584 191.72 196.814 198.418 194.257 188.897 190.313 196.899 195.618 193.028 189.258 191.144 193.795 194.86 192.289 190.152 192.633 
195.862 196.367 195.481 193.224 194.094 197.37 199.579 198.394 192.835 193.592 199.674 200.693 196.515 191.604 193.042 199.74 198.788 196.498 193.646 194.285 196.418 198.13 195.856 193.846 194.999 
205.119 201.059 198.654 198.591 201.959 208.143 203.257 202.375 198.474 201.664 207.078 205.211 204.801 203.534 203.978 202.973 204.727 205.981 205.704 202.227 202.444 203.091 205.809 202.978 201.582 
197.805 199.161 196.366 194.395 194.28 199.54 198.392 196.117 194.395 194.008 200.52 201.72 202.109 198.738 198.902 201.284 200.802 201.219 199.651 198.075 200.398 200.156 200.493 199.659 198.765 
214.761 215.756 217.482 217.295 214.954 216.635 214.433 212.421 215.569 213.752 219.287 218.029 218.78 219.119 216.967 221.367 221.06 220.348 219.694 219.596 220.467 219.543 220.817 220.205 219.295 
210.701 213.634 212.418 211.903 210.229 216.917 223.411 222.94 222.202 222.468 218.715 224.144 225.849 224.588 224.81 220.458 228.953 226.913 227.279 227.013 220.868 230.332 227.83 227.123 226.789 
136.412 137.612 141.168 144.547 148.412 135.769 137.557 141.184 144.337 148.105 135.353 137.064 140.589 144.547 148.167 135.104 136.732 140.581 144.177 148.147 135.629 136.961 140.148 144.013 147.834 
140.915 142.432 143.224 143.962 144.443 140.856 141.156 142.653 144.073 143.702 140.753 140.988 143.941 146.197 145.593 140.541 142.77 144.839 146.211 144.574 141.165 144.01 146.996 147.097 145.692 
141.112 141.733 143.42 143.572 143.926 142.318 141.529 142.154 142.832 143.372 142.13 141.823 143.902 144.736 144.513 141.691 143.094 145.526 146.394 144.423 142.81 144.153 147.24 147.605 145.586 
141.561 141.877 142.189 142.305 142.794 141.461 141.189 141.588 141.904 141.874 141.694 141.233 142.774 143.592 143.328 141.126 142.245 143.496 143.747 141.968 141.413 143.651 146.013 145.214 143.63 
149.068 147.254 145.837 145.093 145.368 149.069 148.385 146.605 144.763 144.936 149.69 149.136 147.434 146.078 146.189 148.922 149.392 148.679 147.007 146.135 147.694 148.594 148.726 146.288 145.172 
160.427 160.382 157.675 154.904 154.077 162.261 161.731 156.03 155.333 155.593 161.315 162.683 160.127 158.08 157.229 160.64 160.192 161.532 160.82 157.546 157.127 157.566 155.407 158.274 156.883 
168.078 168.687 164.924 162.176 161.097 169.089 169.139 162.285 161.481 161.754 167.956 170.084 166.299 163.301 162.952 166.439 166.244 166.966 167.082 165.543 160.87 162.61 161.162 164.601 164.685 
170.15 170.679 167.898 165.386 164.72 170.935 171.164 165.741 164.562 164.541 169.893 171.982 168.857 165.966 165.843 168.962 168.852 169.426 169.435 168.327 164.624 166.02 164.352 167.69 167.806 
172.434 173.509 173.815 172.156 170.249 173.728 174.026 173.068 171.33 169.443 174.501 174.455 172.768 170.913 170.921 174.964 174.16 172.992 173.08 173.216 174.238 173.646 173.576 173.199 172.273 
177.354 177.1 176.204 175.828 174.511 177.81 177.638 177.193 176.1 175.143 179.801 180.332 179.828 176.756 176.543 182.342 182.072 180.257 177.425 176.435 178.447 179.19 179.193 176.632 173.519 
190.77 187.907 184.519 181.169 180.165 192.247 187.606 186.157 181.917 180.491 191.495 188.598 186.728 183.435 179.27 191.992 188.484 185.638 182.324 178.026 191.687 187.633 183.714 181.261 177.753 
199.13 192.895 188.389 188.137 188.543 196.62 192.827 188.954 185.913 184.441 196.221 191.872 188.546 188.084 185.099 195.533 191.321 188.775 186.868 184.4 196.156 192.338 188.609 186.528 183.88 
198.975 193.87 188.803 190.838 192.888 195.17 192.07 192.756 190.011 189.924 199.04 192.003 191.43 189.429 191.522 195.073 190.77 189.743 186.829 189.433 194.709 191.978 192.038 188.429 189.276 
190.014 185.265 182.616 183.819 184.11 187.428 185.718 181.947 180.761 179.775 186.249 183.542 180.738 181.116 180.751 185.281 182.426 180.722 180.405 180.895 186.064 183.705 182.558 181.228 180.828 
186.018 186.018 185.5 183.43 183.716 186.765 189.478 188.259 182.224 182.818 187.863 189.215 184.437 179.46 182.133 187.834 186.923 183.787 179.914 182.337 185.622 185.618 183.147 181.724 184.212 
170.946 170.752 171.971 170.417 169.4 173.293 171.98 171.246 169.497 167.991 173.361 171.142 168.695 166.288 169.442 173.515 169.315 165.934 167.748 169.143 173.22 169.86 167.662 169.013 167.664 
172.29 173.096 171.014 168.692 168.75 172.401 172.259 169.019 168.786 167.792 172.405 173.805 173.828 171.036 170.519 173.141 171.946 171.972 171.223 168.331 172.698 172.338 172.009 169.503 169.21 
174.291 175.739 173.035 170.143 170.124 174.38 174.966 171.648 171.342 170.353 174.429 176.885 177.621 174.572 173.787 175.784 175.219 175.315 174.368 171.416 175.496 175.76 175.599 172.754 172.534 
170.752 173.396 170.98 167.094 166.714 173.939 180.279 178.253 178.694 176.849 174.651 182.57 184.437 182.443 181.217 176.211 182.157 182.631 182.729 179.394 176.314 183.282 183.523 180.849 180.568 
22.3891 40.4095 34.1855 33.3356 31.4455 114.126 201.129 210.572 221.616 223.232 110.996 197.337 214.053 224.05 224.665 108.877 202.5 211.873 223.742 225.903 107.783 206.287 213.698 218.149 225.478 
117.185 127.34 131.534 136.603 145.635 116.792 127.022 130.967 138.01 147.375 115.977 126.944 130.854 136.21 147.784 115.738 125.643 130.116 135.521 145.821 115.131 125.122 129.019 135.747 145.269 
133.606 135.174 136.419 137.085 137.656 134.467 135.513 137.434 138.551 138.424 134.172 135.866 137.461 138.627 139.348 133.525 135.008 136.785 137.533 139.63 132.916 134.759 135.479 137.262 139.413 
136.535 137.514 138.057 138.283 138.498 136.36 136.402 137.339 138.058 137.633 136.977 136.553 138.459 139.551 139.087 136.407 137.299 138.885 139.128 137.71 136.051 138.339 140.696 140.249 139.177 
137.189 136.703 136.413 136.125 135.127 136.199 136.347 136.696 136.206 135.055 135.814 135.739 135.622 134.96 135.265 134.563 135.012 134.248 133.621 133.534 134.952 135.507 134.854 133.956 133.742 
138.947 137.488 136.07 135.346 134.389 137.562 137.41 136.25 135.042 134.116 137.221 136.582 135.593 134.039 134.346 135.768 135.802 134.314 132.976 132.077 136.726 137.002 135.258 133.424 132.464 
150.782 148.789 147.098 143.277 140.747 150.957 149.978 146.811 143.688 140.472 151.02 149.146 145.782 143.968 140.829 150.696 148.311 145.499 143.109 139.657 150.082 147.361 145.665 142.875 139.55 
165.073 165.427 161.787 158.143 156.506 166.071 165.191 159.38 157.498 156.9 164.441 165.718 162.391 159.01 157.912 163.209 162.269 163.47 162.138 158.832 159.35 159.059 155.601 158.914 158.005 
166.33 166.617 164.906 162.887 161.566 165.847 167.503 163.794 161.439 159.15 165.475 166.808 162.729 159.282 158.341 163.546 164.08 160.748 160.495 161.687 159.924 161.604 161.631 160.385 160.718 
159.042 158.061 157.183 155.764 154.227 158.338 158.103 157.093 154.158 152.572 158.649 158.049 156.269 153.532 152.581 157.358 155.792 154.33 152.521 152.012 156.964 154.963 152.99 152.229 151.437 
170.21 167.546 163.454 159.112 153.939 170.589 167.583 163.746 158.47 153.082 170.717 168.091 163.562 158.012 152.779 170.419 167.122 162.814 157.383 153.105 169.043 165.473 161.677 156.889 152.252 
174.779 168.644 159.074 147.89 134.733 174.58 168.545 158.793 146.666 133.742 174.441 168.255 157.845 145.294 131.702 173.245 166.183 155.9 143.078 130.269 170.934 164.121 154.235 142.357 128.627 
183.085 177.026 168.771 162.159 157.809 185.18 174.893 171.236 162.826 157.904 182.273 175.753 170.586 164.096 154.3 182.355 174.039 168.114 161.55 151.845 179.169 170.003 161.831 157.03 148.572 
181.364 175.09 171.332 172.562 172.748 178.492 175.609 171.184 169.259 167.834 176.889 173.522 170.61 170.713 169.704 175.667 172.201 170.936 170.288 169.999 176.12 173.018 172.119 170.385 169.081 
164.707 162.095 160.129 159.928 160.284 166.495 162.488 161.075 159.536 159.946 163.863 161.03 160.638 159.47 159.712 163.006 159.568 159.57 159.111 159.395 162.951 158.995 159.218 158.946 158.811 
162.49 161.023 161.992 160.75 160.046 164.699 162.24 161.697 159.758 159.02 163.065 160.454 158.825 156.593 160.543 162.954 158.669 155.613 157.095 159.26 163.646 158.416 156.665 158.531 157.132 
158.542 157.989 159.188 158.086 156.911 160.099 159.14 158.615 157.066 155.653 159.355 157.406 155.41 153.651 157.148 159.42 156.075 152.391 154.116 156.171 159.798 155.983 153.972 155.995 154.672 
155.811 155.381 156.789 155.711 154.439 157.508 156.72 156.35 154.808 153.312 157.233 155.431 153.75 151.604 155.14 157.425 154.398 150.835 152.444 154.116 157.951 154.206 152.299 154.157 152.573 
160.119 161.254 158.992 155.766 155.596 159.904 159.896 157.007 156.734 154.981 160.31 161.626 162.07 159.381 158.275 161.684 160.238 159.874 158.896 155.813 161.612 160.966 160.564 157.452 156.917 
142.626 143.524 142.338 138.189 137.367 147.063 147.809 145.784 143.535 141.328 147.636 148.108 146.479 145.362 144.161 148.84 149.546 146.403 145.547 144.501 148.546 149.03 146.582 145.142 143.707 
99.1703 102.116 99.3335 94.4314 92.6884 133.437 162.317 164.076 166.59 164.586 132.232 160.901 165.306 168.875 167.615 132.418 164.35 164.424 168.64 167.692 132.118 165.081 165.526 166.286 167.303 
85.6265 108.884 114.056 123.134 138.11 82.7547 108.796 112.73 125.43 141.36 81.7192 106.077 112.297 120.608 141.841 81.484 104.146 108.323 119.682 136.852 81.1504 103.668 106.955 119.957 135.715 
113.547 117.478 119.111 120.416 122.084 112.773 116.82 117.971 120.134 122.717 114.212 117.209 117.822 119.422 122.321 113.953 115.893 117.247 117.496 121.312 111.244 114.907 115.27 116.208 120.233 
120.551 121.556 122.226 122.131 121.498 120.415 121.02 121.637 122.152 121.63 122.071 121.487 121.519 121.531 121.556 121.569 120.517 120.815 119.629 120.242 119.058 119.535 118.706 117.976 119.489 
123.98 123.702 123.435 123.352 122.589 122.643 122.949 123.149 122.718 122.211 122.974 122.225 121.933 121.293 122.042 121.982 121.41 120.661 119.767 119.774 121.9 121.797 120.628 119.474 119.864 
108.511 107.353 106.363 103.971 103.044 107.973 107.299 106.19 104.395 103.358 107.543 106.152 105.242 103.209 102.313 107.466 105.628 103.672 102.115 100.885 107.371 105.867 103.52 101.238 100.214 
130.654 128.329 124.932 120.253 117.466 130.243 126.691 123.145 119.242 115.886 128.779 125.974 121.151 117.283 114.761 127.526 123.941 119.862 116.03 113.737 126.636 123.017 118.78 114.891 113.028 
146.649 144.723 142.803 140.274 137.956 143.247 141.461 139.142 136.832 134.154 138.733 136.688 134.207 132.335 130.191 135.037 132.99 130.078 127.899 125.948 131.649 129.535 127.099 124.724 122.979 
140.518 140.064 139.334 138.728 137.972 137.75 138.338 137.892 134.458 134.309 137.418 137.282 135.209 132.456 131.823 131.979 131.442 130.498 129.023 129.231 129.748 128.322 127.075 126.711 126.56 
130.284 129.092 128.07 127.703 126.786 128.284 127.916 127.137 124.5 124.027 127.86 127.139 125.366 122.693 122.418 124.614 122.478 121.476 119.894 119.766 123.262 120.923 119.079 118.158 117.912 
128.398 126.526 123.831 121.026 118.049 127.243 125.926 123.05 118.799 116.143 128.265 126.263 122.82 118.047 115.849 126.007 122.875 120.106 116.521 114.174 124.874 121.889 118.171 115.193 113.064 
131.437 127.698 120.929 113.766 106.385 131.714 126.794 120.637 112.97 105.408 130.851 126.709 119.711 112.143 104.569 130.067 125.182 118.682 111.034 104.263 128.903 124.058 117.663 110.798 103.435 
124.141 122.374 118.826 114.75 112.441 123.375 121.521 118.317 114.781 112.869 120.8 120.257 117.203 114.473 112.246 120.686 119.48 116.367 113.067 110.642 119.004 117.443 115.085 112.347 110.629 
131.074 130.057 128.141 126.984 126.006 131.189 130.046 128.717 127.331 126.02 130.012 128.881 127.865 126.798 125.946 127.966 127.26 126.575 125.956 125.577 127.146 126.139 125.754 125.44 125.063 
151.133 148.589 147.062 146.734 147.315 152.391 148.676 147.796 146.612 146.909 149.445 147.406 147.639 146.65 146.744 148.722 145.955 146.554 145.98 146.202 148.535 145.181 145.454 145.252 145.454 
148.185 145.929 146.253 143.888 144.884 148.37 146.283 145.488 144.445 145.112 146.084 144.587 143.786 143.832 144.759 145.069 143.345 143.193 141.809 142.46 145.192 143.173 141.09 141.119 142.051 
152.046 151.183 152.795 152.354 151.948 152.012 151.717 151.751 151.121 150.671 150.705 149.223 148.212 147.134 151.171 151.243 147.973 144.811 146.905 149.906 151.464 148.122 146.324 148.678 147.865 
145.511 145.603 145.521 145.65 145.101 145.568 145.839 145.32 145.102 144.55 145.757 145.52 144.694 144.3 144.147 145.656 145.204 144.22 144.065 144.248 145.703 145.136 144.598 144.592 144.789 
143.905 143.727 143.417 142.879 142.807 143.936 144.209 143.35 142.807 142.471 144.89 144.723 144.089 143.147 142.968 145.43 145.159 144.165 143.652 143.37 145.938 145.484 144.863 144.09 143.684 
143.354 142.861 141.865 138.503 137.519 144.656 144.1 142.349 139.967 138.239 145.614 144.779 143.007 141.499 140.48 146.618 146.136 143.29 142.213 141.182 146.578 145.441 143.218 142.195 140.761 
139.543 138.727 137.2 135.257 135.193 142.635 142.989 140.856 138.144 138.203 144.248 143.988 142.752 139.88 139.846 144.769 144.375 142.847 141.443 141.672 143.196 142.643 141.407 140.569 140.275 
79.1969 90.2766 93.5015 96.8707 102.379 78.0679 90.0319 91.7759 97.0241 103.74 75.9305 89.098 90.029 93.639 102.091 75.5092 86.5684 87.8979 90.7315 99.8371 74.2761 86.3387 86.9052 90.628 98.1811 
85.9844 88.0964 90.6706 92.1851 93.7519 85.1576 87.8352 89.7073 91.4491 93.0458 83.8362 86.5138 88.2995 89.8295 91.368 83.1861 84.6621 86.0768 87.9471 90.2718 83.3171 84.9771 85.8193 86.8869 88.8855 
105.18 105.989 106.808 107.134 107.036 104.65 105.301 105.622 106.285 106.812 106.12 105.367 105.264 105.781 106.301 105.725 104.338 104.846 104.216 105.297 103.341 103.366 102.976 102.617 104.301 
93.7936 93.5924 93.122 91.9666 91.8842 93.469 93.2663 93.0891 92.4947 92.3553 92.8129 92.0181 92.3787 91.6418 91.4958 93.1928 92.1125 91.5716 91.216 90.7411 93.2667 92.583 91.3792 90.0964 89.7641 
91.2328 90.6451 90.2906 88.7061 87.6696 91.2332 90.4991 89.9131 88.8854 88.1773 90.7635 89.6652 89.0944 87.9145 87.3392 90.8354 89.2445 88.2725 87.215 86.4295 90.8409 89.7345 88.0401 86.6145 85.7364 
96.6124 95.4649 94.5821 92.0886 91.0818 95.8058 94.9703 93.783 92.1437 91.0896 94.6284 93.0753 92.309 90.4324 89.6074 94.2222 92.1772 90.4621 89.1416 87.9885 93.7194 92.3125 90.0565 87.9768 86.8874 
104.893 103.924 104.385 104.163 101.826 100.122 99.6591 99.0562 97.2366 96.3227 94.772 94.6124 91.3524 89.5398 88.9277 90.6927 89.72 86.458 84.2432 83.3756 85.2481 85.4842 81.542 80.7219 79.9556 
111.618 111.416 111.432 111.979 111.506 108.327 108.022 107.592 107.321 107.261 103.424 102.666 101.578 101.836 101.932 99.1137 97.7582 97.0785 96.8735 96.696 95.1606 94.1502 93.4379 93.5814 93.1249 
113.102 112.717 112.37 112.418 112.266 111.056 111.362 110.956 109.198 109.494 110.729 110.618 109.566 107.417 108.089 107.28 105.648 105.639 104.478 104.942 105.788 104.015 102.755 102.535 102.78 
104.746 103.874 103.415 102.628 101.558 103.735 102.984 102.192 101.834 100.471 103.108 102.496 101.412 100.179 99.5005 101.26 100.442 99.0798 98.8237 97.7407 98.9965 98.5251 96.9685 96.6125 96.3427 
113.495 112.494 110.245 107.265 106.17 112.897 111.816 109.461 107.325 106.527 110.887 110.724 108.662 106.971 106.377 111.122 110.103 107.928 105.912 104.783 109.579 108.534 106.709 105.275 104.888 
115.201 114.116 112.321 110.395 110.274 114.459 113.224 111.838 110.082 110.344 112.506 112.57 111.364 110.162 110.306 112.493 112.435 110.993 109.602 109.113 111.195 111 109.912 108.885 109.392 
119.972 119.099 117.578 115.962 115.97 119.308 118.601 117.41 116.421 116.692 116.936 117.343 116.615 116.56 116.661 117.251 116.998 116.066 115.425 115.265 115.773 115.357 115.066 114.99 115.597 
130.242 129.516 129.271 129.561 129.538 129.343 129.273 129.246 129.432 129.361 128.212 127.813 128.368 128.789 129.156 127.578 127.365 127.579 127.93 128.383 127.372 127.167 127.558 127.861 128.293 
140.502 139.496 139.862 140.857 142.434 137.01 138.046 138.123 139.526 141.622 134.343 134.727 135.951 137.449 138.798 134.96 133.795 134.14 134.648 137.555 134.109 134.461 134.106 134.637 136.357 
141.004 140.685 141.013 143.345 144.676 137.549 139.347 139.527 141.668 143.608 135.311 136.17 137.337 139.271 140.543 136.349 135.422 135.31 136.921 139.983 135.249 136.343 136.505 137.24 138.793 
141.587 141.47 141.68 143.266 144.235 139.104 140.577 140.59 142.055 143.416 138.35 139.085 139.678 140.53 141.646 139.291 138.744 138.484 139.339 141.394 138.886 139.372 139.551 139.952 140.956 
139.688 139.647 139.915 140.059 140.167 139.689 139.61 140.09 140.173 140.286 140.618 140.881 140.523 140.512 140.48 141.729 141.773 141.213 141.068 141.117 142.059 142.194 141.818 141.328 141.243 
140.334 139.818 139.158 138.252 138.26 140.493 140.606 139.551 138.067 138.012 141.871 141.58 140.792 139.025 139.036 142.609 142.195 141.135 140.227 140.199 142.078 141.63 140.786 140.064 139.849 
139.131 138.447 137.071 136.159 135.715 140.228 139.376 138.037 136.494 136.084 141.675 140.423 138.641 137.245 136.488 141.914 140.303 138.812 138.29 137.965 141.009 139.279 138.187 138.287 138.273 
75.7541 78.0155 80.4174 81.616 83.3098 74.4925 77.1432 78.9497 79.9105 81.5359 73.0341 75.1564 76.8431 77.4924 78.9825 71.8081 72.9799 73.9852 75.6614 77.3441 72.3573 73.295 73.9829 74.5557 76.3021 
78.2337 79.4784 81.2066 81.6677 82.7994 76.5683 77.5554 79.5092 80.9021 81.7849 75.3714 76.2638 77.5753 79.3559 80.0978 73.906 74.6051 75.658 77.834 79.8924 74.195 74.5681 75.3409 76.5525 78.7381 
83.3295 83.6644 83.394 84.1109 84.8589 83.0087 83.1501 83.4519 83.9969 84.8188 82.2209 82.0343 83.127 83.6485 84.2228 82.4983 82.5544 83.1899 83.9841 84.4069 82.8496 82.8034 82.8341 82.746 83.3772 
82.76 82.4675 81.4799 81.7906 81.7469 82.8138 82.1462 81.7308 81.937 82.2341 82.6983 81.8663 82.0231 82.0045 82.0336 83.506 82.9754 82.9219 82.7363 82.6099 83.9243 83.3533 82.7814 82.0959 81.96 
85.1697 84.9053 84.1644 82.6468 82.3913 85.1223 84.6987 84.203 83.3206 83.061 84.5998 83.6293 83.7634 82.8745 82.5959 85.1167 83.9708 83.5203 82.9561 82.3527 85.314 84.6316 83.3777 82.0525 81.4811 
83.8645 83.1835 83.245 83.3549 81.5648 83.4541 83.0409 82.568 81.3035 80.6365 83.365 83.0908 80.5343 78.7549 77.652 83.2043 82.3009 79.6662 77.7213 76.916 81.9319 81.5231 78.6743 77.5069 76.7978 
87.2752 86.5045 86.8769 87.0057 85.4814 85.0914 85.099 84.7824 83.4243 82.7144 83.2181 83.1055 80.7339 79.0652 78.3645 81.3154 80.8106 78.1757 76.6691 75.8252 78.7263 78.6015 75.9512 75.1916 74.806 
89.1556 89.112 89.2758 89.3349 88.8391 87.1903 87.6221 88.2814 88.0309 87.9186 84.4815 85.0298 83.9746 84.665 84.6393 83.5698 82.7362 82.0149 82.5172 82.5901 81.658 81.8105 81.217 81.7548 81.9012 
97.481 96.9272 97.321 97.4019 97.2111 95.6457 95.688 95.8783 96.2561 95.9135 94.1636 94.3257 94.4298 94.3249 94.3437 92.2583 92.2861 91.8815 92.2642 92.196 90.3771 90.5552 89.8811 90.0782 90.4847 
98.6368 98.6999 99.0045 98.9032 98.7072 97.6125 97.7618 98.0619 98.2163 97.9016 96.7465 96.9133 97.1945 97.1281 97.1272 95.1425 95.2985 95.1398 95.7178 95.5681 93.4965 93.8312 93.473 93.9088 94.2159 
104.932 104.951 105.149 105.076 105.339 104.262 104.11 104.522 103.96 104.039 103.933 104.229 104.545 103.473 103.556 102.68 103.749 103.517 103.437 103.121 101.776 103.123 102.596 102.122 102.832 
111.099 110.699 109.934 108.528 108.9 110.413 109.996 109.304 108.19 108.8 108.498 109.326 108.827 108.161 108.72 108.679 109.285 108.467 107.623 107.454 107.365 107.965 107.446 106.935 107.867 
112.66 113.281 113.847 114.091 114.864 112.672 112.744 113.551 112.945 113.635 112.481 112.925 114.097 112.793 113.716 110.628 112.843 113.973 113.206 113.378 109.734 111.973 113.349 112.587 113.832 
125.458 124.913 125.315 126.114 126.26 124.033 124.096 124.833 125.538 125.857 122.859 122.825 124.049 125.09 125.634 122.732 122.829 123.589 124.474 125.158 123.158 122.869 123.699 124.643 125.47 
129.946 129.656 130.731 131.807 132.313 128.734 129.068 129.982 131.036 131.775 127.722 127.932 129.07 130.35 131.228 127.463 127.711 128.546 129.826 130.577 127.929 128.087 128.972 129.702 130.458 
134.287 135.972 137.321 137.57 139.578 132.298 132.617 135.166 136.141 140.447 130.061 131.671 133.729 135.638 137.535 128.94 132.416 133.127 135.709 134.122 130.544 131.937 134.192 135.676 134.45 
133.335 133.913 135.399 136.565 136.773 132.625 133.007 134.215 135.822 136.637 133.536 134.584 134.747 136.266 136.052 134.608 135.509 135.92 137.285 137.099 134.301 134.657 135.297 137.684 138.538 
136.023 135.684 136.004 136.58 137.289 136.101 135.936 136.648 137.219 137.545 137.31 137.62 137.689 137.98 137.826 138.337 138.56 138.623 138.749 138.599 139.047 139.349 139.143 139.117 138.932 
136.693 136.116 135.884 135.501 135.205 137.19 136.471 136.207 135.453 135.177 138.193 137.8 137.042 136.085 135.614 138.541 138.197 137.753 137.024 136.554 138.789 138.352 137.774 137.528 137.171 
137.775 136.599 135.014 133.733 133.1 138.357 137.247 135.589 134.051 133.336 139.366 137.782 136.043 134.735 133.74 139.322 137.704 136.362 135.635 134.912 138.68 137.141 136.145 135.894 135.491 
72.9978 74.1063 74.557 74.6182 74.8564 71.1163 71.3959 72.4588 73.005 73.2439 69.6005 69.5529 69.8582 71.1528 71.2436 67.5994 67.9753 68.3539 69.5321 70.6615 67.2626 67.428 67.8276 68.6475 69.8304 
73.9119 75.07 76.2295 76.4414 77.2239 72.5668 73.3289 74.8048 75.8519 76.4267 71.4345 72.0116 73.0753 74.5144 75.1104 70.0267 70.5999 71.6365 73.2961 74.676 70.2486 70.5584 71.3908 72.259 73.898 
74.582 74.988 75.2441 75.11 75.4672 73.686 73.8397 74.354 74.8888 75.1182 73.1752 73.3272 73.5802 74.403 74.7804 72.6545 72.831 73.1303 73.9883 74.6163 72.7498 72.9213 73.1546 73.6698 74.4063 
76.794 76.6205 75.6606 75.3569 75.6191 77.0321 76.4667 75.943 75.6771 75.8339 76.6553 76.022 76.0995 75.9947 75.9177 77.1511 76.7704 76.8506 76.8944 76.5921 77.5023 77.1179 76.6774 76.3263 76.1345 
77.5747 77.3014 76.8316 75.8567 75.6201 77.8904 77.293 76.6253 76.1613 75.8486 77.8651 77.2654 76.6907 76.2634 75.6591 77.9492 77.1573 76.9614 76.4829 75.9438 77.8327 77.2607 76.8914 76.3373 75.7247 
78.0167 77.9425 77.4985 76.4763 76.5072 78.2074 78.0694 77.4089 76.5661 76.2948 77.9609 77.6773 77.153 76.5617 75.6428 77.5141 76.9217 76.7303 76.3167 75.6355 77.2174 76.5504 76.0473 75.7322 75.2478 
82.5758 82.4594 82.423 82.4361 82.058 81.5275 81.7912 82.1035 81.8766 81.7083 80.051 80.3684 79.6027 79.9916 79.6743 79.5546 79.0514 78.3597 78.6975 78.6049 78.4723 78.433 78.0186 78.219 78.3185 
85.082 85.4943 85.9115 85.9685 86.0398 83.9373 84.4432 85.3875 86.0508 86.0384 82.1838 82.6251 83.0017 84.3561 84.82 81.4786 81.0884 81.6907 82.8811 83.425 80.7585 80.8017 81.5991 82.3883 82.8421 
88.6801 89.0131 89.1825 89.5093 89.6437 87.6624 88.1925 89.0256 89.575 89.8979 86.113 86.647 87.099 88.3706 88.5911 85.9827 85.5288 86.0997 87.1851 87.3882 85.4122 85.526 86.0963 86.8143 86.8777 
94.8017 95.0186 95.4842 95.7294 95.5213 93.9037 94.2668 94.7684 95.2089 95.0799 93.07 93.5312 93.9742 94.3101 94.4951 92.1035 92.5448 92.8003 93.605 93.6683 91.1561 91.7219 91.9355 92.5123 92.8641 
99.5238 100.255 100.932 101.045 101.003 99.2326 99.9381 100.45 100.574 100.572 98.6447 99.1209 99.6544 99.9619 100.24 97.723 98.3926 98.8988 99.4705 99.8974 97.6029 97.9979 98.3247 99.0486 99.5032 
104.289 105.619 106.565 106.82 107.449 104.791 105.182 106.232 105.847 106.26 104.941 105.725 106.746 105.604 106.233 102.915 105.575 106.701 106.01 106.151 101.941 104.573 105.926 105.274 106.504 
105.693 108.393 109.961 109.978 110.847 107.674 108.501 109.54 109.73 110.034 107.676 108.449 109.784 109.304 110.511 103.565 107.454 110.356 109.085 110.157 101.787 104.977 109.81 109.427 110.586 
115.752 117.727 119.358 120.3 121.338 116.026 116.922 118.36 119.32 120.167 115.215 115.739 117.988 118.421 120.203 112.147 115.217 118.355 117.782 119.366 111.173 113.693 118.43 118.416 119.851 
127.844 131.231 133.177 132.855 134.738 127.575 127.906 131.491 132.031 135.951 125.962 127.964 130.307 132.405 134.188 123.87 128.945 130.298 133.054 130.315 126.237 128.063 130.9 132.58 131.187 
129.54 132.332 134.608 134.305 135.742 129.147 129.066 132.393 133.228 137.047 128.149 130.062 131.899 133.901 135.181 126.644 131.569 132.668 135.372 132.129 128.621 130.033 132.807 135.272 133.876 
130.402 132.644 134.433 133.906 135.262 129.928 129.438 132.484 133.025 136.665 129.414 130.911 132.424 133.974 134.983 128.311 132.741 133.503 135.705 132.304 130.387 131.306 133.448 135.812 134.24 
131.621 131.961 132.999 133.779 133.751 131.358 131.371 132.453 133.301 133.796 132.782 133.579 133.473 134.119 133.501 133.784 134.647 135.016 135.292 135.01 134.018 134.06 134.249 136.156 136.638 
134.042 133.256 132.708 132.318 131.904 134.217 133.514 133.069 132.278 131.833 134.732 134.312 133.739 132.74 132.091 134.849 134.768 134.597 133.676 133.059 135.163 134.973 134.527 134.325 133.758 
135.066 134.132 132.843 131.293 130.165 135.363 134.027 132.708 130.959 130.04 135.5 134.325 132.802 131.325 130.405 135.181 134.188 132.968 131.788 130.981 135.039 133.871 132.969 132.42 131.695 
67.4098 67.8799 68.1715 68.2009 68.3289 66.5476 66.8922 67.2782 67.5434 67.5871 65.1266 65.3538 65.8151 66.2486 65.9564 64.1935 64.0473 64.7827 64.6819 65.0534 63.963 63.6538 64.103 64.3063 64.7546 
65.4097 64.5233 64.9843 64.9842 64.8652 63.7747 63.0484 63.5677 64.541 64.7295 63.357 63.1641 63.1888 63.8414 64.9597 62.4705 62.2155 62.8705 62.8924 64.1392 61.4475 61.4739 61.7443 62.7989 63.9033 
69.8245 69.79 69.8227 69.7058 69.619 69.7163 69.6612 69.668 69.644 69.6401 69.245 69.2771 69.3112 69.3659 69.3157 68.8535 68.6192 68.9342 68.9681 68.9379 68.7306 68.3669 68.554 68.7492 68.8933 
71.5969 71.1311 70.8061 70.4213 69.9686 71.5685 71.1784 70.8016 70.4109 70.1281 71.5651 71.1139 70.7073 70.3718 70.0956 71.6686 71.1566 70.8354 70.6002 70.1711 71.6752 71.0756 70.8581 70.6143 70.1722 
71.9132 71.6549 71.1624 70.3466 69.2363 71.9228 71.6656 70.766 68.62 69.4134 71.258 71.5474 70.3414 69.5934 70.0009 72.2187 72.4552 70.9604 70.2834 70.3212 72.8801 72.0047 71.2743 70.5051 70.2158 
75.0839 74.7495 74.5895 74.4697 74.1754 74.8588 74.8698 74.5088 74.1889 73.992 75.0513 74.8554 74.3824 74.04 73.2956 74.9955 74.5963 74.1621 73.8848 73.3834 74.6638 74.0934 73.7466 73.553 73.4287 
77.5461 77.8177 78.1598 78.4714 78.6784 77.1695 77.6176 77.9694 78.0396 78.2966 77.1101 77.2892 77.3694 77.784 77.707 76.8182 76.7633 77.01 77.3216 77.4344 76.7074 76.4485 76.5175 76.9897 77.1747 
82.4539 83.0538 83.495 83.9719 84.5153 81.8472 82.4069 83.2858 84.0274 84.6503 80.9164 81.5412 82.0444 83.2567 83.762 80.8468 80.957 81.6527 82.6303 83.174 80.6853 81.149 81.8833 82.6384 82.954 
86.0956 86.5441 87.1113 87.9786 88.3376 85.5347 86.1477 86.906 87.663 88.3406 85.1593 85.7535 86.3341 87.0826 87.4628 85.2274 85.562 86.0666 86.5434 87.0216 85.2479 85.6112 86.0394 86.5412 86.6008 
90.0661 90.6396 90.9635 91.6218 91.9743 89.6754 90.3285 90.7587 91.3132 92.1825 89.271 89.8702 90.4316 91.0957 91.6581 89.2794 89.6187 90.3068 90.979 91.3075 89.0508 89.4907 90.1923 90.9207 91.0587 
95.2327 96.012 96.7431 97.2564 97.4812 94.9277 95.596 96.5088 97.276 97.5904 94.5695 95.1623 96.0297 96.8295 97.4501 94.4224 95.0087 95.7446 96.6573 97.2361 94.392 94.7043 95.4843 96.5266 97.1929 
99.1385 100.198 101.615 102.221 102.493 98.9538 99.9769 101.403 102.336 102.638 98.725 99.7091 100.835 101.95 102.676 98.3752 99.4032 100.54 101.534 102.482 98.6307 99.1898 100.239 101.438 102.306 
102.482 105.3 107.489 108.291 109.401 103.619 104.986 106.941 108.284 108.974 103.675 104.633 106.734 107.476 109.174 100.729 103.961 107.023 106.87 108.644 99.5749 102.31 106.693 107.016 108.768 
112.227 114.128 118.678 121.933 123.861 110.272 112.521 115.763 120.031 122.308 108.417 109.564 112.895 116.882 120.395 106.62 107.933 111.63 115.007 118.954 107.428 108.744 111.709 114.022 117.138 
117.502 119.789 123.964 127.18 129.049 116.028 118.555 121.904 125.784 128.042 114.618 116.38 119.848 123.505 126.682 113.491 115.224 118.896 122.189 125.624 114.271 115.974 118.842 121.266 124.047 
125.911 129.064 131.269 131.291 133.469 125.739 126.272 129.967 130.98 135.05 124.687 126.963 129.462 131.715 133.605 123.126 128.422 130.054 132.818 130.198 125.416 127.562 130.674 132.627 131.222 
127.119 127.956 129.429 130.757 131.081 126.705 127.376 128.719 130.407 131.336 127.937 129.1 129.827 131.352 131.398 129.289 130.367 131.364 132.557 132.615 129.49 130.007 130.85 133.449 134.344 
129.587 129.206 129.274 130.067 130.461 129.994 129.797 130.376 130.831 131.09 130.998 131.608 131.672 131.669 131.497 131.867 132.391 132.763 132.576 132.494 132.737 132.913 132.691 132.8 132.68 
131.57 131.124 130.652 130.408 130.031 131.753 131.208 130.817 130.113 130.016 132.225 132.118 131.338 130.543 130.128 131.939 132.107 131.951 131.284 130.765 132.265 131.734 131.657 131.738 131.212 
131.178 130.247 129 127.971 126.927 131.698 130.747 129.564 129.015 127.255 132.153 131.364 130.113 128.992 127.671 131.896 130.878 129.031 128.009 127.06 131.351 129.366 128.384 128.184 127.075 
58.9829 58.1312 58.1677 58.1386 58.1977 57.9807 57.1815 57.267 57.8939 58.2342 57.9006 57.4674 57.0103 57.4062 58.5381 57.2505 56.5842 56.8535 56.5631 57.8105 56.4725 56.1623 55.8428 56.6491 57.6182 
60.4546 59.2581 59.5682 59.7439 59.7383 59.3291 58.6207 58.8754 59.543 59.6755 59.0635 58.9157 58.7476 58.8786 59.9033 58.4975 58.3218 58.7132 58.3922 59.4238 57.51 57.4219 57.6784 58.5686 59.2612 
64.0279 62.6226 62.8175 62.6952 62.2701 62.7256 61.7648 61.8582 62.3571 62.3947 62.7027 62.2826 61.9168 61.9283 62.9533 62.128 61.6809 61.8145 61.3648 62.3008 61.1293 60.8491 60.8314 61.4858 62.1492 
67.703 67.4931 67.0186 66.6694 65.6577 67.6184 67.5808 66.7379 64.8278 65.8931 66.9023 67.4464 66.2302 65.7302 66.5207 67.79 68.3667 66.8007 66.3434 66.7963 68.671 67.9848 67.2703 66.642 66.5505 
69.2987 69.1162 68.7846 68.2404 66.9439 69.1402 69.0816 68.3942 66.199 67.1575 68.4806 69.0628 67.9117 67.2213 67.8966 69.6494 70.2609 68.5635 67.9248 68.2357 70.476 69.7953 69.1853 68.3811 68.2212 
70.2293 70.4376 70.636 70.6314 69.7952 70.1171 70.4411 70.3681 69.1552 70.2049 69.447 70.5525 70.0309 70.1283 71.0194 70.5078 71.4453 70.8337 70.7393 71.2257 71.4283 71.2378 71.1508 71.0218 70.9192 
74.437 75.5672 76.2624 77.0438 77.9067 74.4459 75.3872 76.1721 77.0212 77.8951 74.4014 75.4097 76.2385 77.1802 77.9383 74.3689 75.4573 76.4578 77.194 78.0319 74.5844 75.6203 76.4119 77.2845 78.0871 
78.6046 79.5049 80.3145 80.9018 81.6861 78.6968 79.3793 80.2925 81.1541 81.7227 78.5903 79.3169 80.1491 81.1936 81.8743 78.3221 79.2729 80.3679 81.1226 81.9524 78.5392 79.4518 80.4024 81.2274 81.6858 
83.5339 83.8941 84.351 85.2294 85.8795 83.2499 83.8263 84.4659 85.2724 86.2439 83.0918 83.8174 84.3643 85.3956 85.9752 83.2948 83.8627 84.6247 85.3388 85.9139 83.2668 83.9548 84.8113 85.504 85.6678 
87.9746 88.4042 88.8499 89.4378 90.0398 87.8209 88.2691 88.8226 89.6529 90.4447 87.5876 88.2339 88.9119 89.8709 90.7132 87.629 88.2726 89.1619 90.1897 90.727 87.2993 87.9507 89.2282 90.2149 90.5857 
92.09 92.705 93.3973 93.9888 94.5855 92.1124 92.74 93.4706 94.3191 95.2548 92.0644 92.7757 93.5462 94.5604 95.7179 92.1015 92.8412 93.8183 94.9196 95.6176 91.9498 92.6999 93.9793 95.0147 95.6035 
96.3783 97.1312 98.3673 99.292 99.8243 96.1992 97.048 98.4503 99.6225 100.369 96.3724 97.28 98.584 99.8426 100.844 96.3378 97.3917 98.6502 99.8756 100.709 96.5387 97.2699 98.5779 99.7195 100.546 
99.6044 100.523 102.111 103.886 105.089 99.428 100.614 102.295 104.093 105.509 99.5056 100.874 102.549 104.392 105.915 99.5789 100.875 102.727 104.497 105.812 99.6581 100.842 102.57 104.254 105.45 
107.474 109.097 112.521 115.458 117.56 106.192 108.27 110.923 114.444 116.894 105.907 107.174 110.081 113.331 116.131 105.274 106.798 109.815 112.682 115.621 106.294 107.685 110.064 111.938 114.638 
114.223 115.356 117.443 120.11 122.465 113.788 115.339 117.983 120.461 122.739 113.962 115.821 118.228 120.747 123.213 114.342 116.054 118.501 121.427 123.58 114.462 116.187 118.517 121.045 123.212 
119.027 120.073 121.555 123.435 124.921 119.033 120.285 122.012 124.067 125.816 119.608 121.304 123.005 125.08 126.548 120.503 122.048 123.95 125.973 127.102 121.128 122.76 124.497 126.34 127.393 
122.783 122.828 123.429 124.352 125.31 122.943 123.263 124.13 125.332 126.163 124.244 124.717 125.641 126.8 127.287 125.505 126.098 126.964 127.925 128.338 126.267 127.014 127.695 128.572 128.991 
126.716 126.217 125.926 126.066 126.541 127.204 126.895 126.692 127.069 127.382 128.098 128.174 128.047 128.263 128.269 129.198 129.065 128.966 129.088 128.872 129.78 129.818 129.529 129.451 129.286 
129.032 128.159 127.354 126.895 126.412 129.597 128.96 128.167 128.314 127.024 130.282 129.812 128.971 128.377 127.525 130.266 129.559 128.117 127.529 126.835 129.982 128.396 127.587 127.402 126.471 
129.447 128.638 127.837 127.027 126.112 130.056 129.263 128.4 128.238 126.577 130.677 129.947 128.801 128.141 126.995 130.391 129.363 127.336 126.591 125.95 129.731 127.688 126.659 126.527 125.64 
51.7007 52.7322 52.8469 53.2767 53.9713 52.2721 52.7217 53.1289 53.4507 53.9786 52.522 52.5872 52.5653 52.818 53.5377 52.5829 52.2463 52.4005 52.4773 53.212 52.8331 52.4475 51.9494 52.3934 53.187 
56.9418 56.1105 56.3566 56.5374 56.7834 56.1732 55.5391 55.7726 56.4896 56.8765 56.3812 56.1159 55.7107 55.9912 57.3093 55.9359 55.4629 55.7069 55.4531 56.718 55.109 54.9138 54.6987 55.5906 56.6563 
52.1992 64.2094 62.5464 61.3037 61.3384 52.349 64.5303 62.3029 61.1674 61.1804 52.2967 64.3821 62.3145 60.8201 60.9322 52.2124 64.15 62.3999 61.0905 61.1746 52.2673 64.1442 62.3151 61.0989 60.9658 
62.4659 63.3459 63.2332 63.5677 63.4564 62.7477 63.7759 63.3353 63.5301 63.8813 63.1615 64.086 63.4966 63.6812 63.8777 63.3837 64.1813 63.8037 63.9488 64.1052 63.6793 64.314 64.1182 64.1017 63.8752 
65.6876 65.8624 65.7807 65.8782 65.1732 65.6228 65.9153 65.669 64.4771 65.6354 65.0434 66.0254 65.3877 65.4631 66.4104 66.0983 67.0271 66.1872 66.1216 66.8353 67.0709 66.9574 66.7941 66.5663 66.711 
66.6458 67.8767 69.2496 70.4636 70.6626 66.9885 68.1028 69.4422 71.3152 71.8712 66.8954 68.8993 70.2514 71.6725 72.6039 67.13 68.9087 70.9987 72.118 72.6451 67.8208 69.3275 70.769 72.0053 72.1684 
70.4303 71.7567 73.0129 74.2494 74.6596 70.7147 71.8834 73.2203 75.1916 75.7909 70.3959 72.3568 73.8925 75.6131 76.6647 70.4774 72.3988 74.7408 75.9948 76.6812 71.3705 72.9922 74.5535 75.9531 76.1985 
75.9388 76.9444 77.4616 78.2189 79.2075 76.1874 77.0162 77.6666 78.7022 79.7005 76.1553 77.1072 78.0947 79.2428 80.2756 76.283 77.4582 78.6806 79.8559 80.8822 76.8574 78.1059 79.224 80.2402 81.2712 
81.0279 81.374 81.9966 82.7937 83.3593 81.1923 81.6337 82.4139 83.3229 83.9019 81.4249 81.9785 82.7719 83.8434 84.5581 81.7233 82.3966 83.1886 84.1765 85.0035 82.0892 82.7327 83.646 84.5307 85.1423 
85.1195 85.2165 85.9281 86.7169 87.2342 85.4481 85.9804 86.752 87.3297 88.0002 85.9172 86.6246 87.3119 88.2848 89.1795 86.6712 87.3858 87.9788 89.1094 89.9204 86.8497 87.5347 88.5387 89.447 90.1697 
89.0923 89.3121 90.1756 91.1453 92.0157 89.3247 89.6469 90.7576 91.7015 92.7371 89.8694 90.5497 91.6798 92.6392 93.6251 90.4276 91.3702 92.4542 93.6581 94.1083 91.0462 91.8345 92.9139 93.9393 94.3355 
92.6971 92.9653 94.2753 95.5585 96.2197 93.074 93.6357 95.1027 96.1928 97.1987 93.6348 94.789 96.0676 97.2405 98.2828 94.3986 95.5255 96.9289 98.1655 98.5371 95.2183 96.302 97.3038 98.3053 98.6205 
97.1406 97.4205 99.0604 100.764 101.99 97.693 98.3495 100.228 101.58 102.984 98.6266 99.843 101.682 103.051 104.418 99.3209 100.818 102.458 104.107 104.876 100.542 101.618 103.048 104.301 104.908 
103.098 103.743 105.483 107.871 109.948 103.815 104.89 107.396 109.077 110.698 105.237 106.807 108.92 110.686 112.192 106.352 107.691 109.865 112.329 113.462 107.278 108.472 110.349 112.294 113.851 
109.797 110.456 111.555 113.2 115.094 110.364 111.094 112.75 114.063 115.937 111.4 112.678 114.122 115.737 117.48 112.407 113.599 115.335 117.548 118.842 113.485 114.538 116.079 117.728 119.11 
116.249 116.484 117.132 118.3 119.541 116.903 117.297 118.324 119.403 120.51 118.176 118.983 119.95 120.897 121.723 119.329 120.353 121.454 122.558 123.223 120.18 121.156 122.211 123.149 123.987 
121.507 121.035 120.809 120.816 121.29 122.34 122.089 121.839 122.106 122.495 123.451 123.418 123.615 123.854 123.849 124.925 125.006 125.033 125.088 125 125.52 125.809 125.764 125.761 125.803 
126.581 125.101 122.946 121.485 121.137 127.81 125.649 123.685 122.406 121.255 127.658 126.987 125.271 123.491 122.666 128.572 127.597 126.334 124.576 123.512 128.432 128.128 126.641 125.921 125.009 
126.863 126.229 125.923 125.323 125.023 127.276 126.831 126.064 125.717 125.246 127.508 126.947 126.236 125.802 125.478 127.422 127.064 126.32 125.622 125.36 127.177 126.997 126.427 125.796 125.34 
123.093 124.182 125.384 126.636 124.872 124.625 124.685 125.309 125.339 125.633 125.583 124.451 123.853 124.444 124.656 124.496 124.296 123.519 122.908 123.925 124.341 124.31 124.21 123.736 122.698 
48.2019 49.4084 49.5589 50.0337 50.7507 48.7026 49.2927 49.7392 50.1789 50.8445 49.1423 49.2204 49.2624 49.7831 50.5521 49.1381 48.8642 49.068 49.3665 50.1553 49.3431 49.1774 48.6187 49.0115 50.0153 
42.9364 50.0054 48.8858 48.023 47.5805 43.3579 50.0823 48.9263 47.756 47.3158 42.9291 50.0832 48.7063 47.4686 47.1179 43.2229 49.8147 48.9719 47.3956 47.1722 42.899 49.6767 48.1445 47.4945 46.7387 
38.059 62.8659 59.6574 56.6521 57.0657 37.9069 62.6608 59.0456 56.5117 56.8195 37.9407 62.4897 59.3785 56.3972 57.0737 37.9405 62.6382 59.3481 56.8937 57.1277 38.0223 62.7353 59.344 56.7603 57.2727 
49.9282 60.9883 59.1586 57.8773 57.7535 49.9997 61.1299 59.037 57.848 57.9093 50.2398 61.2702 59.3731 58.0183 58.0245 50.3958 61.3589 59.585 58.3599 58.2864 50.7405 61.7794 59.8716 58.5285 58.3803 
58.542 59.6846 59.5654 59.514 59.5859 58.8371 59.8947 59.9571 59.8204 59.86 59.2107 60.3443 60.3749 60.2529 60.0851 59.8147 61.0158 60.9515 60.9219 60.7867 60.2166 61.4254 61.5756 61.4826 61.3358 
63.5419 64.245 65.212 66.1313 66.1454 63.8983 64.6105 65.5967 67.088 67.3347 63.9346 65.4628 66.5235 67.6896 68.2398 64.3841 65.8091 67.6152 68.3681 68.5527 65.3313 66.5817 67.7445 68.5239 68.2856 
67.3518 68.0262 67.9894 68.3495 69.3832 67.9791 68.5603 68.8945 69.2804 70.8397 70.2992 70.2598 70.2942 71.1551 71.9252 72.1817 73.1409 72.6594 72.7288 73.7924 74.6304 74.9433 75.152 74.7179 75.0877 
72.781 72.4516 72.5934 72.9325 74.1133 75.2269 74.1111 74.6791 75.2563 75.9325 77.2399 77.0115 77.0208 78.1359 78.5621 79.2145 79.2087 80.2191 80.4786 81.0163 80.6844 81.381 82.1092 82.512 82.5583 
79.103 78.7924 79.5575 80.6709 80.9735 79.9932 80.2387 80.8394 81.3622 81.8151 81.2661 81.6814 82.3607 83.1204 83.7216 82.73 83.5093 83.8641 84.5828 85.3723 83.7667 84.4608 85.06 85.6533 86.4127 
83.5418 82.2508 82.9233 83.8121 83.8218 84.3604 84.1272 83.9205 84.5642 84.8354 85.7335 85.9756 85.7908 86.3362 86.3987 87.6808 88.0775 88.2594 88.7458 88.2742 88.4376 89.1869 89.5014 90.4662 90.9859 
84.8809 84.7672 85.8427 87.0361 87.6292 86.1566 86.6699 87.5754 88.309 88.9092 87.6784 88.6588 89.5272 90.2846 90.9204 89.608 90.6619 91.2213 91.9483 92.4786 90.8569 91.6983 92.1228 92.8512 93.4463 
89.912 89.6619 90.7742 92.0695 92.8524 91.1712 91.2187 92.2813 93.2779 94.2874 92.6621 93.6103 94.7093 95.5017 96.2247 94.4697 95.4824 96.6706 97.4958 97.6213 96.31 97.1867 97.8596 98.6293 98.5011 
94.4872 94.6815 94.9689 95.9159 96.8198 96.0001 96.5489 97.0619 97.6963 98.1556 98.3229 99.0557 99.6608 100.113 99.995 100.775 101.226 101.86 102.212 102.138 102.425 103.211 103.43 103.879 103.775 
100.393 100.681 101.379 102.135 103.298 102.461 102.719 103.734 104.421 105.104 104.918 105.38 106.324 107.118 107.653 107.022 107.458 108.259 109.24 109.712 108.964 109.449 110.122 110.925 111.2 
107.475 107.235 107.483 108.366 109.461 108.709 108.659 109.511 110.021 110.615 110.483 110.951 111.703 112.374 112.764 112.253 112.685 113.538 114.827 115.129 113.692 114.321 114.862 115.659 116.218 
113.495 113.087 112.777 112.753 113.134 114.903 114.6 114.221 114.162 114.466 116.342 116.257 115.977 115.83 115.944 117.891 117.838 117.507 117.583 117.619 119.089 119.257 118.828 118.838 118.685 
122.348 120.854 118.671 117.381 117.032 123.759 121.653 119.788 118.227 117.056 124.032 123.193 121.412 119.375 118.334 125.148 124.13 122.51 120.656 119.569 125.146 124.771 123.011 122.223 121.34 
126.447 124.766 121.829 119.662 118.883 127.714 125.192 122.551 120.459 118.658 127.376 126.213 123.881 121.389 119.828 128.314 126.835 124.69 122.084 120.637 127.853 127.291 124.89 123.721 122.37 
122.701 123.445 123.793 124.428 122.673 124.399 123.548 123.542 122.641 123.007 124.723 123.485 122.329 122.147 122.288 123.804 123.564 122.959 121.648 122.288 123.723 124.437 124.001 123.246 121.98 
120.602 122.868 124.697 126.124 123.704 122.178 123.015 123.469 122.767 123.681 123.18 122.496 121.67 122.246 123.288 120.753 121.203 121.64 121.458 122.518 120.819 122.184 123.09 122.63 121.462 
37.3638 37.3706 37.4333 37.6922 37.4524 37.6332 37.4532 37.5505 37.4294 37.3209 37.3332 37.4728 37.3394 37.3033 37.162 37.4912 37.3365 37.5513 37.1143 37.1674 37.1632 37.244 37.0357 37.1892 36.7998 
37.9151 37.5578 37.377 37.4613 37.1767 38.2829 37.939 37.6136 37.3557 37.1963 37.8769 37.9818 37.5458 37.4218 37.1209 38.0584 37.715 37.6812 37.2854 37.1723 37.7422 37.7792 37.3778 37.4496 36.8495 
38.644 46.3914 44.6714 43.3807 42.814 39.0161 46.6552 44.7725 43.2077 42.7011 38.615 46.8128 44.8809 43.362 42.7918 38.7504 46.4083 45.0097 43.2868 42.855 38.5916 46.6238 44.6478 43.5423 42.6036 
48.9959 49.0622 48.6427 48.587 48.2788 48.835 49.0162 48.6891 48.4703 48.1745 48.7606 49.0068 48.7837 48.3783 48.0787 48.8179 49.1855 48.8855 48.6572 48.1163 48.7373 49.0353 48.932 48.6676 48.3779 
54.7793 54.3459 53.7921 53.6131 53.3708 54.8311 54.4808 54.173 53.7926 53.5365 55.042 54.723 54.5269 54.1171 53.6283 55.513 55.1983 54.9163 54.5862 54.021 55.8695 55.6661 55.4678 55.0343 54.627 
60.9615 60.1601 59.8543 58.5723 58.7358 61.2139 60.6408 59.9796 59.8399 59.6692 62.4972 61.4264 60.7694 60.5942 60.3754 63.6161 63.0249 61.9717 61.215 61.0701 64.1071 63.7464 63.4774 61.9116 61.852 
63.8259 64.0178 64.3996 63.6111 64.0724 63.7878 64.3891 65.8996 65.6771 65.2679 67.5119 68.1395 68.0862 67.1805 66.0131 72.2566 72.8684 70.4664 68.5465 67.5201 73.5018 73.7562 72.2827 69.8042 68.6623 
69.214 68.3819 67.3755 67.0083 68.1944 71.2959 70.0079 69.9499 69.3914 70.4097 75.4438 74.1155 72.7853 73.2131 73.0438 78.9451 78.8106 77.5252 76.1835 76.6429 82.0862 81.7547 81.2908 79.6572 78.8622 
79.9311 78.0471 77.8356 78.0359 78.178 81.9553 80.3923 79.6386 79.692 79.5477 84.0345 83.4679 82.1999 82.4243 81.774 86.7065 86.1179 86.0686 85.6288 84.6001 87.823 88.2064 88.0925 88.2326 87.9714 
86.241 83.7036 83.667 83.5654 82.4185 86.3071 85.0129 83.2318 82.9402 82.3005 87.5363 86.6187 85.1646 84.3847 83.9871 89.2979 88.8939 88.874 87.9544 86.2514 90.4055 90.3119 90.1424 90.1292 89.5502 
86.6575 84.9615 84.6839 84.8113 84.3973 88.0018 87.1362 85.9393 85.9547 85.6405 89.6754 89.4186 88.1526 87.8335 87.2967 92.0857 91.7188 91.3101 90.8574 89.563 93.0826 93.1618 92.8741 93.1145 92.7463 
93.0445 92.4383 91.4676 91.1968 91.252 94.4888 94.164 93.2254 92.6528 92.3154 96.5942 96.3388 95.4726 94.6773 93.7907 98.7805 98.3293 97.6833 96.633 95.7658 100.176 99.8968 99.1358 98.3664 97.4943 
97.7848 96.9259 95.6353 94.7806 94.5572 99.1499 98.5142 96.9992 96.1316 95.4508 101.34 100.508 99.2221 98.1134 97.1285 103.405 102.572 101.343 100.187 99.1052 104.864 104.258 103.317 102.307 101.223 
101.181 100.327 99.2256 98.8052 98.8348 102.601 101.889 101.058 100.371 99.8513 104.724 104.002 103.202 102.551 101.731 106.539 105.965 105.127 104.514 103.789 107.879 107.562 106.797 106.16 105.387 
106.973 105.709 105.5 105.126 104.578 108.123 107.883 107.209 106.645 105.966 109.713 109.418 108.807 107.85 107.425 110.756 110.667 109.821 109.29 109.153 111.829 112.067 110.75 110.378 110.093 
110.404 110.428 110.527 109.498 108.63 111.874 111.447 111.68 110.796 109.625 113.199 112.461 112.268 111.385 110.534 114.178 113.637 112.661 111.513 110.738 115.091 114.358 113.542 112.597 111.821 
114.709 114.16 113.836 112.932 112.435 115.702 115.135 113.973 112.952 112.58 116.678 115.508 114.029 113.125 113.037 116.876 116.24 113.938 112.66 112.649 116.756 116.006 114.858 113.399 112.94 
123.801 122.1 119.229 117.444 116.871 124.452 121.767 119.533 117.608 116.168 123.857 122.685 120.172 117.583 116.564 124.272 122.908 120.971 118.814 117.191 123.681 123.157 121.233 120.236 118.713 
122.302 121.834 121.77 121.808 120.294 123.375 122.575 121.323 118.721 118.684 121.702 121.35 119.376 118.283 119.311 121.619 120.683 120.011 118.958 119.208 121.392 122.5 122.614 121.042 120.257 
119.948 122.306 124.072 125.429 123.146 121.599 122.452 122.869 122.079 123.135 122.506 121.972 121.182 121.715 122.802 120.142 120.649 121.244 121.076 122.097 120.247 121.719 122.773 122.306 121.156 
21.5738 21.4401 21.4156 21.4315 21.4769 21.607 21.3998 21.3241 21.37 21.4272 21.5917 21.4022 21.2859 21.2739 21.4213 21.6482 21.493 21.3222 21.3626 21.5497 21.5313 21.594 21.4778 21.567 21.6786 
29.3041 29.0812 29.0321 29.2054 28.9951 29.5163 29.3189 29.1894 29.0909 29.015 29.2361 29.3882 29.1744 29.1365 28.9779 29.3803 29.2708 29.3282 29.0671 29.1041 29.1035 29.3157 29.1713 29.2805 28.8862 
33.3641 33.3919 33.4774 33.6697 33.5335 33.1827 33.2946 33.3389 33.4469 33.3904 32.9612 33.2197 33.3262 33.3139 33.2745 32.9611 33.1588 33.2637 33.3164 33.1963 32.7832 32.9597 33.1006 33.2068 33.2171 
44.3041 43.7934 43.3446 43.3342 42.872 43.8802 43.6258 43.3021 43.036 42.6735 43.6537 43.4966 43.2825 42.8938 42.3674 43.5371 43.3438 43.1071 42.8124 42.203 43.3961 43.1483 42.9193 42.626 42.2735 
54.0665 52.972 52.4468 51.1117 50.5523 53.8323 53.0969 52.1369 51.812 50.7824 54.0599 53.038 52.3383 51.6709 50.9254 54.4275 53.594 52.6133 51.7347 50.8261 53.9862 53.4621 53.0842 51.5562 51.1667 
61.1413 60.829 61.0254 59.354 58.8716 60.1975 60.6693 61.3217 60.909 59.3684 62.2136 62.6078 62.4984 60.947 59.2916 65.6094 65.504 63.1023 61.1582 59.3616 65.2792 65.3204 63.6718 60.8749 59.8105 
63.9978 63.8819 64.3348 62.5467 62.4277 63.0679 63.8372 64.9356 64.5645 63.2818 65.9348 66.452 66.3432 65.0169 63.5382 70.0111 70.3721 67.5046 65.4292 63.9681 70.0214 70.2578 68.4999 65.4809 64.5541 
70.6413 70.2541 70.3339 69.2843 69.3949 71.002 70.893 71.9302 71.3216 70.098 73.8025 74.3602 74.0216 72.6887 70.9592 77.6721 77.7038 75.7546 73.8349 72.2352 77.8119 77.9931 76.5327 74.465 73.1404 
86.7441 85.6789 83.2548 81.1665 79.5798 86.6186 85.6448 82.45 81.5665 79.2954 85.9696 84.8771 83.735 82.2061 81.203 86.8037 85.6662 85.2288 84.0933 81.7176 86.0309 85.4824 85.8954 85.7041 83.7165 
88.0867 85.5409 84.7838 83.8576 82.3074 88.0757 86.478 84.1125 83.2034 81.9076 89.0145 87.6491 85.6822 84.2413 83.2338 90.4115 89.2901 88.7511 87.241 85.0724 91.2314 90.5942 89.8564 89.1716 88.1221 
93.0341 90.8596 89.6277 87.9423 86.155 92.4083 90.6911 88.2798 86.5814 85.0064 92.8536 91.2047 89.5111 87.2404 86.3426 93.3533 92.3411 92.0369 89.7991 87.7995 94.7122 93.3251 92.6907 91.0482 89.084 
97.6609 96.3692 95.5342 94.5761 93.8703 97.928 97.2216 95.6837 94.8991 93.924 98.557 98.7589 96.9458 95.892 94.4659 98.2457 98.9232 98.3781 96.1078 95.1806 98.7117 98.3076 97.656 96.2798 94.7716 
100.66 100.901 97.8999 98.0408 98.4338 101.308 100.394 99.3624 99.1809 98.3388 102.611 101.096 100.457 99.8242 99.0035 100.555 101.257 100.974 99.2091 98.6924 101.335 101.588 101.033 99.9811 97.5925 
104.12 101.871 100.377 99.6018 99.4025 104.451 103.327 100.663 100.254 100.351 104.653 104.129 102.301 101.255 101.038 105.639 104.915 102.754 102.608 101.564 106.508 105.964 103.492 103.735 101.692 
106.733 106.818 107.148 106.1 105.304 107.938 107.665 107.971 107.442 106.383 109.085 108.583 108.258 107.692 107.045 109.676 109.407 108.626 107.722 107.186 110.493 109.886 108.972 108.322 107.715 
109.628 110.219 110.911 110.113 109.513 110.932 110.975 110.584 110.229 109.887 112.194 111.339 110.431 110.217 110.46 112.37 112.153 110.325 109.336 109.435 112.434 111.915 111.165 109.953 109.638 
112.185 112.46 112.618 111.712 111.167 113.245 112.862 112.384 111.699 111.291 114.046 113.081 112.021 111.405 111.526 114.182 113.734 111.854 110.746 110.639 113.971 113.389 112.649 111.351 110.813 
118.387 117.421 116.887 116.645 116.148 119.337 118.1 117.002 114.955 114.999 117.897 116.908 115.107 114.073 114.807 119.255 117.908 116.112 114.642 115.054 118.879 119.178 118.39 116.589 116.174 
120.868 121.231 119.921 117.496 118.067 120.398 120.28 119.381 117.541 114.651 119.129 119.067 118.623 117.239 116.868 119.781 118.563 118.879 118.819 118.92 119.979 119.839 119.439 120.051 120.808 
121.094 121.004 121.143 121.565 120.429 122.378 121.895 120.84 118.506 118.93 120.751 120.581 118.976 118.172 119.538 120.815 119.918 119.592 118.865 119.365 120.645 121.844 122.191 120.877 120.376 
4.65669 4.48397 4.42868 4.3879 4.51081 4.65566 4.46463 4.38712 4.39754 4.47111 4.69997 4.52386 4.40416 4.36327 4.53567 4.74465 4.65434 4.50677 4.4582 4.59452 4.69975 4.71815 4.62255 4.64105 4.6609 
10.6702 10.495 10.3673 14.7386 16.3838 10.5658 10.3841 10.2484 12.3704 16.7408 10.4828 10.2956 10.1892 11.8106 14.5043 10.494 10.3024 10.1857 11.1372 13.9424 10.4099 10.348 10.2717 10.3572 13.4179 
25.6642 25.5966 25.542 25.3784 24.9851 25.5168 25.5138 25.4662 25.2924 24.9314 25.4287 25.5454 25.4532 25.2283 24.8401 25.4908 25.5205 25.4638 25.2049 24.8384 25.4259 25.4674 25.3775 25.2736 24.9255 
37.0018 36.2695 35.0008 34.0578 33.0472 36.5731 35.4063 34.6609 33.6974 32.7467 36.0197 35.1821 34.2854 33.4138 32.5705 35.5718 34.9923 34.2325 33.3698 32.3886 35.1685 34.5242 33.9242 33.1908 32.3521 
52.7393 50.7106 46.6912 42.7768 39.8308 52.2386 50.3757 46.4174 42.2893 39.4988 51.9302 50.0347 46.1735 42.0646 39.0578 51.8638 49.8062 45.9527 41.8843 38.8627 51.6439 49.3778 45.7062 41.7009 38.9392 
67.3534 65.3942 62.3399 57.6335 55.4904 67.1827 65.7673 62.0459 58.8107 56.1017 67.6871 65.6476 62.4409 59.1023 56.6901 68.1387 66.234 62.8305 59.0769 56.6275 67.5168 66.3258 63.2887 58.9271 57.1257 
76.3501 74.3162 73.3011 70.6567 68.9376 75.4697 74.9347 73.7257 72.0514 69.5253 74.7749 74.3946 73.6144 71.692 70.1822 76.2894 75.6152 73.3799 71.5787 69.7988 76.648 75.5434 73.725 71.9694 70.5979 
84.3082 83.7695 81.3783 79.489 78.2426 84.6216 84.0362 81.4837 80.7356 78.6973 83.8207 83.1828 82.2277 81.1283 80.0965 84.5614 83.4608 82.4814 81.759 79.9169 83.0746 82.691 82.7219 82.7621 81.2044 
86.178 85.7125 83.4621 81.5631 80.4358 86.5548 86.0446 83.5251 82.8035 80.8275 85.7321 85.0825 84.2742 83.2651 82.1862 86.4117 85.2953 84.3648 83.8942 82.0363 85.0645 84.6488 84.671 84.866 83.3807 
88.8371 88.0946 85.8791 84.0316 82.6623 88.6774 87.9252 85.1898 84.6103 82.596 87.9001 86.9992 86.1041 84.9621 84.196 88.5423 87.4241 86.9438 86.1995 84.227 87.5867 87.1039 87.4308 87.3937 85.6853 
95.138 94.1501 93.4035 92.7342 92.0804 95.1447 94.5368 93.3895 92.8068 92.0116 95.5354 95.7698 94.38 93.4432 92.3288 95.2303 95.848 95.147 93.349 92.6151 95.3819 95.1485 94.4152 93.1214 91.8749 
98.5704 98.7568 96.1651 96.5387 96.9217 98.9471 98.3386 97.5937 97.6895 96.8719 100.011 99.2779 98.7697 98.2182 97.2549 97.4689 98.9996 99.0372 96.9473 96.7142 98.0251 98.639 98.3558 97.2624 94.8671 
101.84 100.342 97.987 97.7574 98.0491 102.072 101.031 98.5417 98.5573 98.6248 102.388 101.751 100.248 99.4362 99.0257 101.836 102.04 100.408 99.633 98.8313 102.621 102.527 100.569 100.638 97.7365 
102.911 101.526 99.0889 98.8823 99.2479 103.191 102.143 99.7127 99.7054 99.8881 103.504 102.699 101.294 100.54 100.313 103.116 103.09 101.364 100.873 100.104 103.934 103.811 101.774 101.978 99.1983 
105.24 103.616 102.581 102.03 102.319 105.272 104.623 102.43 102.497 102.961 105.257 105.029 103.506 102.873 102.996 105.961 105.361 103.489 103.549 103.235 106.611 106.406 104.157 104.497 102.898 
108.183 109.101 109.736 109.499 109.187 108.939 109.136 109.696 109.93 109.803 109.568 109.474 109.518 109.638 109.86 110.016 109.895 109.539 109.42 109.374 110.508 110.175 109.932 109.728 109.602 
111.476 112.089 112.44 111.75 111.694 111.923 112.151 111.854 111.46 111.746 112.261 112.189 111.897 112.055 112.146 112.168 112.653 111.541 111.377 112.146 112.364 112.389 111.815 110.953 111.937 
116.845 118.117 117.11 114.808 115.43 116.176 116.669 116.286 115.527 112.673 116.137 116.202 116.551 115.707 114.887 116.145 115.322 116.13 116.704 116.482 116.589 116.017 115.691 116.87 117.693 
119.732 120.269 119.286 117.062 117.625 119.264 119.274 118.728 117.135 114.341 118.182 118.01 118.102 117.029 116.635 118.615 117.535 118.18 118.395 118.753 119.101 118.927 118.672 119.429 120.428 
118.755 120.045 119.414 117.222 118.404 118.401 119.129 118.852 118.278 115.678 118.208 118.614 119.299 118.621 118.08 118.373 117.92 118.748 119.338 119.598 118.95 118.524 118.428 119.858 120.897 
0.960553 0.701155 0.562968 4.0216 5.40954 0.977262 0.709452 0.561713 2.24571 5.73981 1.00596 0.762189 0.589594 1.8241 4.01779 1.03946 0.806963 0.616986 1.30957 3.54955 1.03933 0.869557 0.683589 0.687318 3.13115 
1.55221 1.46721 1.49289 5.08719 6.4126 1.48813 1.46297 1.47782 3.29411 6.78049 1.51998 1.46923 1.49794 2.85249 5.00175 1.55263 1.5373 1.54849 2.32829 4.53106 1.56655 1.58127 1.5617 1.62728 4.1099 
12.8533 12.4079 11.3672 15.4495 16.5418 12.4028 11.5482 11.0653 12.5083 16.6785 11.9502 11.0941 10.5337 11.833 13.8681 11.4336 10.8809 10.3498 10.7994 13.1738 11.3702 10.8292 10.3319 9.85728 12.5633 
36.5018 34.7079 30.7419 27.1637 24.285 35.6107 33.2089 30.0531 26.2365 23.7785 34.5779 32.4546 29.1235 25.677 22.9991 33.6621 31.713 28.4737 25.1182 22.603 33.3154 31.0283 27.9684 24.6814 22.2436 
60.2384 57.4126 49.1233 41.5225 35.4806 58.2693 54.8337 47.5707 38.8987 34.2369 56.2201 53.143 45.625 37.8516 32.3183 54.2793 51.1903 44.2641 36.3443 31.442 53.2651 49.8854 42.8123 35.5239 30.699 
79.7296 76.5082 71.8508 65.951 62.0502 78.8398 76.8516 71.7381 66.4701 62.2675 76.976 75.0131 70.8758 65.9093 62.5938 76.7931 74.7137 70.2354 65.3847 62.0904 77.18 74.6893 70.2359 65.8746 62.8178 
81.5245 79.1343 76.6069 72.8953 70.4903 80.8186 79.7116 76.7586 73.6668 70.7837 79.1529 78.0869 75.9974 73.1101 71.2284 79.1932 77.9641 75.5722 72.9105 70.819 79.6471 78.1075 75.6137 73.4348 71.4987 
82.8764 80.5877 79.2973 76.8703 75.3735 82.4647 81.4524 79.5797 77.8095 75.7659 80.8707 79.9753 78.9522 77.442 76.3493 80.8702 79.8403 78.3686 77.2426 76.0885 81.3502 79.9588 78.5488 77.6577 76.664 
86.9252 86.5633 84.4727 82.8039 81.8415 87.2528 86.807 84.4737 83.9456 82.1991 86.3162 85.8275 85.0935 84.1586 83.3322 86.8423 85.8021 85.1288 84.7311 83.0844 85.5623 85.2185 85.3261 85.5612 84.2313 
90.0045 89.7217 89.0651 88.47 88.0896 90.2391 89.6856 88.9348 88.3334 87.9986 90.2601 89.8698 89.1313 88.3185 87.7833 90.2193 89.7671 89.075 88.6039 87.8769 90.1908 89.7566 89.0758 88.4653 87.8658 
93.2019 92.893 92.1508 91.7223 91.2924 93.3014 92.7054 91.9885 91.5362 91.2121 93.3042 93.046 92.238 91.4268 90.9885 93.4632 93.1601 92.4478 91.6822 90.9754 93.5596 93.1814 92.5825 91.7236 91.0807 
96.6328 95.8618 95.4803 95.2294 94.8652 96.6072 96.1637 95.2642 95.1321 94.8065 96.8601 97.3205 96.0642 95.522 94.7071 96.4022 97.3164 96.833 95.2539 94.8255 96.5569 96.4538 95.9348 94.9293 93.9011 
99.9394 100.494 97.9191 98.4402 98.9437 100.34 99.8093 99.2151 99.4097 98.9158 101.299 100.153 99.9 99.6126 99.1223 99.0759 100.026 99.8902 98.4 98.3257 99.5297 99.9923 99.6173 98.9006 96.8241 
104.166 102.453 101.221 100.596 100.937 104.029 103.341 101.061 101.024 101.466 103.781 103.462 101.955 101.318 101.397 104.435 103.682 101.819 101.778 101.53 105.002 104.688 102.488 102.825 101.136 
106.51 106.531 106.675 106.777 107.793 106.154 106.698 106.561 107.124 107.748 106.144 106.312 106.047 105.954 106.601 106.332 105.945 105.968 105.46 106.95 106.621 107.247 106.554 106.165 106.651 
109.167 109.632 109.815 109.566 110.447 108.214 108.974 109.73 109.914 110.672 107.474 108.88 110.075 110.724 110.413 107.794 109.235 110.011 110.674 112.343 109.004 110.115 109.323 109.042 111.928 
111.028 111.813 111.743 111.435 112.058 110.233 110.809 111.755 111.635 112.44 109.604 110.924 112.505 113.203 112.749 110.156 111.556 112.423 113.421 114.507 111.365 112.189 111.477 111.277 114.234 
112.335 113.283 113.344 112.674 113.125 111.732 112.256 113.266 112.921 113.366 111.445 112.412 113.908 114.361 113.648 112.114 113.234 114.007 114.742 115.502 113.473 114.077 113.281 112.884 115.416 
117.086 118.74 118.006 115.502 116.456 116.283 117.086 117.086 116.507 113.737 116.45 116.624 117.317 116.757 116.211 116.834 116.003 116.986 117.742 117.737 117.573 117.08 116.585 117.816 118.934 
115.62 116.175 116.817 116.994 117.685 115.898 116.114 116.979 117.469 118.156 116.04 116.432 117.137 117.653 118.335 116.975 117.014 117.314 117.677 118.291 117.799 117.752 117.627 117.76 117.947 
