7761600
20.388 19.8234 19.8685 19.9042 19.9523 20.7919 19.97 19.7764 19.809 19.4058 20.1513 19.7692 19.307 19.2882 19.3689 19.0863 19.0039 19.1125 19.167 18.9031 19.5154 19.1647 19.3098 19.312 18.7818 
40.9527 40.5285 40.9818 41.3999 41.8793 41.2803 40.7718 40.677 41.5422 42.0947 41.0577 40.4454 40.5894 41.2717 42.144 40.5997 39.8521 40.1902 40.7294 41.4298 40.6605 40.3414 40.4873 40.9717 41.1732 
59.2261 58.8207 59.1843 59.508 60.1336 59.667 59.054 58.8741 59.7639 60.4495 59.4254 58.8569 59.01 59.7719 60.5957 59.05 58.2939 58.7615 59.3037 59.879 59.0808 58.7762 58.847 59.4933 59.61 
77.1836 76.9418 76.4161 76.3702 76.4233 77.9237 77.4193 77.215 77.2822 76.9861 78.4406 77.7807 77.654 76.8059 75.9162 78.3664 77.422 76.5556 74.4407 74.7072 79.3108 78.5158 76.8645 75.7486 75.7203 
94.5104 94.4715 94.1309 94.1607 94.2602 94.2292 94.0555 93.7849 93.8623 93.8058 93.614 93.8767 93.708 93.6856 93.4131 93.6613 93.778 93.7665 93.2245 92.69 93.6441 93.5419 93.2541 92.8558 92.5182 
110.623 110.067 109.913 109.533 109.691 110.669 110.006 109.749 109.42 109.239 110.495 110.188 109.882 109.482 109.053 110.569 110.196 109.874 109.447 109.07 110.21 109.998 109.591 109.143 109.04 
118.405 117.679 117.419 116.546 116.303 118.648 117.611 117.049 116.609 115.777 118.321 117.663 116.946 116.5 115.904 118.063 117.507 116.949 116.279 115.727 117.291 116.989 116.531 115.672 115.289 
24.9286 24.9271 24.9939 24.9861 24.9891 24.9041 25.0195 24.9127 24.9064 24.9989 24.9075 24.8883 24.8654 24.868 24.9346 24.9439 24.9077 24.8547 24.9769 24.9767 25.1164 25.0767 25.1306 25.259 25.1507 
51.6987 51.3271 51.4232 51.3897 51.621 52.3817 51.646 51.3967 51.4221 51.292 51.9164 51.5235 51.0606 51.2284 51.4334 50.9628 50.8804 51.2093 51.5515 51.3562 51.3799 51.2502 51.5691 51.9778 51.3473 
75.4321 75.1801 74.6835 74.6756 74.8114 76.2638 75.8632 75.6473 75.6236 75.5016 76.7843 76.2667 76.1735 75.3785 74.6303 76.6451 75.8564 75.3101 73.769 73.9303 77.4534 76.8633 75.5695 75.0561 75.0426 
84.9955 84.9331 84.2203 84.0938 83.9111 85.715 85.2574 85.0881 84.8268 84.2745 86.1175 85.7546 85.473 84.3541 83.1009 85.9828 85.4949 84.6135 82.4363 82.1974 86.8697 86.2544 84.6071 83.53 83.2279 
100.106 100.022 99.3029 99.1524 99.0129 100.634 100.273 100.267 100.043 99.4332 101.041 100.799 100.658 99.5303 98.1262 101.131 100.755 99.8873 97.4921 97.2696 102.223 101.515 99.9014 98.623 98.2518 
128.95 128.615 128.34 128.256 128.275 128.92 128.288 128.326 128.27 128.327 128.773 128.351 128.381 128.488 128.367 128.63 128.251 128.441 128.655 128.454 128.716 128.261 128.282 128.354 128.332 
132.893 132.095 131.79 131.086 130.952 132.886 132.08 131.73 131.27 130.52 132.805 132.137 131.78 131.28 130.73 132.488 132.019 131.571 131.344 130.907 132.109 131.652 131.303 130.838 130.693 
78.6018 78.3955 78.3776 78.3814 78.3587 78.7012 78.3874 78.3042 78.3713 78.3223 78.7431 78.671 78.7412 78.5456 78.3725 78.8706 78.7855 79.1698 78.9784 78.5979 79.0828 79.3506 79.4341 79.5993 78.551 
78.8663 78.4775 78.1261 77.9694 78.4899 79.5368 79.8947 79.0525 78.5688 79.2088 79.2533 80.0204 79.7819 79.4286 79.7742 79.6431 80.052 80.7141 81.4178 80.6618 79.8385 80.1029 80.8721 82.3197 82.332 
86.9226 86.9455 86.6857 86.734 87.2859 87.628 88.1837 87.6045 87.4249 88.2392 87.5998 88.6785 88.5702 88.3423 88.9477 88.044 88.7198 89.4292 90.0928 89.6713 88.1911 88.7813 89.303 90.6238 91.0076 
97.8935 97.4847 96.6475 96.4145 96.4182 98.7026 98.4271 98.1211 97.6484 97.2728 98.8386 98.903 98.7284 97.527 96.3856 99.0026 98.9097 98.2109 96.2667 95.7567 100.144 99.5887 98.2235 97.5661 97.2821 
136.644 136.493 136.462 136.565 136.859 136.253 136.062 136.811 137.298 137.778 135.855 135.923 136.891 137.78 137.9 136.596 136.767 137.327 137.568 137.834 136.929 136.495 136.771 137.047 137.04 
150.793 150.15 149.924 150.172 150.544 150.24 149.699 149.981 150.373 150.879 149.862 149.469 149.845 150.693 151.066 150.301 149.833 150.228 150.755 151.115 150.64 149.91 150.179 150.459 150.592 
166.931 166.6 166.748 167.195 167.655 166.933 165.524 166.489 167.664 168.475 166.584 165.226 165.919 167.441 168.076 166.599 165.302 166.198 166.645 166.862 166.578 165.288 165.987 166.837 166.612 
98.969 99.1726 99.3696 99.6497 100.052 99.0807 99.2675 99.2788 99.7065 100.014 99.1423 99.8067 99.8759 99.6074 99.9084 99.1621 99.7447 100.125 99.7019 99.5846 99.3202 99.9991 99.9756 100.317 99.5123 
98.7067 99.1119 99.326 99.6187 100.12 98.9432 99.3925 99.5258 99.8504 100.394 99.2825 100.046 100.095 99.9767 100.395 99.6017 100.073 100.612 100.427 100.383 99.569 100.482 100.636 101.06 100.496 
105.23 104.726 104.886 105.068 105.858 106.109 106.651 106.186 105.983 106.973 105.888 107.058 107.159 106.905 107.793 106.399 107.144 107.697 108.587 108.014 106.646 107.102 107.435 108.953 109.567 
140.993 141.684 142.972 143.545 144.2 141.765 142.329 143.664 144.271 144.823 143.083 143.159 143.824 144.644 144.776 143.073 143.464 143.776 144.196 144.183 143.464 142.985 143.306 143.469 143.956 
158.433 157.994 158.025 158.161 158.403 158.032 157.87 158.262 158.698 158.952 157.861 157.987 158.372 159.356 159.741 158.859 158.874 158.787 159.457 159.889 159.172 159.005 159.137 159.591 159.233 
175.778 175.407 175.269 176.141 176.375 175.837 174.745 175.314 176.344 177.001 175.601 174.566 174.825 176.128 176.982 175.929 174.691 174.927 175.61 176.489 176.074 174.893 175.16 175.873 176.088 
186.314 186.685 187.84 188.543 189.361 186.359 185.775 186.915 187.486 187.787 185.884 186.424 187.085 187.319 186.768 185.277 185.78 186.904 186.05 185.874 184.802 184.542 185.784 185.97 185.543 
112.168 112.287 112.405 112.676 112.815 112.273 112.48 112.637 112.812 112.919 112.436 113.012 113.067 112.543 112.787 112.498 112.924 113.256 112.719 112.463 112.665 113.257 113.256 113.468 112.359 
119.414 119.329 119.932 120.288 120.551 119.353 119.573 119.859 120.159 120.7 119.503 119.828 120.078 120.027 120.869 119.555 119.758 119.911 119.866 120.475 119.48 119.776 119.618 119.825 120.35 
149.288 150.645 151.547 150.072 150.049 149.097 150.689 151.688 151.553 152.017 148.774 149.361 150.311 151.457 152.313 146.477 148.212 149.577 150.179 149.99 144.011 144.466 146.156 146.945 146.791 
160.22 159.929 161.42 161.661 162.274 160.574 160.048 161.514 161.811 162.004 161.827 161 161.38 162.325 162.345 161.884 161.209 161.22 162.033 162.05 162.316 161.392 161.441 161.744 161.726 
173.282 173.324 173.882 173.973 174.43 174.49 174.26 174.832 175.118 175.18 175.451 174.907 174.899 175.579 175.392 175.417 175.221 174.563 175.128 175.347 175.916 175.487 175.068 175.169 175.067 
194.438 195.524 196.192 196.392 196.794 194.481 194.905 195.339 195.126 194.785 194.226 195.676 195.614 195.053 194.402 193.894 194.982 195.33 194.171 194.014 193.858 194.086 194.908 194.238 193.731 
196.966 198.003 198.693 199.221 199.917 197.352 197.173 197.773 198.163 198.263 196.865 197.925 198.021 197.791 197.013 196.314 197.15 197.679 196.542 196.258 196.122 195.532 196.488 196.761 196.281 
127.208 127.121 127.512 127.273 127.605 127.463 127.673 127.493 127.406 127.253 127.883 128.37 127.413 127.409 127.677 128.298 128.486 127.556 127.264 127.91 128.261 128.348 127.924 127.883 127.842 
145.251 146.459 146.374 144.585 143.825 144.644 146.23 146.377 145.763 145.644 143.678 144.45 144.902 145.507 146.108 141.572 143.299 144.361 144.609 144.281 139.015 139.985 141.477 142.163 141.323 
155.446 156.626 156.731 155.077 154.127 155.087 156.579 156.653 155.586 155.241 154.734 155.237 155.07 155.274 156.015 151.757 153.27 153.959 154.289 153.858 149.398 149.783 150.841 151.53 150.695 
162.738 164.08 164.64 162.842 162.662 163.325 164.852 165.502 165.209 165.384 162.917 163.5 164.228 165.292 165.748 160.585 162.554 163.549 163.867 163.455 158.169 158.763 160.309 161.05 160.449 
201.499 202.751 202.422 201.956 201.614 201.691 202.722 202.755 202.213 201.564 202.098 202.983 202.846 202.709 202.493 203.317 203.838 203.553 202.858 203.052 204.191 204.969 204.81 203.783 203.351 
214.765 215.755 217.327 217.722 217.715 215.177 215.544 215.499 217.825 218.381 215.076 216.315 215.453 217.154 217.688 215.654 215.722 215.947 214.87 216.447 216.485 216.105 216.774 215.543 215.12 
224.427 225.705 226.4 226.235 226.583 224.765 225.771 225.734 225.113 225.04 224.731 226.302 226.137 225.315 224.472 224.051 225.558 225.834 224.75 224.209 224.363 224.663 225.411 225.123 224.49 
135.349 134.716 134.841 134.357 134.705 136.111 135.834 134.979 134.413 133.677 136.936 136.982 135.019 134.754 133.95 137.43 136.909 135.323 135.052 134.992 137.216 136.402 135.907 135.791 135.291 
149.873 150.269 149.966 149.908 148.559 150.29 150.911 149.936 148.124 146.965 151.816 151.876 149.393 147.96 147.469 150.055 149.755 148.538 147.95 147.19 150.376 149.362 148.532 148.299 147.089 
157.485 159.204 158.981 157.098 155.827 157.36 159.326 158.96 157.526 156.936 157.215 158.163 157.38 157.324 157.71 153.775 155.715 156.225 156.36 155.55 151.44 151.998 153.046 153.746 152.476 
173.828 174.646 174.055 174.277 173.3 174.502 174.985 174.135 172.892 171.945 176.265 176.178 174.084 172.908 172.734 174.431 174.252 173.282 173.674 173.115 174.725 173.972 173.415 174.282 173.169 
212.712 213.521 215.796 216.336 216.677 213.689 213.296 213.683 216.734 217.948 213.874 214.562 214.041 216.196 217.205 213.924 213.447 214.416 214.234 216.576 213.948 213.72 215.027 215.304 215.192 
229.156 230.516 232.472 232.992 232.875 229.374 229.926 230.211 232.038 232.817 229.519 230.769 230.283 231.414 232.147 229.3 229.449 230.37 229.924 231.45 229.748 229.803 230.9 230.465 230.068 
233.151 234.139 235.85 236.427 236.585 233.162 233.551 233.683 235.765 236.62 233.232 234.439 233.846 235.203 235.712 233.175 233.277 233.941 233.284 234.736 233.806 233.289 234.227 233.818 233.544 
