7761600
100.722 100.431 100.067 99.6984 99.041 100.443 99.9827 99.5019 98.9021 98.4014 99.9067 99.7862 99.5968 99.0527 98.7069 99.8311 99.406 99.4101 99.3816 98.9662 99.5278 99.679 99.6289 99.2174 98.4794 
103.105 102.663 102.548 102.783 102.77 103.322 102.828 102.416 102.526 102.489 103.269 103.37 103.186 102.661 102.475 103.516 103.427 103.836 103.21 102.191 103.646 103.872 104.017 103.966 102.154 
109.408 108.539 108.614 107.727 107.864 109.991 109.011 108.775 108.129 107.939 109.853 109.236 109.001 108.515 108.217 110.112 109.485 109.18 108.833 108.523 109.692 109.801 109.34 108.629 108.776 
114.78 114.163 114.254 113.473 113.283 115.338 114.228 114.086 113.645 113.065 115.145 114.433 114.03 113.682 113.044 115.099 114.528 114.024 113.486 113.192 114.27 114.171 113.838 113.073 112.912 
120.732 120.032 120.217 119.576 119.065 121.015 120.246 120.34 119.749 118.996 121.043 120.605 120.235 119.569 119.027 120.84 120.409 119.919 119.584 119.317 119.927 119.802 119.52 119.104 118.747 
124.279 124.399 123.89 123.583 122.952 124.634 124.444 124.095 123.584 122.706 124.733 124.597 124.118 123.316 122.855 124.387 124.236 123.843 123.447 122.85 123.734 123.537 123.52 123.371 122.643 
128.172 127.872 127.553 126.975 126.164 128.179 128.025 127.684 126.896 126.004 128.135 128.015 127.565 126.696 126.312 127.607 127.629 127.417 126.951 126.301 127.427 127.374 127.218 126.951 126.315 
133.994 133.362 131.856 130.396 128.701 133.34 133.475 132.684 130.758 128.794 133.735 132.752 132.031 131.306 129.012 134.201 133.62 132.025 130.734 129.147 134.099 133.472 132.398 130.75 129.244 
136.389 135.394 134.356 133.708 132.679 138.832 138.726 138.542 138.586 137.844 137.394 137.929 138.544 138.687 137.258 139.458 140.51 140.04 138.711 137.029 139.998 138.982 138.56 137.949 135.509 
79.0922 78.9685 78.9426 78.6565 79.144 170.608 171.297 172.853 172.477 169.556 171.463 172.581 174.078 175.855 174.135 175.399 175.628 177.266 177.764 177.601 176.026 176.938 177.876 179.037 178.044 
100.52 100.255 100.28 100.586 100.597 99.851 99.44 99.3665 99.5375 99.3889 99.0147 99.2247 99.1893 98.6709 98.5404 98.5655 98.3323 98.9568 98.2005 97.3064 98.1572 98.2751 98.335 98.5031 96.2201 
101.668 101.422 101.349 101.532 101.601 101.856 101.516 101.2 101.274 101.112 101.681 101.904 101.67 101.086 100.791 101.8 101.713 102.007 101.143 100.274 101.64 101.788 101.641 101.727 99.951 
104.436 104.179 104.21 104.665 104.921 104.631 104.303 104.145 104.303 104.569 104.666 104.872 104.658 104.229 104.264 104.619 104.764 105.294 104.371 103.631 104.697 104.975 104.755 105.042 103.502 
110.357 110.713 111.443 111.157 111.787 110.575 110.952 111.531 111.632 111.925 110.738 111.385 111.526 111.675 111.954 110.721 111.308 111.454 111.528 112.092 110.34 111.299 111.167 111.27 111.888 
118.526 119.25 119.149 119.4 119.336 119.158 119.341 119.311 119.78 119.759 119.503 119.766 119.521 119.669 120 119.462 119.848 119.73 119.749 120.078 118.805 119.121 119.412 119.785 119.793 
124.819 124.897 125.027 125.397 125.29 124.77 125.052 125.428 125.576 125.521 125.116 125.297 125.571 125.567 125.829 124.849 125.165 125.562 125.951 125.932 124.884 125.088 125.516 125.997 125.952 
130.516 130.616 130.356 129.948 129.879 130.2 130.495 130.565 130.427 129.978 130.45 130.253 130.566 130.769 130.41 130.736 130.707 130.741 130.653 130.29 130.751 130.682 130.769 130.502 130.448 
137.686 137.191 136.787 136.597 136.192 136.253 136.506 136.883 137.205 137.042 135.136 135.713 136.931 137.352 136.955 136.696 137.212 137.354 136.662 136.105 137.278 136.779 136.44 135.93 135.409 
140.617 139.923 139.556 139.525 139.282 139.167 139.416 139.955 140.311 140.658 137.639 138.175 139.863 140.552 139.873 139.7 140.535 140.724 140.142 139.236 140.394 139.415 139.556 139.173 137.66 
138.945 139.052 139.351 139.824 140.4 140.782 141.594 142.783 144.101 144.34 139.531 140.684 142.925 144.235 143.898 141.641 143.258 144.143 144.174 143.609 142.296 141.879 142.763 143.086 141.983 
90.6603 91.2622 90.4698 90.5227 91.1175 89.5935 90.2509 89.429 89.7486 89.8567 86.9725 88.0722 88.0211 88.4206 88.5923 86.0184 86.243 86.4903 86.5552 86.5661 85.2649 85.0384 84.7996 84.7531 84.9876 
98.3625 98.3399 98.6053 99.3744 99.6073 97.8036 97.7504 97.895 98.2553 98.6605 97.4928 97.8854 97.8487 97.4424 97.6097 97.037 97.2438 97.931 96.834 96.158 96.7623 96.9745 96.757 97.3219 95.4728 
97.9103 98.4876 98.8482 99.3578 100.021 97.3381 98.2592 98.645 99.0975 100.089 97.7287 98.7621 99.0518 99.3717 100.149 97.8494 98.6922 99.2125 99.0851 99.5543 97.8451 98.6124 98.4342 98.9236 99.3322 
103.271 104.768 105.702 106.584 107.792 103.438 105.106 105.72 106.46 108.042 104.091 105.919 106.182 106.623 107.989 104.107 105.823 106.459 106.401 107.235 103.948 105.674 105.555 106.619 107.363 
113.193 114.774 115.902 117.058 118.209 113.46 115.221 116.164 117.331 118.662 113.881 115.624 116.385 117.346 118.764 113.871 115.496 116.514 117.502 118.488 113.927 115.599 116.411 117.528 118.563 
125.89 126.501 127.149 128.167 128.955 125.914 126.672 127.567 128.62 129.515 126.309 127.091 127.966 129.054 130.065 126.496 127.198 128.131 129.163 129.687 126.663 127.34 128.208 129.232 129.756 
135.074 135.108 135.356 136.106 136.349 134.721 135.034 135.663 136.261 136.772 134.737 135.296 136.171 137.051 137.999 135.033 134.986 135.933 136.626 137.005 135.743 135.979 135.93 136.173 137.487 
142.357 141.52 141.73 141.785 141.85 141.453 140.798 141.593 141.932 142.701 140.966 140.318 141.798 142.853 143.794 141.756 139.945 140.808 141.417 142.105 142.276 141.219 140.905 140.762 142.279 
150.574 151.469 151.695 149.986 149.618 149.439 150.99 151.708 151.517 151.947 147.775 148.75 150.313 151.497 152.318 146.304 148.39 149.821 150.203 149.925 144.106 144.694 146.149 146.92 146.385 
149.382 150.153 152.165 153.642 152.915 150.723 152.508 153.217 152.175 152.028 152.642 153.632 152.605 152.081 152.908 150.503 151.349 152.116 152.973 152.443 151.676 152.058 152.256 153.262 152.702 
82.9871 83.2763 82.8301 82.8682 83.2333 82.4069 82.7415 82.3431 82.6682 82.8606 81.0397 81.7676 81.8432 82.278 82.5286 80.6181 80.878 81.2184 81.4193 81.5232 80.442 80.4587 80.5371 80.7494 80.8671 
89.5586 89.5146 89.4355 89.7009 89.8947 88.901 89.1119 89.2684 89.5602 89.8193 88.4494 88.952 89.3414 89.7566 89.7568 88.4105 88.7089 89.1544 89.3296 89.3495 88.5259 88.5239 88.5939 88.8323 88.8449 
90.885 89.8953 89.2065 89.4322 90.0216 91.3588 91.8304 90.6962 90.1225 91.0208 90.8973 92.2078 92.0703 91.3793 91.8169 91.3869 92.0969 93.2732 93.9139 92.46 91.6402 91.6827 92.4969 94.5345 94.6781 
97.3584 97.8388 98.3642 98.9128 99.6322 97.0133 97.8869 98.3309 98.9726 99.7851 97.3466 98.3532 98.9715 99.5399 100.055 97.7144 98.5697 99.1647 99.3677 99.7535 97.9827 98.6518 98.9317 99.2719 99.7098 
115.469 116.332 117.205 118.198 119.159 115.464 116.513 117.411 118.427 119.486 115.638 116.793 117.924 118.724 119.481 115.541 116.472 117.648 118.4 119.019 115.948 116.533 117.383 118.396 118.815 
132.847 132.943 133.636 134.936 135.635 132.97 133.318 133.67 134.712 135.293 133.157 133.563 134.009 134.817 135.356 132.99 133.404 134.31 135.228 135.38 133.299 133.432 134.206 135.131 135.632 
141.889 141.082 141.422 142.161 142.891 141.784 141.008 141.285 142.381 143.041 141.72 141.184 141.617 142.701 143.123 141.802 141.081 142.001 142.962 143.118 141.796 140.828 141.519 142.48 143.169 
155.9 157 155.938 153.618 152.994 154.647 155.049 155.228 154.628 154.996 153.719 153.456 153.925 154.914 155.754 151.166 152.01 152.52 153.002 153.309 148.739 147.974 148.97 149.805 149.583 
155.244 156.399 157.302 155.838 155.151 155.281 157.03 157.625 156.753 156.726 155.042 155.498 155.746 156.543 157.591 151.899 153.408 154.907 155.831 155.516 149.661 150.348 151.881 153.124 152.44 
156.837 158.617 159.994 158.694 158.379 156.773 158.926 160.222 159.797 159.851 157.232 157.951 158.473 159.679 160.239 154.156 156.374 157.864 158.511 158.017 152.109 153.007 154.518 155.473 154.831 
76.9558 76.8331 76.5223 76.3284 76.4849 76.8938 76.5984 76.1085 76.3375 76.5651 75.965 76.3322 76.3491 76.9057 76.9635 76.0807 76.3808 76.8442 76.9747 76.7508 76.5035 76.7397 76.7012 76.9765 76.8179 
81.5245 80.9217 80.3096 80.2192 80.6379 82.226 82.4968 81.5728 81.0269 81.5592 81.8149 82.6847 82.5627 82.1249 82.3073 82.2089 82.6894 83.5866 84.3633 83.275 82.5795 82.8242 83.6883 85.2801 85.2573 
88.5237 87.5543 86.8403 86.9821 87.4924 89.3166 89.4878 88.3413 87.8101 88.4752 89.0101 89.9715 89.6628 89.0406 89.3257 89.6917 90.2385 91.0562 91.5906 90.2506 90.2432 90.0947 90.8073 92.3862 92.5077 
94.1561 93.5728 93.0031 93.2202 93.781 95.0837 95.4587 94.59 94.2204 94.7246 94.6296 95.8084 95.6634 95.1682 95.3073 95.1726 95.8344 96.6971 97.2025 95.9407 95.6745 95.6028 96.3517 97.8754 97.9367 
113.138 113.707 114.146 114.743 115.246 113.074 113.592 114.095 114.783 115.242 113.079 113.596 114.26 114.799 114.968 112.924 113.286 113.953 113.987 114.349 113.336 113.348 113.865 114.068 114.164 
137.338 137.538 137.812 138.078 138.138 137.103 137.454 137.752 137.987 138.073 137.083 137.404 137.452 137.557 137.774 136.883 136.973 136.999 137.213 137.563 136.933 136.95 136.965 137.263 137.299 
157.595 157.518 154.338 153.762 153.415 155.62 153.713 152.836 152.404 152.723 155.833 154.801 153.394 152.879 152.553 154.575 153.173 151.811 151.436 151.993 154.857 151.452 150.671 150.937 150.905 
162.864 162.733 159.393 158.308 157.631 161.265 158.862 157.868 157.157 157.315 161.148 158.796 158.332 157.417 157.19 160.643 157.969 156.349 155.575 156.078 160.546 154.306 154.948 154.761 154.802 
159.86 161.395 161.696 159.797 159.54 159.063 160.203 161.169 160.893 161.226 158.925 158.95 159.594 160.922 161.4 156.293 157.892 158.851 159.277 159.083 154.033 154.113 155.278 155.842 155.303 
160.627 161.365 163.573 164.509 164.644 161.475 162.333 163.973 164.22 164.165 163.869 163.767 163.559 164.372 164.008 162.74 162.949 163.673 164.078 163.459 163.593 163.171 163.3 163.468 163.288 
73.0142 72.6747 72.398 72.0412 72.0743 73.0373 72.5444 72.1076 72.1918 72.4226 72.667 72.6054 72.6322 73.1411 73.1021 73.0845 73.035 73.4743 73.5944 73.3252 73.5814 73.7817 73.7817 73.9522 73.6593 
72.9989 72.6243 72.398 72.1661 72.3667 73.1696 72.7129 72.2541 72.4521 72.7352 72.8361 72.8325 73.0088 73.5506 73.6019 73.3921 73.4219 74.0964 74.3826 74.1873 74.139 74.5858 74.5897 74.8317 74.6381 
81.4346 80.5676 79.7384 79.6236 80.0953 82.3976 82.5266 81.267 80.6167 81.1317 82.1495 82.9534 82.4845 81.7596 81.9461 82.8365 83.0669 83.8561 84.5827 83.1556 83.2419 83.2727 83.9249 85.5378 85.3922 
88.5375 88.0866 86.8853 86.5387 86.2401 89.6157 88.7198 88.2569 87.7432 86.784 90.2466 89.4859 88.8914 87.2405 85.5625 90.3882 89.4666 88.1115 85.0587 84.7866 91.7636 90.7899 88.5751 86.691 86.2828 
126.129 126.091 125.941 125.63 125.507 126.1 126.138 126.148 125.9 125.668 126.372 126.445 126.069 125.658 125.354 126.416 126.493 125.797 125.347 125.246 126.568 126.682 126.122 125.765 125.386 
147.076 146.819 146.216 146.328 146.335 146.752 146.716 146.663 146.222 146.204 147.102 147.452 146.66 146.207 146.046 146.721 146.234 146.137 145.8 145.925 146.926 146.733 146.416 146.654 146.469 
157.43 157.396 156.478 156.859 156.522 157.595 157.928 157.71 157.004 156.45 157.603 157.687 157.905 156.479 156.092 157.277 156.739 156.504 155.706 155.346 157.123 154.757 155.883 156.061 156.188 
167.893 168.019 164.663 164.373 163.759 166.407 164.887 163.884 163.107 162.898 166.512 165.264 164.728 163.239 162.765 165.866 164.237 162.43 161.262 161.619 165.961 160.772 161.15 160.842 160.838 
175.305 175.312 174.374 174.719 174.44 175.616 175.659 175.257 175.105 174.66 175.36 174.906 175.41 175.088 174.728 175.803 175.212 175.214 174.755 174.507 175.97 173.764 175.31 175.422 175.494 
170.853 171.041 172.641 173.262 173.737 172.031 171.813 173.227 174.052 174.663 173.384 172.738 173.141 174.255 173.938 173.068 173.055 173.34 173.385 173.378 173.508 173.152 173.19 173.06 173.443 
67.1358 66.6092 66.1202 65.4937 65.4914 67.0389 66.4408 65.803 65.7223 65.6771 66.5438 66.3846 66.1644 66.4396 66.2519 66.9424 66.9337 67.0305 66.7894 66.2241 67.4247 67.4233 67.0689 66.6964 66.3388 
65.7276 65.6024 65.4047 65.1814 65.293 65.71 65.7007 65.609 65.4315 65.5992 66.149 65.9608 65.975 66.0881 66.0298 66.5176 66.2164 66.3225 66.5834 66.4792 66.6879 66.7156 66.8114 66.7889 66.5262 
75.2645 75.2041 74.4777 74.1883 74.0999 76.1935 75.9209 75.6319 75.1377 74.5454 77.0087 76.4535 76.0581 74.6612 73.3988 77.0518 76.2612 75.2536 72.6224 72.5334 78.2607 77.4795 75.7435 74.3962 74.0122 
85.0219 84.5634 83.3585 82.6513 82.0209 85.8878 85.0783 84.5316 83.6814 82.4961 86.4848 85.7397 85.0135 83.0159 81.0918 86.4361 85.4903 83.9862 80.7673 80.1489 87.5379 86.5518 84.1765 82.1433 81.5801 
102.441 101.913 100.663 99.6848 99.2306 103.412 102.634 101.803 100.77 99.7072 104.242 103.47 102.266 100.082 98.3345 104.507 103.116 101.301 97.814 97.2994 105.807 104.556 101.775 99.4327 98.6962 
153.923 153.351 152.868 152.5 152.338 153.72 153.509 153.131 152.566 151.979 154.059 154.155 153.378 152.542 151.904 154.12 153.903 152.9 152.594 152.43 154.204 154.038 153.221 152.648 152.173 
169.222 168.522 167.866 168.407 168.501 168.673 168.441 168.696 168.473 168.196 168.854 169.174 168.832 168.331 168.264 168.442 167.693 168.039 167.645 168.02 168.46 167.543 167.664 167.98 168.119 
179.125 178.911 177.504 178.274 178.234 179.351 179.533 179.252 178.769 178.12 179.134 179.058 179.753 178.442 178.057 179.459 178.67 178.714 178.047 177.771 179.395 176.267 177.999 178.441 178.512 
194.779 193.745 193.049 193.403 193.51 195.787 194.464 194.086 194.706 194.709 195.68 194.228 194.079 194.772 195.452 196.489 195.784 195.193 196.207 196.865 196.992 196.612 196.229 197.724 198.069 
200.778 201.977 201.408 201.115 200.57 200.818 201.28 201.72 201.634 201.147 202.054 201.915 201.928 201.988 201.376 203.072 203.072 202.203 201.434 201.818 203.49 203.861 203.606 202.161 201.298 
50.2622 50.0849 49.5534 49.1675 48.9914 50.1267 50.0488 49.6088 49.3409 49.0443 50.2817 50.0563 49.8231 49.4613 49.1419 50.484 50.3285 49.8734 49.6117 49.1686 50.4443 50.2847 49.9626 49.4678 49.2171 
47.9594 47.5479 47.7992 47.7781 48.1056 48.5622 47.883 47.7085 47.6927 47.3763 47.9653 47.5656 47.0501 47.1331 47.3859 46.8509 46.7735 46.9819 47.1157 46.8524 47.2673 46.923 47.2679 47.5037 46.7717 
62.7759 63.2097 63.5484 63.4764 63.6776 62.9641 63.7095 63.5376 63.3201 63.8441 63.3783 63.651 63.4845 63.531 63.8524 63.7304 63.7129 63.6604 63.8458 63.894 63.6451 63.7593 64.0401 64.4435 64.2028 
78.9226 78.8487 78.0453 77.5989 77.2494 79.766 79.5109 79.1337 78.3757 77.6673 80.4018 79.8696 79.4112 77.8753 76.4156 80.4105 79.5617 78.351 75.6807 75.4434 81.4727 80.5981 78.6903 77.2581 76.8355 
132.536 131.809 130.852 130.077 129.083 132.727 132.179 130.93 129.712 128.873 133.267 133.287 131.716 130.396 128.995 133.018 132.766 131.693 130.982 130.341 133.287 133.318 131.595 130.43 129.677 
168.187 167.615 166.692 165.571 165.362 168.305 167.27 165.872 164.599 163.871 168.565 167.986 166.348 166.457 166.526 168.787 167.19 166.117 167.232 168.209 168.755 169.291 168.686 169.255 167.75 
182.609 182.69 183.066 183.349 183.919 182.875 181.738 182.768 183.687 184.643 182.969 181.919 182.151 183.118 184.403 182.986 181.8 182.243 182.609 183.102 182.227 181.338 181.942 183.078 182.622 
196.801 196.485 196.247 196.691 197.014 196.876 196.414 196.358 196.934 197.122 197.273 196.513 196.497 197.137 197.982 197.994 197.181 197.338 198.961 199.382 198.107 197.49 197.583 199.996 200.338 
214.293 215.811 217.963 218.791 218.573 213.559 214.21 215.147 218.08 218.535 214.301 215.608 215.035 216.954 217.623 215.307 214.94 215.933 214.784 216.968 215.978 215.244 216.659 215.856 215.42 
216.114 216.905 216.431 216.263 216.236 216.249 216.537 216.647 216.757 216.709 217.655 217.079 217.334 217.523 217.215 218.375 217.849 217.282 217.462 217.411 218.584 218.386 218.225 217.679 216.827 
21.0337 20.4629 20.5535 20.6221 20.6857 21.3998 20.5798 20.4311 20.5078 20.1056 20.7314 20.3522 19.9132 19.9125 20.0326 19.6235 19.5639 19.703 19.7882 19.5539 20.0712 19.7073 19.8967 19.9405 19.4125 
38.7995 38.4367 38.5838 38.6893 38.8149 39.3897 38.682 38.5502 38.5898 38.1568 38.67 38.449 38.0345 38.0868 38.1791 37.4039 37.551 37.8125 38.0103 37.732 37.9442 37.7885 38.0897 38.1735 37.57 
55.4195 55.1696 55.8015 56.1899 56.8441 55.9795 55.5855 55.4739 56.3827 57.1149 55.7929 55.2404 55.3818 56.2528 57.2836 55.314 54.4889 54.9143 55.6051 56.4752 55.2941 55.0105 55.2966 55.9367 56.1536 
87.8181 88.0027 87.8428 87.2805 86.8072 87.9264 88.2306 87.8277 87.3108 87.1291 88.3985 88.6272 88.0233 87.6729 87.5005 88.6186 88.6803 88.2031 88.0691 87.759 88.7203 88.9241 88.5795 88.3599 87.9396 
142.477 142.01 141.162 139.69 139.536 142.961 142.013 140.342 138.73 137.799 143.571 143.059 140.618 140.859 140.558 144.183 142.659 140.821 141.797 142.501 144.052 144.466 143.88 144.486 142.352 
180.224 180.283 180.348 180.462 180.762 180.588 178.913 179.52 180.561 181.36 180.586 179.168 178.918 180.635 181.768 180.947 179.377 179.446 180.111 180.521 180.528 179.724 180.293 181.228 179.921 
191.692 192.505 194.005 194.499 195.325 192.487 191.324 192.399 193.148 193.661 191.718 192.492 192.836 193.006 192.736 190.502 191.459 192.196 191.343 191.114 189.54 189.626 191.264 191.492 190.322 
209.08 210.657 213.293 214.114 214.197 208.844 208.959 210.154 213.537 214.828 208.398 209.65 209.18 211.67 213.099 209.102 208.546 209.889 208.779 211.377 209.47 208.695 210.08 209.721 209.873 
221.776 222.785 225.125 225.969 226.202 221.205 221.463 221.993 225.259 226.551 221.397 222.423 221.817 224.211 225.29 221.76 221.228 222.297 221.929 223.746 222.233 221.157 222.624 222.515 222.365 
230.608 231.843 233.42 233.991 233.902 230.553 231.161 231.278 233.417 233.936 231.113 232.156 231.68 232.927 233.244 231.252 231.105 231.702 231.067 232.452 231.633 231.138 232.146 231.472 230.956 
5.14557 5.04 4.9815 4.93901 4.86027 5.11152 5.09556 4.9788 4.92893 4.93159 5.14723 5.17346 5.07442 4.96093 4.9658 5.13429 5.12799 5.03957 4.99507 4.99821 5.27226 5.19079 5.16743 5.14822 5.14434 
35.4515 35.0079 35.459 35.8928 36.388 35.9088 35.3034 35.16 36.0989 36.6397 35.5672 34.9657 35.0747 35.7993 36.6946 34.968 34.148 34.5364 35.0793 35.8509 34.9767 34.6378 34.7989 35.2844 35.5354 
59.2555 59.687 60.1307 60.5124 61.241 59.7199 60.1473 60.0411 60.9915 61.9491 60.0322 60.1553 60.423 61.2171 62.2607 60.1135 59.9269 60.1106 60.7388 61.8647 60.0561 60.6531 60.6597 61.1576 61.7359 
83.181 83.0048 83.8558 83.8648 84.8609 83.9313 83.9597 83.7206 84.3527 85.0995 84.8293 84.7025 84.1185 84.7661 85.4391 85.3036 84.653 83.9164 84.5023 85.5897 84.9221 84.7798 84.4447 85.0376 85.3468 
136.423 135.88 136.488 135.701 136.508 137.141 137.106 136.47 136.069 135.525 138.852 139.191 136.971 136.806 136.047 140.001 139.9 138.055 137.989 137.958 140.128 139.282 138.614 138.895 138.148 
185.608 186.202 187.491 187.902 188.534 186.002 185.658 186.165 185.63 184.532 185.569 187.543 187.624 186.587 184.742 184.875 186.582 187.093 185.62 184.696 184.477 185.487 186.82 186.246 184.014 
194.418 195.704 197.16 197.616 198.512 195.131 194.758 195.976 196.357 196.493 193.908 195.766 196.535 196.015 195.174 193.062 194.734 196.294 194.191 193.607 192.781 193.022 194.535 194.055 193.422 
206.374 208.067 209.405 209.016 209.698 206.816 207.917 208.259 206.848 206.183 205.04 208.425 208.632 206.991 205.381 204.108 207.328 208.906 206.015 205.205 204.796 206.196 207.293 206.186 206.203 
231.004 232.47 234.64 235.073 235.003 230.893 231.949 232.367 234.282 234.984 230.345 232.471 231.718 233.086 233.841 230.606 231.307 232.47 231.013 233.039 231.792 231.83 232.942 232.107 232.367 
241.405 241.832 241.618 241.657 241.935 241.605 242.205 241.984 241.542 241.864 241.714 241.996 242.096 242.06 242.017 240.931 241.142 241.591 242 241.794 241.33 241.517 241.716 242.179 242.093 
