7761600
25.8994 25.3889 25.5209 25.6264 25.7113 26.3248 25.6235 25.4552 25.5355 25.2198 25.7865 25.4048 25.0106 25.0768 25.2119 24.8065 24.7264 24.8912 25.0609 24.811 25.2581 24.9664 25.2127 25.2972 24.7406 
46.3344 45.9512 46.2372 46.5622 47.057 46.6201 46.115 45.9622 46.7148 47.3311 46.3972 45.8888 46.0487 46.653 47.4082 46.0508 45.4062 45.7932 46.3625 46.9324 46.06 45.8452 45.9919 46.6744 46.8163 
78.0554 77.8023 77.2385 77.1664 77.174 79.03 78.2374 78.1155 77.8616 77.2889 79.1081 78.6948 78.2893 77.2205 76.0767 78.4902 78.021 77.4489 75.3858 75.2166 79.5365 78.9587 77.6747 76.7429 76.1882 
118.881 118.282 118.479 118.71 119.187 118.908 118.248 118.61 118.875 119.339 118.702 118.231 118.738 119.249 119.46 118.857 118.411 118.807 119.403 119.474 119.082 118.651 118.884 119.591 119.282 
145.652 145.09 146.01 146.22 146.673 145.775 145.124 146.272 146.57 146.908 146.298 145.527 146.107 146.951 146.821 146.468 145.979 146.075 146.619 146.44 146.792 145.911 145.791 145.769 145.694 
50.8636 50.5819 50.668 51.0022 51.3898 51.1265 50.8752 50.6461 51.3019 51.9177 51.2461 50.8208 51.0167 51.4618 52.1039 51.3411 50.6606 50.8459 51.2972 51.8532 51.3246 51.0029 50.9532 51.4874 51.9117 
72.8903 72.5353 72.1201 72.097 72.1345 73.6759 72.9707 72.7897 72.8196 72.514 74.0251 73.2677 73.0417 72.2775 71.4958 73.5434 72.6218 72.0003 70.3041 70.5154 74.3373 73.6227 72.2258 71.451 71.336 
84.6486 84.4956 83.9536 83.978 84.066 85.3966 84.9488 84.7624 84.6965 84.4515 85.8475 85.214 85.0304 84.2908 83.5188 85.4808 84.6355 84.1343 82.6457 82.9425 86.3208 85.6964 84.4453 83.9518 83.8806 
122.124 121.847 121.504 121.698 121.633 122.663 122.201 122.508 122.44 121.864 123.459 122.902 122.651 122.089 120.784 123.103 122.62 122 120.349 120.141 124.138 123.324 122.22 121.137 120.885 
162.812 162.449 163.385 163.453 163.963 163.131 162.324 163.436 163.61 164.023 163.392 162.299 162.682 163.603 163.938 163.283 162.698 162.519 163.196 163.491 163.707 163.007 162.672 163.027 163.051 
91.4165 91.6754 91.5821 91.6424 92.1495 91.6721 92.3645 91.9634 92.0853 92.7142 91.6698 92.7396 92.4876 92.2964 92.8919 91.993 92.7161 92.859 93.0499 92.9532 92.0083 92.643 92.8219 93.3392 93.7577 
86.982 86.7232 86.8321 87.06 87.5288 87.1829 87.0514 86.7805 87.2123 87.8939 87.3243 87.0994 87.1243 87.5283 88.2196 87.517 86.9103 87.0813 87.5016 88.1236 87.3788 87.1673 87.0986 87.6423 88.0566 
118.333 117.955 117.288 117.361 117.001 118.813 118.483 118.219 117.64 116.907 119.578 119.063 118.326 117.196 116.066 119.175 118.349 117.442 115.428 115.487 120.142 119.233 117.836 116.696 116.582 
176.094 176.367 176.354 176.55 176.918 177.307 176.668 176.964 177.314 177.879 177.218 176.492 176.252 177.03 177.59 177.006 176.512 176.367 176.706 177.2 176.961 176.704 176.801 177.411 177.054 
192.476 192.967 194.964 195.676 195.795 192.072 191.93 192.948 195.353 196.061 192.144 192.653 192.217 194.189 194.829 192.589 192.472 192.76 192.025 193.575 193.183 192.5 193.171 192.539 192.484 
108.318 108.514 108.366 108.46 108.945 108.651 109.182 108.759 108.972 109.482 108.521 109.69 109.443 109.208 109.809 108.964 109.684 109.75 109.893 109.887 108.973 109.59 109.598 110.148 110.526 
140.156 141.567 141.599 139.968 139.716 139.76 141.527 141.471 141.236 141.514 139.043 140.166 140.504 141.181 142.306 137.213 139.201 139.984 140.394 140.574 134.989 136.311 137.427 138.086 137.894 
173.015 173.638 174.133 174.486 174.822 174.065 174.155 174.112 174.174 174.223 173.787 174.93 174.867 174.381 173.674 173.156 173.846 174.379 173.896 173.711 172.93 173.012 173.626 173.741 173.54 
205.431 206.472 208.187 208.99 208.5 205.79 206.24 206.616 209.069 209.535 205.949 207.078 206.421 208.152 208.727 206.478 206.283 207.142 206.239 207.979 207.146 206.551 207.778 206.973 206.848 
221.725 222.705 224.034 224.386 224.636 222.906 223.092 223.039 224.623 225.539 222.69 223.468 222.825 223.95 224.65 222.521 222.613 222.764 222.514 224.02 223.027 222.934 223.287 223.312 223.111 
139.279 140.778 140.721 139.105 138.98 139.023 140.777 140.762 140.606 140.985 138.301 139.382 139.837 140.467 141.578 136.448 138.433 139.233 139.638 139.72 134.115 135.439 136.6 137.318 137.219 
158.962 160.241 160.355 158.643 158.415 158.63 159.952 160.135 159.732 159.813 157.533 158.635 159.276 159.797 160.129 155.267 157.356 158.474 158.54 158.179 152.725 153.592 155.165 155.836 155.187 
174.274 176.016 176.27 174.568 174.081 173.956 175.616 175.871 175.253 175.046 173.138 174.326 174.959 175.316 175.524 170.746 172.924 174.182 174.035 173.658 168.213 169.055 170.844 171.368 170.672 
220.924 221.989 222.303 222.308 222.543 222.501 222.86 222.366 222.127 222.333 222.528 223.361 223.061 222.656 222.152 221.683 222.386 222.618 222.662 222.509 221.635 222.027 222.579 222.908 222.423 
229.643 230.818 232.42 232.829 232.753 229.719 230.436 230.387 232.034 232.597 230.007 231.209 230.485 231.597 232.069 229.915 230.11 230.683 230.105 231.362 230.507 230.218 231.16 230.71 230.344 
