158400
80.7893 61.8152 32.1087 37.62 240.448 22.2477 222.065 102.993 110.318 76.3886 83.5507 25.9338 164.839 147.644 23.93 104.121 46.0995 229.035 18.9809 246.664 154.256 51.2445 121.593 127.473 157.284 
138.252 156.76 18.4506 60.7398 27.2073 133.304 77.0352 106.242 211.216 172.121 37.9906 44.568 164.631 75.3397 93.7903 167.427 1.30491 235.555 225.397 250.084 178.665 185.277 247.027 133.264 83.9392 
246.718 42.005 105.321 169.808 49.7718 188.415 129.818 152.763 163.629 72.8736 9.4034 201.509 233.947 186.672 63.3751 142.991 24.4526 22.4797 118.021 223.841 153.404 181.837 186.026 193.864 133.677 
37.9534 38.7625 4.82214 78.4466 64.3206 197.023 201.348 21.707 161.75 207.398 128.864 147.564 209.092 143.605 145.525 92.4248 62.8337 177.79 30.9755 140.124 111.032 149.686 192.274 67.9431 128.05 
193.049 220.14 70.86 37.476 140.667 24.7439 38.1074 129.608 96.1763 76.7314 88.0382 164.816 150.438 7.73936 45.7028 242.982 34.0478 33.9998 129.999 253.692 138.512 8.42668 82.0615 56.4202 48.1851 
167.877 188.274 8.55229 19.4065 221.727 38.9356 137.452 227.328 114.916 218.004 139.457 160.863 39.9682 126.676 2.03892 86.9881 241.348 213.163 158.767 222.836 184.75 213.224 52.7292 17.9315 198.516 
163.712 122.928 60.7793 138.572 90.7914 73.5326 217.742 222.639 75.2075 193.524 118.946 87.2731 169.322 62.5473 30.0582 11.1729 118.698 145.105 93.0043 163.339 239.524 214.047 224.997 148.863 168.383 
131.016 168.333 240.939 202.764 180.004 49.9263 34.1692 26.9877 191.564 241.781 182.099 97.9367 4.48259 41.2144 172.977 199.368 216.365 207.448 5.60851 71.4049 163.078 112.637 209.234 200.746 62.0397 
223.152 171.835 79.787 206.728 214.893 203.92 52.5135 203.582 99.6059 156.179 33.8965 250.094 159.1 139.313 168.498 185.41 87.5065 214.344 253.171 36.3186 10.826 228.35 168.971 145.363 219.822 
59.4846 109.546 86.1441 64.5126 56.763 68.4574 93.5249 99.7557 103.237 67.3967 131.399 104.524 49.7237 66.2111 100.343 96.7153 38.3007 135.636 123.737 122.454 72.3529 46.9962 46.3274 40.7369 67.0379 
62.3888 61.9478 61.5094 60.7904 60.0231 61.9673 61.3541 60.8329 60.2927 59.2635 61.6119 60.7144 60.233 59.4762 58.7782 61.1344 60.1348 59.2563 58.3829 58.1221 60.9492 59.8958 58.9863 58.2295 57.8496 
63.1679 63.1422 62.7841 62.8165 62.3149 63.2034 63.3178 62.5187 62.5104 62.4667 63.0182 62.9895 62.1816 62.134 61.9012 62.6283 62.3478 61.7869 61.643 61.638 62.5473 62.1727 61.6864 61.4783 61.1769 
67.3363 67.093 66.8718 66.6586 66.1986 66.7021 66.4802 66.2882 66.1848 65.7845 65.9267 65.6404 65.5113 65.335 65.049 65.3799 64.9193 64.7851 64.5443 64.4277 65.1265 64.6434 64.4901 64.3144 64.3557 
69.7875 70.1386 70.3741 70.3286 70.1964 69.0269 69.1416 69.5439 69.8815 69.8765 68.2012 68.2572 68.454 69.0259 68.9629 67.3526 67.4055 67.8929 68.2334 68.6061 67.288 67.2029 67.6206 67.9922 68.4196 
71.2058 71.9915 73.1407 74.0299 73.7405 70.8036 71.1958 72.4539 74.2896 74.3278 69.469 70.7233 72.1383 73.7001 74.348 68.7098 69.8255 71.9802 73.1992 73.4956 69.1558 69.8367 71.066 72.3898 72.5179 
79.2611 80.6807 81.4121 81.7434 82.1864 77.8777 79.2313 80.6708 81.7055 82.0579 76.0807 77.4727 78.1186 80.0925 80.7793 75.3038 75.9191 76.8787 78.6371 79.962 74.7699 75.7279 76.8105 78.1003 79.221 
85.8228 86.6124 87.5588 88.2022 88.6401 84.0351 85.0788 86.4129 87.9525 88.3832 81.3912 82.5039 83.297 85.6132 86.3126 80.4816 80.395 81.4205 83.2429 84.6521 79.1269 79.8253 80.8932 82.3571 83.4984 
89.0305 91.4008 93.1343 94.5406 95.5613 87.2462 90.2305 92.0224 94.2002 95.7555 84.4029 87.6754 88.9058 91.8493 93.5075 83.4686 85.1704 86.7216 89.2253 91.5264 81.921 84.4884 86.1291 88.2822 90.1932 
103.791 108.405 111.715 113.748 116.254 104.448 107.477 109.877 112.354 115.063 103.675 106.169 109.129 110.666 114.191 99.5423 104.592 108.931 109.348 112.749 97.799 102.713 108.287 109.025 112.12 
111.367 113.139 114.746 115.655 117.407 110.454 112.305 114.31 115.601 117.749 109.72 112.127 114.782 116.519 117.705 109.878 112.429 114.587 116.525 118.81 111.009 112.971 113.731 114.915 118.184 
117.915 118.487 118.078 116.945 117.813 117.797 117.967 117.82 117.228 115.928 117.189 117.334 117.695 117.287 117.562 117.59 116.98 117.708 118.349 119.196 118.019 118.049 118.11 119.13 120.189 
119.842 119.995 118.772 116.927 117.279 119.573 119.305 118.44 117.106 115.161 118.871 118.574 118.181 117.113 116.629 119.239 118.217 118.304 118.208 118.124 119.664 119.086 118.569 118.929 119.323 
240.512 143.182 219.161 81.9781 11.9471 242.138 17.224 240.305 95.9433 168.673 109.739 65.4628 239.293 145.372 82.3572 169.151 41.3702 43.9421 202.413 170.26 146.812 185.228 141.546 128.124 153.833 
208.992 124.954 7.90423 21.469 117.139 242.997 217.748 210.252 7.3828 3.87047 120.225 85.7401 54.6145 145.291 194.363 29.294 209.773 21.5691 159.122 187.625 93.8021 124.723 65.6601 201.597 116.307 
219.719 77.4522 196.746 11.152 121.833 29.8551 62.7976 164.584 217.039 252.963 231.588 155.361 39.4233 219.816 210.208 67.5114 174.454 123.583 180.009 49.7569 178.525 230.509 33.1953 183.237 148.671 
159.538 233.405 130.215 169.91 195.032 196.863 223.402 215.111 122.806 128.995 75.6599 194.424 248.9 181.623 126.894 66.7995 37.741 205.611 242.111 165.259 3.97701 170.65 150.312 71.6493 214.667 
151.853 99.7708 74.3439 166.803 200.125 20.3289 157.482 208.056 248.576 48.1902 114.245 123.78 197.909 225.775 117.882 175.579 31.0867 123.507 184.68 55.5301 252.63 13.5608 207.958 53.7704 22.5824 
117.812 34.682 77.1667 48.688 206.16 8.40473 4.57034 14.3349 6.04108 127.596 29.1163 147.684 222.247 210.919 78.2786 251.621 31.3407 21.4586 235.556 11.0181 20.3298 107.612 89.7068 92.5752 17.0037 
97.2376 248.357 236.87 133.243 237.908 108.003 236.435 31.321 173.117 15.4682 131.561 69.8615 95.6619 19.1983 218.449 99.6694 192.452 249.291 58.912 133.628 15.9649 224.747 160.877 144.306 9.96506 
164.095 106.295 203.027 157.998 113.091 251.645 27.0487 89.0827 198.788 145.334 135.848 236.577 213.228 219.663 178.031 214.032 73.7268 110.732 61.827 121.495 248.323 217.777 123.483 213.788 189.973 
85.3293 121.341 155.554 139.354 18.3392 214.023 87.5231 131.003 129.639 81.7127 230.777 53.4934 175.552 234.793 171.969 209.845 169.556 176.493 164.875 32.7639 233.804 148.494 226.354 5.11736 159.38 
74.3507 69.5735 73.1665 68.7112 52.505 73.7589 75.2256 53.3878 57.3833 59.3507 53.4027 68.6568 66.7169 56.6433 69.9633 59.491 65.7645 64.6582 69.2503 70.7308 62.2531 55.909 73.0816 54.5896 55.7936 
47.701 66.4935 63.7024 61.2595 60.6616 48.0009 66.7379 63.0566 61.1112 60.8659 48.0924 66.6326 63.2166 60.7873 60.7084 47.9128 66.1887 63.0613 60.8617 60.5187 48.0385 66.2694 62.944 60.7117 60.1335 
60.7106 61.5094 61.7193 62.5199 62.7693 60.8209 61.8026 61.5483 62.3773 63.0867 61.0793 61.8654 61.6181 62.3088 62.8053 61.1661 61.6285 61.6155 62.2244 62.7639 61.3242 61.6681 61.7408 62.2366 62.5103 
63.5755 64.0626 64.3011 64.9649 65.204 63.5651 64.2016 64.1809 64.8915 65.4966 63.5199 64.0639 64.0298 64.7925 65.0597 63.382 63.6808 64.0075 64.6391 65.0445 63.4327 63.6591 64.0686 64.6216 64.8906 
67.3402 67.8602 68.6632 69.4378 69.5467 67.2475 67.5584 68.4298 69.7297 70.1615 66.7745 67.6339 68.5704 69.6288 70.2111 66.59 67.266 68.7863 69.5506 69.8517 66.8143 67.4227 68.4516 69.3968 69.4427 
69.2756 70.6866 71.9594 73.0014 73.4089 69.2958 70.5214 71.9025 73.6823 74.2536 68.9011 70.8234 72.1829 73.7115 74.7552 68.7212 70.4159 72.5287 73.7341 74.4044 69.1983 70.6613 72.0223 73.3952 73.7433 
73.8388 75.3534 76.5908 77.7354 78.1711 73.6835 74.9203 76.3261 78.2498 78.7953 72.9846 74.9282 76.3719 78.0566 79.2432 72.5099 74.3833 76.5349 77.8715 78.7743 72.8795 74.5166 75.9264 77.3436 77.8154 
81.3648 83.3824 84.4536 85.4793 86.4307 80.565 82.7498 84.3203 85.7695 86.8736 79.3061 81.6484 82.6316 84.8013 86.2544 79.0856 80.6771 81.8773 83.7529 85.5912 78.695 80.7259 82.1298 83.5223 84.9873 
91.608 96.1754 98.3302 99.9074 102.466 92.975 96.2812 97.983 100.048 102.302 93.0033 96.1878 98.4852 99.5138 102.687 90.3324 95.5435 98.8922 99.2839 101.785 89.0499 93.845 98.4947 99.3887 101.915 
103.619 106.489 107.949 108.889 110.942 103.946 106.399 108.478 109.534 111.527 103.916 107.221 110.061 111.292 112.664 103.043 107.663 110.511 111.754 114.093 103.372 107.109 109.434 110.357 114.1 
109.966 111.142 111.783 112.283 113.456 110.137 111.008 112.164 112.577 113.677 109.919 111.261 113.063 113.772 114.266 109.706 111.831 113.362 114.305 115.943 110.263 111.961 112.965 113.392 115.831 
114.153 114.221 113.805 113.523 113.889 114.345 114.196 114.167 113.82 114.075 114.408 114.651 114.941 114.706 114.236 114.677 115.052 115.149 115.298 115.417 115.378 115.411 115.025 114.829 115.507 
118.763 118.41 117.001 115.158 115.263 118.714 118.068 116.925 115.347 113.309 118.103 117.473 116.572 115.23 114.666 118.112 116.958 116.372 115.869 115.851 118.223 117.582 116.776 116.57 116.727 
23.6346 129.574 124.384 226.397 104.468 21.4205 49.6154 204.06 147.421 166.192 46.4464 17.6346 40.6842 220.323 56.4869 164.162 3.00123 227.885 138.299 170.064 90.2749 4.22287 142.413 205.514 224.664 
173.484 150.422 127.462 52.0009 117.137 84.8571 48.7188 10.4083 53.4184 197.651 31.013 47.5509 23.9452 61.8936 218.723 145.261 188.63 107.3 132.306 184.598 71.9319 75.3715 204.452 247.853 252.584 
191.387 49.2733 212.571 82.2112 236.995 251.439 1.52458 58.8621 17.3523 32.2002 139.2 132.521 196.706 92.777 220.337 14.7703 96.92 126.3 140.18 83.4386 160.628 115.812 44.0709 130.645 202.443 
40.2594 138.891 112.695 71.1819 20.8489 205.827 254.782 180.829 8.77108 139.025 27.8912 209.018 28.6958 57.7589 150.458 56.8281 247.851 42.2108 212.372 39.6993 232.528 135.716 128.738 82.0957 141.627 
162.163 128.331 63.1439 112.398 53.608 19.0145 108.751 141.742 118.039 0.940438 247.43 141.222 13.7712 0.74795 196.78 141.148 70.0053 225.129 102.709 117.312 48.9476 193.776 81.0421 200.611 99.9138 
240.392 34.4003 130.881 251.862 72.6985 151.359 98.019 17.8424 121.35 121.689 23.081 114.125 162.705 100.729 191.165 169.085 116.75 161.007 124.13 212.682 36.5155 247.078 93.3159 220.293 130.415 
123.274 157.271 53.8175 244.463 109.418 239.498 2.80612 172.171 233.021 81.0471 24.6673 78.7134 16.7612 198.338 76.8629 77.7345 174.743 117 90.0132 62.5345 120.271 202.835 206.294 166.756 33.5548 
7.47239 130.049 76.5582 224.705 141.452 1.04142 91.9914 231.578 153.503 111.546 51.1636 1.18786 31.3134 66.2951 197.169 170.713 237.966 145.552 165.319 114.693 222.818 144.797 130.882 7.09126 103.449 
214.595 165.204 91.9873 88.0917 38.9406 214.002 246.801 137.807 225.752 44.8345 240.501 37.6147 59.7001 159.496 31.8955 14.0308 227.616 249.825 160.255 62.1057 85.8019 115.837 173.056 157.39 53.6918 
36.873 66.0651 63.568 57.9902 60.1968 34.9689 69.6957 63.0493 61.714 57.8846 39.4437 66.1263 64.7912 59.0634 60.2021 35.6845 66.5945 62.5812 58.0205 55.8542 35.3758 64.7508 62.6275 58.6188 56.7808 
35.3441 67.8314 63.6934 60.0028 61.1833 34.9943 67.5245 62.8692 59.4671 60.4612 34.9884 67.0634 63.0477 59.1004 60.3879 34.754 67.2251 62.6513 59.6643 60.4365 34.8024 67.0551 62.5678 59.2808 60.6289 
47.3832 63.8138 61.7217 60.1155 59.9596 47.4645 63.9682 61.2224 59.974 60.0676 47.6139 63.9557 61.4603 59.9838 60.1089 47.5746 63.5943 61.4974 60.1565 60.2243 47.8612 63.9421 61.5921 60.0554 59.8801 
60.2903 60.417 60.7997 61.5265 62.0087 60.0982 60.5893 61.1048 61.4225 61.7403 59.784 60.334 60.8873 61.1197 61.3664 59.8909 60.526 61.0067 61.3297 61.6538 59.8249 60.2531 60.8952 61.5091 61.6945 
66.1092 66.3458 66.7591 67.1498 67.7161 66.2236 66.3889 66.878 67.3175 67.9026 66.2291 66.6091 67.0473 67.5247 67.8616 66.3131 66.595 67.2358 67.6659 67.9839 66.3758 66.7088 67.3953 67.8697 68.1432 
69.776 70.248 71.1111 71.785 72.085 70.0993 70.405 71.2225 72.4198 72.861 69.9594 70.9621 71.8148 72.784 73.4084 70.0076 70.8939 72.3707 73.1336 73.3844 70.2745 71.0865 71.9931 73.0311 72.9335 
75.9548 76.7131 76.7088 77.3299 77.937 76.1847 76.7722 77.111 77.6688 78.4037 76.2517 76.8632 77.2668 77.8954 78.7266 76.6866 77.4882 77.9459 78.492 79.3624 77.0256 77.7856 78.1859 78.5565 79.1529 
81.4251 81.9386 82.7169 83.3083 84.2405 81.5098 82.1515 83.007 83.8562 84.6215 81.5917 82.3595 83.152 84.2529 85.0979 82.0283 82.7395 83.6 84.5905 85.4057 82.5931 83.3395 83.8856 84.7352 85.4021 
89.0328 90.3105 91.3604 92.6172 93.9832 89.9816 91.5765 92.6743 93.9703 95.1799 91.1809 93.0596 94.2775 95.3787 96.6599 92.4923 94.3061 95.4798 96.6824 97.888 93.6065 95.194 96.1722 97.3721 98.3012 
99.9782 101.557 102.577 103.64 104.658 101.291 102.275 103.267 104.24 105.23 102.422 103.437 104.648 105.042 106.367 102.013 104.251 106.029 106.109 106.92 101.966 104.027 106.561 106.918 107.875 
107.857 108.364 108.779 108.814 109.743 107.511 108.113 108.91 109.143 109.857 107.371 108.396 109.731 110.51 110.289 107.729 109.21 110.114 110.952 112.053 108.529 109.598 109.596 109.901 112.032 
111.96 111.824 111.694 111.131 111.054 112.455 112.077 111.325 110.822 110.949 112.471 112.131 111.245 110.867 111.231 112.456 112.426 111.061 110.464 110.633 111.987 111.94 111.318 110.432 110.66 
114.282 113.826 112.854 111.414 110.931 114.794 114.032 112.664 111.427 111.188 114.69 113.961 112.338 111.411 111.234 114.9 114.406 112.187 110.656 110.183 114.393 113.547 112.43 110.846 110.331 
159.928 71.5926 33.5971 166.172 155.626 63.7529 154.247 89.4833 65.1373 62.3136 46.5897 25.7322 189.969 113.819 173.826 79.2239 72.6783 163.322 144.428 115.684 35.2222 62.5181 43.5979 72.7995 142.16 
39.1997 48.0643 4.91647 202.434 141.046 74.8779 201.538 131.729 173.562 236.575 63.2991 49.4359 95.9081 212.531 188.64 38.8749 125.74 114.338 236.087 146.526 81.8495 124.463 75.1211 143.971 242.384 
169.106 185.194 129.788 252.054 52.0908 102.667 5.91759 207.953 237.166 61.3727 200.746 164.118 20.4334 243.144 232.12 189.613 117.794 79.0617 96.7635 94.8658 161.199 53.8436 100.599 226.514 94.2753 
208.637 63.7001 19.7334 66.5544 137.958 202.226 245.494 27.3308 108.014 119.086 162.642 91.0324 39.8228 55.2409 253.639 25.0323 92.6178 236.891 58.4367 118.754 192.839 53.4441 22.3359 229.694 28.5314 
121.321 47.358 176.199 55.6548 33.3789 49.7728 32.6759 107.078 178.544 32.3951 114.296 103.696 160.258 153.804 7.35204 108.964 108.019 69.3892 75.7457 111.947 210.904 7.9227 28.1155 15.3061 234.128 
30.3973 186.848 151.085 204.651 19.854 203.392 210.56 159.681 117.97 165.845 156.807 85.6169 1.1063 243.116 113.927 243.998 186.555 185.945 130.696 30.5763 15.3884 180.825 144.129 104.816 82.4812 
100.378 63.7164 57.4517 121.885 54.0706 205.551 36.0572 236.249 170.292 231.138 88.1541 148.536 130.064 167.14 66.4479 7.73339 41.5895 251.636 251.236 218.448 248.864 120.667 193.609 36.7692 218.071 
33.4644 122.575 253.108 69.527 46.2642 198.989 4.0685 201.248 53.8498 152.962 101.289 154.307 161.11 232.965 206.112 99.5805 233.783 56.277 108.521 212.449 198.51 40.4983 177.765 200.064 96.5522 
200.575 203.964 132.099 238.496 54.2036 201.465 195.74 21.5934 123.596 135.556 152.644 155.459 77.2577 82.204 35.8282 52.7498 219.7 193.338 156.203 44.5362 53.8106 126.647 183.603 85.132 18.0662 
39.1427 56.4784 42.1764 48.4043 75.0066 62.0143 37.5608 35.8803 32.614 52.5373 75.5407 66.3015 58.3176 42.8164 81.5249 51.1051 47.883 76.0992 73.4679 44.7411 33.7835 54.4061 69.1432 51.1357 55.3959 
38.3223 57.6274 55.1498 53.3062 53.6324 37.7144 57.1073 54.4759 52.8836 53.2028 37.364 56.6007 54.1838 52.5275 52.9967 36.9046 55.9181 53.744 52.2099 52.7561 36.8699 56.0865 53.5149 51.7649 52.3423 
51.0287 52.3528 53.0316 53.9832 54.4987 50.8684 51.8024 52.9557 53.5686 54.038 50.6981 51.5735 52.3506 52.771 53.5095 50.8356 51.873 52.6443 52.7852 53.5115 50.7888 51.3664 51.8173 52.7135 53.3889 
55.686 55.6333 55.6931 56.2573 56.4808 55.4564 55.7901 56.184 56.3104 56.1282 55.1454 55.4647 55.8077 55.9132 55.7826 55.2399 55.5778 55.9125 55.9717 56.0945 55.2226 55.4598 55.8775 56.1991 56.1656 
61.3526 60.7873 60.8923 60.1486 60.3262 61.2853 61.1002 60.9156 60.9879 60.7049 61.4467 61.071 60.9988 60.9745 60.9192 61.8231 61.6425 61.4549 61.0608 61.1013 61.6114 61.6841 61.8291 61.176 61.3299 
68.1489 68.5788 68.9006 68.6165 68.7401 67.7024 68.4488 69.6638 69.82 69.2934 69.4611 70.3377 70.8071 70.0352 69.2732 72.6359 73.2549 71.7717 70.8317 69.8631 72.7386 73.1399 72.1472 70.6988 70.02 
78.0184 77.9763 77.3078 77.8302 78.0408 78.4499 78.1862 77.8821 78.3716 78.8262 78.7444 78.3293 78.6044 78.9927 79.1428 79.7716 79.8808 80.0395 80.291 80.3473 80.5008 80.5753 80.3886 80.2145 80.2802 
83.9501 82.8556 82.6456 83.1819 83.0946 84.8337 84.3243 83.6297 83.9645 84.1407 85.914 85.6803 85.1998 85.3153 85.2989 87.8172 87.848 87.6517 87.6754 87.2392 88.7048 88.9937 88.7588 88.9178 89.1129 
90.9596 90.858 90.9751 91.3491 91.8679 92.052 92.204 92.2767 92.7509 93.1349 93.7793 94.0997 94.3388 94.4047 94.6386 95.6226 95.9419 96.1227 96.3276 96.0478 97.0674 97.3616 97.3208 97.5305 97.4264 
98.3495 98.4503 99.0215 99.4053 100.275 98.9767 99.3529 99.6089 100.318 100.82 100.22 100.442 100.867 101.235 101.751 101.157 101.687 102.088 102.25 102.861 102.024 102.75 102.963 103.309 103.657 
104.837 105.212 105.942 106.364 107.011 104.886 105.225 105.67 105.957 106.519 105.522 105.861 106.355 106.06 106.581 105.273 106.38 106.66 106.755 106.967 105.351 106.762 106.629 106.397 107.325 
107.472 107.84 108.316 108.099 108.488 107.806 107.707 108.031 107.735 107.746 108.159 108.349 108.367 107.683 107.609 107.666 108.569 108.374 107.986 107.644 107.661 108.6 108.097 107.413 107.854 
111.465 111.15 110.784 109.47 109.063 111.916 111.286 110.172 109.227 109.092 111.965 111.341 109.883 109.263 109.495 112.087 111.784 109.66 108.537 108.333 111.551 111.009 109.793 108.476 108.419 
81.2444 17.6179 89.1841 79.1999 86.2785 87.5303 104.885 77.805 139.69 160.684 216.986 164.961 21.8616 204.367 203.692 120.428 163.404 100.101 196.579 91.8433 180.828 23.5902 113.639 104.392 229.913 
26.1909 51.7718 7.29884 66.9127 233.179 96.2175 68.6097 61.9264 84.6849 183.776 171.95 51.6117 122.57 250.661 48.5274 0.00978644 28.7592 20.8159 69.7674 199.424 189.824 65.6322 53.3476 159.92 76.7304 
170.051 45.7907 184.569 238.367 22.6336 4.85379 167.292 39.169 76.3342 46.2617 93.0177 203.854 158.49 73.4819 61.6063 71.6835 248.687 100.664 184.368 68.2981 213.124 220.388 55.4124 254.428 103.476 
119.042 114.374 249.875 65.3681 251.861 91.4944 81.4694 107.021 146.726 137.645 151.198 99.0013 191.442 243.289 153.766 14.7077 74.1986 155.996 136.772 72.2567 214.394 52.9883 16.9597 185.812 186.581 
244.943 225.939 97.1801 17.0983 222.972 69.8256 39.8704 121.082 49.0544 25.214 152.764 250.099 138.671 138.814 15.6715 65.3939 163.021 195.308 154.498 58.1876 212.777 21.7117 21.7231 253.628 167.76 
161.416 218.397 92.8984 128.381 55.2922 99.1047 175.9 85.8051 65.885 163.547 123.386 31.7926 218.19 116.929 234.045 224.29 194.002 17.8535 190.422 189.541 124.862 174.406 214.736 221.382 243.021 
51.6344 208.254 80.5816 156.987 111.337 51.0768 48.1636 58.2509 6.80717 231.35 110.175 95.2815 130.311 250.906 171.074 103.959 76.7819 111.514 171.017 15.8683 74.5716 50.0801 173.078 193.967 145.546 
143.652 32.1718 93.2077 73.1873 34.8443 71.526 123.528 173.826 4.44509 70.4591 130.415 111.074 156.52 123.518 166.46 163.534 3.26611 2.99267 13.7746 106.083 39.9848 5.57134 133.595 153.356 196.801 
31.857 63.7327 81.3333 52.5515 75.614 32.0966 71.8367 39.5139 20.9106 76.514 70.2996 40.6857 21.904 68.8364 13.068 106.849 76.6848 46.3379 73.1653 84.9029 66.4754 14.1332 109.441 95.6291 64.4897 
26.6415 26.8523 26.8494 27.6153 26.9656 25.5488 25.7788 26.2192 26.0754 26.7644 24.517 24.9436 25.6176 25.4919 25.835 23.4913 24.4201 25.0248 24.6253 25.5373 23.4223 23.8359 24.2923 24.6146 25.1895 
36.1158 37.3141 37.9429 38.6919 39.0775 36.038 36.8864 37.7015 38.3515 38.9465 36.0487 36.9029 37.4917 37.9687 38.7374 36.1752 37.0553 37.6727 38.0524 38.645 36.1194 36.8248 37.2234 37.9039 38.6114 
47.0472 48.0414 48.6544 49.4009 49.7306 46.9014 47.4731 48.4865 49.1579 49.4973 46.9679 47.4043 48.12 48.6852 49.1799 47.0505 47.5375 48.2548 48.6481 49.1753 47.0697 47.359 47.7727 48.4685 49.1102 
51.7165 52.3345 52.2945 52.3988 52.898 52.254 52.4455 52.5661 52.798 53.1215 52.6898 52.4124 52.2458 52.4128 52.883 52.9194 52.383 52.2561 52.2554 52.5927 53.1547 52.6685 52.1368 52.1878 52.8145 
59.4679 59.3876 59.7896 58.5938 58.5359 58.6603 59.277 60.2193 60.1026 58.9401 60.6088 61.167 61.2572 60.1781 58.9159 63.7897 63.9192 61.9057 60.4717 59.196 63.6946 63.8977 62.6936 60.5271 59.7577 
63.391 63.4494 64.122 62.6718 62.8281 62.4794 63.4374 64.7381 64.6788 63.6668 65.4446 66.1229 66.2304 65.1977 63.9399 69.6124 70.0614 67.4614 65.6522 64.4641 69.8257 70.0992 68.5415 65.8128 65.0648 
71.1527 70.9893 71.5359 71.2551 71.3239 70.9005 71.4688 72.6031 72.8454 72.1051 73.4554 74.3785 74.4636 73.6761 72.5484 77.7524 78.3892 76.5518 75.3703 73.8831 78.1209 78.8354 77.6101 75.9751 75.2489 
83.7861 82.3297 82.631 83.1287 82.8897 84.7471 84.2964 83.7254 83.945 83.8586 86.1841 86.2317 85.515 85.6839 85.3797 88.2022 88.3868 88.1098 88.1251 87.2164 89.0243 89.5339 89.3334 89.741 90.0236 
88.3308 87.4846 87.8319 88.3601 88.4137 89.1911 89.1139 88.7536 89.1675 89.4429 90.4118 90.621 90.2531 90.6185 90.9158 92.0639 92.3528 92.464 92.7822 92.4487 92.8535 93.4006 93.6359 94.3229 94.5244 
96.1467 96.4327 96.8541 97.2857 97.5425 96.3841 96.9022 97.2634 97.911 98.3283 97.1823 97.5201 97.919 98.6023 99.2325 97.8137 98.3279 98.8033 99.34 99.5713 98.2935 98.7472 99.2887 99.8307 100.228 
101.657 102.008 102.631 102.901 103.3 101.652 102.085 102.475 103.059 103.328 101.638 101.922 102.129 102.724 103.103 101.273 101.624 102.106 102.489 103.158 101.422 102.031 102.188 102.645 103.029 
105.911 105.881 106.053 106.065 106.292 105.995 105.88 105.934 105.523 105.553 106.337 106.421 106.119 105.428 105.432 105.689 106.282 105.963 105.706 105.507 105.68 106.396 105.61 105.051 105.482 
105.46 103.656 102.304 101.214 100.907 105.896 104.747 102.446 101.838 101.688 105.857 105.272 103.438 102.453 102.104 106.626 105.724 103.449 103.155 102.055 107.427 106.572 104.092 104.128 102.065 
96.5355 178.734 19.0764 162.921 207.017 22.8824 176.631 169.037 147.601 254.24 126.355 147.907 118.978 133.497 143.073 93.9566 56.8243 90.5446 140.608 83.8758 129.52 245.138 187.171 154.655 215.359 
48.3385 115.805 90.48 111.568 237.622 88.7034 142.408 131.904 2.92928 156.101 249.466 232.049 183.97 207.06 94.1409 231.998 156.835 204.471 89.5673 218.252 16.2629 30.2269 211.662 102.235 27.9661 
130.337 254.281 230.215 149.039 173.14 181.218 77.4764 194.23 53.1428 12.3863 184.231 75.3861 179.828 254.502 215.005 168.558 0.710604 73.5483 165.015 181.807 72.641 231.905 50.011 26.9517 79.9506 
254.657 83.0746 165.548 79.1781 113.27 28.541 2.85115 87.9628 183.553 199.158 245.714 253.523 223.08 122.4 231.993 133.292 190.158 213.336 49.0868 37.1719 110.323 219.362 88.5768 145.838 172.15 
47.9239 126.665 11.8979 218.238 69.2098 39.3848 46.7352 111.139 72.3395 218.169 140.949 71.6 149.874 192.435 144.106 177.951 189.683 93.324 176.058 182.497 128.626 92.1492 81.4186 134.024 174.74 
214.968 204.663 80.8872 70.7531 66.5539 132.303 155.75 205.202 41.6377 7.82019 192.088 165.313 247.9 92.0876 120.74 237.725 231.942 34.5969 34.4456 85.1548 198.459 244.349 58.6124 88.8222 58.9492 
32.1837 52.47 27.638 34.0021 16.3387 53.624 44.7375 44.017 30.2194 48.4832 6.42559 23.2616 53.2473 45.2219 5.18961 49.3371 35.2642 17.2726 48.9483 34.3137 10.2464 39.7309 45.467 15.659 18.5924 
1.54264 1.06794 0.915213 0.962099 1.43916 1.63617 1.23941 1.00464 1.02127 1.41084 1.67567 1.34837 0.920574 1.044 1.4389 1.8699 1.43286 1.09164 0.989157 1.20794 1.8678 1.69054 1.32213 1.16797 1.18161 
5.36178 4.96263 4.70173 9.33526 11.0291 5.48 4.9645 4.72612 6.93538 11.4685 5.48838 5.07684 4.78431 6.44484 9.20884 5.56942 5.17479 4.93993 5.80487 8.72174 5.59834 5.30845 5.01337 4.98755 8.19238 
20.4165 20.43 20.3467 20.3161 20.1499 20.542 20.3828 20.3173 20.2844 20.1184 20.5263 20.6035 20.4184 20.3554 20.2091 20.7374 20.6631 20.6752 20.4683 20.3866 20.7094 20.8463 20.7217 20.7703 20.5514 
30.421 30.5899 30.6898 30.8906 30.8995 30.3925 30.5461 30.7461 30.8679 30.8946 30.3727 30.577 30.734 30.8754 30.9134 30.4424 30.6375 30.8138 30.9335 31.0615 30.4464 30.7808 30.877 31.0109 31.1206 
44.3958 44.7826 44.6938 45.0378 45.3364 45.1138 45.1165 44.9636 45.0271 45.4658 45.3063 45.2076 44.7548 44.7637 45.1913 45.4304 44.7973 44.6703 44.5646 44.8675 45.5812 45.1064 44.3411 44.4568 44.7821 
50.4253 50.6901 50.2101 50.1704 50.7022 51.0519 51.0398 50.7781 50.6713 51.0163 51.6086 51.138 50.6843 50.7534 50.9696 51.7964 51.0993 50.6495 50.6663 50.8475 52.2512 51.7715 50.9869 50.6945 50.9796 
55.6304 55.6863 55.1599 54.5455 55.1925 56.4864 56.2719 55.6301 55.5336 55.8718 57.6701 56.7616 55.8174 55.801 56.1242 58.2949 57.2309 56.235 55.8574 56.1972 58.979 58.2459 57.172 56.1705 56.6883 
66.2822 66.3673 66.2431 65.4253 64.5239 66.0785 66.4587 66.4997 64.3384 65.2284 66.9584 67.9838 66.9572 66.0529 66.3579 70.1754 71.2033 68.6093 67.3247 67.3021 71.6794 71.2903 70.0881 68.3673 67.8166 
70.2338 69.8126 69.2756 69.117 70.1036 72.0032 71.1843 71.3064 70.9646 71.8408 75.4911 74.6533 73.7526 74.076 73.8921 78.5917 78.64 77.7756 76.6312 76.9543 81.297 81.1742 80.9058 79.6384 78.9503 
81.7635 80.6305 80.9139 81.3748 81.7386 82.9541 82.1852 82.0336 82.4064 82.8505 84.3104 84.192 83.6682 84.2204 84.3075 86.0963 86.0293 86.4181 86.5981 86.2241 86.7884 87.3607 87.837 88.3265 88.4423 
87.3968 87.578 87.7485 88.5537 89.1492 87.3576 87.8017 88.1586 88.8042 89.9245 87.8174 88.3663 88.804 89.4571 90.0445 88.5883 89.0527 89.5955 90.1957 90.441 88.7599 89.2355 89.9732 90.7201 90.6671 
93.2048 93.6298 94.1141 94.6932 94.8795 93.0552 93.5238 94.0213 94.6903 95.3979 92.9244 93.4878 94.0991 94.9127 95.6116 92.9736 93.5017 94.362 95.238 95.6782 92.8302 93.4224 94.3845 95.3624 95.6471 
98.8506 99.2682 99.7552 100.171 100.221 98.2775 98.6409 99.0586 99.6793 100.032 97.7751 98.0369 98.4748 99.1239 99.5737 97.181 97.5455 98.0184 98.5912 98.9894 96.847 97.1226 97.4208 98.1066 98.4768 
103.258 101.62 100.453 99.8971 99.7327 103.348 102.457 100.296 100.04 100.29 102.975 102.68 101.181 100.454 100.314 103.463 102.852 101.026 101.1 100.163 104.036 103.579 101.4 101.789 99.8605 
103.051 101.554 98.9938 98.6019 98.7833 103.368 102.184 99.6344 99.4287 99.3849 103.691 102.715 101.155 100.241 99.8758 103.278 103.033 101.14 100.53 99.6353 104.056 103.732 101.532 101.618 98.7457 
78.8822 100.144 35.2587 221.514 51.7354 97.6791 224.434 162.548 203.066 44.1847 191.319 160.09 168.998 146.38 247.261 252.119 133.984 118.558 228.529 105.561 191.698 150.372 112.808 44.0734 7.83432 
160.456 200.428 17.9462 37.0971 9.11488 20.3901 67.7715 246.45 192.925 40.5578 202.584 54.6749 99.218 116.636 203.503 39.3367 114.65 35.2018 73.1574 239.432 65.5735 142.631 196.591 202.802 180.727 
50.7297 144.996 162.546 250.945 111.418 202.858 25.9241 118.987 233.458 144.991 209.706 158.705 200.917 79.6667 62.5278 129.922 42.3183 47.8563 65.8704 79.4339 113.192 141.589 35.416 184.79 41.9197 
154.534 15.4356 247.932 231.889 163.314 30.7252 120.366 180.21 41.1228 191.552 188.619 111.145 45.179 81.7564 103.257 203.641 134.639 74.6261 237.477 115.732 81.6777 251.425 189.974 45.0318 22.0334 
206.478 130.523 15.9627 103.449 5.28148 155.677 65.664 127.102 149.117 59.3601 120.15 121.559 72.4027 64.8809 32.7259 23.0244 139.636 181.866 147.499 111.358 207.653 210.158 126.56 79.9459 28.2845 
36.1631 28.8057 28.9757 27.4308 59.4178 8.79817 17.7325 29.6467 2.06077 47.0104 54.2704 60.2689 44.0209 31.862 5.39272 61.4235 53.5287 17.5356 15.2807 0.942746 27.2159 3.70902 25.92 21.1075 4.13933 
0.167068 0.102015 0.114217 0.158031 0.370263 0.0323985 0.131253 0.0999053 0.162903 0.332594 0.0978038 0.0360231 0.11647 0.16817 0.37895 0.0850913 0.098271 0.141923 0.16131 0.170186 0.0902981 0.0842584 0.13056 0.149072 0.220064 
1.21626 1.07765 1.15344 4.73757 6.15525 1.14588 1.11056 1.11481 2.96471 6.47977 1.18766 1.08883 1.13001 2.49141 4.76184 1.17405 1.1771 1.15152 2.01397 4.26694 1.18171 1.18148 1.20182 1.33403 3.85379 
2.50897 2.28074 2.01295 6.70112 8.58908 2.58306 2.21733 1.99071 4.25079 9.03248 2.61536 2.34085 1.99631 3.63845 6.62161 2.67768 2.38246 2.10475 2.88853 5.89674 2.6458 2.42311 2.13749 1.98425 5.27948 
12.6099 12.2432 11.6057 15.7033 16.8932 12.5918 11.7929 11.5376 13.3551 17.3256 12.4122 11.8251 11.3706 12.815 15.0582 12.251 11.8499 11.4628 12.0699 14.5616 12.1343 11.7883 11.4789 11.1595 13.9367 
33.9582 33.3227 32.9117 32.7317 31.9518 34.0746 33.4753 32.9623 32.385 31.8265 33.5912 33.5424 32.8694 32.3306 31.6052 33.8129 33.2068 33.0149 32.126 31.5186 33.5294 33.2553 32.5425 32.2929 31.1902 
40.472 39.6806 39.144 38.9122 38.2877 40.6453 39.9418 39.3533 38.703 38.235 40.1661 39.9435 39.2477 38.7477 38.1109 40.2681 39.6687 39.3703 38.4866 38.0343 40.0227 39.6726 38.9541 38.5832 37.587 
49.5194 49.5139 48.9277 48.904 49.1271 50.4726 50.073 49.4207 49.1111 49.3202 50.6693 50.2111 49.2027 48.9746 49.1304 50.6782 49.6114 49.0997 48.6462 48.7712 50.7922 50.1068 48.9178 48.6328 48.5429 
63.2521 63.1751 62.8151 62.4383 61.6884 63.3905 63.2628 62.5858 60.7426 61.983 62.7239 63.309 62.226 61.8618 62.8893 63.7356 64.4583 63.0595 62.6937 63.2971 64.6967 64.4221 63.9446 63.2805 63.1972 
68.7714 68.6009 68.1807 67.781 66.7968 68.8167 68.7088 68.022 66.0794 67.1574 68.649 68.983 67.7747 67.2711 68.0111 70.0426 70.64 68.9652 68.3338 68.8023 71.3077 70.6442 70.0324 69.1684 68.9693 
72.8008 72.8322 72.5541 71.8882 71.4193 73.1595 73.0203 72.5058 70.7772 71.8076 72.8723 73.2946 72.4796 72.1774 72.7777 74.1222 74.5903 73.6882 73.2917 73.6311 75.2244 74.8437 74.4928 74.0369 73.8018 
80.5156 80.8214 81.1337 81.5674 82.1108 80.5953 80.9572 81.3369 81.7625 82.4352 80.9984 81.2874 81.7343 82.0951 82.3343 81.4111 81.7423 82.2721 82.5508 82.7943 81.7073 82.111 82.5878 83.0783 83.0375 
85.4964 85.8552 86.2451 86.8536 87.3411 85.3377 85.7929 86.4298 86.9842 87.774 85.3497 85.8419 86.3796 87.0088 87.54 85.636 85.9262 86.5099 87.2312 87.6801 85.6933 86.0685 86.7347 87.3628 87.5866 
90.5387 90.8411 91.1525 91.6981 91.9352 89.9453 90.355 90.763 91.2427 91.692 89.4546 89.9384 90.3758 90.7393 91.009 89.1269 89.4607 89.7447 90.3063 90.5265 88.5972 88.9033 89.2274 89.8729 90.1017 
95.7753 96.2295 96.6964 96.8968 96.6331 95.2013 95.3016 95.8871 96.2549 96.2646 94.2549 94.4955 94.8908 95.2964 95.4991 93.5385 93.586 93.8444 94.5155 94.5611 92.8759 92.9827 93.1203 93.5948 93.7952 
99.6961 100.391 98.0233 98.5103 98.911 99.9016 99.3658 99.0366 99.226 98.5107 100.551 99.3719 99.3265 99.0259 98.5364 97.916 98.8328 98.7748 97.5351 97.3829 98.1013 98.5757 98.2262 97.6129 95.6525 
101.944 100.469 98.0677 97.7509 97.9727 102.271 101.197 98.7006 98.5595 98.5305 102.551 101.859 100.313 99.361 98.8921 101.963 102.03 100.305 99.5146 98.645 102.689 102.529 100.419 100.414 97.52 
73.0512 10.1756 183.321 12.3251 196.46 153.159 140.141 209.402 30.2134 181.524 16.1957 226.52 13.6048 163.089 52.1858 43.2636 96.0784 182.574 238.907 119.423 220.466 120.312 72.1699 141.148 60.0604 
137.3 50.5672 133.062 84.7473 195.318 234.784 70.1296 246.164 246.342 235.666 232.29 40.2747 114.607 66.1417 184.975 12.9925 127.275 155.503 216.594 243.732 200.961 235.198 41.5102 192.497 77.7729 
64.0141 123.535 244.432 145.968 222.643 186.43 138.569 253.575 148.626 126.749 60.2512 159.771 84.6754 196.649 138.029 209.903 206.686 100.569 157.696 11.1934 194.336 203.907 11.6186 181.013 94.2234 
17.672 4.5397 191.581 174.447 111.427 33.9362 106.27 0.129854 163.034 99.7082 172.919 17.1852 100.496 86.9326 121.879 151.123 158.087 231.873 71.9086 224.511 183.091 67.5082 203.111 176.534 162.418 
98.0107 221.288 231.461 4.83084 165.768 250.558 7.78344 227.376 58.8048 124.144 228.555 51.619 197.888 25.7318 117.113 198.992 96.0187 236.918 238.28 174.149 62.2429 127.02 213.04 117.846 4.10721 
142.444 249.302 9.50812 31.8224 102.812 82.9159 185.16 236.801 53.0015 112.388 143.798 53.5612 182.804 112.286 31.2617 204.261 94.8378 40.355 43.8648 214.981 200.571 66.442 219.276 218.451 140.1 
6.11713 5.34686 11.5514 7.70321 7.38945 14.5472 12.6198 5.76946 13.9374 14.4488 10.63 6.39253 4.82655 6.27677 10.107 13.1773 14.2949 9.07527 12.8882 12.8004 4.53712 4.62769 7.99603 12.7687 14.0461 
20.2197 20.3651 20.5811 20.7177 21.4849 19.9856 20.1408 20.3068 20.7203 21.225 19.7742 19.8731 19.9482 20.1394 21.049 19.5605 19.6234 19.6857 19.9707 20.4205 19.3457 19.4577 19.7464 19.9597 20.3717 
10.103 9.86964 9.06336 13.552 15.1137 9.57576 8.90906 8.67899 10.523 15.2428 9.09069 8.25805 8.00855 9.6806 12.2964 8.31112 7.99531 7.61845 8.58958 11.5289 8.13014 7.75549 7.68636 7.54335 10.8557 
32.3117 31.7277 29.7374 28.7013 27.791 31.2383 30.079 29.3238 27.7323 27.2597 30.436 29.1391 28.3604 27.5644 26.2699 29.35 28.5705 27.6945 27.0037 26.2212 28.9689 28.2169 27.5089 26.9216 26.2127 
48.4526 46.8339 45.9156 45.0668 44.0402 47.1289 45.2905 44.9467 44.7195 44.1338 46.7859 45.6936 44.8387 44.4253 44.6721 46.077 45.2327 44.9018 44.0926 44.2067 45.0624 44.4435 44.0096 44.1711 44.194 
40.4613 39.2691 38.4337 37.9601 36.8944 40.7806 39.6738 38.6238 37.4495 36.6358 40.0849 39.7154 38.5088 37.4652 36.3052 40.2284 39.0836 38.4849 37.0909 36.1883 39.8181 39.0314 37.828 37.2629 35.7544 
54.6774 53.2833 49.5572 45.8614 43.951 54.5724 53.4096 49.8951 46.115 44.0083 54.6175 53.2343 50.1822 46.5448 44.4206 54.4309 53.346 49.9698 46.5482 44.3604 54.3755 53.28 50.0146 46.2879 44.0661 
65.283 65.0936 64.9676 64.9808 64.9549 65.7208 65.3103 65.0679 65.0878 65.0052 65.7776 65.5396 65.044 64.9583 65.0556 65.6601 65.3416 65.2789 65.3394 65.285 65.3392 65.3187 65.5583 65.3693 65.1428 
73.4278 72.4585 71.7629 70.3597 68.7489 73.092 72.7697 71.4692 69.0374 69.1193 71.6922 72.0065 70.8158 69.8562 70.076 72.7179 72.9849 71.1998 70.3884 70.1575 73.7447 72.7535 71.819 70.8486 70.3607 
76.2111 76.112 75.9386 75.4342 75.3955 76.3948 76.2115 75.8736 75.5868 75.4329 76.4084 76.1418 75.8704 75.7217 75.3283 76.3412 76.1002 76.0864 75.927 75.6151 76.2557 76.0097 76.0169 75.9109 75.6009 
80.242 80.4071 80.516 80.0508 80.3864 80.323 80.4281 80.4443 80.3297 80.3989 80.3132 80.2683 80.3007 80.377 80.2965 80.0044 79.9522 80.2731 80.3635 80.3445 79.9863 79.9619 80.1682 80.2337 80.1513 
84.9464 85.0013 85.1801 85.3924 85.4681 84.9099 85.0633 85.1656 85.3263 85.4411 84.8034 84.9861 84.9679 85.0156 84.9789 84.5443 84.6622 84.6654 84.781 84.7064 84.2718 84.4433 84.4092 84.6068 84.5191 
89.5242 89.5928 89.6679 88.9124 88.4896 89.2795 89.2057 89.3915 89.0753 88.6863 88.6707 88.4748 88.5511 88.2993 88.1422 88.5225 87.9316 87.7604 87.8559 87.5315 88.2663 87.9318 87.4634 87.1375 87.016 
93.187 93.0915 93.1389 92.8452 92.4352 92.7977 92.4313 92.4335 92.3222 91.8951 91.9749 91.7651 91.5152 91.3691 91.2575 91.1629 90.9715 90.6435 90.6442 90.3531 90.6534 90.3614 90.0161 89.8284 89.6612 
96.3341 95.7817 95.5297 95.1029 94.6141 96.2659 95.8319 95.1705 94.7372 94.2915 95.8816 96.1835 95.1932 94.6407 93.857 95.1164 95.6051 95.2944 94.1362 93.6135 95.0752 94.8332 94.3506 93.3705 92.5222 
98.8752 99.0343 96.3953 96.666 96.9575 99.3323 98.6512 97.8075 97.8394 96.9312 100.446 99.5496 98.8992 98.2607 97.2937 97.7938 99.1544 99.0845 96.9491 96.7036 98.237 98.7209 98.3141 97.2193 94.8136 
115.917 69.3638 247.133 127.448 183.034 138.301 217.947 175.068 56.3147 63.0529 22.1131 4.89781 108.558 140.44 169.647 71.3014 47.0592 12.4295 162.853 192.199 202.709 243.45 67.1726 34.4301 6.86408 
235.474 2.8644 129.385 58.4591 253.38 45.2854 17.1233 242.612 47.3205 193.884 139.966 212.555 219.676 46.4984 76.1314 214.938 125.831 121.354 148.952 239.333 174.505 164.179 229.381 85.473 184.101 
170.223 127.875 237.737 166.186 15.0687 76.53 92.5862 247.295 186.931 5.50483 218.675 46.5899 237.113 126.889 204.489 217.127 27.7307 139.057 152.185 48.9692 158.342 58.3639 178.686 172.625 172.748 
240.208 76.4669 37.816 205.427 53.2164 212.782 26.3217 84.9577 125.945 35.3485 107.438 32.6096 77.2414 14.3066 47.3019 250.44 202.134 226.849 187.038 210.454 153.618 167.4 222.088 35.5736 204.201 
156.566 108.875 198.011 114.786 158.59 161.128 139.691 155.816 193.132 141.739 178.477 146.832 179.007 128.681 133.946 200.472 203.922 191.899 127.953 117.93 129.595 177.196 136.837 170.296 158.877 
161.076 174.925 165.945 168.484 175.411 173.279 174.762 174.19 168.004 165.108 172.477 167.773 161.276 161.385 160.364 165.679 174.495 163.538 166.976 172.794 177.538 172.727 173.797 172.846 171.988 
124.345 131.126 132.515 132.545 127.931 128.961 129.5 127.266 127.497 132.538 130.017 126.557 130.296 126.746 134.058 125.88 123.534 123.99 125.814 132.084 126.25 124.461 128.056 129.222 128.028 
102.614 102.509 103.468 104.34 105.061 102.319 101.98 102.733 103.868 105.296 101.657 101.643 101.878 102.512 104.16 100.041 99.5629 100.848 101.76 103.191 99.8557 99.8957 101.027 101.169 102.851 
79.2141 79.003 77.9414 77.9316 77.9886 77.7167 77.814 77.3765 76.5654 76.9145 76.5313 75.9992 75.8293 75.5093 75.0405 75.1575 74.517 74.1947 74.1814 74.2543 74.7512 74.0103 73.6707 73.7462 73.9885 
75.9208 74.1321 73.1751 72.2185 71.2283 74.8304 72.7577 72.4629 72.5245 71.6165 74.615 73.3819 72.349 72.1198 72.2374 73.6611 72.6031 71.8928 71.0666 71.3402 72.2554 71.0485 70.5267 71.0376 71.159 
61.6336 59.9436 59.7289 59.414 58.7964 60.2406 59.131 58.9368 59.2098 58.9431 60.2975 59.7353 59.2486 58.9766 59.5582 59.899 59.195 59.1913 58.5836 59.0153 58.8066 58.3683 58.0705 58.6032 59.047 
55.8156 53.6929 51.9485 49.9167 48.2337 54.4193 52.8805 51.0919 49.6926 48.3071 54.537 53.4567 51.5195 49.4241 49.0527 54.1652 53.0916 51.4945 49.2102 48.4999 53.0992 52.1306 50.3916 49.2154 48.6364 
61.3682 58.5461 51.2199 43.5077 38.4917 61.3284 58.5601 51.224 43.3693 38.2638 61.4521 58.5278 51.369 43.4814 38.2235 61.5414 58.3489 51.2404 43.5065 38.3555 61.4007 58.2535 51.1517 43.7004 38.7627 
77.4272 74.7614 71.5689 67.2554 64.4451 76.9631 75.4913 71.7989 68.1054 64.8331 75.4456 74.0756 71.3535 67.8838 65.5924 75.5855 74.1266 70.852 67.7161 65.1827 76.0277 74.1446 71.1643 68.0951 65.8813 
78.4617 76.274 75.0602 73.0575 71.4044 77.7992 76.8977 75.2035 73.809 71.8574 76.3339 75.4935 74.54 73.2957 72.2755 76.4012 75.5119 74.0599 73.0247 71.8228 76.6815 75.3023 74.2409 73.1813 72.3079 
79.8364 78.1951 77.2751 75.2631 73.9273 79.3542 78.7119 77.2681 75.8523 74.1672 77.957 77.3847 76.5302 75.3713 74.4651 78.0083 77.1542 75.95 75.0486 74.0599 78.2594 77.1767 76.0114 75.2045 74.3483 
81.9117 81.6638 81.2693 80.8336 80.6373 81.6968 81.5586 81.1588 80.6579 80.2769 81.6273 81.2851 80.8238 80.3002 79.7714 81.0193 80.733 80.2899 79.7683 79.4339 80.5459 80.1052 79.7556 79.2982 79.1266 
86.3156 86.0438 84.1694 82.2259 81.1553 86.3955 86.0981 84.037 83.4815 81.6216 85.4447 84.8495 84.3675 83.4795 82.6846 86.0067 84.7895 84.1438 83.8147 82.1983 84.624 84.2724 84.3533 84.4277 83.1485 
89.6557 88.5363 87.9704 86.7545 85.7316 89.0222 88.0264 86.8822 85.7893 84.819 88.7204 87.5889 86.7422 85.4632 84.8523 88.3575 87.5075 87.3123 86.1667 84.9451 88.7 87.8837 87.2828 86.2967 84.9558 
91.5194 91.1095 90.4545 89.0243 88.4158 91.44 90.8707 90.2642 89.2655 88.6848 91.0065 90.1631 89.724 88.8648 88.4337 91.0723 89.8423 89.2012 88.6122 87.9282 91.1059 90.2994 89.3071 88.148 87.435 
94.0107 93.5115 92.659 91.9406 91.3899 94.1594 93.4648 92.5131 91.6822 91.2045 94.0379 93.598 92.5503 91.5174 90.8361 94.1968 93.6548 92.6893 91.6129 90.6653 94.3411 93.8084 92.8812 91.7342 90.7783 
96.6371 95.6427 95.0289 94.3489 93.8266 96.6144 96.1976 94.9912 94.3412 93.7216 96.8042 97.3778 95.8926 94.83 93.5299 96.3062 97.2025 96.6673 94.5976 93.8322 96.4779 96.373 95.743 94.2531 92.97 
124.262 129.773 64.8788 8.34314 247.063 224.61 242.658 8.58982 169.999 232.518 75.6859 180.192 246.52 22.0981 67.093 5.71995 28.8616 178.623 87.5597 100.98 31.0729 79.1237 68.8654 191.735 120.054 
54.0643 0.959492 129.956 64.2491 129.446 229.935 159.007 15.5461 82.5414 9.44095 138.793 81.7449 125.462 74.7843 118.166 153.805 246.818 44.8164 237.816 149.171 20.8136 166.313 238.692 75.9809 63.7879 
187.209 196.34 172.551 138.477 123.163 150.895 121.292 176.003 121.412 122.143 145.733 188.055 168.025 133.806 117.787 198.7 111.624 114.293 169.732 123.817 147.699 175.862 170.202 179.87 174.424 
175.919 177.137 175.649 179.486 167.834 170.218 175.138 175.303 177.279 180.381 177.996 168.597 167.663 171.494 179.331 179.508 172.814 177.429 179.193 176.37 180.085 181.585 174.435 171.59 174.562 
172.411 172.181 172.676 174.847 175.169 171.549 172.547 172.721 171.459 176.967 171.02 172.419 172.08 172.103 174.334 173.815 173.421 172.229 174.264 175.438 177.512 178.664 178.332 177.201 176.54 
170.853 170.523 171.131 172.998 173.38 169.793 171.01 170.819 169.155 174.986 169.424 170.609 170.297 170.156 172.345 172.391 171.544 170.641 172.431 173.201 176.178 177.211 177.008 175.421 174.56 
166.601 166.349 166.957 168.479 168.701 165.85 166.966 166.733 164.848 170.262 165.471 166.498 165.965 165.735 167.417 167.85 166.672 165.739 167.674 168.432 171.233 172.175 171.904 170.388 169.379 
156.012 157.177 155.629 153.633 154.024 154.811 155.06 152.999 153.673 153.224 154.431 156.339 157.355 155.103 155.138 155.059 153.83 154.76 154.219 152.234 154.938 154.723 155.443 152.69 153.037 
141.958 141.418 140.678 139.671 139.159 142.166 142.133 140.574 140.469 138.894 142.119 142.227 140.56 139.49 138.678 141.407 140.688 138.899 138.696 139.015 139.738 139.054 138.871 138.586 138.48 
133.503 132.724 132.064 131.598 130.988 134.057 133.404 132.744 132.861 131.594 134.128 133.838 132.98 132.644 131.62 133.797 132.891 131.663 131.135 131.047 133.017 131.554 130.817 130.889 130.65 
113.474 111.86 112.082 112.411 112.03 112.528 111.747 111.983 112.88 112.359 112.757 112.603 112.552 112.717 113.115 112.364 111.551 112.256 112.139 112.966 111.431 110.783 110.647 111.491 112.108 
112.311 92.3319 104.612 74.5738 86.0547 121.434 79.5095 92.7321 96.576 90.7906 82.9227 120.579 115.421 120.845 82.1946 80.1661 88.9911 114.995 122.882 113.937 131.351 115.218 82.4938 93.3649 100.247 
60.2094 69.4727 60.0591 53.2031 45.0004 79.1947 86.6708 77.5082 70.2179 63.357 81.8252 86.9459 82.1022 69.1186 67.0524 83.1774 86.9134 78.2245 73.5837 64.4537 79.8376 89.0612 80.4078 71.9638 64.974 
42.9317 52.539 46.5473 43.6624 40.3993 53.4743 123.457 129.232 137.466 138.875 50.2599 119.52 132.034 138.29 138.566 47.3996 123.213 129.499 137.58 138.581 46.5897 126.537 131.511 132.777 138.744 
79.8643 77.539 76.5548 74.5314 72.4679 80.0321 79.0874 77.3443 75.376 73.2408 78.4574 77.6999 75.9418 74.0204 72.8727 78.6237 77.5189 75.1761 73.4969 72.0848 78.5442 77.3899 75.1458 73.8189 72.7232 
81.8089 80.8195 80.4011 80.192 78.8708 81.1463 80.7951 80.132 78.2798 77.5007 81.2211 80.701 77.9902 75.7333 74.5442 81.1088 80.3276 76.999 74.9203 73.9663 79.7892 79.1082 75.8049 74.2929 73.8104 
84.9042 84.4047 82.3828 80.7694 79.287 84.9187 84.5913 82.1721 81.2313 79.1738 83.9953 83.4886 82.124 80.6718 79.656 84.5295 83.3705 81.9187 81.0087 79.1891 82.7833 82.4161 81.8546 81.7986 80.381 
87.3384 86.3739 84.0508 81.978 80.3745 87.0452 86.1457 83.1141 82.1501 79.9056 86.0704 84.9743 83.868 82.3399 81.3509 86.5596 85.3419 84.8555 83.7617 81.4672 85.5846 84.8938 85.1999 85.0638 83.1136 
88.308 87.3795 85.1475 82.7847 81.1884 87.9929 87.1095 84.2136 83.2066 81.0201 87.1362 85.8676 84.9403 83.4326 82.4987 87.7476 86.3143 85.8399 84.8514 82.6678 86.9285 86.2205 86.3566 86.0896 84.1439 
91.3414 89.4062 88.3262 86.8622 85.3818 90.7205 88.8995 86.6091 85.158 83.9644 90.8862 89.1072 87.348 85.3318 84.5903 90.9763 89.7263 89.3696 87.244 85.3937 91.9372 90.595 89.7463 88.2293 86.2629 
93.1744 91.5463 92.9059 91.3434 92.1081 93.9764 92.3952 90.783 89.641 91.2947 94.0706 94.7596 91.7163 91.9196 90.1663 95.5528 94.8495 92.3459 92.0423 88.6239 95.6082 93.7109 93.946 91.0257 90.8664 
112.536 85.7595 136.147 114.375 80.7327 96.5433 70.3495 94.8821 109.474 117.715 100.773 101.742 89.9944 103.794 126.084 96.4196 83.6777 104.562 117.838 89.311 94.3041 130.519 126.523 117.324 136.895 
197.461 200.582 137.802 132.494 179.119 62.4692 87.1127 151.382 86.5265 118.872 78.699 108.615 108.204 165.179 78.1382 178.511 76.0077 186.953 65.1688 93.7684 124.993 146.465 163.595 127.481 114.963 
165.814 164.141 159.977 167.927 162.8 163.426 168.183 167.652 166.037 164.944 164.128 166.806 172.601 165.561 169.574 173.25 166.862 170.954 175.079 166.579 166.608 163.865 174.528 171.774 171.458 
172.14 171.835 171.484 172.886 173.191 172.494 172.699 172.86 173.293 173.607 173.322 173.803 174.638 174.978 175.146 173.567 173.79 174.755 175.619 175.886 173.192 173.689 174.277 174.782 174.596 
173.501 173.531 175.727 177.622 176.714 174.152 173.649 174.819 176.727 176.84 172.934 172.714 175.481 175.836 178.697 174.05 174.379 176.411 176.461 178.077 173.453 174.548 174.834 173.748 175.142 
176.652 176.729 176.662 178.206 178.429 175.779 175.83 176.759 178.461 179.306 175.689 176.335 177.326 178.437 180.645 176.565 177.817 178.248 179.114 180.483 178.116 178.64 179.285 179.641 180.612 
174.758 174.282 174.271 177.232 177.918 173.852 174.408 174.223 174.182 179.19 173.985 175.053 174.798 175.088 175.4 175.937 175.73 174.541 177.491 178.646 178.974 180.417 180.647 181.359 179.588 
173.783 174.661 172.962 170.613 171.257 172.962 172.996 170.764 171.291 170.555 172.998 174.939 176.195 173.974 173.822 174.691 174.498 175.332 174.217 171.831 175.333 175.656 176.13 173.095 172.922 
174.47 175.462 173.229 170.062 170.671 173.67 173.799 170.3 170.089 169.213 172.97 175.314 175.544 171.579 171.484 174.131 173.876 173.622 172.747 170.291 174.073 174.674 175.058 171.356 171.217 
180.593 177.297 174.146 173.903 174.095 177.363 176.862 172.131 171.584 169.786 177.261 176.516 174.118 173.397 172.817 176.918 175.189 173.842 173.521 172.749 176.656 176.32 175.907 173.557 173.046 
170.889 169.917 169.436 169.167 169.363 171.063 170.657 169.788 169.732 168.929 171.139 171.121 170.475 169.914 169.566 170.777 170.458 170.127 170.031 170.335 170.27 169.875 169.64 169.502 169.554 
188.213 187.872 188.258 189.518 189.542 188.825 188.844 189.182 190.318 189.939 189.229 189.781 190.591 190.828 190.269 189.148 189.459 190.857 191.215 192.382 188.905 189.34 189.787 190.076 190.509 
199.63 202.675 205.524 206.845 206.555 201.867 206.007 208.282 209.135 207.39 203.099 208.073 210.538 210.441 208.132 202.466 207.182 210.115 210.094 209.554 202.36 206.628 207.805 207.929 207.034 
172.649 179.828 184.931 185.825 184.049 192.011 215.402 220.587 224.01 221.531 196.42 219.427 224.587 226.721 221.847 192.633 218.448 223.08 223.54 219.504 193.006 219.51 222.626 220.577 219.127 
74.4814 91.0479 87.0444 86.1105 84.9507 137.346 207.956 215.619 224.185 224.625 134.657 205.693 219.344 225.879 225.777 132.56 208.166 216.694 225.372 226.909 131.777 210.508 216.825 219.997 225.436 
18.082 27.19 24.2402 21.4932 19.609 103.014 172.049 180.109 189.205 191.581 97.7068 168.71 181.705 190.217 190.611 95.2132 170.956 179.249 188.746 191.393 95.0016 174.024 180.599 184.909 190.188 
77.7872 78.5602 78.4005 78.5981 76.0792 88.9952 86.8337 86.2442 86.0264 82.352 87.327 86.983 81.9277 79.7759 81.2699 87.4394 87.8955 82.3729 79.2703 78.9519 86.354 84.462 81.2819 78.0622 78.3289 
68.5633 82.4587 68.3113 100.595 80.7374 105.767 80.6629 85.9603 75.1908 82.0421 106.105 85.3118 90.9368 95.7886 82.6802 88.4743 89.0682 82.9057 79.8204 97.0388 87.7939 80.9252 66.8705 82.6361 98.9337 
81.2906 99.936 94.2705 77.1339 73.5177 93.9741 95.349 77.8935 86.5154 81.6376 80.8077 94.0705 85.2032 87.584 91.5341 84.7157 80.5156 82.0387 79.3416 90.0041 89.6155 80.6037 93.5511 98.155 80.7824 
92.0442 92.444 102.777 84.909 75.0407 99.5696 93.9001 80.7316 77.0982 84.8875 89.4994 83.493 81.0876 90.7293 76.0545 104.374 102.46 83.0585 85.6323 97.9466 93.8833 93.9228 102.682 95.7731 90.9643 
80.1283 38.591 61.0703 181.171 158.811 140.562 39.6742 113.95 104.16 93.4132 184.768 38.1418 84.6493 135.904 129.317 67.1108 97.6661 145.69 168.557 103.467 88.0526 54.335 165.951 69.1056 120.338 
186.993 97.885 145.971 96.8365 23.4378 213.765 129.223 91.8691 119 169.629 129.396 241.26 210.577 234.643 195.588 41.5498 11.3214 70.5632 188.995 37.5555 217.238 142.446 53.2316 223.724 136.17 
120.541 242.8 11.4668 85.3295 240.253 173.636 223.99 15.4302 112.416 144.33 192.352 63.5062 111.72 19.2127 190.663 185.776 31.7922 90.376 39.7867 57.5733 86.7711 184.789 242.036 50.8539 182.897 
159.328 158.638 160.507 159.022 160.459 159.893 160.673 161.481 161.696 160.287 160.466 161.067 161.324 162.24 161.966 161.41 162.446 162.523 163.696 162.191 162.273 163.475 162.747 164.643 165.447 
162.64 162.643 163.248 163.442 163.747 162.823 163.611 164.273 164.472 164.531 163.324 164.212 165.343 166 165.978 164.341 165.406 166.4 166.963 166.519 164.967 165.582 165.555 166.334 166.042 
169.122 169.328 171.638 173.261 172.787 170.07 169.665 170.743 172.745 172.821 169.039 168.82 171.885 172.291 174.604 170.137 170.689 173.085 172.924 173.751 169.264 170.594 171.003 170.041 171.121 
171.002 171.757 175.308 177.224 176.43 171.723 171.602 173.812 175.911 176.425 170.792 170.464 174.495 174.491 177.065 171.669 172.094 174.259 174.481 175.969 171.469 172.479 172.002 171.42 172.731 
178.236 177.653 178.197 183.179 183.178 177.384 177.106 177.566 181.704 182.886 177.333 178.063 179.976 181.666 181.111 178.522 179.258 180.577 182.605 184.258 178.732 179.126 180.745 183.616 183.087 
181.511 180.329 179.674 183.907 184.736 180.797 180.331 180.026 183.524 184.835 181.435 182.291 182.994 184.526 182.951 182.48 183.631 184.305 185.95 186.832 183.165 183.549 185.068 188.084 186.897 
183.177 181.804 180.642 183.947 184.721 182.905 182.272 180.694 183.331 184.615 183.316 184.191 183.551 183.77 182.379 184.531 185.854 185.065 186.489 187.457 184.943 185.874 186.67 188.669 187.224 
189.544 188.21 186.317 184.994 186.141 188.679 191.227 188.9 183.769 183.757 190.224 191.633 187.544 183.077 184.851 190.886 190.16 187.622 184.156 185.711 188.808 189.835 187.685 185.332 187.023 
194.42 190.682 188.284 188.521 189.131 192.267 191.418 187.193 185.519 184.532 192.358 190.347 187.139 186.47 185.915 191.896 190.08 188.384 188.161 187.848 191.577 191.667 190.434 188.744 188.174 
197.151 193.604 191.978 192.926 192.614 194.929 193.91 190.859 190.134 189.251 194.7 192.949 190.716 190.886 190.469 193.857 192.927 191.486 190.896 191.249 194.458 193.895 192.732 191.492 191.271 
205.273 206.413 208.984 210.585 209.314 207.039 207.723 208.501 209.016 207.284 207.513 207.779 207.649 206.641 205.801 207.311 206.51 206.778 204.961 204.794 207.628 206.219 206.145 204.86 205.807 
214.609 214.493 218.208 219.514 218.52 216.801 217.681 220.22 221.298 219.219 218.792 220.051 221.456 220.806 218.574 217.427 218.674 219.464 218.346 217.365 218.058 218.574 218.955 217.339 216.951 
216.807 218.687 222.43 223.794 223.42 219.553 223.045 225.965 226.988 224.452 222.565 226.815 228.807 228.168 224.698 220.648 224.867 227.12 225.62 223.402 220.861 224.139 225.593 223.893 222.387 
221.032 221.964 224.983 225.391 225.747 224.892 228.198 229.717 230.341 228.854 227.776 230.858 232.89 232.219 229.761 226.454 229.55 231.15 230.207 228.898 226.381 228.841 229.292 228.621 227.984 
215.566 208.597 208.097 206.343 211.357 223.352 226.988 223.997 223.644 227.521 222.064 229.534 231.369 228.594 231.368 228.762 229.461 228.832 230.769 230.909 228.31 230.119 228.445 228.939 230.088 
121.125 162.474 131.523 69.3444 134.606 217.801 166.507 168.057 113.263 197.145 124.776 123.268 143.377 179.471 120.926 161.57 226.059 133.573 142.132 240.948 115.752 130.529 215.711 170.279 221.393 
93.0957 235.537 118.725 128.865 99.6994 245.243 81.3087 200.562 62.4081 178.611 123.128 217.236 193.62 241.381 1.0043 9.10968 164.12 139.107 195.176 222.84 194.701 108.678 127.995 44.2027 160.838 
237.81 230.342 166.187 170.568 206.228 134.039 152.928 121.996 27.262 28.291 169.985 178.248 239.904 152.902 168.061 169.586 59.8542 63.2322 40.3484 22.117 242.39 92.3475 190.105 19.26 66.1493 
243.128 178.407 101.88 164.853 65.5936 158.397 202.462 4.52128 4.00947 18.4735 87.7389 88.3323 20.0789 61.1359 113.154 26.6145 44.9139 10.5936 197.91 32.4142 18.4777 32.4015 2.13197 15.0824 59.3728 
213.029 188.669 192.907 41.0264 187.968 66.8778 170.955 164.001 119.033 146.275 225.805 126.478 110.48 51.9545 15.3911 246.023 39.2054 213.884 220.653 126.115 184.104 208.217 41.5777 218.858 201.934 
56.3769 189.288 28.2855 6.915 231.382 196.985 99.5162 82.7533 22.6056 86.0341 20.6831 131.292 133.444 168.099 210.223 227.962 199.794 184.27 174.602 220.709 180.238 172.813 46.4707 50.3524 235.153 
9.88227 136.704 9.88641 153.212 6.90143 109.021 97.3485 149.405 177.368 42.4268 245.208 152.53 103.184 66.9123 158.718 106.802 193.336 81.6201 229.053 46.1256 77.598 220.575 228.202 42.9678 79.6737 
156.942 156.745 158.189 157.562 158.888 157.768 158.629 159.445 159.64 159.052 158.526 159.36 159.511 160.43 160.309 159.74 160.832 160.801 162.045 160.558 160.375 161.183 160.762 163.143 163.634 
159.08 159.356 160.639 160.76 162.042 159.814 161.071 162.147 162.878 162.632 160.23 161.459 162.219 163.634 163.698 160.606 161.918 162.611 164.569 163.504 160.975 161.824 162.159 164.671 165.15 
163.944 165.033 167.102 168.14 169.143 164.866 166.095 167.8 169.149 169.651 165.867 166.831 168.652 168.815 169.326 165.229 166.339 166.827 168.867 169.692 165.562 166.607 165.869 168.327 168.7 
168.088 168.86 172.118 173.904 173.871 169.328 169.055 170.748 172.979 173.445 168.528 168.576 171.593 171.611 173.585 169.517 169.977 171.31 171.569 172.768 169.159 170.307 169.611 169.507 170.855 
172.264 173.23 175.101 176.124 176.423 172.714 173.375 175.09 175.856 176.209 174.105 174.047 175.02 174.701 175.054 173.718 173.532 173.154 174.47 175.284 174.544 174.414 173.156 175.181 175.762 
182.25 181.319 180.529 184.307 184.466 181.575 181.362 180.489 183.147 184.226 182.46 182.781 182.333 183.165 181.799 183.255 183.322 182.864 184.537 185.967 183.109 183.407 184.268 187.102 186.254 
188.444 188.603 188.055 186.425 187.17 189.492 192.128 191.778 186.399 187.373 191.6 193.024 189.361 184.869 187.088 192.468 192.558 189.851 186.103 188.685 189.988 191.629 189.21 187.949 189.975 
195.321 193.93 190.993 191.357 193.307 194.189 194.362 196.151 191.683 192.456 199.028 195.377 194.213 189.53 192.853 196.365 193.842 192.74 188.671 192.355 194.285 194.232 194.179 190.712 193.211 
196.266 195.075 193.498 192.516 193.29 195.922 198.249 196.325 191.096 191.476 197.871 198.096 194.049 189.807 191.063 198.16 196.626 193.764 190.52 192.264 195.844 196.511 193.887 191.858 193.802 
206.23 207.985 209.567 210.316 208.894 208.203 208.955 208.119 207.144 206.182 208.434 208.334 206.25 204.272 203.628 209.033 206.75 205.437 202.82 202.418 208.706 206.797 205.787 203.755 204.916 
213.226 215.495 218.283 219.895 217.634 215.486 216.554 216.969 217.155 215.321 215.669 215.864 214.634 212.77 212.404 216.006 214.119 212.527 210.092 210.476 216.206 213.742 213.065 211.107 212.471 
219.095 220.211 221.479 222.378 221.269 220.372 221.217 221.787 221.7 219.92 220.47 221.121 220.03 218.624 217.747 220.299 219.762 218.201 215.992 216.091 220.566 219.235 218.545 216.819 217.492 
225.76 225.078 225.98 226.405 226.576 226.526 227.436 227.984 227.904 226.865 227.018 228.385 228.569 227.376 226.251 226.478 226.725 226.368 225.426 225.156 226.656 226.23 225.888 224.781 225.121 
232.497 230.316 228.604 228.027 229.405 231.086 232.475 232.614 230.975 231.679 230.964 236.134 235.959 232.271 235.977 231.888 234.386 234.781 234.101 234.684 233.512 233.069 231.63 232.536 234.142 
235.062 232.374 229.939 228.269 229.494 234.037 235.005 234.12 231.743 232.866 233.839 239.188 238.544 234.691 239.504 234.989 238.091 237.71 237.31 238.789 237.162 236.646 234.071 235.633 237.775 
237.064 233.438 231.211 229.82 230.096 236.281 237.11 236.318 233.945 234.315 236.791 243.171 241.526 236.68 242.133 236.704 241.172 240.76 241.295 242.089 240.234 238.804 237.767 238.335 241.492 
139.614 221.664 137.619 159.095 219.445 181.549 165.119 213.159 151.109 210.091 165.965 139.017 170.794 239.767 219.642 219.18 145.722 248.874 207.115 134.032 236.282 207.487 220.792 226.442 208.647 
13.9883 222.534 1.24473 77.8202 223.884 174.222 85.4813 138.645 130.288 194.093 125.178 155.535 78.5553 210.98 0.407256 75.8572 63.9839 112.668 87.9526 14.2226 210.906 151.806 233.414 37.263 26.9969 
141.101 136.29 152.701 181.332 224.247 86.0669 47.4616 160.736 12.7859 29.3263 47.3841 10.5571 180.983 16.4307 33.8946 137.695 42.0238 200.522 208.924 121.149 181.017 21.168 2.35391 136.636 43.7415 
92.2089 179.149 29.7444 195.088 140.171 213.023 36.1554 136.773 61.4948 103.692 186.651 136.469 12.3264 173.955 136.021 127.452 152.234 174.564 182.312 176.44 12.7424 25.2885 161.845 120.642 202.355 
210.765 170.846 86.5591 132.164 155.49 244.334 196.836 251.59 12.1239 153.663 162.753 174.739 186.171 242.629 159.523 80.193 244.473 72.2254 111.776 171.714 121.08 224.696 254.369 1.37244 162.715 
8.86494 50.6021 239.737 83.2881 188.838 239.654 138.412 183.213 40.5516 174.803 54.6874 115.212 152.055 197.648 132.691 239.09 5.91921 32.3878 59.3108 112.957 38.6797 162.558 77.9311 25.279 138.247 
154.04 154.389 155.533 155.758 157.202 154.835 155.856 156.898 157.685 157.585 155.689 156.722 157.334 158.399 158.43 156.585 157.934 158.436 159.825 158.835 157.237 158.134 158.562 160.443 161.051 
155.446 156.15 156.933 158.237 158.896 156.073 156.821 157.857 159.364 159.889 155.995 156.889 158.278 159.899 160.631 156.04 156.952 158.625 160.409 160.994 156.817 157.324 158.679 160.327 160.523 
161.247 161.872 161.266 164.03 165.32 161.602 161.313 162.514 164.917 165.891 160.834 162.229 162.484 164.514 164.726 160.709 161.671 162.101 164.552 164.963 162.05 162.816 163.706 165.254 165.698 
165.809 166.503 167.344 168.789 169.749 166.396 166.317 167.6 169.112 169.739 166.943 167.255 167.727 167.391 167.696 166.336 167.023 165.896 167.368 168.062 167.578 168.21 166.724 168.216 168.613 
173.794 172.966 172.516 173.476 172.985 172.387 171.867 172.486 172.974 171.803 171.955 171.989 171.209 171.581 170.687 171.598 171.04 169.158 170.279 170.861 172.369 171.806 170.167 170.748 171.226 
181.029 180.581 180.604 180.359 179.036 180.645 180.212 179.682 179.178 178.598 180.091 179.37 178.074 177.578 178.351 179.703 178.439 177.164 176.858 177.643 179.637 178.42 177.847 177.987 178.274 
191.763 189.75 189.307 188.206 183.764 188.632 188.845 189.928 186.618 185.355 190.824 187.67 189.529 188.853 188.951 190.76 185.827 184.83 184.309 185.641 186.69 186.824 186.783 185.714 188.247 
195.296 196.115 190.631 193.264 189.292 193.784 193.923 191.837 192.19 192.04 198.026 196.39 192.89 189.7 193.564 196.664 196.016 187.853 188.907 193.986 190.923 193.326 188.214 191.753 193.823 
201.269 199.972 196.829 197.522 198.551 199.808 198.89 199.973 197.601 198.023 203.491 199.279 198.935 196.119 198.137 200.599 197.796 197.327 194.626 196.92 199.698 198.662 199.027 196.049 197.563 
208.79 209.869 208.816 207.847 207.49 208.975 210.016 208.438 207.065 207.704 208.863 208.66 207.512 205.821 206.504 208.35 207.943 206.125 204.8 205.312 208.381 207.972 206.443 205.296 206.207 
215.998 218.337 219.362 219.954 218.553 217.878 218.917 218.221 217.58 216.661 217.278 217.381 215.195 213.783 213.377 217.306 215.944 213.98 211.454 211.594 217.251 215.553 214.554 212.817 213.676 
225.604 225.886 225.416 225.382 225.138 225.318 225.559 225.396 224.862 224.574 223.948 224.334 222.613 221.778 222.178 223.379 223.03 220.614 220.035 221.188 223.973 222.839 221.227 220.549 221.254 
234.723 235.105 233.011 232.279 234.74 232.52 232.291 231.339 230.197 233.287 235.132 231.678 226.957 225.864 229.628 231.268 230.982 226.85 225.732 229.097 229.751 229.271 231.867 229.869 230.064 
237.37 237.544 237.633 237.962 234.244 237.939 240.313 238.993 234.96 233.019 236.822 238.481 236.794 232.917 232.719 233.125 232.317 231.893 232.059 233.993 232.997 231.985 232.845 232.775 234.705 
238.003 235.494 233.363 232.185 232.404 237.129 237.761 236.976 234.161 235.386 237.048 241.584 239.983 236.041 240.406 236.598 239.369 238.828 238.731 239.611 238.556 237.525 235.806 236.708 239.129 
237.826 237.334 238.054 236.628 235.752 241.609 242.553 241.816 239.529 237.994 244.306 245.209 243.994 242.48 240.578 241.537 243.325 243.283 243.899 242.492 241.88 241.206 242.226 241.234 242.855 
239.509 239.248 241.323 239.842 238.607 244.006 245.249 245.48 243.719 241.066 247.368 248.107 246.827 244.83 242.8 243.457 245.935 246.168 247.24 244.79 244.355 243.009 245.381 243.369 244.72 
211.687 224.415 164.379 169.813 180.585 174.689 186.118 232.068 233.802 162.662 211.371 250.125 190.68 209.003 179.452 215.518 204.56 232.344 199.38 234.221 154.496 162.089 205.3 213.345 165.339 
25.0592 248.7 56.0117 114.824 177.744 192.384 26.9258 198.012 157.419 1.75521 244.209 48.6776 2.65139 10.3906 152.24 161.512 231.717 11.7504 102.427 90.9517 34.5279 32.8702 125.762 75.3903 175.631 
165.131 150.725 211.377 118.652 75.0934 44.2016 11.6944 85.3607 66.467 188.059 17.152 106.789 87.7797 80.5262 145.663 245.08 68.1642 3.1853 54.7459 174.396 20.5212 193.808 204.299 178.714 156.627 
29.581 157.292 192.959 246.623 131.06 94.627 66.3407 243.557 73.407 69.8052 184.001 16.5665 192.523 82.8427 59.8874 77.6792 147.047 254.058 74.17 250.179 200.601 59.9219 222.91 219.694 134.361 
98.2562 135.271 45.9157 22.7893 47.9392 157.38 136.511 80.749 174.796 73.5399 222.458 45.2467 162.902 109.901 129.113 124.735 181.225 22.2351 110.61 215.222 178.614 230.94 195.968 186.623 172.616 
150.679 151.288 151.979 153.228 154.375 151.294 151.714 152.506 154.032 154.958 151.706 152.555 153.936 154.826 155.396 152.584 153.903 155.045 155.636 156.127 153.363 154.386 155.221 155.954 156.512 
153.025 153.6 154.26 155.683 156.205 153.074 153.486 154.39 155.881 156.768 152.933 153.557 154.567 156.034 156.731 152.673 153.271 154.801 156.328 157.232 153.373 153.762 154.965 156.045 156.573 
158.908 159.303 159.848 160.894 160.866 158.436 158.637 159.423 160.463 161.03 157.899 158.045 158.614 159.453 160.424 157.568 157.966 158.809 159.434 160.407 158.097 158.401 159.175 159.614 160.247 
165.664 165.301 164.648 166.014 165.704 164.374 163.949 164.601 165.532 164.996 163.603 164.131 163.914 164.655 163.573 163.094 163.8 162.605 163.433 164.072 164.242 164.627 163.529 163.583 164.02 
170.986 169.054 168.362 169.166 167.979 167.804 167.693 168.748 169.188 166.549 168.473 167.019 168.073 167.618 165.953 167.044 166.744 164.76 164.394 164.594 165.213 165.081 163.701 162.918 163.557 
184.102 182.511 183.489 181.805 176.295 181.559 182.308 182.412 180.145 177.782 181.189 180.238 181.862 182.382 180.447 182.183 177.949 176.894 177.932 177.808 178.498 178.327 177.554 178.196 180.071 
188.554 192.192 188.871 188.075 181.321 188.452 188.979 186.294 185.831 184.164 189.953 190.122 188.069 185.596 186.818 189.855 189.717 182.805 185.835 188.654 183.535 186.419 181.991 187.608 188.589 
193.927 194.763 190.797 192.64 185.477 191.961 192.328 189.543 190.387 189.239 194.48 193.883 191.575 190.198 192.267 194.599 192.975 185.186 188.254 191.731 187.583 190.385 185.441 190.538 192.605 
198.657 200.205 197.005 198.212 194.188 197.354 198.008 194.696 196.597 196.973 198.549 199.415 196.049 194.644 197.141 198.025 198.997 191.756 194.748 197.983 193.589 196.012 191.227 196.566 197.577 
209.171 210.416 209.65 209.074 208.74 208.691 210.241 209.38 208.994 209.606 207.724 208.297 207.889 207.51 208.963 205.807 206.215 206.441 206.106 206.979 205.868 205.922 206.129 206.287 207.414 
217.607 218.758 218.485 218.349 218.545 217.089 218.282 218.264 218.429 219.052 215.67 216.007 216.709 216.839 218.162 213.64 214.661 214.999 215.385 216.517 214.128 214.496 214.551 215.042 216.162 
233.906 234.512 232.153 231.136 233.545 230.769 230.225 229.324 228.823 232.257 233.243 229.406 225.29 224.809 229.034 228.774 228.621 224.721 224.511 228.783 227.454 227.29 230.014 228.357 229.138 
238.858 239.733 237.375 237.614 236.47 235.865 236.474 235.102 233.708 234.536 238.734 234.938 230.092 228.665 231.478 232.916 231.84 228.35 228.808 233.135 231.051 230.648 234.378 233.019 234.246 
239.548 240.237 238.618 238.525 238.554 237.765 238.511 237.125 234.33 236.424 239.798 236.963 231.955 229.3 232.98 233.99 233.148 229.71 229.519 233.642 232.499 231.593 235.473 234.003 234.99 
241.722 242.245 242.076 242.868 238.341 242.178 243.979 242.684 238.985 236.999 240.772 241.505 239.694 236.67 236.551 236.264 235.142 234.761 235.654 237.951 236.294 235.244 236.56 236.755 238.524 
242.624 241.709 242.418 242.225 240.932 244.813 244.799 244.064 243.061 242.428 246.357 246.011 244.676 243.645 242.683 243.41 243.801 243.444 243.865 242.88 243.604 242.214 242.727 241.334 242.817 
250.545 251.401 249.735 251.58 251.189 251.669 252.412 250.555 250.522 250.184 249.204 252.164 252.106 249.931 248.649 247.348 250.483 251.339 247.215 249.556 248.619 249.297 247.939 241.406 250.041 
249.273 251.373 253.287 251.995 252.293 251.156 252.744 253.452 253.883 252.592 250.452 250.569 251.039 252.879 250.457 248.771 248.196 249.573 251.264 250.043 248.867 248.146 248.672 248.052 247.181 
225.986 150.547 176.734 199.98 166.994 179.948 165.493 235.732 125.202 184.785 135.083 153.838 248.098 251.802 162.751 176.872 214.69 206.511 220.595 180.321 134.213 176.947 236.363 158.649 114.359 
156.126 207.409 52.8537 6.42066 105.18 193.725 229.922 173.276 84.304 235.719 192.072 126.016 241.376 61.1751 69.5181 5.35823 64.0041 44.6375 31.4526 85.9448 98.1584 51.4775 31.5985 45.3425 141.713 
173.248 141.014 131.402 157.08 172.233 87.4926 210.545 199.798 30.2326 113.897 57.3947 26.5723 68.9113 103.176 194.912 203.26 196.285 201.873 41.7491 63.9254 40.6417 5.87882 90.996 53.9902 44.9284 
226.945 102.934 213.723 46.1708 97.7446 30.6961 175.436 121.164 192.824 159.079 33.3219 73.3239 91.0099 211.234 161.004 71.0637 41.9648 196.039 142.815 98.7024 44.3813 218.392 246.363 71.241 178.448 
147.223 148.424 148.963 150.787 150.372 147.361 147.795 148.786 150.631 151.233 146.606 147.512 149.09 151.363 151.763 146.218 149.122 149.645 151.284 151.122 148.172 149.625 149.762 150.936 150.551 
151.189 150.903 151.453 152.36 152.507 151.214 151.206 151.383 152.382 152.971 150.531 150.951 151.426 152.223 152.879 150.355 150.518 151.266 152.257 152.844 150.468 150.636 151.397 152.43 152.908 
154.916 154.638 154.683 155.307 154.67 154.989 154.977 154.461 154.621 154.58 154.508 154.271 153.821 154.042 154.266 153.828 153.399 153.388 153.743 154.133 153.76 153.535 153.457 153.957 154.281 
163.783 162.576 161.83 162.561 161.584 161.612 161.733 162.33 162.63 160.604 162.44 160.83 161.984 161.319 160.173 161.139 160.885 159.529 158.77 158.443 159.078 159.267 158.372 157.25 157.675 
169.476 166.944 165.749 166.524 165.466 166.397 165.603 167.011 166.991 163.317 167.123 164.617 166.451 165.75 163.169 164.718 163.581 161.811 161.567 161.652 161.938 161.592 160.008 158.969 159.765 
177.196 181.032 180.543 175.235 173.761 178.288 178.282 178.974 174.744 172.256 178.523 177.119 179.007 175.268 173.562 175.939 175.818 177.08 176.196 175.588 173.293 173.482 174.256 174.728 174.558 
183.404 187.632 188.454 182.072 178.62 184.574 185.193 186.153 180.721 178.61 184.285 183.402 185.9 183.032 181.345 183.237 181.908 183.343 183.303 182.792 180.689 181.012 182.507 183.205 183.41 
190.503 194.277 191.595 190.745 186.087 190.454 190.98 188.654 188.959 188.421 191.522 192.179 189.832 187.691 189.736 191.019 192.252 186 189.015 192.058 186.27 188.885 185.012 190.663 191.145 
198.738 200.784 200.95 200.865 200.735 197.48 199.307 198.77 200.257 202.253 197.094 198.321 197.295 199.567 202.443 196.647 197.083 198.567 199.387 201.331 197.986 196.83 198.937 199.143 199.867 
206.617 207.21 208.417 207.012 208.626 204.805 205.777 206.055 206.894 208.741 204.167 204.985 205.321 206.094 207.795 203.028 204.351 205.006 206.497 207.604 204.18 203.764 204.885 206.58 206.614 
216.829 217.489 217.654 217.782 218.022 215.433 215.594 216.52 218.142 219.058 214.278 214.061 216.12 217.939 219.123 211.404 212.069 214.558 217.061 218.762 212.723 213.091 214.734 216.967 218.082 
230.87 232.774 230.833 232.039 226.919 225.398 226.887 228.118 230.192 226.837 226.499 223.556 225.608 229.733 228.024 224.651 223.888 225.268 231.622 234.303 223.424 226.369 226.886 229.066 231.418 
237.875 238.97 235.666 235.985 235.658 232.8 232.439 231.955 233.863 234.497 236.918 231.287 228.19 230.325 231.946 231.911 230.901 228.382 230.755 234.227 229.768 230.216 233.775 233.753 234.666 
240.426 241.767 240.82 242.79 236.148 238.22 240.516 240.095 239.268 235.13 237.908 237.645 237.055 236.228 234.27 232.941 231.952 232.486 235.684 237.741 232.883 233.057 235.499 236.95 238.677 
245.352 243.909 243.33 244.95 245.593 244.113 242.813 242.382 244.482 245.106 242.71 240.661 240.903 243.585 244.672 240.403 239.471 240.139 243.174 245.124 239.751 239.971 241.21 243.674 244.966 
250.794 250.705 248.843 251.635 250.719 250.831 251.04 248.33 250.405 250.819 248.812 251.231 251.313 249.849 249.751 247.443 249.659 247.793 247.6 250.993 247.945 249.671 248.725 243.005 251.41 
253.094 253.38 251.558 253.695 253.787 253.62 253.86 251.697 251.962 252.296 250.835 253.392 253.574 251.344 250.903 249.126 252.452 252.952 249.012 252.209 250.362 251.371 250.118 243.283 252.631 
254.733 255.289 253.996 255.382 255.438 254.777 255.138 253.846 254.295 254.413 252.743 254.663 255.1 253.945 253.513 251.594 254.094 254.79 252.392 254.187 252.75 253.448 252.95 249.206 254.912 
244.674 241.706 253.295 249.026 252.099 240.311 245.345 245.725 243.536 254.142 244.439 241.225 248.871 242.263 244.593 251.6 248.341 240.076 240.305 249.608 242.772 244.891 241.422 242.071 246.59 
0.500471 111.618 163.077 65.7615 228.776 226.095 244.544 18.0167 44.5116 211.182 244.001 229.415 63.0392 126.262 237.908 95.2919 217.778 62.3293 142.339 216.16 79.1222 7.19528 84.1627 23.7719 131.739 
57.3606 38.3545 43.7754 119.984 105.603 77.6242 133.305 181.347 161.024 62.5165 166.219 73.7607 222.179 190.283 146.321 57.4895 231.218 82.0695 110.216 167.022 126.082 228.333 25.7638 118.484 249.347 
123.878 13.8586 76.8215 8.02827 226.112 29.0002 84.6223 191.967 17.1449 34.2 10.3735 162.487 141.305 91.2608 64.7764 134.508 157.752 244.01 109.354 201.837 81.603 172.998 47.7545 58.1373 137.453 
144.964 146.593 147.217 149.161 148.313 144.911 145.843 146.932 148.576 148.992 143.955 145.05 146.863 149.197 149.693 143.763 146.876 147.201 148.936 148.706 146.071 147.595 147.603 148.857 148.181 
145.82 145.413 147.401 147.608 146.885 147.632 146.375 146.458 147.301 147.736 146.011 146.191 146.838 146.969 147.758 145.186 146.313 147.788 149.523 149.074 147.843 146.986 147.991 149.563 148.453 
152.05 151.579 150.973 150.7 150.142 152.161 152.076 151.164 150.789 150.272 151.992 151.621 150.819 150.28 150.294 151.904 151.236 150.397 150.133 150.348 151.769 151.162 150.645 150.53 150.635 
157.218 156.256 155.109 154.76 154.547 158.67 156.794 155.607 154.441 154.157 157.59 156.175 155.472 154.355 154.246 157.066 155.094 154.93 154.196 154.302 157.109 155 154.524 154.155 154.154 
163.231 161.725 161.983 160.963 159.616 163.577 162.286 161.817 160.516 158.212 163.649 161.045 160.194 157.552 160.329 162.827 159.345 156.108 157.562 158.868 161.315 158.012 155.535 157.558 156.326 
170.38 170.127 167.183 165.095 164.854 171.885 170.396 166.004 165.076 165.503 170.017 170.528 168.758 167.069 166.779 168.573 167.289 169.402 169.569 167.703 165.778 164.692 163.543 166.992 167.067 
180.1 184.553 184.412 178.977 177.854 182.325 182.178 182.197 178.479 177.443 181.8 181.739 182.681 179.803 179.369 180.161 180.739 182.818 182.57 182.133 178.678 178.958 180.049 181.601 181.193 
190.1 192.049 192.32 193.504 192.806 189.458 190.891 191.09 193.239 194.438 189.335 190.843 190.507 193.649 196.209 190.304 190.987 192.475 193.673 195.322 192.11 191.145 193.032 193.096 193.986 
196.545 198.203 199.116 199.717 199.969 195.411 196.831 197.066 199.273 201.044 195.733 197.161 196.787 199.789 202.367 197.112 197.802 199.174 200.365 202.09 198.967 197.639 199.787 199.939 200.078 
202.601 204.281 204.647 205.58 205.326 202.138 203.26 203.514 205.505 206.785 202.466 203.079 203.233 205.964 208.357 203.514 203.663 205.321 206.621 208.112 205.269 204.197 206.457 206.426 206.627 
213.954 217.159 220.119 219.188 219.184 213.302 216.767 219.198 215.652 217.915 212.537 214.577 216.504 216.757 220.959 214.891 216.274 217.693 222.026 225.904 215.021 218.041 219.531 219.983 221.11 
222.373 226.047 229.151 228.565 228.094 221.146 225.059 228.12 223.938 226.822 220.086 221.991 224.519 224.625 229.49 221.593 223.2 225.701 230.649 235.43 221.533 225.636 227.366 227.858 229.687 
231.771 234.807 234.322 236.129 231.369 227.599 230.36 232.868 234.868 231.67 229.727 228.165 230.779 234.515 232.765 229.936 229.762 231.607 236.935 238.179 228.935 232.152 233.313 235.386 236.47 
232.511 237.491 237.373 239.314 238.734 232.555 234.371 237.729 240.898 240.601 234.324 235.247 237.76 240.296 241.368 237.589 236.4 238.691 242.204 241.794 236.726 237.317 240.625 242.762 243.386 
242.781 243.18 244.546 246.839 245.325 242.427 243.306 244.1 248.021 248.443 244.005 244.167 245.353 247.502 248.929 244.416 243.941 240.844 247.953 249.293 243.275 245.204 246.638 248.672 248.406 
248.667 246.863 247.365 250.422 248.398 249.596 250.222 249.543 253.202 253.778 252.543 252.456 252.746 253.78 254.329 253.358 251.243 245.14 253.688 254.544 251.091 252.735 253.134 253.241 252.261 
254.532 254.655 253.583 254.899 254.516 254.744 255.037 253.711 254.421 254.412 253.75 255.423 255.57 254.256 254.061 253.284 254.836 254.07 253.28 254.806 253.734 254.644 254.111 250.656 255.174 
255.76 255.866 255.906 255.909 255.907 255.78 255.82 255.849 255.851 255.862 255.783 255.724 255.823 255.81 255.72 255.804 255.811 255.827 255.747 255.825 255.794 255.836 255.897 255.851 255.809 
255.15 254.233 255.207 255.422 254.856 252.704 254.505 254.515 253.611 255.186 254.556 254.144 254.07 252.033 253.257 254.84 254.583 253.879 253.596 254.392 254.439 255.48 255.152 253.783 253.882 
212.208 153.202 195.594 182.744 153.312 150.451 160.102 158.011 216.403 207.082 203.564 185.353 239.96 201.248 188.898 251.38 181.877 222.123 165.29 196.625 210.589 155.272 237.379 149.34 235.875 
78.9722 49.0652 177.437 48.0647 238.928 156.067 133.445 25.5064 231.392 161.924 231.203 243.589 91.9565 223.368 209.128 112.912 102.869 221.275 25.8382 82.5452 74.2984 84.8567 169.285 53.1804 184.001 
239.632 250.393 240.564 253.538 247.684 249.357 247.808 254.376 254.032 241.579 246.529 238.149 239.101 247.125 239.475 252.192 248.733 252.482 243.716 238.225 1.97916 0.193882 0.784042 15.6112 9.1046 
143.283 143.401 145.865 146.341 145.723 144.993 144.019 144.655 145.641 146.442 143.227 143.847 145.134 145.429 146.546 142.64 144.65 146.555 148.266 147.729 145.749 145.196 146.591 148.243 146.758 
142.319 142.681 144.196 144.066 144.629 143.23 142.412 142.982 143.708 143.902 142.956 142.574 144.706 145.422 145.153 142.852 143.772 146.136 147.12 145.109 143.916 145.085 148.24 148.431 146.412 
145.677 144.615 146.315 145.542 145.051 147.773 145.963 145.445 145.438 145.666 146.676 146.298 145.963 144.847 145.612 146.286 146.234 147.217 147.68 147.506 148.166 146.561 147.267 147.992 147.156 
155.433 154.789 155.966 154.39 153.267 157.155 156.077 155.623 154.001 152.568 157.171 155.233 153.371 151.126 154.386 157.497 154.451 150.931 152.098 153.548 158.041 154.471 152.422 153.769 151.808 
160.837 159.241 159.581 158.283 157.535 162.836 160.49 159.712 157.452 156.373 161.962 159.496 157.503 154.895 158.329 162.062 157.919 154.904 156.093 157.573 162.486 157.755 156.1 157.282 155.684 
164.576 164.417 164.883 162.769 161.29 166.662 165.522 163.637 161.893 160.849 166.265 165.086 162.636 159.867 163.546 166.576 163.352 160.759 162.293 163.117 165.883 162.41 159.824 162.881 161.188 
177.541 178.2 178.222 178.449 177.979 178.237 178.177 178.711 178.549 178.73 180.277 181.007 180.87 179.455 180.277 182.756 182.786 181.834 180.828 180.226 180.483 181.06 181.586 180.242 178.457 
187.88 188.225 189.241 189.625 189.241 188.382 188.279 189.624 190.374 190.755 189.602 189.944 190.443 191.139 192.152 191.183 191.357 191.563 191.825 192.103 192.464 192.002 192.121 191.874 191.633 
197.668 198.868 199.162 200.467 200.233 197.914 198.55 199.039 200.33 202.075 198.889 199.56 199.666 201.563 203.659 200.689 200.957 202.326 202.477 203.622 202.747 202.12 203.609 202.604 202.736 
209.116 206.609 205.911 206.742 209.546 210.529 207.605 208.138 206.929 209.682 210.071 209.311 210.299 211.045 212.265 209.303 211.095 212.72 213.236 211.606 210.649 210.604 213.657 212.119 210.672 
212.823 213.371 213.591 215.099 216.001 216.176 213.8 214.426 214.149 216.7 217.749 216.741 216.854 217.675 220.372 218.086 218.579 220.297 219.76 221.053 218.83 218.701 220.371 222.699 220.778 
221.022 222.539 227.792 228.296 225.668 221.738 219.798 220.257 223.341 222.719 223.084 221.591 225.292 226.43 226.931 227.002 226.141 227.364 228.881 231.284 226.194 225.906 228.696 228.348 228.172 
228.551 231.029 230.326 233.219 233.619 228.863 228.164 230.575 234.212 234.466 231.574 230.534 232.041 233.886 235.313 236.495 233.823 235.047 236.955 236.192 236.321 235.692 237.21 238.459 238.489 
232.895 236.184 236.026 237.68 237.837 233.344 233.761 236.664 239.422 239.448 236.456 235.935 237.775 239.045 240.354 241.971 239.301 240.007 241.371 240.475 241.383 241.066 242.544 243.608 243.423 
239.72 240.16 237.886 241.149 242.919 245.116 241.642 241.386 242.067 242.267 248.492 246.894 243.149 243.184 244.995 251.654 249.534 244.577 245.232 242.177 249.106 247.052 245.608 249.258 244.602 
249.654 248.586 248.05 249.702 248.962 251.717 251.456 250.209 252.053 251.746 254.116 254.284 253.895 252.899 252.929 254.967 253.767 248.866 253.55 252.652 253.512 254.57 253.465 253.721 251.098 
255.494 255.469 255.15 254.791 254.958 255.548 255.71 255.42 255.132 255.201 255.581 255.634 255.722 255.36 255.384 255.757 255.779 255.787 255.719 255.598 255.748 255.682 255.735 255.7 255.582 
255.765 255.782 255.72 255.644 255.773 255.776 255.795 255.863 255.849 255.799 255.851 255.904 255.888 255.822 255.836 255.869 255.85 255.824 255.822 255.88 255.873 255.873 255.873 255.867 255.81 
255.706 255.642 255.793 255.851 255.787 255.731 255.606 255.673 255.733 255.737 255.775 255.608 255.721 255.724 255.664 255.853 255.86 255.78 255.63 255.658 255.812 255.852 255.805 255.828 255.62 
222.844 230.072 236.626 239.329 238.717 246.373 226.294 233.101 229.781 224.435 241.982 228.105 243.357 226.24 229.651 245.965 235.046 237.19 228.201 226.879 245.693 232.929 232.009 226.335 228.004 
250.936 248.745 250.602 243.069 246.49 244.81 249.876 248.816 243.854 246.501 251.263 248.365 247.503 248.861 248.438 250.769 244.866 247.714 245.197 243.583 8.41495 9.07416 4.67697 6.15904 5.73641 
255.252 255.283 255.225 255.318 255.053 255.383 255.405 255.291 255.242 255.079 255.467 255.36 255.302 255.128 255.069 255.377 255.36 255.28 255.132 255.044 3.20094e-05 0.000168801 1.11949e-06 2.50846 2.50843 
141.121 141.86 142.675 143.715 144.859 139.834 140.63 141.491 142.816 143.551 139.521 139.644 142.269 144.106 143.923 139.988 140.729 142.511 143.582 143.013 139.831 142.219 144.99 144.951 143.979 
141.394 141.63 143.266 143.121 143.58 142.514 141.608 142.111 142.764 142.963 142.435 141.939 143.613 144.348 144.181 142.101 143.141 145.21 146.025 144.334 143.063 144.211 147.203 147.123 145.353 
141.511 142.084 142.66 142.389 142.741 142.105 141.756 142.135 142.359 142.115 143.084 142.45 143.522 144.158 143.574 143.136 143.823 144.52 144.577 143.171 143.237 144.676 146.442 145.907 144.594 
146.413 145.294 144.249 143.306 143.295 147.198 146.168 144.79 143.179 142.944 148.364 147.41 145.612 144.004 144.02 148.097 147.883 146.909 145.31 144.893 147.18 147.196 146.761 144.947 144.402 
156.067 154.677 155.228 153.721 152.835 157.524 156.052 155.253 152.84 151.436 157.937 155.718 153.346 150.338 153.709 158.079 155.276 151.404 151.862 153.21 158.024 154.741 152.716 152.982 151.042 
167.027 166.718 165.406 164.717 164.375 167.948 167.425 166.417 165.148 164.724 170.555 170.511 169.305 166.563 166.766 173.661 172.898 170.229 167.551 166.247 169.193 169.735 169.344 166.404 163.472 
175.565 176.613 176.592 176.396 174.926 177.041 176.86 177.259 176.674 176.392 180.234 180.76 179.954 177.519 178.286 183.405 183.053 181.107 178.59 177.933 179.779 180.192 180.338 178.092 175.342 
187.93 187.202 186.156 186.373 185.851 189.176 187.198 187.981 187.203 187.49 191.535 191.151 190.869 188.827 188.236 194.344 193.004 191.312 189.076 187.347 191.226 190.981 190.31 188.321 185.359 
208.385 204.489 202.735 203.288 206.101 210.886 206.622 206.376 203.319 206.527 210.294 208.816 208.765 208.348 209.051 207.38 209.509 210.643 210.129 207.458 207.86 208.071 211.192 208.707 206.984 
214.945 211.042 208.915 209.571 213.026 218.894 213.284 213.307 208.83 213.058 217.524 215.287 215.808 215.011 217.05 213.386 216.333 218.501 217.334 215.051 213.623 214.274 218.416 216.913 214.532 
218.989 217.34 219.098 219.665 218.701 222.04 215.325 213.741 215.803 215.782 222.623 219.317 221.555 222.394 221.529 222.2 222.308 223.494 222.748 222.521 220.593 218.644 223.173 222.76 221.04 
221.016 221.514 224.454 225.741 222.934 223.411 218.169 216.305 220.882 219.522 225.942 222.269 224.134 225.161 224.229 228.006 226.504 226.829 225.815 226.757 226.693 224.232 226.909 227.436 226.351 
226.61 226.304 229.219 230.424 228.002 227.695 223.691 222.223 226.502 225.143 230.2 226.582 228.772 229.064 227.735 233.792 231.837 230.809 229.965 229.862 233.064 231.246 232.076 231.312 230.373 
235.654 236.558 234.796 236.786 237.899 240.229 236.377 235.382 235.353 235.935 242.953 240.558 236.764 235.624 237.84 246.333 244.083 239.772 238.697 235.959 244.929 243.468 241.614 244.057 239.524 
242.062 240.657 239.266 241.242 244.166 249.227 244.378 241.687 240.035 240.819 251.453 249.664 244.411 241.528 243.045 252.558 252.252 246.091 243.5 239.813 251.3 249.832 245.529 248.772 241.352 
250.421 247.641 243.877 245.148 247.219 253.695 251.945 247.908 246.234 246.975 252.868 254.012 251.765 246.567 248.319 253.827 254.034 250.768 249.829 248.572 254.305 251.987 249.55 253.026 249.758 
253.685 251.197 248.478 248.367 249.662 254.618 253.835 250.95 249.966 250.376 253.311 254.645 254.266 250.322 251.438 254.398 254.456 253.495 252.804 252.897 255.07 253.871 252.493 254.158 253.334 
255.809 255.43 255.374 255.076 255.084 255.783 255.5 255.326 255.207 255.28 255.589 255.642 255.735 255.385 255.496 255.818 255.796 255.751 255.582 255.613 255.799 255.666 255.575 255.689 255.695 
250.816 252.359 252.006 255.257 250.922 252.389 252.526 250.567 253.722 254.454 254.043 252.736 252.77 253.558 254.023 254.8 254.74 254.493 252.324 251.228 252.826 253.965 251.842 252.458 251.242 
215.459 194.605 194.153 134.3 175.722 181.788 201.845 190.492 160.355 141.887 180.15 220.464 180.291 173.233 203.92 193.826 153.785 151.782 133.276 157.078 49.022 48.3662 76.0833 55.9382 58.0345 
248.603 248.707 248.471 248.137 247.85 248.512 248.474 248.122 247.954 245.406 245.47 245.146 244.904 244.643 244.418 244.506 244.235 241.441 241.009 240.684 2.04176 1.59972 1.34523 0.935627 0.784096 
255.737 255.821 255.706 255.71 255.626 255.859 255.873 255.765 255.769 255.782 255.745 255.778 255.843 255.735 255.755 255.674 255.824 255.845 255.702 255.732 3.10852e-05 1.54415e-05 5.88042e-05 3.87124e-05 8.24024e-07 
140.208 140.204 140.681 142.868 144.413 136.943 138.87 139.529 141.556 143.705 135.182 136.267 137.895 139.647 140.953 136.132 135.727 136.295 137.668 140.763 135.286 136.521 137.266 138.065 139.523 
139.891 140.405 141.074 141.72 142.622 138.92 139.311 140.066 141.029 141.472 139.031 138.881 140.871 142.347 142.133 139.251 139.825 141.204 141.905 141.205 139.169 141.187 143.518 143.329 142.375 
138.584 138.158 138.166 137.86 137.704 139.103 138.755 138.537 137.942 137.877 140.079 139.755 138.982 138.455 138.477 140.213 140.118 139.555 139.116 139.281 140.226 139.951 139.613 139.502 139.391 
138.639 137.935 137.452 136.758 136.506 139.308 138.461 138.05 137.148 136.666 140.621 139.889 138.636 137.607 137.282 140.819 140.295 139.114 138.226 137.819 140.792 139.985 139.107 138.583 138.123 
141.559 139.883 138.378 135.783 135.681 142.164 140.495 138.87 136.789 135.647 142.564 141.268 139.211 137.929 137.033 142.803 142.085 139.704 138.294 137.243 142.648 141.447 139.579 137.838 136.783 
147.18 145.21 143.984 139.17 138.233 148.28 146.219 144.042 140.986 138.782 147.95 146.305 143.668 142.181 140.466 148.715 147.365 143.706 141.432 139.479 149.049 146.433 142.649 140.874 139.071 
165.372 164.159 161.204 159.49 158.414 166.484 164.002 162.597 160.037 158.978 168.209 167.405 165.743 161.593 160.122 171.454 169.46 166.301 162.091 159.297 166.937 166.697 165.116 161.602 156.97 
190.099 186.648 182.661 179.382 177.865 192.297 186.477 184.752 180.71 179.559 192.646 189.439 186.002 183.282 178.557 193.029 188.874 185.609 182.318 177.342 192.653 187.329 183.274 181.675 177.894 
209.249 206.882 203.646 201.195 201.265 210.891 207.097 204.979 201.995 202.233 210.915 208.594 206.964 204.727 201.625 211.862 209.014 207.149 205.648 202.016 211.296 208.825 206.571 205.685 202.504 
218.675 214.789 211.677 211.979 214.907 221.077 216.134 215.953 210.942 213.894 219.611 217.861 217.276 215.485 216.44 216.283 218.68 218.776 217.379 215.73 215.868 216.346 219.291 216.807 215.891 
218.274 220.001 217.547 217.359 216.655 222.355 220.426 219.902 215.247 215.701 224.352 223.169 221.494 218.634 220.193 223.661 223.988 223.161 220.17 222.498 221.641 221.605 222.481 224.488 223.593 
222.356 222.66 224.87 225.15 221.652 223.768 219.626 218.105 220.512 218.018 226.226 223.17 224.796 223.633 221.414 228.439 227.139 225.581 223.628 224.855 226.355 224.583 226.077 224.894 225.026 
227.525 228.178 227.249 227.012 224.869 228.404 227.787 225.773 223.906 223.941 230.801 228.585 227.596 224.863 224.896 232.997 232.953 229.041 227.376 227.132 232.995 234.315 230.988 229.406 228.9 
229.753 231.404 230.889 230.382 226.781 230.808 230.585 229.394 225.637 225.575 234.511 232.101 230.63 226.484 227.795 236.704 236.641 232.512 228.246 229.061 236.337 238.721 234.584 233.875 232.608 
237.068 215.953 234.483 222.386 220.619 226.875 227.489 221.646 228.243 215.381 226.993 234.31 229.401 228.502 227.976 229.106 232.621 237.171 232.067 217.86 234.593 246.75 242.807 245.242 224.258 
220.831 245.28 232.847 211.073 227.878 244.017 231.37 239.901 231.402 244.696 234.924 212.655 251.662 219.801 217.101 213.979 214.819 243.124 234.115 236.958 230.173 223.388 246.978 237.38 228.084 
251.396 247.485 246.929 246.659 245.621 251.454 251.46 247.963 246.195 249.368 249.047 251.932 250.795 248.625 248.89 251.997 252.751 250.36 250.467 252.463 253.92 252.251 250.581 254.164 251.956 
232.247 236.645 239.448 229.548 246.544 232.885 227.774 239.593 237.945 233.994 234.795 252.55 244.946 252.273 234.405 244.351 254.49 232.43 242.559 242.099 233.191 244.55 248.225 241.696 230.588 
107.086 35.1228 217.434 145.173 152.323 103.476 48.4288 203.103 110.802 57.3228 123.935 195.841 254.175 181.15 235.467 214.043 47.7601 157.385 212.635 163.61 136.855 173.647 230.109 134.448 37.4925 
205.837 125.861 165.616 110.721 56.3133 95.1749 80.6279 85.581 70.082 66.1879 172.423 200.442 56.8957 101.173 162.579 145.224 105.515 43.7461 177.864 103.826 51.9604 82.6729 120.235 148.024 55.9111 
205.385 164.587 169.039 152.057 183.927 157.915 178.237 167.366 161.216 174.132 207.695 193.342 199.315 169.507 175.439 175.791 198.052 156.323 166.848 162.865 54.2612 33.7709 14.2509 35.0474 3.51832 
249.322 249.393 249.125 248.951 248.743 249.499 249.304 249.02 248.995 248.928 249.182 249.106 248.791 248.344 248.102 248.729 248.561 248.267 247.627 247.168 1.70159 1.17759 0.785403 0.502053 0.236642 
134.654 136.083 137.372 137.528 139.342 132.844 133.04 135.563 136.448 140.36 130.841 132.354 134.461 135.898 137.753 129.442 132.864 133.674 135.754 134.312 131.059 132.432 134.602 135.742 134.598 
136.264 135.983 136.166 136.607 136.331 135.342 135.572 136.228 136.301 136.001 135.432 135.27 135.563 135.523 135.963 134.671 134.943 134.923 135.093 135.206 135.139 135.562 135.549 135.672 135.56 
134.438 134.633 134.969 135.13 134.689 133.879 133.88 134.479 134.625 134.52 134.79 134.866 134.721 134.766 134.669 134.988 135.38 135.272 135.196 134.993 135.178 134.86 134.785 136.191 136.335 
132.46 132.235 131.779 131.54 131.392 132.636 132.149 132.137 131.552 131.357 133.138 132.943 132.415 131.786 131.406 133.202 133.002 132.684 132.364 131.989 133.383 133.039 132.683 132.669 132.384 
130.694 129.928 129.461 128.944 128.815 130.647 129.952 129.552 129.159 128.969 131.065 130.556 130.013 129.519 129.368 131.254 130.875 130.084 129.623 129.462 131.541 130.944 130.172 129.792 129.614 
130.242 128.848 126.829 124.665 124.008 130.677 128.899 127.075 125.38 124.022 130.372 129.562 128 126.107 124.817 130.844 130.019 128.176 126.457 125.012 130.946 130.28 128.366 127.228 125.906 
131.198 129.51 126.885 124.266 122.764 131.725 129.584 127.182 124.294 122.434 131.622 130.372 127.856 125.007 123.274 131.378 130.089 127.71 125.087 123.238 131.032 130.032 127.642 125.962 124.278 
125.067 126.709 127.38 127.895 125.394 126.873 126.52 126.352 125.159 125.707 127.582 126.272 125.01 124.912 124.815 125.862 125.05 125.15 124.147 124.101 125.323 126.154 126.039 125.236 123.665 
194.07 152.458 166.996 163.344 157.639 210.955 133.83 143.272 172.736 113.19 150.537 191.759 141.933 211.422 137.903 148.327 167.36 139.612 161.91 196.219 212.789 118.171 118.238 199.567 120.115 
221.49 219.769 217.195 213.253 215.047 221.364 215.682 214.576 213.793 216.391 218.449 219.75 214.714 213.745 216.907 217.189 218.106 218.673 216.221 217.686 220.262 222.176 217.911 219.808 215.567 
218.442 221.268 217.399 213.083 217.799 220.623 214.773 217.013 217.836 211.876 221.522 221.436 215.905 215.302 213.768 221.561 220.254 213.706 216.907 219.33 219.924 219.335 221.817 219.143 223.368 
207.455 212.406 228.491 206.111 208.552 224.968 229.9 212.733 208.846 216.928 208.991 217.458 212.666 208.881 205.582 235.69 206.295 203.318 204.957 216.109 230.541 219.504 210.828 223.888 214.235 
173.156 227.232 223.987 210.109 191.635 186.548 176.903 181.82 224.328 171.302 220.935 229.714 183.913 230.913 224.021 238.432 182.426 213.986 211.027 173.214 224.955 219.101 202.701 203.536 219.812 
186.127 209.313 157.41 58.9548 170.08 143.529 157.453 242.979 78.7928 132.937 192.155 205.835 114.796 73.1878 70.4711 215.704 137.554 234.458 97.6713 211.301 155.085 211.499 174.385 79.3167 168.849 
188.648 81.8812 247.543 123.151 214.774 246.768 227.963 209.481 69.0707 22.0624 163.275 3.32848 189.807 36.6279 115.191 186.375 101.107 187.985 89.336 193.252 41.629 82.5279 26.2728 237.25 115.731 
242.218 157.749 130.044 156.35 45.6682 18.3101 183.243 63.3527 81.5568 88.7129 166.389 242.991 181.954 103.688 214.047 124.333 227.324 173.055 95.9835 57.7184 75.4126 38.7816 191.416 202.552 77.491 
138.075 105.807 166.213 157.439 117.276 123.08 98.0418 89.5409 159.3 161.177 185.584 124.2 175.727 134.472 224.198 164.207 182.269 226.628 207.159 154.295 160.059 206.32 252.214 217.115 130.41 
163.716 23.6191 214.696 33.5952 49.2013 239.225 86.3324 110.176 165.486 100.949 198.081 59.5202 183.705 156.375 242.814 136.095 234.058 141.533 129.297 168.446 236.869 148.399 162.531 139.309 74.826 
19.5798 155.141 181.014 163.972 163.007 137.912 25.4569 127.517 17.4864 221.268 218.573 229.303 228.103 197.086 7.39978 237.993 106.917 121.425 241.04 104.189 135.928 181.358 198.801 12.3911 47.2074 
222.434 232.218 23.3774 112.218 36.2763 134.17 125.77 94.2743 2.61478 118.019 234.667 175.398 158.932 134.621 220.582 17.6945 148.873 223.126 93.3739 72.0059 136.211 209.475 76.225 98.2842 243.423 
69.473 107.358 101.004 89.5075 115.985 159.442 94.5486 113.365 168.705 95.5622 107.641 230.404 198.703 164.186 60.1842 123.848 73.774 177.865 96.9458 199.223 161.703 139.764 159.673 91.2184 124.657 
228.985 59.6663 126.675 101.929 75.4683 150.905 107.019 222.998 228.72 191.391 222.537 254.528 94.2798 237.557 158.116 158.232 72.984 205.591 216.071 172.097 104.362 18.3131 77.9649 90.0786 150.886 
129.945 132.941 134.98 134.999 137.335 129.866 130.158 133.746 134.685 138.781 128.71 130.782 133.23 135.25 137.012 126.772 131.686 133.311 136.078 133.674 128.977 130.809 133.757 135.67 134.528 
131.852 133.473 135.012 134.443 135.68 131.218 130.677 133.267 133.686 136.948 130.459 131.7 133.214 134.332 135.544 128.82 132.794 133.583 135.393 132.542 130.752 131.566 133.678 135.455 134.093 
130.358 131.085 132.121 132.878 132.728 130.099 130.334 131.435 132.148 132.438 131.165 131.778 132.062 132.702 132.146 131.741 132.493 132.924 133.603 133.387 131.711 131.736 132.25 134.4 134.944 
128.179 128.571 129.495 130.18 130.178 127.889 128.089 129.023 129.889 130.312 128.714 129.374 129.708 130.532 130.389 129.48 130.073 130.529 131.035 131.048 129.312 129.357 129.804 131.49 132.221 
125.888 125.672 126.067 126.63 126.948 125.658 125.764 126.358 126.913 127.285 125.92 126.378 127.02 127.36 127.482 126.554 126.882 127.16 127.5 127.716 126.908 127.236 127.506 127.729 127.993 
124.914 124.237 124.262 124.268 124.263 124.753 124.578 124.538 124.578 124.573 125.145 125.042 125.236 125.137 124.949 125.478 125.493 125.269 125.229 125.105 125.746 125.696 125.498 125.485 125.389 
121.042 122.549 123.688 125.01 123.178 122.49 122.617 123.135 122.597 123.404 123.313 122.323 121.675 122.128 122.678 121.878 121.971 121.959 121.442 122.335 122.009 122.936 123.202 122.57 121.487 
120.81 122.603 124.04 125.544 123.478 122.199 122.567 123.146 122.596 123.541 123.394 122.242 121.49 122.062 122.924 121.457 121.388 121.551 121.19 122.314 121.293 122.165 122.618 122.109 121.247 
117.963 127.293 118.549 120.228 121.352 126.53 123.355 124.994 117.848 125.297 128.358 116.713 123.814 123.516 129.235 126.593 126.34 123.027 120.307 122.391 123.328 120.71 116.239 117.552 114.406 
86.5763 150.982 212.221 228.651 157.215 102.083 118.941 74.4102 79.8851 214.932 212.519 132.12 142.065 216.881 199.543 48.8695 143.727 108.733 154.543 66.5787 60.6992 215.314 53.6739 142.421 72.9969 
105.304 150.844 128.843 217.085 197.16 65.1274 206.128 190.613 30.0139 67.3464 210.572 158.474 150.568 35.7409 179.66 211.59 81.6259 81.1081 105.981 192.432 243.566 82.0213 110.292 103.246 162.8 
186.452 71.7072 76.5483 191.575 169.763 139.401 227.031 126.916 174.975 171.504 173.933 120.051 201.605 183.836 175.879 19.1527 92.0581 242.334 50.3361 102.538 5.4943 77.2689 99.6028 185.222 186.982 
244.099 148.583 30.7504 22.2742 158.837 112.073 104.612 129.99 231.532 5.27193 99.9504 213.153 48.5538 199.059 239.18 208.556 35.7251 108.947 150.877 217.999 121.359 18.8771 220.025 183.931 19.4188 
48.5848 167.946 90.9509 59.853 146.113 198.168 203.775 211.332 99.4997 226.217 4.78482 34.4082 12.5251 93.6132 115.384 57.6196 178.282 181.175 146.475 140.238 85.8316 116.779 173.732 132.262 12.3174 
76.7808 7.11809 190.775 123.918 11.1858 84.4365 55.6645 146.169 208.529 122.765 217.069 228.431 30.773 149.188 42.6969 35.173 233.876 167.436 122.872 248.712 228.949 241.543 168.382 183.573 75.3938 
252.859 186.006 237.352 131.253 7.51053 88.2552 194.208 131.984 33.6687 191.834 104.281 33.6871 220.006 213.936 232.141 222.531 51.8114 34.6027 184.291 134.667 107.861 243.093 180.498 9.71077 177.048 
98.2615 185.903 37.2602 162.81 29.4564 164.136 20.1503 115.733 208.512 193.029 227.208 195.547 107.524 82.6282 22.7141 43.926 151.139 33.1624 30.9929 150.83 113.678 195.216 234.001 108.99 204.511 
204.877 27.2552 247.237 135.757 63.6962 233.696 143.991 74.9867 167.969 99.4858 219.332 199.489 46.6798 47.9857 85.9695 1.86747 214.405 130.959 195.821 214.807 145.709 32.7959 226.261 9.99865 106.798 
31.9978 124.318 224.582 64.2166 163.655 21.8971 207.765 98.064 5.57163 217.15 111.601 146.444 126.118 122.621 6.94039 16.2231 54.4542 114.117 16.1364 3.94766 142.075 6.60337 91.4832 215.071 14.0734 
41.8044 187.442 73.4695 11.706 103.612 139.957 81.6764 97.3523 163.805 41.9697 203.563 89.2876 29.7911 61.3085 113.209 65.0322 136.133 123.743 186.541 180.023 240.721 21.9047 241.034 242.843 47.606 
0.116539 138.344 156.15 247.915 27.5487 222.129 88.2605 19.0791 233.325 130.029 76.6852 141.41 67.3386 154.437 144.101 122.674 176.534 178.113 176.535 135.332 231.316 206.468 75.1293 247.46 78.5971 
159.191 204.808 188.66 79.7464 106.197 77.0126 207.385 239.575 243.486 143.225 175.662 129.536 162.764 186.456 133.222 203.625 67.4357 107.252 62.6935 211.45 248.036 217.144 66.2726 243.586 21.2264 
