7761600
115.042 114.888 114.384 114.301 114.342 115.593 115.241 115.354 115.046 114.396 116.289 115.913 115.683 114.704 113.42 116.125 115.745 114.748 112.836 112.688 117.245 116.545 115.012 113.743 113.606 
87.6602 87.8251 87.3689 87.5103 87.9406 88.4279 88.2898 88.0408 88.3135 88.4914 88.957 88.7797 88.6162 87.9908 87.764 88.9596 88.4939 87.7745 86.4772 87.019 89.5654 89.3378 88.0627 87.4215 87.7744 
67.5088 67.2414 66.7574 66.6988 66.7555 68.0294 67.5015 67.2369 67.2447 67.1028 68.2323 67.7504 67.5775 66.9317 66.3464 67.9989 67.3777 66.8744 65.5555 65.715 68.6653 68.1267 67.0461 66.5305 66.4934 
43.1064 42.691 43.0327 43.4097 43.8764 43.4096 42.8856 42.7578 43.5763 44.118 43.2557 42.6418 42.7881 43.4163 44.1698 42.8267 42.1065 42.455 43.0487 43.6176 42.8408 42.528 42.6487 43.2309 43.4113 
161.712 162.276 162.583 162.647 163.346 162.798 162.96 162.946 163.057 163.259 162.576 163.378 163.288 162.922 162.822 162.257 163.234 162.895 162.688 162.839 162.145 162.873 162.846 162.621 162.718 
112.805 112.927 112.541 112.569 112.653 113.244 113.227 113.04 113.091 112.981 113.613 113.695 113.311 112.788 112.413 113.703 113.663 112.88 111.818 112.134 114.445 114.321 113.273 112.91 113.21 
85.1976 85.3494 85.5431 85.9004 86.4852 85.4899 85.7024 85.4344 86.1103 86.9881 85.6512 85.7919 85.8035 86.1853 87.077 85.7572 85.572 85.7695 86.3242 86.9869 85.7391 86.0356 86.0497 86.834 87.1555 
55.3499 54.8488 54.9386 55.004 55.0443 55.6768 55.1399 55.0005 55.0176 54.8794 55.1639 55.0969 54.8685 54.833 54.8531 54.583 54.7185 54.8688 54.8681 54.7259 54.8081 54.8059 54.8753 55.1362 54.848 
206.379 206.823 207.583 207.83 208.035 207.274 207.403 207.116 207.912 208.351 207.035 207.688 206.987 207.588 207.831 206.697 206.969 206.926 206.967 207.895 207.122 207.068 207.263 207.557 207.517 
172.584 173.411 173.374 173.599 173.738 173.731 174.212 173.73 173.836 174.088 173.714 174.321 173.876 173.712 174.006 173.317 173.839 173.592 173.934 174.465 173.332 173.935 174.04 174.565 174.69 
128.476 128.094 127.994 128.358 128.322 128.615 128.488 128.284 128.358 128.602 128.658 128.633 128.367 128.567 128.744 128.779 128.525 128.586 128.947 129.101 128.889 128.669 128.638 129.412 129.539 
139.549 140.21 140.466 138.907 138.62 139.137 140.147 140.573 140.228 140.383 138.119 138.376 139.257 140.191 140.995 136.159 137.463 138.607 139.3 139.328 134.178 134.73 135.99 136.971 136.573 
222.093 223.261 224.402 224.584 224.764 223.358 223.852 223.401 224.452 225.098 223.284 224.392 223.588 224.105 224.416 222.783 223.261 223.463 222.973 224.079 223.157 223.266 223.831 223.629 223.261 
214.395 215.017 215.898 216.418 216.284 214.581 214.893 214.531 215.704 216.252 214.863 215.348 214.524 215.577 216.056 214.655 214.381 214.624 214.764 215.784 214.915 214.411 215.049 215.309 215.268 
163.27 164.284 164.351 162.85 162.436 163 164.057 164.312 163.954 164.118 162.365 162.33 163.036 163.977 164.743 160.344 161.329 162.428 163.198 163.125 158.278 158.611 160.058 160.906 160.532 
151.569 152.322 152.612 151.118 150.97 151.348 152.08 152.649 152.593 153.016 150.498 150.426 151.389 152.626 153.605 148.647 149.646 150.898 151.504 151.524 146.407 146.701 148.045 148.889 148.651 
