7761600
65.1738 65.0766 64.8626 64.0309 64.215 175.563 176.497 176.905 176.208 173.02 176.782 178.133 178.61 179.454 177.403 180.735 181.355 182.274 182.283 181.638 181.532 182.639 183.051 183.851 182.766 
128.24 128.171 128.315 128.002 127.887 133.38 134.127 133.918 133.395 133.411 135.689 135.814 135.8 134.358 134.682 136.483 137.094 136.802 136.735 136.372 136.621 136.83 136.218 136.327 136.118 
127.538 127.314 127.017 127.097 127.266 127.306 127.443 127.565 127.513 127.177 128.336 128.422 128.441 128.235 127.999 128.509 128.598 128.72 128.497 128.058 128.303 128.632 128.53 128.269 127.845 
124.021 124.175 123.869 124.178 123.602 124.254 124.375 124.225 124.316 123.679 124.486 124.716 124.326 124.024 124.041 124.445 124.461 124.301 124.133 123.92 123.822 123.863 123.998 124.097 123.425 
120.947 120.836 119.972 120.081 119.522 121.391 120.991 120.148 119.922 119.19 121.579 121.389 120.391 119.591 119.169 121.543 121.456 120.618 119.844 119.557 120.561 120.3 120.14 119.877 118.986 
106.449 106.513 105.572 105.582 105.071 107.5 107.14 105.957 106.085 105.505 108.42 108.182 106.927 106.483 106.308 109.285 109.039 108.324 107.651 107.514 108.918 108.767 108.636 108.281 107.422 
81.1413 80.0484 78.9591 78.6033 79.1884 82.3326 82.4218 80.6714 79.8663 80.4899 81.6595 82.8133 82.3578 81.8695 81.9211 82.4822 83.0273 84.1753 85.1652 83.3023 83.1643 83.3793 84.2922 86.1974 85.9997 
72.1691 71.77 71.2652 70.712 71.0087 72.8234 72.2672 71.6116 71.5849 71.8266 72.6394 72.6979 72.9083 73.6019 73.4444 73.518 73.4467 74.4196 74.8616 74.548 74.5376 75.1116 75.486 75.7045 75.4065 
62.162 61.6534 61.202 60.5473 60.6412 62.4736 62.0005 61.2687 61.0934 61.1239 62.1279 62.0787 62.181 62.5215 62.2116 62.6478 62.41 63.0031 63.2103 62.7269 63.3015 63.5215 63.6624 63.5778 63.2183 
27.0561 27.1541 26.9413 26.4493 26.3854 27.2469 27.531 27.1267 26.7037 26.7494 27.6671 28.0745 27.7631 27.2066 27.2037 27.7598 27.9984 27.9493 27.4848 27.4964 27.9275 27.9058 27.986 27.8766 27.8814 
5.71728 5.60066 5.48495 5.42911 5.37666 5.66703 5.64423 5.472 5.40136 5.39213 5.65255 5.67459 5.55665 5.42914 5.42173 5.62545 5.58507 5.48674 5.46165 5.48054 5.7557 5.6253 5.59623 5.58657 5.59985 
2.07438 1.9856 1.92799 1.81581 1.77811 2.04325 2.01676 1.90928 1.81072 1.83842 2.08444 2.15129 1.9584 1.81459 1.87362 2.06808 2.08113 1.95421 1.86056 1.9034 2.20966 2.11345 2.0531 2.03918 2.07009 
137.638 136.942 137.011 137.362 137.627 141.649 141.364 140.454 140.476 140.682 142.154 142.282 141.728 141.598 141.188 142.122 142.766 142.897 143.155 142.029 142.49 142.561 142.33 142.415 142.472 
137.139 137.085 137.147 137.248 136.722 136.721 136.883 137.516 137.573 137.725 136.947 137.448 138.448 138.658 139.746 137.854 137.294 138.229 138.098 138.643 138.73 139.21 138.319 137.901 139.225 
130.835 130.934 131.13 131.11 130.935 130.635 131.238 131.528 131.547 131.349 131.465 131.634 131.978 132.006 132.098 131.893 132.215 132.404 132.587 132.382 132.335 132.454 132.413 132.375 132.185 
125.701 125.768 125.696 125.714 125.511 125.548 125.63 126.012 126.002 125.7 125.23 125.479 125.886 125.851 125.831 124.693 125.084 125.532 125.546 125.507 124.601 124.712 125.128 125.295 124.994 
119.529 119.094 119.355 118.749 118.454 119.898 119.198 119.409 119.32 118.751 119.653 119.37 119.292 119.261 119.008 119.626 119.329 119.267 119.041 119.04 118.981 118.836 118.831 118.381 118.239 
98.8383 97.8384 96.7855 96.7062 97.2722 99.851 99.9946 98.5659 97.6489 98.1156 99.36 100.35 99.8485 98.9585 98.9477 99.8433 100.568 101.273 101.699 99.9552 100.12 100.066 100.777 102.412 102.228 
86.0605 85.1394 84.0674 83.8462 84.5121 87.3874 87.5758 86.1501 85.2189 85.852 87.3554 88.461 87.7915 86.9987 87.2863 88.369 88.9502 89.8102 90.4382 88.9108 88.9417 89.023 89.8896 91.6753 91.6551 
78.6492 77.5243 76.443 75.9461 76.3357 79.5805 79.5206 77.9003 77.0589 77.4254 79.0419 79.934 79.3705 78.8054 78.7891 79.7812 80.1616 81.0941 81.7663 80.1291 80.3806 80.5721 81.2367 82.7036 82.4187 
66.5466 66.1728 65.4829 64.9115 64.7941 66.85 66.5023 66.0119 65.4461 65.3998 67.5226 67.1503 66.699 66.2548 66.1348 68.2302 67.9559 67.7355 67.2682 67.0308 68.6041 68.5349 68.2306 67.8916 67.4986 
45.9044 45.5387 44.9323 44.3745 44.1822 45.9075 45.6573 45.0511 44.4805 44.1443 45.9924 45.6552 45.2246 44.6475 44.2166 46.1231 45.7392 45.2527 44.8062 44.3686 46.1533 45.82 45.4124 44.8865 44.4307 
23.0653 23.2579 23.2887 23.1713 23.0843 23.046 23.4449 23.4058 23.147 23.1618 23.1137 23.666 23.5729 23.3054 23.1818 23.0102 23.5041 23.4884 23.3556 23.3969 23.2651 23.4136 23.468 23.5415 23.6621 
18.8613 18.3233 18.426 18.5242 18.6361 19.3611 18.4699 18.3886 18.4462 18.0334 18.6872 18.2926 17.8591 17.9139 18.0228 17.5445 17.4959 17.6978 17.7703 17.5346 17.9694 17.6386 17.8534 17.932 17.3551 
142.317 142.012 142.012 142.268 141.935 142.181 142.086 142.263 142.403 142.544 141.636 142.113 142.81 143.437 144.017 141.987 141.387 142.279 142.591 142.611 142.869 143.231 142.358 141.91 143.208 
140.752 140.597 140.909 141.147 140.94 140.322 140.498 141.056 141.19 141.563 139.967 140.527 141.369 142.036 142.846 140.52 140.111 140.948 141.455 141.561 141.407 141.663 140.874 140.895 141.874 
137.286 137.038 136.776 136.758 136.656 135.69 136.234 136.869 137.516 137.702 134.468 135.362 136.916 137.748 137.596 136.208 136.797 137.451 136.948 136.446 137.001 136.38 136.395 135.95 135.275 
127.35 126.854 127.669 126.861 127.067 126.862 126.836 127.702 127.683 127.36 126.683 126.579 127.175 127.688 127.471 126.892 126.631 126.634 126.855 126.681 126.672 126.631 126.497 125.979 126.028 
117.189 116.642 117.436 116.705 117.177 117.325 116.731 117.433 117.144 117.06 117.061 116.662 117.154 117.252 117.093 116.98 116.754 116.689 116.613 116.823 116.462 116.346 116.128 115.799 116.189 
105.427 104.779 105.399 104.376 104.976 105.664 105.035 105.538 105.157 105.014 105.727 105.349 105.486 105.554 105.242 105.956 105.582 105.437 105.148 105.14 105.431 105.429 105.059 104.571 104.873 
90.0106 88.9511 87.9453 87.6348 88.0878 91.0777 91.2422 89.7401 88.669 89.0754 90.9012 91.7934 90.8952 89.8451 89.9059 91.5745 92.013 92.3128 92.5824 90.8481 91.7764 91.5736 91.929 93.3359 93.1243 
82.551 82.1609 80.872 80.3494 80.0022 83.5389 82.7875 82.2666 81.5648 80.6038 84.3777 83.6354 82.9914 81.3169 79.6684 84.5502 83.7764 82.5275 79.5978 79.2881 85.8897 85.0922 83.0048 81.2755 80.8634 
68.6859 68.0621 67.3604 66.6279 66.2416 68.7596 68.328 67.5048 66.8359 66.4727 69.0347 68.5273 67.7302 67.1961 66.7732 69.3342 68.9137 68.1469 67.5177 67.0448 69.3853 68.9788 68.2667 67.5316 66.9973 
56.9133 56.9163 56.6821 56.4779 56.2954 56.7274 56.9548 56.591 56.3447 56.2674 56.7665 56.6078 56.6249 56.4069 56.1558 56.7937 56.9303 56.5118 56.4418 55.9971 57.1339 57.0191 56.6364 56.1242 55.9964 
50.1931 49.8362 50.4053 50.9212 51.5039 50.7502 50.2254 50.0919 51.1764 51.7619 50.3635 49.7993 50.0066 50.89 51.8233 49.6817 48.9262 49.3977 50.1012 50.9413 49.748 49.5042 49.7153 50.2629 50.5544 
39.2908 39.1525 39.4725 39.5773 39.7468 39.7926 39.4055 39.3272 39.4494 38.9645 38.988 38.9282 38.689 38.7952 39.0119 37.6272 38.0821 38.2979 38.5764 38.3479 38.3305 38.2078 38.4569 38.6318 38.2065 
146.171 146.005 146.299 146.936 146.723 146.812 146.935 146.741 146.533 146.705 146.921 147.759 147.364 147.235 146.576 146.157 146.803 147.167 147.584 147.44 147.058 147.698 146.803 146.527 146.884 
146.047 146.761 147.789 148.612 147.388 146.709 148.627 148.917 147.971 147.158 147.602 148.815 147.921 147.426 147.332 146.633 147.336 147.766 147.909 146.769 147.661 147.674 147.422 148.09 146.624 
148.892 150.074 150.207 148.311 147.822 147.529 149.595 150.375 150.165 150.263 145.959 147.268 148.618 149.813 150.224 144.685 147.171 148.395 148.608 147.913 142.473 143.102 144.638 145.399 144.035 
136.077 135.176 135.898 136.666 137.589 134.68 134.29 135.856 137.451 138.654 133.081 133.117 135.864 137.451 137.978 134.812 135.001 136.423 137.153 137.264 135.406 133.789 135.1 136.018 135.467 
118.658 118.116 119.591 119.343 120.313 118.333 117.95 119.19 119.616 120.08 117.815 117.715 118.694 119.452 119.863 117.645 117.612 118.067 118.684 119.521 116.927 117.19 117.432 117.819 118.769 
105.163 105.184 105.594 105.769 106.202 105.138 105.151 105.453 105.713 106.063 104.947 104.944 105.166 105.395 105.601 104.836 104.755 104.844 104.882 105.23 104.517 104.515 104.399 104.635 104.844 
90.1572 89.854 88.7489 88.2288 87.9013 91.0244 90.3336 89.8693 89.1475 88.1291 91.4823 90.7578 90.1333 88.3512 86.6589 91.2591 90.3794 89.0142 85.9283 85.6222 92.3821 91.3868 89.173 87.3525 86.9642 
85.9055 85.3471 83.917 83.1861 82.6103 86.8028 85.8794 85.13 84.1841 82.8778 87.215 86.3319 85.4088 83.4498 81.4836 87.1002 86.063 84.4151 81.0878 80.5362 88.2201 87.0505 84.5348 82.5338 81.7598 
80.4378 80.067 78.925 78.2834 77.61 81.1139 80.3531 79.8812 79.0425 77.939 81.5502 80.7114 80.1779 78.2402 76.3652 81.0947 80.1442 78.7726 75.6949 75.0394 82.0073 80.9363 78.657 76.6826 76.1547 
61.7081 61.5541 61.8535 62.0664 62.5018 62.0796 61.8779 61.5577 62.4217 63.2041 62.1348 61.5769 61.7844 62.4919 63.2805 62.0872 61.2222 61.3103 61.7249 62.4831 61.923 61.6736 61.5064 61.6556 62.0068 
58.841 58.9684 59.4748 60.042 60.764 59.0389 59.2876 59.2586 60.3013 61.2549 58.9244 58.8575 59.4059 60.1592 61.2602 58.9189 58.3674 58.6981 59.3786 60.5328 58.685 58.801 58.7592 59.3601 60.3134 
52.8286 52.6532 53.3348 53.7747 54.5312 53.5082 53.1393 52.9909 54.1034 54.8805 53.2567 52.799 52.9101 53.8863 55.0204 52.7071 51.9333 52.443 53.1362 54.0671 52.7046 52.5472 52.8969 53.5699 53.7676 
152.479 153.055 154.162 154.988 153.827 154.218 155.991 155.544 153.941 152.723 156.195 157.334 155.354 154.109 153.393 154.046 154.68 154.761 155.055 154.117 154.895 155.62 154.854 155.225 154.302 
155.502 157.229 157.819 156.498 155.357 155.715 158.134 158.537 157.197 156.594 155.792 157.09 156.613 156.82 157.279 152.347 154.588 155.941 156.289 155.463 150.349 151.649 152.887 154.144 152.756 
155.154 156.419 158.032 156.918 156.812 155.188 156.71 158.314 158.079 158.575 155.318 155.459 156.416 157.917 158.768 152.301 153.865 155.653 156.606 156.109 150.321 150.409 152.002 153.15 152.478 
150.538 151.502 152.801 152.142 152.941 149.762 151.006 152.876 153.905 154.955 148.75 149.173 151.462 153.812 155.635 146.493 148.11 150.534 152.613 153.613 144.146 144.76 147.621 149.873 150.378 
130.337 130.339 132.484 134.345 136.514 129.827 129.505 132.139 134.373 135.947 129.765 128.969 131.389 133.938 135.622 129.539 128.622 130.57 132.967 135.15 129.2 128.191 130.409 132.564 134.846 
113.143 113.319 113.862 114.25 114.422 112.65 112.614 113.105 113.543 113.771 111.985 111.791 112.372 112.684 113.056 111.44 111.126 111.569 111.901 112.506 110.997 110.746 110.939 111.443 112.156 
100.841 100.462 100.04 99.561 99.4152 100.423 99.685 99.2755 99.0115 98.4705 99.6285 99.0546 98.3256 98.0471 97.6428 99.4286 98.6206 97.8081 97.3659 97.143 98.7282 98.1075 97.2568 96.9957 96.5314 
88.3193 87.9659 86.8372 86.1105 85.3804 88.7115 87.9413 87.4421 86.4979 85.221 88.7136 87.9181 87.3885 85.196 83.2194 87.9144 86.8184 85.4138 82.2634 81.5807 88.6038 87.3051 84.8737 83.0556 82.5959 
82.5455 82.0872 81.8763 81.203 80.5333 81.9231 81.4353 81.0726 80.5231 80.0633 81.1221 80.8682 80.4216 79.6993 79.2072 80.1452 79.6874 79.1305 78.685 78.0887 79.0255 78.4513 77.6003 77.5224 77.3103 
72.761 72.5789 72.7352 72.7551 72.5771 72.3694 72.1587 72.2648 72.1147 72.068 71.8386 71.7875 71.9411 71.5548 71.6217 71.5066 71.3658 71.1918 70.9542 70.8404 71.083 70.745 70.2314 70.3581 70.6003 
62.7818 62.9503 63.6164 64.081 64.8279 63.1627 63.3831 63.2983 64.2852 65.4525 63.2422 63.0266 63.4496 64.406 65.4762 63.4624 62.7414 63.1187 63.7878 64.8169 63.2775 63.2343 63.4083 64.2392 64.7067 
61.485 62.284 62.7864 63.0255 63.7049 61.5218 62.7567 62.7381 62.817 63.6109 61.8878 62.6264 62.672 62.9217 63.6264 62.5098 62.7752 62.8462 63.1471 63.5567 62.3383 62.7727 63.1182 63.8336 63.9482 
160.559 160.365 159.059 159.58 159.501 160.005 159.968 159.697 159.191 158.746 160.55 161.812 160.882 160.389 159.132 159.8 160.223 161.356 160.897 160.47 160.536 161.115 161.219 161.792 161.352 
159.891 160.414 162.016 162.591 162.869 160.834 161.367 162.413 161.995 161.884 163.208 162.936 162.088 162.723 162.198 161.931 161.71 162.084 162.788 161.954 162.86 162.464 162.42 162.803 161.895 
158.805 160.29 160.995 159.852 159.8 158.245 159.84 161.23 161.22 161.477 158.275 158.973 159.808 161.149 161.678 155.566 157.533 159.23 159.687 159.306 153.548 154.28 155.884 156.751 156.132 
156.809 156.933 159.887 161.229 162.652 157.218 156.834 159.826 161.44 162.846 158.928 157.64 159.176 161.574 162.126 157.832 157.151 159.045 160.6 161.111 158.531 157.208 158.264 159.096 160.199 
154.937 155.238 152.844 152.645 152.823 152.447 150.912 150.8 150.849 151.368 152.906 151.853 150.989 150.699 150.778 151.753 150.745 149.022 148.816 150.014 151.867 148.504 148.109 148.091 148.674 
129.226 129.904 130.427 130.9 131.181 128.597 129.149 129.63 130.297 130.272 128.327 128.426 128.419 128.958 129.236 127.809 127.574 127.58 127.641 128.309 127.12 126.973 127.042 127.157 128.043 
109.573 109.976 110.387 110.831 110.799 108.764 109.017 108.988 109.312 109.418 107.551 107.379 107.599 107.42 107.772 106.452 105.935 106.021 105.821 106.358 105.744 105.041 105.013 105.092 105.581 
96.124 96.3434 96.0246 95.9597 96.4199 94.5194 94.5829 94.2439 94.0443 94.2048 92.3085 92.043 91.6441 91.5756 91.7012 90.8347 90.0291 89.4531 88.8868 89.4939 89.1746 88.3644 87.5857 87.5701 87.6767 
86.3721 86.3128 86.5809 86.3519 85.4816 85.7258 85.5862 85.7451 85.4177 85.0228 85.0402 84.9719 84.9198 84.3338 84.0202 84.3271 84.0768 83.8075 83.2794 82.7549 83.7127 83.5274 82.9678 82.4377 82.1827 
79.4677 79.5495 79.7936 79.8743 79.8079 79.0505 79.081 79.1816 79.3578 79.6604 78.7567 78.6937 78.8083 78.9767 79.1877 78.4713 78.4707 78.3854 78.4034 78.5445 78.3939 78.3434 78.1233 78.262 78.3177 
76.472 76.6737 76.317 76.5012 76.815 76.0364 76.3307 76.0584 76.3691 76.6416 75.1017 75.68 75.8158 76.1833 76.5091 75.0743 75.1906 75.4888 75.8089 75.844 75.1123 75.0164 75.0326 75.2799 75.5784 
67.4985 68.475 69.2076 69.4033 70.0172 67.5806 68.8097 68.9955 69.1853 70.1569 67.9537 68.6398 68.8536 69.4122 70.0634 68.3594 68.7717 69.1634 69.6927 70.0565 68.447 69.0629 69.8286 70.5984 70.4548 
177.075 176.328 174.395 173.22 173.258 177.111 175.907 174.041 172.84 171.887 177.025 176.321 174.726 175.009 174.892 177.864 176.259 175.182 176.684 177.28 178.079 178.683 178.52 179.436 177.747 
172.727 172.027 170.129 169.581 169.697 172.382 171.352 169.848 168.739 167.618 172.719 172.221 170.507 170.71 170.637 173.142 171.711 170.858 172.057 172.826 173.323 174.379 174.472 175.508 173.42 
166.69 166.625 167.465 167.907 168.644 166.924 166.288 167.417 167.677 167.853 168.41 167.421 167.327 168.622 168.63 168.136 167.103 167.236 168.349 168.585 168.958 168.435 168.568 168.872 168.066 
167.435 167.119 164.873 164.72 164.588 165.617 164.07 163.747 163.763 163.746 166.117 165.257 164.424 163.732 163.549 165.689 164.472 162.629 162.179 162.849 165.93 162.779 162.211 161.784 161.558 
163.348 163.495 159.923 158.643 158.223 160.804 159.13 157.865 156.96 156.853 161.051 159.827 157.989 156.948 156.338 160.039 158.707 156.155 155.051 155.174 159.958 156.392 155.161 154.236 153.598 
158.505 158.891 155.466 154.003 153.109 155.612 153.709 152.85 152.427 152.907 155.636 154.277 152.988 152.917 153.157 154.835 153.174 150.84 150.689 151.921 154.767 150.618 149.322 149.06 149.259 
131.746 131.755 130.867 130.369 128.358 128.569 128.635 128.362 127.115 125.691 125.168 124.446 123.921 124.089 122.126 122.575 121.803 120.643 119.869 118.676 118.997 118.147 117.163 116.2 115.047 
100.096 100.483 100.234 100.142 98.9615 97.9526 98.1867 98.2427 97.3266 96.7633 95.1896 94.8418 95.0035 94.549 93.6473 93.3567 92.7062 92.3563 91.246 90.7324 91.6534 91.1507 90.3719 88.815 88.2952 
92.3995 92.452 92.4506 92.3168 91.3916 91.5553 91.5036 91.768 91.4598 90.7402 90.7762 90.7649 90.8015 90.5438 90.0428 90.5012 90.1792 89.9778 89.447 89.0445 90.0301 90.1896 89.6951 88.8133 88.2469 
88.0535 87.8133 87.4268 87.566 87.5004 87.2658 87.3184 87.0938 87.484 87.6269 86.7494 87.0279 87.3006 87.8387 87.8813 86.9099 86.7561 87.0889 87.2807 87.1053 87.0638 86.7607 86.648 86.6208 86.649 
83.1857 83.6482 83.1227 83.4108 83.9209 82.8063 83.5353 83.1372 83.7565 84.0934 81.8157 82.9062 83.2254 83.8528 84.0386 81.9258 82.4009 82.9211 83.5659 83.5701 82.2253 82.542 82.81 82.934 83.3214 
81.8867 82.4741 82.187 82.9004 83.5236 81.4481 82.5182 82.4619 83.4494 83.7255 80.3984 82.0111 82.5329 83.5493 83.9277 80.846 81.5832 82.3949 83.294 83.5379 81.3795 81.8239 82.2863 82.6315 83.1168 
194.432 193.781 192.122 192.424 192.325 194.939 194.364 193.63 194.143 194.322 195.467 193.937 193.377 194.489 195.191 196.014 195.263 194.597 195.799 196.479 197.007 196.729 196.299 197.175 197.538 
187.714 186.802 185.097 184.363 184.453 188.629 186.878 185.496 184.996 184.386 188.672 186.925 185.68 186.674 187.62 189.715 187.645 186.643 189.166 190.631 190.171 190.432 190.28 192.793 191.6 
183.656 182.556 181.824 182.702 182.707 183.277 182.846 182.647 183.139 182.944 183.602 182.921 182.874 183.047 183.377 184.453 183.477 182.907 183.149 183.757 184.648 184.059 184.039 184.151 184.096 
177.668 177.602 177.001 176.225 175.293 177.59 177.643 177.224 176.613 175.891 177.906 177.601 176.894 176.588 176.465 178.17 177.587 176.751 176.207 176.067 177.748 177.405 176.698 176.548 176.231 
169.086 169.238 166.353 164.633 163.259 166.99 165.31 164.429 163.236 162.924 167.23 166.05 164.377 163.515 163.156 166.562 165.004 162.436 161.457 162.03 166.114 162.497 161.034 160.278 159.982 
161.609 162.188 160.509 160.165 158.057 162.145 163.228 162.14 160.71 159.244 161.633 161.352 162.793 160.747 160.431 161.605 160.072 159.85 158.41 157.728 160.111 153.393 156.694 157.193 157.86 
153.777 153.288 151.775 148.555 144.887 152.598 152.601 151.397 149.492 147.45 151.089 150.864 149.598 150.093 149.242 151.175 149.941 148.761 148.411 148.136 149.409 147.751 145.562 144.664 144.414 
121.185 119.945 117.624 115.665 112.839 119.497 117.766 116.014 113.283 110.633 117.325 115.79 113.894 112.036 109.149 115.787 114.061 112.324 110.3 107.931 113.216 111.66 110.097 107.836 105.016 
97.6516 96.8582 96.4944 96.3767 95.7408 96.8057 96.2849 96.0828 96.0336 95.6476 96.4725 96.1655 96.303 96.4134 96.0072 96.6956 96.1122 96.2629 95.8777 95.3947 96.7642 96.1585 95.7976 95.2657 94.7957 
94.7837 94.3839 94.1797 94.5435 94.4103 93.813 93.6988 93.7492 94.2017 94.4686 93.6601 93.6252 94.1524 94.6781 94.782 93.8543 93.6862 94.2128 94.3787 94.4361 94.1482 93.8769 93.9771 94.0778 94.0352 
92.2928 92.2104 92.2515 92.9394 93.3338 91.4773 91.9429 92.1227 92.6574 93.4572 91.354 92.0108 92.6049 93.1763 93.7721 91.5033 91.801 92.6109 92.8321 93.1179 91.8836 91.8409 91.9313 92.3642 92.6858 
87.5205 87.7125 88.5565 89.6934 89.7573 87.2356 88.0953 89.2158 90.0584 90.1716 87.1312 88.3205 89.4872 90.3432 90.5521 87.8895 88.9225 89.8024 90.6604 91.1674 88.5455 89.6657 90.3735 90.7993 91.3622 
213.719 214.697 218.078 219.712 219.761 214.303 214.054 215.753 220.378 221.352 214.636 215.693 215.59 218.7 220.076 215.327 214.863 216.57 215.962 218.497 216.105 215.351 216.947 217.111 216.901 
205.356 204.977 204.065 204.204 204.761 206.605 205.656 204.847 205.73 205.943 207.846 205.874 205.626 206.536 207.711 209.115 208.022 207.572 209.47 209.854 209 208.929 208.891 211.038 211.297 
199.255 198.541 197.466 197.511 197.717 199.972 198.703 197.882 198.418 198.516 200.474 198.784 198.591 199.007 199.998 201.483 200.231 199.945 201.614 202.136 202.035 201.627 201.261 203.83 203.638 
186.694 186.511 186.304 186.322 184.316 186.717 186.608 186.1 185.536 183.8 187.196 187.063 186.583 185.58 184.156 187.273 187.141 186.102 185.137 183.794 186.793 186.77 185.788 185.383 183.952 
171.544 172.058 171.413 171.647 170.703 172.56 173.211 172.775 171.759 170.641 172.933 172.45 173.496 171.279 170.79 172.53 171.332 170.975 169.311 168.79 171.71 166.865 169.348 169.437 169.855 
164.744 165.053 164.005 164.182 162.838 165.522 166.249 165.691 164.651 163.406 165.528 164.897 166.312 164.371 163.818 165.43 163.796 163.433 162.227 161.84 163.954 157.683 160.708 161.27 162.064 
155.886 155.724 153.415 152.724 150.971 157.049 157.115 155.185 152.947 150.44 157.128 155.947 156.14 152.565 150.664 156.905 154.735 153.665 151.084 149.349 155.737 148.762 151.429 150.739 150.294 
133.929 132.147 129.212 126.281 124.249 134.024 132.286 129.721 126.283 123.541 133.477 131.694 128.699 125.665 123.205 132.972 131.08 128.445 125.26 123.441 132.544 130.666 128.141 125.031 122.974 
111.373 110.257 108.555 106.605 105.082 111.527 109.945 108.516 106.064 104.785 111.072 109.927 108.127 106.033 104.852 110.947 109.579 108.486 106.612 105.388 110.722 110.007 108.793 106.981 105.259 
99.5228 98.9436 98.8621 99.2111 99.2484 98.7523 98.5786 98.3999 98.6284 99.3047 98.6783 98.6647 98.8697 99.1531 99.4845 98.729 98.5516 99.1206 98.8648 98.8334 98.9853 98.7406 98.407 98.6546 98.5479 
98.2944 98.3641 98.5395 99.1567 99.4187 98.2318 98.4546 98.5006 98.5742 99.3964 98.7646 99.1161 98.9298 98.639 99.1729 98.7995 99.1006 99.2557 98.7747 98.8847 98.6839 99.186 98.5627 99.033 99.0308 
97.2152 97.0109 97.3719 98.333 98.5912 97.4387 97.5544 97.6728 98.0439 98.4214 98.0517 98.7282 98.9189 98.2617 98.4733 98.7026 99.1577 99.9659 98.9907 98.001 99.2662 99.8058 99.7728 100.314 98.0579 
222.235 224.122 228.205 230.031 229.441 221.33 222.365 224.854 229.616 230.218 221.873 223.884 224.292 227.341 228.234 222.16 222.304 224.515 223.436 225.501 222.758 222.324 224.308 223.368 223.06 
218.628 219.843 222.438 223.431 223.395 218.914 219.064 219.903 223.868 224.958 219.124 220.407 219.854 222.6 223.572 219.758 219.25 220.616 219.84 222.151 220.242 219.51 221.147 220.714 220.421 
208.548 209.911 209.693 208.5 207.826 208.79 210.481 209.615 207.474 206.081 206.982 209.736 209.278 208.053 207.387 208.544 210.257 211.353 208.536 208.301 211.021 211.806 211.206 209.113 210.327 
195.308 196.592 198.868 199.369 199.42 196.11 196.459 197.849 197.079 195.886 195.727 198.01 198.698 196.564 194.565 194.593 196.95 198.059 195.58 193.979 194.178 194.975 195.898 194.779 192.836 
183.682 183.946 184.933 185.287 185.353 184.632 182.649 184.273 185.8 186.739 184.268 182.933 183.498 184.923 185.948 183.962 182.741 183.373 183.062 182.934 182.844 181.912 182.83 183.274 181.775 
167.677 167.786 167.731 168.557 168.664 168.388 168.641 168.719 168.62 168.555 168.321 167.806 169.221 168.375 168.464 168.301 167.35 167.814 167.458 167.529 167.974 164.376 167.225 167.493 168.141 
154.176 153.585 152.306 151.093 150.708 154.01 153.403 152.326 151.32 150.671 154.256 153.391 152.172 151.555 150.814 154.146 153.631 152.456 151.752 151.423 153.743 153.288 152.733 151.787 151.27 
134.719 134.144 132.217 129.485 128.073 135.291 134.498 132.188 129.234 128.094 135.649 134.548 132.327 129.916 129.375 136.022 134.408 133.19 131.056 130.188 135.879 135.039 133.363 131.66 130.227 
118.264 117.861 116.61 115.184 114.333 118.738 117.925 116.953 115.369 114.49 119.462 118.186 116.872 115.82 115.501 119.694 118.668 117.991 117.217 116.322 119.917 119.457 119.108 118.11 117.4 
108.627 108.157 107.836 107.183 106.935 109.3 108.563 108.197 107.342 107.277 109.427 108.959 108.507 107.704 107.638 109.533 109.286 109.134 108.415 108.301 109.445 109.95 109.617 109.083 108.758 
102.524 102.353 102.52 103.074 103.385 103.011 102.913 102.646 102.866 103.206 103.457 103.794 103.628 103.118 103.182 103.896 104.178 104.495 103.731 102.813 104.154 104.597 104.438 104.687 102.984 
100.098 99.7994 99.9186 100.595 101.042 100.681 100.491 100.409 100.876 100.988 101.522 101.824 101.833 101.358 101.158 102.224 102.407 102.863 102.268 101.284 102.54 103.09 103.241 103.622 101.48 
234.092 235.157 237.603 238.563 238.254 233.636 234.182 235.078 237.961 238.709 233.496 235.105 234.879 236.911 237.35 233.442 233.656 235.011 234.03 235.704 234.237 233.756 235.218 234.532 234.268 
223.561 224.692 224.075 223.042 223.174 223.154 225.045 224.278 222.378 222.436 222.099 224.259 223.709 222.79 223.092 222.952 223.992 224.796 223.53 224.001 224.749 224.854 225.046 224.452 225.813 
207.671 209.612 210.209 209.605 209.939 207.7 208.407 208.671 207.848 207.265 207.365 209.473 209.559 208.293 206.459 206.988 208.737 209.631 207.38 206.679 206.941 207.378 208.776 207.7 206.64 
196.189 197.695 199.547 199.505 200.54 196.932 196.65 198.11 198.177 198.448 195.737 197.78 198.594 197.71 196.551 194.713 196.793 198.181 195.527 194.83 194.071 194.541 196.093 195.443 194.564 
189.704 190.75 192.758 193.887 195.189 190.307 189.725 191.679 192.754 193.41 189.5 190.919 192.313 192.206 191.724 188.556 189.905 191.822 190.275 189.835 187.76 187.732 189.866 189.657 188.703 
176.486 176.874 177.395 178.204 178.785 176.815 175.343 176.978 178.96 180.324 176.623 175.547 176.407 178.293 179.548 176.894 176.206 176.892 176.981 177.259 176.032 175.37 176.817 177.212 176.293 
150.779 150.813 150.416 149.972 149.83 150.855 150.794 150.305 149.931 150.022 151.387 151.176 150.651 150.26 150.571 152.108 151.842 151.178 150.627 150.961 152.196 152.221 151.887 151.307 150.982 
134.5 133.869 133.872 132.674 133.281 135.314 134.882 133.892 133.019 132.462 136.645 136.55 133.924 133.678 133.248 137.386 137.046 134.691 134.442 134.788 136.918 136.464 135.6 135.587 135.084 
122.45 122.558 121.95 121.169 120.595 123.435 123.433 122.54 121.45 121.023 124.654 124.182 123.388 122.387 122.872 125.502 124.894 124.796 124.205 124.046 125.699 125.681 125.477 125.356 124.769 
114.299 114.261 114.187 114.285 114.327 115.316 114.995 114.929 114.846 114.829 116.056 115.727 115.683 115.745 115.451 116.324 116.264 116.549 116.682 115.792 116.436 116.87 117.493 117.548 117.132 
108.765 109.05 109.483 109.798 110.311 109.306 109.559 109.792 110.248 110.513 109.839 110.266 110.557 110.883 110.873 109.804 110.303 110.697 110.809 110.974 110.206 110.626 110.901 111.003 110.883 
101.874 103.122 103.829 105.062 106.156 102.474 103.741 104.091 105.323 106.3 102.967 104.851 105.303 105.601 106.561 103.426 105.215 106.243 106.345 106.254 103.946 105.666 106.433 107.495 106.333 
243.953 244.406 244.198 244.454 244.56 244.082 244.759 244.651 244.276 244.507 244.001 244.398 244.614 244.611 244.585 243.495 243.763 244.23 244.718 244.649 243.995 244.151 244.446 244.929 245.007 
234.774 235.467 234.67 234.246 234.3 234.695 235.147 234.356 233.742 233.854 235.129 235.07 234.593 234.548 234.298 235.184 234.902 234.557 234.55 234.849 235.595 235.418 235.567 235.335 235.029 
217.739 219.093 218.727 217.584 217.631 216.801 218.268 218.281 216.666 216.343 216.928 218.072 217.781 216.898 216.495 217.919 218.648 218.307 216.757 217.344 219.064 219.545 218.952 217.541 217.705 
201.285 202.935 204.295 204.674 205.355 200.92 201.717 203.017 202.791 202.334 201.039 203.115 203.653 202.33 200.602 200.336 202.392 203.072 200.865 200.328 199.918 200.437 201.524 200.651 199.486 
187.219 187.779 188.304 189.595 190.468 187.103 186.102 187.808 190.003 191.677 187.023 186.389 186.899 188.974 190.328 187.255 186.357 187.155 187.268 187.793 186.397 185.095 186.385 187.62 187.304 
170.571 170.815 170.988 172.281 172.923 169.437 170.581 171.205 171.915 172.374 170.025 171.029 171.164 171.786 172.483 170.696 170.85 171.416 171.853 172.704 170.816 170.113 171.023 172.025 172.928 
146.953 146.791 147.136 146.365 147.466 147.494 147.449 147.136 146.915 146.715 148.743 149.242 147.179 147.326 146.919 149.477 149.627 147.518 147.42 148 149.159 148.575 147.934 148.233 148.19 
135.776 135.284 135.753 134.822 135.953 136.774 136.678 135.957 135.269 135.054 138.2 138.566 135.94 135.63 135.585 139.13 138.664 136.379 136.149 136.842 138.633 137.856 136.838 137.155 136.786 
127.534 127.094 127.735 127.109 128.691 128.906 128.655 128.282 127.883 127.6 130.725 130.923 128.257 128.712 128.003 131.595 131.085 128.926 129.477 129.552 130.921 130.291 129.973 130.588 130.243 
115.567 116.166 116.808 117.271 117.639 116.069 116.499 117.122 117.687 118.126 116.789 117.133 117.87 118.288 118.211 116.559 116.897 117.799 117.984 117.701 117.15 117.383 118.099 118.434 118.095 
110.238 112.684 113.791 114.818 116.107 110.497 112.775 113.807 115.079 116.557 110.784 113.059 114.184 115.283 116.285 110.409 112.516 113.788 114.576 115.176 110.947 112.686 113.754 114.659 115.424 
104.098 107.738 109.219 117.566 119.6 103.885 107.624 109.13 117.919 120.004 104.308 108.033 109.636 118.243 119.987 103.834 107.364 109.105 117.336 119.183 104.612 107.499 108.825 117.284 118.705 
