158400
59.8247 89.9668 34.3285 203.718 218.404 183.479 254.075 118.78 238.023 65.7235 216.031 7.59563 135.399 10.0232 15.2914 158.149 20.5811 105.392 66.5462 124.775 237.891 95.2988 110.9 226.001 93.53 
211.943 35.0322 79.4292 192.349 75.737 75.0114 67.5132 41.4772 38.4658 116.231 193.759 74.115 13.6667 173.451 163.868 32.5314 247.782 151.536 80.0398 53.8633 117.859 28.9258 195.984 70.1176 38.7627 
185.47 189.922 68.3477 50.7903 141.211 188.752 59.0286 165.945 151.406 211.637 63.8767 109.453 235.551 49.2055 109.53 152.425 145.117 173.549 144.816 41.7999 195.445 19.4281 7.83257 179.556 50.1118 
226.206 190.355 41.9012 211.125 85.3528 61.2572 37.1017 147.926 89.0216 40.11 44.3123 65.1504 144 121.252 180.108 113.55 195.401 154.464 68.4824 106.968 131.355 226.28 93.4557 192.864 174.757 
177.607 125.681 156.842 99.773 189.137 134.625 182.863 111.273 196.842 175.795 120.893 184.141 92.4595 186.074 132.864 86.2534 138.863 137.964 179.476 196.618 201.754 125.804 203.588 198.034 127.493 
143.581 131.721 154.987 129.48 143.831 143.179 145.294 134.512 151.892 120.068 133.712 138.47 173.043 165.928 150.438 163.215 141.955 137.724 149.857 119.023 153.892 171.178 180.212 154.752 165.992 
169.822 178.221 111.933 177.256 174.506 176.771 133.912 122.921 111.106 182.197 157.671 124.78 153.661 112.45 122.103 194.469 154.957 166.747 153.435 111.305 137.77 121.555 190.646 116.35 152.008 
142.206 143.04 145.267 174.428 172.088 148.537 130.412 187.717 118.408 133.152 190.273 174.937 148.201 137.042 130.113 160.861 168.518 113.765 142.328 188.091 141.588 184.747 173.236 185.898 139.82 
112.371 164.684 175.014 189.399 111.316 111.398 196.61 128.875 192.86 149.218 141.113 177.826 121.344 181.169 155.39 171.893 127.941 195.523 151.887 191.332 170.452 140.143 172.902 171.208 197.496 
181.922 184.86 186.587 162.806 170.871 178.372 163.367 170.602 169.918 189.06 180.469 187.89 178.896 165.96 183.589 175.387 180.585 177.983 169.114 192.4 171.328 170.053 163.925 168.844 166.449 
164.311 67.9849 80.5262 137.007 150.351 192.662 157.175 213.956 53.3609 140.805 60.0935 114.676 193.814 92.4972 71.765 93.6652 213.362 206.749 162.524 90.2299 141.518 88.9492 235.456 81.6444 144.239 
166.4 172.294 225.494 171.716 38.6018 163.306 96.2025 57.2521 75.6543 190.845 243.672 149.832 175.233 238.979 221.59 137.653 141.269 222.534 203.639 208.427 83.8997 126.096 157.14 237.598 134.411 
196.182 195.603 212.395 204.6 194.6 198.527 219.916 217.448 222.802 204.173 192.676 193.893 204.808 228.429 226.031 221.803 190.928 224.476 192.992 207.633 191.72 214.189 225.677 230.41 208.941 
245.336 249.698 247.43 250.085 247.484 246.516 247.483 247.472 251.176 248.063 247.634 246.242 248.124 247.699 249.132 246.128 245.804 247.273 248.268 249.008 244.314 246.791 246.555 248.152 248.796 
255.633 255.471 255.148 255.406 255.415 255.584 255.634 255.402 255.318 255.198 255.27 255.52 255.502 255.134 255.091 255.155 255.36 255.246 254.821 255.248 255.293 255.186 255.03 254.609 255.371 
255.619 255.599 255.612 255.45 255.499 255.691 255.587 255.718 255.696 255.621 255.742 255.642 255.735 255.663 255.572 255.82 255.793 255.773 255.649 255.734 255.783 255.823 255.776 255.741 255.639 
255.333 255.205 255.222 255.336 255.554 255.407 255.227 255.247 255.453 255.559 255.606 255.449 255.613 255.667 255.662 255.717 255.723 255.716 255.771 255.666 255.603 255.789 255.798 255.784 255.632 
213.037 223.389 219.716 220.776 219.012 222.412 238.584 245.733 245.707 248.18 222.774 239.808 246.962 246.654 248.761 223.072 241.144 239.291 250.039 246.992 221.756 243.35 247.141 246.948 248.316 
7.14673 18.5673 19.3652 16.3667 12.1618 100.635 189.872 203.928 214.812 216.796 100.129 189.07 206.833 214.817 215.292 96.4919 189.073 203.393 215.017 213.752 90.4523 193.522 199.773 208.54 213.473 
159.474 234.661 126.437 55.9344 38.728 100.808 79.5488 252.846 26.882 52.1962 187.809 42.8176 248.515 146.367 213.085 141.767 55.5051 78.4035 253.009 205.669 35.7934 211.259 99.9617 170.708 114.71 
52.6391 35.6623 60.6525 81.4535 182.7 82.2287 249.093 100.092 214.231 224.672 184.412 245.847 170.205 53.4029 168.482 66.3677 189.424 203.947 133.933 102.614 25.4755 153.739 28.5331 144.444 71.8192 
45.6197 23.1541 94.1512 157.818 21.5344 167.986 112.853 42.6814 97.0905 194.948 75.3469 91.2827 44.8968 164.902 154.511 151.365 100.025 55.0623 83.6064 235.588 31.8038 28.1505 112.932 25.6931 52.118 
143.369 141.478 133.054 129.645 147.203 137.918 151.93 141.732 148.299 155.543 126.036 148.747 160.236 134.508 127.914 126.612 129.172 161.917 144.773 132.538 151.025 162.679 163.549 132.56 138.377 
149.872 147.627 144.369 139.85 149.177 152.95 146.511 150.376 146.574 144.76 149.826 148.21 148.928 145.158 149.302 150.068 152.331 152.293 145.361 142.234 147.241 152.358 146.859 152.713 144.414 
154.459 153.886 153.081 151.958 151.085 155.45 155.637 153.191 152.922 151.9 155.512 155.563 154.187 153.206 152.083 155.775 156.247 155.089 154.486 151.645 156.51 156.167 155.923 154.406 151.878 
158.731 156.702 155.441 155.376 155.177 159.092 158.49 157.304 156.122 155.325 159.909 159.609 157.823 156.451 154.89 160.515 159.519 157.987 156.343 155.141 160.354 159.014 158.679 157.49 156.592 
162.182 160.212 158.113 158.148 158.25 164.257 160.557 159.167 157.788 158.26 162.85 160.926 160.452 158.572 158.485 163.333 160.989 160.672 159.258 158.98 163.586 160.629 160.499 159.375 158.587 
166.306 166.119 162.629 162.166 162.706 167.438 165.938 162.006 162.623 163.915 166.541 168.054 165.747 164.576 164.211 166.747 166.637 167.151 167.174 165.189 164.746 165.325 162.957 165.928 165.718 
167.971 166.837 166.544 170.093 170.353 167.645 168.204 167.912 168.81 171.129 167.322 170.197 169.773 170.349 171.093 170.533 170.891 171.34 170.842 170.249 171.977 172.302 172.591 171.145 171.488 
174.036 173.833 173.867 176.539 176.327 174.387 175.23 175.553 176.002 177.51 176.058 178.18 178.658 177.347 178.988 179.906 180.821 180.384 178.696 178.58 178.007 179.808 180.653 178.459 176.984 
178.782 178.588 179.037 181.146 180.469 179.658 180.003 180.805 181.308 181.837 182.188 183.757 184.016 182.874 183.979 185.636 186.312 185.96 183.994 183.693 183.015 184.502 185.273 183.16 181.492 
185.208 185.4 185.983 186.498 186.33 186.12 186.577 187.239 188.306 188.526 189.625 190.134 190.518 189.608 190.882 192.34 193.027 192.342 190.913 191.195 190.11 191.437 192.371 190.671 189.752 
210.047 214.521 218.832 218.593 217.937 210.155 215.874 218.791 214.438 216.593 210.079 213.845 216.195 215.972 220.304 213.578 216.938 218.853 223.031 226.819 214.582 218.987 221.017 219.97 221.656 
222.464 226.889 230.796 230.628 229.882 222.43 226.634 230.347 226.193 229.131 222.242 224.302 227.094 226.831 232.073 224.82 226.961 229.245 232.959 237.382 225.395 229.969 231.161 230.59 232.108 
246.064 245.643 243.647 245.622 245.916 245.773 246.596 244.487 243.727 244.715 243.377 246.129 246.568 243.139 244.378 243.287 246.029 246.203 243.487 247.189 244.692 245.468 244.287 239.984 247.547 
253.965 253.029 250.454 251.614 252.101 253.927 253.986 251.308 250.601 251.226 251.355 253.647 253.705 249.746 250.426 250.786 253.412 252.933 249.43 252.542 252.249 252.368 250.926 246.44 253.266 
254.911 254.817 254.68 254.536 254.661 255.273 254.961 254.676 254.675 254.531 255.149 254.909 255.073 254.761 254.65 255.2 255.469 255.186 254.964 254.842 255.285 255.458 255.061 254.734 254.907 
248.614 248.548 248.824 249.12 249.05 249.627 249.281 249.131 250.333 250.713 250.752 250.541 251.184 251.454 251.059 251.396 251.383 249.984 251.831 251.072 251.141 252.21 251.847 251.752 250.572 
233.735 236.576 234.954 237.125 238.55 237.001 242.633 242.033 245.85 246.37 237.218 242.499 243.509 247.01 248.165 236.232 242.431 244.198 246.981 248.354 235.991 243.29 244.695 247.304 247.811 
34.7278 34.9478 34.5813 36.771 34.9023 186.842 187.871 188.933 187.669 188.844 186.957 188.292 189.089 188.412 189.932 183.753 187.144 188.327 189.005 187.599 184.556 185.462 186.642 186.949 185.973 
16.4991 4.86655 9.11836 2.85163 4.18049 172.96 177.882 173.693 186.632 181.335 180.004 181.331 186.39 178.598 180.555 178.746 186.641 174.369 171.789 171.89 170.335 182.095 174.893 173.904 185.562 
109.272 36.1231 214.311 246.745 7.7228 72.1394 167.71 169.065 222.464 128.631 117.962 224.305 200.982 249.571 39.1599 47.874 242.045 229.985 219.646 213.151 201.242 157.486 227.083 155.807 212.47 
148.204 140.717 136.949 131.905 136.741 145.653 151.106 134.224 131.164 132.028 149.862 150.391 142.245 134.079 133.831 138.033 145.062 134.434 134.57 130.06 154.345 149.438 144.246 133.656 135.792 
146.781 145.826 143.596 138.736 136.824 148.618 147.604 144.43 140.548 137.676 149.298 147.649 144.855 142.317 139.645 149.828 148.549 144.032 142.485 139.742 150.399 147.914 144.548 142.544 140.011 
149.684 148.534 147.8 146.476 146.077 150.546 149.992 148.463 147.619 146.43 151.438 150.656 149.376 148.815 147.235 152.121 151.135 149.975 148.859 147.116 151.875 151.154 150.286 148.939 147.341 
153.444 152.238 151.135 150.602 151.012 153.983 153.36 151.793 150.388 150.118 154.398 153.838 152.567 151.358 151.013 154.066 153.955 153.65 152.344 151.423 153.354 153.352 153.224 151.551 150.678 
157.51 156.793 155.686 155.75 155.798 159.394 156.918 155.769 154.922 155.503 158.037 156.823 156.61 155.54 155.825 158.001 156.82 157.01 156.274 156.19 158.292 156.49 156.589 155.907 155.381 
163.901 163.812 160.818 159.363 159.265 165.992 163.953 159.318 158.744 159.964 164.146 164.242 162.781 161.068 161.525 163.759 161.988 164.052 163.927 162.539 161.304 159.981 158.614 161.542 161.577 
166.799 166.975 164.144 162.593 162.272 168.718 166.775 162.504 162.391 163.354 166.822 167.416 166.365 164.524 164.778 166.408 165.378 167.759 167.471 165.907 163.703 163.224 161.977 165.028 164.896 
171.295 171.484 172.531 173.073 172.662 172.269 171.396 170.805 172.314 173.456 170.979 171.277 172.951 172.516 174.844 172.746 173.03 175.138 174.287 174.503 171.913 173.006 172.287 172.249 173.247 
175.984 175.604 176.244 178.191 177.68 176.052 176.242 176.641 177.09 178.553 176.567 177.486 177.929 178.403 179.947 179.116 179.284 180.085 179.852 180.223 180.324 180.418 180.923 180.564 180.752 
181.97 181.064 180.78 184.195 184.686 182.167 181.666 181.531 183.999 185.579 184.025 184.872 185.193 185.264 184.678 186.001 187.203 186.963 187.495 188.423 185.618 186.857 188.224 189.82 188.134 
189.124 188.737 189.696 191 191.151 190.446 190.203 191.101 192.277 192.81 193.229 193.386 193.459 194.197 194.953 195.223 195.273 195.316 195.878 196.485 195.762 195.594 195.93 196.818 196.79 
201.188 201.197 202.116 203.493 204.418 202.263 202.376 203.013 204.451 205.759 205.132 205.39 205.462 206.711 207.326 207.347 207.724 208.419 209.19 209.197 208.005 207.785 208.854 209.959 209.256 
218.87 221.124 224.014 223.976 223.951 219.261 221.969 224.503 221.223 223.116 220.393 221.517 223.532 222.897 226.077 223.29 224.581 225.368 227.571 230.251 223.795 226.731 226.48 226.283 227.042 
227.36 227.08 228.022 228.915 228.396 228.322 228.938 229.778 229.018 229.225 230.37 230.717 231.209 229.953 229.874 232.157 232.246 231.544 230.244 230.157 232.205 232.237 231.362 229.72 229.797 
246.533 245.25 243.059 244.059 244.807 246.621 246.722 243.963 243.043 243.352 244.916 247.243 247.025 242.563 242.983 245.224 247.455 246.715 243.184 245.1 246.273 246.15 244.517 240.665 246.676 
243.548 242.72 242.561 242.814 243.268 247.133 245.222 244.056 243.24 242.966 248.617 247.463 245.089 244.141 244.002 248.979 248.702 246.177 245.259 242.99 248.324 247.814 246.378 247.405 243.939 
241.667 241.195 240.499 241.722 242.077 243.677 242.397 241.985 241.633 242.209 245.85 245.131 243.765 243.319 243.331 246.234 246.228 244.065 244.197 242.77 245.581 245.09 244.19 245.008 243.558 
228.865 226.948 224.701 224.12 225.364 235.279 235.661 235.843 233.939 235.631 235.148 240.204 239.989 237.064 241.491 235.95 239.215 239.772 240.388 241.231 239.189 239.094 236.778 239.147 241.089 
32.7858 31.2044 31.3134 32.1597 31.6293 197.562 198.768 198.772 196.652 195.532 195.778 199.317 200.652 198.566 197.208 198.371 197.444 196.828 198.362 197.712 198.844 195.46 198.684 197.703 198.807 
174.842 191.133 49.2275 97.929 67.9322 135.466 220.302 54.0857 164.351 173.134 67.3995 237.025 64.6027 86.5651 93.415 86.4324 211.273 112.64 220.355 189.051 142.892 67.4063 128.556 221.453 103.661 
19.7215 4.70733 208.566 243.268 81.725 214.31 132.477 167.673 193.522 138.57 73.2921 129.041 178.194 78.884 221.704 1.60495 75.7591 218.676 197.932 11.8624 11.8107 7.26621 149.831 60.1986 219.601 
145.38 144.482 142.338 137.395 135.389 146.938 146.003 142.836 139.012 136.156 146.77 145.51 142.681 140.306 138.275 147.231 146.055 141.689 140.277 138.087 147.849 145.172 141.818 140.068 137.907 
145.525 144.229 143.567 139.368 138.758 146.796 145.439 143.588 141.242 139.51 146.46 145.286 143.631 142.8 141.502 147.308 146.312 143.725 142.479 140.871 147.745 145.824 142.956 142.282 140.799 
148.137 147.191 146.25 144.245 143.654 148.948 148.246 146.673 145.085 143.692 149.078 148.264 146.743 145.534 144.815 149.157 148.766 146.922 145.785 144.917 148.713 148.17 146.656 145.425 144.602 
152.221 151.224 150.479 150.243 149.962 152.289 151.682 150.576 149.709 149.381 152.55 151.998 150.795 149.915 149.752 152.012 152.155 151.301 150.122 150.099 150.844 151.425 150.96 149.755 149.698 
155.67 155.209 154.763 154.965 155.341 155.859 155.66 154.606 154.191 154.462 155.825 155.538 154.843 154.495 154.737 155.374 155.59 155.603 155.118 155.124 154.765 154.876 155.301 154.549 154.904 
159.751 159.535 160.031 159.581 160.364 160.656 160.394 160.194 160.143 160.146 159.886 159.957 159.789 160.383 160.728 160.533 160.633 160.597 161.531 160.826 160.761 160.413 160.478 162.147 163 
167.158 167.78 168.933 168.856 167.863 168.077 167.624 166.791 168.124 168.393 166.55 166.66 168.113 167.948 169.745 167.786 167.719 169.864 169.408 169.355 166.54 167.001 166.748 166.769 167.802 
172.316 173.141 175.375 175.978 174.934 172.672 172.207 173.525 175.172 175.138 171.321 170.988 173.8 174.454 176.416 172.897 173.174 174.984 174.8 175.574 173.028 173.459 173.793 172.942 173.824 
178.171 177.858 178.077 181.002 181.05 177.304 177 177.397 180.138 181.184 177.236 177.821 179.161 180.366 180.11 178.405 179.242 180.237 181.785 183.119 179.017 179.481 180.751 182.916 182.661 
182.523 182.123 181.971 185.426 185.824 181.761 181.418 181.471 184.682 185.554 182.027 182.709 183.397 185.312 184.302 183.041 183.527 184.289 186.961 188.098 183.449 183.573 185.246 188.715 187.738 
189.008 188.785 188.721 191.48 192.158 188.245 188.311 188.203 190.912 192.456 189.377 190.233 190.966 192.272 191.325 190.725 191.646 192.102 194.311 195 191.005 191.352 192.936 195.88 194.812 
201.299 201.464 203.626 202.665 204.924 200.394 201.036 202.328 203.377 205.026 201.956 203.025 203.659 204.435 205.138 202.992 204.176 204.81 206.216 206.088 203.777 203.635 204.232 205.948 204.637 
213.825 213.697 215.304 215.998 216.213 214.475 215.678 216.915 217.614 217.64 216.497 217.718 218.82 219.06 218.242 217.653 218.417 219.282 218.705 217.624 217.92 217.848 218.039 217.734 217.07 
224.324 223.859 224.301 224.525 224.846 224.557 225.4 226.155 225.836 225.345 226.263 227.55 228.232 226.598 225.639 227.938 227.997 227.529 226.395 225.643 227.832 227.585 226.548 225.736 225.72 
230.962 230.452 230.357 230.677 230.227 231.543 231.446 231.836 232.236 231.235 232.681 232.8 233.727 232.904 231.89 234.422 233.061 234.313 233.657 232.338 233.719 233.07 234.149 233.807 233.218 
237.348 237.618 235.959 236.578 233.659 236.057 236.204 235.911 237.205 234.24 238.663 236.426 236.222 237.621 235.176 238.312 237.126 236.392 238.33 237.208 236.857 237.013 236.963 238.799 238.049 
238.811 238.562 238.312 238.813 234.77 239.227 240.947 240.342 236.518 235.263 238.705 240.8 239.324 235.382 236.538 236.169 235.724 235.545 236.252 238.044 236.964 235.924 236.891 237.459 239.103 
233.877 232.12 229.095 228.707 229.686 235.073 235.497 234.862 233.165 234.389 234.536 239.096 239.208 234.747 240.5 236.475 238.201 238.344 238.62 240.094 238.958 237.737 236.117 237.755 240.05 
169.258 184.819 146.962 156.095 208.288 166.54 172.186 208.875 226.662 177.093 206.882 240.554 236.142 175.148 226.729 206.089 222.847 239.875 230.271 204.339 216.984 193.932 224.742 212.886 220.087 
176.438 68.0889 119.079 119.16 10.0356 125.87 229.782 6.53647 204.013 223.266 203.332 97.1069 100.01 165.279 147.053 83.3641 48.2999 239.785 168.795 176.127 86.5361 9.93315 79.5302 73.6015 195.752 
144.976 53.4592 14.7194 149.617 84.679 143.139 182.648 76.4902 25.3676 36.6836 76.1958 165.674 130.26 15.5127 5.03371 139.213 44.3508 223.333 130.449 213.982 134.319 55.5951 12.7146 104.417 157.258 
143.372 141.65 141.799 138.746 139.43 142.99 141.628 140.787 139.139 138.938 140.724 139.934 139.392 139.226 139.214 140.902 139.734 139.276 137.818 137.406 141.132 139.081 136.768 136.844 136.887 
145.089 143.988 143.683 139.84 139.39 145.605 144.627 143.199 141.286 139.697 144.509 143.642 142.209 141.513 140.888 144.86 143.752 141.55 140.629 139.686 145.042 143.008 140.523 139.957 139.073 
146.489 145.493 145.596 144.365 144.097 146.606 145.754 145.246 144.701 143.924 145.843 145.317 144.356 143.986 143.901 145.739 145.105 144.051 143.09 143.026 145.531 144.65 143.041 142.819 142.779 
149.405 148.674 148.421 148.55 148.302 149.085 148.767 148.217 147.916 147.779 149.096 148.769 147.842 147.123 147.596 148.122 148.15 147.733 147.077 147.582 147.381 147.514 147.419 146.6 147.001 
150.026 150.906 151.597 152.328 151.821 149.866 150.696 151.602 152.74 152.233 149.28 150.022 150.791 152.726 153.148 148.974 151.466 150.84 152.675 152.298 150.249 151.855 151.437 153.072 153.192 
157.442 157.297 158.557 158.652 159.681 158.114 158.579 159.08 159.77 159.931 158.551 158.871 158.577 159.71 160.209 159.058 159.559 159.461 161.17 160.558 159.531 159.842 159.916 162.031 162.96 
162.024 162.03 163.409 163.733 164.114 162.288 163.177 164.327 164.981 164.392 162.388 163.165 163.57 164.601 164.805 163.141 164.013 164.086 165.517 164.703 163.492 164.02 164.142 166.031 166.677 
169.719 170.354 172.804 173.492 172.951 170.19 170.44 171.935 173.223 173.151 169.586 169.74 171.815 172.088 173.706 170.006 170.696 171.953 172.323 173.234 170.086 170.907 170.856 170.84 171.954 
177.04 178.155 178.853 179.017 178.681 176.826 177.431 178.544 178.948 178.635 176.359 176.369 177.395 178.748 179.419 176.597 176.384 177.205 179.011 179.889 177.228 176.588 177.109 178.556 178.986 
184.204 183.946 183.696 185.834 185.785 183.116 183.153 183.155 185.286 185.799 182.811 183.359 183.878 185.717 184.49 183.067 183.271 183.808 186.299 187.099 182.787 182.865 183.592 187.17 186.746 
193.438 194.958 192.658 194.088 190.653 192.119 192.682 190.135 192.561 193.37 193.217 194.182 191.245 190.988 193.946 193.695 194.472 188.138 192.086 195.164 189.605 191.946 187.854 193.52 194.175 
199.313 200.832 202.069 202.032 201.926 198.217 199.625 199.931 201.45 203.385 197.992 199.248 199.251 201.423 203.363 198.586 199.354 200.435 201.456 202.574 199.905 198.977 200.265 200.755 200.924 
209.33 209.694 211.287 210.652 211.293 208.748 210.078 211.3 212.078 213.051 209.046 210.457 211.315 211.451 212.239 208.651 209.788 210.126 210.568 211.051 209.804 209.846 209.766 210.118 209.728 
219.425 219.485 220.205 220.608 220.141 219.723 221.069 222.085 222.505 221.918 219.789 221.53 222.543 221.911 221.297 219.58 220.023 220.756 220.267 220.294 220.042 219.765 219.818 219.285 219.34 
231.191 231.489 229.186 229.549 227.208 228.244 229.122 229.177 230.931 227.733 229.065 228.006 228.774 230.185 227.441 227.925 227.192 227.521 229.984 229.574 227.448 227.561 227.562 229.08 229.607 
238.514 239.132 238.122 239.501 232.838 237.222 238.623 237.759 236.696 232.243 237.257 236.313 235.075 234.049 231.921 232.829 231.048 231.452 233.798 235.542 232.038 231.761 234.335 235.409 236.716 
239.193 240.316 238.174 238.057 237.227 236.693 237.712 236.525 234.383 235.622 239.737 236.355 231.598 229.753 232.595 234.121 233.168 229.745 230.188 234.368 232.142 231.723 235.457 234.409 235.489 
238.943 236.581 236.175 237.757 232.016 238.408 239.908 238.526 234.91 233.33 235.421 240.554 236.931 231.133 234.973 231.247 232.79 231.583 234.268 236.464 234.339 232.776 233.01 233.134 236.141 
82.9582 128.723 194.166 118.85 158.211 212.012 169.192 123.363 248.454 15.4919 104.513 10.7366 87.0052 141.546 144.446 207.35 77.7328 42.3188 47.3906 137.143 133.05 119.382 216.302 67.3689 136.247 
213.31 124.07 25.0306 15.9084 219.278 1.36399 228.613 159.47 178.957 100.02 223.087 33.328 225.446 236.858 156.975 225.621 85.1847 204.905 40.7299 215.659 23.0446 72.4482 47.8738 32.0397 114.701 
16.6916 17.1228 248.637 213.89 102.109 218.088 134.656 84.2302 89.4023 39.9792 173.487 164.288 205.476 222.313 229.547 164.885 168.543 127.929 224.81 53.7145 81.02 1.7856 151.228 226.239 201.636 
135.599 135.786 135.29 134.026 132.86 135.395 135.1 134.605 133.627 132.306 133.933 133.058 132.56 132.134 131.564 131.934 130.781 130.1 130.002 130.313 130.696 129.607 128.985 129.041 129.322 
140.015 139.019 139.497 136.967 137.394 139.918 139.053 138.75 137.622 137.046 138.178 137.457 137.129 137.113 136.907 137.454 136.342 136.19 135.251 135.03 137.167 135.585 133.916 134.217 134.381 
141.947 141.995 142.357 142.428 142.118 141.948 141.58 142.104 142.329 142.396 141.7 141.303 141.112 140.847 141.5 140.191 139.474 139.785 139.653 140.599 140.018 139.483 139.412 139.033 139.798 
144.218 145.348 145.706 147.49 146.872 142.794 144.115 144.898 146.783 147.014 141.399 142.312 143.646 145.778 146.558 141.024 142.906 142.515 144.382 145.61 142.018 143.629 143.375 144.297 144.424 
145.446 147.005 147.793 149.597 148.622 145.437 146.167 147.199 148.831 149.322 144.687 145.482 147.046 149.165 149.655 144.019 146.73 147.063 148.813 148.792 145.992 147.365 147.364 148.518 148.036 
149.601 150.559 151.752 153.074 152.7 149.854 150.766 152.278 153.907 153.571 149.663 150.606 152.119 154.351 154.685 149.589 152.405 152.557 154.773 154.171 151.011 152.969 153.04 154.848 154.937 
159.762 160.612 162.648 163.575 164.116 161.082 161.775 163.364 164.714 164.971 162.572 163.205 164.391 164.411 164.743 162.006 162.958 163.445 165.117 165.613 162.361 163.4 163.086 164.859 165.245 
167.372 167.724 169.695 170.858 171.297 168.167 168.805 170.362 171.417 171.528 169.063 169.255 170.588 170.725 171.006 168.197 168.493 168.546 170.285 171.174 167.877 168.17 167.667 169.836 170.286 
176.356 176.482 177.988 177.879 177.102 176.863 176.455 177.655 177.656 177.048 176.656 175.895 176.255 177.385 177.934 175.836 174.672 174.712 176.554 177.442 174.756 174.47 173.351 176.044 176.686 
189.985 190.955 187.844 189.501 182.136 188.386 188.863 185.809 187.077 185.802 189.792 189.777 187.362 187.081 188.732 190.925 189.202 181.449 185.618 188.594 183.881 186.63 181.243 187.334 189.076 
193.525 194.368 190.2 192.993 188.027 191.934 192.278 188.28 190.789 190.205 193.083 193.561 189.409 189.413 191.989 193.156 193.494 185.736 189.285 192.949 188.532 190.952 185.701 191.058 192.247 
196.554 197.394 193.635 196.579 192.927 194.964 194.912 193.03 195.076 195.558 197.503 196.527 193.783 193.237 197.078 196.424 196.22 190.204 192.717 197.147 192.548 194.262 191.031 194.636 196.059 
204.173 205.718 206.026 206.82 205.596 203.743 205.256 205.319 206.898 207.396 203.125 203.718 203.811 205.929 207.743 202.637 202.846 203.848 204.409 206.312 203.882 203.165 204.483 204.084 204.74 
219.105 219.417 218.124 217.77 218.099 218.416 219.247 218.953 219.13 218.958 217.041 217.408 217.461 217.835 218.434 216.1 216.199 215.87 216.603 217.63 216.656 216.524 216.635 216.799 217.184 
227.425 227.033 225.341 224.431 224.457 226.218 225.882 225.574 224.787 224.09 224.028 223.902 223.995 224.347 224.298 222.4 222.349 222.962 224.329 225.347 222.697 222.389 223.6 225.053 225.436 
235.701 236.504 233.722 233.585 233.649 231.742 230.705 229.443 231.094 231.833 235.708 230.107 226.476 227.713 229.514 231.54 230.489 227.026 227.862 231.348 229.186 228.938 232.352 231.613 232.082 
238.081 238.757 237.105 237.169 237.252 236.1 236.523 235.12 232.796 235.051 238.372 235.245 230.059 227.624 231.699 232.918 231.991 228.361 228.017 232.539 231.367 230.594 234.519 232.821 233.708 
217.631 222.42 220.304 225.617 233.188 224.099 221.655 234.016 229.345 228.31 233.271 224.599 218.012 214.172 212.244 217.786 224.344 211.246 228.173 216.402 231.164 212.291 213.528 220.521 216.877 
225.183 12.6936 222.911 219.524 95.7729 217.848 42.9708 251.865 114.632 226.761 202.179 166.007 90.4199 239.777 135.62 26.076 76.0981 117.064 164.163 125.975 48.5669 171.828 209.546 66.9704 234.283 
197.493 114.138 209.454 30.6063 113.863 21.2986 39.2406 89.9941 216 146.192 2.2148 62.8111 8.49972 235.449 198.837 219.321 254.064 95.63 36.6153 129.819 37.6078 244.371 147.37 164.133 23.3961 
249.175 107.884 84.0882 63.0836 205.242 228.302 173.442 52.4515 151.454 219.794 136.284 232.118 15.9394 230.88 204.818 253.991 60.275 133.289 102.657 133.147 241.257 74.8745 14.0788 35.0713 122.347 
118.622 119.391 119.584 118.836 117.73 118.135 118.139 117.823 117.362 116.003 116.868 116.039 115.423 114.303 114.165 114.332 112.833 112.65 112.236 111.788 111.793 110.91 110.313 110.388 110.407 
128.632 129.47 129.669 128.821 127.526 128.465 128.505 128.859 128.364 127.041 126.553 126.134 126.227 126.141 126.129 124.225 123.409 123.576 123.833 124.636 123.009 122.074 122.061 122.887 123.368 
137.151 136.763 137.72 140.45 141.905 133.492 135.369 135.724 138.392 140.377 131.052 131.986 133.235 135.629 137.178 131.461 130.829 131.238 133.396 136.665 130.799 131.901 132.409 133.516 135.279 
141.43 141.068 141.662 144.295 145.748 137.886 139.459 140.071 142.342 144.988 135.767 136.717 138.318 140.065 141.955 136.392 135.659 136.53 137.883 141.467 136.014 137.041 137.52 138.279 140.052 
142.999 144.293 144.639 147.118 147.188 141.508 143.121 144.361 146.651 147.443 140.171 141.6 143.835 146.383 147.275 140.311 142.885 143.426 145.641 146.798 141.777 143.963 144.4 145.594 145.892 
147.491 148.388 149.966 151.637 152.946 147.956 149.002 150.951 152.933 153.734 148.729 150.052 152.144 153.802 154.538 149.167 150.846 153.006 154.218 154.924 150.116 151.696 153.212 153.95 154.667 
154.993 155.636 157.219 158.845 159.496 155.356 156.658 158.529 160.462 160.738 155.995 157.613 159.581 161.054 161.67 156.383 158.07 160.07 161.321 161.519 156.753 158.048 159.326 160.437 160.851 
162.685 163.392 165.284 166.065 166.801 163.558 164.411 165.926 166.984 167.252 164.364 165.293 166.485 166.421 166.772 163.546 164.03 164.796 166.481 167.16 163.874 164.549 164.131 166.195 166.719 
180.008 178.827 179.972 179.202 174.351 177.951 178.534 178.822 177.085 175.898 177.637 176.745 178.574 179.159 178.397 178.864 174.952 174.614 175.522 175.762 175.578 175.582 175.527 176.111 178.042 
189.671 186.858 187.265 185.817 180.044 186.213 186.774 185.803 182.942 180.585 186.057 184.337 185.422 186.365 184.591 187.161 182.276 181.071 181.989 181.705 183.171 183.339 182.391 182.832 184.433 
193.448 193.422 189.332 191.365 184.593 190.984 191.253 188.311 188.813 187.68 193.595 192.489 189.953 188.718 190.746 193.669 191.736 183.81 186.764 190.344 187.144 189.816 184.666 189.234 191.125 
199.077 196.018 192.531 194.778 195.979 195.914 194.302 195.474 194.161 194.33 199.302 194.241 194.217 192.991 195.742 195.656 192.958 192.88 190.372 193.804 195.605 193.933 195.179 191.96 193.414 
203.693 202.209 198.567 199.809 201.164 201.969 200.55 201.62 200.49 200.922 205.252 200.346 200.748 199.176 201.843 202.074 199.361 199.346 197.194 200.208 201.742 200.955 201.954 198.747 200.184 
216.197 215.884 213.563 212.59 213.137 215.93 215.179 213.541 212.82 213.234 215.149 213.627 213.033 212.717 213.067 214.877 213.8 213.471 213.363 214.034 214.907 214.475 214.831 214.933 215.137 
221.81 222.117 222.461 221.959 220.419 222.766 219.115 217.012 219.177 217.994 223.183 220.261 221.13 221.947 221.006 223.56 222.392 222.052 221.833 223.063 222.503 220.757 222.905 223.483 222.949 
223.085 223.541 226.135 226.77 223.164 223.762 218.758 218.009 221.97 219.272 225.41 221.938 223.146 223.6 221.881 226.817 225.525 223.901 222.898 224.959 225.495 223.166 224.936 224.517 225.175 
231.857 232.523 232.658 232.103 233.163 230.171 227.867 226.204 228.074 229.916 233.571 228.888 224.901 224.972 228.045 230.944 229.799 225.648 224.649 228.577 228.941 227.823 231.221 229.126 229.661 
113.653 229.034 207.673 65.8044 95.5763 91.0422 224.549 129.273 208.832 120.928 229.163 222.747 174.265 175.274 77.9164 162.611 201.331 237.636 142.433 220.893 229.94 67.1511 86.5707 222.891 204.65 
59.507 230.414 26.4979 24.1751 25.65 21.8051 73.2944 123.187 218.982 125.289 148.64 176.492 101.845 184.537 95.7688 157.544 176.901 251.967 121.9 29.9726 159.688 116.34 120.395 124.441 121.869 
18.8615 4.66748 44.4623 132.834 151.03 157.24 36.6914 61.9594 91.476 90.8346 140.181 159.602 49.4974 114.17 168.217 250.829 107.512 16.8953 196.468 158.005 190.218 102.954 148.539 108.176 229.847 
6.8197 206.298 122.996 140.852 90.2109 182.589 138.606 235.817 115.511 110.6 6.67949 246.788 111.591 254.6 181.976 139.925 213.252 112.774 110.105 84.8359 71.468 57.6573 193.996 239.005 43.3281 
105.039 105.891 106.187 105.442 104.311 104.22 104.139 103.65 103.313 102.301 102.835 102.085 101.159 100.015 100.136 100.088 98.594 98.2551 97.5925 97.2222 97.3503 96.3399 95.4773 95.5384 95.5487 
110.789 111.518 113.866 114.774 114.56 107.843 108.933 110.199 112.368 112.261 105.298 105.529 107.033 108.537 109.473 102.408 102.642 104.312 105.633 106.965 101.551 102.157 102.757 103.136 104.691 
115.797 117.158 121.133 123.504 124.184 113.34 114.923 117.665 121.074 122.075 110.885 111.36 113.914 117.021 119.353 108.684 109.181 112.16 114.532 117.731 109.411 109.952 111.801 113.152 115.528 
131.223 131.864 132.546 135.233 137.3 128.306 130.486 131.102 133.638 136.184 126.367 127.837 129.825 131.6 133.493 126.016 126.927 128.569 129.8 133.371 124.568 127.049 129.495 130.459 132.49 
133.215 134.353 136.316 138.124 140.045 133.005 134.619 136.726 138.632 140.07 132.806 134.677 136.978 138.832 140.023 133.085 134.855 137.059 138.852 140.103 133.664 135.145 136.859 138.976 139.947 
140.015 141.99 143.939 146.398 148.852 140.02 141.95 144.574 147.259 149.361 140.021 142.283 145.05 147.85 149.588 140.126 142.438 145.493 148.024 149.867 140.511 142.632 145.054 147.721 150.051 
151.862 152.68 153.961 155.21 156.212 151.702 152.775 154.86 156.786 157.251 151.457 152.801 154.978 157.521 158.349 151.238 152.224 155.525 157.278 158.137 151.859 152.734 155.167 156.365 156.905 
159.005 159.583 160.092 160.995 161.402 158.327 158.991 160.215 161.201 161.712 157.467 158.029 159.069 160.306 161.257 157.287 157.093 158.662 159.579 160.635 157.801 157.502 158.332 159.447 160.39 
163.219 163.165 164.699 163.848 162.824 164.401 163.898 164.666 163.597 161.936 163.418 161.721 161.004 159.469 162.992 162.958 159.803 157.115 159.203 161.892 164.352 160.282 158.79 160.932 160.072 
182.178 180.703 181.386 179.567 173.726 179.271 180.32 180.405 177.792 175.312 179.371 178.394 180.058 180.324 177.674 180.298 176.276 174.8 175.401 174.987 176.928 176.841 175.614 175.803 177.341 
190.415 186.66 183.256 182.636 182.657 186.943 186.173 182.146 180.799 178.766 186.645 185.361 183.637 182.809 181.047 186.337 183.807 182.407 181.376 179.663 186.797 185.315 183.681 181.085 179.849 
189.742 193.003 190.901 186.464 186.36 191.065 189.974 191.294 185.903 184.81 193.079 189.752 191.131 186.175 186.018 190.022 188.333 189.564 187.275 188.049 189.162 188.45 189.914 187.828 187.75 
202.496 201.95 199.651 199.06 199.633 203.599 202.178 200.461 199.058 199.121 204.647 202.795 201.419 199.376 198.482 204.812 202.013 201.342 200.449 199.673 204.02 203.126 202.209 200.901 200.379 
210.613 211.112 208.087 207.786 208.21 213.889 211.331 209.104 206.811 208.269 214.621 212.458 211.273 209.827 211.408 213.95 212.644 213.384 211.763 212.472 212.682 212.644 213.658 214.717 212.895 
218.259 214.556 211.548 212.565 215.986 222.61 216.178 216.484 211.037 214.967 221.237 218.734 218.739 217.189 219.351 216.244 218.819 220.701 219.588 218.124 215.806 215.861 220.764 219.947 218.271 
217.469 219.555 222.512 222.983 219.711 220.93 216.246 215.477 217.971 215.936 223.187 220.195 221.526 221.031 219.963 224.214 223.468 222.862 220.955 222.692 222.564 220.359 222.695 223.035 222.21 
215.955 215.454 220.057 220.607 221.063 220.091 217.752 218.641 221.663 217.006 222.213 222.029 218.206 216.69 218.832 221.068 221.401 216.608 216.474 216.799 219.418 222.52 219.585 220.843 221.27 
133.576 71.8469 148.381 72.3236 89.2595 206.791 203.578 71.8885 122.184 75.9254 119.801 234.745 164.925 149.445 173.175 107.587 92.6766 55.5721 192.268 222.861 117.812 249.658 160.058 172.357 207.435 
73.0168 10.0911 72.983 186.409 181.871 163.075 225.425 76.4053 74.3227 198.942 99.2745 95.6482 153.441 27.6517 93.7612 52.4674 98.166 164.906 160.123 168.534 180.804 86.5432 113.899 215.62 149.3 
247.235 247.794 236.706 169.934 7.92299 179.896 10.6367 174.387 98.2601 132.289 221.748 41.1194 103.339 144.032 193.058 254.198 47.8962 213.5 163.554 182.972 121.602 42.8183 212.575 117.727 64.7258 
38.7872 164.817 172.016 55.8598 197.855 249.191 76.7685 59.8093 12.008 250.56 172.738 228.311 56.3697 244.425 107.06 51.978 85.7179 70.6178 18.4881 82.7287 226.353 18.365 119.4 26.0633 158.081 
97.5547 97.4239 97.6213 97.1125 96.7558 95.8938 95.8503 95.966 96.0619 95.4655 94.6166 94.6316 94.5447 94.1502 94.131 92.6364 92.5926 92.026 92.3651 92.1647 90.6153 90.7188 89.9659 90.14 90.4428 
98.745 98.8932 99.5821 99.5228 99.5611 96.9725 97.2992 97.9865 98.4679 98.4046 95.2989 95.8785 96.4165 96.7944 97.0028 93.5264 93.9971 94.145 94.839 95.1384 91.7519 92.2461 92.1777 92.794 93.3393 
102.135 104.368 106.174 107.144 108.117 102.381 103.394 104.708 106.041 106.826 101.823 102.435 104.097 104.688 106.117 98.4621 101.122 103.719 103.598 104.843 96.8971 99.3716 103.134 103.11 104.625 
106.477 109.449 111.534 112.922 114.535 107.889 109.549 111.302 112.646 113.893 107.906 109.519 111.491 112.101 113.836 104.831 108.703 111.838 111.65 113.124 102.92 106.56 111.196 111.671 113.217 
115.38 120.193 122.623 124.94 128.236 116.602 120.02 122.678 125.004 128.065 116.693 120.254 123.037 124.935 128.035 114.357 119.622 123.519 124.844 127.581 113.02 118.046 123.049 125.068 127.999 
125.604 129.809 133.11 136.619 140.608 125.345 128.811 133.058 136.648 140.426 125.183 128.114 132.112 136.88 140.263 125.187 128.362 132.34 136.463 139.787 125.428 128.76 132.05 135.949 139.845 
134.579 136.796 138.786 138.518 140.137 134.212 133.77 136.834 137.769 141.685 133.203 134.696 136.615 138.553 140.069 131.853 136.04 137.369 139.855 137.066 133.786 134.66 137.291 139.716 138.602 
154.864 154.634 156.397 155.782 154.844 155.945 155.313 156.025 155.174 154.161 155.016 153.447 152.705 151.937 155.672 155.131 151.87 149.82 152.433 154.747 156.09 152.559 151.639 154.089 152.763 
160.508 159.847 161.275 160.395 159.166 160.84 160.162 160.728 159.591 157.909 160.183 158.614 157.548 156.279 159.251 159.909 157.077 153.82 156.08 158.365 160.614 157.167 155.141 157.252 156.129 
165.285 165.101 165.577 163.754 162.664 165.146 164.747 164.326 163.43 160.785 165.186 164.233 164.012 161.146 163.62 165.274 161.967 158.833 160.36 160.74 165.114 161.87 159.996 160.444 159.076 
177.554 182.248 181.036 174.565 173.333 178.529 179.043 178.344 173.886 171.442 178.605 179.26 180.709 175.706 173.609 177.322 177.273 178.408 177.176 175.402 176.499 176.578 177.782 176.077 175.294 
183.109 187.832 186.372 179.834 179.108 184.963 184.594 184.033 179.285 177.657 184.848 184.961 186.586 181.292 179.648 183.753 183.157 184.783 183.234 181.199 183.142 182.611 184.032 182.442 181.356 
188.685 193.231 192.717 187.057 186.537 191.249 192.519 192.819 186.226 185.342 192.26 192.221 191.797 186.096 185.935 190.944 190.83 191.337 188.851 189.165 189.241 189.953 190.485 189.299 189.485 
209.817 206.489 205.108 205.04 207.578 211.977 208.121 207.919 204.347 207.114 210.681 209.252 209.532 208.449 208.983 207.429 209.467 211.091 210.684 207.812 207.499 208.212 211.666 209.594 208.155 
216.266 212.204 210.5 211.739 215.011 220.415 214.25 214.512 209.703 214.13 218.336 215.953 216.243 215.15 217.353 212.954 216.117 218.321 217.022 214.753 212.912 213.728 218.564 216.208 213.741 
213.673 214.759 217.275 219.751 219.527 218.284 216.542 217.694 215.466 215.629 217.789 217.362 216.128 213.914 214.228 215.538 215.597 215.457 212.127 211.196 215.535 213.26 215.669 212.602 213.671 
207.947 206.655 223.128 204.894 218.483 193.717 207.348 218.283 215.855 200.628 213.431 224.015 199.568 217.803 220.156 203.088 212.198 187.175 219.376 194.347 213.707 190.346 220.093 196.488 213.659 
208.29 72.9037 199.107 169.69 241.372 181.093 130.753 109.463 227.658 244.063 190.662 245.772 12.258 185.761 49.5165 192.975 47.1755 202.963 92.6332 157.708 94.5911 248.536 24.154 59.691 208.847 
182.751 244.175 176.116 80.3223 229.21 172.932 111.852 61.1336 166.269 6.48542 66.1009 31.7215 98.9965 17.156 200.965 234.476 65.0251 117.26 125.356 66.574 20.0855 158.693 184.596 46.7669 151.319 
130.31 16.7984 157.604 26.7408 85.2136 216.693 23.8254 105.023 36.3614 148.748 70.2663 173.673 117.054 190.245 91.3979 241.717 134.162 156.974 50.8507 119.467 42.5136 122.647 156.921 53.6872 33.2782 
9.8633 50.8903 77.142 198.624 47.9813 223.82 81.667 251.666 109.529 229.051 146.203 106.113 139.027 49.2346 189.095 193.841 166.43 35.2287 173.387 35.1442 96.197 86.8295 37.7519 17.0092 71.3237 
89.7944 90.1494 90.476 89.9625 89.8183 88.8011 89.0308 89.2659 89.1246 88.9854 87.5227 87.5321 87.7065 87.6986 87.8218 86.183 85.9993 86.188 86.2675 86.3997 85.1505 84.8222 84.9888 85.1554 85.2988 
91.4086 91.6364 92.1437 92.3941 92.3145 89.8521 90.2969 91.0674 92.0055 91.9622 88.0108 88.6135 89.0642 90.2077 90.5529 87.0211 86.8965 87.373 88.694 88.8619 85.7686 86.042 86.7144 87.5884 88.0383 
93.8412 94.7455 95.8484 96.8282 97.5495 93.0609 94.0997 95.0495 96.1463 97.0729 92.051 92.9984 93.9931 95.0654 95.9858 90.8361 91.7592 92.9009 93.9534 94.7707 90.0626 90.7104 91.9312 93.1391 94.0338 
95.5044 99.6325 101.554 103.34 105.547 96.4341 99.5552 101.377 103.238 105.483 96.4388 99.7294 101.86 102.909 105.717 94.0715 98.943 102.076 102.696 104.825 92.754 97.3612 101.694 102.862 105.065 
99.9963 109.292 113.04 117.674 124.104 100.064 109.795 113.209 119.078 126.231 100.055 109.892 113.77 117.578 126.557 100.106 109.413 113.17 117.463 124.193 99.8663 109.327 112.457 117.26 123.907 
125.206 128.6 131.094 131.473 133.953 125.005 125.707 129.183 130.585 135.611 124.253 127.108 129.269 131.509 134.052 123.04 128.49 130.112 133.039 131.203 125.02 127.21 130.095 133.1 132.878 
129.491 131.441 133.575 133.163 134.581 129.158 128.632 131.746 132.521 136.371 128.577 130.099 131.822 133.459 134.814 127.302 131.693 132.66 134.948 131.837 129.226 130.26 132.824 134.924 133.479 
134.103 135.769 137.314 136.577 137.695 133.781 132.956 135.593 135.875 139.165 132.875 133.996 135.307 136.472 137.479 131.476 135.177 135.706 137.662 134.538 133.321 133.912 135.787 137.545 135.95 
156.406 155.239 156.523 156.086 154.763 156.368 155.585 156.441 155.481 153.128 156.66 154.101 153.673 151.891 154.86 155.89 153.006 149.396 151.227 152.918 155.295 152.451 150.395 151.903 150.638 
166.692 164.544 163.259 163.587 162.564 163.288 163.235 163.862 163.74 160.123 164.752 162.669 163.444 162.762 160.326 162.49 162.02 159.285 159.222 159.256 159.122 159.861 157.85 156.612 157.576 
172.08 172.529 169.837 167.479 167.139 169.826 170.169 167.625 167.812 164.875 170.483 171.659 172.737 169.424 167.866 170.351 169.237 168.456 167.604 164.671 168.05 168.594 168.421 164.805 164.897 
183.054 187.318 186.755 180.665 180.061 185.355 186.939 186.732 179.669 178.509 185.978 186.488 185.447 179.214 179.271 184.51 184.941 184.772 182.089 182.879 182.494 183.167 183.742 182.69 183.215 
193.126 193.477 192.832 190.651 191.581 193.822 196.823 195.688 190.121 190.821 195.055 197.061 193.303 188.197 189.971 195.658 195.751 193.363 190.022 191.578 193.39 194.538 192.443 190.922 192.933 
198.168 198.498 198.469 196.739 197.162 198.519 201.03 200.699 196.035 196.616 199.77 201.401 198.445 194.58 196.123 200.327 200.361 198.652 195.674 196.953 198.344 199.747 198.054 196.691 198.368 
209.935 210.52 212.102 212.884 212.563 212.744 212.024 211.447 209.976 210.206 211.649 211.669 210.084 208.751 209.061 210.164 209.938 209.505 207.554 206.432 210.291 208.98 210.197 207.724 208.58 
212.24 214.943 217.922 219.517 217.698 215.012 215.759 215.654 215.509 214.381 215.038 215.106 213.075 211.422 211.42 215.383 213.175 211.86 208.745 209.298 212.565 209.729 209.646 207.504 209.167 
212.52 206.89 210.039 215.176 213.817 208.567 216.445 215.975 207.241 213.555 206.451 218.944 213.509 202.863 209.525 215.597 204.443 197.897 202.249 197.126 200.031 204.215 195.093 195.458 195.611 
115.101 121.205 149.218 83.7883 27.7036 47.2055 104.561 75.4961 242.128 139.927 32.5967 78.8293 27.5386 226.326 88.3092 177.725 104.415 133.361 82.8757 119.742 128.758 6.21116 211.224 88.5052 197.238 
190.627 95.2538 226.754 233.701 217.076 187.361 250.081 67.0144 66.8403 239.683 58.0056 67.3845 6.65562 1.87384 142.959 92.9504 91.287 177.859 220.366 212.345 18.948 31.7227 147.391 111.553 173.402 
86.8311 236.153 56.8182 30.5988 22.6283 37.0155 123.217 251.627 36.6588 49.6339 44.2918 114.661 249.232 82.2755 118.993 175.943 23.6544 124.029 72.9827 125.087 148.495 114.827 34.1353 48.0845 140.548 
27.5878 15.7629 53.9344 198.363 91.6183 136.246 241.949 192.089 76.8638 158.83 214.664 27.7978 19.5907 77.202 51.8429 157.828 200.718 174.326 120.591 145.77 7.12475 116.976 240.789 213.989 209.935 
83.5678 84.1349 84.4907 84.2857 84.4613 82.8089 83.2689 83.9702 84.3788 84.4286 81.4557 81.9558 82.3043 83.1949 83.5764 80.7615 80.6784 81.432 82.2411 82.4588 80.0658 80.3563 81.1321 81.7404 81.9515 
85.0807 85.6081 86.4132 86.7917 87.1309 83.9781 84.6176 85.7734 86.7787 87.1949 82.4 83.122 83.7941 85.3996 86.1178 81.9379 82.0017 82.8086 84.2605 85.1054 81.397 81.6963 82.6658 83.7674 84.4349 
86.3112 87.3928 88.4956 89.5861 90.3647 85.705 87.0533 88.4718 89.9133 90.7776 84.9657 86.3478 87.4335 89.2132 90.3536 84.9017 85.6783 86.8956 88.5015 89.5259 84.6863 85.7923 87.1371 88.4248 89.269 
87.7831 89.6481 91.1687 93.0381 94.7486 87.9905 90.2199 91.8548 93.7324 95.463 88.2417 90.5375 92.3706 94.0724 95.8328 88.4548 90.7851 92.638 94.5589 96.0926 88.9438 91.0589 92.856 94.5947 95.9847 
94.8633 97.9779 100.08 102.516 105.102 95.3986 98.8006 100.807 103.15 106.192 96.0767 99.9666 102.127 104.199 107.423 96.9136 100.658 102.765 105.086 107.623 97.9914 101.554 103.386 105.631 107.866 
112.685 113.921 115.68 117.877 119.715 113.062 114.527 116.464 118.66 120.864 114.002 115.644 117.64 119.753 121.756 114.782 116.464 118.44 120.661 122.537 115.57 117.049 118.96 121.124 122.807 
126.87 128.635 130.259 129.872 131.357 126.779 126.147 128.779 129.395 133.002 126.239 127.674 129.112 130.374 131.583 125.168 129.12 129.951 131.928 129.032 127.244 128 130.186 132.041 130.578 
124.399 125.685 127.277 129.145 127.755 125.388 125.728 127.073 127.175 128.327 126.159 125.346 125.449 126.365 127.351 125.118 125.568 125.907 125.701 126.912 125.652 126.659 127.123 126.903 126.166 
136.774 136.364 136.414 136.764 136.171 135.649 135.692 136.292 136.187 135.793 135.425 135.119 135.233 135.129 135.753 134.568 134.702 134.419 134.466 134.518 135.109 135.296 134.941 134.907 134.718 
153.12 151.241 150.083 150.706 149.891 150.068 149.893 150.753 150.833 147.967 151.341 149.01 150.188 149.349 148.064 149.2 148.743 146.953 146.32 145.787 146.891 147.426 146.078 144.805 144.978 
163.775 163.009 161.103 159.429 157.9 163.602 163.757 160.094 158.085 156.547 163.519 163.569 160.286 157.551 156.631 162.322 162.114 159.444 158.592 158.93 160.141 160.876 160.597 158.836 158.686 
177.918 176.05 174.385 172.919 172.829 178.553 177.092 173.91 172.123 172.664 177.142 176.498 174.11 171.122 171.51 176.923 177.244 174.561 173.503 173.27 177.265 176.809 175.617 173.228 172.89 
187.517 187.077 186.182 184.285 185.329 188.028 190.093 188.715 183.584 184.504 188.81 190.189 186.371 181.468 183.683 189.258 189.424 186.662 183.31 185.2 187.683 188.591 186.238 184.473 186.405 
188.233 188.535 188.331 187.93 188.469 188.158 188.648 187.528 185.594 188.565 187.753 187.953 186.652 185.391 186.006 188.63 187.944 186.055 187.334 187.906 190.965 191.694 190.282 189.311 188.918 
207.017 207.133 206.419 205.852 205.708 206.884 206.628 205.32 204.614 205.186 206.02 205.928 204.239 203.822 204.814 206.211 205.797 204.227 203.709 205.273 206.751 206.171 205.003 204.259 205.788 
209.679 213.01 214.397 216.424 214.061 213.162 213.689 211.97 212.871 211.51 212.54 212.988 209.249 208.377 208.707 212.992 210.32 208.01 205.555 206.871 212.508 209.367 207.969 206.586 209.07 
177.594 151.177 242.694 108.572 157.401 65.4476 90.692 125.86 187.572 64.9032 153.61 238.169 86.4419 202.667 241.632 59.1975 99.2065 118.732 207.881 183.136 126.357 120.28 146.306 80.2577 144.803 
227.861 7.55243 250.435 6.02479 112.147 134.936 197.379 83.359 105.957 3.47339 0.0734535 155.075 170.96 204.001 126.214 113.985 65.0588 54.8079 176.852 181.629 175.591 129.574 70.9642 210.275 180.909 
122.617 35.482 244.127 220.711 172.291 78.4456 252.225 234.652 87.2524 221.968 183.001 22.9824 3.60506 200.449 21.0991 24.1116 143.177 137.731 102.405 246.891 92.2895 103.091 87.7076 33.1722 153.56 
208.55 9.52333 89.3385 32.9845 195.774 190.657 72.1604 189.297 22.6922 68.0521 18.4325 209.616 221.588 148.006 136.089 212.901 206.705 68.5198 47.313 84.4955 6.69725 26.4871 162.001 57.4495 40.7808 
183.917 65.8296 51.6289 131.281 4.09846 228.42 15.9866 112.654 236.407 169.658 162.729 223.901 5.15968 227.106 253.118 91.3962 48.6892 144.877 116.048 250.748 124.917 118.653 190.114 171.962 5.80654 
79.5745 80.3085 81.0952 81.3026 81.9317 79.1148 79.7955 80.6686 81.1212 81.7027 78.6184 79.175 79.9645 80.7069 81.3601 77.968 78.4398 79.3116 80.1392 80.8381 77.9185 78.2341 79.0289 79.6787 80.3734 
80.5323 81.088 81.818 82.3835 82.9105 80.143 80.7121 81.6971 82.5262 83.0033 79.4966 80.0713 80.7971 81.9656 82.6213 79.1987 79.5226 80.4183 81.3889 82.1407 79.0211 79.4492 80.3371 81.2237 81.8808 
82.4533 82.9138 84.1194 85.4256 86.4516 82.4382 83.2501 84.5248 85.6352 86.7402 82.5155 83.4279 84.6112 85.7529 86.7309 82.8615 83.5318 84.5664 85.8475 87.0284 83.422 83.9764 84.9699 85.9593 86.9039 
85.933 85.7261 86.6665 87.6856 88.1871 86.5502 87.1071 87.473 88.3607 89.049 87.6027 88.4185 88.6975 89.6152 90.3398 89.0315 89.8345 90.3627 91.1513 91.4202 89.7048 90.8197 91.3407 92.3158 93.1769 
92.3614 92.6581 93.561 94.837 95.7716 93.3058 93.9454 94.9022 95.9958 97.1184 94.7812 95.6459 96.6147 97.6275 98.5943 96.2557 97.2806 98.2306 99.3549 100.036 97.5411 98.4498 99.2869 100.387 100.933 
103.114 103.75 104.438 105.572 106.75 104.045 104.649 105.39 106.499 107.847 105.427 106.16 106.897 107.936 109.141 106.923 107.638 108.276 109.192 110.21 107.997 108.88 109.444 110.142 111.009 
116.741 118.305 120.035 122.006 121.002 118.268 118.611 119.917 120.338 121.908 119.398 118.618 118.846 120.098 121.055 118.842 119.2 119.747 119.816 121.255 119.395 120.343 121.032 120.937 120.537 
119.909 121.431 122.95 124.666 123.488 121.394 121.549 122.832 122.933 124.158 122.351 121.412 121.464 122.419 123.144 121.606 121.821 122.135 121.946 123.242 122.129 122.952 123.408 123.011 122.384 
124.261 125.377 126.646 128.163 126.679 125.115 125.257 126.386 126.237 127.226 125.843 124.817 124.682 125.396 126.279 124.64 124.927 124.941 124.613 125.732 125.259 125.987 126.187 125.739 125.008 
130.369 129.438 128.917 128.567 127.934 130.603 129.839 129.242 129.479 128.427 130.986 130.323 129.736 129.5 128.641 130.985 130.129 128.769 128.161 127.767 130.667 129.432 128.637 128.136 127.439 
140.392 139.458 138.207 137.297 136.472 140.447 139.585 138.166 137.075 136.398 140.661 139.67 138.474 137.188 136.265 140.409 139.374 138.141 137.074 136.349 140.11 139.038 137.929 137.162 136.389 
156.769 155.73 154.357 153.566 152.877 156.888 156.133 154.249 152.833 153.093 157.713 156.524 154.945 153.843 153.474 157.671 156.522 155.141 154.163 153.768 157.288 156.389 155.637 154.573 154.332 
169.174 168.651 168.058 168.041 169.295 169.198 168.718 167.758 165.837 170.23 168.855 168.444 167.278 165.924 167.067 170.295 169.5 167.023 168.751 169.458 173.325 174.238 172.847 171.444 170.092 
171.821 171.575 171.283 171.449 172.536 171.544 171.476 170.948 169.077 173.159 171.728 171.32 170.052 169.353 170.541 172.765 171.654 169.914 171.59 172.598 175.774 176.735 175.623 174.905 173.766 
183.788 187.273 187.576 187.609 186.851 184.722 187.472 186.356 185.858 186.813 188.08 182.401 186.302 181.103 185.751 188.552 185.471 180.329 182.334 188.373 191.793 191.688 189.189 188.938 186.54 
225.011 65.5215 78.446 236.509 73.7578 104.873 205.429 61.3407 200.803 169.488 123.775 61.6381 192.36 208.317 67.3616 75.2371 126.74 206.854 166.086 167.33 75.3493 163.795 75.5208 226.039 131.734 
225.347 32.8987 1.01844 225.227 3.27821 0.615435 89.5737 169.129 141.508 143.225 71.8896 227.087 87.9598 232.331 17.2823 190.838 77.0723 193.839 244.954 166.833 158.662 212.227 152.984 19.4743 198.817 
199.94 120.548 78.3399 91.4098 144.201 120.721 207.712 7.6714 69.8596 2.07913 29.291 161.13 92.3816 195.689 75.4367 103.714 250.647 171.339 222.542 110.716 110.935 238.6 182.609 114.245 0.566515 
191.103 121.512 237.893 39.6836 230.984 79.2039 193.588 21.9898 171.573 20.436 70.4794 60.6214 236.317 223.969 6.41265 163.193 212.247 101.448 55.4841 18.0559 23.593 184.515 45.6645 167.641 50.9273 
70.6353 9.44427 9.22462 102.071 13.5106 189.048 220.583 40.2773 12.7928 46.6406 104.774 149.069 28.7734 24.6003 191.826 204.489 39.0117 162.492 168.815 30.5735 160.189 204.895 87.0975 162.091 136.775 
99.5394 25.8758 221.649 111.01 136.083 135.057 160.811 212.669 190.763 61.3776 189.329 45.0856 151.683 145.757 239.124 157.756 109.815 113.114 165.595 181.136 71.5691 178.611 174.409 113.483 191.279 
74.3338 75.2288 76.2623 76.8659 77.2004 74.1619 74.8716 75.9348 77.2125 77.6147 73.7487 74.8035 75.814 77.0066 77.7678 73.1276 74.2228 75.913 76.8984 77.3874 73.2038 74.1169 75.2364 76.4194 76.6578 
75.6429 76.2188 77.1083 78.0507 78.878 75.5392 76.062 77.0617 77.97 78.8234 75.4501 75.9393 76.9628 78.0714 78.7904 75.5352 76.0752 76.8396 78.0152 78.9944 75.9724 76.359 77.0248 78.0236 78.9824 
79.3567 78.733 79.2304 79.8785 80.2662 80.3282 79.9222 80.105 80.759 81.0474 81.4976 81.5031 81.3239 82.0931 82.2961 82.8288 82.9006 83.4079 83.7566 83.7845 83.3607 84.0048 84.4321 85.1232 85.4699 
85.4449 84.2517 84.4577 85.0756 85.1246 86.3761 85.9621 85.5125 85.8435 86.0932 87.6812 87.8184 87.3943 87.5328 87.48 89.6777 89.9447 89.8961 90.0281 89.4596 90.5596 91.1058 91.1006 91.7155 91.9801 
90.4579 89.555 89.7435 90.1113 90.1457 91.4186 91.196 90.725 91.0529 91.2958 92.9183 93.0046 92.5471 92.6137 92.8795 94.801 94.9495 94.8075 94.8836 94.3759 95.6261 96.1997 96.0324 96.4414 96.6404 
99.528 99.59 99.8747 100.668 101.155 100.11 100.356 100.685 101.428 102.117 101.157 101.396 101.787 102.176 102.863 102.164 102.544 102.787 103.439 103.769 103.041 103.419 103.566 104.188 104.5 
107.136 107.543 108.005 108.26 109.22 107.582 107.645 108.154 108.268 108.958 108.257 108.449 109.119 108.692 109.052 107.958 109.025 109.322 109.375 109.531 108.176 109.569 109.557 109.058 109.829 
116.812 118.289 119.775 121.294 120.224 118.072 118.321 119.609 119.525 120.896 118.772 118.071 118.434 119.456 119.96 117.913 118.574 119.023 119.064 120.5 118.58 119.659 119.943 119.549 119.566 
123.239 123.437 122.713 120.824 121.245 122.753 122.858 122.551 122.143 119.741 122.835 122.664 123.07 122.532 121.611 122.773 122.172 122.283 122.562 122.496 123.139 122.432 122.047 122.681 123.17 
127.542 126.561 125.906 125.518 125.201 127.908 127.153 126.511 126.707 125.776 128.091 127.588 127.151 126.954 126.055 128.028 127.538 126.222 125.812 125.364 128.003 126.731 125.995 125.71 125.161 
131.457 130.638 130.249 129.96 129.749 132.113 131.579 130.99 131.088 130.396 133.015 132.563 131.979 131.669 130.888 133.326 132.62 131.451 131.089 130.702 133.2 132.08 131.442 131.063 130.557 
139.973 139.698 139.503 139.03 139.084 140.64 140.163 140.047 139.771 139.763 141.631 141.542 141.107 140.716 140.684 142.212 142.005 141.564 141.229 141.478 142.385 142.029 141.692 141.675 141.767 
144.346 144.582 145.1 144.866 145.86 144.697 144.218 144.573 144.859 145.141 145.74 144.977 146.158 147.052 146.812 146.035 146.647 147.641 148.007 146.702 146.305 147.755 150.072 149.482 148.278 
151.834 150.884 152.915 152.491 152.98 153.771 152.043 151.828 151.209 154.008 152.379 152.415 152.336 151.191 152.616 152.748 152.618 153.647 155.501 155.391 156.215 155.301 156.356 157.225 155.347 
172.091 172.931 141.022 128.11 151.234 142.824 134.453 127.669 114.687 132.508 155.676 171.051 114.163 140.567 126.666 123.431 134.627 171.401 172.997 168.395 153.972 154.379 119.095 127.384 116.315 
133.897 218.53 226.4 117.71 233.413 163.738 164.171 34.8095 205.755 196.94 155.569 59.8573 154.97 213.743 32.3755 203.383 169.304 130.759 156.46 3.63654 247.392 175.495 62.8769 233.925 7.34229 
150.118 217.016 147.82 74.3522 91.5341 242.699 168.089 182.676 238.178 0.0558752 211.365 46.0916 93.6607 167.368 78.2716 98.0825 245.529 171.693 206.753 184.685 172.936 168.353 128.395 145.459 154.881 
194.649 218.385 132.321 65.8317 97.9312 179.654 47.072 53.5679 216.395 113.541 253.658 79.1765 109.418 62.6621 85.4767 34.5355 176.428 75.0183 116.304 254.401 214.075 36.0799 132.267 172.952 222.135 
126.971 10.1793 105.631 10.8577 248.241 242.889 235.151 112.584 2.86837 97.9563 40.3744 53.3479 215.718 190.362 220.94 5.14264 199.81 209.627 153.062 125.995 160.01 103.561 142.852 254.059 2.77952 
183.772 236.455 201.113 232.534 15.2418 183.002 172.637 187.765 115.147 134.89 44.9051 233.69 128.886 112.17 232.388 189.624 247.532 85.9033 102.168 241.2 235.083 90.0396 148.812 40.0272 202.139 
59.462 253.172 230.534 35.6366 111.742 218.598 202.535 231.974 84.868 185.939 184.301 13.2783 22.0937 139.151 115.583 174.429 90.9217 200.364 105.166 3.35144 203.858 248.027 203.917 36.5686 129.528 
69.8839 71.3728 72.7851 73.9059 74.0971 69.8712 71.1554 72.6008 74.6037 75.1042 69.3155 71.44 72.9735 74.6577 75.6486 69.1434 71.0641 73.3694 74.7425 75.3556 69.8441 71.4633 72.7398 74.1449 74.4442 
70.845 71.4114 72.169 72.7541 73.0556 71.3978 71.7192 72.5746 73.8001 74.1939 72.2167 72.8748 73.4041 74.5159 75.1709 72.8894 73.7124 74.9063 75.4354 75.8227 73.8706 74.5582 75.3552 76.0218 75.8006 
72.7699 72.0944 72.0229 72.1952 73.2712 75.165 73.7326 74.1163 74.3286 74.8414 77.2744 76.8932 76.5569 77.2546 77.1799 79.7248 79.3341 79.9425 79.8187 79.889 81.0275 81.4374 81.7916 81.7968 81.4534 
82.0748 80.6192 80.4437 80.4209 80.2409 83.5084 82.3847 81.6148 81.4729 81.161 85.1607 84.7312 83.4889 83.3311 82.8693 87.1567 86.6432 86.3362 85.8691 84.8931 87.7287 87.9445 87.6962 87.6829 87.3703 
91.075 90.0752 89.672 89.3423 88.7266 90.757 90.0935 89.1048 88.6085 88.3487 91.3054 90.7406 90.0831 89.1981 89.083 92.0341 91.8848 92.0837 91.3245 90.4357 93.254 92.7782 92.6715 92.4569 91.3603 
100.844 100.924 100.957 100.953 101.396 100.942 100.899 101.038 100.725 101.163 101.363 101.547 101.632 100.935 101.354 101.152 101.968 101.799 101.641 101.666 101.132 102.16 101.719 101.279 101.884 
102.95 103.884 101.804 102.453 103.454 103.296 103.001 103.123 103.374 103.304 104.162 103.58 104.164 103.865 103.628 101.682 103.483 103.854 102.983 103.275 102.167 103.462 103.287 102.849 101.864 
113.031 114.038 113.736 112.054 113.131 112.418 112.899 113.138 112.585 110.826 112.368 112.765 113.745 113.193 112.688 111.847 112.425 113.381 114.088 114.314 112.302 112.911 112.655 113.49 115.005 
118.29 119.153 118.431 116.08 116.846 117.153 117.781 117.87 116.931 114.445 116.717 117.149 118.231 117.64 116.665 116.512 116.592 117.692 118.616 118.867 117.239 117.108 116.812 118.033 119.855 
122.987 123.668 123.257 121.763 121.612 122.775 123.151 122.501 121.917 119.914 123.09 123.032 122.861 122.346 121.956 122.212 121.612 122.174 122.689 122.698 122.234 121.908 121.9 122.87 123.34 
129.539 129.085 129.076 128.839 128.387 129.84 129.413 129.56 129.237 128.633 130.46 130.543 130.383 129.712 129.081 130.697 130.846 130.579 129.995 129.781 130.663 130.363 130.092 130.264 130.478 
137.62 137.979 138.522 138.259 138.548 138.04 137.64 138.243 138.404 137.979 139.387 138.919 140.012 140.566 139.753 139.538 140.32 141.131 141.081 139.579 139.591 141.049 142.996 142.35 141.229 
140.779 140.832 142.354 141.908 142.331 141.884 140.673 141.322 141.867 141.978 142.05 141.606 143.278 143.895 143.502 141.996 143.076 145.087 145.628 143.841 142.946 144.058 146.941 146.999 145.207 
142.582 142.097 143.726 143.839 144.342 143.332 142.687 142.503 143.469 144.021 143.954 142.332 144.219 144.622 144.916 142.902 143.877 146.599 147.869 144.998 144.163 145.664 149 149.456 147.206 
82.4267 177.206 117.552 176.914 177.617 163.208 83.3952 161.335 142.028 86.7159 100.216 151.232 185.364 150.059 132.594 113.379 133.36 170.103 110.719 166.639 171.261 160.232 147.589 141.52 86.9692 
208.586 90.4281 202.67 190.314 140.278 98.7031 95.1063 216.569 52.096 124.399 248.03 252.914 175.027 30.7754 60.5727 204.26 46.6284 127.524 117.054 159.766 127.025 169.193 48.3512 115.958 59.8646 
41.6562 127.208 26.7072 171.768 39.7846 27.4419 105.69 94.7955 85.2019 74.2696 210.82 166.915 98.6812 252.513 209.268 53.6776 247.982 214.975 38.4145 233.315 86.2617 229.255 121.399 248.156 86.363 
234.851 20.109 69.6312 188.13 120.243 105.286 151.615 99.2582 133.958 241.419 79.831 220.778 130.389 92.7759 178.133 41.2176 127.908 175.809 166.069 89.1128 215.125 170.71 121.642 66.1363 73.7966 
178.946 110.048 132.255 42.4834 234.23 122.963 20.3315 98.8942 116.605 152.65 62.371 189.09 35.8786 71.2062 243.236 209.308 40.619 6.87179 12.5915 35.4102 48.0069 146.635 131.014 126.72 241.062 
138.07 238.81 33.2486 0.295268 211.386 0.578496 126.637 1.60592 209.122 148.275 10.2996 189.741 188.959 43.5662 24.4575 45.4163 82.7073 171.305 102.269 166.501 153.447 64.8767 199.61 177.415 41.2047 
219.828 44.6291 148.575 55.939 217.378 205.889 52.8122 180.883 7.8733 21.8676 182.1 189.061 126.374 116.999 119.618 241.422 2.55025 192.911 173.827 90.1572 242.399 129.804 26.7286 183.323 66.9021 
56.9661 72.3776 71.0413 69.2388 68.6792 57.1734 72.3848 70.855 70.3865 70.043 57.6184 73.2922 71.8471 70.781 71.1913 58.1414 73.8821 73.1129 71.5596 71.4628 59.4242 74.7963 73.2156 71.733 71.065 
68.0479 68.4563 68.1375 67.9911 68.4953 68.4657 69.0385 69.0834 68.8756 69.8428 70.7836 70.6554 70.1494 70.5046 70.8505 72.6821 73.3948 72.3496 71.7782 72.5131 74.7077 74.8775 74.6737 73.6833 73.7254 
71.4137 71.053 70.5737 70.0831 70.2724 72.2578 71.7738 71.445 71.1063 71.2995 73.9754 73.3714 72.5689 72.5695 72.4728 75.3224 75.0293 74.425 73.8826 73.8934 76.341 76.0413 75.9703 75.4265 74.9475 
82.3866 81.2962 80.7205 79.7668 79.0556 82.0351 81.1146 79.7471 78.8575 78.2727 82.2357 81.3009 80.3646 79.199 78.6816 82.4576 81.893 81.8829 80.8445 79.8331 83.0892 82.4355 82.3591 81.721 80.4703 
87.5839 86.9024 84.828 83.2809 82.0291 87.5541 86.8816 84.3362 83.7063 81.9559 86.732 85.975 85.0779 84.026 83.3519 87.4678 86.4521 85.9967 85.4701 83.6145 86.5302 86.0652 86.3866 86.5092 84.9091 
96.28 96.6562 94.2319 94.6416 94.8579 96.4769 95.8266 95.1635 95.2468 94.615 97.312 96.0698 95.8036 95.3457 95.0152 95.164 95.8771 95.9601 94.7737 94.6246 95.8066 96.0847 95.8454 95.3695 93.3271 
99.9277 100.518 98.382 98.9602 99.5128 100.323 99.8926 99.5204 99.8491 99.3898 101.163 100.525 100.356 100.11 99.633 98.6961 100.105 100.248 98.9688 98.9844 99.0497 99.8575 99.6661 99.0934 97.3211 
103.973 104.854 102.55 103.026 103.693 104.323 104.074 103.924 104.175 103.714 105.078 104.411 104.72 104.658 104.12 102.799 104.158 104.447 103.566 103.782 103.466 104.209 103.883 103.415 102.208 
116.676 117.901 117.508 115.629 115.703 116.444 116.887 116.315 115.661 113.735 116.554 116.5 116.152 115.784 115.754 115.86 115.419 115.586 115.97 116.189 115.782 115.508 115.345 116.066 116.774 
120.817 121.594 122.146 122.479 121.218 121.122 121.551 121 120.38 120.26 122.014 121.794 120.598 120.257 120.834 119.994 119.473 119.801 119.957 119.98 119.167 119.211 119.797 119.777 119.592 
124.542 124.797 124.318 123.802 122.279 125.198 124.738 123.327 122.056 121.371 125.936 125.519 123.627 122.581 122.576 124.388 123.66 123.355 122.82 122.28 123.863 123.801 123.736 123.58 122.72 
133.422 132.44 131.102 129.353 127.814 133.979 132.812 131.675 129.782 128.115 134.776 134.199 132.485 130.356 128.813 134.993 134.341 132.722 130.58 129.487 134.559 133.819 132.261 131.003 130.106 
139.026 139.256 138.419 137.809 138.031 139.403 138.185 138.768 138.139 137.329 141.037 140.088 140.502 140.435 138.26 141.555 141.703 142.34 141.016 138.823 141.212 141.876 144.458 142.382 140.583 
151.185 166.8 104.281 133.572 104.095 99.7676 107.114 159.964 157.177 135.176 104.279 110.671 142.271 116.77 134.089 142.781 157.822 97.513 170.431 174.685 132.749 139.228 127.177 137.158 117.414 
150.708 76.3142 247.562 62.2434 236.161 113.722 196.977 123.126 23.822 138.948 101.235 105.517 134.015 44.9107 86.7419 118.378 52.6579 203.326 212.112 86.9759 169.036 180.071 34.3232 202.126 18.2354 
182.533 89.5212 90.9333 200.307 196.006 42.93 73.7384 168.768 63.4015 33.2415 247.411 221.08 19.6491 154.23 84.8588 98.9524 5.89984 59.0326 91.6242 31.5983 229.471 186.451 208.756 121.15 21.9419 
170.613 38.1845 99.8266 13.8096 158.152 154.667 242.969 191.31 115.09 235.096 32.3021 240.895 230.086 223.517 134.525 190.448 140.613 53.3458 189.914 237.801 73.8964 234.225 103.981 65.8831 55.3129 
48.6397 15.2659 224.457 90.8187 94.3291 161.618 243.69 62.859 55.6392 218.997 226.531 210.954 216.326 165.61 96.1545 26.7548 181.857 54.1549 236.53 223.461 12.3538 198.672 245.98 132.428 38.7208 
230.127 3.80889 121.318 162.121 197.494 31.3489 198.393 252.121 224.901 146.94 31.5659 75.9 214.374 13.7815 239.887 32.3404 75.9528 66.5244 118.802 61.4833 83.9086 189.296 85.9364 53.5339 1.58437 
47.7691 136.577 128.127 245.147 131.746 137.147 56.6112 102.466 232.109 145.202 49.7619 56.4849 254.076 234.45 116.604 185.197 128.195 88.3195 52.3647 42.8831 207.674 135.153 42.202 245.413 207.241 
221.639 172.786 241.34 198.832 166.022 177.846 86.5382 2.07684 159.614 41.8266 60.7461 241.991 76.9366 113.573 52.0723 32.5149 184.579 163.569 49.8756 65.1792 188.708 100.704 171.316 70.5393 80.9889 
42.9617 67.5068 64.5296 61.6129 62.5381 43.8141 67.853 64.199 62.0367 62.455 43.5467 67.7647 64.4053 61.3836 62.4556 43.2567 67.1509 64.4476 62.0323 62.6224 43.0623 67.7978 64.8607 62.2259 62.6242 
57.4746 68.8817 66.9832 65.1197 65.0096 57.7231 69.0265 67.0883 65.5343 65.5061 58.735 69.6854 67.78 66.2504 66.0241 59.4886 70.7119 68.6653 66.9237 66.7364 60.3293 71.4684 69.5883 67.7897 67.4733 
67.9592 68.2582 68.8392 68.4717 68.5996 67.5773 68.1021 69.0142 69.1926 68.9405 68.6461 69.3787 69.64 69.1824 68.6547 70.4892 70.864 70.0222 69.4694 68.8656 70.4062 70.7097 70.2318 69.5248 68.9811 
80.1384 79.9027 78.1406 76.8922 76.0186 80.3013 79.9498 78.0662 77.9098 76.4439 79.4651 79.0997 78.7113 78.1583 77.5797 80.1449 79.3034 78.9751 78.8314 77.5048 78.9903 78.7533 79.2077 79.6526 78.6052 
85.6406 85.1386 83.2063 81.6241 80.5006 85.7087 85.1471 82.8604 82.3168 80.6384 84.9695 84.2066 83.476 82.4465 81.8102 85.5259 84.4747 83.9651 83.4726 81.8823 84.6021 84.1941 84.3619 84.471 83.0664 
90.3937 89.9778 88.2939 86.9007 85.8316 90.5452 90.1388 88.1871 87.8415 86.2508 89.8044 89.4814 88.6318 87.9272 87.2352 90.2441 89.4676 88.7634 88.3445 86.9801 88.9304 88.7606 88.73 88.8702 87.6071 
97.9112 98.4166 96.1776 96.6165 96.948 98.4551 97.9743 97.4786 97.6942 97.0485 99.3463 98.5067 98.1586 97.8582 97.3163 97.0034 98.0178 97.9987 96.612 96.5674 97.3854 97.8618 97.5054 96.8644 94.9212 
103.853 102.06 100.932 100.264 100.1 104.028 103.154 100.676 100.466 100.74 103.813 103.689 101.834 101.157 101.003 104.367 104.077 102.056 101.67 100.856 104.85 104.461 102.31 102.417 100.482 
111.232 111.233 110.977 109.961 109.654 111.902 111.634 110.78 110.007 109.913 111.832 111.555 110.214 109.902 110.186 111.927 111.664 110.005 109.054 109.021 111.573 111.1 110.245 109.185 109.148 
116.928 117.152 116.725 115.925 115.017 117.639 117.246 116.109 115.077 114.932 117.961 117.397 115.725 115.152 115.451 117.098 116.668 115.348 114.429 114.395 116.712 116.411 115.889 114.964 114.315 
125.106 123.172 121.063 119.669 118.461 126.028 123.908 121.625 118.53 117.354 124.557 123.353 120.69 118.215 117.379 125.629 123.798 121.341 118.667 117.757 125.215 124.776 122.747 120.455 119.1 
131.156 129.195 125.247 121.617 119.459 132.102 129.298 125.564 121.826 118.994 131.722 130.161 126.416 122.405 119.83 132.306 129.982 126.858 123.011 120.541 131.815 130.322 126.869 124.471 122.223 
130.717 127.007 92.7795 131.117 123.869 178.9 142.353 177.631 79.8182 138.727 161.197 151.98 139.311 136.758 138.651 152.387 84.1479 141.011 94.189 154.285 140.187 102.597 108.064 165.587 86.6215 
23.1554 40.0967 230.725 10.766 134.307 74.4215 168.533 88.0511 152.394 101.533 92.8977 162.958 225.407 31.9675 20.1285 254.163 98.5541 6.39108 154.116 16.5036 150.366 165.471 71.1003 155.757 227.057 
176.422 154.77 132.628 167.486 214.386 16.7662 226.229 208.981 3.11263 80.8326 56.9455 226.073 205.216 70.8962 85.0085 136.638 12.2473 164.279 90.9025 78.0715 166.208 48.2106 9.19198 216.66 158.639 
21.7297 105.654 204.397 110.156 212.59 231.216 71.3473 55.9402 227.46 183.92 33.8249 56.4587 58.0909 188.396 31.2306 126.512 31.7198 108.521 30.8903 171.909 31.3998 92.329 190.308 84.56 206.213 
23.7723 119.28 118.987 87.6381 86.9659 226.448 71.0702 151.67 105.412 17.5729 34.448 52.736 74.8294 12.6241 101.939 213.706 247.234 170.491 75.7962 102.902 226.997 186.797 53.4095 238.749 238.958 
156.627 194.324 72.1666 136.839 152.6 118.387 187.218 97.032 45.4582 81.7854 184.191 21.7907 141.919 84.9382 3.46713 189.363 37.7065 84.3306 139.003 105.388 132.124 160.517 44.0975 150.553 84.1402 
68.4049 204.524 165.956 197.075 117.555 9.89673 51.0821 28.836 126.51 224.248 76.9232 18.7349 183.724 66.5456 129.746 75.2412 199.982 159.245 202.604 238.94 199.696 40.6979 165.273 150.436 185.916 
157.098 253.802 11.9969 79.9877 153.339 25.5215 126.487 170.733 151.05 160.957 2.87728 215.378 189.562 96.6455 191.966 238.404 46.2269 1.65793 152.86 121.644 110.729 60.7819 253.469 38.5031 9.73975 
223.276 156.57 133.459 192.726 88.8769 168.503 147.84 246.762 128.284 246.124 108.289 173.568 167.638 246.147 203.409 53.0925 11.0025 90.389 168.394 98.5016 64.706 226.777 42.1263 20.905 115.17 
47.5004 62.1729 60.3611 58.7735 59.3693 47.8538 62.2801 60.1683 58.9455 59.2083 47.6164 62.1297 60.2344 58.5978 59.0972 47.4334 61.7436 60.1924 58.8641 59.177 47.3722 62.1853 60.4223 59.0186 59.1466 
61.5028 60.6558 61.1359 61.0119 61.0665 60.3765 59.9709 60.6287 61.304 61.3894 60.9961 61.067 61.072 61.1364 61.8235 61.5319 61.5589 61.3958 60.9137 61.5847 60.8009 61.0114 60.9071 61.0878 61.6533 
64.6573 65.0308 65.567 65.6686 65.7282 64.2005 64.7539 65.7276 66.0773 66.0216 65.0419 65.7398 66.1161 66.0337 65.7569 66.4975 66.929 66.3736 66.0267 65.7026 66.3509 66.6904 66.4944 65.9806 65.7985 
70.146 70.1892 70.3491 69.9823 69.7009 69.6979 69.9477 70.5003 70.3164 69.7973 70.3102 70.6946 70.7448 70.0654 69.4123 71.553 71.6701 70.8369 70.1635 69.4859 71.4273 71.3683 70.8939 70.0862 69.5966 
83.6702 83.3578 81.166 79.1501 77.9063 83.6975 83.389 81.1468 80.3758 78.4296 82.7329 82.2262 81.5842 80.3839 79.5256 83.4061 82.3033 81.6058 80.9364 79.0932 82.0333 81.6702 81.6238 81.6033 80.1815 
85.8269 84.2587 83.1287 81.057 79.7701 85.5207 84.7481 83.3356 82.0107 80.3635 84.4246 83.5215 82.7354 81.5817 80.8724 84.3434 83.35 82.1388 81.235 80.3303 84.6031 83.4888 82.2983 81.3556 80.5484 
97.8192 95.902 94.6563 93.9736 93.7251 97.8979 96.9157 94.5147 94.1738 94.3649 97.7318 97.4034 95.7849 94.9003 94.4631 98.251 97.7098 95.8939 95.5664 94.5182 98.7108 98.1814 96.0856 96.2456 94.0647 
102.451 100.562 99.1311 98.3935 98.163 102.652 101.589 99.1192 98.6781 98.7658 102.517 101.962 100.199 99.3592 99.0484 103.181 102.297 100.297 100.076 99.0662 103.81 103.078 100.763 100.831 98.8195 
107.433 105.577 104.117 102.988 102.813 107.786 106.573 103.928 103.318 103.607 107.616 106.965 104.915 104.03 104.01 108.524 107.662 105.051 104.659 103.812 108.948 108.111 105.774 105.691 103.759 
118.591 116.69 115.157 114.571 113.725 119.353 117.755 116.052 113.574 113.068 118.018 116.949 114.813 112.975 112.849 119.086 117.437 115.576 113.799 113.545 119.01 118.637 117.218 115.247 114.429 
123.808 121.645 119.167 118.034 117.051 124.84 122.163 119.858 116.786 115.916 122.769 121.395 118.598 116.296 116.001 124.246 122.191 119.935 117.339 116.789 124.016 123.787 121.899 119.753 118.414 
131.156 137.895 109.354 131.943 113.555 129.734 124.878 129.482 118.465 127.045 117.702 122.917 128.037 121.92 130.966 136.272 117.185 124.465 128.772 125.49 131.299 127.836 133.546 130.177 107.423 
28.1143 19.5206 13.8277 151.216 34.8592 101.912 119.364 130.68 235.666 194.681 0.661623 100.124 36.155 106.61 187.103 85.7963 19.3093 8.89726 46.576 236.779 254.086 83.1742 131.66 45.6526 75.4623 
95.4234 146.595 139.412 199.842 54.8076 224.354 233.126 226.652 36.5058 194.054 2.25216 162.934 24.1236 169.496 150.657 76.461 203.913 247.017 182.643 10.0444 164.293 99.6072 163.814 160.643 29.0263 
184.969 12.1473 191.187 22.0416 123.582 177.726 211.689 254.015 68.1903 138.937 3.6279 49.1458 155.048 194.177 224.294 183.776 122.988 85.5948 23.2702 193.631 163.238 113.196 193.918 135.124 122.269 
59.2508 184.612 185.26 237.636 216.917 231.979 6.2665 119.601 203.83 189.53 108.561 125.391 235.378 73.7515 191.762 158.105 93.9284 16.1234 93.0977 93.7612 247.35 58.4108 51.1783 43.1065 108.495 
137.961 21.5901 193.649 143.676 190.315 91.9133 78.8284 2.81191 118.627 226.515 21.9927 1.92862 167.086 149.037 98.9921 235.707 14.9888 138.676 166.413 221.135 188 70.1032 81.8926 83.118 34.9548 
67.2351 37.1762 184.692 107.044 87.3458 92.3225 186.999 17.3632 129.532 87.0328 135.26 94.9175 57.9257 48.4181 226.101 38.6022 96.5737 119.048 201.109 95.0737 134.39 173.517 192.385 109.932 155.887 
146.151 33.1779 122.862 226.197 196.677 19.8576 87.9435 101.285 116.859 208.423 17.3334 152.591 44.2137 110.764 157.45 96.0447 47.4907 29.9699 179.138 162.011 28.4826 72.9418 135.757 243.969 114.764 
38.4576 176.031 166.895 117.637 203.496 195.795 81.6967 87.2929 106.641 142.539 107.661 29.7495 197.714 58.2424 65.5226 157.733 144.181 11.8599 131.73 246.329 12.6198 39.0826 148.565 131.008 237.767 
136.156 144.415 169.936 175.623 188.062 220.665 133.473 7.59523 63.2727 25.5399 125.184 249.339 94.1782 158.687 64.3236 128.572 170.876 57.2075 156.553 14.9237 36.9344 160.543 87.9829 38.6229 192.129 
56.094 55.4654 55.8849 55.9798 56.0218 55.0279 54.5786 55.052 55.8779 56.1216 55.1467 55.0173 55.0867 55.4671 56.6354 55.0064 54.9368 55.4338 55.2466 56.2886 54.3579 54.3871 54.646 55.4189 56.3327 
58.7432 57.8007 57.9657 57.7882 57.7479 57.7562 57.0962 57.2505 57.8156 57.9572 57.8872 57.5348 57.388 57.6255 58.4325 57.7157 57.4297 57.6492 57.3245 58.1514 57.0333 57.0667 57.1913 57.601 58.2906 
62.1003 61.0918 61.396 61.0516 60.7622 60.8981 60.2766 60.6886 61.1212 61.0105 61.37 61.2277 61.0226 60.8703 61.4049 61.7893 61.5391 61.2039 60.5667 61.0688 60.9076 60.8284 60.5938 60.6599 61.0431 
69.5054 68.8506 66.9406 65.2638 63.643 69.3963 68.9607 66.8204 64.9258 63.7093 69.3504 68.8308 66.7878 64.7261 63.3367 69.3256 68.5264 66.7227 64.8245 63.2238 69.1156 68.1826 66.4235 64.8078 63.3739 
78.0391 75.8423 74.1358 71.3436 69.321 77.4336 76.5153 74.3006 72.0372 69.537 76.0039 75.0889 73.4583 71.2154 69.794 76.0109 74.8933 72.6998 70.8863 69.2642 76.1643 74.7463 72.786 71.1577 69.9034 
78.9233 77.0355 75.702 73.0111 71.2436 78.3548 77.5699 75.7944 73.938 71.7915 76.9053 76.1083 75.118 73.4078 72.1957 77.1353 76.0261 74.6006 73.1243 71.6516 77.4607 76.179 74.5799 73.3642 72.1237 
78.0398 76.4404 75.2275 73.4268 72.2842 77.9369 77.1409 75.5568 74.3207 72.8492 76.8344 75.989 75.0213 73.9836 73.2351 76.936 75.8155 74.5956 73.6371 72.7199 77.5429 76.1105 74.832 73.9145 73.2328 
93.8077 91.847 90.3198 89.4151 88.8027 93.9032 92.7661 90.057 88.8262 89.4356 93.4264 93.1155 91.0742 89.9672 89.9767 94.7321 94.1055 91.5207 91.1955 90.3344 95.7784 94.7905 92.2773 92.2862 90.1864 
108.247 106.399 104.608 103.112 101.91 108.707 107.304 105.334 103.641 102.167 109.291 107.9 105.793 103.935 102.655 109.732 108.163 106.299 104.818 103.689 110.259 108.954 106.744 105.455 104.274 
116.072 114.121 111.457 109.784 109.031 116.299 113.941 111.816 110.042 108.575 116.299 114.173 111.862 109.492 108.588 116.465 114.762 112.738 111.166 109.562 116.964 115.484 113.339 111.864 110.263 
119.699 127.391 116.731 129.833 108.424 134.974 112.216 120.152 131.29 102.979 129.273 117.113 128.954 107.015 122.021 112.107 118.36 122.385 107.654 109.747 110.301 113.809 111.983 103.198 122.303 
68.1941 218.947 60.1896 41.3029 165.801 180.29 124.639 8.09163 241.266 236.043 26.7685 42.2738 72.7082 251.033 22.648 94.3286 232.859 150.274 23.3267 51.627 82.4251 141.649 172.939 110.815 187.025 
155.12 195.342 228.587 52.5919 2.50506 205.219 137.421 114.8 239.463 200.513 52.8805 237.374 94.3699 169.841 199.12 216.991 231.149 163.291 88.3211 194.701 57.5671 56.4182 184.625 37.9329 252.791 
154.749 202.483 125.366 100.075 35.6039 94.3066 161.689 69.0381 72.8831 233.295 196.621 92.0305 64.0097 6.2476 7.41166 106.481 56.7871 98.5853 238.597 204.767 18.4939 244.216 167.458 178.836 69.8773 
41.5711 232.003 13.7964 113.036 147.708 126.727 174.217 12.992 201.165 7.79571 33.8841 28.7596 176.109 110.815 238.6 200.823 148.954 182.566 8.09257 250.251 142.381 62.5262 162.698 222.212 30.4544 
188.453 33.1734 250.018 38.1489 196.695 147.007 10.7733 43.8984 36.7237 242.505 143.651 10.6835 114.186 156.571 211.697 213.557 28.4205 191.2 63.2692 152.929 124.4 147.567 5.36142 73.6961 110.119 
224.88 15.8222 226.601 110.656 60.028 237.502 49.0349 181.314 189.468 75.6449 91.0585 3.66772 44.067 241.641 107.408 223.834 229.766 173.569 156.164 175.501 118.22 236.439 13.2555 184.805 130.768 
199.779 211.095 62.027 171.006 240.162 165.317 237.583 101.913 11.5859 116.95 25.677 212.815 55.7453 29.776 158.414 181.668 162.027 6.29715 196.528 60.1039 91.4835 182.916 203.338 66.6179 123.256 
29.9592 94.6394 32.3431 182.624 65.1449 61.212 162.123 205.988 74.548 107.048 175.861 56.3028 100.975 199.469 211.694 95.4859 193.246 36.1082 192.614 144.96 76.4922 84.7869 88.1889 66.335 70.1511 
15.2518 22.9677 73.5279 185.244 2.96158 93.0248 130.955 149.22 27.4475 45.3241 79.8754 239.219 196.716 173.198 49.2579 12.7827 203.958 117.917 38.6675 174.401 86.8119 151.233 65.1679 127.673 123.725 
96.1623 119.998 58.7944 203.424 23.0127 97.0897 143.723 76.8255 181.8 70.6388 100.134 175.265 42.2837 203.278 133.8 190.503 61.1424 112.663 164.701 193.082 162.15 108.734 183.557 100.97 56.3603 
48.3364 49.1782 49.7418 50.3611 50.6774 48.0969 48.6403 49.5991 50.2234 50.6051 48.1822 48.6117 49.3214 49.8452 50.4016 48.3664 48.8553 49.5414 49.8774 50.342 48.4191 48.7339 49.1852 49.7705 50.3473 
53.9963 52.988 53.0815 53.0323 52.7138 53.0266 52.2289 52.3248 52.7214 52.7126 52.9297 52.6265 52.3747 52.4598 53.0731 52.7171 52.2599 52.582 52.1592 52.7473 52.045 51.8451 51.84 52.3877 52.7457 
55.8154 55.3911 53.8634 52.5318 51.4296 55.7277 55.4896 53.8 52.3679 51.6046 55.9164 55.5425 54.0207 52.4703 51.4199 55.9762 55.4703 54.0554 52.5994 51.4572 55.9063 55.4769 54.0941 52.6688 51.5557 
62.0855 60.0731 55.3911 51.0449 48.0121 61.8644 59.2862 55.2767 50.6497 47.6965 61.4636 58.9042 55.0148 50.6275 47.4333 60.8961 58.6386 54.4364 50.6063 47.4455 60.4539 58.1748 54.4974 50.4159 47.5868 
54.8487 53.2896 49.8857 46.4632 43.8332 54.5139 53.3453 49.9155 46.2766 43.5576 54.5526 53.1123 49.8602 45.8447 43.2127 54.4218 53.0079 49.473 45.9459 43.0033 53.8426 52.3349 48.8881 45.5916 43.0891 
63.0334 61.3621 60.0602 57.9702 56.5948 62.8369 62.1035 60.4008 58.965 57.1421 61.6764 60.8401 59.7834 58.4986 57.7574 61.8583 60.6973 59.2074 58.1375 57.1235 62.3733 60.9546 59.4981 58.3877 57.7073 
61.3037 61.2417 60.6704 60.1577 59.2035 61.3747 61.3126 60.4432 58.4379 59.3206 60.8251 61.0513 59.8475 59.1215 59.7358 61.6299 61.7978 60.1876 59.4982 59.7633 62.4819 61.6286 60.6078 59.7371 59.6738 
67.3242 67.0262 66.0578 65.3032 64.2871 67.6746 67.3101 66.0696 63.7928 64.623 67.2735 67.3762 65.6893 64.7203 65.3507 68.4482 68.3517 66.3231 65.3547 65.5456 69.6892 68.4765 66.9725 65.8643 65.7535 
85.1996 88.0738 85.4356 82.6016 84.1008 87.7639 86.8023 82.9208 83.7699 81.5754 85.2663 88.1068 86.9679 84.0438 81.5795 90.402 89.7091 87.3752 81.6639 86.0248 92.4129 86.7481 87.2559 87.3439 84.2859 
67.9651 84.7689 78.2545 100.381 179.101 171.407 147.791 148.373 57.4679 51.4586 162.162 58.6439 76.1004 146.476 122.777 96.5764 122.516 95.451 105.762 61.4218 117.018 85.7008 138.528 118.976 162.902 
248.442 242.293 239.244 109.168 27.3318 45.848 164.061 230.483 127.945 117.342 193.067 249.772 90.8145 131.281 246.203 90.1823 28.9025 201.016 135.006 220.64 215.111 90.9064 143.676 142.043 177.626 
251.664 27.1542 145.601 162.579 134.55 96.9904 194.348 9.60775 135.721 20.1457 243.922 245.987 173.239 51.621 244.072 15.4119 192.43 134.678 238.788 208.689 24.799 101.566 147.569 154.724 53.6957 
128.455 32.9838 151.536 191.833 248.446 143.396 105.56 30.058 162.405 159.817 56.511 51.3562 250.168 224.068 108.121 19.5416 15.1249 211.466 147.343 80.1588 147.6 122.771 137.401 222.067 4.98782 
213.916 73.7637 121.165 193.739 67.5881 104.078 83.5334 133.461 238.766 18.9453 223.637 108.526 155.477 239.555 142.608 172.261 118.135 20.4042 57.3306 181.136 182.385 219.88 32.252 161.42 32.3731 
97.4347 229.177 53.8264 228.119 203.516 107.555 67.0695 253.768 92.8189 47.3602 11.4698 114.162 232.53 227.913 127.024 212.995 213.528 115.388 65.7124 64.8253 134.868 192.776 42.8442 144.561 120.733 
143.51 242.814 250.605 31.3757 192.011 227.444 164.877 238.42 158.394 127.849 58.3615 210.683 90.0047 44.1772 25.5196 53.926 161.63 233.797 210.625 144.901 41.74 2.02965 112.355 45.4861 19.9974 
126.099 148 178.593 169.667 49.3685 125.072 43.7347 106.368 84.6868 88.9305 188.766 182.838 196.887 132.949 43.038 121.76 76.058 34.5202 80.634 45.3659 102.037 239.953 231.606 223.88 127.748 
146.135 81.2115 1.74772 140.519 138.152 230.928 93.9216 24.6119 2.31351 121.652 182.615 149.168 204.945 184.436 113.292 79.0842 32.6205 112.174 214.861 158.961 105.263 42.585 220.119 184.265 155.012 
30.3167 149.018 220.756 191.202 159.398 42.7718 241.075 222.411 198.413 92.211 181.408 6.87921 138.623 67.3121 239.592 244.464 136.91 216.195 50.7546 162.629 100.985 81.4869 68.6464 186.251 175.261 
74.1023 149.599 215.02 208.713 236.84 106.685 51.624 154.527 128.848 218.045 172.622 155.838 186.367 100.245 238.028 177.229 151.004 125.575 30.2791 42.4804 83.3153 92.9984 158.425 241.56 178.819 
12.271 164.239 47.4922 90.0134 134.347 250.799 76.349 65.5298 160.896 96.0442 42.9267 207.518 73.7662 254.26 151.412 106.53 141.454 45.6116 97.7563 2.79148 230.474 12.9622 127.699 139.679 0.156682 
42.1501 42.1562 42.336 42.7791 42.5915 42.3731 42.2101 42.3597 42.433 42.4417 41.9955 42.2335 42.2004 42.2343 42.211 42.2232 42.0662 42.4376 42.13 42.1102 42.037 41.9686 41.868 42.1371 41.8261 
42.0589 41.6242 41.3164 41.3447 40.9981 42.0361 41.6641 41.385 41.0313 40.8447 41.6205 41.675 41.2603 41.0031 40.5772 41.6115 41.2751 41.2542 40.7265 40.5337 41.2949 41.2291 40.8755 40.8366 40.2772 
40.3173 39.2803 37.872 37.0298 35.9508 40.5144 38.8392 37.8684 36.5778 35.805 39.6886 38.8143 37.5009 36.5546 35.5701 39.3974 38.3491 37.5278 36.3551 35.6018 38.9357 38.1623 37.1528 36.5567 35.2995 
35.7069 34.6927 31.6409 28.8681 26.8863 35.4764 33.9614 31.5451 28.6263 26.7783 35.1032 33.7804 31.3285 28.6055 26.6331 34.6259 33.5112 31.2125 28.6986 26.7877 34.4632 33.3474 31.0194 28.701 26.8863 
26.87 25.973 24.1595 22.2501 20.6484 26.7715 25.2202 23.8887 22.2501 20.6523 26.4944 25.1064 23.6251 22.0637 20.6171 26.1131 25.0511 23.4211 22.0344 20.6299 25.7753 24.8104 23.5431 22.0739 20.7529 
27.1354 26.5637 25.7376 25.2202 24.6326 26.6132 26.0455 25.4273 24.7957 24.2381 26.3186 25.641 25.0792 24.5852 23.9599 25.9346 25.4767 24.9568 24.3929 23.8544 25.5583 25.1506 24.8041 24.3578 23.8091 
16.3689 16.5553 16.3553 21.2788 23.313 16.4573 16.5285 16.4321 18.7391 23.7438 16.5402 16.3281 16.1354 18.0136 21.0872 16.3507 16.0732 15.9346 17.0411 20.2406 16.4852 16.2145 15.9672 15.9812 19.6398 
30.0143 29.9406 29.8224 29.5064 28.8812 29.8671 29.9125 29.4677 28.0065 28.9142 29.297 29.7517 29.0535 28.7077 29.4695 29.9501 30.5757 29.3775 29.1324 29.6239 30.593 30.2383 29.8673 29.5021 29.504 
139.22 120.941 97.8241 23.501 106.781 125.495 18.6419 88.8446 9.38819 42.0045 23.1174 27.7628 26.9017 104.255 123.159 70.3913 100.938 21.3108 101.298 2.69461 109.793 132.675 58.5722 27.9917 15.4424 
61.1967 216.242 95.0405 233.915 10.3562 144.414 91.0381 178.972 145.959 47.6229 25.6098 154.335 3.08479 166.895 142.631 134.635 65.3333 19.2864 191.171 3.84319 30.2163 64.1423 182.857 31.708 21.554 
117.526 65.1054 166.002 185.577 107.281 212.041 3.33484 69.9253 49.7538 38.3127 105.212 26.8513 147.162 164.653 169.405 217.608 99.8223 4.18396 163.038 59.7368 11.0494 222.207 40.4209 185.762 34.8143 
213.559 224.5 51.3366 109.441 93.9836 114.337 159.946 9.97035 68.7463 174.027 243.001 158.801 175.493 139.416 252.111 165.183 128.067 59.4814 133.34 30.1795 112.332 178.97 141.701 56.2362 132.198 
183.393 77.9567 193.171 63.4556 101.887 161.549 168.741 169.145 219.125 61.3127 103.066 153.003 81.423 139.251 108.351 159.338 156.895 41.6875 7.16686 244.46 47.8679 50.7198 249.907 94.2131 22.7653 
45.9845 236.346 232.699 124.225 172.808 212.587 224.001 36.5275 240.575 43.009 124.155 194.078 62.9118 128.123 244.773 200.704 32.6408 195.557 248.235 68.3708 72.1744 138.365 115.167 237.466 201.812 
20.5546 76.798 250.711 135.075 131.391 23.3039 108.146 144.66 28.9015 199.737 155.202 203.902 161.474 29.3802 248.257 197.566 12.3769 28.6671 90.9852 250.834 106.335 237.425 3.65771 57.2858 184.26 
8.71438 77.399 142.233 204.928 225.395 48.3326 121.906 204.94 172.147 95.4128 42.0546 55.6037 203.306 107.995 224.659 18.9956 37.2517 95.3738 153.811 12.6377 130.694 114.408 186.58 101.293 251.297 
124.451 4.82081 236.318 155.996 80.0441 215.139 18.741 87.9741 6.48372 141.016 27.8495 200.586 122.234 67.5839 57.1502 43.3171 42.8566 3.51213 14.4699 243.046 102.498 69.7918 249.039 136.158 203.161 
181.592 7.28974 111.32 243.112 70.4423 1.04091 225.488 19.0936 65.2392 147.092 16.224 130.394 233.276 136.733 101.132 178.94 149.933 208.397 103.165 112.868 58.3469 128.428 91.1962 2.82893 192.524 
179.797 193.142 169.747 142.971 123.131 105.276 195.792 116.323 98.6574 85.0632 199.137 81.6512 30.8343 129.653 147.955 12.9991 183.909 235.386 19.7414 35.6877 1.3194 231.872 119.251 75.2325 15.0277 
212.972 212.255 227.724 216.504 199.242 36.6744 129.828 138.542 197.468 194.711 93.1661 67.012 162.871 214.392 138.146 71.7479 99.9862 94.1828 131.809 137.339 6.75367 90.6911 68.4896 154.661 175.833 
108.368 238.052 73.1477 231.716 213.005 72.3383 25.5036 24.2925 78.0881 196.893 135.435 163.024 196.954 148.524 152.781 102.75 77.6213 200.981 57.098 54.5836 82.8196 217.799 213.647 170.41 223.684 
33.56 33.7245 33.8811 34.2116 34.2474 33.3591 33.5956 33.8308 33.9666 34.1698 33.2878 33.5359 33.8063 33.9346 34.0286 33.4009 33.5048 33.6941 33.9141 34.0478 33.3919 33.5732 33.7365 33.9376 34.1628 
35.1493 34.6466 34.3979 34.4973 34.0998 35.3474 34.8598 34.4747 34.116 33.8985 34.7424 34.8204 34.3406 34.0618 33.6289 34.8283 34.391 34.3563 33.7649 33.4833 34.4557 34.3322 33.8553 33.8632 33.0854 
28.7638 28.7961 28.7101 28.7738 28.6378 28.6318 28.7286 28.7305 28.5374 28.4984 28.4676 28.6555 28.663 28.5226 28.3318 28.5067 28.6178 28.5502 28.4463 28.3901 28.4726 28.7285 28.5342 28.5019 28.4304 
24.4347 24.1188 23.2222 22.4902 21.7736 24.4072 23.3951 23.0787 22.3927 21.8144 24.0678 23.3288 22.7608 22.2988 21.752 23.8263 23.4443 22.8607 22.3367 21.9015 23.6999 23.4879 22.9465 22.5055 22.0219 
16.6179 16.3727 16.1317 15.7704 15.4078 16.7897 16.3669 16.0813 15.8475 15.4004 16.7942 16.5431 16.1709 15.8402 15.4524 16.9318 16.6289 16.3632 15.9341 15.6615 16.8757 16.7855 16.4442 16.2825 15.8491 
5.89108 5.68664 5.57889 10.0622 11.6196 5.95052 5.66272 5.53959 7.72826 12.1307 5.98058 5.78056 5.59493 7.20142 9.8525 6.05933 5.8136 5.6815 6.50988 9.30398 5.98769 5.85813 5.73847 5.67803 8.74328 
1.51752 1.47904 1.52857 6.42246 8.37201 1.57389 1.52179 1.50755 3.95357 8.82067 1.61489 1.58621 1.53488 3.35792 6.44526 1.62788 1.62001 1.58522 2.64209 5.77807 1.58545 1.62703 1.65651 1.70068 5.13422 
0.984787 0.774992 0.727822 4.36122 5.80591 0.963288 0.796389 0.734111 2.55181 6.14374 0.972816 0.812394 0.755169 2.11994 4.38368 0.992979 0.861937 0.791739 1.59529 3.89404 1.03735 0.912916 0.816817 0.905053 3.46584 
1.20073 0.329514 0.447488 0.84764 1.18544 1.35766 0.386167 0.968441 1.14278 0.296693 1.34829 0.484402 0.256069 0.770977 0.306711 1.2546 0.68294 1.00258 0.108382 0.700239 1.54651 1.21658 1.04258 0.467758 0.805364 
91.7268 69.779 139.613 106.386 117.266 113.398 9.11499 138.463 126.379 1.33453 79.6235 24.2876 51.8677 43.8447 19.6637 17.2168 47.8761 105.117 41.0145 41.2873 31.1165 14.3945 147.387 18.1779 91.3702 
224.295 100.207 158.499 86.5521 56.8859 106.803 50.8897 6.8363 28.8278 27.5493 38.5922 213.847 173.117 86.71 84.152 13.4342 81.1221 178.448 159.747 241.363 85.1586 61.3122 47.4362 105.51 139.194 
134.497 223.685 31.0453 184.018 83.9118 44.8986 62.9763 226.757 85.3367 115.319 47.4103 212.152 128.861 19.3273 107.299 220.828 143.098 90.3683 185.378 48.2652 148.777 86.2942 102.849 151.656 229.96 
248.676 140.626 9.89262 74.8261 143.539 56.8072 68.4128 152.289 54.5056 118.502 79.7233 220.573 56.7259 11.9395 145.41 65.6188 175.47 77.6988 181.036 241.805 129.753 85.7521 18.6432 136.397 144.242 
223.277 242.326 160.77 46.0684 2.79328 115.491 170.181 168.503 194.617 66.1641 141.125 181.412 164.806 240.06 223.015 61.6173 75.3078 162.79 151.576 238.932 103.371 73.6122 160.905 68.5963 234.291 
225.042 64.5216 198.267 219.739 186.983 225.328 203.928 13.648 77.4402 103.726 62.9916 223.631 88.2745 63.3412 237.729 140.416 207.091 203.833 45.6225 192.198 97.001 137.76 30.8739 183.378 65.8416 
227.664 123.323 228.244 103.872 67.143 50.5077 88.595 106.909 196.312 137.391 252.763 66.6098 8.22632 242.506 113.283 13.637 89.1681 146.594 179.492 126.448 8.66385 120.74 155.745 162.732 91.1585 
12.2648 120.235 74.0204 105.848 252.377 213.803 65.1602 221.131 122.962 124.128 250.287 137.827 52.2322 172.512 114.221 252.54 207.86 190.508 157.631 175.489 10.6678 62.297 33.4217 212.716 167.425 
41.7341 89.1841 22.3113 150.806 102.944 144.194 180.209 70.6503 26.764 216.95 146.972 250.806 191.715 166.052 114.382 1.95563 110.774 252.542 107.264 141.97 14.8721 31.6836 43.5284 108.332 55.9207 
232.595 181.238 196.534 136.732 246.483 26.814 176.125 196.264 169.901 140.301 80.3115 110.832 235.091 164.606 134.122 6.78526 95.4929 27.8699 129.064 130.862 114.279 28.5328 78.8713 226.414 187.792 
200.471 242.55 135.772 247.432 206.766 37.5034 236.379 219.59 155.014 178.785 71.0255 25.002 237.836 177.624 204.966 8.92156 19.9851 20.6234 203.015 144.647 6.75265 42.3888 66.5012 235.343 188.521 
225.71 203.002 134.703 230.502 230.563 61.0242 239.721 212.836 143.832 222.414 30.2921 20.8557 179.394 245.125 232.022 35.876 88.286 74.0654 246.184 145.81 76.1163 17.2101 31.7206 184.656 142.932 
