10563520
252.854 252.121 251.161 252.732 253.607 253.552 253.413 253.032 253.26 253.167 253.403 252.461 251.851 253.764 253.224 253.054 252.371 251.462 252.272 252.555 252.947 252.38 253.212 251.996 252.272 
247.569 248.163 247.888 247.738 248.075 247.677 248.112 247.975 247.715 247.94 247.656 247.354 246.91 247.865 247.648 247.289 247.526 247.007 247.744 247.823 248.077 248.544 248.491 248.325 248.323 
230.138 231.741 232.385 233.681 233.769 231.749 230.033 231.198 232.707 231.568 233.093 230.586 230.845 230.737 229.604 232.966 232.249 231.224 231.53 228.696 233.864 232.719 233.78 233.812 232.258 
224.736 226.811 228.002 229.463 229.812 225.983 225.28 226.351 227.993 227.155 227.313 225.715 225.438 225.086 224.606 226.588 226.692 225.511 225.613 223.094 227.51 227.07 228.671 228.503 226.943 
218.461 222.701 225.854 228.189 227.117 220.788 223.167 225.82 225.967 222.992 220.837 222.208 223.789 223.169 220.887 219.024 222.308 221.688 223.274 218.492 218.233 219.735 222.87 222.933 221.62 
198.398 205.911 208.5 208.268 208.109 199.761 205.915 209.497 209.009 206.784 198.422 205.511 207.888 206.78 205.528 196.083 202.481 204.823 204.158 203.109 143.566 150.802 152.853 152.625 152.905 
148.423 148.969 148.672 147.366 146.44 148.564 148.858 147.832 146.896 144.556 147.853 148.168 146.062 145.3 143.721 146.433 145.482 144.154 143.119 142.287 127.977 127.212 125.445 123.921 123.422 
138.254 136.178 135.017 135.769 135.536 137.683 136.255 135.394 135.484 133.939 137.77 137.042 135.313 134.01 134.345 137.407 136.917 136.18 134.853 135.437 137.031 135.628 134.742 135.086 134.339 
135.411 133.381 132.154 133.109 132.97 134.77 133.385 132.56 132.879 131.716 134.997 134.223 132.787 131.692 132.28 134.711 134.528 133.931 132.719 133.373 134.81 133.622 132.838 133.278 132.718 
132.764 131.043 130.175 130.868 130.765 132.101 130.932 130.226 130.469 129.564 132.081 131.964 130.792 129.461 129.841 132.045 131.919 131.547 129.955 131.041 132.223 130.52 130.049 129.882 129.578 
126.808 126.768 126.353 125.826 125.784 126.69 126.455 126.285 125.996 125.754 126.673 126.518 126.38 125.838 125.631 126.338 126.071 125.961 125.853 125.383 126.274 125.826 125.817 125.555 125.376 
124.21 123.87 123.644 123.326 123.064 124.226 123.938 123.941 123.605 123.254 124.074 123.991 123.73 123.307 123.074 123.615 123.472 123.381 123.174 122.916 123.323 123.21 123.291 122.951 122.812 
121.807 121.392 121.178 120.959 120.603 121.625 121.226 121.113 120.704 120.438 121.151 120.978 120.957 120.434 120.227 120.624 120.404 120.398 120.421 120.226 120.58 120.281 120.14 120.189 119.9 
115.258 116.444 116.308 115.832 115.493 116.379 116.219 116.066 116.176 116.328 116.143 116.073 116.462 116.619 116.374 115.519 115.001 115.96 116.139 115.541 115.024 114.765 115.755 115.673 115.33 
112.26 111.561 112.392 113.789 113.075 112.626 113.88 113.946 114.967 114.339 112.593 113.336 113.74 116.211 114.14 112.211 111.568 112.252 113.066 110.98 112.178 111.809 113.163 114.461 111.558 
248.78 248.813 248.425 249.589 249.948 249.03 249.868 250.062 249.781 249.919 249.281 249.542 249.289 250.445 250.018 248.654 248.885 248.375 249.469 249.689 248.702 248.852 249.721 248.986 249.249 
239.656 238.55 235.969 239.83 242.203 239.573 240.41 241.178 240.967 240.707 239.987 240.896 241.839 243.003 240.827 239.152 239.224 240.475 240.411 239.262 238.833 237.977 240.652 239.286 238.592 
223.616 226.569 226.024 225.689 223.333 223.706 225.565 226.011 227.189 226.211 223.189 223.358 226.746 227.632 225.282 222.211 223.667 226.245 225.834 223.914 223.563 223.977 224.925 225.474 223.875 
216.792 217.341 222.718 222.828 221.295 213.908 215.052 219.552 219.666 219.782 213.423 213.991 216.874 217.353 217.945 216.378 216.647 217.006 217.435 216.503 219.391 217.683 219.458 218.437 217.015 
217.454 217.301 216.294 216.042 215.357 216.15 215.628 214.741 213.982 213.488 212.8 213.65 212.528 211.977 212.836 212.282 211.689 210.69 210.667 210.228 213.927 210.865 211.019 211.786 211.599 
207.946 205.69 204.633 206.62 207.392 210.144 205.908 203.009 202.865 204.929 207.261 206.628 200.567 199.642 200.913 203.776 203.738 202.561 202.611 197.969 198.258 196.125 197.365 198.003 193.997 
173.855 175.131 174.101 174.824 169.579 176.636 174.268 174.726 175.001 167.614 174.596 174.623 173.277 172.183 167.592 171.726 170.389 168.981 167.547 160.738 94.7236 93.2857 92.0539 90.1343 84.8233 
148.205 146.738 144.404 141.288 139.088 148.445 146.895 143.904 140.914 138.295 147.349 146.133 143.237 140.59 138.009 146.823 144.996 142.391 139.654 136.802 145.223 143.04 140.044 137.143 134.491 
134.992 132.8 131.808 132.241 131.883 134.373 132.766 131.809 131.616 130.433 134.471 133.949 132.222 130.574 130.937 134.478 133.98 133.243 131.159 132.354 134.721 132.746 131.834 131.545 130.882 
131.466 131.284 130.817 129.228 128.073 131.861 131.352 129.791 128.272 127.63 131.981 131.581 129.858 127.637 127.045 131.459 130.34 128.645 125.862 126.691 131.983 129.898 128.348 125.365 125.786 
128.295 128.121 127.983 126.397 125.583 128.467 128.129 127.222 125.726 125.378 128.432 128.623 127.878 126.042 125.041 128.45 127.707 126.971 125.005 125.403 128.694 127.214 126.425 124.106 124.111 
123.134 122.358 121.9 121.535 121.204 123.099 122.427 122.161 121.487 121.007 123.255 122.73 122.434 121.517 120.993 123.118 122.631 122.194 121.765 121.355 123.408 122.939 122.254 121.956 121.51 
119.494 118.672 118.356 118.364 117.925 119.285 118.651 118.553 118.311 117.997 119.189 118.833 118.71 118.3 117.842 119.062 118.779 118.577 118.298 118.272 119.505 119.243 118.635 118.214 118.015 
113.946 113.019 113.524 114.771 114.606 113.732 114.327 114.52 115.154 114.823 113.506 113.953 114.132 115.448 114.225 113.209 113.075 113.352 113.745 112.646 113.453 113.357 113.77 114.406 112.742 
111.616 110.774 111.746 113.407 112.853 111.76 112.974 113.237 114.432 113.921 111.834 112.439 112.873 115.469 113.57 111.481 110.838 111.411 112.334 110.574 111.728 111.209 112.18 113.55 110.995 
235.461 232.811 229.26 234.025 236.761 235.822 236.53 235.438 235.456 235.668 236.232 237.281 237.517 238.65 237.253 234.382 234.576 235.253 235.421 235.828 233.002 231.825 234.881 233.665 233.858 
223.419 225.924 225.611 225.431 222.138 223.328 225.739 226.38 227.463 225.919 222.606 223.534 227.744 228.652 226.329 221.857 223.364 226.407 226.61 225.185 222.543 222.809 224.357 225.432 224.61 
214.576 217.326 219.13 218.785 214.138 213.091 215.969 219.071 220.494 218.825 211.477 212.364 219.079 220.742 218.534 212.336 214.073 218.13 217.717 216.101 214.7 214.585 216.216 216.337 214.804 
213.045 215.602 217.758 217.372 213.466 211.179 213.945 216.532 218.198 216.829 209.571 210.414 216.189 217.676 216.049 210.916 212.178 215.527 215.207 213.82 213.314 212.633 213.967 214.177 212.42 
209.631 209.073 213.293 213.22 211.836 205.923 205.853 209.021 208.977 210.992 203.826 204.855 206.063 206.69 208.531 206.924 206.99 207.624 207.84 206.761 210.76 208.225 209.132 208.471 206.369 
204.878 203.061 201.194 203.272 200.952 204.683 202.474 200.45 200.218 199.714 204.046 203.556 198.579 197.806 197.078 203.096 200.512 199.514 199.266 194.684 203.064 199.193 199.699 200.125 196.89 
202.274 198.47 195.785 196.049 193.679 203.637 198.699 194.2 192.522 191.453 201.309 199.46 192.766 190.129 187.858 198.844 197.207 195.17 193.467 185.15 196.878 194.002 194.284 192.937 185.432 
171.947 168.502 163.62 157.392 149.886 171.387 168.297 162.86 157.297 148.684 169.811 167.926 163.383 156.965 147.768 169.486 166.472 161.821 157.037 146.842 169.706 165.017 160.547 155.632 145.484 
140.906 139.277 136.905 135.839 133.024 143.021 140.985 137.628 136.14 132.743 143.461 140.825 135.945 132.363 131.124 141.754 139.455 134.578 129.521 128.239 142.02 139.631 135.549 130.31 129.578 
137.174 134.888 130.945 126.39 123.397 137.654 135.997 130.132 124.767 122.946 137.77 135.97 130.9 124.493 122.598 136.552 134.562 128.715 123.544 122.641 136.491 132.777 129.284 122.379 121.302 
127.759 126.823 125.51 125.44 124.509 129.993 128.484 126.199 125.883 124.091 130.865 128.655 124.932 122.457 122.791 129.671 127.806 124.031 120.306 120.378 130.006 128.135 125.362 121.698 122.539 
117.527 116.076 114.931 113.985 113.931 117.853 116.308 115.337 114.44 113.94 118.486 117.11 115.913 115.274 114.469 119.206 117.939 116.445 115.406 114.764 120.056 118.562 117.177 116.075 115.104 
115.507 114.593 114.1 113.814 113.51 115.032 114.205 113.788 113.512 113.292 114.846 114.447 114.367 113.797 113.195 115.279 114.893 114.793 114.252 113.882 115.837 115.579 115.044 114.432 113.916 
109.829 109.999 110.433 110.567 110.724 109.399 109.533 110.173 110.389 110.466 109.652 109.873 110.096 110.302 110.22 109.774 110 110.304 110.145 110.061 109.748 110.073 110.417 110.248 110.021 
109.938 108.949 109.744 111.209 111.023 109.492 110.555 110.84 111.685 111.37 109.385 109.908 109.985 112 110.814 109.063 108.843 109.147 109.736 108.531 109.259 109.221 109.872 111.058 109.016 
223.697 223.336 221.751 221.922 221.294 224.308 225.585 223.353 222.652 222.195 225.184 226.19 225.063 225.052 224.764 223.072 225.004 224.381 224.562 225.593 222.271 222.81 223.204 224.204 224.426 
217.458 217.579 215.577 216.317 215.016 218.497 219.636 220.116 219.747 218.519 219.078 220.144 221.338 222.478 221.07 217.646 219.336 220.575 220.743 220.729 217.891 219.434 219.924 220.502 221.087 
211.291 213.47 212.671 212.704 209.003 212.786 214.944 215.903 217.625 215.36 211.987 212.633 217.415 218.942 216.002 211.301 213.259 216.537 215.964 214.003 211.971 212.896 214.086 214.924 213.635 
207.504 207.915 212.474 212.046 210.669 203.922 206.148 211.066 210.991 211.756 203.238 205.043 209.093 210.101 211.176 206.836 207.96 209.666 209.803 210.19 210.386 210.375 210.662 209.982 208.953 
200.777 200.294 200.004 200.951 198.867 199.614 200.776 201.829 201.767 199.138 200.21 200.749 200.923 200.665 200.081 201.4 198.094 198.048 198.748 199.712 200.383 198.445 198.286 199.47 200.679 
200.891 199.349 198.21 200.166 198.921 201.186 199.42 197.983 197.99 198.713 201.467 200.924 196.356 195.874 196.582 200.022 197.895 196.878 196.914 194.068 199.473 196.375 197.043 197.486 195.793 
197.34 194.833 193.871 194.129 186.681 195.886 197.114 197.08 195.097 187.229 196.873 197.451 195.61 192.749 187.73 198.653 192.895 191.178 189.663 187.007 195.697 192.232 191.127 189.975 188.29 
181.965 177.979 174.326 168.562 162.739 180.935 178.393 173.204 167.968 162.057 178.382 177.293 173.273 167.424 161.206 178.811 174.515 171.086 167.039 159.976 177.709 173.089 169.191 165.417 159.982 
156.463 151.074 141.717 132.933 127.224 156.267 153.028 142.324 132.213 126.963 155.467 150.809 143.432 132.694 126.57 152.605 149.917 139.308 132.66 126.316 151.032 146.19 140.016 130.795 125.942 
144.642 139.049 129.445 122.138 116.939 145.912 141.841 130.208 121.148 116.563 146.4 140.925 130.748 119.326 116.5 143.27 140.053 128.002 120.38 115.507 142.567 137.599 130.958 119.853 116.384 
132.184 127.503 119.54 112.634 109.39 132.445 128.796 119.738 111.887 109.074 132.799 128.477 121.337 113.28 110.24 131.944 129.076 120.39 115.574 111.059 132.001 127.581 122.449 114.993 110.959 
113.229 111.723 110.04 108.429 108.486 113.675 111.88 110.089 108.841 108.326 114.234 112.531 110.659 109.788 108.882 115.125 113.248 111.283 109.886 108.77 115.915 113.779 111.82 110.422 109.045 
109.147 108.534 107.886 106.972 107.284 109.577 108.503 107.934 107.479 107.209 109.956 109.114 108.452 108.296 107.781 110.6 109.632 108.844 108.204 107.692 111.106 109.941 109.023 108.662 107.89 
106.372 106.491 106.601 106.539 106.733 105.92 105.992 106.203 106.327 106.493 105.92 106.127 106.031 106.082 106.155 105.938 106.098 106.286 106.023 105.944 105.773 106.192 106.292 106.103 106.181 
104.374 104.728 104.956 105.167 105.571 104.121 104.513 104.787 104.983 105.278 103.825 104.084 104.243 104.336 104.592 103.327 103.379 103.776 103.852 104.139 103.213 103.372 103.552 103.819 104.142 
215.467 215.467 213.518 213.79 213.432 217.126 217.998 215.355 214.703 214.001 218.614 219.055 217.414 217.148 216.497 216.61 218.501 217.568 216.846 217.505 216.155 216.848 216.515 216.624 216.83 
209.611 209.146 209.278 208.871 208.057 211.479 211 211.015 211.347 210.398 212.939 212.928 212.406 212.566 211.332 213.212 213.447 212.928 212.592 212.464 211.998 211.974 212.121 211.903 212.19 
200.808 201.459 200.422 200.919 200.127 202.815 203.262 204.609 205.087 204.353 203.819 205.093 206 207.086 205.412 204.094 206.043 206.911 206.563 205.183 204.371 206.216 206.056 205.775 205.519 
197.627 198.045 197.942 198.018 198.548 198.101 198.171 198.684 199.834 200.151 198.446 198.506 199.695 200.646 200.083 199.106 199.454 200.29 200.942 200.554 199.509 200.29 200.414 201.472 201.046 
194.055 194.615 194.863 195.034 194.888 193.601 193.667 194.466 195.107 195.043 193.584 193.573 194.405 195.197 195.176 193.506 193.443 193.803 194.841 195.494 193.805 193.763 193.819 195.006 195.51 
192.952 192.945 193.217 193.842 191.5 192.253 193.564 194.985 194.819 192.27 193.233 193.732 193.663 193.121 192.986 193.701 190.829 190.352 190.767 192.541 192.596 190.812 190.465 191.495 193.245 
186.762 186.568 186.494 185.535 184.731 186.308 185.8 186.232 184.991 183.908 186.765 185.283 184.904 183.974 183.73 185.724 184.233 182.477 181.714 182.348 184.089 182.533 181.818 181.961 181.781 
172.874 172.305 170.943 168.321 166.644 172.432 172.2 170.763 168.382 166.206 170.525 169.507 169.074 167.476 164.272 168.922 167.403 165.055 163.284 162.018 167.237 165.306 163.21 162.074 161.342 
163.124 161.734 159.862 156.54 153.138 163.023 162.152 160.016 157.081 152.599 160.461 158.58 157.806 155.578 149.436 157.956 155.834 152.241 149.478 146.968 155.505 152.57 149.775 147.989 146.127 
147.733 142.805 134.469 126.708 122.415 147.731 144.658 134.906 125.936 121.968 146.78 142.321 135.643 126.11 121.422 144.068 141.419 131.669 125.829 121.023 142.323 137.818 132.238 123.993 120.572 
111.019 109.425 107.526 105.515 104.227 111.409 109.654 107.418 105.427 103.907 111.519 109.94 107.224 105.143 103.68 111.415 109.496 106.988 104.821 103.321 111.077 109.133 106.871 104.932 103.294 
104.674 103.35 102.762 102.055 101.791 104.938 103.485 101.672 100.986 101.328 105.543 103.322 101.903 101.601 101.462 105.603 104.434 102.986 102.471 101.716 105.844 104.758 104.535 103.045 101.906 
102.639 102.511 102.164 101.318 101.385 101.844 100.76 101.537 101.773 101.062 101.856 101.761 102.028 102.364 102.104 102.143 102.32 102.6 101.727 101.757 101.93 102.187 102.157 101.762 101.069 
101.254 101.762 102.211 102.095 102.293 101.218 101.405 102.083 102.419 102.176 100.989 101.687 102.16 102.385 102.242 100.877 101.286 101.817 101.761 101.761 100.604 100.836 101.006 101.382 101.606 
100.973 101.408 101.758 102.041 102.249 100.531 100.944 101.318 101.693 101.944 99.9286 100.43 100.765 101 101.194 99.4914 99.7393 100.218 100.364 100.615 99.2198 99.5557 99.8608 100.019 100.499 
194.496 194.695 193.526 191.41 191.069 195.443 195.786 193.8 191.288 190.768 197.174 196.484 195.365 193.131 192.933 197.333 197.095 195.715 193.889 193.913 196.543 196.596 195.186 193.654 193.712 
188.415 188.91 188.533 188.844 188.306 190.497 189.697 189.246 189.672 189.552 192.741 193.307 190.802 191.46 190.619 194.2 194.705 193.319 192.838 191.729 193.434 192.446 192.095 190.895 191.434 
187.093 187.969 188.069 188.205 187.777 188.909 188.336 188.634 190.016 190.281 190.102 191.199 190.235 191.643 190.778 192.016 193.587 192.777 192.296 191.193 191.431 191.85 191.991 190.842 191.223 
188.773 189.342 189.321 190.201 190.474 188.53 188.338 188.737 190.447 191.196 189.459 190.068 189.801 191.724 191.113 190.814 191.421 191.812 192.676 191.936 191.104 191.094 191.66 191.535 191.83 
188.381 188.708 189.389 189.781 189.628 187.967 187.992 188.998 190.073 190.189 187.882 187.542 188.399 189.736 190.106 187.77 187.408 188.266 189.439 190.489 188.519 188.325 188.577 189.837 190.746 
184.822 184.939 185.52 185.958 185.442 184.629 184.681 185.438 185.952 185.628 184.792 184.355 184.569 185.169 185.652 184.328 183.683 183.249 183.943 185.2 184.162 183.255 182.89 183.831 184.704 
178.236 178.21 178.342 177.985 177.335 177.776 177.822 177.95 177.678 177.046 176.989 176.48 176.628 176.497 176.469 176.225 175.219 174.803 174.553 175.294 175.902 174.679 174.191 174.722 175.17 
171.545 171.288 170.999 170.645 170.078 170.904 170.615 170.44 169.887 169.151 169.336 168.9 168.623 168.434 168.034 168.001 166.947 166.428 166.114 166.444 167.016 165.921 165.248 165.334 165.286 
151.773 151.489 150.215 148.183 147.327 151.086 151.343 150.141 148.452 146.436 148.649 147.259 147.587 146.666 143.849 146.38 145.118 142.827 141.617 140.913 144.321 142.274 140.352 139.663 139.739 
112.403 111.593 110.683 109.536 108.564 111.737 110.715 109.62 108.31 107.064 110.304 109.196 107.685 106.51 105.553 108.945 107.647 106.142 104.893 104.298 107.571 106.308 104.912 103.927 103.12 
100.894 99.6233 99.1778 98.6479 98.0838 100.887 99.6278 97.4915 96.8239 97.2266 101.343 98.7349 97.1928 96.5578 96.7007 100.665 99.6307 98.0534 97.3305 96.7305 100.303 99.5097 99.5821 97.8016 96.9364 
100.375 99.2345 99.017 98.4326 97.947 99.5442 98.0804 97.2154 96.8296 97.0175 100.136 98.0064 97.202 97.182 97.1964 99.822 99.4225 98.687 97.8805 97.3904 99.7268 99.5532 100.126 98.4217 97.2011 
96.1783 95.5859 95.5573 95.7632 96.2302 95.6061 95.5129 94.8872 94.796 95.3051 96.8809 96.6085 95.4972 95.0824 94.8872 97.088 97.3533 97.1721 96.9199 97.0903 97.4285 97.2709 98.0616 96.9531 95.7183 
97.5267 97.4736 97.3658 97.0678 97.3459 95.8907 95.3075 96.729 97.414 97.131 95.4293 95.8231 96.7879 97.5938 97.685 95.4265 96.0959 96.9409 96.7296 97.1913 95.2457 95.8635 96.4711 96.5165 96.3525 
92.0435 93.2734 94.2148 95.7892 96.6293 90.8103 92.2291 94.2039 95.4575 96.8968 90.0417 91.7611 94.2715 95.5014 94.7373 89.3587 91.8539 93.6283 94.5664 94.1167 90.0036 90.9765 93.3067 94.5067 94.7506 
171.903 171.271 170.167 168.698 168.585 172 171.5 169.814 168.219 167.688 173.183 172.31 171.369 169.692 169.071 173.46 173.166 171.796 170.349 169.726 173.031 172.867 171.439 170.517 169.945 
172.49 170.976 171.931 170.306 170.774 172.976 171.072 169.396 170.361 171.589 173.353 173.191 169.054 169.798 169.66 173.867 173.704 171.182 170.53 170.723 172.186 172.099 170.813 172.549 172.811 
177.867 179.034 178.91 179.024 178.731 178.886 178.509 178.118 178.911 179.497 180.296 181.467 179.356 180.565 180.16 181.734 182.992 182.157 181.678 180.574 181.116 181.011 181.458 180.091 180.436 
179.595 179.906 180.12 180.045 180.357 179.797 179.296 179.75 180.42 180.563 179.479 179.936 180.281 180.834 180.626 179.896 181.031 181.782 181.441 181.088 180.615 181.571 182.363 181.911 182.134 
180.999 180.908 181.373 182.123 182.305 180.489 180.467 181.244 182.361 182.909 180.55 180.226 180.811 182.574 183.169 180.845 180.444 181.13 182.634 183.472 181.457 181.157 181.689 182.32 183.009 
177.681 178.084 179.047 179.154 178.88 177.473 178.016 178.957 179.462 179.599 177.513 177.205 177.782 178.979 179.767 177.409 176.872 177.034 178.248 179.377 177.676 177.048 176.955 178.049 179.13 
167.972 167.357 168.25 169.44 169.786 167.661 167.293 168.208 169.106 169.546 166.865 166.422 167.472 168.435 169.308 166.291 165.202 165.435 166.516 168.167 166.062 164.427 164.618 165.903 167.175 
146.493 148.834 149.734 150.537 151.014 144.446 146.097 148.108 149.636 149.881 144.1 145.238 146.4 149.826 149.886 144.58 145.934 144.169 145.361 145.152 143.692 142.439 141.115 141.138 141.363 
123.482 124.373 122.723 123.136 124.732 120.164 121.446 121.063 121.317 121.555 117.874 115.599 116.702 117.59 119.424 114.355 113.699 113.26 114.547 115.308 111.866 110.421 110.23 110.674 111.539 
108.3 108.369 107.03 106.666 107.302 106.228 106.283 105.531 105.329 104.938 104.218 102.589 102.624 102.628 103.08 102.056 101.106 100.198 100.108 100.144 99.8699 98.7514 98.0949 97.7711 97.8798 
97.4961 96.499 95.4934 94.4827 93.7733 97.612 96.3835 95.2677 94.1971 93.3544 97.3154 96.2446 94.9629 94.0455 93.083 97.3511 96.1832 94.9305 93.6079 92.877 97.0573 95.9435 94.5677 93.6096 92.723 
94.2441 93.4655 93.1404 93.1726 93.3424 94.161 94.0979 92.6808 92.0924 92.43 95.6031 94.9163 93.1775 92.2142 91.7141 95.767 95.5963 94.6672 94.1562 93.9721 96.2552 95.6227 95.7692 94.2838 93.1238 
93.4835 93.0177 92.6579 92.7689 93.4037 92.6391 92.6033 92.5682 92.5414 92.7804 93.7075 94.0293 93.3167 92.9883 92.6402 94.1337 94.5674 94.6404 94.3535 94.7473 94.6155 94.647 95.0954 94.2598 93.3602 
89.6156 90.4953 91.1908 92.8504 93.8956 88.67 90.043 91.4309 92.5021 94.1493 88.7583 90.3312 91.8737 92.6474 91.8963 88.3629 90.7766 92.04 92.8717 92.7006 89.1669 90.0721 92.2083 93.1336 93.0316 
88.7576 89.9278 90.9408 92.5448 93.3344 87.7641 88.9838 90.8979 92.2847 93.8801 87.0148 88.5007 90.7738 92.098 91.582 86.3087 88.6753 90.2193 91.2715 91.1104 86.798 87.9152 90.0815 91.6034 92.0931 
165.774 164.28 164.729 163.149 163.773 165.813 164.254 162.817 163.351 164.096 166.471 165.996 162.598 163.22 162.634 166.695 166.123 163.972 163.896 163.995 165.286 165.065 163.979 165.343 165.427 
167.836 165.914 166.95 165.27 165.89 167.696 165.998 164.534 165.414 166.52 168.163 167.894 163.642 164.718 164.513 168.347 167.876 165.439 165.328 165.668 166.481 166.094 165.022 167.124 167.399 
169.63 168.715 169.988 168.857 169.631 169.952 168.355 167.504 168.893 169.882 170.047 170.144 167.027 168.219 168.012 170.16 170.402 169.071 168.677 168.989 169.041 169.096 168.643 170.152 170.771 
172.674 172.321 172.683 173.026 173.661 172.787 172.114 173.045 173.445 172.868 173.001 173.451 173.979 174.12 173.376 173.598 174.205 175.321 175.579 175.239 173.867 174.307 175.521 175.997 175.809 
173.027 173.104 174.085 174.359 175.228 173.222 172.817 174.454 175.133 174.713 173.252 173.67 174.811 175.762 175.407 173.668 174.219 175.542 176.52 176.602 174.209 174.41 175.423 176.441 176.939 
165.296 164.801 166.711 168.656 170.065 165.239 164.956 167.023 168.888 170.327 164.98 164.628 166.803 169.452 170.933 165.045 164.175 165.889 168.703 170.744 165.641 164.247 165.502 168 169.619 
142.699 144.693 147.475 149.688 151.264 141.597 142.72 146.43 149.323 150.814 141.959 143.632 146.23 150.787 151.543 143.403 144.756 144.334 146.641 147.803 143.36 141.701 141.282 142.815 144.237 
133.81 136.178 139.449 141.878 143.244 132.208 133.957 137.552 140.824 142.275 132.385 134.692 136.954 141.926 142.716 133.714 135.129 134.168 136.875 138.074 133.36 131.615 130.155 131.74 133.438 
116.127 118.804 119.967 120.776 121.735 113.76 115.703 117.71 119.417 120.053 113.408 114.792 115.717 119.301 119.613 113.829 115.611 113.416 114.544 114.329 112.385 111.451 109.879 109.566 109.741 
90.0813 90.2302 90.1891 90.7772 90.7907 89.6471 89.9381 90.4052 90.2681 91.0742 89.026 88.95 88.5858 88.4078 89.4787 87.6756 86.8234 85.7678 86.2432 86.7734 85.2188 84.0445 83.3479 83.5149 83.7509 
93.3949 92.6464 91.6936 90.6697 89.9565 92.8854 91.8624 90.7612 89.7464 88.7217 91.973 91.1079 89.7492 88.5798 87.63 91.0509 90.2272 88.7881 87.432 86.7084 90.1652 89.3665 87.9771 86.8336 86.3121 
87.2734 86.5216 85.7352 84.1223 82.9062 87.9637 86.5694 85.9158 84.2654 82.8681 87.8786 86.9439 85.5572 84.1114 82.955 88.6415 86.8169 85.5173 84.3636 83.5913 88.4299 86.9764 85.2283 85.3006 84.1308 
87.5324 87.1561 86.9344 86.9594 87.1837 87.5818 87.7569 87.0201 86.4627 86.5861 88.7833 88.8396 87.6149 86.7254 86.1268 88.9285 88.9095 88.4118 88.1111 88.0394 89.2499 88.9773 89.0219 88.1991 87.348 
84.9159 84.8676 85.1265 85.2663 85.3062 84.5205 84.5639 84.9204 85.209 85.5738 84.1988 84.2729 84.5434 84.9392 85.0975 84.0287 84.1033 84.2464 84.7496 84.9721 83.8027 84.1625 84.2343 84.7365 85.1081 
81.9106 82.9526 84.0821 85.5707 86.7932 81.0092 82.1564 84.112 85.789 87.4491 81.3816 82.3014 85.1279 86.4815 85.6483 80.6528 82.6301 84.8414 86.0271 85.3705 80.7972 82.1645 84.4892 86.0845 86.0306 
157.361 157.782 158.642 158.04 156.264 160.224 159.17 157.983 156.631 156.03 160.479 157.821 156.571 156.871 157.973 158.657 157.211 157 157.942 158.895 158.811 159.434 158.868 157.925 158.186 
163.16 161.984 162.86 161.891 162.633 163.292 162.1 161.211 162.095 163.24 163.416 163.352 160.643 161.597 161.533 163.522 163.354 161.841 161.839 162.266 162.59 162.329 161.619 162.84 163.521 
161.67 162.012 162.778 163.014 163.573 161.36 162.093 162.662 163.266 163.656 161.617 162.146 162.777 163.314 163.627 161.971 162.564 163.031 163.23 163.637 161.772 162.486 162.934 163.057 163.545 
164.329 164.687 165.49 165.907 166.543 164.74 164.456 165.753 166.372 165.965 164.787 165.415 166.387 166.515 166.139 165.029 165.953 167.058 167.434 167.377 164.86 165.688 166.726 167.412 167.826 
166.598 166.33 167.715 168.741 170.29 166.556 166.281 168.255 169.821 170.858 166.895 166.739 168.909 170.709 171.853 167.394 167.668 169.612 171.616 172.556 167.706 167.962 169.978 171.413 172.23 
142.393 142.993 145.512 147.23 149.624 153.426 153.955 157.322 159.526 161.824 153.126 153.911 157.9 160.638 162.608 153.455 155.126 158.408 161.127 163.146 153.87 155.109 158.372 160.875 162.654 
129.84 129.207 132.29 135.515 138.622 129.898 129.347 133.07 135.98 138.487 129.615 129.73 133.565 137.048 139.331 129.896 128.792 131.538 135.496 139.683 131.124 128.579 130.083 134.497 138.132 
97.1159 99.1704 100.488 102.164 102.22 97.5857 99.3707 100.584 101.404 101.687 98.1664 99.875 101.061 102.107 102.975 100.136 100.472 101.179 101.198 100.661 100.842 100.715 99.7932 98.5659 97.9284 
85.6032 86.0828 86.2298 87.0832 86.925 85.7354 86.7577 87.4357 87.0427 87.8167 86.0788 86.111 86.1017 85.8017 87.0141 85.5393 84.0822 83.6375 83.7492 84.79 83.8645 82.5994 82.1845 81.8647 82.6277 
85.0258 84.8899 84.678 85.491 85.5978 84.844 84.9039 85.2794 85.2401 86.5265 84.5466 84.1064 83.8647 83.7566 85.0663 83.6259 82.3431 81.3542 82.1972 82.4067 81.8926 80.1555 79.5761 80.1906 80.0136 
84.512 84.3148 84.0488 84.0349 83.6065 84.8927 84.4661 84.7523 84.0414 84.3267 84.7962 84.3074 83.4113 82.632 83.2441 84.3041 82.6043 81.1727 81.2434 81.4795 82.2942 80.4119 79.1139 79.6971 79.4685 
81.7217 81.2938 80.8499 79.317 78.1295 82.4359 81.2245 80.733 79.1983 77.9649 82.3227 81.547 80.3126 78.8102 77.8334 82.7103 80.9015 79.8055 78.7951 78.1332 82.2267 80.7028 79.3101 79.6601 78.5204 
77.925 77.596 77.3349 76.4852 75.8203 78.1713 77.3437 77.2853 76.4899 75.8643 78.1303 77.572 77.0524 76.5663 76.01 78.6261 77.4232 76.906 76.4345 76.2163 78.4178 77.6029 76.7111 76.9894 76.2894 
73.2592 73.2416 73.5562 73.6077 74.7784 72.779 73.1013 73.7208 74.6536 75.3042 74.2129 73.6694 75.3651 75.8351 75.4751 73.9678 73.7317 75.5154 76.0937 75.3271 73.2195 74.1329 74.8784 75.5486 74.7891 
72.3486 72.4571 73.1352 73.2141 74.4002 71.66 71.986 72.9965 74.1404 74.8178 73.0514 72.4477 74.4259 75.2627 74.9183 72.7672 72.4671 74.5358 75.4826 74.7962 71.9956 72.8879 73.7199 74.6209 74.0353 
155.475 155.966 156.743 156.208 154.414 158.47 157.39 156.075 154.711 154.158 158.542 156.016 154.797 155.062 156.094 156.82 155.301 154.985 155.829 157.001 157.092 157.542 156.847 155.633 156.229 
155.558 156.106 157.287 157.032 155.419 158.443 157.782 156.715 155.455 155.133 158.321 156.149 155.193 155.636 156.895 156.617 155.463 155.277 156.357 157.596 156.973 157.645 157.082 156.192 156.946 
155.553 156.019 156.869 157.486 158.075 155.309 156.183 156.946 157.52 158.346 155.06 155.868 156.932 157.564 157.994 155.449 156.139 156.619 157.08 157.705 155.591 156.068 156.448 156.852 157.829 
153.141 154.18 154.987 155.073 156.251 152.989 154.11 155.154 155.698 156.272 152.502 153.67 155.322 155.517 156.18 153 153.596 154.63 155.792 156.836 152.714 153.614 154.671 155.671 156.537 
146.215 147.024 148.169 148.912 149.965 153.763 154.51 156.144 157.341 158.206 153.495 154.367 156.129 157.811 158.87 153.932 155.012 156.652 158.237 159.228 154.145 155.398 157.038 158.239 159.251 
95.1992 93.9312 94.9518 95.0733 95.1704 133.352 132.382 133.467 134.046 132.8 134.96 134.353 135.733 137.085 137.54 137.882 137.833 138.979 139.209 139.438 139.358 139.289 140.721 140.857 140.504 
88.7352 89.7049 90.335 91.7934 91.6727 92.8345 93.9587 94.2076 94.461 94.6869 93.568 94.3106 95.4237 95.153 96.2323 95.243 94.7412 96.3685 96.321 95.9797 96.7062 96.8529 96.6056 95.4727 94.8508 
86.1615 87.3638 87.901 88.6484 87.8928 86.4601 88.1998 88.6638 88.1099 87.6222 86.8722 87.2449 88.0348 87.6951 88.2464 87.7489 85.9989 87.6281 86.6588 87.5268 88.6674 88.3091 88.1102 86.3521 86.929 
85.1011 86.1719 86.6486 87.3537 86.5151 85.105 86.8111 87.2093 86.575 86.1422 85.1128 85.2827 86.0971 85.7193 86.3927 85.6521 83.6763 85.3668 84.5067 85.2934 86.3111 85.7334 85.6512 84.181 84.6736 
83.4032 83.7759 83.804 85.0954 84.709 83.4778 83.7673 84.5991 84.6663 85.5256 83.8362 83.2482 83.3947 83.3677 84.819 83.1376 81.6915 81.3367 81.5126 82.5897 81.5185 80.1943 79.743 79.5951 80.5791 
82.1255 81.4422 80.9506 80.7083 80.1817 80.8796 80.1493 79.3822 79.3826 79.8545 79.2178 78.1041 78.013 77.7508 77.9612 77.6482 76.6776 76.3279 76.9402 75.7264 77.3606 75.7775 75.5547 76.0403 74.9008 
77.9391 77.31 77.0701 75.7221 74.686 77.7675 76.6078 76.2918 75.2892 74.3854 77.1359 76.2592 75.3522 74.3995 73.7985 77.3343 75.6174 74.7805 73.9754 73.8997 76.8717 75.4545 74.0248 74.4786 73.665 
72.4275 72.2578 71.9581 71.6268 71.3623 72.3703 72.1084 71.9627 71.6378 71.4325 72.3852 72.1905 72.0587 72.0065 71.5695 72.3678 72.2091 72.0669 71.4681 71.261 72.4003 72.2661 71.961 71.3643 71.031 
67.045 67.1007 66.0542 65.2116 65.5212 66.6575 66.8909 66.8876 66.2091 66.9409 66.0986 66.3244 66.1896 66.1283 67.408 65.6892 66.0574 66.598 67.6001 68.1044 65.7855 65.5076 66.0206 67.6554 68.4804 
69.2788 69.3476 69.7366 69.8502 71.2028 68.5441 68.9571 69.7892 70.9069 71.617 69.8836 69.4011 71.3017 71.9728 71.7912 69.6384 69.4394 71.4726 72.2354 71.5288 68.9818 69.8534 70.6428 71.4126 70.722 
153.366 153.861 154.699 154.043 152.059 156.414 155.254 153.886 152.478 151.748 156.566 153.919 152.396 152.604 153.642 154.616 153.098 152.653 153.266 154.35 154.775 155.208 154.483 153.281 153.544 
151.525 151.665 151.102 150.889 151.48 151.521 151.639 151.318 150.641 150.818 150.935 151.178 151.5 151.486 150.75 151.723 151.368 151.646 151.59 151.239 152.723 152.014 151.912 151.661 151.794 
149.356 149.963 150.673 150.84 151.67 148.945 149.76 150.524 150.912 151.386 148.624 149.647 150.732 150.92 151.466 149.345 149.705 150.331 151.171 151.993 149.776 150.11 150.658 151.45 151.999 
145.778 146.799 147.469 147.665 148.411 145.751 146.413 147.481 148.156 148.909 144.993 146.009 147.569 148.145 149.172 145.762 146.418 147.773 148.658 149.43 145.972 146.674 147.903 149.05 149.367 
136.664 137.621 138.084 137.612 138.497 137.068 137.857 138.809 139.065 138.967 136.59 137.84 139.765 139.716 140.581 138.131 138.376 139.81 140.841 141.714 138.781 139.217 140.522 141.407 141.805 
115.124 115.009 115.589 115.482 115.012 121.612 121.839 122.101 122.037 121.306 122.659 123.115 124.343 124.269 124.778 124.737 124.864 125.867 125.804 125.83 126.098 126.382 127.139 127.141 126.956 
102.341 101.836 102.008 101.783 101.584 104.381 104.04 103.922 103.845 102.747 106.188 105.899 106.32 106.057 105.849 107.989 108.026 108.055 107.78 107.348 109.495 109.558 109.818 109.469 108.945 
85.8558 86.7185 87.3298 88.6582 88.3174 87.157 88.2083 88.2402 88.3208 88.3167 87.8455 88.4371 89.2123 88.8014 89.6808 89.4255 88.7284 90.0417 89.7955 89.3734 90.7686 90.8324 90.3341 89.1449 88.4423 
82.3914 83.202 83.5314 84.6278 83.8144 82.0137 82.2403 83.1853 83.5412 83.2928 82.2092 81.5317 82.5217 82.8835 83.5889 82.1876 81.1393 82.3819 81.6901 83.2776 82.4167 82.4143 82.5727 81.6728 83.4649 
79.5657 79.5561 79.3768 81.4822 80.6913 78.8796 76.4458 77.3378 79.5442 80.0234 78.2591 76.2331 77.4599 78.6373 79.9349 77.3025 77.4009 77.841 78.6375 79.0338 77.0624 76.8829 76.9173 77.8888 79.1851 
79.4316 79.2266 78.9484 80.4432 79.2164 77.7525 75.384 75.4396 77.4912 77.5173 76.4228 74.1936 75.2332 75.657 76.6892 73.996 74.7842 74.7885 75.1199 75.3561 72.7898 73.0489 73.0425 73.1965 74.8648 
76.5324 75.3768 74.5746 73.0365 71.8436 73.7697 73.3431 70.8583 70.4093 70.0627 71.3724 70.0003 69.6717 68.1122 67.8311 68.0929 68.4611 67.4825 67.3133 65.9964 66.708 66.3488 66.4303 65.4178 65.0266 
66.4674 66.3922 64.9848 63.8274 64.1506 65.903 66.0858 65.8293 64.9567 65.7812 65.2084 65.3317 65.0977 64.8537 66.2078 64.7023 65.0261 65.5027 66.3427 66.9835 64.7854 64.3532 64.8731 66.5644 67.5318 
64.966 64.9613 63.4624 62.3135 62.9285 64.549 64.8421 64.7263 63.8772 64.8554 63.927 64.2166 64.0749 63.8699 65.4208 63.5649 63.8625 64.5401 65.5229 66.1152 63.6433 63.013 63.6968 65.7701 66.7711 
64.2271 64.3291 63.1727 62.223 62.7738 63.746 64.0949 64.1722 63.4623 64.3323 63.1381 63.4395 63.3764 63.2669 64.7667 62.6542 63.0518 63.743 64.9187 65.4685 62.7166 62.2775 63.0258 65.0128 65.9868 
149.007 149.17 148.216 147.122 147.276 149.206 149.19 148.308 147.163 146.748 149.139 148.898 148.364 147.867 146.737 149.452 148.811 148.228 147.55 147.065 150.043 149.351 148.735 147.758 147.319 
144.733 145.417 145.818 145.568 145.059 144.514 145.636 146.244 146.085 146.118 146.75 147.403 147.178 146.719 145.965 147.942 148.223 146.891 146.87 147.07 148.053 147.746 148.219 149.131 148.939 
145.241 144.98 144.668 145.349 146.639 145.186 144.982 144.996 144.69 145.636 145.018 145.106 145.524 145.888 145.455 146.48 146.004 146.701 147.201 146.793 147.807 147.202 147.301 146.846 147.357 
140.047 140.005 140.198 140.901 141.728 139.985 140.628 140.595 140.797 140.898 140.177 141.006 141.668 141.746 141.714 141.814 141.958 142.47 142.588 142.109 142.377 142.706 143.087 142.903 142.424 
127.587 127.819 128.447 129.289 129.644 127.819 128.238 128.871 129.392 130.143 128.098 128.979 130.135 130.774 131.547 129.412 129.772 131.14 131.707 132.05 130.08 130.604 131.329 132.002 132.013 
114.485 114.402 115.168 115.996 116.502 115.4 115.344 116.032 117.633 118.095 116.093 115.615 116.892 118.601 118.983 117.625 117.82 118.893 119.214 120.071 118.77 118.248 119.011 119.412 119.902 
101.914 101.567 102.189 103.114 103.531 102.601 102.938 102.945 103.338 104.312 103.653 104.168 105.096 105.222 105.98 105.815 105.58 106.422 106.657 107.24 106.833 107.106 107.541 107.703 107.657 
83.8046 83.7754 84.3918 85.5633 86.106 84.5862 84.5651 85.3398 85.9983 86.5502 86.1947 86.1379 86.441 87.1999 87.3957 87.7335 88.0804 88.0598 88.3643 88.686 88.3786 88.8504 90.0062 89.6185 89.4295 
77.2255 77.374 77.7304 78.4251 78.7898 77.8855 77.9567 78.4683 78.8199 79.3456 79.2121 79.217 79.4235 79.956 80.3145 80.7282 80.9358 80.9925 81.146 81.4513 81.4493 81.8936 82.7255 82.4455 82.3816 
76.012 76.3544 76.3492 78.3426 77.8711 75.9945 73.9707 75.0238 77.0874 77.4336 76.4454 74.8791 76.0398 77.1265 78.0469 76.3413 76.8972 77.3895 77.716 78.4075 76.383 76.9408 77.1349 77.5157 78.9557 
71.5779 71.2912 70.6909 70.2254 69.8094 71.0007 70.6221 69.5846 69.3677 69.3797 70.349 69.7467 69.5021 68.9625 68.911 68.9823 69.2469 68.6508 68.7164 67.7168 68.3964 68.1787 68.3733 67.9313 67.5217 
63.382 62.0037 60.2909 58.3739 57.7992 62.2946 61.4637 59.3061 57.7885 57.2553 61.6848 60.2875 59.1321 57.4556 57.039 60.8498 60.057 59.0378 58.2695 57.5914 60.6626 60.0525 59.446 58.6337 57.9186 
55.3803 54.9608 54.5562 54.0742 53.7693 55.1718 54.7464 54.2464 53.6694 53.4296 54.8007 54.5284 53.9814 53.4016 53.057 54.5531 54.1918 53.8118 53.2536 52.9409 54.4418 54.0559 53.6687 53.3677 53.1544 
60.6258 60.6406 59.0974 57.9061 58.4699 59.5544 59.8235 59.8233 58.8582 59.7058 58.0857 58.7028 58.6105 58.2833 59.6046 57.168 57.3799 58.4712 59.3889 59.9808 56.7032 56.2204 56.9254 59.3282 60.2233 
50.4616 50.4251 50.5682 50.7097 50.8859 49.7337 49.9647 50.0551 50.3779 50.3917 49.3439 49.4964 49.6883 49.7667 50.2824 49.0419 49.2135 49.432 49.5037 49.731 48.9025 48.9196 49.1805 49.4049 49.6947 
143.508 144.036 144.289 143.849 143.008 143.716 144.437 144.516 144.487 144.863 145.649 145.851 145.182 144.576 144.259 146.114 146.222 144.722 144.318 144.714 145.84 145.522 145.935 146.551 146.362 
142.413 142.872 143.325 143.148 142.634 142.348 143.284 143.953 143.859 144.264 144.4 145.208 145.031 144.747 143.947 146.028 145.963 145.156 145.432 145.479 146.252 145.733 146.526 147.362 147.381 
139.853 139.867 140.562 141.338 140.987 139.642 140.643 141.055 141.512 142.136 142.419 143.332 142.847 142.513 142.107 145.014 144.818 143.639 143.518 143.649 144.815 144.428 145.267 145.673 145.683 
135.636 134.713 134.868 136.616 137.679 135.947 136.056 135.446 135.679 136.642 136.688 137.309 137.113 137.305 136.811 139.664 138.743 139.281 138.896 137.865 140.303 140.043 140.061 138.575 138.77 
127.499 127.101 127.703 129.494 130.623 127.749 128.513 128.552 129.535 130.243 128.632 129.08 129.82 130.853 130.51 130.816 130.586 131.512 131.473 130.676 131.44 131.158 131.77 131.589 131.144 
115.307 115.721 117.106 118.504 119.525 115.758 116.195 117.146 119.195 121.042 115.892 115.902 117.326 119.431 120.41 117.511 117.515 118.974 119.666 121.327 118.463 117.826 118.689 119.687 120.836 
103.892 104.845 106.16 107.565 109.019 104.842 105.733 106.766 109.081 110.763 105.357 105.622 106.824 109.655 110.576 106.577 107.61 108.67 109.726 111.888 107.924 108.085 108.93 110.007 111.622 
82.0085 82.1124 83.272 84.3589 85.0349 83.0217 83.3228 84.2078 85.3151 86.1439 84.6911 85.2861 85.8117 86.6629 87.5086 86.646 87.0574 87.5436 88.1088 89.0201 87.8582 88.6436 89.0362 89.561 90.1011 
72.652 72.9104 73.1645 73.6939 74.3155 73.8726 73.776 74.1417 74.5969 75.1912 75.8582 75.4524 75.7456 76.1351 76.2245 77.4234 77.4247 77.6312 77.8302 77.629 78.6442 78.775 79.4428 79.2135 78.8252 
68.6561 68.7338 68.6717 68.6581 68.8665 69.4793 69.2432 69.2688 69.4159 69.7083 70.8726 70.2776 70.4198 70.6118 70.6714 72.0556 71.7431 71.7861 71.7608 71.4831 72.8233 72.7236 73.0189 72.7487 72.4118 
62.1449 61.7716 60.986 60.1054 60.0629 62.5752 62.1749 61.4398 60.6018 60.4297 63.2354 62.562 61.9892 61.3645 61.0808 63.3614 62.8404 62.3166 62.1953 61.6143 63.6903 63.1822 63.0915 62.7787 62.1828 
56.4423 55.8324 54.7821 53.5896 53.2807 56.7046 56.1001 55.0109 53.8815 53.4486 56.8986 56.3166 55.3842 54.3754 53.9685 56.8669 56.2931 55.6085 55.1081 54.3368 56.9579 56.4422 55.9996 55.6096 54.8428 
48.1518 47.5435 46.4683 45.2456 45.1273 47.6412 47.4283 46.4847 45.1329 44.807 47.0409 47.0698 46.2435 45.2674 44.6534 46.7219 46.0661 45.8293 45.3637 44.6519 46.2889 45.8357 45.3436 45.3062 44.5375 
35.6074 35.2184 34.7857 34.4409 34.477 33.1878 32.9211 32.9494 32.372 32.0506 30.3117 31.2165 31.247 30.685 30.0018 28.6763 28.0746 29.3624 28.7241 28.5876 26.8315 27.0606 26.7567 27.6867 27.1288 
37.5562 36.9389 36.4451 35.822 36.1865 33.479 33.236 33.4218 32.5873 32.2738 28.8143 30.3038 30.5106 29.712 29.0394 26.1246 25.3815 27.5239 26.6626 26.696 23.6792 24.0572 23.6574 25.1795 24.5129 
142.623 142.391 142.112 141.335 141.072 143.52 142.567 141.779 141.26 142.781 141.619 141.769 141.715 141.192 142.051 139.941 140.951 141.321 140.631 141.038 140.431 141.881 141.152 140.814 140.332 
139.762 140.352 141.136 141.105 140.657 140.319 141.195 141.606 141.802 142.022 141.974 142.887 142.562 142.349 141.792 143.044 143.062 141.916 142.523 142.69 142.211 142.219 143.12 144.515 144.353 
137.942 137.031 137.223 137.926 138.574 138.037 137.479 137.296 137.389 138.463 137.901 138.359 137.776 138.001 138.196 139.74 138.703 138.846 139.506 139.829 140.011 139.563 139.397 138.266 139.778 
132.44 132.152 132.616 133.967 134.784 132.46 133.412 133.386 133.776 133.941 133.23 133.856 134.463 134.826 134.549 135.13 134.872 135.574 135.359 134.585 135.578 135.859 136.146 135.902 135.343 
126.068 126.63 127.607 128.817 129.329 126.221 127.054 128.134 129.12 129.826 126.905 127.689 128.546 129.37 130.223 127.456 127.974 129.017 129.919 130.764 128.041 128.655 129.419 130.344 131.06 
116.428 117.792 119.373 121.173 122.859 116.355 117.835 119.352 122.211 124.246 116.576 117.154 118.842 121.753 123.388 117.366 118.431 120.217 121.403 124.146 118.164 118.25 120.039 121.736 123.44 
98.9839 102.404 104.642 107.284 110.044 99.9497 103.793 105.613 108.198 111.121 100.476 104.533 105.94 109.319 112.301 101.378 104.767 106.311 109.514 112.928 102.178 105.883 107.389 110.92 113.492 
81.6977 83.9651 85.3753 86.7544 88.3978 83.0425 85.7129 86.8753 88.0538 89.7064 84.2267 86.9817 87.7229 89.8815 91.6924 85.5896 88.1153 88.8374 90.5269 93.0382 86.849 89.7556 90.6143 92.311 93.8304 
67.759 69.8068 69.8101 69.2292 70.3928 68.5623 70.6517 70.5929 70.2615 71.7619 70.0102 72.163 72.471 72.4125 73.472 71.7429 73.9279 74.216 74.2625 74.8006 72.9933 75.3778 75.5661 75.5804 75.8493 
65.7465 66.1626 66.2984 66.4748 66.8614 66.3784 66.5638 66.6901 66.9092 67.3698 67.5802 67.4229 67.5707 67.8564 67.9277 68.4622 68.6088 68.5648 68.807 68.662 69.0785 69.3909 69.6841 69.5159 69.4426 
56.1998 56.4673 56.1157 56.9075 57.7534 56.6943 57.041 57.3464 58.2727 58.6287 57.2272 56.7606 57.6395 58.3044 59.7958 57.3366 57.0293 57.4783 59.2465 59.6986 57.2828 57.5235 58.2159 59.0008 59.0795 
51.0146 50.8115 49.8519 48.7648 48.8643 51.2183 51.4081 50.4289 49.3289 49.3253 51.5287 51.5216 50.676 50.0076 49.8205 51.6371 51.4963 50.8659 50.685 50.2392 51.7872 51.6444 51.1481 50.8302 50.5465 
33.4568 33.1446 32.821 32.4996 32.2641 33.4392 33.6746 33.1818 32.6451 32.5475 33.554 33.7092 33.3898 33.008 32.5426 33.8064 33.6677 33.4976 33.1722 32.7461 33.8535 33.7427 33.4542 33.1102 32.8411 
27.3108 26.6779 26.1561 25.6611 25.4568 26.2214 26.3457 25.833 25.0462 24.8457 25.2588 25.6312 25.2828 24.6982 24.0869 24.8835 24.3878 24.596 24.0725 23.6969 24.4774 24.2375 23.7713 23.804 23.4056 
4.67882 4.57429 4.51274 4.52325 4.52263 4.62524 4.58511 4.50273 4.5147 4.49531 4.59244 4.52142 4.53858 4.49626 4.50038 4.61561 4.54683 4.49211 4.52113 4.51858 4.74378 4.62645 4.64884 4.6332 4.63784 
140.358 140.418 140.372 140.067 140.395 141.647 140.706 139.903 139.419 141.537 138.969 139.622 139.907 139.539 140.632 137.338 138.485 139.046 138.686 139.26 137.02 139.386 138.758 138.807 138.251 
138.877 138.959 139.293 138.831 138.975 139.772 139.071 138.874 138.515 140.101 137.293 138.407 138.906 138.808 139.79 136.341 137.498 138.196 138.184 138.739 135.938 138.256 137.894 138.213 137.499 
134.794 135.268 135.814 136.323 137.505 135.434 136.004 136.048 136.159 135.98 134.789 135.58 135.968 136.39 135.885 135.704 134.98 134.925 136.084 136.031 134.224 134.836 135.413 136.196 136.059 
131.516 131.971 132.826 133.706 134.15 131.147 131.913 133.048 133.957 134.194 130.918 131.646 132.738 133.56 134.363 131.009 131.574 132.539 133.21 134.127 131.368 132.025 132.722 133.456 133.921 
126.304 127.506 128.693 130.194 131.029 125.783 127.136 128.686 130.444 131.276 126.035 126.913 128.461 129.837 131.35 125.992 126.803 128.579 129.637 131.522 126.233 127.107 129.087 130.645 131.338 
117.25 120.297 122.049 124.794 127.083 116.462 119.703 121.805 125.471 128.166 116.409 119.831 121.899 124.409 128.241 116.286 119.175 122.325 124.578 128.502 116.617 119.349 123.138 126.423 128.317 
104.905 110.191 112.135 115.935 119.528 104.17 109.902 112.031 117.325 121.168 104.366 110.303 112.041 116.744 122.601 104.5 109.833 113.262 116.72 123.332 105.288 110.504 115.255 120.309 123.109 
68.3835 75.4274 76.1445 76.7293 80.1986 68.6355 75.8107 76.3981 77.5339 81.7258 69.3644 76.786 78.1084 79.7571 83.3941 70.7518 77.9972 79.5668 81.4552 84.2286 72.1877 79.5128 80.9256 83.1974 85.0377 
56.6919 63.0036 62.0647 60.5332 62.6913 57.0379 63.4832 62.2917 61.062 64.0023 57.7223 64.2448 63.9995 63.3803 65.5758 58.7927 65.584 65.6478 65.5365 66.9054 60.2508 67.0845 67.2334 67.1933 67.9944 
54.8058 56.0924 55.6916 56.6067 57.9565 55.4673 56.7859 57.1048 58.1927 58.8849 55.8942 56.5354 57.4171 58.1866 60.1318 56.0278 56.7495 57.3297 59.334 60.0357 55.9444 57.3973 58.1985 59.1179 59.3446 
53.6167 54.4444 54.1608 55.3147 56.6661 54.1233 55.0429 55.4292 56.6447 57.4044 54.3911 54.5812 55.5069 56.3355 58.3172 54.2873 54.5577 55.1135 57.2378 58.0536 54.15 55.0453 55.8584 56.8401 57.2581 
51.376 52.0316 51.7407 52.8025 54.0989 51.8862 52.6023 52.9832 54.1606 54.8267 52.1557 52.1517 53.0951 53.8715 55.7395 52.0948 52.1631 52.7579 54.7313 55.3687 51.9492 52.6635 53.4404 54.3333 54.5674 
34.6242 34.6397 34.2632 33.9444 34.0456 34.3641 35.0975 34.4492 33.9597 34.3653 34.3612 34.9388 34.3329 34.0752 34.0639 34.6098 34.811 34.5102 34.1153 33.9598 34.6978 34.9319 34.3956 34.0025 34.0246 
6.99909 6.8917 6.87282 6.87571 6.83158 6.95465 6.8957 6.81131 6.83976 6.82517 6.9148 6.84143 6.85654 6.80342 6.78307 6.90528 6.85252 6.81951 6.80314 6.75994 6.97345 6.88067 6.8953 6.86315 6.82615 
1.18148 1.00747 0.959965 0.924471 0.87127 1.06434 0.981344 0.885643 0.870874 0.842499 1.03003 0.92005 0.868493 0.768364 0.796326 1.02973 0.905606 0.793577 0.768022 0.730512 1.21835 1.03393 0.946181 0.928781 0.91469 
