7761600
98.5794 98.4182 99.2219 99.6364 99.9344 100.389 100.452 100.715 101.08 100.938 102.678 102.713 103.034 103.11 102.527 104.253 104.97 105.363 105.291 104.613 105.261 105.654 105.8 105.462 105.26 
99.1812 99.4043 99.6047 100.403 100.871 99.2634 99.7547 99.7533 99.929 100.925 100.315 100.629 100.395 100.196 101.01 100.83 101.017 101.236 100.557 100.654 100.972 101.53 100.584 101.31 101.12 
98.1243 98.3602 98.9878 99.7398 100.149 97.7292 98.1097 98.3829 98.7645 99.8618 97.9363 98.4806 98.5881 98.6744 99.6213 98.0496 98.5259 99.0255 98.5164 98.7299 98.0161 98.4308 97.9148 98.6316 98.6617 
97.1259 97.5442 98.1521 99.0667 99.5717 96.4217 97.0217 97.1258 97.3799 98.6438 96.2246 96.6755 96.7363 96.6968 97.9133 95.8984 96.3568 96.8896 96.1411 96.5533 95.6271 95.8292 95.2842 96.1149 96.2017 
94.5568 94.9578 95.6383 95.8617 96.8249 93.072 93.757 93.5388 93.9981 94.9065 90.8379 90.9684 91.7261 92.0949 93.0739 89.9423 89.9773 90.3229 90.2541 91.1079 89.257 88.6477 89.0576 89.2274 89.7487 
89.2512 89.6815 90.1437 90.2705 90.6584 88.1583 88.6918 88.644 88.5623 88.998 86.329 86.2978 86.5118 86.2477 86.8907 84.7949 84.3493 84.2843 84.127 84.7162 83.82 82.909 82.5586 82.6155 83.135 
84.0401 84.1079 83.0041 82.85 83.0215 83.0278 83.6095 82.567 82.8689 82.6785 80.8425 82.2404 82.0769 82.2845 82.0918 80.1066 80.3662 80.6006 80.8742 80.2144 79.4413 79.0394 78.6997 78.7564 79.0903 
77.1052 77.1554 77.1002 77.0008 76.8348 76.0965 76.2613 76.0161 75.9061 75.8602 74.9382 74.829 74.7 74.435 74.4211 73.4232 73.4436 73.2826 73.2174 73.0834 72.573 72.2386 71.9086 72.2074 72.2794 
65.5378 65.2 65.0354 65.4426 65.6971 65.0379 65.1561 64.9804 64.936 64.9783 64.322 64.5288 64.6793 64.2502 64.3752 64.2164 64.1128 63.8546 63.6622 63.8917 63.5811 63.3569 62.7327 63.0421 63.7529 
56.4986 56.5707 57.1889 57.7716 58.3984 56.527 56.8308 56.7925 57.8939 58.907 56.3806 56.1401 56.8226 57.8265 58.708 56.2825 55.7245 56.1136 56.8892 57.8801 56.1544 56.1721 56.2575 56.8251 57.6032 
41.6965 42.4029 42.5762 42.7703 42.9807 41.4869 42.5612 42.487 42.4895 42.8487 41.2393 41.9179 42.328 42.485 42.4403 41.198 42.0446 42.1169 42.4003 42.3928 41.4606 42.0906 42.1009 42.2351 42.4896 
29.2182 28.7705 28.9088 28.9012 29.0127 29.8609 29.1175 28.9406 28.8673 28.4047 29.1716 29.0329 28.4878 28.4698 28.5005 27.9372 28.1155 28.3397 28.3793 28.1313 28.4843 28.2256 28.5111 28.5884 28.0254 
4.98722 4.92197 4.8009 4.75205 4.74721 5.01967 5.00012 4.88207 4.79343 4.81064 5.07513 5.10102 4.98116 4.89059 4.88636 5.10244 5.08412 4.9861 4.96132 4.99393 5.22057 5.12013 5.11026 5.09491 5.10868 
1.89567 1.807 1.74763 1.63667 1.60333 1.86285 1.84129 1.72931 1.62838 1.64996 1.89844 1.96767 1.78306 1.64083 1.69197 1.86911 1.88657 1.76822 1.68544 1.73095 2.01756 1.91356 1.86169 1.85495 1.89626 
103.473 103.748 103.74 104.211 105.027 104.111 104.53 104.789 105.057 105.32 105.583 105.466 105.592 105.746 105.641 106.794 106.599 106.601 106.772 106.901 107.257 107.768 107.568 108.058 107.888 
103.608 103.861 104.039 104.465 104.863 103.646 103.802 104.137 104.531 104.82 104 104.019 104.233 104.515 104.431 104.383 104.063 104.337 104.39 104.322 104.455 104.651 104.498 104.698 104.627 
100.336 100.784 101.122 101.843 102.147 99.803 100.311 100.584 100.817 101.659 99.9381 100.368 100.187 100.153 100.886 99.6756 99.8587 100.169 99.5891 99.9043 99.2346 99.6969 98.9724 99.7542 99.7587 
99.5579 99.9019 100.647 100.862 101.204 97.9897 98.3468 98.757 99.422 99.7187 95.7368 96.1267 96.8966 98.0245 98.2598 94.967 95.4261 95.7845 96.0686 96.471 94.1438 94.4244 94.87 95.0957 95.4418 
93.4721 94.0108 94.2743 94.4411 94.7587 92.7125 93.2273 92.9992 92.933 93.2372 91.0411 90.9371 91.0868 90.8187 91.3154 89.7223 89.1042 89.1076 88.8043 89.3951 88.8586 87.8557 87.646 87.631 88.0097 
86.9363 86.9759 85.6614 85.0897 84.8568 86.101 86.7059 85.3701 85.3997 84.7917 84.1156 85.5861 85.1373 84.8645 84.5066 83.6984 83.7852 83.6662 83.6683 82.7708 83.1794 82.6533 81.9157 81.4727 81.6691 
84.4295 84.3781 82.9818 82.6587 82.4177 84.9182 84.6567 84.1021 83.7541 82.7206 84.5036 84.5991 84.2767 82.8537 81.1545 84.0402 83.3734 82.449 79.9332 79.4688 85.0867 84.0304 81.9225 80.3796 80.2236 
78.0764 77.8896 76.7178 76.5799 76.6856 77.6762 77.8795 76.9302 76.8884 76.5207 76.2697 77.2249 76.9918 76.8545 76.5221 76.3184 76.2997 76.2059 76.1026 75.6492 76.012 75.63 75.0628 74.9491 75.2052 
63.8196 63.4005 63.7216 64.1529 64.7697 63.9273 63.6283 63.5825 64.4359 65.2423 63.805 63.2783 63.7122 64.2995 65.1804 63.9189 62.8077 62.9416 63.4298 64.5069 63.435 63.029 62.6982 63.2771 64.1049 
59.757 59.6763 60.0785 60.6054 61.397 60.0171 60.0156 60.0146 61.0245 62.0056 60.0514 59.7963 60.3494 61.0986 62.1508 60.2614 59.5151 59.7887 60.3809 61.6002 60.0335 59.9886 59.916 60.4549 61.3519 
52.0113 51.7946 52.4744 53.0103 53.7251 52.7039 52.3393 52.197 53.3174 54.1467 52.4569 51.9526 52.1105 53.1416 54.2467 51.9067 51.1421 51.688 52.4324 53.3137 51.9478 51.8049 52.1713 52.8038 53.0107 
35.9188 35.7899 35.7898 35.702 35.9862 36.5816 35.9947 35.7961 35.7283 35.269 35.901 35.7385 35.1619 35.1887 35.3468 34.5955 34.8391 35.0077 35.0857 34.8563 35.0499 35.0317 35.2607 35.2422 34.6445 
29.5837 29.0502 29.1478 28.9255 28.9534 30.2227 29.325 29.1015 28.9842 28.3252 29.6475 29.2946 28.6517 28.4958 28.6419 28.2673 28.2541 28.3515 28.3397 28.1307 28.8433 28.2933 28.5161 28.5994 28.0104 
5.5808 5.4893 5.39111 5.26654 5.21672 5.47378 5.42751 5.266 5.21721 5.1344 5.44809 5.33563 5.25698 5.09122 5.07404 5.41011 5.31451 5.13932 5.06323 4.9767 5.49664 5.36356 5.24661 5.12205 5.09302 
109.414 109.878 110.5 110.937 111.498 109.482 109.851 110.39 111.074 111.648 109.926 110.223 111.043 111.653 111.714 110.094 110.393 111.238 111.396 111.413 111.067 111.204 111.411 111.547 111.475 
107.967 108.209 108.394 108.942 109.416 107.926 108.069 108.276 108.776 109.078 107.985 107.883 107.933 108.453 108.574 107.928 107.79 108.095 108.287 108.417 107.811 108.245 108.313 108.644 108.665 
107.741 107.968 108.282 108.734 108.827 106.521 106.639 107.101 107.45 107.743 104.791 104.908 105.228 106.093 106.013 103.652 103.568 103.865 103.952 104.171 102.591 102.784 102.685 102.834 103.14 
110.731 111.447 110.761 111.68 110.98 105.65 105.882 106.646 105.086 106.03 99.6382 98.7366 99.2009 100.253 99.0352 94.8219 94.516 93.6409 93.5334 93.6396 90.3556 90.1601 89.978 88.8979 89.0955 
97.9322 97.2942 96.4232 95.5953 94.4906 97.1055 96.268 95.2724 94.098 93.1814 95.3733 94.0575 93.4901 92.8223 91.9872 94.4139 93.3543 92.3599 91.4862 90.8314 93.5471 92.8466 91.5755 90.1852 89.8413 
88.2318 87.8849 86.6096 85.9573 85.0524 89.0092 88.1443 87.7466 86.8968 85.3503 89.2517 88.4504 87.8388 85.8222 83.8327 89.1482 88.0323 86.5506 83.2182 82.595 90.3793 89.3453 86.7953 84.3923 83.5117 
84.7807 84.6282 82.9293 82.2959 81.9029 85.4524 85.0641 84.2257 83.6315 82.4251 85.3475 85.2749 84.6783 83.0295 81.184 85.1179 84.4031 83.2201 80.3319 79.7414 86.3245 85.2896 83.0421 81.1161 80.821 
81.5359 81.1441 80.0018 79.488 79.0589 82.4056 81.5971 81.1619 80.4101 79.5175 82.9385 82.0715 81.5609 79.8503 78.1439 82.6617 81.705 80.5086 77.6445 77.2651 83.9277 82.9924 80.7933 79.0264 78.5605 
70.4522 70.0458 69.7745 69.6119 69.3554 70.5417 70.2374 70.0065 69.5676 69.4474 70.7507 70.5484 70.3351 69.7566 69.6645 71.4586 71.0326 70.4875 70.0788 69.9874 71.5068 71.0696 70.3684 70.1356 70.2195 
60.8371 60.9921 61.6335 61.9889 62.6995 61.3624 61.5771 61.4937 62.4722 63.6976 61.9126 61.5172 61.8787 62.8959 64.0121 62.3497 61.5165 61.8071 62.518 63.565 62.2396 62.1964 62.4963 63.1441 63.4502 
60.6913 61.5845 61.9189 61.7484 62.2347 61.244 62.3406 62.1519 62.0703 62.7897 61.9046 62.4007 62.5994 63.0376 63.3376 62.5023 62.6918 63.0337 63.6671 63.842 62.7501 63.5214 64.2776 64.8263 64.4385 
45.8934 45.873 46.2746 46.2186 46.4723 46.8125 46.4655 46.3437 46.3161 45.96 46.4895 46.3658 45.7876 45.9796 46.4067 45.3751 45.5874 45.8311 46.0795 45.8963 45.982 45.8161 46.3592 46.6978 45.8843 
49.487 49.4654 48.9704 48.0827 47.8707 49.3255 49.5021 48.7466 48.2565 47.6418 49.3425 49.3216 49.0383 48.2134 48.2177 49.1883 49.0607 48.3676 48.1114 47.9924 49.3059 48.6666 48.2075 48.022 48.1332 
47.9575 48.2936 47.6026 46.3821 45.6329 47.8366 48.2805 47.3431 46.5786 45.4544 47.9437 48.1689 47.7106 46.3758 46.2223 47.7505 47.961 46.8793 46.2513 45.6124 48.0036 47.577 46.7046 46.0181 45.6383 
112.447 113.254 114.046 114.558 115.325 112.5 113.171 113.98 114.854 115.612 112.887 113.66 114.755 115.494 115.735 112.738 113.567 114.631 114.969 115.334 113.78 114.053 114.757 115.127 114.993 
112.876 113.245 113.758 114.4 114.745 112.977 113.261 113.75 114.497 114.992 113.018 113.277 114.042 114.737 114.727 112.61 112.787 113.751 113.986 113.766 113.059 113.207 113.79 113.932 113.831 
113.973 113.937 113.923 113.741 113.644 113.665 113.48 113.37 113.332 112.942 112.775 112.577 112.222 112.331 112.112 111.663 111.488 111.291 111.263 111.18 110.689 110.639 110.613 110.409 110.431 
111.765 110.394 111.283 109.245 109.054 111.965 110.361 111.112 109.492 108.555 111.171 110.066 109.669 108.883 108.181 110.748 109.651 108.906 107.952 107.612 109.2 109.202 108.194 106.64 106.709 
97.6509 97.0146 96.2087 95.4018 94.2108 97.7927 96.8156 96.3007 95.3727 93.9679 97.306 96.6652 95.8767 94.894 93.7356 97.7679 96.8834 95.9495 94.6102 93.5462 97.6201 97.0844 95.8631 94.2369 93.0865 
93.1123 92.8286 92.1698 91.2999 90.2121 93.3407 92.9106 92.4271 91.424 90.1964 93.2826 93.0086 92.2309 91.0908 90.1616 93.9123 93.3923 92.5252 91.0954 90.0314 94.0476 93.6098 92.5225 90.8606 89.8103 
86.6861 86.4668 85.3778 85.0268 84.3469 87.6104 87.1083 86.8248 86.1034 84.8399 88.0783 87.63 87.1971 85.4491 83.5705 88.1293 87.4556 86.2601 83.212 82.6927 89.5087 88.8373 86.7027 84.5196 83.9414 
83.431 82.6427 81.617 81.1431 81.2464 84.4428 84.7032 83.1292 81.8693 82.205 84.2 85.0006 84.0778 82.9415 82.9839 84.871 85.2409 85.5002 85.7317 83.964 85.2206 85.0671 85.4917 86.667 86.4104 
74.0496 73.7943 73.5313 73.2357 73.0235 74.8876 74.7038 74.1581 73.7761 73.8864 76.038 75.7144 75.1541 74.8118 74.7025 77.2133 77.0176 76.5418 76.1755 75.8524 77.9883 77.9609 77.518 77.0425 76.5163 
69.3382 69.3352 69.27 68.9746 69.1127 70.0683 69.935 69.7999 69.8339 69.9487 70.6898 70.4326 71.0155 71.3151 70.9982 71.4567 71.0521 71.6357 72.3736 72.2759 72.3754 72.817 73.2915 73.3148 72.8539 
64.5403 65.2569 65.698 65.672 66.1644 65.2387 66.1503 66.0578 66.1037 66.8501 65.9946 66.3164 66.6218 67.336 67.6963 66.6773 66.6858 67.313 68.1483 68.3755 66.965 67.6799 68.6917 69.4941 69.0795 
65.5664 65.8784 65.9244 65.7625 66.2622 65.6732 66.0495 66.0823 66.213 66.5417 65.6047 65.8487 66.5447 67.171 67.0951 65.5367 65.4871 66.4204 67.4945 67.7238 65.8343 66.5134 67.2216 67.8096 67.9693 
65.2066 64.9518 64.5306 63.8608 63.7718 65.0393 64.7843 64.05 63.8752 63.8086 64.0689 64.5677 64.3663 64.6067 64.5767 64.2549 64.7029 65.0771 64.8475 64.3834 64.9377 65.1643 65.0857 64.9075 64.6369 
61.527 61.6849 60.9795 60.4114 60.3094 61.3429 61.6416 60.7771 60.3149 60.0536 61.332 61.4024 60.9442 60.2364 60.2082 61.2292 61.3599 60.6435 60.1999 59.804 61.2555 61.4105 60.71 59.867 59.6665 
115.181 116.064 116.838 117.676 118.547 115.388 116.121 116.984 118.029 119.016 115.8 116.567 117.787 118.632 118.958 115.69 116.28 117.477 118.246 118.314 116.388 116.743 117.656 118.37 118.365 
117.453 117.622 118.095 119.066 119.45 118.099 118.191 118.773 119.433 119.941 118.287 118.346 118.952 119.665 119.608 117.955 118.031 119.022 119.725 119.267 117.668 117.973 119.118 119.705 120.059 
118.519 117.399 118.177 117.253 117.363 119.189 118.05 118.632 117.894 117.401 118.983 118.22 118.294 118.093 117.418 118.741 118.153 117.992 117.545 117.158 117.759 117.797 117.6 116.819 116.995 
117.433 116.642 117.068 115.397 114.952 118.193 116.794 116.928 115.892 114.654 118.124 117.219 116.367 115.381 114.658 118.259 117.252 116.107 115.256 114.953 116.635 116.47 115.745 114.459 114.235 
109.915 108.366 109.091 107.184 107.15 110.629 108.996 109.363 107.969 107.266 110.603 109.519 109.019 108.151 107.438 110.621 109.734 109.036 108.117 107.661 109.853 109.813 108.857 107.496 107.531 
97.7741 97.1446 96.9121 97.3811 97.0287 98.03 97.5733 97.2294 97.4084 96.8071 98.0893 98.4631 98.2834 97.5057 96.7857 98.7055 98.8216 99.2285 97.9419 96.4833 99.185 99.6038 99.3873 99.0164 96.0716 
89.7238 88.5843 87.4899 87.4323 87.8497 90.3136 90.7264 89.2998 88.4101 89.0386 89.7525 91.0417 90.6048 89.931 90.1463 90.3881 91.144 91.9764 92.7385 90.9927 90.7838 90.7066 91.5627 93.4189 93.4059 
86.3703 85.3104 84.4689 84.4775 84.8146 87.4529 87.8273 86.5215 85.6222 86.0465 87.2328 88.5027 87.9856 87.1586 87.1887 88.1781 89.0446 89.7325 90.371 88.7383 88.7954 89.123 89.8336 91.4792 91.4617 
81.3301 80.4899 79.6626 79.5058 79.934 82.8032 83.1476 81.7498 80.9363 81.5774 83.0592 84.1001 83.4582 82.6394 82.9129 84.2177 84.8785 85.5021 86.2223 84.5328 84.9741 85.1345 85.8894 87.5351 87.2466 
75.7669 75.9862 76.2251 76.7146 77.297 76.4738 76.6601 77.0124 77.5312 78.1353 77.4952 77.7567 78.0795 78.7425 79.2318 78.4783 78.9529 79.4071 80.0199 80.4263 79.3072 79.9663 80.5212 80.9956 80.9716 
75.7049 75.8618 76.1949 76.329 76.899 75.9815 76.0929 76.5439 77.0212 77.4175 76.0367 76.1524 77.4497 78.3252 78.3104 76.1818 76.0107 77.5283 78.9508 79.3652 76.5728 77.4577 78.6818 79.5432 79.7191 
74.0913 74.072 73.9119 73.8266 74.2016 73.9576 73.8223 73.5613 73.8972 74.4613 73.024 73.7019 73.9541 74.9306 75.2992 73.3786 73.936 75.0248 75.3492 75.3747 73.7758 74.5783 75.0182 75.5374 75.7235 
73.2414 72.7054 72.4683 72.1654 72.337 73.0282 72.4602 71.8868 72.027 72.359 72.0999 72.2042 72.1784 72.7758 72.8315 72.3 72.4462 73.0144 72.9875 72.7411 72.7526 72.9897 72.9137 73.0674 72.9646 
72.3539 72.0626 71.6693 71.1878 71.0829 72.1349 71.7492 70.9977 70.9547 71.1059 71.2147 71.5072 71.2417 71.6272 71.571 71.4024 71.7375 71.9355 71.6528 71.0845 71.9208 72.2414 72.0143 71.5198 71.0839 
120.581 120.847 121.496 122.986 123.877 120.672 121.079 121.975 123.222 124.037 120.757 121.465 122.715 123.487 124.301 121.107 121.768 123.128 124.179 124.705 121.351 121.918 123.086 124.101 124.708 
120.573 120.764 121.124 121.762 121.784 121.077 121.255 121.813 122.144 122.319 121.012 121.266 121.739 122.21 122.353 120.365 120.806 121.588 122.015 121.904 120.035 120.544 121.475 122.158 122.348 
122.55 122.563 121.837 121.856 121.151 122.85 122.496 121.75 121.402 120.462 122.623 122.451 121.579 120.709 120.335 122.276 122.184 121.517 120.677 120.605 121.342 121.006 120.816 120.431 119.977 
119.816 118.769 119.002 117.642 117.122 120.587 119.122 119.003 117.966 116.795 120.522 119.698 118.892 117.933 117.074 120.694 120.005 118.986 117.936 117.527 119.291 119.155 118.465 117.37 116.968 
110.489 110.25 109.318 109.601 109.207 111.214 110.603 109.573 109.657 108.942 111.828 111.73 110.859 109.707 109.221 112.642 112.341 112.269 110.901 109.38 112.455 112.458 112.52 112.318 109.249 
102.489 101.308 100.818 101.171 101.317 102.739 101.985 101.109 101.325 101.324 103.112 103.11 102.845 102.135 101.709 103.55 103.573 104.151 102.895 101.539 104.264 104.226 104.194 104.164 101.446 
97.2828 96.4378 96.1451 96.7738 97.0125 97.289 96.9571 96.5874 96.9654 97.1775 97.6449 97.9771 98.1118 97.8332 97.6647 98.3132 98.5471 99.1961 98.5047 97.598 98.9245 99.1384 99.2432 99.5441 97.3584 
90.3728 89.2439 88.3942 88.5195 89.1435 91.2604 91.5861 90.2435 89.5454 90.5782 91.0843 92.2722 91.9445 91.3411 91.7739 91.9597 92.6827 93.6737 94.5585 92.9433 92.5022 92.4916 93.4445 95.467 95.531 
82.1387 83.8262 84.5407 85.9907 87.5765 82.9646 84.9291 85.5945 87.0832 88.9443 84.4613 86.5694 87.2857 88.6216 90.3482 85.8251 88.043 88.8425 90.218 91.6417 86.879 89.0087 89.829 91.2392 92.3728 
84.0703 84.5237 85.4337 86.486 87.3325 84.3898 84.952 85.9018 87.0299 87.9684 85.1636 85.8273 86.7809 87.8262 88.5426 85.7778 86.4845 87.4146 88.4355 89.1567 86.3907 87.1194 88.0021 88.8226 89.2953 
88.8316 89.2525 90.0146 90.8357 91.3162 88.7374 89.2693 90.1304 90.9341 91.4621 88.79 89.3967 90.2438 91.051 91.5894 88.8878 89.3364 90.1771 90.983 91.8139 88.9825 89.4164 90.1549 91.1425 91.8442 
87.8626 88.1682 88.5727 88.8509 89.1532 87.6699 88.0059 88.462 88.7946 89.1786 87.6804 87.866 88.3772 88.7376 88.9454 87.528 87.5694 88.091 88.4848 88.7777 87.1668 87.387 87.7231 88.3579 88.7555 
82.8735 82.3559 82.052 81.6335 81.6396 82.6303 81.9957 81.328 81.3375 81.5044 81.6164 81.8128 81.5168 82.0606 81.9229 81.8196 81.9253 82.2328 82.0819 81.7138 82.0811 82.2533 82.0581 82.0691 81.9916 
87.2002 86.8891 86.7091 86.566 86.132 86.8093 86.5124 86.1526 85.8199 85.587 86.764 86.4386 86.046 85.7589 85.5689 86.5031 86.1 85.7592 85.6572 85.3588 86.1368 86.0138 85.6929 85.6431 85.0817 
124.16 124.496 125.16 125.649 125.949 124.155 124.74 125.786 126.553 126.958 124.42 125.094 125.998 126.692 127.758 124.464 125.022 125.979 126.993 127.719 124.617 125.116 126.16 127.189 127.011 
124.821 124.978 125.304 125.403 124.973 124.709 124.983 125.622 125.882 125.653 124.282 124.74 125.328 125.391 125.875 123.616 124.115 124.776 125.088 125.522 123.53 123.781 124.466 125.046 124.964 
126.099 125.483 125.387 124.848 124.136 125.975 125.538 125.444 124.751 124.286 125.327 125.292 125.014 124.357 124.281 124.295 124.749 124.618 124.062 124.098 124.143 124.163 124.171 124.195 123.763 
124.466 124.651 123.521 123.076 121.817 124.952 124.522 123.522 122.839 121.512 125.426 124.945 123.609 122.43 122.074 125.895 125.226 124.075 123.272 122.581 125.123 124.519 124.236 123.765 122.512 
122.657 122.586 121.211 119.797 118.822 123.651 123.514 121.522 120.104 119.192 125.026 124.322 122.725 121.189 121.414 126.148 124.896 124.558 123.335 122.418 126.374 125.553 124.955 124.464 123.295 
111.002 110.292 108.973 108.621 108.133 111.693 110.854 109.505 108.919 108.037 112.597 111.984 110.919 109.545 108.92 113.513 112.757 112.514 110.933 109.096 114.183 113.567 113.252 112.641 109.48 
107.5 105.892 104.221 102.993 101.662 107.382 106.151 104.473 103.217 102.226 107.719 106.675 105.442 104.346 103.014 108.022 106.977 106.039 104.8 103.344 108.578 107.348 106.183 104.913 103.322 
105.151 106.433 106.483 107.113 107.948 105.566 106.921 106.78 107.336 108.393 105.985 107.68 107.474 107.842 108.868 106.513 108.168 108.009 108.488 109.358 106.873 108.217 108.154 108.854 109.643 
93.4707 97.517 99.4571 115.341 118.731 93.8199 97.7472 99.7468 115.68 119.445 94.3214 98.486 100.364 116.282 120.097 94.7557 98.8442 100.862 116.817 120.504 95.1324 99.2017 101.11 117.145 120.535 
101.082 104.639 106.521 108.664 110.441 101.411 104.682 106.322 108.862 110.625 101.938 104.602 106.264 108.625 110.524 101.869 104.2 105.761 108.095 110.221 101.798 104.166 105.344 107.854 109.897 
110.478 111.343 112.147 112.686 113.214 110.072 110.695 111.616 112.416 113.001 109.862 110.265 111.011 112.233 113.017 109.798 110.065 110.74 111.765 112.731 109.562 109.983 110.655 111.867 112.568 
113.613 113.614 113.718 113.507 113.392 113.51 113.247 113.25 113.218 113.193 112.939 112.847 112.769 112.894 112.739 112.41 112.136 111.867 112.045 112.369 111.944 111.657 111.388 111.745 112.03 
104.2 103.838 103.478 103.022 102.387 103.916 103.241 102.786 102.158 101.807 103.695 103.158 102.452 102.047 101.796 103.271 102.727 102.154 101.811 101.565 102.67 102.387 101.938 101.618 101.201 
102.809 102.433 101.919 101.393 100.658 102.266 101.714 101.07 100.285 99.6527 101.874 101.488 100.641 100.053 99.6189 101.388 100.706 100.167 99.9653 99.6223 100.764 100.326 100.072 99.9191 99.2067 
127.278 127.66 127.606 128.246 128.813 127.128 127.65 128.373 129.158 129.218 128.096 128.446 129.318 130.023 130.46 128.529 128.801 129.657 130.281 130.595 128.555 129.194 129.862 130.096 130.164 
129.596 129.925 129.724 129.892 129.328 128.906 129.884 130.392 130.423 129.94 129.425 129.303 129.878 130.344 129.694 129.721 129.878 129.562 129.684 129.477 129.837 129.829 129.956 129.778 129.522 
130.966 130.363 130.093 129.919 129.545 130.905 130.572 130.308 129.782 129.269 130.699 130.542 130.321 129.497 129.184 130.239 130.3 130.05 129.466 129.282 130.482 130.441 129.856 129.461 129.433 
132.149 131.277 132.126 131.02 132.181 133.3 133.074 132.123 131.196 130.785 135.099 135.489 132.566 131.693 131.167 135.903 135.858 133.388 133.21 133.369 135.503 134.649 133.542 134.041 133.533 
129.925 129.938 130.215 128.861 129.079 130.734 131.91 130.639 129.186 129.769 132.511 132.903 130.741 129.361 130.801 134.598 132.992 132.188 131.383 130.575 135.125 134.721 133.366 132.79 131.707 
132.265 131.333 128.84 126.091 123.265 133.499 132.522 129.384 126.326 123.351 134.578 133.27 130.329 127.366 125.311 135.289 133.353 131.621 128.635 126.17 135.248 133.638 131.501 129.356 126.284 
134.662 132.35 129.202 125.791 122.584 134.815 132.344 129.174 125.681 122.415 134.557 132.291 128.745 125.344 122.03 134.145 131.649 128.232 124.906 121.95 133.75 131.067 128.041 124.607 121.529 
133.56 132.581 130.942 129.458 127.97 133.474 132.243 130.702 128.963 127.709 132.821 131.574 129.728 128.3 127.111 132.21 130.778 129.251 127.9 126.873 130.986 129.386 128.262 126.934 125.831 
127.512 132.191 134.323 136.912 139.194 127.659 131.487 133.713 136.622 139.01 128.258 130.746 132.511 135.605 138.662 127.774 129.676 131.315 134.515 137.535 127.053 128.451 130.219 133.505 136.695 
142.89 144.525 147.448 148.949 150.523 143.193 144.006 147.08 148.667 150.165 145.008 144.789 146.146 148.829 149.255 144.089 144.186 145.796 147.488 147.962 144.846 144.206 145.108 146.038 146.931 
136.236 137.017 138.016 138.639 139.035 136.125 136.599 137.643 138.47 138.833 135.385 135.858 136.724 138.031 138.576 135.383 135.462 136.034 137.196 138.215 135.259 135.445 136.037 137.27 137.772 
141.936 141.67 141.107 140.525 139.977 141.569 141.052 140.328 139.696 139.689 140.821 140.142 139.549 139.588 139.762 140.312 139.655 139.075 139.225 139.329 139.833 139.382 138.983 139.379 139.284 
135.424 134.715 133.431 132.079 130.946 134.869 134.033 132.77 130.962 130.163 134.23 133.285 131.703 130.537 129.828 133.41 132.532 131.318 130.048 129.467 132.551 131.94 130.656 129.433 128.661 
142.795 142.454 138.731 137.069 135.991 140.343 137.555 136.089 134.822 134.439 140.655 138.359 136.417 135.034 134.293 139.52 137.48 134.652 133.563 133.777 139.437 135.353 134.032 132.98 132.031 
131.699 131.98 131.721 132.15 132.256 130.763 132.042 132.676 132.882 132.538 131.839 131.843 132.823 133.707 132.761 132.686 132.889 132.919 133.19 132.75 132.894 133.149 133.512 133.159 132.708 
135.944 135.898 135.538 135.622 135.51 134.14 135.465 136.209 136.825 136.76 133.112 134.018 136.054 137.241 136.144 135.44 136.639 136.861 136.36 135.413 136.113 135.537 135.6 135.134 133.752 
135.55 134.698 135.601 134.971 136.118 135.714 135.653 135.669 135.29 135.071 136.866 137.549 135.848 136.203 135.897 138.165 137.273 135.34 135.507 136.262 138.034 137.311 135.65 135.678 136.537 
134.919 134.107 135.388 134.432 135.951 136.423 136.381 135.71 134.937 134.783 138.266 138.938 135.895 135.485 135.046 139.426 139.315 136.676 136.653 137.096 138.983 138.224 137.08 137.544 137.088 
137.31 136.225 136.91 136.325 137.946 138.811 138.298 137.296 136.817 136.593 140.22 140.556 137.573 137.742 137.013 141.138 141.013 138.673 138.719 138.524 140.9 140.3 139.338 139.328 138.846 
141.456 140.917 140.939 139.546 139.771 142.213 142.446 141.497 140.204 140.413 143.766 143.658 141.645 140.46 140.579 145.044 143.813 142.054 140.775 139.9 144.831 144.5 142.884 141.254 140.337 
149.247 147.928 145.985 145.063 143.63 149.624 148.77 146.891 144.813 142.964 150.106 149.957 147.409 145.488 142.849 149.212 148.202 146.741 144.79 143.36 148.868 148.562 145.769 143.188 141.823 
149.085 148.293 147.596 146.59 145.998 148.714 147.86 147.206 146.358 145.476 147.89 147.268 146.425 145.538 145.187 147.552 146.501 145.319 144.502 144.447 146.311 145.042 144.253 143.455 143.165 
155.908 156.832 159.075 160.197 161.668 155.862 156.104 158.832 160.248 161.32 157.274 156.733 158.058 160.131 160.13 156.264 155.918 157.17 158.331 158.476 156.555 155.122 155.663 156.126 156.942 
158.751 159.92 162.642 164.269 165.249 158.839 159.468 162.658 164.547 165.496 160.296 160.181 161.77 164.265 164.519 159.514 159.313 160.99 162.653 162.974 160.498 159.228 160.156 160.911 161.33 
169.66 170.294 172.362 173.778 175.284 169.927 169.571 171.977 173.852 175.554 171.409 170.632 171.359 173.895 174.548 171.227 170.366 171.778 172.55 172.47 171.617 169.914 170.95 171.953 171.835 
172.714 171.569 169.242 168.48 167.894 172.142 171.79 170.062 168.996 169.409 171.408 170.22 168.947 168.823 169.751 171.25 170.647 168.901 168.931 170.358 171.153 171.023 169.754 170.031 169.93 
170.673 170.378 166.019 164.2 163.027 168.59 166.282 164.021 162.332 161.805 168.704 166.693 164.477 162.842 161.949 167.753 166.048 163.164 161.646 161.478 167.908 164.31 162.382 161.135 159.995 
166.084 165.569 160.99 158.777 157.382 163.449 160.711 158.6 156.559 155.645 163.769 161.328 158.503 156.321 155.063 162.479 160.199 156.746 154.42 154.318 162.366 157.708 155.415 153.477 152.174 
136.526 136.46 136.498 136.795 137.384 134.824 135.897 137.103 138.362 138.742 133.452 134.974 137.472 138.666 137.983 135.587 137.438 138.801 138.482 137.487 136.716 136.366 137.302 137.085 135.415 
138.783 138.771 138.743 139.2 139.194 136.357 137.658 139.053 140.263 140.766 134.739 136.439 139.346 140.84 140.723 137.431 138.424 139.764 139.528 138.903 138.516 138.173 138.309 138.082 137.462 
140.037 139.75 139.848 140.216 139.901 138.266 138.972 140.093 140.825 141.874 136.721 138.25 140.559 141.616 141.89 139.101 139.881 140.886 140.652 140.242 140.537 139.783 139.181 139.121 139.104 
139.069 138.219 139.125 138.659 139.958 139.679 139.28 139.234 138.983 138.953 140.613 141.249 139.446 139.983 139.896 141.573 141.186 139.636 139.942 140.437 141.713 141.317 140.207 140.412 140.881 
142.428 141.989 141.891 142.078 142.653 143.348 143.101 142.399 142.433 142.574 144.191 144.265 143.335 143.45 142.814 144.463 144.893 144.586 144.407 143.402 144.539 145.062 145.093 144.816 144.505 
147.842 147.047 146.192 146.41 146.428 148.474 147.909 147.029 146.361 146.007 149.508 149.797 148.226 147.701 146.391 149.1 149.337 148.653 148.017 147.463 149.562 150.089 148.52 147.236 147.085 
154.308 153.535 152.631 152.352 151.772 154.636 154.424 153.569 152.284 151.161 155.741 156.208 154.587 153.306 151.338 155.129 155.143 154.059 152.952 152.311 155.164 155.745 153.62 151.937 151.447 
166.274 165.832 164.082 162.967 162.557 166.195 165.122 163.389 161.672 160.02 166.252 165.841 163.883 163.599 162.777 166.364 164.586 163.171 163.989 164.655 165.903 166.902 165.935 166.065 164.027 
174.692 174.466 174.426 174.565 174.613 174.091 173.765 174.374 174.886 174.892 173.521 173.217 173.602 174.548 175.164 173.458 172.591 172.978 173.916 174.653 173.531 172.582 172.722 173.525 173.779 
174.423 175.273 177.411 178.879 180.26 174.694 174.338 176.958 178.97 180.555 176.159 175.255 176.208 178.566 179.307 175.689 174.717 176.142 176.664 176.771 176.171 174.449 175.146 175.659 175.616 
186.79 187.195 187.801 189.448 190.773 186.852 185.834 187.559 190.032 192.117 187.035 185.902 186.621 189.4 191.534 187.62 186.062 187.443 188.425 189.228 186.954 185.36 187.127 189.375 188.892 
191.541 191.439 191.187 191.948 193.632 191.466 189.567 190.406 192.478 194.564 191.608 189.447 189.756 192.175 194.53 192.586 190.563 191.495 192.965 193.782 192.113 190.704 191.747 194.911 194.364 
199.567 195.814 198.198 194.035 193.648 198.583 197.779 199.136 197.827 196.523 197.097 198.187 197.296 198.476 197.972 197.306 196.9 198.32 197.826 197.751 198.946 198.189 198.587 197.469 198.368 
182.963 183.05 178.956 177.858 176.718 181.017 178.846 177.054 176.252 175.362 181.293 179.484 177.554 176.177 175.398 180.078 178.324 175.61 174.145 174.521 179.676 175.621 173.861 172.931 172.292 
127.252 127.907 129.127 130.373 131.649 141.043 142.163 143.677 145.235 145.912 141.043 142.363 144.184 145.709 146.493 141.127 142.466 144.652 146.07 146.679 141.335 142.983 144.916 146.125 146.553 
140.393 140.65 140.966 141.801 141.836 138.877 140.016 141.2 142.272 144.112 137.398 139.147 141.255 142.293 142.471 138.873 140.83 142.129 142.231 141.605 140.46 139.813 140.572 140.952 139.832 
144.048 144.368 145.128 145.652 145.19 143.117 143.711 144.907 145.242 146.157 142.642 143.5 144.843 145.445 146.973 143.004 142.734 143.776 144.412 145.257 144.232 144.39 143.904 143.953 145.594 
145.468 145.685 146.321 146.582 145.87 145.756 145.793 146.068 145.845 146.843 146.038 146.377 146.408 146.146 146.335 145.795 146.35 146.597 146.842 146.896 146.527 146.62 146.892 147.234 147.209 
148.635 149.055 149.967 150.788 149.814 150.279 151.624 151.054 149.557 148.404 152.248 152.853 150.715 149.732 149.505 150.578 151.121 151.005 151.235 149.95 151.464 152.053 151.612 151.99 150.823 
153.25 153.7 152.838 151.945 151.909 153.576 153.334 152.537 151.999 151.954 154.296 154.588 154.014 153.329 153.221 155.982 155.876 155.113 154.615 154.485 155.838 156.327 155.993 155.188 154.655 
166.371 165.718 164.028 163.018 162.786 166.609 165.077 163.264 161.808 160.525 167.245 166.555 164.424 164.101 163.756 167.551 166.062 164.666 165.62 166.334 167.025 168.575 168.07 168.037 166.169 
174.686 173.909 172.893 171.794 171.467 174.934 173.485 172.14 170.639 169.44 175.154 174.338 172.664 172.87 172.758 175.553 173.97 172.811 174.019 174.792 175.237 176.214 176.171 176.905 175.03 
181.517 181.304 180.823 180.342 179.946 181.794 180.631 180.047 179.533 178.855 181.843 181.305 180.234 180.639 181.169 181.792 180.506 179.678 180.445 181.911 181.629 182.334 182.135 182.53 181.657 
192.226 192.916 194.922 195.874 196.642 192.482 192.501 193.938 193.955 193.644 192.006 193.891 194.638 193.317 192.709 190.99 192.816 194.038 192.12 191.849 190.707 191.018 192.294 191.543 190.608 
193.712 194.244 194.817 195.834 196.988 193.856 192.43 194.042 196.318 197.947 194.365 192.686 193.4 195.46 197.363 194.984 193.267 194.248 195.217 195.769 194.492 193.325 194.063 196.713 195.836 
208.29 208.289 209.223 207.98 207.955 206.153 205.971 208.412 208.824 208.289 207.091 206.884 207.52 209.113 209.331 208.527 207.719 208.514 209.233 209.85 209.561 209.449 210.027 210.082 209.54 
210.445 208.339 211.05 208.061 208.567 209.499 208.986 210.953 211.06 209.982 208.857 209.444 209.809 211.334 211.183 209.655 208.733 210.752 211.956 211.816 211.164 210.025 210.917 212.034 213.174 
215.77 215.808 221.713 221.733 221.511 215.026 215.097 218.106 222.462 222.586 214.469 217.207 216.681 220.048 220.599 214.879 214.635 217.086 215.211 217.541 215.731 214.498 216.383 214.842 215.208 
51.8681 52.1457 52.3417 51.8297 52.1749 181.98 183.417 184.669 184.518 180.901 183.111 185.142 186.593 188.319 186.209 187.698 188.979 190.642 191.278 190.741 188.579 190.402 191.251 192.766 191.78 
139.83 141.379 142.195 142.63 143.504 146.631 147.892 148.808 149.568 149.786 146.686 147.543 147.646 148.972 149.748 146.459 147.457 147.937 148.651 149.231 146.639 147.556 148.104 148.575 149.248 
147.861 148.387 149.108 149.459 148.924 147.864 148.246 148.747 148.726 150.171 147.694 148.197 148.055 148.375 149.081 147.137 147.804 147.795 148.284 148.721 147.987 147.978 147.725 148.046 148.496 
154.445 156.122 156.915 155.105 153.662 154.505 157.035 157.366 156.037 155.409 154.233 155.499 155.174 155.706 156.522 151.025 153.246 154.282 154.951 154.414 148.83 150.024 151.068 152.226 151.097 
153.352 154.488 155.741 156.261 154.871 155.257 157.146 156.615 154.659 153.29 157.201 158.355 156.166 154.648 154.253 155.617 156.173 156.118 156.123 154.875 156.402 157.213 156.459 156.815 155.324 
158.027 158.879 159.549 160.038 158.968 159.309 160.491 160.095 158.657 157.628 161.283 161.652 159.835 158.576 158.772 160.352 160.444 160.147 160.139 159.256 160.887 161.224 160.652 160.809 159.481 
166.125 166.358 165.92 165.387 165.282 166.353 165.858 165.3 164.975 164.85 166.685 166.744 166.393 165.739 165.905 168.053 168.102 167.671 167.535 167.408 167.797 168.21 168.277 167.828 167.491 
175.198 174.864 174.073 173.166 172.774 175.411 174.391 173.174 172.233 171.221 175.723 175.257 173.802 173.882 174.033 175.935 175.033 173.844 175.12 175.912 175.459 176.871 177.18 177.557 176.036 
190.964 191.201 193.257 194.036 194.671 191.169 190.954 192.288 191.836 191.074 190.726 192.48 193.178 191.44 190.284 189.956 192.039 193.021 190.675 190.168 189.492 189.97 191.228 189.915 189.111 
196.713 197.438 199.575 200.376 200.945 196.979 197.328 198.484 198.041 197.513 196.564 198.989 199.375 197.109 195.84 195.517 198.262 198.539 195.551 194.826 194.991 195.769 196.408 194.796 193.948 
202.241 204.631 205.521 206.024 206.452 202.122 203.038 204.093 203.196 202.645 201.513 204.122 204.921 203.06 201.455 201.183 203.546 204.868 201.872 200.995 201.189 201.978 203.515 202.003 200.708 
213.876 215.222 214.406 214.288 213.958 211.914 212.692 213.465 213.965 213.435 213.303 212.766 213.161 213.637 213.786 214.873 214.092 213.732 213.903 214.439 215.529 215.53 215.35 215.076 214.183 
220.711 222.257 225.637 226.423 226.38 219.385 219.9 222.029 226.09 227.041 219.559 221.154 221.03 224.169 225.472 219.773 219.438 221.411 220.387 223.092 220.836 219.975 221.765 220.719 220.579 
223.029 224.388 228.896 230.126 230.005 222.469 223.212 225.326 229.269 230.531 222.463 224.704 224.446 226.495 227.731 222.691 222.724 224.278 222.578 224.79 223.417 222.354 223.603 222.941 222.519 
116.944 116.947 119.926 121.46 123.432 162.124 160.025 163.097 164.827 166.975 161.323 159.873 162.231 165.45 167.684 161.129 159.528 163.898 166.116 169.278 160.77 157.806 163.49 167.373 169.442 
151.015 153.806 154.202 155.651 157.239 150.323 153.252 152.966 153.893 155.722 152.141 153.303 151.646 152.322 153.36 151.878 152.749 152.13 152.817 151.754 151.473 151.58 152.714 153.997 154.334 
155.46 156.965 157.168 154.656 153.5 154.399 156.472 156.955 156.485 156.557 153.183 154.284 154.903 156.673 157.806 151.062 153.11 154.212 155.193 155.583 148.384 149.399 150.523 151.665 151.553 
157.529 159.035 159.284 156.179 154.741 156.515 158.623 159.015 158.41 158.598 155.089 156.293 157.048 158.989 160.156 152.796 154.838 156.319 157.451 157.945 149.858 150.945 152.071 153.45 153.341 
157.24 158.909 159.448 158.048 156.676 157.255 159.806 160.179 158.7 158.017 157.303 158.663 158.167 158.46 158.948 153.566 155.72 157.213 157.64 156.891 151.415 152.648 153.815 155.326 154.022 
162.446 163.551 162.96 163.767 163.807 163.402 164.252 164.19 163.902 163.582 163.724 163.67 165.472 163.499 163.463 164.669 163.795 163.967 162.846 162.665 164.194 159.768 162.718 163.106 163.699 
169.023 168.796 168.747 169.128 169.008 168.828 169.004 169.343 169.587 169.072 169.191 169.596 169.665 169.157 168.993 169.372 169.061 168.92 168.912 169.042 168.879 168.507 169.337 169.094 168.815 
177.648 177.88 178.092 177.925 177.481 177.88 178.242 178.405 178.022 177.564 178.131 178.271 178.286 178.172 178.112 178.333 178.471 178.261 178.621 178.776 178.37 178.624 178.714 178.841 178.917 
189.58 189.515 189.485 188.991 188.223 190.153 189.919 190.029 189.948 188.917 190.28 190.484 190.415 190.001 188.432 190.582 191.081 190.504 190.14 189.456 191.086 191.263 190.664 190.49 190.582 
198.955 200.457 201.393 201.628 202.127 200.589 201.364 201.251 199.403 198.483 198.727 201.892 202.185 199.523 197.49 198.834 202.043 202.909 198.723 197.775 199.205 200.275 200.896 198.767 198.386 
211.248 213.279 211.535 211.637 210.736 212.232 214.624 211.889 208.962 208.421 210.669 213.557 211.647 209.309 208.952 212.194 214.685 214.266 210.459 210.771 214.635 215.657 214.295 212.269 213.723 
221.617 223.185 221.359 221.311 221.073 220.477 221.621 220.997 219.924 219.96 220.356 220.893 220.938 220.774 220.793 221.152 221.062 221.705 220.751 221.261 222.255 222.545 222.949 221.771 221.839 
231.396 231.834 231.157 231.224 231.169 229.915 231.221 231.39 230.915 231.768 229.66 230.405 230.65 230.841 231.746 228.921 228.874 230.011 231.241 231.569 229.973 229.909 230.281 231.639 232.19 
234.984 235.952 238.635 239.729 239.77 234.767 235.231 236.315 239.105 240.216 234.62 236.1 235.962 237.649 238.89 234.445 234.566 235.878 234.859 236.984 235.265 234.631 235.731 235.381 235.169 
153.618 149.498 151.675 156.848 163.295 151.068 148.722 150.668 155.018 161.168 154.336 148.623 149.48 153.407 158.595 155.208 149.082 150.452 154.262 155.982 154.849 148.298 151.69 156.309 160.545 
152.851 153.693 154.746 157.412 160.029 151.76 152.841 153.533 155.732 158.978 153.481 152.616 152.23 154.156 156.919 153.364 152.375 152.898 154.795 155.237 153.073 151.406 153.876 156.239 157.919 
155.909 157.657 158.389 158.684 159.359 155.113 157.173 157.863 158.795 160.152 155.971 156.496 156.621 157.894 159.875 154.912 155.755 157.122 158.869 160.074 154.633 155.935 157.392 159.273 160.217 
158.963 160.149 159.597 157.92 156.958 157.489 159.333 160.109 159.545 159.62 156.402 158.077 158.558 160.091 160.695 153.2 155.37 157.831 158.491 158.566 150.786 152.05 153.946 156.066 155.577 
161.791 162.319 161.024 163.133 162.973 162.507 163.607 163.904 163.524 162.812 162.689 163.112 165.273 163.045 162.519 161.351 160.609 162.576 161.316 160.711 161.173 154.79 160.225 162.477 163.432 
164.017 164.265 162.977 165.405 165.232 164.5 165.376 165.704 165.58 164.739 164.769 165.069 167.084 164.959 164.249 163.88 162.766 164.234 162.724 162.071 163.36 157.062 161.865 163.493 164.145 
167.682 167.897 167.302 169.618 169.725 168.438 169.453 169.986 170.417 169.725 168.644 169.067 171.185 169.534 169.274 169.093 168.053 168.394 167.507 167.394 168.534 162.595 166.648 167.503 168.412 
177.079 176.362 176.194 177.608 178.153 176.702 176.915 177.909 179.2 178.933 176.744 178.2 178.754 178.961 177.859 177.33 177.483 177.718 178.146 177.745 177.897 177.153 177.962 178.055 177.888 
188.104 188.115 187.696 188.235 187.838 189.334 188.636 189.62 190.998 189.846 189.414 190.029 191.24 191.871 188.738 190.997 191.856 192.124 192.581 190.113 191.775 192.559 191.949 192.404 191.095 
201.235 201.011 200.533 199.758 198.435 203.331 202.777 202.513 202.282 200.281 203.991 204.529 204.392 203.501 199.601 205.15 206.475 205.456 204.384 201.367 205.443 206.172 205.288 204.956 202.728 
213.354 215.103 213.313 212.708 211.919 215.536 217.394 214.991 212.135 211.174 214.432 217.042 215.845 213.919 212.368 216.238 218.387 218.715 215.481 214.396 217.576 219.01 218.765 216.483 216.886 
225.035 225.595 224.844 223.786 223.612 225.911 226.65 225.754 224.431 224.247 227.111 227.945 227.023 226.889 225.573 226.969 228.005 227.987 228.006 226.714 226.95 227.807 228.64 227.744 227.119 
242.355 242.494 241.694 241.632 242.014 242.443 242.631 242.086 241.787 242.217 242.295 242.12 242.352 242.871 242.673 241.615 241.469 242.238 242.769 242.708 242.027 242.094 242.619 242.983 243.235 
247.301 247.728 247.941 248.015 247.9 247.714 248.328 248.596 247.99 247.986 247.763 248.422 248.614 248.306 248.13 247.397 248.087 248.359 248.33 248.128 247.971 248.451 248.61 248.638 248.347 
