7761600
117.664 118.365 118.813 119.392 119.873 119.025 119.393 119.237 119.991 120.744 118.902 119.195 119.176 119.721 120.752 118.68 118.573 118.695 119.32 120.392 118.618 119.083 118.909 119.784 120.254 
184.934 185.571 186.166 186.545 187.078 186.248 186.652 186.104 186.823 187.604 186.26 186.703 186.173 186.696 187.61 185.756 185.928 185.79 186.433 187.796 185.945 186.308 186.387 187.005 187.579 
187.282 188.66 188.913 187.707 187.255 188.089 189.243 189.036 188.852 189.095 187.315 187.878 187.862 188.763 189.476 185.266 186.708 187.424 188.07 188.409 183.586 184.304 185.476 186.37 186.031 
70.1596 69.8582 70.2299 70.7977 71.6787 70.4101 70.1524 70.0653 71.088 71.96 70.2265 70.0124 70.4119 71.1112 72.2224 70.025 69.6312 70.0056 70.9146 71.8766 70.1236 70.1721 70.2886 71.1011 71.8713 
134.686 135.166 135.132 134.389 134.146 135.539 136.052 135.82 135.349 135.399 134.908 134.698 135.068 135.366 135.729 133.42 134.016 134.402 134.718 134.869 132.268 132.595 132.991 133.597 133.548 
165.964 166.484 166.615 165.246 165.063 165.534 166.364 166.403 166.287 166.572 164.83 164.928 165.385 166.423 167.176 162.899 164.022 164.854 165.764 165.932 161.191 161.503 162.68 163.466 163.426 
67.4265 67.1259 66.6977 66.682 66.7192 67.9606 67.4231 67.1266 67.12 66.9606 68.1626 67.6086 67.4305 66.782 66.1878 67.9207 67.3072 66.7751 65.5182 65.6076 68.5111 68.0033 66.9634 66.455 66.3339 
93.8446 93.1955 92.8007 92.825 92.933 94.2392 93.6271 93.475 93.2581 93.0604 94.3141 93.7391 93.7027 93.1059 92.5276 94.2058 93.5711 93.144 92.239 92.2842 94.9453 94.3874 93.4544 93.0817 93.055 
134.362 135.148 134.84 133.313 132.829 134.163 135.081 135.091 134.503 134.365 133.607 133.907 134.196 134.456 134.503 131.913 133.144 133.614 133.304 132.941 130.323 130.686 131.278 131.408 130.882 
