4849680
123.9 125.144 125.576 127.893 127.741 128.589 125.233 125.555 126.243 128.494 128.481 129.279 128.011 127.135 128.407 128.276 128.678 129.364 128.418 128.039 129.343 131.441 130.063 129.44 128.334 126.759 128.872 131.957 131.168 129.409 126.769 126.237 128.647 129.663 130.266 126.764 
127.883 128.894 129.278 131.557 131.579 132.47 129.089 129.24 129.751 131.995 132.197 133.022 131.604 130.596 132.026 131.919 132.526 133.177 131.914 131.565 133.282 135.2 133.914 133.461 131.694 130.326 132.723 135.818 134.978 133.216 130.244 129.612 131.987 133.136 133.789 130.418 
169.45 169.107 169.354 173.36 175.379 174.55 166.311 170.057 171.087 171.58 173.64 172.125 170.105 170.42 171.871 172.697 172.193 171.401 171.298 171.047 172.826 172.842 172.14 171.352 173.185 173.641 172.22 172.917 173.616 172.962 165.737 167.743 168.141 169.221 170.817 172.518 
191.275 190.268 190.571 194.008 196.831 195.566 188.204 191.776 192.87 193.105 194.996 192.991 191.626 190.975 192.943 194.58 194.068 192.54 192.94 192.46 194.066 193.547 193.737 192.017 196.037 195.841 193.908 193.629 195.075 193.617 188.184 189.089 189.102 189.169 191.396 192.625 
201.502 200.664 200.839 203.754 205.939 204.27 198.787 201.958 202.867 202.857 204.281 201.987 201.985 201.145 202.695 204.261 203.441 202.101 203.081 202.69 203.851 203.552 203.384 201.632 206.002 206.032 204.235 203.866 204.513 203.303 198.975 199.808 199.783 199.466 201.392 202.701 
229.67 229.361 235.075 238.543 236.613 234.499 235.519 231.628 236.751 238.311 236.84 237.276 236.549 233.378 234.388 235.608 236.399 237.517 233.946 233.426 235.145 231.404 235.07 235.995 233.824 236.279 235.394 230.035 232.367 237.148 231.513 234.641 236.204 232.113 231.158 235.787 
236.039 235.577 241.968 245.216 244.58 241.64 242.076 239.134 244.864 245.791 244.935 244.83 243.324 240.563 242.597 242.501 244.119 244.737 241.323 240.074 242.818 240.213 242.936 242.432 240.515 242.34 241.905 236.716 239.276 243.257 237.546 240.91 242.34 239.382 238.474 242.751 
120.506 120.678 120.293 122.396 121.907 122.907 120.976 120.622 120.337 122.435 122.268 123.031 123.053 121.794 122.555 122.115 122.52 123.016 123.051 122.617 123.94 125.585 124.387 123.488 122.672 121.215 123.467 126.447 125.374 123.017 121.708 120.807 122.536 123.374 124.223 120.466 
125.187 125.094 125.415 125.665 126.232 126.359 124.864 125.146 125.139 125.579 126.301 126.401 124.663 124.961 125.272 125.262 125.767 126.409 124.59 124.879 125.301 125.613 125.73 126.26 124.214 124.489 125.064 125.531 125.741 126.178 124.328 124.643 124.803 125.257 125.675 126.211 
141.121 141.255 142.068 141.993 142.292 143.025 140.472 140.701 141.463 141.713 142.222 142.954 139.754 140.208 141.292 141.297 141.895 142.672 139.465 139.712 140.728 141.052 141.478 142.571 138.404 139.006 139.804 140.979 141.206 141.722 137.315 137.782 138.895 139.549 139.858 140.386 
181.709 181.246 181.298 185.366 187.079 185.853 178.383 182.183 183.004 183.312 185.402 183.137 182.762 182.943 183.967 184.748 183.892 182.639 183.899 183.551 184.832 184.537 183.672 182.091 185.562 186.093 184.023 184.508 184.838 183.63 177.026 179.274 179.085 179.785 181.242 182.293 
201.068 200.788 201.764 201.192 198.961 198.868 201.995 198.782 199.402 200.76 197.749 198.174 200.987 199.206 197.96 200.312 197.913 199.265 199.816 201 198.992 195.638 198.403 200.833 201.023 202.336 201.273 201.239 200.948 201.348 202.102 201.086 201.443 198.905 198.366 198.449 
207.535 208.388 208.995 208.766 206.526 205.621 207.368 206.373 207.346 207.664 205.249 205.356 207.676 207.499 205.942 206.981 204.938 206.615 207.542 208.601 206.989 204.707 205.667 208.215 207.795 209.288 208.447 208.682 208.236 209.363 208.574 208.525 208.956 207.188 206.596 207.859 
227.652 227.423 232.329 235.223 233.81 231.65 232.776 229.439 234.04 235.28 234.122 234.231 233.913 231.147 231.904 232.809 233.56 234.562 231.64 230.976 232.494 229.428 232.667 233.439 231.205 233.083 232.238 227.855 230.08 234.42 229.267 231.766 233.088 229.757 228.711 232.905 
107.759 105.536 104.507 104.415 104.099 105.212 106.016 104.805 103.918 104.091 103.744 104.39 104.97 104.543 103.662 103.193 103.541 104.162 104.615 104.418 103.722 103.442 104.651 104.801 104.553 104.262 104.222 104.355 104.55 104.451 105.919 105.557 104.896 104.472 105.138 105.576 
112.144 110.539 110.078 110.05 109.844 110.837 110.734 109.912 109.277 109.603 109.532 109.97 109.82 109.524 109.17 108.931 109.181 109.769 109.357 109.297 109.402 109.274 110.003 110.322 108.884 109.092 109.391 109.758 109.615 109.648 109.67 109.519 109.253 109.124 109.699 110.181 
120.048 120.511 120.319 119.665 119.795 120.493 119.093 119.87 120.236 119.095 118.984 120.32 118.615 119.076 118.826 118.894 119.022 120.131 117.805 118.193 118.284 117.432 118.955 120.064 117.695 118.043 117.467 117.861 118.913 119.222 116.452 116.947 117.378 117.735 118.371 118.37 
153.377 152.783 152.297 149.504 149.065 148.733 154.833 152.216 151.4 149.039 147.835 148.672 153.798 152.212 151.03 150.055 148.059 147.195 152.458 151.786 149.523 150.419 150.05 148.229 151.231 150.373 149.578 151.591 147.977 145.97 150.804 149.715 150.158 150.15 147.28 144.376 
170.725 171.344 169.638 168.381 167.969 166.622 169.439 170.991 169.706 167.523 167.113 167.02 171.36 171.007 169.195 168.181 167.524 167.302 171.094 170.993 169.268 169.533 168.228 167.285 170.046 169.423 168.793 169.283 167.213 167.325 170.318 170.272 169.808 168.993 167.86 168.287 
186.465 187.252 187.625 187.237 184.757 184.253 186.597 185.162 185.609 185.824 183.209 183.841 186.659 186.084 184.441 185.447 183.032 184.8 185.93 187.354 185.78 182.825 183.867 186.475 186.458 187.992 187.328 187.371 186.604 187.181 187.395 187.416 187.945 185.921 185.118 185.725 
189.461 190.541 189.753 189.417 189.573 187.826 188.354 190.725 190.671 189.45 189.453 188.664 190.078 190.795 190.249 189.255 189.216 189.692 190.792 190.823 190.784 190.46 189.876 189.722 189.783 189.661 189.562 189.589 190.006 190.223 189.981 190.211 190.119 189.836 190.069 191.05 
91.7716 90.0944 89.3496 89.1344 88.6183 89.448 90.4567 89.5625 88.756 88.6571 88.205 88.5654 89.4279 89.2125 88.4325 88.0009 87.9566 88.4193 89.1559 88.9781 88.5411 88.3722 88.9036 88.8717 89.0596 88.8523 88.7312 88.8278 88.5206 88.4726 90.1014 89.7717 89.1257 88.5928 88.8969 89.3534 
94.6389 94.6808 94.4469 94.1594 94.3833 95.0058 94.5447 94.632 94.6686 94.01 94.0315 94.8396 94.6176 94.6135 94.3116 94.2677 94.2916 95.2449 94.567 94.7464 94.5716 94.0722 94.8454 95.4628 95.1389 95.0787 94.7199 94.6931 95.2051 95.4354 95.0594 95.1428 95.0613 95.0092 95.2753 95.4983 
106.405 106.552 106.501 106.087 106.183 106.881 106.206 106.51 106.701 105.98 106.005 106.866 106.33 106.313 106.24 106.252 106.267 107.157 106.323 106.355 106.367 106.014 106.828 107.317 106.653 106.647 106.278 106.548 107.034 107.137 106.218 106.358 106.689 106.772 107.133 107.103 
123.55 123.37 123.218 123.164 123.158 123.338 123.473 123.805 123.82 123.273 123.21 123.818 124.192 123.985 123.439 123.443 123.656 124.166 124.221 124.106 123.599 123.045 124.026 124.599 124.651 124.311 123.952 123.688 124.185 124.541 124.608 124.667 124.431 124.335 124.627 124.713 
144.921 145.145 144.173 144.003 143.973 143.161 145.423 144.766 144.375 144.101 142.421 142.392 146.025 145.974 145.07 143.974 143.151 143.423 144.818 144.993 142.871 142.671 143.98 144.508 144.483 143.795 143.571 144.121 144.526 144.071 144.357 143.967 144.409 144.753 143.642 143.543 
158.211 158.848 158.49 158.299 157.851 157.072 156.884 158.572 158.653 157.654 157.533 157.252 158.027 158.518 158.227 157.715 157.726 158.1 158.461 158.791 158.573 158.619 158.052 158.126 158.329 158.196 158.315 158.164 158.126 158.697 158.493 158.861 158.879 158.408 158.514 159.503 
160.612 160.746 161.345 161.27 161.774 161.389 161.253 161.646 162.147 162.041 162.652 162.507 161.542 161.472 162.153 161.606 162.401 163.7 161.76 161.666 162.194 161.881 163.28 164.012 161.662 161.598 162.057 162.222 163.321 163.855 162.117 162.192 162.167 162.51 163.279 163.735 
64.7004 64.4451 64.2329 63.925 63.4868 63.4375 64.3887 64.3138 64.0998 63.6729 63.3624 63.3393 63.9994 64.2285 63.8615 63.5942 63.3338 63.6037 64.2017 64.0882 63.9005 63.77 63.5567 63.6413 64.4062 64.2356 63.9867 63.7785 63.3868 63.7147 64.6199 64.5815 64.3221 64.0011 63.8979 64.1133 
64.7567 65.1559 65.1012 64.8616 64.8125 65.075 64.7506 64.942 64.9307 64.8626 65.0273 65.3341 64.6087 64.8588 65.0614 64.881 65.1303 65.8101 64.4156 64.394 64.7017 65.5156 65.7623 65.7833 64.9202 64.9063 65.0616 65.1996 65.4504 65.9792 65.0526 65.1801 65.0399 65.1247 65.3943 66.1057 
91.7779 91.6104 91.3754 91.3083 91.2272 91.403 91.9775 91.9615 91.8705 91.4461 91.197 91.5613 92.319 92.0778 91.5934 91.5785 91.5446 91.9655 92.4721 92.3203 91.857 91.2997 91.7407 92.1158 92.9597 92.7801 92.2118 91.9288 92.1709 92.2081 92.8113 92.8269 92.5917 92.4029 92.5287 92.582 
118.401 118.908 117.879 118.461 118.841 118.21 118.976 118.856 118.51 118.965 117.465 117.279 119.977 120.494 119.665 118.889 118.479 118.836 118.943 119.396 117.478 117.27 118.946 119.888 118.841 118.362 118.079 118.311 119.847 119.726 118.418 118.285 118.652 119.044 118.658 119.218 
135.891 136.701 135.695 136.16 136.261 135.612 136.218 136.381 136.122 136.584 134.867 134.6 137.121 138.009 136.947 136.023 135.769 136.181 136.111 136.794 134.635 134.454 136.121 137.101 136.11 135.659 135.393 135.552 136.864 136.86 135.655 135.616 135.802 136.193 135.511 136.191 
142.336 142.857 142.442 142.968 143.421 143.234 142.719 142.58 142.871 143.357 142.306 142.276 143.409 143.994 143.529 143.033 143.09 143.872 142.544 143.091 141.6 141.389 143.25 144.719 142.637 142.328 142.115 142.309 143.672 144.5 142.193 142.059 142.212 142.665 142.723 143.938 
144.977 145.567 146.34 146.405 146.387 146.647 147.591 147.931 148.585 148.873 149.116 149.095 147.829 148.416 148.439 148.547 149.434 150.283 148.313 148.931 148.811 149.076 150.121 150.732 148.961 148.93 148.79 148.958 149.635 150.647 148.752 148.914 148.613 148.769 149.295 150.032 
42.6735 42.9755 42.8547 42.6661 42.7137 42.8049 42.5942 42.7255 42.7299 42.7255 42.9434 43.1792 42.3693 42.6996 42.8245 42.6837 43.0438 43.4697 42.1591 42.118 42.3091 43.0063 43.3316 43.3128 42.6744 42.6623 42.6677 42.7697 43.074 43.6556 42.868 42.8929 42.7815 42.9095 43.2046 43.8458 
52.4989 52.7636 52.5036 52.2621 52.3009 52.4041 52.4926 52.597 52.5334 52.485 52.614 52.9216 52.4347 52.5375 52.7222 52.4617 52.7758 53.2104 52.1526 51.9819 52.1554 52.913 53.151 53.1101 52.7692 52.6722 52.6383 52.669 53.0253 53.4529 52.972 52.9613 52.7528 52.8274 53.1068 53.7538 
65.2943 65.472 65.1732 65.0874 65.0998 65.21 65.2181 65.3219 65.2102 65.3091 65.5003 65.6701 65.1278 65.1785 65.3775 65.2734 65.6227 65.9737 64.9686 64.7482 64.9806 65.6823 65.9231 65.8258 65.4415 65.2807 65.296 65.3127 65.6812 65.9656 65.547 65.4907 65.2616 65.3859 65.67 66.0234 
89.1887 89.0293 88.8321 88.7367 88.4636 88.4466 89.1076 88.9215 88.4836 88.45 88.2722 88.1791 89.1461 88.7073 88.3702 88.2441 88.2784 88.0543 89.1937 88.7747 88.4688 88.1781 88.1363 88.004 88.9243 88.8689 88.6676 88.1484 88.0431 87.8356 89.0179 88.8429 88.6984 88.2675 87.9759 87.7889 
123.181 123.936 122.409 122.24 122.341 121.534 123.096 122.882 122.598 122.675 120.397 119.599 123.487 124.13 122.971 122.017 121.004 120.592 121.653 122.023 119.864 118.694 120.179 121.032 121.014 120.422 119.78 119.694 120.87 120.75 120.22 120.041 120.135 120.328 119.595 120.11 
136.54 137.313 137.641 137.143 136.238 136.261 138.898 139.101 139.32 138.865 138.195 137.547 138.845 139.325 138.514 138.2 138.169 137.973 139.049 139.68 138.806 138.357 138.275 138.142 139.411 139.256 138.585 138.096 137.844 137.819 138.819 138.577 137.951 137.566 137.103 137.241 
135.59 135.193 135.598 135.574 136.203 136.625 139.067 139.049 139.053 139.11 139.623 139.061 139.379 139.513 139.5 139.507 139.139 139.46 139.521 139.664 139.57 138.944 139.394 139.793 139.488 139.137 138.592 138.718 139.088 139.622 139.63 138.877 138.514 138.548 138.774 139.571 
20.4725 20.3561 20.3045 20.2427 20.5093 20.7083 20.3535 20.3073 20.1829 20.2433 20.3405 20.6741 20.1074 20.3103 20.2289 20.1447 20.3103 20.4312 20.2445 20.1129 20.1314 20.1935 20.2835 20.5587 20.3247 20.3077 20.2189 20.4107 20.5254 20.7353 20.5395 20.5019 20.5159 20.5823 20.8306 21.0128 
44.9459 45.2164 45.065 45.0737 45.2693 45.5211 44.8833 45.0499 45.0603 45.2721 45.6202 45.9348 44.7025 44.9289 45.1937 45.2143 45.6942 46.0736 44.4927 44.3894 44.7333 45.4855 45.8545 45.9364 44.899 44.8374 44.9719 45.1853 45.6312 46.0746 45.0334 45.0752 44.9849 45.2493 45.6346 46.1449 
72.7963 72.5369 72.2828 72.359 72.324 72.3277 72.6871 72.3964 71.93 72.1028 72.2894 72.2552 72.8616 72.1346 72.0103 72.1489 72.2098 72.105 72.8539 72.4077 72.2064 72.1639 72.0736 71.8032 72.6183 72.4805 72.4113 71.8821 71.9296 71.6601 72.8019 72.5487 72.1588 71.7252 71.7812 71.6915 
82.4797 82.7827 82.6715 82.6225 82.6553 82.57 82.3924 82.19 82.2305 82.5737 82.5395 82.4308 82.5213 81.9299 81.8752 82.5954 82.7757 82.342 82.1206 81.9125 81.7974 81.7682 81.823 81.6878 81.8363 81.8394 81.817 81.34 81.5212 81.3196 81.9802 81.7487 81.419 81.1177 81.3165 81.2031 
93.3637 94.0848 93.7377 92.6864 92.0728 91.6648 92.5394 92.0945 92.3916 92.3251 90.9962 90.6182 91.786 90.9126 90.6829 91.5157 91.248 90.0298 90.1469 89.5434 89.4371 88.7241 88.663 88.625 89.0983 89.1056 89.2378 88.4612 88.2208 88.0457 89.2172 88.9345 89.0307 88.4805 88.1427 87.8242 
118.009 119.045 118.689 116.627 116.299 116.214 117.425 117.769 118.561 117.941 116.38 114.293 116.8 117.039 116.654 116.929 115.592 113.773 114.826 114.863 114.609 112.578 112.108 112.177 114.859 113.783 113.195 111.947 111.7 111.804 113.97 113.959 112.771 112.023 111.556 112.24 
119.238 119.027 118.701 117.94 117.269 116.842 122.649 122.492 121.339 120.54 120.016 119.448 122.984 122.332 121.524 120.19 119.616 119.311 122.429 121.908 121.319 120.351 119.355 119.177 122.096 121.913 121.506 120.709 119.209 118.513 121.81 121.508 121.333 120.723 119.32 118.932 
