4849680
83.2985 83.3654 83.9953 84.0762 84.1378 85.0776 84.5118 84.6993 85.2153 85.6009 84.7929 85.1047 86.944 86.6968 87.2228 87.4442 86.4465 87.0644 87.7591 88.2483 88.2956 88.2909 88.9012 88.9984 88.1217 88.6488 88.7565 89.4216 90.4461 90.1472 88.2769 88.2379 89.1772 90.2932 92.1561 91.7825 
85.4229 85.6908 86.2627 86.4968 86.0237 86.2713 85.4165 85.9368 86.5017 86.7557 86.1365 86.4447 86.021 87.0711 87.93 87.9331 87.5961 87.3048 86.656 87.9548 88.5854 88.328 88.5988 88.0593 86.661 87.3929 87.0575 87.4274 88.7571 88.9191 86.4922 86.0265 85.6805 86.7901 89.4656 89.5028 
83.628 84.0984 84.8609 85.1788 85.3088 85.8262 84.2544 84.8485 85.2138 85.7497 85.3048 85.7629 85.1296 85.5649 86.176 86.5667 86.0518 86.6629 85.3549 85.9071 86.1545 86.4198 86.9067 87.0537 85.1117 85.4547 85.7455 86.6678 87.3872 87.4677 84.8688 84.8794 85.9389 87.1128 88.4594 88.4845 
83.0008 82.7832 82.6631 83.2782 83.8984 83.5178 83.3489 81.8496 80.4944 82.2629 83.3506 83.0206 84.2683 81.2078 81.525 83.6919 84.1603 83.6409 84.0085 84.1484 84.1373 84.1269 84.168 83.6338 83.1454 84.4567 85.6821 83.8147 84.6014 83.8806 85.3418 84.5135 84.2085 83.4765 85.0297 85.4908 
80.5843 80.3729 80.0807 80.7526 80.9758 80.6179 80.9294 79.3159 77.6207 79.7464 80.804 80.2635 82.2237 78.352 78.9097 81.4631 81.8166 81.0522 82.2693 82.3939 82.216 81.9504 82.0534 81.4953 81.1918 83.0527 84.7274 82.0133 83.1607 82.2661 84.1333 83.7339 83.6548 82.0576 83.99 84.2074 
79.1922 78.96 78.4326 79.0066 79.044 78.4071 79.7005 78.1158 76.3199 78.086 78.8507 78.1345 80.9717 77.2219 77.4962 79.6901 79.7071 78.9567 80.8992 80.9007 80.5671 80.1278 80.0129 79.3277 80.0214 81.4894 82.8409 80.0919 81.0836 80.1108 82.7078 82.135 81.6847 80.0499 81.7893 81.8517 
77.022 75.774 74.7852 73.4341 71.9236 71.2435 78.0421 77.1673 75.4905 73.8799 72.7258 72.2077 78.5558 77.346 75.8103 74.7913 73.8977 73.1769 78.2939 76.9569 75.7196 75.4154 74.5729 73.8657 77.1789 75.7139 75.2797 74.877 74.8308 74.2033 76.0468 75.1227 74.4919 73.9147 73.8651 73.9239 
78.022 75.5352 73.1578 70.6495 68.4214 67.882 78.8929 76.4336 73.3169 70.6732 69.0619 68.6368 79.2194 76.5394 73.16 71.1548 70.1006 69.4156 78.4351 75.8947 72.9864 71.6169 70.535 69.9042 77.0386 73.9453 72.1567 70.4686 70.4691 69.9651 75.4646 72.9333 70.5897 69.03 68.99 68.9913 
78.0059 75.4342 72.1799 68.8097 66.1268 65.5164 78.5946 76.0779 71.996 68.4396 66.4697 65.9978 78.5095 75.7152 71.3717 68.6379 67.2104 66.401 77.1083 74.3452 70.6186 68.5904 67.0519 66.463 75.1958 71.8275 69.2866 66.8597 66.7125 66.353 73.5058 70.663 67.3475 65.0301 64.8088 65.1707 
71.875 71.3759 68.5336 65.9813 64.4196 64.5863 69.827 68.5912 65.7659 63.3161 62.3138 62.1962 68.05 66.9551 63.3031 61.0413 59.9709 60.5154 65.9954 64.789 61.4024 58.8677 58.1026 58.6114 65.1008 63.0219 60.2817 57.3105 56.6457 57.0675 64.3846 62.3483 58.8986 56.3671 55.0362 54.7486 
60.4619 61.0537 60.224 59.3588 58.2874 58.6986 57.3337 58.0353 57.2869 56.2672 55.5552 55.5421 54.8533 55.6729 54.7818 53.8327 53.0343 53.3163 52.808 52.9858 52.0062 51.1703 51.0094 51.2233 51.9065 51.5969 50.5028 49.7194 49.2104 48.7266 50.9534 51.0835 49.9041 48.9941 47.7617 46.4215 
46.9471 47.2289 47.2413 47.0719 47.1838 47.3262 46.5275 46.7824 47.1068 47.1547 47.418 47.8617 46.3239 46.6056 46.985 46.7511 47.4396 47.9682 45.7045 45.6345 46.0702 46.8992 47.543 47.4963 46.4994 46.3375 46.5556 46.6497 47.0825 47.7116 47.1197 47.0334 46.6219 47.0552 47.1608 47.7527 
32.9824 32.9217 32.7967 32.766 32.7559 33.1342 32.7802 32.7594 32.6928 32.5033 32.5644 32.9431 32.7423 32.6372 32.5562 32.4782 32.468 32.8515 32.7359 32.5962 32.557 32.4794 32.7724 32.8642 32.6786 32.7036 32.7334 32.6828 32.8549 33.8836 32.9048 32.8557 32.8441 32.8785 33.0942 34.0538 
10.9862 10.2979 10.0012 9.8938 9.86947 9.98554 10.8486 10.1145 9.81769 9.64102 9.70959 9.84617 10.7812 10.129 9.72272 9.61066 9.56929 9.75461 10.8074 10.103 9.81234 9.60673 9.68091 9.71031 10.7832 10.1163 9.84841 9.71273 9.68944 9.98672 10.8382 10.1563 9.94267 9.82126 9.84616 10.0981 
3.60248 3.90391 4.24793 4.35438 5.06616 5.7778 3.49593 3.90479 4.03622 4.52917 4.77446 5.57373 2.92265 3.75958 4.07156 4.24174 4.79989 5.17214 2.92453 3.29016 3.86138 4.21697 4.54717 5.51756 2.8123 3.44827 3.73137 4.42557 4.99363 5.58189 2.99472 3.40432 3.96646 4.43086 5.29972 5.86452 
87.0159 86.6831 86.4551 86.5422 86.2361 86.5934 86.6479 86.2923 86.634 86.9146 86.8246 87.1202 87.5368 87.8807 88.3368 88.4004 88.7254 88.0315 88.6688 89.6463 90.1111 89.7693 90.243 89.581 89.2239 89.8328 89.3087 89.1583 90.5254 90.5496 89.4669 89.0343 88.0017 88.4502 90.7732 90.5355 
87.627 87.5871 87.7218 87.724 86.8875 87.0827 87.2661 87.4765 87.783 87.8536 87.0392 86.9749 87.7386 88.6352 89.3586 89.2158 88.7629 87.913 88.0244 89.451 90.0746 89.5532 89.6567 88.6778 87.7004 88.401 87.8969 87.9233 89.232 89.1415 87.0916 86.3463 85.5534 86.5101 89.5371 89.3615 
87.8037 87.3929 87.1671 86.9522 86.7523 86.5733 87.4758 87.079 86.8858 86.7325 86.552 86.5491 87.3454 87.7139 87.6712 87.4716 87.4131 86.8454 87.4442 88.0245 88.2178 87.9112 87.7028 86.9048 87.4148 87.5736 86.8877 86.789 87.1283 86.9002 87.2918 86.3075 85.2681 85.7882 86.9331 87.0989 
86.124 85.5331 84.9367 84.4196 84.8264 84.6653 86.0535 85.3496 84.5512 84.0938 84.2951 84.2376 86.0696 85.7417 85.1144 84.7994 84.7557 84.4934 85.9556 85.7162 85.4662 85.4539 84.9222 84.45 86.0972 85.7456 85.2202 85.0832 84.5407 83.9913 86.2059 84.9241 84.2942 84.7024 84.3819 84.7709 
82.8993 82.6348 82.3029 82.6801 82.9653 82.5077 83.0145 81.6793 80.2125 81.5586 82.3789 81.8684 83.7394 80.7743 81.003 82.7484 82.8865 82.3088 83.1672 83.2799 83.2414 82.9246 82.7599 82.2052 82.2308 83.4229 84.5102 82.362 82.9989 82.1681 84.0979 83.1804 82.7705 81.9397 83.3269 83.701 
79.2866 79.1784 79.0263 78.8523 78.6743 78.7201 79.4548 79.3751 79.0112 78.8308 78.6093 78.6374 79.5674 79.3918 79.2079 78.9905 78.582 78.5804 79.7024 79.4493 79.2097 79.0251 78.773 78.5504 79.6849 79.5667 79.3736 78.9663 78.8408 78.6338 79.649 79.5246 79.4486 79.0296 78.7726 78.8433 
77.7587 77.2129 77.171 76.6161 76.0744 75.6867 78.0007 77.5434 77.12 76.5741 76.2135 75.8602 78.7652 77.5702 77.0865 76.4939 76.1578 75.8628 78.4144 77.7173 77.1006 76.4865 76.2178 75.8796 77.8747 77.3834 77.1451 76.2759 76.3303 75.9701 77.7543 77.3596 76.4473 75.8156 75.7127 75.692 
75.8049 74.6135 73.9913 73.2379 72.1718 71.9366 76.208 75.4341 74.3185 73.3638 72.5168 72.3682 76.3663 75.2489 74.2128 73.4774 73.069 72.5903 75.9711 74.8907 73.9745 73.7714 73.3159 72.8375 74.6629 73.3361 73.011 72.8274 73.1348 72.6465 73.0579 72.2259 71.8079 71.7469 72.0911 71.9738 
72.888 71.5135 69.7623 68.4452 67.736 67.7379 72.7227 70.9097 69.2643 68.0602 67.4356 67.4209 72.62 70.8668 68.5723 67.3017 66.8805 66.93 72.2418 70.6592 68.4625 66.8748 66.4708 66.4817 72.0295 70.0498 68.248 66.4664 66.1093 66.3086 71.8755 69.855 67.7252 66.2892 65.8821 65.7539 
66.5856 66.5221 65.8306 64.7628 63.5302 63.15 64.9046 65.2172 63.9689 63.3588 62.4538 62.0094 63.245 63.8711 62.5358 62.1898 61.7628 61.5024 62.8996 62.8333 62.2357 61.4016 61.0735 61.0353 62.3716 62.0851 61.2716 60.2753 59.4277 60.4997 61.8557 61.8258 60.9275 60.2378 60.3102 60.3235 
52.8236 53.1066 53.1737 52.9708 53.0582 53.0876 52.4798 52.6332 52.984 53.0582 53.2839 53.6322 52.1363 52.4229 52.7875 52.6069 53.288 53.7611 51.3627 51.3264 51.7704 52.653 53.2699 53.283 52.1655 51.951 52.1522 52.3156 52.6802 53.3644 52.7498 52.6561 52.2388 52.6171 52.723 53.3573 
49.8837 50.0617 50.1374 50.0319 50.1863 50.2921 49.7536 49.9836 50.2707 50.5025 50.7215 51.1994 49.6918 49.9644 50.4264 50.327 51.0908 51.525 49.3281 49.3197 49.7826 50.6962 51.3195 51.3425 50.338 50.1833 50.473 50.6221 51.0697 51.7315 51.1974 51.13 50.764 51.1511 51.3419 52.0373 
45.0596 45.0874 44.986 44.7672 44.8532 44.9117 45.1049 45.0666 45.1322 45.1447 45.3978 45.7615 45.1644 45.1528 45.3978 45.1953 45.763 46.1844 44.8665 44.5699 44.9209 45.7333 46.2124 46.0828 45.6655 45.3744 45.5155 45.633 45.9966 46.6334 46.2949 46.0787 45.7592 46.0781 46.2431 46.9374 
25.5273 23.89 23.106 22.3143 22.8365 23.6212 25.6182 24.4761 22.9799 22.7605 22.6056 23.5227 24.9377 24.3948 23.3778 22.5309 22.9405 23.169 25.1471 23.8946 23.2459 22.8308 22.8918 23.8484 25.2241 24.1926 23.2681 23.2977 23.5527 24.3322 25.6174 24.3722 23.6109 23.3549 24.1031 24.7975 
8.03049 8.03157 8.2302 8.257 8.83955 9.45403 8.01041 8.06696 8.08015 8.47865 8.68392 9.29372 7.53931 8.08097 8.15605 8.30792 8.77095 9.00116 7.60081 7.68266 8.06969 8.29726 8.59842 9.37286 7.60486 7.8461 7.99351 8.55226 9.00448 9.39191 7.77472 7.9203 8.2801 8.63967 9.36108 9.68987 
88.7826 88.2134 87.9683 88.1024 88.5043 89.2404 89.4192 88.3773 88.6847 89.2052 89.6232 89.9023 90.8471 90.2891 90.1803 90.7313 91.318 91.2224 92.0242 92.0301 92.353 92.3792 93.0602 92.8999 92.6695 92.8876 93.227 93.6906 94.094 93.8295 93.1318 93.4669 93.7405 94.0135 94.3669 93.5993 
90.8971 90.4711 90.0452 89.9603 89.2882 89.1046 90.3647 90.2117 89.9783 89.9161 89.4512 89.2872 90.4925 90.8859 91.0174 90.7797 90.6853 89.7663 91.1091 91.8341 91.8907 91.3285 91.0068 90.2107 91.035 91.294 90.7006 90.2704 90.6304 90.4858 90.7771 90.246 89.2028 89.3984 90.7746 90.2757 
91.5127 91.0305 90.6387 90.4851 90.1343 89.7789 91.1868 90.7632 90.3936 90.1947 90.0536 89.5243 90.8612 90.6063 90.2665 90.0684 89.8747 89.5878 90.8434 90.4576 90.1734 89.9543 89.6665 89.3554 90.4977 90.1853 89.7752 89.6166 89.3372 89.0295 90.206 89.79 89.4699 89.2754 89.1631 88.9061 
88.5054 88.2921 87.8552 87.5921 87.7351 87.4099 88.1793 87.8622 87.3452 87.3263 87.2957 87.0123 87.628 87.4918 87.0355 86.9665 86.9219 86.7682 87.2057 87.0554 86.988 86.8678 86.4093 86.4316 87.0731 86.9067 86.4056 86.3912 85.9647 85.6768 86.8645 85.8368 85.4457 85.9008 85.6291 85.8322 
84.9966 84.8492 84.6009 84.3782 84.0934 84.0818 84.3414 84.415 84.0318 83.8883 83.7528 83.6138 84.1138 83.9386 83.5712 83.257 82.935 82.9788 83.5085 83.3279 82.832 82.5401 82.2087 82.2374 83.0051 82.8875 82.6144 82.0138 81.7437 81.5602 82.7156 82.5113 82.316 81.9178 81.4158 81.5763 
81.5657 81.3646 81.6588 81.2588 80.9696 80.7076 81.3479 81.1503 80.9287 80.6715 80.6383 80.3132 81.5069 80.6498 80.383 80.0884 79.9368 79.7494 80.683 80.1894 79.7482 79.3578 79.2087 79.1024 79.8166 79.5922 79.3808 78.6043 78.7979 78.6087 79.4226 79.1332 78.5108 78.0219 77.9623 78.3396 
78.8284 78.3829 78.6853 78.1663 77.6433 77.2542 78.5912 78.2562 78.0115 77.6666 77.3653 76.9474 78.8726 77.9478 77.5102 76.9622 76.7273 76.4723 78.2355 77.641 76.9067 76.2851 75.9717 75.84 77.2202 76.8445 76.5531 75.6159 75.5923 75.5154 76.7783 76.4749 75.6935 75.0576 74.7594 74.9812 
75.2833 74.8792 75.2076 75.2101 74.7891 74.2641 74.1063 73.9122 73.9216 73.927 74.0555 74.2021 74.2027 74.0985 73.9552 73.735 73.6633 73.6542 73.8415 73.765 73.2877 72.9412 72.5972 72.6938 72.7826 72.8825 72.5994 71.7561 71.6119 71.456 72.2839 72.2947 71.3895 71.0887 71.116 70.8069 
70.4471 70.4046 70.0929 69.5766 68.9336 68.531 69.0084 69.1707 68.5508 68.4083 67.9034 67.5235 67.6958 68.2396 67.3405 67.3064 67.0582 66.8869 67.5551 67.5193 67.1385 66.5454 66.3563 66.3067 66.9796 66.7104 66.2279 65.4566 64.9234 65.7882 66.4892 66.4457 65.7744 65.5054 65.7046 65.7263 
67.4479 67.4243 67.2144 66.5105 65.7254 65.1844 66.1247 66.2689 65.6299 65.3 64.7817 64.348 64.6961 65.3215 64.3279 64.2925 64.1119 64.0229 64.3981 64.428 64.0862 63.6479 63.5347 63.5036 63.8934 63.6721 63.2529 62.6819 62.1521 63.0933 63.4814 63.4361 62.8661 62.6755 62.9609 63.1014 
65.6977 65.514 65.3046 64.9103 63.9493 64.0197 64.4459 64.783 64.2785 63.9782 63.2693 63.0899 63.0496 63.8672 63.2598 63.0668 62.9089 62.9568 63.2636 63.1036 62.9561 62.8132 62.4606 62.6563 63.2176 63.1194 62.5983 62.0632 61.1451 62.0377 62.9469 63.0848 62.7612 62.1095 61.9421 62.0336 
52.3938 52.6469 52.7547 52.6397 52.8496 52.9822 52.4445 52.6665 52.968 53.1063 53.4251 53.8945 52.4761 52.8203 53.3084 53.187 53.9162 54.3586 52.1592 52.2153 52.8035 53.7751 54.3364 54.2896 53.0851 53.0107 53.3643 53.6625 54.0741 54.6856 53.7854 53.836 53.6028 54.1087 54.3082 54.9917 
52.8328 52.4004 52.0874 52.0576 52.0415 52.3766 53.1289 52.8033 52.3145 52.2402 52.4369 52.7743 53.156 53.0724 52.9022 52.8655 52.9325 53.0905 53.6146 53.4393 53.467 53.5357 53.4463 53.5458 53.9117 53.8262 53.8232 53.9904 53.9677 54.0987 54.1809 54.3169 54.2849 54.3559 54.2755 54.3951 
44.6929 43.6945 43.0386 42.4399 42.2373 42.2672 45.0428 43.9125 43.0539 42.5608 42.3183 42.2193 45.0455 44.151 43.287 42.7905 42.6077 42.4156 45.3654 44.338 43.6452 43.1213 42.9382 42.8599 45.7213 44.5353 43.723 43.4028 43.1641 42.9071 45.6958 44.9523 44.058 43.6123 43.3728 43.1062 
27.6289 27.845 28.0772 27.8404 28.5836 29.2999 27.6955 28.193 27.9803 28.4094 28.3965 29.3487 27.0936 28.1027 28.3723 28.1837 28.7447 28.9662 27.3247 27.5568 28.0441 28.4441 28.5255 29.5694 27.3352 27.8676 27.9191 28.6745 29.2019 29.4726 27.5236 27.9773 28.3701 28.7965 29.7157 30.0378 
91.2029 91.0797 91.0757 91.2804 91.5877 92.1035 91.8866 91.8221 91.9254 92.4322 92.6743 93.0114 93.1158 93.2078 93.445 93.7569 94.007 94.285 94.7318 94.9106 95.008 95.1141 95.2248 95.3784 95.6552 95.9723 96.1048 96.3158 96.4599 96.2776 96.4032 96.6955 97.2226 97.4643 97.445 96.9877 
93.3406 92.8854 92.7502 92.5307 92.3603 92.3208 93.6997 93.3108 93.0772 92.9778 92.7393 92.3357 94.1838 93.8489 93.771 93.7484 93.4392 93.144 94.9811 94.7911 94.6368 94.4061 93.9434 93.5042 95.2117 95.0624 94.8554 94.6021 94.254 93.8566 95.361 95.2446 95.1201 94.8307 94.6287 94.1348 
93.9077 93.9791 93.7132 93.5313 93.3735 93.114 93.6509 93.5413 93.1946 93.6018 93.468 92.9762 92.7829 92.7094 92.5364 92.7624 92.8352 92.7867 92.7227 92.6522 92.5982 92.4735 92.2752 92.614 92.5258 92.5479 92.1539 92.1575 92.1454 92.087 92.3837 92.014 92.0216 92.0883 92.1161 91.8299 
92.3331 92.7576 92.9776 93.2143 93.4218 93.4996 91.8858 92.3084 92.3213 93.1682 93.3262 93.1391 90.5971 90.8013 90.9598 91.4909 92.0685 92.4744 90.0105 90.2087 90.5918 90.7805 90.9861 91.6403 89.723 89.9136 89.8042 90.0313 90.7333 90.8361 89.3539 89.2269 89.3961 89.7281 90.1545 90.3324 
89.0834 89.7414 89.6385 89.7972 90.014 90.0724 88.5254 88.9851 88.8552 89.7447 89.9357 89.7635 87.1611 87.3195 87.5249 87.8823 88.3744 88.7469 86.2898 86.6069 87.0191 86.9289 86.9307 87.8948 85.9838 86.2511 86.1863 86.08 86.3996 86.8527 85.4882 85.2952 85.635 85.7552 85.94 86.2357 
86.0341 86.0708 86.109 85.2846 84.5014 84.3071 85.2957 85.0625 84.3404 83.6071 83.0254 82.6261 84.2995 83.9158 83.0699 81.8743 81.388 81.2419 82.8414 82.509 81.4108 80.2612 80.0678 80.2585 81.5415 81.2064 80.1292 78.8555 79.1526 79.6721 80.2697 79.6516 79.1194 78.5322 78.3111 78.5435 
79.1518 78.8667 79.4868 79.0986 78.2811 77.5447 77.5612 77.4675 77.0922 76.8136 77.0728 77.214 77.4792 77.3953 77.0384 76.4708 76.5347 76.5678 76.665 76.6287 76.0555 75.4107 74.8461 75.2954 74.9539 75.3589 74.8251 73.5381 73.4076 73.7281 74.1933 74.2488 73.106 72.4066 72.5228 72.558 
75.7071 75.8057 76.1849 76.3162 75.8077 75.4565 74.1424 74.4107 74.2204 74.2164 74.4083 74.7233 73.521 74.1592 73.9531 73.5381 73.5233 73.8903 72.975 73.3247 72.9781 72.4814 72.0314 72.7213 71.8626 72.1764 71.6713 70.9593 70.8209 71.3838 71.1024 71.073 70.5668 70.3738 70.4702 70.4256 
70.8091 71.3088 71.7399 72.3504 72.5805 72.6322 69.6468 70.2642 70.4919 70.995 71.8667 72.4442 69.0986 70.0549 70.2338 70.6473 71.2871 71.868 68.5989 69.3894 69.4309 69.8674 70.2362 70.8527 67.9652 68.5948 68.651 68.7571 69.1238 69.6502 67.6725 68.2068 67.9155 68.1389 68.8284 69.2378 
69.3735 69.4768 69.4424 69.2479 68.4727 68.7524 68.0228 68.581 68.3854 68.3576 67.8116 67.7395 66.7379 67.6084 67.2488 67.2698 67.2814 67.3967 66.867 66.8189 66.925 66.9274 66.6763 66.967 66.7375 66.7473 66.4205 66.0152 65.2799 66.2651 66.4364 66.6182 66.465 65.9993 66.0122 66.2259 
67.1841 67.0538 67.2657 67.8916 67.6482 68.4751 67.1559 67.5927 68.2138 68.1776 68.0517 68.3276 66.9609 67.5134 68.1228 67.9387 68.1711 68.6377 67.3171 67.0685 67.3638 68.153 67.9892 68.4327 68.0401 68.0272 67.6862 68.1577 67.528 67.5656 67.9762 68.21 68.4386 67.8996 67.3329 67.4831 
65.3926 65.3375 65.3757 65.9507 65.8372 66.8195 65.3634 65.848 66.3334 66.3874 66.4169 66.9427 65.3504 65.9232 66.4869 66.499 66.8413 67.3954 65.988 65.9201 66.2513 66.9694 66.9956 67.4904 66.908 67.0019 66.8485 67.2934 66.9677 67.1422 67.1816 67.5541 67.8369 67.5145 67.0799 67.2536 
61.4285 61.665 61.6215 61.7443 62.0431 62.5969 61.8716 62.1355 62.1937 62.2298 62.5431 62.9344 62.2539 62.7174 62.8803 63.0308 63.2484 63.5379 62.9015 63.4188 63.7391 63.9239 64.1305 64.4024 63.7689 64.2685 64.4031 64.6219 64.7907 65.0212 64.2895 65.0074 65.1228 65.2189 65.3197 65.4662 
56.2591 56.1204 55.8422 55.616 55.576 55.8317 56.7486 56.5498 56.1685 55.859 55.879 56.3452 57.1832 57.0552 56.7169 56.4848 56.4584 56.8723 57.6567 57.6627 57.2775 57.1858 57.1749 57.3403 58.0391 58.1365 57.8191 57.7265 57.6975 57.8854 58.2905 58.4712 58.2554 58.1689 58.1725 58.3214 
47.9502 48.0375 47.9225 47.7714 47.7741 47.7251 48.0809 48.1636 48.0641 47.9017 47.7487 47.8304 48.248 48.3175 48.1853 47.9401 47.8891 47.8706 48.4292 48.6256 48.3221 48.2067 48.0778 48.1389 48.6768 48.7074 48.4976 48.3792 48.3752 48.1958 48.784 49.031 48.7723 48.6634 48.665 48.612 
93.0678 93.2472 93.4915 95.5507 97.7262 97.4031 95.2777 96.0377 96.6868 97.9151 99.3664 100.574 96.711 97.5791 99.3076 100.048 100.105 101.847 99.3898 100.661 101.268 101.702 101.905 103.172 101.242 102.239 102.835 103.346 104.176 104.729 103.242 103.953 104.385 103.789 104.444 106.142 
96.0112 95.5456 95.2315 94.796 94.5186 94.4599 96.4782 96.3187 95.7418 95.4342 95.1058 94.919 97.1938 96.9934 96.672 96.3989 96.0769 96.0221 98.0465 97.9612 97.5583 97.4201 96.8966 96.8574 98.5618 98.4584 98.2307 97.9021 97.6608 97.4178 99.1562 98.8723 98.8572 98.6208 98.1685 97.8656 
96.9471 96.6155 96.5761 96.0808 95.7658 95.7369 96.898 96.7054 96.3115 95.941 95.7246 95.4028 96.9891 96.7531 96.261 95.8924 95.4839 95.5265 96.3067 96.4842 96.2571 96.1356 95.8389 95.7354 95.9856 95.8652 95.7998 95.9652 96.0937 95.7033 96.1376 95.8185 95.6441 95.8854 95.827 95.6069 
96.4054 96.8294 96.9186 96.8913 97.0201 97.3005 95.9227 96.4664 96.3092 96.9939 97.0445 96.9839 94.4071 94.7641 94.8834 95.1261 95.7111 96.2453 93.5735 93.9111 94.4292 94.3206 94.4725 95.3507 93.1137 93.3231 93.4484 93.6883 94.445 94.7069 92.715 92.4956 92.9386 93.3356 93.8552 94.0693 
97.4653 98.1557 98.5598 98.771 98.8175 99.385 96.7666 97.4252 97.9055 98.1744 98.4102 98.6817 95.8523 95.7188 96.0729 96.4894 96.8671 97.2724 94.2784 94.2346 94.4836 95.0435 95.3628 95.3041 92.9424 93.0655 93.2955 93.4369 93.943 94.0655 92.1431 92.3012 92.2295 92.589 92.9274 93.1826 
93.6893 94.4908 94.5499 93.8984 93.5623 93.901 92.4886 92.4033 92.7401 92.4022 91.9736 91.5189 90.768 90.4053 90.1844 90.2105 89.9653 89.3103 88.1852 88.2346 87.9014 87.9904 87.6249 87.71 86.4441 86.5213 86.6078 86.059 85.8098 86.1987 85.0042 84.8708 84.6946 84.5854 84.3563 84.4773 
91.2937 91.6917 91.766 88.1473 86.7831 86.3341 89.5852 89.2561 88.3006 86.8971 83.6064 83.0306 87.4312 87.1863 85.5879 83.4924 82.7265 80.2614 82.2882 82.0694 80.4424 78.3172 77.8341 78.5931 79.4192 79.2375 77.7057 76.0362 76.4147 77.5805 77.0313 76.0371 75.5599 75.1526 74.896 74.8869 
76.325 80.769 81.2711 81.6642 81.5023 81.541 73.7373 75.746 77.993 78.1249 79.392 80.2205 72.2721 74.6644 74.5958 77.3581 77.9285 78.9538 71.015 73.1316 72.7737 73.0979 72.6168 73.8427 68.8673 71.0752 70.8217 70.5159 70.3519 71.1673 67.5115 69.4221 68.8865 68.9698 69.5774 69.6541 
69.5226 73.2792 74.054 75.0955 77.3162 79.1309 69.1212 72.5035 73.8037 75.0018 77.1752 78.879 68.8391 72.0293 73.3285 74.4392 76.2508 78.0525 68.2641 71.4683 72.4486 73.591 75.5145 77.1084 67.5334 70.9626 71.983 73.1802 75.5498 76.7279 67.4299 70.7859 71.8827 72.8737 74.9032 76.3961 
74.1898 75.2272 76.1057 76.9539 78.0259 79.0152 73.9739 74.9732 76.1468 77.3001 78.249 79.3293 74.1121 74.858 76.0823 77.182 78.0149 79.034 73.843 74.561 75.5353 76.7027 77.7319 78.578 73.4616 74.2703 75.3132 76.5352 77.7144 78.3895 73.465 74.1767 75.3227 76.2177 77.2046 78.0659 
77.4465 77.5695 78.3888 79.1271 78.8904 79.9924 77.2007 77.7362 79.0292 79.3303 79.2734 79.9288 76.9415 77.3998 78.303 78.6847 79.2333 80.0809 77.2544 76.9587 77.5418 78.505 78.7722 79.7013 77.8233 77.9293 78.0512 78.4266 78.2082 78.5872 77.8494 78.1514 78.7947 78.2496 77.8871 78.2573 
77.927 78.002 78.409 78.8608 79.4965 80.0864 77.9744 78.2965 78.8676 79.2824 79.8606 80.3402 78.4222 78.7744 79.3666 79.8978 80.4337 80.7932 78.9653 79.1903 79.7944 80.4932 81.0312 81.3643 79.807 80.0261 80.3407 80.9395 81.3507 81.6366 80.3637 80.6118 80.8661 81.2344 81.5879 81.7676 
70.7363 70.7116 70.8927 71.092 71.3052 71.9299 71.2779 71.2408 71.4309 71.5181 71.9849 72.546 71.908 71.9603 72.1395 72.5294 72.8593 73.4682 72.6499 72.7941 73.0428 73.4827 73.8165 74.2516 73.5245 73.8031 73.9067 74.2216 74.6076 75.1002 74.2948 74.5195 74.7312 74.9263 75.1339 75.4497 
67.964 67.961 67.6747 67.6656 67.4843 67.7017 68.5629 68.5218 68.2877 68.0616 67.8772 67.9525 68.9556 68.9672 68.5656 68.6013 68.5016 68.5552 69.3663 69.5234 69.285 69.1878 69.0596 69.215 70.0037 70.3176 69.8951 69.731 69.742 69.8677 70.441 70.675 70.4311 70.1039 70.128 70.2073 
63.5437 63.0826 62.7479 62.4156 62.1394 62.1797 63.9112 63.5284 63.1023 62.6242 62.3828 62.6835 64.3229 63.9267 63.5157 63.1202 62.7712 63.015 64.4694 64.3004 63.8564 63.6478 63.2894 63.0865 64.5206 64.4293 64.1616 63.9428 63.727 63.5951 64.6524 64.4201 64.3135 64.1716 64.0451 64.0836 
96.3272 96.2844 96.5328 98.6769 101.001 100.184 98.9242 99.7918 100.141 101.197 102.923 104.114 100.608 101.576 103.033 103.521 103.739 105.583 103.452 104.74 105.129 105.48 105.441 107.152 105.538 106.525 106.892 107.218 108.134 108.685 107.679 108.268 108.464 107.731 108.327 110.191 
97.4252 96.9618 96.5193 97.6774 98.8822 98.0632 99.4354 99.4363 99.1027 99.391 100.046 100.559 100.991 101.093 101.398 101.21 100.611 101.585 102.323 103.318 102.999 102.781 102.315 103.217 103.588 103.997 104.033 104.019 104.357 104.397 105.337 105.436 105.081 104.352 104.386 105.29 
100.282 99.153 98.7652 97.6114 96.6309 96.3744 100.48 99.7086 98.5802 97.6927 97.0631 96.5156 101.274 100.672 99.1456 98.0169 97.4067 96.9003 100.209 100.391 99.3487 98.6429 98.0653 98.1691 99.7933 99.5652 99.1453 99.0218 98.8308 98.4896 100.174 99.3675 99.1639 99.3086 98.8787 98.282 
107.266 106.195 105.026 103.559 101.721 101.067 105.396 104.414 103.22 102.081 100.292 99.4785 103.663 102.847 101.732 100.346 99.1854 98.5372 101.727 100.642 100.153 98.6183 98.3201 98.2526 99.7406 99.2807 99.0855 98.5588 97.8396 97.7001 99.6677 99.16 99.2672 98.9502 97.9573 97.0441 
104.6 104.724 104.901 104.693 104.192 104.087 103.967 103.79 104.169 103.831 103.758 103.333 103.044 102.286 102.304 102.215 102.048 101.804 101.315 100.508 100.426 100.571 100.502 100.228 99.7131 99.338 99.1713 98.992 98.7597 98.9678 98.9816 98.3302 98.2677 98.0468 98.2717 98.0337 
103.689 104.876 104.972 102.51 101.897 102.242 102.68 102.536 103.273 103.1 100.706 100.288 101.021 100.004 100.077 100.605 100.384 97.6285 96.1854 95.5959 95.0841 95.7134 95.6092 94.9636 93.6467 93.649 93.491 92.9018 92.4393 92.7021 91.8423 91.634 91.0967 91.1873 90.7041 90.4857 
144.357 151.427 149.475 145.748 145.278 146.772 139.838 142.209 143.519 140.896 139.867 138.835 135.254 136.995 137.037 138.393 137.163 134.276 124.959 125.538 123.959 122.482 122.569 124.631 121.265 119.155 119.284 119.573 117.065 117.433 44.8958 45.4126 44.7055 44.5927 44.8716 44.7817 
97.7909 107.35 109.864 109.996 120.854 126.811 92.1991 99.7138 103.431 107.067 116.413 121.784 86.6254 93.5209 95.1782 100.1 112.967 116.252 79.3367 85.4782 87.4079 89.8513 101.413 107.966 74.2997 80.9769 82.4952 84.9911 96.9578 102.864 70.2935 76.7204 78.3074 80.4244 92.5059 98.6488 
71.7869 90.5022 93.8226 98.0979 111.069 118.164 70.9321 86.4955 92.9155 97.2629 110.355 117.288 70.2847 85.0963 88.6655 96.1624 109.334 116.427 69.4071 84.4785 88.0259 93.1146 106.311 113.51 69.0537 83.5749 87.5996 91.7852 106.073 113.006 69.1078 83.3604 86.6363 91.1003 104.275 112.567 
90.0162 92.074 93.9516 95.0356 95.8813 97.3156 89.888 91.8314 93.6309 95.09 95.9764 97.6319 89.5693 91.4194 92.4676 94.2643 95.893 97.5916 89.1396 91.0786 92.2681 93.5303 95.2464 97.2014 89.0244 91.0444 92.5424 93.3785 94.918 96.2739 89.2519 91.338 92.7485 93.3751 94.7117 96.1202 
97.4349 97.3822 98.6481 99.2571 99.8643 100.802 97.4209 97.137 98.3324 99.0828 99.4239 101.057 97.2217 96.8196 97.2634 98.553 99.5622 100.824 96.9097 96.8467 97.5135 98.4318 99.572 100.937 97.1002 97.3575 98.0454 98.4222 99.2334 100.153 97.3265 97.5495 98.2947 98.406 98.9731 99.7273 
95.4865 95.4147 96.7046 97.1788 97.3362 97.8538 95.4696 95.3692 96.4815 97.1841 97.3929 98.1488 95.2145 95.1115 95.5094 96.696 97.4775 98.4577 95.1506 95.1214 95.7283 96.4138 97.4735 98.4526 95.5437 95.6504 96.2709 96.4894 97.0676 97.8496 95.8364 96.0189 96.6122 96.668 97.0731 97.5854 
85.8783 85.949 86.0326 86.4211 86.6243 86.8683 86.3298 86.5163 86.5034 86.7591 86.8478 87.0638 86.6816 86.6916 86.5822 87.2344 87.3774 87.6937 87.1734 87.0389 87.2272 87.8084 87.8762 88.2961 88.0859 88.1149 87.9376 88.1742 88.2676 88.7017 88.737 88.6351 88.5796 88.5308 88.5894 88.8937 
88.5417 88.2165 87.7348 87.3633 86.6631 86.7138 89.0565 88.6508 88.0527 87.4544 86.8544 86.8142 89.1592 88.6491 87.7166 87.8101 87.2823 87.3059 89.2981 88.7977 88.1467 87.8421 87.3583 87.3402 89.5506 89.3529 88.5286 88.1618 87.7673 87.7701 89.8201 89.3609 88.8994 88.4437 88.0173 87.8718 
103.532 100.738 99.168 99.1571 97.9627 98.9511 101.761 99.9254 98.2991 98.5295 97.3835 97.6916 100.633 99.6271 97.8225 96.5643 96.7934 96.9592 99.3629 98.8759 97.5256 96.7067 97.8283 97.5441 98.9218 98.4828 98.0561 97.8622 97.3092 96.5334 100.287 99.7192 98.4092 97.5498 97.8939 98.3304 
100.695 100.634 100.093 102.507 104.75 103.639 103.833 104.113 104.285 105.157 106.752 107.635 105.488 106.085 107.324 107.59 107.406 108.926 108.077 109.211 109.396 109.382 109.029 110.28 110.336 111.231 111.3 111.27 111.727 111.763 112.627 113.112 112.721 111.724 112.111 113.494 
104.346 101.519 100.398 100.234 99.6949 99.1294 107.145 105.707 102.895 101.809 101.401 100.736 108.8 107.649 106.615 103.736 103.245 102.684 109.95 109.186 108.327 105.739 104.499 103.987 111.679 111.166 110.039 108.686 106.172 105.142 112.956 112.041 110.732 109.773 107.181 105.963 
103.161 101.587 99.5811 97.7902 95.4621 94.4056 112.046 110.22 108.456 106.807 104.446 103.306 111.712 110.429 108.662 106.724 104.945 103.74 109.591 108.309 107.314 105.201 104.505 104.267 107.652 107.112 106.631 105.746 104.593 104.173 107.911 107.311 107.366 106.708 105.147 103.657 
115.313 113.708 111.932 109.644 107.227 105.904 111.87 110.846 109.085 107.254 104.76 103.48 108.1 107.391 106.401 104.3 102.582 101.729 105.215 103.8 103.058 100.777 100.391 100.52 102.154 101.863 101.313 100.331 99.2634 99.4113 101.56 101.058 101.647 100.481 99.1787 98.2414 
119.698 118.681 116.505 114.22 111.66 110.306 116.923 115.387 113.897 111.915 109.481 108.003 113.99 112.228 111.049 109.263 107.407 106.098 111.488 109.106 108.033 105.766 105.188 104.403 108.385 107.536 106.481 104.867 103.348 103.091 107.628 106.746 106.35 104.865 103.136 101.812 
167.806 167.79 164.816 158.47 157.73 156.686 171.534 165.072 161.35 155.969 153.213 153.861 168.015 163.84 160.253 157.496 152.392 149.475 162.078 160.141 153.337 153.766 152.768 148.617 158.951 154.732 153.101 156.209 146.189 141.649 124.942 121.26 120.486 119.727 112.301 105.755 
165.098 168.814 167.126 162.456 163.856 167.702 161.91 162.28 161.463 159.047 159.159 160.484 157.496 157.703 158.487 158.298 158.407 155.952 147.131 146.006 145.084 144.201 145.797 148.732 143.148 140.025 140.381 141.219 139.384 140.557 55.1874 53.8381 54.7301 54.702 55.356 55.841 
147.921 156.431 158.027 159.54 164.519 172.966 146.152 149.653 155.204 156.226 162.512 168.292 144.099 147.434 150.597 155.899 160.777 167.316 139.44 142.411 143.41 145.466 151.848 161.664 139.285 139.242 142.268 145.586 149.127 156.906 72.9067 74.5499 77.4743 81.4598 87.0116 93.4166 
108.551 117.687 121.733 126.243 135.778 143.544 108.313 116.931 121.085 126.015 135.596 143.664 107.505 116.113 120.287 125.236 135.561 142.929 106.485 115.465 119.766 124.688 134.604 142.671 105.903 114.358 118.859 123.7 134.38 142.064 105.484 113.685 117.594 122.761 132.75 141.191 
106.769 108.484 109.95 111.441 114.407 117.456 106.829 107.719 109.352 111.103 112.967 117.101 107.065 107.807 109.205 111.001 113.246 115.94 106.536 108.154 109.932 112.047 114.187 116.651 106.472 108.624 109.94 112.149 114.804 116.396 107.276 108.724 110.197 111.903 113.767 115.948 
104.61 104.482 105.718 106.452 107.012 108.167 104.746 104.297 105.58 106.467 106.803 108.499 104.335 104.102 104.585 105.773 107.027 108.315 104.095 104.252 104.957 105.731 106.899 108.271 104.378 104.79 105.444 105.773 106.658 107.481 104.675 104.963 105.634 105.804 106.429 107.12 
104.182 104.246 104.281 104.693 106.338 107.985 104.458 103.93 104.241 104.755 105.611 107.897 104.689 104.18 104.474 105.24 105.954 107.076 104.564 104.489 105.157 106.248 107.039 107.821 105.063 105.567 105.699 106.677 107.633 107.885 105.731 105.865 106.176 106.681 107.327 107.708 
102.799 102.94 103.393 104.379 105.786 106.696 103.679 103.866 104.52 105.196 106.251 107.197 104.497 104.846 105.275 106.161 106.674 107.202 104.779 105.519 106.027 106.669 107.799 108.32 106.039 106.551 107.535 107.789 108.337 108.672 107.069 108.338 108.129 108.711 109.226 109.091 
110.715 108.242 106.627 106.533 105.87 106.93 108.97 107.48 106.32 106.08 105.048 105.727 107.954 106.982 105.307 104.671 104.919 105.384 106.934 106.68 105.325 103.989 106.086 106.303 107.138 106.672 105.871 105.593 105.803 105.512 108.253 107.574 106.49 105.816 106.406 106.783 
110.368 107.51 106.093 106.025 104.988 105.953 108.4 106.559 105.155 105.349 104.353 104.66 107.148 106.207 104.638 103.595 103.769 103.904 105.964 105.609 104.442 103.566 104.726 104.379 105.549 105.229 104.841 104.68 104.15 103.446 106.953 106.359 105.121 104.307 104.769 105.121 
148.81 143.865 144.211 145.192 146.35 145.91 148.411 146.911 145.306 145.909 147.051 146.154 148.824 149.137 150.396 147.88 148.171 148.491 150.713 151.781 152.657 149.641 148.822 149.091 152.113 154.324 155.16 153.423 150.53 150.483 153.831 155.848 156.121 155.161 152.044 151.64 
93.8451 91.393 89.5154 90.1747 89.7075 88.9043 125.196 123.674 120.89 119.963 119.662 119.005 129.938 128.936 128.033 125.328 124.541 123.917 130.493 130.091 129.361 126.606 125.532 124.606 131.75 131.619 130.789 129.577 126.646 125.347 132.871 132.412 131.133 130.1 127.193 125.543 
56.6441 52.1666 50.6199 48.0127 48.8395 48.5243 173.638 172.776 170.734 169.182 166.192 165.676 181.235 182.236 180.842 177.573 176.055 173.609 183.717 183.398 182.893 179.625 178.208 175.272 183.452 183.372 183.095 182.614 179.314 178.237 183.085 183.188 182.618 182.381 179.685 179.202 
127.83 126.051 123.699 121.573 119.017 117.476 139.597 138.174 136.33 134.079 131.419 129.714 138.26 136.834 135.571 133.274 131.181 129.851 136.038 134.01 132.977 130.175 129.248 128.661 133.02 132.334 131.199 129.534 127.974 127.653 132.051 131.427 131.288 129.654 128.002 126.547 
170.548 168.605 165.313 158.472 156.203 153.12 174.439 167.309 162.802 157.353 152.787 152.074 171.58 166.463 161.496 157.977 152.235 148.251 167.531 164.935 157.837 157.167 154.671 148.706 164.549 161.196 157.99 158.992 149.253 143.949 164.909 160.699 158.658 156.219 148.188 141.05 
178.573 176.582 172.186 165.042 164.022 162.681 182.505 174.716 169.585 165.033 160.95 162.087 178.303 173.596 168.819 165.768 161.168 158.828 173.647 171.375 164.654 164.92 164.189 159.041 171.672 167.621 165.084 167.1 157.441 153.132 172.25 168.358 166.548 164.813 156.535 150.786 
173.407 174.9 172.077 169.677 170.31 168.885 170.752 173.06 171.823 167.429 167.47 168.529 173.435 172.618 170.028 169.267 168.115 168.197 171.993 172.141 168.59 169.37 167.78 166.886 169.598 168.037 166.767 168.24 164.479 165.234 156.222 155.254 155.488 153.754 152.338 154.469 
149.626 148.813 151.35 153.52 157.067 162.763 148.475 146.819 149.896 152.771 157.341 161.808 146.444 145.256 147.869 151.202 156.336 161.025 144.574 143.868 146.058 148.924 154.347 159.732 143.881 143.209 145.029 148.088 152.806 158.232 142.734 140.887 144.653 147.53 151.521 156.009 
138.438 138.955 141.9 145.093 148.967 152.71 139.312 140.287 142.251 144.897 148.753 152.295 138.512 139.224 140.905 144.864 149.141 153.419 136.992 138.508 141.508 144.951 148.616 152.554 137.858 138.031 139.578 144.41 148.122 151.504 138.404 139.548 141.139 144.283 146.065 150.084 
130.326 130.334 132.524 133.553 135.649 136.628 128.979 130.542 131.06 132.161 133.744 135.337 129.107 130.283 131.552 132.673 133.964 135.462 129.825 130.642 131.715 133.596 135.291 135.882 129.303 130.203 130.625 132.849 135.829 135.611 132.187 130.265 130.76 132.874 134.347 134.995 
116.175 116.311 116.801 117.414 118.931 120.505 116.139 115.929 116.622 117.188 118.148 120.385 116.058 115.879 116.558 117.249 118.221 119.41 115.66 115.871 116.847 117.659 118.699 119.601 115.9 116.492 116.78 117.768 118.987 119.434 116.551 116.769 117.031 117.705 118.446 119.009 
116.381 117.24 118.06 117.735 118.057 119.5 115.584 116.53 117.821 117.803 118.56 120.177 114.832 116.163 117.463 117.927 118.146 119.69 114.459 114.768 116.93 117.777 118.136 119.765 113.219 114.387 115.491 117.562 117.835 118.744 111.673 113.181 115.326 116.529 117.293 117.24 
112.157 112.505 112.143 112.263 113.318 114.178 112.317 112.86 113.444 112.593 112.937 114.294 113.014 112.932 112.493 113.048 113.753 114.682 112.804 113.375 112.849 111.851 114.554 115.859 114.487 114.435 113.877 113.839 115.441 115.811 114.212 114.978 114.753 115.209 115.995 115.894 
112.346 112.087 111.438 111.072 111.394 111.558 112.272 112.176 112.296 111.042 110.721 111.423 112.529 112.085 111.27 111.107 111.088 111.761 112.264 112.359 111.418 109.727 111.297 112.141 113.214 112.909 111.88 111.201 112.008 112.083 112.783 112.804 112.385 112.283 112.567 112.106 
113.322 110.618 108.898 108.82 108.151 109.07 111.397 109.784 108.553 108.337 107.271 107.844 110.454 109.339 107.582 106.784 107.129 107.53 109.448 109.079 107.626 106.182 108.312 108.453 109.483 108.964 108.079 107.885 108.056 107.615 110.532 109.835 108.661 107.999 108.673 108.904 
201.015 199.623 201.498 201.044 198.943 198.768 201.371 196.926 198.432 201.056 197.267 197.493 199.94 197.221 196.937 200.708 197.552 199.196 198.867 200.393 198.889 193.889 197.645 201.114 201.125 202.95 202.394 201.626 201.795 202.302 203.057 201.558 202.555 199.488 199.024 199.111 
186.841 182.287 181.667 182.112 182.674 180.079 197.275 196.416 195.381 194.914 194.615 192.232 197.853 198.319 199.093 196.552 195.268 193.637 199.479 200.495 200.468 196.422 193.962 191.698 199.58 201.189 201.498 198.554 194.282 192.625 200.211 201.834 201.366 199.353 196.033 194.531 
156.101 156.115 157.998 156.554 158.145 156.778 194.176 197.819 200.35 198.983 194.936 195.599 199.816 203.733 206.257 205.984 201.579 201.796 202.797 204.062 205.016 204.466 199.145 200.538 200.639 202.43 202.406 196.228 193.993 195.698 199.211 200.057 200.595 195.451 191.059 196.835 
192.237 191.523 191.547 191.436 191.89 190.386 196.886 196.311 196.426 195.843 196.224 193.76 195.19 194.358 194.628 196.785 196.483 193.859 196.475 195.682 196.081 196.267 194.693 193.458 194.917 194.09 195.485 193.949 192.642 192.619 194.094 192.793 194.153 193.458 192.079 190.747 
184.231 183.144 180.675 178.64 178.16 177.484 184.846 183.386 181.083 179.955 177.897 177.324 183.865 182.716 180.677 178.943 177.575 177.094 181.882 180.592 179.202 177.677 177.091 176.262 181.94 179.884 178.39 176.725 174.349 174.647 181.83 180.974 178.608 176.996 175 175.146 
177.549 179.07 176.363 173.72 173.528 170.743 175.649 178.587 176.735 172.628 171.256 171.078 178.212 178.373 176.01 173.894 171.825 170.903 177.662 178.548 175.023 175.12 172.754 170.488 175.939 175.322 173.914 174.215 171.158 170.015 176.609 176.684 175.454 173.116 171.29 171.983 
173.249 176.132 174.535 173.445 173.203 171.333 169.574 175.788 175.735 171.814 170.837 171.432 173.466 175.6 174.051 172.692 171.549 172.193 173.465 175.233 174.415 174.184 171.335 171.251 172.349 173.1 171.571 170.659 170.321 172.125 171.602 173.3 172.443 170.421 171.582 176.326 
161.536 163.158 162.343 163.57 164.927 164.251 158.062 163.249 163.738 162.174 163.923 164.876 161.493 162.778 161.794 162.998 164.642 166.611 161.557 162.892 162.942 164.481 163.834 165.138 160.56 160.727 160.367 162.075 163.138 165.843 160.257 161.493 161.799 161.475 163.133 168.324 
144.568 144.312 146.708 148.557 150.673 151.46 144.982 146.068 146.468 147.536 149.343 150.519 144.383 145.18 145.634 148.15 149.734 151.91 143.437 144.472 145.834 148.737 150.279 151.35 143.829 143.571 143.7 147.592 150.424 150.316 145.502 145.125 145.739 148.11 148.055 149.654 
140.985 140.743 142.981 144.508 146.473 147.191 140.983 142.232 142.62 143.432 145.111 146.176 140.103 141.128 141.743 143.927 145.239 147.335 139.066 140.208 141.645 144.098 145.527 146.721 139.488 139.383 139.753 142.983 145.767 145.751 141.287 140.832 141.357 143.608 143.536 145.084 
130.133 130.869 132.187 131.51 131.821 132.802 128.381 129.685 130.659 130.521 131.022 132.604 127.088 128.597 130.085 130.347 130.156 132.007 126.502 126.725 128.616 129.509 129.833 131.397 124.388 125.547 126.175 128.411 129.266 129.847 123.672 123.57 125.628 127.042 127.664 127.821 
123.501 124.6 125.524 124.692 124.491 125.775 122.171 123.307 124.713 124.568 125.038 126.316 120.773 122.27 123.795 124.325 124.197 125.557 119.863 119.89 122.095 123.402 123.495 125.098 118.107 119.172 120.25 122.36 122.625 123.814 116.13 117.135 119.631 120.993 121.529 121.83 
120.524 120.843 121.331 120.717 120.513 121.27 119.991 120.478 121.134 120.811 121.175 121.961 119.536 120.362 121.049 121.031 120.924 122.129 119.389 119.409 120.639 121.198 121.106 122.394 118.123 118.849 119.716 121.072 121.011 121.556 116.886 117.869 119.372 120.309 120.712 120.428 
116.021 116.03 115.248 114.646 114.763 114.947 116.005 116.092 116.201 114.759 114.212 114.858 116.471 115.96 115.171 114.82 114.791 115.374 116.319 116.165 115.169 113.653 115.109 115.928 117.255 116.813 115.6 115.022 115.813 115.848 116.443 116.393 116.159 115.934 116.142 115.72 
118.408 117.929 117.502 116.188 115.665 115.583 117.709 117.825 117.545 116.66 116.039 115.416 117.087 117.153 116.937 115.705 115.778 115.338 116.683 116.683 116.173 115.195 115.093 115.031 117.44 117.203 116.638 115.077 115.154 115.166 117.853 117.925 116.662 115.662 115.347 115.936 
206.203 205.162 206.706 206.099 203.869 203.811 206.706 202.547 203.758 205.997 202.219 202.504 205.119 202.49 201.804 205.509 202.473 203.89 203.897 205.091 203.615 198.834 202.431 205.59 205.956 207.423 206.642 205.716 206.026 206.658 207.517 205.887 206.541 203.398 203.174 203.502 
208.16 207.472 209.231 208.239 206.362 205.756 208.773 205.409 206.91 208.988 204.606 204.686 207.633 205.467 205.262 208.76 205.067 206.253 206.591 207.83 206.475 202.119 204.47 207.498 208.113 209.401 208.749 207.095 206.797 207.648 209.412 207.55 208.381 204.376 203.363 204.705 
200.752 200.485 202.654 201.304 203.662 201.38 203.339 205.587 208.127 207.029 204.035 203.927 203.681 206.345 209.286 211.125 206.601 206.275 206.537 207.197 208.704 208.72 202.132 203.556 204.259 204.729 205.62 197.818 194.451 195.926 202.14 201.684 202.654 195.298 189.57 196.038 
198.091 197.965 199.942 199.405 201.22 199.801 197.86 199.925 201.955 201.374 199.621 199.329 198.374 200.303 202.627 203.848 200.873 201.052 200.186 200.566 201.828 201.771 197.4 199.069 198.394 198.905 199.358 194.091 192.02 193.641 196.833 196.612 197.493 192.844 188.868 193.408 
187.016 187.498 187.272 190.534 193.329 191.546 183.245 189.197 189.64 188.646 190.722 188.249 187.802 189.243 190.938 190.771 188.599 186.925 189.591 190.324 191.02 189.529 188.439 186.745 192.847 193.983 191.194 190.242 191.739 189.66 184.631 187.593 186.912 186.17 188.077 188.957 
179.01 180.258 180.52 178.405 178.892 179.198 179.141 181.273 181.071 179.365 178.11 178.394 179.548 181.489 182.423 179.144 177.361 177.919 180.068 181.218 179.686 177.728 177.86 178.313 179.486 179.608 179.13 177.862 179.532 179.108 181.38 182.271 180.299 178.846 179.479 179.046 
174.332 176.931 175.669 174.651 174.588 172.917 171.398 177.053 176.811 173.863 173.383 173.068 174.99 177.009 176.314 174.381 173.455 173.728 175.659 177.346 175.903 175.274 173.529 173.34 174.235 174.937 174.239 173.509 174.195 174.786 174.622 176.218 175.207 173.582 174.753 177.226 
164.207 166.413 168.55 166.823 166.328 163.629 164.303 167.997 169.112 166.536 167.077 165.328 166.261 166.68 167.166 163.75 164.662 166.808 166.828 164.707 166.412 165.22 168.571 167.386 164.675 165.289 165.289 164.891 166.879 165.976 164.694 165.339 164.289 165.686 166.943 166.436 
150.34 150.747 152.04 153.661 154.674 155.251 151.475 152.252 152.612 153.352 154.428 154.873 151.02 151.3 151.628 153.499 154.566 155.803 149.747 150.576 151.779 153.849 154.814 155.342 149.983 149.801 150.244 153.281 154.377 154.24 150.237 151.396 151.69 153.346 153.029 153.826 
145.095 146.022 147.631 147.96 148.648 148.112 143.522 144.778 146.907 146.774 146.973 147.6 144.039 143.873 145.972 145.798 146.169 147.304 144.186 144.945 144.957 145.658 147.284 147.387 142.952 143.562 143.807 145.517 148.209 146.922 145.996 144.148 144.768 146.096 146.97 146.665 
137.524 137.958 138.218 138.275 138.895 138.748 137.162 137.579 137.713 138.048 138.538 138.763 136.107 136.523 137.059 137.441 137.808 137.877 134.99 135.664 135.76 135.984 136.499 136.697 133.981 134.4 134.894 135.107 135.65 135.704 133.936 134.1 134.301 135.092 135.053 135.203 
131.812 132.7 131.741 131.816 132.012 131.349 131.758 131.934 131.785 132.094 130.395 130.299 132.142 133.176 132.676 131.683 130.915 131.627 130.439 131.035 129.59 129.564 131.016 132.347 129.255 129.192 129.256 130.306 131.655 131.608 128.002 128.093 129.234 130.213 129.749 130.246 
124.177 123.925 123.823 123.464 123.258 123.305 124.237 124.059 123.899 123.801 123.83 123.684 124.34 124.366 124.28 124.148 123.954 123.859 124.576 124.311 124.27 124.515 124.386 124.244 124.096 123.953 124.3 124.267 124.358 124.362 123.95 123.939 123.929 124.323 124.444 124.327 
122.676 122.324 122.12 121.517 121.361 121.427 122.359 122.452 122.17 122.063 122.071 121.414 122.309 122.38 122.346 121.585 121.766 121.547 122.269 122.389 122.308 121.8 121.75 121.715 122.394 122.526 122.523 121.889 122.144 121.976 122.966 123.258 122.494 122.07 122.213 122.648 
121.852 121.471 121.116 119.61 119.358 119.577 120.988 121.279 121.168 120.413 119.928 119.488 120.409 120.763 120.757 119.41 119.586 119.211 120.077 120.127 119.803 118.918 119.114 119.13 121.141 120.741 120.308 118.666 119.111 119.38 121.462 121.831 120.61 119.574 119.308 120.337 
212.368 211.112 212.139 211.203 209.068 209.051 212.255 208.378 209.163 211.353 207.3 207.757 210.585 207.787 207.074 210.298 207.194 208.817 209.164 210.068 208.127 203.87 207.578 210.482 211.009 212.055 210.99 210.533 210.937 211.747 212.263 210.332 211.249 208.327 207.879 208.441 
221.213 223.097 222.387 219.898 220.1 217.541 221.371 220.786 223.973 221.032 217.837 216.685 220.641 219.985 222.097 221.086 218.803 217.866 222.657 222.985 222.763 223.061 220.705 220.068 222.311 222.463 224.096 223.366 220.739 220.199 222.896 222.064 222.224 219.349 218.227 219.986 
212 211.591 212.514 211.251 212.303 211.583 212.233 213.181 214.215 213.506 211.467 211.584 213.25 214.436 215.21 214.957 212.887 213.376 214.051 214.123 214.17 213.651 211.377 212.633 213.262 213.42 212.656 209.194 208.528 209.535 212.74 212.343 211.944 208.855 206.549 209.43 
195.787 195.913 195.352 199.434 202.08 200.277 192.153 197.264 197.693 196.919 199.529 197.084 196.503 197.186 198.042 199.426 197.97 196.013 198.217 197.952 199.58 198.884 197.178 195.482 201.715 202.419 199.902 199.326 199.478 197.781 192.271 194.984 195.47 194.941 196.086 197.331 
190.441 190.851 190.421 194.655 197.422 195.551 186.298 192.184 193.011 192.145 194.552 192.326 191.512 192.683 193.962 194.409 192.488 191.038 193.162 193.516 195.197 193.968 192.491 190.837 197.304 198.561 195.168 195.018 195.934 193.921 187.561 190.597 190.475 190.488 192.509 193.985 
185.594 186.097 185.631 189.034 191.636 190.048 182.044 187.575 187.9 187.147 189.088 186.95 186.827 188.055 189.349 189.034 187.163 185.81 188.419 189.005 189.716 188.266 187.294 185.866 191.663 192.619 189.77 189.315 190.917 188.798 183.764 186.544 185.951 185.779 187.579 188.466 
171.852 173.988 175.549 173.26 172.866 170.017 171.654 174.905 175.856 172.886 173.526 171.686 173.635 173.781 174.116 170.227 171.156 173.172 174.285 172.01 173.694 171.796 174.575 173.674 172.175 172.464 172.302 171.548 173.496 172.45 172.556 172.656 171.314 172.519 173.238 172.611 
163.727 165.585 166.839 165.4 164.989 161.766 162.804 166.229 167.057 165.39 166.526 163.62 165.066 164.404 164.95 162.17 164.061 165.414 166.223 163.095 164.293 163.315 167.584 166.307 163.572 163.585 163.649 163.492 165.864 164.351 163.807 163.492 162.507 164.03 165.163 163.304 
156.915 159.162 160.975 159.995 159.565 155.9 156.386 159.455 161.966 159.964 161.124 158.497 158.864 157.587 159.477 156.301 158.479 160.398 159.459 156.969 158.545 157.127 161.52 160.38 156.997 156.923 157.805 157.981 160.439 158.661 158.043 158.02 157.626 158.797 159.788 158.348 
152.293 154.621 154.602 154.502 153.559 151.73 151.334 151.724 156.385 154.932 153.947 153.51 152.235 150.157 153.482 152.014 152.447 152.808 151.327 152.114 151.985 150.886 152.17 152.369 149.906 150.385 151.457 152.343 153.524 152.182 151.632 152.185 153.382 152.958 153.367 152.406 
139.855 141.294 140.061 140.441 140.544 139.046 139.828 139.912 140.973 140.979 138.935 138.377 140.928 140.914 141.217 139.628 139.093 139.343 138.915 139.84 137.65 136.954 139.013 139.811 138.099 137.554 137.527 138.261 140.198 139.447 137.768 137.521 138.24 138.806 138.259 138.501 
135.628 136.302 134.847 135.168 135.354 134.131 135.932 135.903 135.301 135.503 133.605 132.949 136.634 137.275 136.192 134.953 134.185 134.273 134.87 135.535 133.154 132.591 134.058 134.919 134.131 133.569 133.226 133.395 134.759 134.488 133.319 133.07 133.372 133.902 133.133 133.617 
131.336 131.808 130.571 131.078 131.42 130.466 131.799 131.572 130.963 131.552 129.994 129.268 132.849 133.419 132.353 131.103 130.521 130.757 131.589 132.236 130.171 129.696 130.935 131.745 131.008 130.647 130.44 130.932 132.118 131.636 130.515 130.393 130.565 131.084 130.523 131.062 
123.547 124.641 124.99 127.268 126.821 127.369 124.94 125.014 125.461 127.957 127.662 127.966 127.979 126.791 127.817 127.591 127.62 127.804 128.348 128.036 129.077 130.587 128.881 127.677 128.015 126.631 128.455 131.115 129.968 127.455 126.532 126.106 128.501 128.955 129.258 125.076 
124.46 124.188 124.125 123.487 123.87 124.092 123.8 124.065 124.104 124.383 124.697 123.861 123.405 123.755 123.741 122.894 123.54 123.265 122.979 123.621 123.425 122.53 122.729 122.987 123.827 123.947 123.705 122.492 122.923 123.216 124.574 125.152 123.879 122.96 122.903 124.241 
228.537 229.382 227.513 225.651 226.097 224.269 226.815 226.073 228.846 226.125 222.759 222.808 225.158 224.084 226.995 225.255 222.829 223.671 227.311 227.726 226.821 227.683 226.316 226.225 227.78 228.256 229.385 229.496 226.635 226.869 227.926 227.48 228.822 226.37 224.318 226.606 
224.915 226.111 225.556 223.574 223.852 221.511 223.762 223.454 226.397 224.324 221.447 220.327 222.928 222.572 224.871 223.269 221.521 221.516 225.289 225.974 225.161 225.806 224.422 223.953 225.691 226.185 226.992 227.288 224.83 224.582 226.078 225.369 226.406 224.416 222.746 224.258 
219.002 220.641 220.684 219.078 219.249 216.997 219.112 218.655 221.975 219.623 217.017 215.958 218.599 218.474 220.516 219.533 218.029 217.773 221.084 221.169 220.847 221.532 220.07 220.051 220.86 221.037 222.534 222.477 220.618 220.18 221.698 220.975 221.899 219.925 218.942 220.314 
210.047 210.029 209.553 208.906 208.849 208.956 210.354 210.636 210.002 209.247 209.191 209.016 210.356 210.599 210.054 209.377 209.736 209.736 211.002 210.265 209.588 209.142 209.451 210.273 211.135 210.876 210.442 209.995 210.139 210.643 210.856 211.167 211.638 211.599 211.426 210.761 
193.904 194.097 193.381 197.164 199.413 198.003 190.48 195.347 195.471 194.775 196.982 195.011 195.107 195.789 196.443 196.949 195.692 194.261 196.3 196.389 197.589 196.822 195.643 194.118 199.852 200.705 198.087 197.974 198.556 196.929 191.473 194.333 194.538 194.358 195.875 197.142 
189.833 190.216 188.347 188.258 187.208 186.316 190.437 188.532 187.802 189.473 189.026 189.308 192.105 190.515 189.689 188.802 189.449 190.176 192.058 190.668 189.609 189.956 188.611 190.003 190.461 189.851 188.707 190.623 189.079 189.082 189.909 189.806 188.845 189.959 189.236 188.836 
181.027 180.186 179.665 182.321 181.527 180.475 179.622 178.955 179.256 182.659 182.411 178.838 181.781 180.75 180.822 181.516 182.674 181.063 183.31 181.285 181.67 182.396 182.629 181.562 179.283 178.264 178.793 179.589 179.79 180.384 176.686 176.127 176.541 179.132 179.285 178.866 
164.611 165.929 167.084 165.796 165.474 162.43 163.652 166.09 166.897 165.565 166.799 164.018 165.229 164.337 165.055 162.835 164.885 165.574 166.266 163.435 164.62 163.392 166.809 165.554 163.885 163.742 163.792 163.265 165.007 163.706 164.25 163.596 162.66 163.627 164.278 162.922 
160.618 160.852 160.576 160.284 160.023 159.784 159.856 160.007 160.11 160.129 159.34 159.038 159.693 159.039 159.417 159.706 159.123 158.147 160.09 159.616 158.881 158.682 158.368 158.147 159.301 158.85 158.124 157.785 157.789 157.735 159.5 158.747 158.461 157.705 157.952 157.068 
154.744 156.251 155.975 155.422 154.391 152.997 154.092 154.012 157.152 155.668 154.741 154.474 154.948 152.895 155.125 153.643 153.767 153.677 154.588 154.54 153.93 152.561 153.02 152.784 153.54 153.115 153.155 153.188 153.651 152.903 154.419 154.077 154.462 153.648 153.683 152.706 
148.165 148.168 147.917 147.419 146.935 146.031 148.009 147.678 147.763 147.37 147.077 146.328 148.032 147.2 147.49 147.198 146.709 145.466 147.337 147.21 146.995 146.13 145.148 144.054 146.674 146.19 145.639 145.221 144.264 143.519 146.604 145.865 145.212 144.819 143.988 142.921 
137.956 139.176 138.153 138.367 138.036 136.907 138.232 138.321 138.019 138.438 136.167 135.329 139.362 140.249 138.996 137.738 137.06 137.119 138.212 139.174 136.422 135.831 137.38 138.11 138.262 137.493 136.809 136.808 137.996 137.644 137.133 136.65 136.55 136.832 136.024 136.383 
126.74 127.717 127.851 129.938 129.127 129.522 127.978 128.052 128.427 130.567 129.883 130.129 131.026 129.805 130.611 130.307 130.045 129.988 131.411 130.971 131.729 133.063 131.173 129.823 131.066 129.562 131.164 133.515 131.97 129.422 129.478 128.798 131.177 131.421 131.33 126.948 
124.345 125.465 125.903 128.373 127.916 128.499 125.775 125.858 126.481 129.152 128.821 129.097 128.907 127.736 128.826 128.666 128.756 128.897 129.298 129.05 130.046 131.614 129.852 128.608 129.177 127.74 129.478 132.253 130.895 128.288 127.654 127.126 129.626 130.066 130.224 125.851 
124.691 125.817 126.226 128.453 127.918 128.456 126.063 126.229 126.795 129.26 128.831 129.156 129.092 127.95 129.031 128.865 128.932 129.195 129.484 129.228 130.306 131.775 130.348 129.118 129.483 128.164 129.911 132.458 131.206 128.756 127.849 127.42 130.063 130.684 130.8 126.43 
245.094 243.798 241.783 238.973 240.696 243.569 243.571 243.512 241.334 240.191 240.777 243.171 242.874 242.715 240.885 240.629 237.802 240.853 242.929 243.202 242.569 242.962 239.173 238.727 242.552 243.492 243.746 243.906 240.477 239.935 239.575 240.3 244.495 244.075 241.565 242.052 
227.653 230.055 230.437 228.476 228.868 226.714 226.993 226.875 230.814 229.339 226.777 225.859 226.171 226.582 230.011 229.415 227.571 227.036 229.112 230.348 230.756 232.392 230.326 229.981 229.7 230.806 232.813 233.393 230.959 230.261 231.011 229.883 231.123 229.471 228.614 230.441 
226.405 224.794 228.86 227.376 227.761 228.531 227.115 225.541 229.945 227.328 226.774 228.964 227.547 227.756 229.576 228.648 227.831 229.403 228.333 229.494 230.697 231.034 229.493 228.94 226.11 226.272 228.299 229.651 230.36 226.671 225.45 225.465 227.389 227.95 229.94 230.856 
211.561 211.799 211.496 211.786 211.758 211.82 211.759 211.682 211.102 211.571 212.17 211.946 211.861 211.859 211.506 211.702 212.284 212.493 212.004 211.396 211.086 211.699 212.193 212.628 211.705 211.683 212.234 212.411 212.797 213.204 212.08 212.124 213.032 213.127 213.36 213.255 
199.75 200.402 198.906 199.159 198.423 197.564 200.212 198.358 197.76 199.589 199.752 200.173 201.857 200.153 199.543 198.965 200.283 201.602 201.245 200.258 198.945 200.174 200.083 201.542 199.995 199.963 199.062 201.409 200.396 201.116 199.331 199.727 199.371 200.675 200.485 200.2 
188.65 187.941 186.927 189.629 188.905 187.758 188.508 186.659 186.419 190.306 190.779 188.177 191.439 189.748 189.068 189.138 191.159 191.232 191.868 189.8 189.928 191.247 191.267 190.997 187.817 186.996 187.799 189.935 189.159 189.759 185.347 185.422 185.808 188.709 188.597 188.443 
182.544 181.361 180.448 184.244 183.435 181.834 181.848 179.417 179.955 185.256 185.658 182.124 184.768 182.986 183.378 183.962 186.105 185.977 185.87 183.482 184.218 185.782 185.947 185.729 180.727 180.211 181.057 183.536 182.64 183.61 177.452 177.738 178.115 181.918 181.602 181.802 
174.354 172.841 172.749 175.48 174.922 174.039 173.165 172.128 172.461 175.489 175.307 171.918 174.689 173.986 174.303 174.715 175.724 174.607 175.934 174.469 174.974 175.528 175.862 174.964 172.509 171.885 172.757 173.256 173.175 173.792 170.132 169.792 170.663 172.771 172.9 172.757 
161.802 161.668 161.412 160.979 160.71 160.394 161.859 161.751 161.427 160.827 160.275 160.183 162.009 161.783 161.858 161.09 160.441 159.953 162.268 162.259 161.997 161.291 160.149 159.714 162.27 162.046 161.808 161.267 160.535 160.053 162.535 162.278 162.008 161.426 160.794 160.066 
155.962 155.444 154.863 154.225 153.732 153.426 155.859 155.607 154.856 154.249 153.677 153.392 155.727 155.592 154.918 154.047 153.652 153.373 156.038 155.945 155.17 154.221 153.464 153.295 156.417 156.04 155.111 153.931 153.439 153.236 156.305 155.872 155.211 154.19 153.889 153.354 
146.493 147.741 148.322 147.408 145.896 145.741 146.555 146.788 147.24 147.21 145.829 144.884 147.137 147.417 146.848 146.434 146.117 145.605 147.989 148.385 147.079 146.416 146.335 146.089 148.557 147.964 146.931 145.866 145.524 145.774 147.761 147.237 145.884 145.063 144.958 145.007 
142.74 143.847 144.37 143.832 142.193 141.747 142.608 142.953 143.267 143.077 141.881 140.981 143.164 143.89 142.865 142.366 142.18 141.923 144.31 145.248 143.5 142.571 142.466 142.244 145.084 144.906 143.766 142.354 141.788 141.779 144.316 143.845 142.607 141.489 141.257 141.034 
140.143 141.055 141.564 140.907 139.271 138.829 140.223 140.144 140.268 140.084 138.818 137.985 140.618 141.153 139.91 139.234 139.201 138.882 141.882 142.425 140.695 139.976 139.76 139.203 142.687 142.354 141.321 140.039 139.21 138.917 141.948 141.345 140.106 139.174 138.927 138.602 
126.514 127.511 127.736 129.906 129.239 129.803 127.838 127.968 128.382 130.643 130.116 130.349 130.785 129.707 130.737 130.497 130.441 130.417 131.227 130.9 131.968 133.589 131.93 130.45 131.159 129.926 131.594 134.193 132.832 130.22 129.697 129.102 131.645 132.173 132.234 127.916 
131.216 130.683 130.757 130.921 131.023 131.409 131.81 131.822 131.662 131.619 132.474 131.506 131.816 132.3 132.234 131.828 132.762 132.623 132.058 132.919 133.082 132.282 132.737 132.641 132.851 133.634 133.503 133.264 132.885 133.122 132.941 133.231 133.625 134.423 134.499 134.614 
251.712 251.623 251.072 249.471 250.528 252.128 251.982 252.208 251.109 250.324 250.751 252.133 251.895 252.212 250.982 251.301 250.07 250.935 251.997 252.287 252.079 252.393 250.035 249.83 250.723 251.876 252.259 252.099 250.319 250.132 249.043 249.761 252.099 251.895 250.972 251.523 
238.812 238.36 246.132 249.696 249.048 245.985 246.053 242.621 249.213 250.049 249.151 249.576 247.182 244.195 246.687 246.227 248.298 249.362 244.914 244.13 247.644 244.177 246.999 246.237 244.009 246.651 246.667 240.733 243.316 246.823 240.528 245.053 246.975 243.534 242.712 247.126 
230.244 228.256 233.153 231.83 232.457 233.682 231.297 229.609 234.767 232.203 231.326 234.161 232.337 232.111 234.672 234.24 233.016 234.392 232.795 234.011 236.1 236.564 234.585 233.643 229.845 230.243 233.196 234.186 234.88 230.639 229 229.587 232.06 231.68 233.934 235.525 
227.742 225.508 230.24 228.563 229.371 230.892 228.481 226.315 231.694 228.596 228.143 231.276 228.965 228.73 231.258 230.587 229.716 230.807 229.485 230.91 232.812 232.932 230.774 229.658 226.606 226.753 229.792 230.731 231.185 226.402 225.463 225.841 228.107 228.061 230.095 231.333 
206.774 206.733 206.886 207.235 207.5 207.559 207.086 206.708 206.634 207.056 208 207.987 207.604 207.193 206.849 207.033 207.813 208.253 206.725 206.813 207.031 207.563 207.835 208.549 206.539 206.463 207.636 208.237 208.579 208.775 194.44 194.627 195.487 195.568 196.099 196.036 
186.227 186.12 184.272 185.596 184.924 184.031 187.333 184.114 183.853 187.969 188.679 189.337 189.986 187.364 186.781 186.638 188.802 191.501 189.246 187.356 185.856 187.979 187.683 190.715 186.587 186.372 185.011 188.918 187.568 188.952 184.84 185.623 184.738 186.783 186.575 186.785 
178.318 176.678 176.939 180.192 180.822 180.435 177.434 176.372 177.053 180.482 181.773 179.125 179.045 178.809 179.384 180.055 182.089 182.175 180.609 179.279 180.325 181.314 182.827 182.692 177.381 176.839 178.323 179.881 180.709 181.917 175.028 175.242 176.137 179.033 179.735 180.255 
167.859 166.396 166.982 168.027 169.138 169.834 168.007 166.929 167.407 168.134 169.277 169.746 167.989 167.645 168.66 168.865 169.704 170.665 168.741 168.451 169.058 169.1 170.14 171.476 169.103 168.55 169.18 169.669 170.679 172.189 169.094 168.697 169.546 169.941 170.475 171.637 
160.993 160.537 160.665 160.942 160.876 160.884 161.166 161.421 160.982 160.863 160.728 160.852 161.62 161.925 161.9 161.246 161.314 161.446 162.208 162.617 162.687 162.197 162.082 162.159 162.877 162.863 163.003 162.808 162.891 162.878 162.864 163.207 163.565 163.317 163.449 163.249 
154.395 154.462 154.226 153.272 152.751 153.025 154.579 154.676 154.403 153.694 153.241 152.973 155.318 155.166 154.962 154.218 153.976 153.622 155.727 155.544 155.673 155.155 154.639 154.613 155.686 155.638 155.545 155.269 155.047 155.183 155.618 155.826 155.5 155.018 155.233 155.434 
149.582 149.58 149.308 148.643 148.299 148.428 149.487 149.639 149.477 149.32 148.759 148.361 150.204 150.111 149.928 149.685 149.313 149.101 150.6 150.579 150.152 149.996 149.917 149.935 150.583 150.47 150.075 150.056 150.017 150.301 150.697 150.728 150.307 149.991 150.234 150.737 
144.437 145.517 146.139 145.389 144.08 143.918 144.542 144.809 145.331 145.081 143.864 143.228 145.093 145.547 144.871 144.406 144.27 144.249 146.119 146.532 145.288 144.789 145.074 144.798 146.752 146.409 145.687 144.831 144.585 144.755 146.042 145.926 144.863 144.114 144.263 144.43 
141.351 141.071 140.982 140.653 140.459 140.604 141.452 141.303 141.341 140.741 140.372 140.277 141.788 141.895 141.286 140.881 140.703 140.614 142.435 142.333 141.777 141.48 141.275 140.974 142.574 142.902 142.678 142.364 141.519 141.351 142.723 142.968 143.114 142.576 141.711 141.845 
137.749 137.87 137.704 137.296 137.269 138.109 137.822 137.902 137.934 137.43 137.984 138.543 138.412 138.094 137.927 138.371 138.93 138.741 138.679 138.326 138.248 138.904 139.39 139.06 139.248 139.238 139.051 139.359 139.642 139.643 139.039 139.377 139.273 139.482 139.68 139.701 
133.927 133.584 133.693 133.811 133.615 134.006 134.532 134.733 134.632 134.918 135.297 134.315 134.624 134.993 134.957 134.653 135.516 135.494 134.725 135.322 134.892 134.823 135.252 135.838 135.475 135.863 135.419 135.67 135.627 137.04 135.54 135.554 135.991 136.82 136.766 138.445 
242.854 242.832 249.823 253.5 252.996 249.707 250.281 247.048 252.76 254.001 253.184 253.371 250.995 248.093 249.944 249.546 251.527 252.736 248.598 247.583 250.781 247.031 249.959 249.38 247.999 250.796 250.499 244.137 246.402 250.606 244.379 249.041 251.064 247.437 246.11 250.235 
239.671 240.023 247.919 252.622 251.65 247.254 247.886 244.757 251.008 253.095 251.621 251.207 248.706 245.597 248.031 247.687 249.956 250.868 246.115 245.143 248.77 244.778 248.474 247.774 245.709 249.016 248.525 241.749 244.517 248.983 242.317 247.516 249.148 245.229 244.008 248.063 
236.343 236.006 244.838 248.929 248.192 244.415 244.505 240.747 248.274 249.397 248.122 248.433 245.468 242.258 245.154 244.7 246.728 247.828 242.969 242.26 246.342 242.409 245.376 244.359 242.018 245.045 245.294 238.891 241.623 244.728 238.33 243.384 245.399 241.699 240.789 244.994 
229.643 231.412 231.321 234.275 233.732 231.197 231.241 232.702 230.655 234.172 232.373 230.019 231.917 231.593 232.021 233.691 231.632 230.014 231.631 231.944 232.526 233.7 232.391 230.793 230.818 231.276 232.699 232.106 230.751 230.352 216.517 217.738 219.406 216.974 216.232 215.518 
249.792 250.037 249.988 250.186 250.366 250.326 249.455 249.576 249.597 249.673 250.048 249.985 247.118 248.686 248.877 248.997 249.032 249.013 245.712 245.921 247.609 248.085 247.872 247.614 245.114 244.808 244.925 246.241 246.528 246.566 25.2829 25.4038 25.0652 25.0321 26.4566 27.2666 
189.742 189.497 190.566 191.762 193.824 195.105 190.075 190.058 191.339 192.137 193.741 195.661 189.902 190.218 191.353 192.547 194.12 195.345 189.123 189.225 191.354 193.167 194.664 196.099 188.383 188.54 190.747 193.582 195.049 196.11 146.391 146.329 148.274 150.771 152.458 153.608 
170.325 167.971 169.527 171.773 175.22 177.287 169.794 167.875 169.402 171.98 175.506 176.847 169.525 168.856 171.032 172.637 175.498 178.088 170.576 169.547 170.772 172.133 176.129 178.993 170.499 169.787 171.052 172.856 176.43 179.969 170.63 170.249 171.457 172.893 175.061 177.553 
164.858 163.86 165.308 166.627 168.7 170.467 164.986 163.988 165.22 166.675 168.5 170.24 164.815 164.131 165.77 167.189 168.976 170.582 165.226 164.825 166.16 167.226 169.542 171.924 166.208 165.322 167.029 168.337 170.197 172.647 166.697 166.171 167.843 168.908 170.034 172.06 
159.326 158.7 159.797 160.393 161.256 162.644 159.514 158.948 159.698 160.305 161.422 162.879 159.65 159.312 160.542 161.105 162.359 163.4 160.216 160.213 161.699 162.01 163.037 164.635 161.285 160.913 162.523 163.133 164.207 165.606 161.872 161.762 163.031 163.42 164.334 165.37 
154.314 153.681 154.026 154.302 154.485 154.97 154.385 154.26 154.104 154.121 154.757 155.01 154.661 154.607 154.566 154.654 155.778 156.492 155.601 155.796 155.965 156.261 156.761 157.312 156.465 156.826 157.032 157.115 157.543 157.646 156.657 157.225 157.625 157.441 157.948 158.033 
150.321 150.399 150.217 149.455 149.533 150.18 150.436 150.325 150.043 149.783 149.893 150.182 150.965 150.631 150.385 150.225 150.495 150.695 151.126 151.038 150.997 151.146 151.22 151.561 151.456 151.511 151.847 152.02 152.127 152.362 151.728 152.041 152.054 152.031 152.481 153.009 
145.093 145.053 145.014 144.987 145.238 145.467 145.04 145.072 145.109 144.974 145.053 145.419 145.287 145.324 144.743 144.752 145.368 146.146 145.848 146.14 145.597 145.704 146.302 146.63 146.461 146.817 147.145 147.217 146.995 147.24 146.673 147.315 148.014 147.895 147.445 147.775 
141.626 141.952 141.9 141.345 141.101 142.402 141.683 141.812 142.051 141.569 141.849 142.365 142.473 141.878 141.366 141.853 142.599 142.792 142.869 142.355 142.043 142.192 143.105 143.146 143.207 143.212 143.395 143.157 143.617 143.888 142.435 143.472 143.622 143.631 143.78 143.994 
137.91 138.789 139.359 139.426 139.151 140.259 138.417 138.897 140.337 141.456 140.641 140.841 139.954 139.483 139.523 140.025 140.588 141.023 140.035 139.787 138.195 139.165 140.355 142.557 140.681 139.465 139.135 140.18 141.444 145.073 139.899 140.03 140.253 141.144 140.861 145.143 
135.91 136.912 137.569 137.551 137.279 138.589 136.806 137.054 138.599 140.042 139.384 139.644 138.708 137.565 137.796 138.451 139.249 139.795 138.085 137.782 135.755 136.93 138.621 141.523 138.878 136.954 136.446 137.635 139.802 144.738 137.884 137.651 137.664 138.842 139.063 144.579 
