4188360
4.79686 3.00258 2.19626 1.39472 1.48519 1.63413 4.85499 3.38516 1.8119 1.31942 1.42028 1.53256 4.81 3.84846 1.99279 1.27196 1.35994 1.47744 4.55221 3.40903 2.18257 1.27692 1.37941 1.52149 4.9711 2.99767 1.78181 1.37028 1.43389 1.55667 4.62866 3.21696 1.38272 1.43655 1.51059 1.62751 
8.90849 7.32051 6.61773 5.93353 6.0495 6.25767 9.03736 7.74327 6.33066 5.95775 6.10184 6.21549 9.13488 8.26967 6.58209 5.98962 6.11663 6.2529 8.96948 7.93805 6.82553 6.05872 6.20283 6.38747 9.42384 7.57124 6.55663 6.19655 6.30531 6.54448 9.17782 7.90687 6.26214 6.35926 6.4212 6.60913 
31.8463 31.732 31.7 31.4314 31.6398 32.0342 32.4698 31.9482 31.9686 31.9336 32.1395 32.5253 32.966 32.4949 32.2304 32.1298 32.3739 32.6524 33.0395 32.9403 32.4779 32.411 32.5492 32.7739 33.6897 33.1557 32.8702 32.7622 32.7058 32.789 34.0135 33.6827 32.7696 33.1824 33.058 33.3459 
41.4517 41.5013 41.5106 41.5233 41.6164 41.7044 41.992 41.9509 41.7184 41.7188 41.7686 41.982 42.4352 42.1266 41.9295 41.8481 41.9008 42.3269 42.4198 42.2085 42.0739 42.2446 42.2948 42.5532 42.9767 42.4477 42.536 42.4964 42.6285 43.0309 43.3559 43.1116 42.8245 43.0301 42.9446 43.2723 
49.9712 50.2219 50.0925 50.1132 50.2941 50.4514 50.4421 50.4918 50.3102 50.218 50.4142 50.677 50.4009 50.5791 50.4788 50.4785 50.5597 50.9489 50.8222 51.0464 50.979 50.8561 50.8801 51.1751 51.5192 51.5436 51.3767 51.2774 51.2855 51.5244 52.0106 52.1339 51.7825 51.6693 51.8054 51.8993 
56.6061 56.2578 55.9254 55.8108 55.783 55.9432 57.4368 57.0002 56.7523 56.4431 56.4476 56.5135 57.8213 57.5268 57.4426 57.283 57.0724 57.5044 58.6078 58.6395 58.5134 58.267 57.9874 58.166 59.6673 59.5895 59.458 59.2221 59.0486 59.1401 60.4599 60.4746 60.2067 60.0018 59.9617 59.913 
70.4967 71.0072 70.4381 69.998 68.6654 66.5631 71.0753 71.0342 70.1391 69.8593 69.4566 68.2599 72.156 71.367 70.6764 70.3535 69.4567 69.157 72.8347 72.2342 71.7246 71.1004 70.1669 69.8569 74.1174 73.3474 72.1893 71.4908 71.6434 71.0909 73.4905 73.7963 73.4129 73.8167 74.6308 72.4915 
76.7918 76.2655 74.7524 73.5191 71.7729 68.9074 77.145 76.3027 74.1605 72.9315 71.7694 70.0562 77.8772 76.3529 74.3288 73.0477 71.3563 70.6813 77.899 76.3655 74.7438 73.5206 72.1057 70.981 79.1912 76.8937 74.6699 73.5495 73.43 72.5386 78.3216 77.4417 75.5129 74.8188 75.3383 73.4262 
78.3914 77.8432 76.2612 74.8411 73.067 70.371 78.8545 77.857 75.6916 74.311 73.0434 71.422 79.5711 77.9965 75.8953 74.5333 72.7487 71.9527 79.7756 78.1421 76.3495 74.9747 73.4826 72.32 80.9457 78.7439 76.3969 75.0541 74.7017 73.7486 80.2417 79.2909 77.224 76.1929 76.352 74.6023 
83.5888 81.4034 79.5305 77.473 76.3103 75.271 84.4969 82.482 80.0148 77.689 75.6687 74.7212 84.9892 83.0525 80.3579 78.2895 76.3961 75.4375 85.0022 83.1742 80.7551 79.3266 77.8847 76.5382 87.4218 84.6544 82.4611 81.2897 80.7236 79.9183 87.712 85.4576 83.5225 81.7613 81.1333 80.7103 
63.6467 62.673 61.5255 60.2657 59.971 59.7692 64.8701 64.0446 62.8568 61.9774 61.2945 60.9528 67.5043 65.5153 64.5138 63.7304 62.7267 62.4318 70.4414 69.7593 67.4781 66.7203 65.9013 65.2505 130.471 130.042 129.013 126.895 126.213 125.425 131.778 131.253 130.375 128.368 127.412 126.925 
88.5713 88.19 88.2514 87.9966 87.5919 87.5727 89.1753 88.9208 88.8744 88.5746 88.1996 87.9942 89.6455 89.6621 89.6885 89.5005 89.0613 88.867 90.8176 90.8202 90.8372 90.6902 90.3671 90.0802 106.054 106.399 106.311 106.267 105.98 105.669 106.486 106.635 106.843 106.704 106.271 106.079 
97.2341 97.4409 97.2016 96.8389 96.5733 96.156 97.3308 97.5662 97.7177 97.2883 96.8009 96.2359 96.8794 97.8262 97.834 97.8043 97.4786 97.3402 97.3706 97.6542 97.5342 98.0321 97.6951 98.0309 97.0998 97.1064 97.5842 97.7079 97.2944 97.3398 97.0846 97.2691 97.5922 97.3914 96.8347 97.0084 
98.0581 98.2818 98.4303 98.2628 98.1908 98.0328 98.2034 98.563 98.5837 98.2686 97.8105 97.6762 97.9994 98.3357 98.6079 98.7205 98.0738 98.05 98.1029 97.998 97.7917 98.2806 97.9654 98.0642 97.8359 97.6149 97.6952 97.7048 97.378 97.493 97.7607 97.4922 97.2229 97.4189 96.7786 97.1127 
101.017 100.859 100.155 99.1883 98.5953 98.2118 101.075 100.789 100.131 99.138 98.4155 97.8584 100.515 100.816 99.942 99.1445 98.4527 98.2137 100.736 100.241 99.303 98.6218 97.9653 97.9305 100.103 99.333 98.7401 98.0172 97.0456 96.825 99.7913 99.1255 98.5998 97.6211 96.6422 96.4493 
104.373 103.299 102.135 100.209 98.5811 97.9338 104.323 103.476 101.598 99.7889 98.2581 97.2489 103.885 103.178 101.348 99.3808 97.869 96.9971 103.729 102.606 100.389 98.2632 96.7182 96.4522 103.104 101.697 99.7472 97.8297 96.35 95.9303 102.754 101.223 99.7015 97.8305 96.6148 95.8533 
7.43269 5.53764 4.6126 3.77684 3.79123 3.89027 7.36853 5.87568 4.19746 3.60414 3.70956 3.74201 7.29783 6.25943 4.36183 3.57074 3.56601 3.62246 7.06013 5.81257 4.46234 3.51014 3.51813 3.53337 7.42529 5.37264 4.08127 3.50614 3.54239 3.60911 7.00277 5.60248 3.66704 3.5762 3.5098 3.56794 
33.9418 32.1368 30.6446 28.6436 26.7807 25.7061 34.5412 31.7952 30.5495 29.226 27.4182 25.7512 33.6179 31.952 30.0565 29.0037 27.6205 25.6292 34.2172 31.0987 30.0809 28.3498 27.1834 25.9115 33.4891 31.943 30.0019 29.2109 27.5062 25.8524 33.6857 31.6852 30.6681 28.6453 27.381 25.9332 
33.609 33.595 33.5001 33.1929 33.258 33.5778 34.0965 33.7454 33.8892 33.7472 33.9382 34.2391 34.7832 34.2774 34.2105 34.1052 34.2675 34.443 35.0346 34.9831 34.4155 34.3738 34.3762 34.4625 35.6288 35.2333 35.0752 34.7434 34.6571 34.7381 36.0754 35.9112 35.1863 35.527 35.1632 35.3693 
51.7772 51.7341 51.0002 50.2013 49.582 49.4854 51.2511 51.1973 50.9414 50.2222 49.4113 49.5403 50.8761 51.0465 50.3144 49.6911 49.8089 50.1663 50.829 50.9357 49.8221 49.6797 50.6171 50.3973 51.1935 50.8896 49.9676 50.085 51.0708 50.1456 51.0988 50.588 50.181 50.5232 50.65 50.1938 
53.4334 53.8454 54.1113 54.2786 54.5399 54.957 54.0014 54.3687 54.3504 54.5513 54.8028 55.2782 54.4283 54.8264 54.8112 54.8155 55.3053 55.662 54.741 55.1767 55.2512 55.3965 55.6767 55.9195 55.2611 55.5364 55.4676 55.696 56.0131 56.3717 55.8048 56.1163 56.225 56.4316 56.737 56.8382 
62.0157 62.55 62.5602 62.5187 62.594 63.1963 62.7522 63.4472 63.4704 63.0988 63.5257 64.0011 63.9229 64.3187 63.8093 64.4424 64.7019 64.9912 64.2709 64.9257 64.9283 65.7292 65.7266 66.0527 65.342 65.8365 66.2855 66.4956 66.3211 67.0426 66.0139 66.5579 66.8484 67.0794 67.6956 67.6725 
66.8599 67.0684 67.1162 67.3068 67.6454 68.4713 67.4408 68.0866 68.2417 68.4116 68.8858 69.4156 68.3035 68.901 69.1726 69.7389 70.0874 70.6043 69.0221 70.013 70.7804 71.683 72.2085 72.6665 70.236 71.2731 72.194 73.209 74.0036 74.4427 71.0683 72.7113 73.6695 74.5931 75.5996 76.032 
73.3018 75.1394 75.5924 76.187 75.6451 74.1926 74.3887 75.3163 75.6919 76.1875 76.7351 76.2317 75.715 75.9276 76.3472 77.0032 76.9306 77.2356 76.8894 76.9117 77.4456 77.5984 77.418 77.5434 77.8451 77.8518 77.353 77.3546 77.7386 77.7152 76.913 77.8795 77.5622 77.7909 78.8037 77.8558 
83.5909 81.9983 80.7269 79.5996 78.954 78.4796 84.2474 82.736 81.0798 79.7062 78.5222 78.0015 84.5069 83.1509 81.3952 80.1358 79.0444 78.4477 84.424 83.0619 81.6326 80.8219 80.0427 79.1605 85.1905 83.1203 81.7191 81.1914 80.9457 80.4953 85.1784 83.6765 82.4486 81.4657 81.1154 80.8502 
84.5609 83.9204 83.4455 82.4751 82.0671 82.009 85.5397 84.6636 83.9464 83.1682 82.4154 82.179 86.2344 85.5883 84.7452 84.027 83.3435 82.9517 86.9929 86.3953 85.5041 84.9594 84.3158 83.9602 87.5224 86.8518 85.9567 85.398 84.9852 84.6112 87.9746 87.1586 86.7663 85.9724 85.3426 85.1143 
86.0095 85.5109 85.4193 84.7525 84.3267 84.3511 87.1745 86.5131 86.2118 85.829 84.9667 84.6658 88.4906 88.0876 87.6095 86.9565 86.4014 85.909 89.6925 89.4949 88.9475 88.4319 87.6968 87.2577 90.6816 90.4085 89.9091 89.4631 89.0565 88.4783 91.2039 90.5816 90.5732 90.0337 89.4628 89.0788 
91.6511 90.8035 90.8936 91.109 90.8887 91.1477 92.5171 91.8144 91.724 92.0242 91.8032 91.501 93.5079 93.2862 93.341 93.3384 93.2771 92.9278 94.6396 94.8217 95.0881 94.9888 95.0577 94.8064 95.5156 96.0055 96.5265 96.5181 96.5244 95.9789 96.6745 96.8442 97.4586 97.7658 97.3884 96.0965 
96.7526 96.3428 96.0051 95.8865 95.7516 95.7709 97.0684 96.8917 96.5567 96.2856 95.8026 95.9866 97.3819 97.1274 97.3062 97.2728 96.7558 96.7646 97.6268 97.5299 97.6171 97.875 97.7926 97.6585 98.191 98.0856 98.0378 98.1637 98.4239 98.2214 98.7059 98.5061 98.684 98.576 98.4742 98.1721 
98.9227 99.0543 99.1117 99.2399 99.4203 99.2888 99.13 99.2975 99.3279 99.4153 99.308 99.3582 99.2952 99.2895 99.538 100.109 99.934 99.8606 99.4708 99.2697 99.2903 99.9518 99.9205 100.086 99.3241 99.1022 99.3185 99.556 99.511 99.8381 99.4721 99.3786 99.0684 99.3186 99.118 99.3042 
102.012 101.994 101.82 101.57 101.299 101.112 102.243 102.158 101.875 101.657 101.166 100.854 102.2 101.838 101.683 101.838 101.278 100.887 102.02 101.538 101.305 101.22 101.06 100.775 101.724 101.437 101.134 100.675 100.401 100.459 101.704 101.177 100.59 100.358 99.8587 100.017 
106.141 105.213 104.135 102.998 102.016 101.26 105.799 105.045 103.723 102.414 101.576 100.779 105.362 104.582 103.358 102.164 101.109 100.411 105.029 104.341 103.196 101.493 100.275 100.056 104.468 103.765 102.509 101.289 100.212 99.8389 104.094 103.196 102.054 100.942 100.354 99.6512 
46.2368 42.496 41.1417 37.5356 34.4443 32.3894 45.3523 39.8528 37.4144 35.8895 32.5625 29.792 41.7726 38.3701 34.5175 32.6737 30.7654 27.5334 39.1398 34.4244 32.9021 29.8629 27.8037 26.4757 36.9023 33.0973 30.9186 29.6992 26.5523 24.1848 35.3099 31.5479 29.5488 26.9956 25.3425 22.528 
40.986 38.2159 35.9336 33.4326 30.9724 29.4965 41.1268 37.6929 35.5076 33.6291 31.2555 29.1621 39.7177 37.3044 34.7571 33.1285 31.1698 28.7359 40.3505 35.9015 34.3848 32.1752 30.5365 28.8691 39.0016 36.6715 34.0387 32.7979 30.8054 28.9259 38.8902 36.1175 34.8941 31.8743 30.1796 28.4418 
53.7085 52.5563 51.0616 49.2801 47.5002 46.5369 53.2579 51.7831 50.8588 49.4248 47.4043 46.3649 52.2542 51.4936 49.8127 48.5764 47.7703 46.9761 52.2734 50.6634 49.183 48.1482 48.3922 47.3695 51.9601 50.9472 49.0708 48.8021 48.9319 46.9443 51.7431 50.1801 49.4961 48.6571 48.1611 46.7917 
58.7617 58.4903 57.8653 57.0106 55.8307 55.479 57.9591 57.6982 57.5234 56.8126 55.6983 55.5613 57.6258 57.633 57.2592 56.5716 56.5245 56.784 57.2755 57.4 56.5988 56.4755 57.6101 57.0462 57.2725 57.1883 56.436 56.8829 58.0315 56.9755 57.3301 56.7204 56.7044 57.2917 57.4929 56.6196 
60.1973 60.3353 59.6276 58.8611 58.0679 58.1174 59.7912 60.0427 59.6867 58.8673 57.9206 58.1783 59.5463 59.894 59.0435 58.5333 58.65 59.1066 59.4056 59.4928 58.5209 58.6061 59.6957 59.6397 59.6649 59.3759 58.6025 58.974 60.1816 59.5605 59.5087 58.9942 58.9122 59.2874 59.6735 59.3847 
66.5723 67.4403 67.8 67.8501 68.028 68.8742 67.3893 68.5576 68.9697 68.3009 68.9124 69.6818 69.1325 69.9464 69.3867 69.5053 69.7024 70.5803 69.6338 70.3596 70.3621 70.9104 71.0989 71.259 70.6906 71.0197 71.3476 71.5537 71.1886 71.5947 71.2011 71.3427 71.3711 71.3179 71.8601 71.6135 
69.382 72.0125 73.5935 75.3776 76.4868 77.8971 70.9852 73.3118 75.271 76.1714 78.0054 79.295 72.6204 74.4615 75.9371 78.0391 79.3422 80.7911 73.7225 75.3678 77.1816 79.0521 80.1252 81.22 74.5021 76.1588 77.6559 79.095 79.8239 81.0344 74.4424 76.2107 77.3088 78.3828 79.9014 80.663 
73.9384 77.1264 79.1521 81.7577 83.7859 85.5362 75.4158 78.0606 80.6982 82.663 85.0732 86.8788 76.6314 79.0117 81.4956 84.0165 86.0025 87.987 78.3309 80.0962 82.4665 84.5182 86.3735 87.8259 78.956 80.814 82.5339 84.5556 86.0102 87.3317 78.6713 80.8784 82.1713 83.6807 85.3607 86.7072 
80.5335 82.1206 83.1868 84.5579 85.4594 86.4053 81.3174 82.4679 83.8629 84.9489 86.0577 87.0316 81.9163 83.0358 84.4377 85.9645 86.85 87.8554 82.888 83.7462 85.0995 86.2653 87.2712 87.9807 83.4282 84.0854 84.9839 86.2924 87.149 87.9186 83.3719 84.2752 85.1544 86.04 86.7393 87.4844 
86.7016 87.0283 86.6737 87.3732 86.9482 87.4428 86.7305 87.4012 87.1866 86.9746 87.8092 87.9805 86.755 87.2761 86.8665 87.4447 87.95 88.3631 87.6443 87.8455 88.1572 88.6725 88.9952 89.6373 87.6656 87.9558 88.0423 88.1913 89.6172 90.199 87.6277 87.8305 88.0805 88.1475 88.4693 88.46 
89.1319 88.6995 88.4014 88.2041 88.1603 88.2835 89.3612 88.9937 88.7118 88.8108 88.7035 88.6155 90.0141 89.8272 89.6135 89.5193 89.3176 89.3477 90.8854 90.8068 90.5927 90.3226 90.1007 90.0061 91.503 91.5078 91.2217 91.1133 90.9363 90.6522 92.1579 92.0124 92.0053 92.0344 91.7543 91.1051 
92.9807 92.4039 92.0885 92.3987 92.434 92.9812 93.5373 92.8929 92.5753 92.9872 92.9655 93.1859 94.4544 94.3371 94.3094 94.0349 94.0869 94.0111 95.6667 95.8776 96.0764 95.6401 95.6843 95.3773 96.6392 96.9144 97.2828 97.3422 97.4383 96.6297 97.4678 97.4992 98.5143 98.839 98.4922 96.838 
98.6732 98.0754 97.2527 97.1772 97.6289 97.5364 98.6142 97.5439 97.1392 97.0402 97.3513 97.7323 99.6051 98.718 97.9135 97.711 98.3435 98.7949 100.224 99.5347 99.1323 99.2282 99.8657 100.207 101.129 100.656 100.526 100.828 101.703 101.514 102.439 102.19 102.238 102.798 102.634 102.2 
101.164 101.045 100.672 100.756 100.86 100.99 101.43 101.339 100.9 100.811 100.698 101.183 101.705 101.402 101.197 101.326 101.285 101.356 101.651 101.387 101.329 101.637 101.907 101.954 102.077 101.723 101.719 101.853 102.275 102.479 102.477 102.145 102.122 102.019 102.195 102.338 
104.418 104.254 103.943 103.897 103.768 103.747 104.601 104.302 104.041 103.91 103.829 103.778 104.52 104.413 104.05 104.116 103.911 103.688 104.566 104.574 104.298 104.004 103.97 103.833 104.557 104.612 104.406 104.06 104.11 104.045 104.775 104.657 104.231 103.893 103.865 103.849 
108.349 107.548 107.492 104.948 104.724 106.275 108.715 107.568 108.133 105.117 104.771 105.338 107.925 108.01 107.503 107.242 105.349 106.331 106.391 106.93 106.651 105.812 105.936 105.416 106.631 106.815 106.177 105.07 104.612 104.933 105.572 105.286 106.328 105.22 104.88 105.56 
55.859 55.174 56.2434 53.9908 52.9729 53.0393 52.5646 49.9254 48.9693 49.4079 47.9554 47.8099 47.7106 47.1386 44.0979 43.3853 43.901 43.0591 40.7686 41.819 41.032 39.0295 38.6867 39.8685 38.5112 36.5673 37.2249 36.8109 34.8822 35.0668 35.1177 34.4471 32.3521 33.1014 33.1052 31.7767 
55.0955 52.3479 50.5117 47.9002 44.9652 42.9832 54.8441 51.1795 49.3607 47.2576 44.5956 42.0391 52.8674 50.2204 47.8425 45.9566 43.954 41.4573 52.7242 48.2821 47.147 44.9414 43.0459 41.374 51.3115 48.6288 46.1993 45.1666 42.8012 40.5454 51.0354 47.7761 46.59 43.803 42.1589 39.9834 
60.6177 60.0538 60.1933 59.8473 58.5847 58.1595 60.2422 59.4001 59.6171 59.3561 58.9621 58.564 60.5189 59.8471 60.4746 60.0947 59.7463 59.4879 59.8396 59.8751 60.1029 60.0086 60.1511 59.2902 59.4789 59.7968 59.7619 60.1384 59.9048 59.5416 60.0366 59.8981 59.7448 60.1529 60.1679 59.1105 
60.7658 60.3489 59.7911 58.914 57.6486 57.3198 59.9514 59.4946 59.3876 58.69 57.5113 57.366 59.6145 59.4999 59.0985 58.3971 58.3235 58.5793 59.1792 59.2461 58.4167 58.2909 59.4568 58.856 59.1631 59.0077 58.2298 58.6504 59.8181 58.7141 59.1157 58.4732 58.3432 58.9045 59.185 58.2902 
64.8418 64.6167 65.0713 64.9587 64.1375 64.2318 64.7382 64.3845 65.0211 64.7863 64.751 64.8458 65.4791 65.334 66.1631 65.7296 65.5463 65.8758 65.5939 65.9214 66.3812 66.2162 66.7771 66.1097 65.8585 66.141 66.3709 66.772 66.8553 66.3365 66.5648 66.3262 66.3171 66.6918 66.799 65.798 
72.5063 72.6152 72.6364 72.7292 72.779 73.7114 72.5746 72.5955 72.735 72.5785 73.3796 73.7526 73.2823 72.7737 72.4958 73.2165 73.4705 73.643 73.5354 73.0096 72.881 73.9893 74.1871 74.5116 74.8124 74.2703 74.4329 74.8749 74.9051 75.184 75.5471 75.5731 75.5026 75.6726 75.5937 75.7715 
75.8094 76.4293 76.9865 77.3043 77.703 78.6547 76.0094 76.9704 77.846 77.3283 77.9165 78.999 76.9467 77.856 78.1966 77.377 77.4809 79.3765 77.8698 78.3696 78.8337 78.351 79.1069 79.5629 78.7516 78.7802 79.0705 79.1383 79.0577 78.8434 78.9376 78.7831 78.6284 78.1289 78.2675 78.2255 
78.4465 80.7385 82.4696 84.6853 86.0125 87.1853 79.2623 81.1306 83.2343 84.9891 86.7176 88.032 80.0526 81.5878 83.8168 86.0253 87.4984 88.945 81.2425 82.533 84.5319 86.1598 87.6009 88.6798 81.6626 82.8831 84.3167 85.9166 87.0387 88.0337 81.3985 82.8031 83.9388 85.067 86.3044 87.3511 
88.1696 89.8121 89.2917 91.2608 91.1136 91.6788 86.7903 89.6103 89.6176 90.69 91.8843 92.2009 87.428 88.8191 89.0754 90.4029 91.3439 92.1484 88.4458 89.4113 90.0511 90.9678 91.8889 93.0922 88.2875 89.0305 89.7217 90.2987 92.6436 93.426 88.2981 89.0393 89.7733 90.3908 91.1688 92.0099 
88.2783 88.8024 88.533 89.5254 89.1537 89.8224 87.8822 88.9051 88.8132 88.8297 89.9606 90.276 87.5936 88.396 88.2012 89.1809 89.944 90.4452 88.382 88.8344 89.3245 90.1221 90.801 91.6817 88.4516 88.9043 89.1114 89.456 91.2897 92.2045 88.455 88.9137 89.1774 89.4294 90.0098 90.1843 
89.3279 89.7297 89.2455 90.1419 89.8244 90.4171 89.1617 90.112 89.885 89.8 90.8955 91.057 89.3367 90.0031 89.7161 90.3766 91.0332 91.4573 90.4443 90.7813 91.2021 91.7692 92.1457 92.7772 90.506 91.0985 91.2989 91.3965 92.8677 93.3851 90.5422 91.0476 91.2953 91.4693 91.851 91.6801 
95.9711 95.5448 94.9579 94.9071 95.5341 95.7372 96.233 95.6938 95.4709 95.4001 95.8186 96.2437 97.8372 97.2785 96.7393 96.6275 97.0242 97.5489 99.4067 98.8566 98.3233 98.3427 98.7207 98.9784 100.351 100.2 99.8506 100.023 100.476 100.037 101.634 101.432 101.463 101.959 101.578 101.019 
100.075 99.645 98.2786 97.6786 98.2393 98.1529 100.248 99.1435 98.4533 97.6895 97.8584 98.6333 101.788 100.65 99.6704 98.9233 99.1886 100.121 102.9 101.76 101.118 101.234 101.751 102.035 104.58 103.392 102.8 103.165 104.352 103.979 106.237 105.592 105.606 106.001 105.909 105.895 
103.556 103.172 102.525 102.135 102.595 102.425 103.891 102.959 102.624 102.06 102.267 102.828 104.94 104.225 103.484 103.073 103.281 103.773 105.73 104.918 104.396 104.481 104.803 105.096 106.703 105.834 105.431 105.638 106.283 106.266 107.897 107.488 107.004 107.19 107.138 107.36 
108.474 107.803 107.91 105.487 105.689 107.522 109.018 107.92 108.714 105.853 105.779 106.725 108.403 108.639 108.523 108.348 106.743 107.988 107.117 107.814 107.723 107.332 107.731 107.253 107.696 107.944 107.486 106.563 106.385 106.754 106.958 106.676 107.821 106.796 106.75 107.522 
109.361 108.492 108.465 105.941 105.878 107.521 109.767 108.596 109.247 106.128 105.863 106.584 108.951 109.134 108.765 108.455 106.507 107.662 107.393 108.009 107.85 107.156 107.332 106.819 107.811 108.062 107.509 106.514 106.138 106.415 106.879 106.733 107.827 106.678 106.472 107.138 
67.2427 67.9325 67.9232 67.0969 66.9362 66.8632 62.0108 62.0609 62.9431 62.3839 62.2866 62.5206 57.6864 58.584 58.311 58.3826 58.6177 58.7697 54.0592 54.8573 55.6163 55.0795 55.3851 55.6669 51.3338 51.3098 51.6284 52.0932 51.6238 52.3008 49.2807 48.9973 48.9956 49.0103 49.211 49.2748 
62.9122 63.3831 62.9939 62.6361 62.1044 61.9471 62.1814 62.3335 61.9523 61.2649 61.0798 61.0905 61.0585 60.9562 60.4472 60.1668 60.1018 60.3319 60.0841 59.8598 59.4367 59.343 59.3165 59.3729 59.4378 59.1857 58.4666 58.68 58.4185 58.6771 59.3663 58.9504 58.2681 58.2201 58.5427 58.3071 
64.9744 64.9974 64.9951 65.0725 64.858 64.5905 64.6081 64.4766 64.6355 64.424 64.3566 64.1701 64.2101 64.065 63.9458 63.8352 63.9551 63.9689 63.7794 63.4959 63.4005 63.5343 63.6466 63.6776 63.5678 63.4311 63.1938 63.4803 63.3531 63.4272 63.6482 63.6258 63.3825 63.4445 63.6201 63.5272 
65.8114 65.4137 65.7948 65.7269 64.8083 64.4342 65.4608 64.8452 65.2575 65.3381 65.1074 64.8176 65.5352 65.1927 65.939 65.8348 65.6933 65.5653 64.9857 65.0519 65.4798 65.6246 65.9468 65.3051 64.6565 64.9106 65.0791 65.5889 65.6725 65.3313 64.9405 64.9678 64.9332 65.5298 65.6698 64.8128 
72.952 72.7917 72.8048 72.8549 72.8074 73.4579 72.6564 72.3816 72.4615 72.5584 73.0981 73.1866 72.5767 72.073 72.1158 72.6549 72.8213 72.7826 72.6376 72.0158 72.0696 72.8537 73.0009 73.3104 73.395 72.8132 72.9071 73.3734 73.6299 73.8144 73.8703 73.9456 73.9027 74.1371 73.9869 74.3252 
75.6337 75.6605 75.8197 76.0502 76.2889 77.1068 75.2067 75.1447 75.481 75.6336 76.4364 76.77 75.2938 74.9466 75.1501 75.6755 75.9653 76.3412 75.6432 75.2404 75.3895 76.1815 76.58 76.9877 76.8433 76.398 76.6168 77.1375 77.503 77.5511 77.7128 77.8783 77.8727 77.9907 77.8296 78.1746 
80.4621 80.3746 80.2832 80.3595 80.4401 80.9692 79.9465 79.6825 79.6839 79.641 80.38 80.6187 79.9556 79.2417 79.1916 79.5687 79.8947 80.1362 79.9117 79.144 79.1168 79.7862 80.0612 80.619 80.6663 80.0527 80.175 80.6318 80.8084 81.0194 81.2799 81.1678 81.2615 81.5372 81.2143 81.5708 
90.1129 92.1827 91.8019 93.6227 93.9291 93.7059 87.7204 91.2043 91.4498 93.5189 93.6214 93.8671 89.4107 90.5075 91.4862 92.4593 92.8514 93.7259 90.1549 91.1987 91.342 91.7175 92.3084 93.3846 90.1148 90.5131 91.1543 91.8293 93.1325 93.164 90.5304 91.0976 91.9002 92.4768 92.9354 94.3802 
91.9705 94.4376 93.8953 96.0635 96.3006 96.119 89.0747 93.2386 93.4262 96.0508 96.2052 96.4627 90.9732 92.3438 93.5476 94.9757 95.3862 96.3552 91.9087 93.0553 93.4088 94.1071 94.9216 96.1513 91.9839 92.3321 93.3367 94.3533 95.8424 95.9068 92.3015 92.9429 94.0765 95.0697 95.5579 97.2052 
90.2865 91.9025 91.2674 93.2299 92.9344 93.4452 88.7525 91.5545 91.5349 92.5526 93.6932 93.8971 89.3725 90.726 91.0273 92.1921 93.0078 93.809 90.4068 91.4033 92.0014 92.8462 93.6995 94.9013 90.3059 91.0927 91.7195 92.1986 94.5842 95.2613 90.23 91.0517 91.7654 92.3197 93.1926 94.0025 
97.1588 97.194 97.3647 97.5472 97.9776 98.3315 97.5375 98.0235 98.3402 98.3723 98.6756 99.039 98.6473 98.8449 99.1584 99.4382 99.5029 99.8431 99.7493 99.8148 99.9411 100.367 100.518 100.767 100.314 100.725 100.795 101.052 101.252 101.202 100.788 101.098 101.193 101.566 101.825 101.427 
99.8229 99.4034 99.5194 99.9039 100.547 101.151 101.674 102.026 102.067 101.937 102.26 102.656 104.204 104.231 104.39 104.51 104.226 104.539 106.599 106.648 106.428 106.875 106.64 106.631 108.318 108.711 108.575 108.501 108.432 108.234 109.194 109.479 109.597 109.622 109.605 109.441 
103.579 103.039 101.943 101.436 102 101.936 104.255 103.504 103.126 102.278 102.452 103.044 106.446 105.52 104.801 104.337 104.319 104.973 108.4 107.326 106.65 106.693 106.642 106.96 109.858 109.362 108.686 108.645 109.034 108.589 111.115 111.03 110.633 111.027 110.639 110.515 
111.027 111.651 110.392 108.969 108.887 108.236 111.784 112.954 112.405 110.793 110.148 109.359 112.229 112.775 113.444 111.245 110.652 110.385 113.079 113.582 113.532 111.787 111.529 111.651 113.98 114.044 113.585 112.533 111.868 111.55 114.802 114.636 113.605 112.727 112.155 112.287 
110.781 110.451 109.931 109.527 109.69 109.629 110.742 110.493 110.355 109.768 109.874 109.848 110.411 110.577 110.88 110.193 110.233 110.395 110.759 111.076 111.001 110.711 110.599 110.528 111.53 111.668 111.305 110.831 110.783 110.483 111.986 111.939 111.21 110.827 111.247 110.84 
111.061 110.507 110.75 107.971 107.682 109.277 111.428 110.633 111.77 108.675 108.223 108.515 110.739 110.819 111.203 110.14 108.796 110.116 109.233 109.717 109.619 108.528 109.434 109.069 109.788 109.944 109.123 108.245 107.912 108.641 108.775 108.218 109.732 108.761 108.327 109.467 
72.9985 74.0265 73.4402 72.9087 73.3741 73.398 67.8639 68.6897 69.4129 68.8672 69.3191 69.7087 63.9006 64.8966 65.1641 65.1823 65.3389 65.8981 60.3951 61.0776 61.5862 61.3505 62.1161 62.2228 57.0124 57.8401 57.8516 58.1005 58.3894 59.1816 55.0202 55.2461 55.3453 54.9942 55.4568 56.3361 
71.1472 71.7646 71.5941 71.5115 71.7244 71.7899 68.1976 68.7356 69.3508 69.1284 69.4275 69.7027 66.0092 66.6259 66.8481 66.9007 67.2939 67.6829 64.2519 64.5448 64.9979 65.0707 65.4685 65.6853 62.7416 62.8818 62.8625 63.1964 63.4226 64.0401 61.974 61.9244 61.8262 61.7126 62.1463 62.663 
70.4275 70.4659 70.6653 70.8693 70.8429 70.6057 69.953 69.9361 70.0251 70.1175 70.1981 70.1667 69.3288 69.3021 69.1697 69.1495 69.3388 69.5483 68.672 68.4075 68.1796 68.3946 68.7025 68.8186 68.2964 67.993 67.6583 67.8504 68.1335 68.235 68.0803 68.0697 67.5426 67.555 67.9801 68.0949 
73.7395 73.3767 73.4256 73.5614 74.1627 75.1273 72.6936 73.0809 72.9692 72.2526 72.8444 74.3355 72.1747 71.791 72.1679 71.4279 72.286 73.7256 72.5802 71.4018 71.396 71.1224 71.6753 72.5514 72.6972 71.5953 71.1974 71.4857 71.3391 71.8067 72.545 71.7994 70.8354 71.1193 70.635 71.6704 
76.7094 76.6486 76.8206 77.0074 76.9647 76.8817 76.1827 76.3476 76.3588 76.6401 76.7355 76.7168 75.6994 75.7225 75.8557 76.1095 76.1842 76.2284 75.2321 75.1105 75.3194 75.5471 75.6803 75.6384 74.9373 74.7098 74.8446 74.9448 75.1345 75.0185 74.602 74.58 74.4098 74.4546 74.5989 74.7423 
81.744 81.6752 81.4985 81.5371 81.6226 81.9944 81.0169 80.9116 80.735 80.7434 81.3571 81.4879 80.6496 80.1102 80.0075 80.3145 80.4105 80.6314 80.1721 79.5133 79.4275 80.0584 80.0914 80.5394 80.3854 79.7972 79.9395 80.2505 80.2928 80.5662 80.6029 80.5379 80.5731 80.6758 80.3345 80.8549 
89.7767 89.3924 89.2825 89.6119 89.849 89.4477 89.0755 88.7742 88.6934 88.4232 88.8165 89.1341 88.8286 88.1624 87.9829 87.4488 87.7573 88.6278 88.2941 87.9397 87.7318 87.4983 87.4766 87.9641 88.0351 87.6147 87.461 87.5871 87.5 87.5894 88.0519 87.3903 87.2918 87.3436 87.0884 87.4169 
96.3158 96.3221 96.5972 96.9029 97.2864 97.1509 95.7379 95.5322 95.7178 95.8771 96.6636 97.3337 95.8902 95.1259 94.909 95.3032 95.9792 96.8433 95.8454 94.8651 95.0668 95.388 95.6391 96.241 95.5706 94.9477 95.3625 95.9906 95.7137 95.9583 95.2512 94.7374 95.0412 95.7453 95.3951 95.511 
95.9336 97.8885 97.4989 99.3762 99.7832 99.8657 93.7189 96.8915 97.0947 99.2699 99.6152 100.055 95.1826 96.238 97.1987 98.3989 98.8849 99.8909 95.8787 96.7781 97.2237 97.9035 98.6761 99.6719 96.1241 96.5123 97.4413 98.2269 99.4471 99.4792 96.376 96.9984 98.0381 98.958 99.3928 100.58 
103.802 104.334 104.766 105.437 106.112 106.76 103.399 103.385 103.772 104.792 106.22 107.239 103.794 103.431 103.763 104.957 106.112 107.266 104.333 103.914 104.823 105.752 106.92 107.27 104.826 104.908 106.143 107.068 107.645 107.785 104.702 105.124 106.118 107.47 107.876 107.784 
111.854 112.482 112.167 111.851 111.908 112.496 111.47 111.639 111.763 111.711 111.708 111.659 112.54 112.876 112.992 113.204 112.972 112.43 113.406 114.087 113.992 114.489 115.294 114.21 114.983 115.451 115.856 116.028 116.967 116.578 116.105 116.97 117.198 117.428 119.177 119.485 
109.511 109.004 108.908 108.959 109.534 110.005 110.988 111.056 110.928 110.564 110.807 111.341 113.233 113.112 113.053 113.077 112.827 113.194 115.049 114.99 115.004 115.16 115.099 115.179 116.369 116.667 116.73 116.859 116.82 116.615 116.995 117.307 117.48 117.679 117.938 117.66 
118.782 116.865 115.121 113.472 113.165 112.728 119.895 118.937 117.697 115.613 115.066 114.091 121.005 119.334 118.838 117.349 116.617 116.156 122.764 121.742 120.761 119.269 118.536 118.036 123.266 123.394 122.894 120.705 119.46 118.581 125.099 124.526 123.737 121.476 118.889 119.105 
115.013 115.159 113.509 112.105 111.762 110.752 115.852 116.826 115.944 114.106 113.156 111.85 116.213 116.65 116.848 114.675 113.731 113.079 116.706 117.09 116.85 114.776 114.34 114.313 117.398 117.551 116.942 115.763 114.685 114.124 117.86 117.857 117.023 115.983 114.878 114.714 
115.601 114.841 113.985 114.392 114.258 112.283 116.376 115.742 115.566 114.664 114.051 112.976 115.546 116.084 116.021 114.572 114.026 113.91 116.681 116.778 116.173 114.31 114.383 114.344 117.773 116.649 115.646 115.464 115.184 115.24 117.599 115.843 116.011 116.198 116.395 116.358 
113.7 113.822 113.878 112.994 111.833 111.223 113.932 114.128 114.698 113.905 112.975 111.55 113.581 113.312 114.206 111.892 112.391 112.498 113.17 112.885 112.657 110.819 111.896 112.101 113.51 113.057 112.188 111.851 111.497 112.404 113.466 112.481 112.858 112.574 111.689 112.671 
81.0194 82.2802 82.1333 81.7943 81.8123 81.4888 75.7956 77.4682 78.361 77.6012 77.5988 78.301 72.3957 73.2511 74.1405 74.3139 74.354 74.7191 69.1364 69.8891 70.3396 70.9326 71.0515 71.1197 66.2743 66.6992 66.7709 67.5566 67.7634 68.639 63.6341 64.2167 64.2748 64.4194 64.9236 65.8686 
79.5615 80.506 81.1009 80.9003 80.6885 80.6502 78.7442 79.4906 79.6478 79.6389 79.5349 79.5213 77.424 77.7099 77.8565 77.7706 77.889 78.1695 75.859 76.0676 76.0888 76.311 76.2359 76.4344 74.5989 74.7808 74.572 74.623 75.0418 75.3875 73.8547 73.9467 73.7485 73.5535 74.0359 74.6798 
79.8477 79.7507 79.7947 79.8293 80.3881 81.5089 78.6095 79.2586 79.1459 78.1819 78.817 80.2839 77.7536 77.4676 77.6904 76.6898 77.6803 79.2292 77.3986 76.7018 76.4682 75.9388 76.4045 77.4849 77.905 76.8416 75.8989 76.0231 75.9295 76.5813 77.7017 76.8461 75.6103 75.6319 75.0117 76.2108 
79.4213 79.2547 79.4735 79.418 80.0774 81.4182 77.9862 78.7258 78.5499 77.711 78.4471 80.3735 77.2682 76.9378 77.4284 76.6981 77.6926 79.5109 77.5717 76.4251 76.4622 76.1107 76.8795 77.9992 77.7302 76.5683 76.1246 76.4005 76.31 76.8942 77.3115 76.5002 75.3965 75.7499 75.2065 76.4851 
85.5225 85.5791 85.7427 85.7546 86.598 88.0201 83.7165 84.6545 84.5031 83.6802 84.7543 86.6109 82.9142 82.6973 83.3352 82.6396 83.5953 85.451 82.8135 81.8523 82.1027 81.6722 82.325 83.4224 82.484 81.4841 81.1869 81.4272 81.0799 81.9332 81.8166 80.9253 80.0484 80.3686 79.6951 81.1696 
105.887 106.758 107.051 106.721 106.419 106.267 103.302 103.5 104.343 104.386 104.077 104.21 101.815 102.848 102.745 102.625 103.87 103.977 101.439 102.168 101.223 100.617 101.997 102.666 98.541 99.9468 101.097 99.6438 99.4307 100.163 98.4329 100.23 100.796 99.6281 100.014 101.127 
103.542 103.347 103.286 103.366 103.573 103.279 102.527 102.398 102.354 102.012 102.438 102.614 102.158 101.548 101.438 100.751 100.844 101.543 101.015 100.603 100.344 100.114 100.056 100.493 100.114 99.5412 99.3261 99.5464 99.4931 99.851 99.587 98.6983 98.6082 98.851 98.6365 99.1009 
107.457 107.659 108.05 108.645 108.923 109.063 107.292 107.367 107.885 108.294 108.684 109.039 107.163 107.131 107.353 107.728 108.35 108.86 106.906 107.174 107.362 107.745 108.205 108.288 107.064 107.229 107.395 107.781 108.025 108.133 107.083 107.299 107.508 107.76 107.921 108.15 
110.724 111.205 111.895 112.489 113.133 113.724 110.743 111.061 111.407 112.432 113.645 114.308 111.305 111.142 111.309 112.564 113.695 114.459 111.685 111.174 111.899 113.094 113.949 114.356 111.758 111.648 112.764 113.831 114.12 114.493 111.835 112.114 112.845 114.001 114.023 113.99 
116.92 116.789 116.784 118.873 119.691 121.459 118.827 118.451 117.815 119.995 119.67 121.018 119.412 120.14 119.773 120.457 119.615 121.118 119.305 120.3 120.356 120.911 121.373 121.702 119.935 120.914 120.972 121.816 122.009 121.803 119.393 120.103 121.592 122.1 122.232 122.13 
118.675 119.541 119.503 119.039 118.501 118.724 118.57 119.187 119.429 118.882 118.401 118.223 119.732 120.315 120.117 120.348 119.892 119.159 120.879 121.151 121.033 121.481 122.02 121.097 121.993 122.155 122.53 122.81 123.697 123.229 123.287 124.008 123.824 124.23 125.764 125.913 
127.005 126.849 125.646 125.971 125.345 124.432 127.887 128.657 128.282 128.235 126.817 125.609 130.145 130.847 128.772 128.481 128.097 126.428 133.913 133.794 130.834 129.71 129.769 128.635 134.155 132.666 132.658 129.753 128.492 127.543 129.891 129.953 132.445 128.695 129.134 128.158 
127.015 124.154 122.1 120.264 119.502 119.069 127.883 125.354 123.76 121.636 120.664 119.67 128.747 125.931 124.648 123.225 122.135 121.361 130.23 128.434 127.102 125.467 124.062 122.932 130.377 130.305 129.185 126.476 124.87 123.546 131.806 130.867 129.733 127.02 123.95 123.72 
120.199 118.184 116.445 116.532 116.378 114.074 121.229 119.502 118.379 116.696 115.893 114.759 120.561 120.266 119.118 117.886 116.477 115.988 122.35 121.793 120.629 118.718 117.758 117.277 123.182 122.011 120.931 119.818 118.927 118.306 123.466 121.6 121.174 120.375 119.733 119.289 
118.973 117.484 116.253 116.747 116.642 114.504 119.769 118.073 117.375 116.542 115.809 114.509 118.475 118.638 117.727 117.094 115.9 115.326 119.514 119.345 118.271 116.623 116.127 115.894 120.76 118.978 117.827 117.064 116.847 116.61 120.037 117.93 117.925 117.984 118.199 117.352 
116.406 115.547 114.981 115.606 115.371 113.259 117.226 116.266 116.277 115.562 114.65 113.608 116.002 116.55 116.473 115.146 114.463 114.211 116.831 116.852 116.337 114.516 114.563 114.469 117.768 116.32 115.396 115.409 115.084 115.349 117.309 115.331 115.736 116.103 116.233 116.296 
89.5665 94.5599 95.5294 95.7159 95.427 94.3067 86.9553 90.0649 93.2977 92.3628 91.9334 92.5991 84.7283 85.4313 87.2801 89.8878 90.241 90.3465 81.8057 83.2145 82.8088 84.708 85.1096 85.1184 79.5421 80.1862 80.5852 82.1019 82.9711 82.9232 76.3281 77.8906 78.0021 79.6426 80.6059 81.0046 
91.372 92.5763 93.0087 93.2532 93.2822 93.4498 90.3455 91.7556 92.295 92.4589 92.3657 92.7433 88.8169 89.7496 90.0591 90.2042 90.7347 91.1259 85.7795 88.0373 88.1408 88.3926 88.363 88.8068 86.6109 86.8525 86.2263 86.4108 87.1971 87.6364 85.1666 85.6948 85.3528 85.4879 85.7896 86.4909 
92.8691 93.4194 93.653 93.7347 93.5408 93.6152 92.4758 92.9228 93.1404 93.1889 93.1553 93.0601 91.2718 91.8501 91.486 91.3369 91.6359 91.8222 88.8506 90.2603 90.1275 89.7338 89.8444 89.9788 89.4001 89.509 88.6673 88.378 88.7702 89.009 88.4923 88.6463 88.4066 87.9025 87.8829 88.4327 
103.507 103.836 103.365 102.88 103.499 105.582 103.416 103.906 102.778 102.133 103.694 105.334 102.754 102.575 102.057 101.384 102.632 103.618 102.024 101.735 101.822 101.375 101.645 102.386 101.583 101.726 101.66 100.605 100.135 101.502 101.982 101.63 101.241 100.609 99.6196 100.501 
113.577 114.254 114.531 114.222 113.694 113.292 111.295 111.41 112.198 111.664 111.143 111.326 109.654 110.539 110.384 110.109 111.462 111.363 109.718 110.549 109.487 108.719 109.973 110.711 107.026 108.497 109.684 108.039 107.791 108.553 107.049 108.801 109.428 108.204 108.677 109.807 
122.621 121.247 121.214 121.978 122.145 121.298 121.217 119.307 119.508 119.248 119.167 119.376 120.418 118.909 118.632 117.523 116.78 116.697 119.531 118.901 116.708 117.011 119.958 120.096 118.542 118.085 116.204 114.708 116.991 117.807 117.658 117.929 117.538 117.452 117.145 117.45 
119.68 120.307 120.482 119.987 119.425 119.158 117.869 117.952 118.815 118.398 117.731 117.861 117.094 117.89 117.749 117.309 118.505 118.492 117.566 118.137 117.021 116.174 117.286 118.175 115.506 116.723 117.636 116.057 115.786 116.393 115.836 117.51 117.932 116.69 116.965 117.984 
121.344 121.257 121.576 121.555 121.884 122.063 121.166 121.205 121.5 121.796 122.26 122.152 121.51 121.426 121.804 122.025 122.214 122.355 121.664 121.719 121.896 122.235 122.371 122.363 121.507 121.58 121.712 122.084 122.255 122.336 121.548 121.548 121.663 122.098 122.204 122.263 
122.396 121.944 122.062 123.893 124.867 126.298 124.047 123.595 123.056 125.157 125.265 126.388 124.474 125.029 124.667 125.346 124.9 126.544 124.382 125.045 125.245 125.644 125.895 126.582 124.49 125.133 125.258 126.147 126.04 125.978 123.805 123.942 125.277 125.989 125.65 125.391 
124.387 123.66 123.826 126.178 127.254 128.849 126.523 125.975 125.195 127.728 127.77 128.986 127.235 127.961 127.495 128.231 127.519 129.281 127.205 128.251 128.279 128.718 128.773 129.53 127.304 128.209 128.371 129.533 129.083 128.855 126.477 126.84 128.361 129.169 128.563 128.199 
128.521 128.141 127.202 129.039 128.973 129.075 130.101 130.837 129.994 131.237 129.759 129.686 132.125 133.475 131.113 131.061 130.575 129.971 134.827 135.574 132.915 131.967 132.051 131.315 134.741 133.945 134.082 131.938 130.854 130.055 129.453 130.282 133.453 130.749 131.229 130.005 
131.54 131.43 129.921 130.407 129.657 128.591 132.643 133.354 132.634 132.793 131.176 129.841 134.585 135.52 133.164 132.442 131.978 130.131 138.017 138.154 135.025 133.425 133.069 131.969 138.311 136.684 136.382 133.302 131.464 130.399 133.412 133.186 135.792 131.841 131.821 130.388 
131.523 130.828 129.028 129.162 128.071 126.832 132.422 132.8 131.938 131.601 129.603 128.005 134.27 134.781 132.129 131.171 130.529 128.604 138.2 137.806 134.168 132.332 131.997 130.793 138.224 136.494 135.971 132.173 130.317 129.114 133.374 132.963 135.402 130.827 130.523 129.217 
132.073 127.884 124.793 121.573 119.523 118.238 132.241 129.314 124.744 122.533 120.434 117.387 131.37 128.688 126.348 122.486 120.262 118.351 131.164 128.797 125.616 120.663 119.612 118.589 131.601 128.948 125.655 121.701 118.814 117.799 130.357 127.182 125.61 123.049 118.805 117.076 
122.479 120.52 118.856 118.647 118.233 115.753 123.036 120.687 119.351 118.346 117.25 115.453 121.205 120.751 119.311 118.671 117.066 116.115 122.108 121.233 119.408 117.405 116.907 116.568 123.156 120.511 118.709 117.369 117.23 116.924 121.721 118.778 118.579 118.298 118.289 117.223 
130.832 129.702 128.288 123.971 122.888 122.419 129.933 128.198 127.039 126.23 122.846 118.25 127.414 125.716 124.86 124.616 121.229 117.752 121.86 120.356 118.362 114.632 114.674 114.69 121.179 116.208 114.477 111.897 111.91 112.061 115.501 112.913 112.321 111.239 109.716 108.735 
86.9468 98.4485 101.392 104.015 109.811 112.103 85.1411 94.3933 100.087 101.937 107.469 111.335 83.8272 91.2568 94.8153 100.536 106.751 109.685 82.2905 90.4602 92.3355 96.2383 102.415 105.384 81.3996 88.1216 90.987 94.4642 101.115 104.389 78.9538 86.9661 88.4288 92.4307 99.5183 102.844 
102.584 105.087 106.356 108.854 110.447 112.004 102.493 103.031 106.682 108.77 110.338 111.549 102.004 102.972 104.092 107.91 109.866 111.018 100.679 101.754 103.545 104.886 106.639 108.072 99.8683 101.044 102.602 104.008 105.692 107.075 99.343 100.505 101.907 103.405 105.138 106.077 
110.225 110.735 110.578 110.677 111.232 112.876 110.556 110.939 110.316 110.699 112.212 113.169 109.918 110.298 109.802 109.949 111.234 111.714 108.543 109.194 109.628 109.7 110.075 110.634 107.984 108.739 109.172 108.419 108.529 109.822 108.251 108.435 108.839 108.421 108.087 108.708 
116.908 117.431 117.212 117.206 117.821 119.468 117.151 117.499 116.569 116.685 118.305 119.399 116.59 116.666 116.191 116.24 117.469 117.816 115.762 115.901 116.252 116.441 116.818 117.112 114.403 115.298 116.104 115.201 115.031 116.368 114.781 115.04 115.784 115.179 114.732 115.421 
124.581 122.99 122.674 123.516 123.997 123.701 124.54 122.653 121.885 121.769 122.423 122.861 124.096 122.118 121.568 120.532 119.492 119.462 122.919 121.983 120.38 120.855 123.257 123.071 122.691 121.876 119.72 118.359 120.562 121.523 121.881 121.292 120.754 121.004 120.316 120.209 
127.809 126.314 125.567 125.96 126.306 124.534 126.485 124.634 124.49 123.367 123.851 122.786 125.917 124.066 122.493 121.115 121.959 121.445 125.152 123.953 121.898 122.795 125.736 125.236 125.121 123.966 121.52 120.149 122.224 122.726 124.784 124.891 122.481 122.041 122.335 123.373 
127.48 125.622 125.517 126.456 126.69 125.776 127.23 125.292 125.071 124.788 124.837 124.803 126.989 124.97 124.803 123.707 122.324 122.077 126.148 125.106 123.403 124.008 126.3 125.987 126.503 125.277 122.711 121.853 124.234 124.722 125.574 124.932 124.171 124.653 124.093 123.885 
131.704 132.161 132.112 131.705 132.341 131.571 132.307 131.925 131.666 132.354 132.407 132.162 132.783 131.648 131.536 132.281 132.379 132.08 131.672 130.939 131.453 131.671 131.601 131.347 130.729 131.695 133.488 131.605 131.279 131.142 132.384 133.493 133.336 133.421 130.998 131.243 
131.495 131.549 131.564 131.518 131.98 132.158 131.54 131.973 131.793 132.245 132.647 132.37 132.017 132.193 132.337 132.599 132.593 132.703 132.51 132.593 133.069 133.444 133.448 133.406 133.005 133.359 133.799 133.942 133.824 133.843 133.093 133.453 134.162 133.877 133.758 133.948 
131.067 130.089 129.878 132.025 132.805 134.379 133.263 132.384 131.407 133.565 133.039 134.358 133.787 134.457 133.675 134.14 132.963 134.624 133.848 134.739 134.657 134.705 134.55 135.046 134.308 135.11 134.852 135.515 134.857 134.453 133.281 133.483 135.003 135.408 134.462 134.013 
141.838 140.542 139.305 139.762 139.796 138.747 143.46 141.04 139.712 141.044 140.643 141.183 143.678 143.151 141.944 141.928 141.301 141.704 144.198 144.556 144.154 143.65 143.139 142.841 145.94 145.849 145.319 144.844 144.679 144.148 147.059 147.551 147.069 145.991 145.522 145.684 
135.159 134.742 133.34 133.61 132.798 131.691 136.079 136.946 135.953 135.844 134.26 132.838 137.972 139.013 136.632 135.517 135.084 133.437 141.468 141.607 138.609 136.865 136.507 135.434 142.108 140.357 140.447 137.366 135.594 134.269 137.481 137.429 140.057 136.556 136.477 134.745 
145.7 141.896 138.054 134.861 132.567 130.796 147.129 143.841 138.957 136.196 133.468 131.237 147.386 144.549 141.353 136.524 134.12 131.335 147.364 145.429 142.481 137.026 134.564 131.873 147.617 145.91 142.8 139.355 134.375 131.927 147.403 144.949 142.288 138.845 133.74 131.384 
151.238 145.523 140.789 136.027 132.154 129.7 150.969 147.254 140.015 135.083 131.272 128.791 150.074 146.612 141.325 134.192 130.622 128.117 149.205 145.623 140.528 133.338 129.747 127.357 147.966 144.7 139.544 134.817 129.008 126.535 144.174 140.689 135.853 131.196 125.831 123.657 
152.978 149.059 146.25 140.666 138.77 137.871 151.926 149.383 144.857 142.989 139.081 133.668 149.472 146.804 144.899 141.653 137.392 133.634 143.68 141.302 138.082 131.06 130.78 130.219 142.825 137.139 134.119 130.338 127.919 127.435 110.067 106.536 105.146 103.021 98.8343 97.3839 
172.023 172.453 170.914 167.144 167.815 168.381 165.443 164.686 164.792 162.922 160.713 157.739 154.313 152.641 152.025 151.3 147.749 145.325 132.409 129.623 129.952 127.147 126.78 126.069 119.289 113.527 113.249 113.651 113.183 113.574 92.3184 87.9086 87.0645 87.1494 87.4767 87.7743 
76.7278 102.466 108.366 116.04 137.044 146.372 76.7033 97.075 109.291 116.893 137.674 147.143 77.0444 96.8741 102.923 116.974 137.51 146.276 76.9025 97.6842 104.079 112.478 134.141 143.744 77.3316 96.9937 104.964 111.698 132.878 144.552 78.513 98.117 103.743 111.223 131.555 142.587 
108.743 113.732 120.984 126.37 133.942 137.849 107.933 113.272 118.066 126.979 133.855 138.102 107.773 110.95 117.675 123.818 133.229 138.34 106.593 111.386 118.647 123.894 131.154 138.5 106.993 112.012 117.144 122.961 131.014 136.5 107.631 111.469 114.464 119.674 128.901 135.883 
122.083 122.257 123.385 125.218 127.71 132.93 120.418 122.383 123.739 124.296 127.492 132.212 119.405 121.936 123.407 124.438 127.834 131.74 120.389 121.097 122.764 124.513 127.385 131.083 120.872 120.74 121.849 123.831 126.46 130.395 120.379 119.992 121.474 123.282 127.817 132.044 
121.448 121.924 121.974 122.016 122.894 124.516 121.66 122.162 121.456 122.051 123.739 124.644 121.194 121.455 121.222 121.496 122.69 123.246 120.282 120.545 121.056 121.377 122.092 122.584 119.251 120.105 121.041 120.332 120.493 121.879 119.762 120.084 120.714 120.489 120.343 120.996 
131.134 131.297 130.206 129.314 129.568 127.685 129.659 129.936 129.658 127.881 128.89 126.58 128.909 128.747 126.205 125.474 129.079 128.36 128.404 127.877 127.469 128.099 128.971 128.089 128.322 127.566 127.179 126.47 126.162 126.209 128.903 129.435 126.006 124.693 126.234 128.389 
130.066 128.339 127.488 127.95 128.415 126.565 129.165 127.265 126.882 125.811 126.393 125.232 128.714 126.638 125.027 123.709 124.203 123.639 127.696 126.347 124.411 125.371 128.095 127.362 128.15 126.562 123.8 122.71 124.86 125.231 127.619 127.233 124.639 124.566 124.786 125.585 
133.885 134.141 132.804 131.661 132.049 129.729 132.907 132.764 132.359 130.819 131.623 129.251 132.636 131.864 129.234 128.844 132.242 131.279 131.722 130.776 130.472 131.277 131.832 130.793 131.611 131.36 131.585 130.073 129.313 128.995 133.251 134.405 130.791 129.491 129.57 131.558 
136.263 136.595 136.077 135.854 136.557 135.667 136.907 136.334 135.777 136.569 136.526 135.974 137.134 135.848 135.462 136.127 136.014 135.493 135.733 135.021 135.169 135.484 135.324 134.902 134.899 136.078 137.801 135.872 135.252 135.042 136.498 137.965 137.89 137.696 134.854 135.119 
138.264 138.714 138.274 137.637 138.43 137.682 138.905 138.519 138.018 138.479 138.381 138.141 139.368 138.133 137.685 138.224 137.999 137.657 138.274 137.403 137.676 137.83 137.569 137.337 137.823 138.83 140.447 138.321 137.857 137.683 139.373 140.703 140.533 140.077 137.383 137.749 
144.858 144.373 143.272 143.608 143.724 142.408 146.203 144.569 143.556 144.97 144.287 144.322 146.175 145.85 145.061 144.991 144.239 144.487 146.67 147.008 146.843 146.267 145.851 145.912 148.637 148.667 148.025 147.426 147.591 147.248 149.303 150.182 149.957 148.32 148.24 149.056 
151.432 150.327 148.621 148.341 148.435 147.022 152.779 150.585 148.984 149.752 148.727 149.329 152.646 152.278 151.099 150.09 149.072 149.726 153.35 153.944 153.516 152.212 151.41 151.465 155.966 155.461 154.901 154.056 154.357 153.754 156.905 157.648 156.93 155.905 155.701 155.766 
154.795 153.162 151.3 150.002 149.446 147.007 156.717 154.207 151.689 152.413 150.912 150.525 156.896 156.046 154.569 152.629 151.491 151.534 157.88 157.829 157.424 155.226 153.689 153.411 161.229 159.979 159.575 157.84 157.237 155.827 162.676 163.217 162.04 160.613 159.537 158.868 
158.029 154.729 152.988 147.624 146.673 144.579 158.694 157.884 154.332 150.756 148.871 146.189 160.254 159.122 157.32 151.405 150.346 148.505 162.188 160.317 160.255 155.419 152.935 151.514 166.436 162.537 164.045 160.747 158.207 154.014 167.149 166.623 165.144 164.819 162.628 158.999 
177.989 174.828 170.909 165.824 165.174 162.296 210.597 207.496 204.533 202.779 199.022 193.352 212.936 208.283 207.532 201.977 199.38 194.407 212.4 209.763 207.054 201.272 198.356 194.382 209.762 209.065 206.079 202.996 197.632 195.934 157.25 155.712 153.98 151.403 146.388 144.813 
247.984 247.602 247.095 246.372 245.884 245.821 247.794 247.147 245.881 246.08 245.471 245.271 245.615 246.722 246.29 245.998 245.55 245.045 244.543 243.942 245.072 245.036 244.647 244.658 242.779 242.239 242.074 243.169 243.2 243.359 10.0822 9.4336 9.06141 9.0004 10.3872 10.5032 
220.667 221.826 220.977 216.917 215.823 213.316 218.319 219.485 218.578 216.544 212.904 207.531 213.786 215.348 214.918 212.848 208.164 202.617 201.884 202.102 202.128 198.277 196.06 192.261 195.127 193.66 192.699 191.696 189.676 186.485 90.8262 90.4613 89.48 88.259 86.9725 84.082 
105.045 114.489 123.638 130.99 143.141 150.106 104.506 113.339 120.551 131.772 142.919 150.628 104.52 110.903 119.25 127.987 142.527 151.072 103.238 111.628 120.342 127.254 139.9 151.517 104.215 112.198 119.377 126.29 139.55 149.6 104.374 111.802 116.123 123.153 137.407 148.603 
118.444 120.929 127.926 132.904 139.071 144.229 117.129 120.65 125.237 133.001 138.565 144.068 116.527 118.135 124.613 130.097 138.585 144.638 116.218 118.506 125.411 130.536 136.683 144.924 117.288 119.296 123.449 129.118 136.218 142.722 117.659 118.234 120.867 125.801 135.234 143.393 
121.936 123.242 129.086 132.999 138.171 142.342 120.576 123.195 126.655 133.055 137.752 142.127 119.961 120.905 126.232 130.576 137.619 142.453 119.679 121.147 126.885 131.054 136.017 142.723 120.349 121.765 124.934 129.824 135.509 140.735 121.016 120.964 122.849 126.796 134.77 141.39 
131.554 131.849 132.737 133.668 135.542 139.439 129.929 131.705 132.75 132.744 135.03 138.549 128.83 130.88 132.156 132.698 135.24 138.27 129.689 130.357 131.484 132.592 134.724 137.589 130.338 130.03 130.55 131.825 133.819 136.873 129.968 129.239 130.044 131.324 135.041 138.443 
134.9 134.982 135.21 135.348 135.625 135.227 134.563 134.86 135.019 135.202 135.276 134.954 134.332 134.626 134.485 134.576 134.428 134.395 133.493 133.864 133.4 133.126 133.576 133.839 132.744 132.471 132.099 132.002 132.42 132.748 132.205 131.804 131.473 131.729 132.066 132.277 
135.292 135.311 134.082 133.069 133.075 130.93 133.865 134.027 133.787 131.792 132.512 130.15 133.43 133.315 130.528 129.764 133.045 132.246 132.961 132.362 131.612 132.188 132.929 132.053 133.03 132.115 131.316 130.623 130.217 130.065 133.827 134.147 130.382 128.955 130.413 132.475 
139.351 138.963 138.656 138.554 138.188 137.57 139.202 139.052 138.785 138.188 137.961 137.582 138.866 138.929 138.439 137.989 137.539 137.296 138.547 138.574 137.591 137.145 136.966 136.924 138.25 138.049 137.318 136.725 136.482 136.458 138.218 137.781 137.243 136.954 136.504 136.827 
141.275 141.298 140.704 140.17 140.558 139.739 141.712 140.89 140.166 140.463 140.269 140.118 141.818 140.553 139.897 140.316 139.976 139.588 140.361 139.563 139.213 139.163 138.899 138.517 139.233 139.954 141.3 139.093 138.374 138.163 140.785 141.683 140.94 140.579 138 138.194 
150.362 150.157 148.949 148.082 147.657 147.355 150.363 150.163 149.142 148.393 147.556 146.936 150.379 149.781 148.68 147.833 146.673 146.288 150.48 149.79 148.713 147.775 146.993 146.597 150.715 150.417 149.552 148.468 147.456 146.916 150.264 150.171 149.723 147.971 147.063 147.118 
162.583 162.888 161.104 160.527 160.98 161.166 163.099 162.593 161.768 160.741 159.845 160.264 163.365 163.417 162.79 161.367 159.735 159.869 164.14 163.309 162.346 162.7 161.665 161.568 165.569 163.416 163.258 163.727 162.734 162.086 165.125 164.793 164.302 163.984 161.724 160.269 
163.422 163.148 161.202 160.609 159.975 157.888 164.85 162.812 161.082 161.501 159.847 159.84 164.323 163.875 162.699 161.581 159.814 159.915 164.595 164.928 164.229 163.013 161.724 161.202 165.984 165.694 165.11 164.217 163.906 162.917 166.603 167.201 166.709 165.465 164.681 164.546 
176.765 176.62 176.054 173.596 171.762 170.093 176.754 176.953 176.576 175.252 173.262 171.735 179.078 179.357 179.296 177 175.105 174.312 180.515 180.819 180.075 177.631 175.174 175.403 181.56 179.995 179.402 178.687 177.797 176.027 180.095 179.559 179.364 179.312 178.47 177.478 
180.272 180.524 180.031 177.457 176.28 173.94 195.676 195.322 195.342 194.427 191.808 189.394 197.234 196.595 196.731 194.79 193.296 191.268 198.415 197.927 197.568 195.351 193.701 192.162 197.984 198.237 197.439 195.802 194.408 193.661 197.18 197.216 197.061 195.953 194.573 193.758 
169.194 169.119 167.55 163.544 165.365 163.647 219.297 216.123 217.694 219.788 218.018 211.293 223.343 219.102 220.553 218.781 218.874 214.135 223.279 223.277 221.584 219.146 217.914 214.697 221.184 222.464 220.991 220.684 218.281 216.736 219.59 220.495 221.291 220.643 218.362 217.458 
199.409 200.67 198.974 195.449 196.383 192.199 233.907 233.186 234.012 234.308 231.725 224.386 236.737 233.874 235.43 233.285 231.597 225.216 236.419 236.055 235.421 233.184 230.277 225.481 233.963 236.038 235.03 233.515 230.059 227.001 181.346 182.607 182.769 181.551 179.008 175.644 
232.122 239.871 234.594 229.602 218.873 209.909 236.985 239.696 234.447 229.066 220.149 210.521 233.663 238.982 236.196 229.759 218.947 208.752 231.818 241.806 236.099 230.905 217.686 206.558 231.059 241.325 236.565 228.839 218.698 206.822 230.068 235.389 231.803 223.763 214.501 205.371 
134.479 128.462 136.966 145.706 160.056 182.576 134.372 125.942 137.216 146.657 161.098 182.679 133.664 123.995 134.847 146.688 162.171 184.48 132.706 124.737 133.968 145.241 161.939 183.985 133.52 125.408 134.334 143.331 161.273 183.933 133.714 124.006 133.63 142.463 158.061 183.128 
122.008 123.98 130.962 136.304 142.601 146.691 121.506 123.773 128.301 136.807 142.386 147.247 121.428 121.682 127.967 133.728 142.072 147.635 120.317 122.175 128.822 133.83 140.327 148.087 120.963 123.014 127.499 133.208 140.11 146.409 121.464 122.492 125.309 130.18 138.499 145.716 
134.746 135.065 136.061 137.183 138.919 143.201 133.358 135.135 136.536 136.505 138.913 143.094 132.643 134.716 136.31 137.021 139.82 143.123 134.077 134.576 136.039 137.581 139.978 142.98 134.726 134.506 135.293 137.13 139.497 142.651 134.646 134.107 135.091 136.686 140.669 144.129 
140.546 140.709 141.309 141.459 141.734 141.791 139.903 140.654 141.185 141.565 141.935 142.078 139.853 140.347 141.254 141.712 142.089 142.339 139.383 140.172 140.681 141.131 141.65 141.835 139.357 139.995 140.112 140.685 141.124 140.857 139.604 140.093 140.284 140.623 140.679 140.39 
140.806 141.082 141.871 142.116 142.023 141.513 140.646 141.366 142.011 141.948 141.957 141.498 140.57 141.008 141.498 141.531 141.636 141.267 140.071 140.586 140.471 140.642 140.762 140.655 139.366 139.458 139.277 139.606 139.864 139.884 138.931 138.741 138.608 138.79 139.063 139.185 
143.357 143.723 144.417 144.945 144.908 144.243 143.551 144.002 144.65 144.74 144.646 144.417 143.741 144.015 144.068 144.144 144.228 144.05 143.312 143.475 143.033 143.129 143.618 143.921 142.773 142.602 141.965 142.232 142.707 143.133 142.708 142.364 141.927 141.981 142.299 142.709 
148.014 147.877 148.008 148.163 148.13 147.561 147.793 147.812 147.966 147.931 147.903 147.38 147.406 147.549 147.499 147.192 146.986 146.811 147.095 147.155 146.478 146.072 146.233 146.631 146.689 146.279 145.723 145.482 145.671 146.138 146.491 146.133 145.374 145.22 145.525 145.87 
155.095 154.895 154.326 153.959 153.256 152.802 154.792 154.64 154.011 153.498 152.696 152.159 154.407 153.998 153.421 152.608 151.89 151.506 154.098 153.56 152.57 151.772 151.21 150.79 153.189 152.67 151.907 151.051 150.232 150.124 153.151 152.422 151.572 150.682 150.005 149.986 
166.192 166.48 165.132 164.243 164.087 164.163 166.402 166.065 165.148 164.064 163.178 163.083 166.307 165.968 165.367 164.249 162.877 162.526 166.755 165.663 164.374 164.268 163.401 162.854 167.229 165.108 164.473 164.067 162.766 162.131 167.008 166.095 164.957 163.928 161.783 160.81 
176.436 176.977 175.675 175.447 175.507 174.588 176.854 176.632 175.667 174.971 174.885 174.325 177.198 176.725 176.248 175.509 174.32 174.268 178.321 176.645 176.458 177.065 176.703 175.756 178.988 176.761 177.416 177.986 176.727 175.449 178.266 178.317 177.954 178.055 175.247 173.581 
178.849 179.666 178.308 177.549 177.48 176.885 179.317 179.109 178.395 177.956 176.745 176.596 180.309 180.546 180.552 179.29 177.216 177.423 181.83 180.899 180.496 180.999 179.565 179.303 182.833 180.187 180.759 181.921 181.003 179.335 181.832 180.95 181.191 181.856 179.352 177.578 
190.076 190.403 189.877 188.227 186.74 185.042 190.048 190.019 189.963 188.92 187.813 186.488 191.93 192.216 192.231 190.767 189.544 188.818 192.914 192.911 192.631 190.975 189.372 189.612 193.049 192.173 191.896 191.246 190.535 189.235 191.761 191.183 191.381 191.662 190.873 190.048 
199.477 199.732 199.238 197.816 196.945 195.846 199.655 199.47 199.258 198.885 198.747 197.54 202.714 202.207 202.109 201.621 201.194 200.42 204.42 203.364 202.609 201.336 200.439 200.775 203.872 202.354 201.566 201.005 200.793 199.751 201.539 200.795 200.902 200.823 200.771 200.424 
210.392 210.17 208.687 208.45 209.883 208.187 217.499 216.775 216.673 217.266 216.431 213.395 220.287 218.338 219.904 219.863 217.203 214.292 221.654 219.507 219.801 219.67 217.925 216.908 220.644 218.629 218.662 219.476 219.476 218.855 218.426 217.929 218.485 218.048 219.25 219.038 
225.347 226.603 226.856 227.466 226.844 222.21 229.708 230.092 228.657 227.585 225.764 222.705 231.391 232.12 228.596 226.146 226.219 222.535 233.698 233.391 231.172 229.946 228.234 222.012 232.079 232.3 232.174 230.841 223.174 219.688 231.904 231.941 230.697 229.772 225.075 217.463 
233.37 236.985 233.7 231.014 225.73 220.475 236.091 237.592 234.69 231.132 226.004 220.623 235.12 237.899 235.974 231.707 225.755 220.197 234.283 240.129 237.018 233.393 225.685 219.397 234.294 240.476 238.159 233.126 226.575 220.174 235.55 238.918 237.233 232.562 226.435 221.037 
146.144 133.96 141.986 150.62 163.512 184.54 145.804 132.535 142.726 151.653 164.855 184.547 145.317 130.471 141.368 151.943 166.04 186.673 144.398 131.626 140.084 149.994 166.051 186.231 145.676 132.59 140.803 149.319 165.589 186.515 145.896 131.395 140.152 148.748 163.518 185.849 
142.58 140.276 142.928 145.346 147.903 152.76 142.261 139.939 143.108 145.642 148.584 153.315 142.523 140.106 142.994 145.727 149.316 153.773 142.486 140.293 142.98 145.919 149.333 154.177 142.814 140.724 143.074 146.129 149.543 154.25 143.368 140.742 143.606 145.853 149.037 153.615 
142.777 142.741 143.181 143.445 143.477 143.83 142.158 142.818 143.33 143.731 144.159 144.566 142.176 142.699 143.43 143.98 144.346 145.082 142.107 142.701 143.207 143.963 144.603 144.984 142.138 142.718 143.154 143.815 144.483 144.21 142.666 143.411 143.737 143.928 144.169 143.89 
144.707 144.637 144.988 144.658 144.3 144.156 144.258 144.876 145.402 145.178 144.873 144.634 144.253 144.593 145.378 145.46 145.339 145.364 144.032 144.647 144.992 145.268 145.239 145.036 143.863 144.512 144.72 144.969 145.139 144.64 144.307 144.684 144.886 144.851 144.639 144.236 
150.367 150.103 149.391 148.933 148.318 148.861 149.394 150.288 150.769 150.669 149.301 149.401 148.722 149.278 150.712 151.268 150.001 149.56 148.593 149.702 149.416 149.91 150.148 149.898 149.594 150.132 148.895 148.924 150.501 150.058 149.24 149.853 149.572 149.318 150.187 149.753 
152.725 152.349 153.252 152.938 154.227 154.561 153.497 153.28 154.973 155.988 155.905 155.281 153.878 152.54 154.969 155.607 155.834 154.929 154.052 153.048 153.046 153.697 154.859 155.477 154.104 153.906 153.889 154.116 153.988 154.345 152.353 153.791 154.27 153.869 153.963 153.645 
155.914 156.134 157.213 158.147 158.576 157.9 155.686 156.311 157.548 158.107 158.206 158.032 155.476 155.788 156.958 157.183 157.329 157.555 154.994 155.456 156.015 155.943 156.63 157.414 154.854 155.132 155.619 155.745 156.593 157.298 155.163 155.446 156.149 156.413 156.802 157.404 
163.286 163.432 163.59 164.606 164.896 164.391 162.977 162.792 163.42 163.524 163.878 163.239 162.043 162.441 162.617 162.69 162.729 163.19 161.733 162.275 161.989 161.43 161.741 162.42 161.648 161.843 161.422 160.7 160.269 161.224 161.981 161.809 161.599 161.072 160.845 161.337 
176.2 176.136 176.404 176.811 176.408 174.477 175.518 176.243 175.715 175.847 176.296 175.038 175.814 175.152 174.793 175.24 175.077 174.687 176.798 175.291 175.466 174.998 175.435 174.293 176.672 175.689 175.4 174.76 174.417 174.024 176.144 176.585 175.613 175.229 173.72 173.471 
181.681 182.213 181.775 182.156 182.794 182.324 181.873 182.046 181.857 182.159 182.441 182.424 182.646 182.455 182.507 182.61 182.18 182.448 184.115 182.83 183.196 183.761 183.633 183.241 185.169 183.205 183.663 184.493 184.039 183.206 184.857 184.918 184.467 184.713 182.619 181.514 
189.768 189.521 190.064 190.223 190.151 188.445 189.216 189.232 189.208 189.828 190.061 189.197 189.684 189.301 189.741 190.184 189.779 190.002 191.506 189.604 191.164 191.126 191.662 190.716 191.917 190.747 191.772 191.953 192.144 191.315 192.18 192.001 191.516 192.431 191.458 190.287 
200.118 199.702 200.624 200.643 199.403 200.762 199.427 199.924 200.199 202.283 200.663 199.822 200.857 201.663 201.215 202.94 201.427 201.674 202.504 202.301 201.603 201.639 201.508 202.085 201.394 201.315 201.846 202.453 203.36 202.343 201.456 203.176 201.808 202.613 204.228 202.812 
210.981 211.153 210.369 210.461 211.238 210.651 211.473 211.244 210.845 211.315 211.531 210.307 212.941 212.188 212.595 213.093 212.567 211.363 213.708 212.535 212.811 212.84 212.89 212.618 213.217 212.51 212.447 212.782 213.648 213.578 212.546 212.078 212.325 212.598 213.956 213.874 
218.272 218.728 218.962 219.486 220.173 219.01 219.41 218.314 218.482 219.341 219.718 217.848 220.72 219.587 219.53 220.151 219.99 218.004 221.305 219.701 219.352 219.95 220.714 220.011 221.236 220.125 220.177 220.541 222.347 222.457 220.657 220.883 219.981 219.976 220.753 221.327 
221.574 222.744 226.619 228.398 229.359 226.397 221.863 224.079 228.401 228.361 228.759 226.615 224.816 228.818 230.037 226.628 225.764 227.152 228.993 230.572 230.249 228.425 226.706 227.283 227.523 227.419 228.477 228.05 227.322 228.084 229.06 228.761 227.343 226.086 225.901 225.566 
231.694 232.035 232.745 233.903 234.267 231.046 233.975 234.582 234.577 233.703 233.083 231.468 234.865 236.344 234.543 232.999 233.409 231.652 236.335 236.726 236.342 235.689 234.698 231.491 235.037 235.783 236.669 235.787 232.09 230.766 235.166 236.144 236.229 235.646 233.454 229.719 
147.702 141.247 144.541 148.356 152.627 162.751 148.115 141.186 145.98 150.398 155.49 164.366 148.262 140.84 145.797 150.062 156.836 165.476 147.777 141.489 145.92 150.63 156.626 165.752 149.198 142.858 146.282 150.311 156.635 165.704 149.083 141.887 146.328 150.3 156.297 165.395 
144.546 144.983 145.87 147.22 148.346 149.273 144.896 144.885 146.104 147.504 148.853 149.825 144.974 145.464 146.235 147.65 149.331 150.343 145.643 146.426 146.977 148.433 149.914 151.204 146.222 146.995 147.243 148.741 150.041 151.274 146.615 147.258 147.777 149.131 150.236 151.159 
146.335 145.701 145.249 146.677 147.008 147.702 146.037 145.904 146.268 146.223 148.126 147.379 146.052 146.552 147.194 146.947 147.388 147.517 146.431 146.609 146.85 147.419 148.114 148.602 146.788 147.281 147.085 147.536 147.83 148.244 147.429 147.893 148.203 148.532 147.585 147.951 
151.704 151.004 149.336 148.154 147.374 148.147 150.441 150.765 150.569 150.14 148.413 148.817 149.405 149.71 150.929 151.219 149.406 149.329 149.536 150.665 150.139 150.025 149.9 149.999 151.103 151.714 150.073 149.462 151.086 150.442 150.837 151.399 150.783 150.147 150.94 150.049 
155.148 154.288 154.093 152.564 153.175 154.438 155.347 155.065 156.254 156.515 155.55 155.406 155.24 153.678 156.792 157.139 156.487 155.447 156.07 155.051 154.784 155.112 155.361 155.86 157.135 156.777 155.505 155.253 155.303 155.101 155.144 156.438 156.229 155.274 155.383 154.743 
155.939 155.315 155.506 154.811 155.877 156.838 156.282 156.003 157.264 158.365 157.975 157.923 156.621 155.174 158.002 158.746 158.532 157.9 157.029 156.231 156.132 156.501 157.648 158.296 157.828 157.854 157.348 157.332 157.733 157.553 156.315 157.962 158.354 157.636 157.778 157.225 
158.77 158.251 159.27 158.996 160.379 161.037 159.436 158.751 160.565 161.562 161.761 161.667 159.472 158.138 160.692 161.34 161.517 161.486 159.852 159.168 159.196 159.295 160.48 161.825 160.031 160.466 160.584 160.38 159.969 160.637 158.72 160.457 161.39 160.716 160.504 160.263 
167.463 167.843 168.387 169.677 170.39 170.151 167.226 167.555 168.546 168.813 169.378 169.708 166.648 167.234 167.814 168.049 168.407 169.771 166.511 167.36 167.541 167.167 167.954 169.351 166.829 167.715 167.864 167.513 167.752 168.873 167.691 168.129 168.695 168.625 168.43 168.927 
179.484 179.928 180.081 180.415 181.014 181.123 179.837 179.756 180.292 180.544 180.699 181.747 180.252 180.062 180.426 180.107 180.415 181.687 180.239 180.344 180.015 178.94 179.336 180.801 180.411 180.231 179.333 179.02 179.384 180.049 181.305 181.725 181.478 180.345 180.376 180.282 
186.857 186.624 187.161 187.405 187.794 187.145 186.848 187.036 187.051 187.361 188.36 188.546 187.691 187.234 187.239 187.227 187.653 188.258 188.935 187.675 188.245 187.701 188.35 188.249 189.254 188.245 188.594 188.654 189.075 189.026 189.476 190.065 189.515 189.665 189.404 188.606 
194.385 193.577 195.235 195.28 194.602 196.724 194.115 194.251 195.142 196.762 195.29 195.796 195.216 195.931 195.454 196.581 195.467 196.448 196.434 196.63 196.193 196.063 195.969 196.884 195.707 196.013 196.866 197.755 198.422 197.874 196.722 198.91 197.469 197.803 199.392 197.574 
201.927 201.15 202.751 202.67 201.744 203.635 201.584 201.77 202.63 204.029 202.56 202.254 202.093 203.157 202.845 204.127 203.228 203.608 203.112 203.777 203.632 203.252 203.385 204.011 202.914 203.728 204.387 204.637 205.369 204.986 204.238 205.645 204.388 204.68 206.559 205.247 
209.9 209.655 210.925 210.761 209.842 210.877 209.506 209.841 210.181 211.914 210.539 209.642 209.936 210.877 209.825 211.748 210.866 210.679 210.866 211.111 210.183 210.551 210.937 211.574 210.123 211.141 211.297 211.567 212.703 213.039 210.668 212.623 211.341 211.737 213.323 212.763 
217.792 218.758 222.075 222.936 223.219 221.373 217.675 218.984 222.232 222.842 222.953 221.344 218.83 221.742 222.372 220.751 220.493 221.517 221.366 222.329 222.339 221.438 221.113 222.264 220.759 220.994 221.745 221.528 222.397 223.42 222.808 222.203 220.983 220.34 220.838 221.318 
219.956 222.839 231.072 234.131 234.912 230.844 219.371 223.464 231.419 232.357 233.699 231.013 223.112 229.849 231.968 227.867 227.97 230.514 228.894 231.606 232.163 229.919 228.298 230.246 227.586 228.118 229.935 229.379 229.511 232.029 231.081 231.765 228.508 226.77 226.559 227.325 
228.178 229.727 236.111 238.497 239.22 235.832 227.781 231.385 237.475 237.209 238.552 236.663 230.696 237.408 238.894 234.099 233.701 236.827 235.695 239.433 239.557 236.57 234.195 235.216 233.595 234.857 237.056 235.43 234.667 235.934 236.541 237.57 235.76 233.329 233.368 233.134 
87.183 87.3632 87.5863 88.2359 89.1354 89.6054 158.452 158.667 159.24 159.705 160.524 161.058 162.252 162.759 163.278 163.802 164.785 165.311 162.519 162.742 163.169 164.085 165.045 165.62 162.386 162.625 162.885 163.759 164.589 165.249 161.587 161.763 162.314 163.34 164.095 164.902 
147.769 146.915 146.012 148.737 149.467 150.469 147.508 147.169 147.264 147.844 151.342 149.856 147.5 147.973 148.737 148.768 150.095 149.818 147.806 147.984 148.251 149.439 150.922 151.652 148.742 149.288 148.382 149.254 149.839 151.041 149.136 149.445 149.678 151.046 149.917 150.68 
153.769 151.52 147.433 148.301 147.68 148.431 151.501 149.97 146.8 149.712 150.549 149.322 151.689 151.737 150.038 152.341 154.228 151.574 151.943 152.919 151.374 156.231 156.706 154.094 151.474 151.613 152.094 152.572 151.904 151.921 151.1 152.268 152.644 151.587 151.749 151.15 
156.468 155.947 154.232 152.949 151.595 152.147 156.058 155.308 153.397 151.788 152.641 152.158 156.003 155.422 153.606 152.836 152.677 152.632 155.934 155.28 154.977 154.751 151.999 151.696 156.678 155.075 153.803 154.589 152.402 150.447 157.185 155.247 153.585 153.96 152.701 151.207 
158.192 157.854 155.986 154.39 152.999 153.579 157.111 157.459 156.52 155.307 154.359 154.352 156.304 156.546 157.282 156.55 155.238 154.734 156.432 156.954 156.487 156.257 154.824 154.394 158.015 157.585 155.586 155.384 155.877 154.645 157.676 157.287 155.897 155.52 155.849 154.8 
157.814 157.373 157.678 156.335 156.989 157.518 158.748 158.3 158.758 159.059 159.278 158.786 159.308 157.83 159.995 159.522 159.649 158.774 159.687 158.273 158.436 158.642 158.22 158.377 159.879 159.284 158.773 159.08 157.707 157.112 158.4 159.396 159.077 158.576 157.966 157.122 
164.1 164.027 164.106 164.205 164.492 163.612 164.655 164.579 164.112 164.604 165.1 164.589 164.962 165.076 165.13 164.746 164.914 164.957 164.219 164.463 164.628 164.652 164.971 165.213 164.089 164.303 164.911 165.778 165.876 165.531 164.611 165.023 165.345 165.904 165.918 165.594 
171.986 172.481 172.883 173.229 173.594 173.34 172.379 172.324 173.025 173.059 173.139 173.417 172.457 172.45 172.849 172.943 173.371 174.08 171.931 172.237 172.556 172.633 173.216 174.159 171.879 172.692 172.344 172.812 173.153 173.634 172.647 173.082 172.99 172.949 172.873 173.466 
179.153 179.933 179.965 179.925 180.157 179.989 179.699 179.943 180.075 180.244 180.077 180.412 179.908 179.865 180.414 180.293 180.557 180.996 179.375 179.542 179.401 179.085 179.611 180.36 179.119 179.42 178.518 178.427 179.443 179.788 179.745 180.106 179.517 178.886 179.108 179.959 
188.611 188.714 188.602 189.036 189.473 189.834 189.096 189.006 189.073 189.353 189.479 190.554 190.378 189.823 189.579 189.151 189.511 190.52 189.84 189.876 189.06 188.347 189.001 190.051 189.398 189.533 188.419 188.829 189.575 189.946 190.057 190.562 190.289 189.984 190.611 190.091 
197.517 197.583 197.76 197.664 197.823 198.752 198.791 199.044 198.334 198.613 198.21 198.131 198.639 197.879 197.171 198.092 198.433 198.734 198.517 198.085 197.462 197.36 199.101 199.221 197.83 197.883 198.813 198.389 199.61 198.68 198.437 198.898 198.94 198.785 199.422 198.301 
208.74 210.161 210.892 208.236 209.661 207.053 210.702 211.557 210.796 208.642 205.988 205.443 211.324 211.305 207.967 207.177 205.882 209.684 207.938 209.698 209.235 209.962 206.649 209.49 203.962 203.241 209.58 206.31 202.063 200.567 206.46 208.887 208.546 203.077 200.43 197.48 
217.238 216.921 216.721 216.776 216.592 216.19 216.85 216.677 216.352 216.601 216.631 216.486 215.908 216.471 215.336 215.707 216.26 216.57 216.297 216.369 215.762 215.631 216.03 216.638 216.266 217.229 216.68 216.32 216.321 216.848 216.878 216.84 217.152 216.96 216.581 217.115 
226.253 226.266 226.219 226.376 226.209 225.233 225.703 225.431 224.973 225.66 225.667 225.35 224.817 224.835 223.877 224.697 225.171 225.378 224.558 224.005 224.078 224.974 225.726 226.548 225.008 225.512 225.261 225.691 226.77 227.756 225.404 225.643 225.665 225.786 225.629 226.886 
231.731 232.48 235.656 236.718 236.883 235.373 231.092 232.748 235.748 236.509 236.937 236.562 232.09 234.904 235.816 234.561 234.983 236.733 234.975 235.83 236.227 235.731 235.385 236.391 234.178 235.071 235.564 235.31 234.678 235.975 235.688 235.549 234.975 233.674 233.47 234.376 
250.264 250.319 250.928 251.255 251.325 251.166 248.62 249.833 250.826 251.103 250.404 251.48 249.873 251.016 251.181 251.205 251.326 251.459 249.436 251.219 251.527 250.496 250.602 251.514 250.126 251.42 250.545 250.276 250.589 251.46 250.966 251.388 250.822 250.145 250.414 251.116 
12.2422 11.5309 10.734 10.6136 11.3211 11.5238 177.321 177.433 177.2 176.223 176.067 175.924 183.533 184.657 184.422 183.205 182.969 182.867 183.854 183.51 183.469 183.441 183.299 182.895 183.227 182.946 183.102 182.751 182.765 182.355 181.417 181.47 181.789 181.656 181.631 182.352 
132.129 130.686 127.606 127.669 126.752 127.498 154.353 153.237 150.653 153.859 153.409 153.284 156.119 156.26 154.667 157.637 159.763 157.475 156.368 157.656 156.376 161.406 161.863 159.187 155.568 155.986 157.094 157.946 157.452 157.154 154.928 156.179 156.927 155.93 157.115 156.408 
155.836 153.321 148.059 148.817 147.948 149.118 153.486 150.962 147.19 150.756 151.259 149.901 153.765 153.129 149.126 153.241 154.933 151.872 153.909 154.76 152.072 156.84 157.478 154.868 152.811 152.769 153.798 154.735 153.863 152.719 152.399 153.363 154.492 153.682 154.181 151.901 
157.396 155.198 150.06 149.49 148.415 149.143 155.31 152.757 148.656 151.577 151.14 150.403 155.843 154.592 150.17 154.135 155.335 152.525 155.795 156.403 153.637 157.926 157.613 155.043 154.514 154.183 155.346 155.865 154.502 153.264 153.897 154.673 155.633 154.247 155.045 152.455 
159.641 159.216 157.637 155.822 153.911 154.764 159.384 158.603 156.579 154.528 155.363 155.076 159.466 158.584 156.54 155.742 155.761 155.242 159.432 158.527 158.305 157.791 154.848 154.027 159.979 157.814 156.981 157.505 155.234 153.101 160.407 158.013 156.494 156.625 155.823 154.062 
162.575 161.955 161.251 160.958 160.719 159.615 163.585 162.941 161.171 161.382 162.288 160.943 163.999 163.715 163.159 162.177 162.13 161.348 163.079 162.705 162.814 162.456 162.022 161.305 162.903 162.082 162.599 162.934 162.492 161.703 163.22 162.847 162.719 162.808 162.676 162.018 
167.931 167.487 167.775 167.336 166.974 166.63 168.712 168.363 168.326 167.903 167.602 167.416 169.059 168.866 169.142 168.768 168.481 168.106 168.851 168.697 168.908 169.167 169.524 169.552 168.519 168.34 169.126 169.67 170.099 170.332 169.041 169.184 169.503 170.175 170.262 169.976 
174.235 174.064 173.914 173.802 174.145 174.217 174.266 174.298 174.622 174.309 174.177 174.234 174.479 174.675 174.786 174.737 174.843 174.806 174.414 174.532 174.414 174.689 175.076 175.508 174.323 174.284 174.694 175.214 175.646 176.146 174.691 174.652 174.592 175.4 175.581 175.697 
181.59 181.906 182.226 182.668 182.926 182.436 181.622 182.034 182.737 183.087 182.701 182.652 182.599 182.537 183.258 183.364 183.422 183.809 182.275 182.221 182.296 182.244 182.653 183.163 181.821 182.063 181.031 181.833 182.75 182.98 182.274 182.477 182.049 181.986 182.464 183.262 
190.424 190.899 190.874 191.67 191.61 191.759 192.269 193.797 192.463 193.504 192.306 191.642 192.051 191.66 190.845 192.754 192.509 192.654 191.55 190.582 189.993 190.701 192.786 192.958 189.909 189.257 190.352 190.753 192.8 191.773 189.322 190.106 190.746 191.186 191.736 190.94 
204.962 206.951 207.179 204.813 206.612 203.387 207.975 209.383 207.79 205.338 202.834 202.116 208.382 207.62 204.355 203.545 202.63 206.15 204.238 205.214 204.949 206.062 203.71 206.135 200.012 198.533 205.224 202.193 198.555 196.486 201.871 203.796 204.182 198.823 195.849 192.804 
209.797 211.677 211.796 209.183 210.922 207.845 212.685 213.688 212.286 209.731 207.375 206.52 212.698 211.989 208.827 207.949 207.077 210.379 208.676 209.789 209.601 210.526 208.04 210.283 204.57 203.224 209.873 206.593 202.917 200.789 206.577 208.398 208.692 203.207 200.094 197.359 
216.165 217.95 217.753 214.959 216.891 213.274 218.365 219.274 217.628 214.727 212.937 212.566 218.441 218.366 214.798 213.178 212.646 216.042 214.542 216.041 215.426 216.06 213.118 215.472 210.525 209.657 215.225 212.072 207.836 206.551 212.366 213.994 214.479 208.89 205.639 203.529 
231.068 231.156 230.815 230.346 230.232 230.216 231.4 231.401 230.663 230.721 230.786 231.225 230.744 231.007 230.314 230.555 231.18 231.209 230.781 230.367 229.563 230.051 231.565 231.203 229.87 230.428 229.404 229.791 230.309 230.507 229.618 229.178 229.433 229.22 229.513 230.605 
246.507 246.7 246.91 246.892 246.787 246.633 245.952 246.657 246.854 247.235 246.456 247.599 246.815 247.095 247.083 247.529 247.832 247.875 246.589 247.124 247.096 246.889 247.911 247.801 246.52 247.741 246.471 246.319 246.684 247.571 246.8 246.745 246.501 246.007 246.038 247.35 
251.425 251.35 251.897 251.873 251.87 251.889 250.346 250.998 251.892 252.15 251.231 252.537 251.453 252.37 252.433 252.411 252.811 252.686 251.34 252.712 252.248 251.342 252.441 252.453 251.455 252.915 251.574 250.953 251.196 252.059 252.119 252.196 251.755 250.697 250.757 251.865 
