4849680
153.133 151.27 148.819 147.628 147.37 148.094 152.822 151.247 148.389 147.412 146.767 148.267 152.44 150.714 149.135 147.671 146.981 147.415 152.382 151.273 149.7 148.851 147.23 147.721 152.28 151.258 150.569 149.717 148.689 147.894 152.208 151.757 150.285 149.15 148.72 148.286 
152.146 152.152 151.192 149.669 149.186 149.541 152.177 151.797 150.967 150.304 149.584 149.608 152.587 151.883 151.118 150.364 149.814 149.657 152.844 152.297 151.308 150.711 150.206 150.439 152.737 152.133 151.303 151.054 150.825 150.896 152.597 152.426 151.566 151.192 151.35 151.51 
154.641 156.266 155.578 154.558 153.225 151.802 153.763 153.642 156.84 154.922 153.532 153.379 154.847 152.476 154.643 152.558 152.532 152.822 154.842 154.736 153.574 151.765 152.738 152.975 154.207 153.728 153.83 153.677 154.547 153.562 155.253 155.121 155.532 154.482 154.918 154.179 
161.503 161.918 160.749 159.392 159.094 158.636 159.931 159.665 159.893 159.478 158.161 157.724 159.7 158.305 158.935 159.005 157.561 155.885 160.883 159.85 158.246 157.603 156.92 156.709 160.192 159.238 157.66 156.626 156.672 156.846 160.01 158.729 157.849 156.762 157.072 155.522 
174.094 172.903 170.253 165.249 164.26 162.65 176.683 170.891 168.238 164.746 161.427 161.868 174.448 170.08 167.456 165.853 161.648 158.091 172.531 170.413 164.385 165.242 164.234 159.807 170.303 167.501 165.175 167.368 160.097 156.171 171.065 167.351 166.769 165.645 159.723 153.447 
178.214 177.352 175.108 168.996 167.734 166.085 182.063 176.189 173.104 167.977 163.975 165.433 179.379 175.839 172.391 169.509 164.403 161.745 176.566 175.258 169.186 169.712 168.102 163.736 174.625 172.311 169.73 171.54 163.458 159.663 175.083 172.134 171.186 169.814 163.336 157.787 
180.469 180.207 178.693 173.147 173.041 171.928 183.825 180.104 177.101 173.315 170.672 171.741 181.973 180.171 177.96 174.509 170.651 169.009 179.972 179.589 174.018 173.768 173.357 170.284 178.168 175.886 174.529 176.208 170.823 167.219 179.881 177.914 176.474 175.383 170.253 165.092 
184.349 185.837 183.728 182.421 180.181 178.94 186.202 183.759 182.985 184.065 181.879 183.37 188.261 186.355 184.596 182.434 181.892 184.205 186.885 185.418 183.33 183.62 180.954 183.677 184.632 184.486 181.867 183.494 180.373 181.723 182.966 183.889 181.978 182.634 181.451 181.839 
197.65 197.863 197.342 196.952 197.403 195.577 197.807 196.475 196.451 195.715 195.982 194.484 195.407 195.588 195.004 196.728 197.301 194.73 196.139 196.624 196.226 196.005 194.761 193.301 195.258 194.97 195.731 195.207 192.291 192.31 177.164 177.137 178.557 177.65 174.947 173.809 
216.889 216.96 219.938 218.933 220.843 219.754 216.187 219.207 223.531 220.81 217.622 218.392 217.203 221.242 225.804 225.929 221.875 221.824 219.102 219.831 221.889 222.539 217.01 219.295 216.073 217.721 217.626 210.353 208.306 210.767 166.204 166.379 167.531 160.62 155.477 164.28 
246.264 245.433 244.687 242.678 243.891 245.643 245.769 245.577 244.93 243.684 244.514 246.129 245.332 245.436 244.402 245.529 243.411 244.204 245.878 246.164 245.955 246.69 243.252 242.838 244.737 245.93 245.9 245.329 243.151 242.773 235.26 235.634 237.936 237.386 236.344 236.843 
239.668 239.253 246.863 250.532 249.886 246.816 246.87 243.357 249.976 250.85 249.934 250.393 247.902 244.834 247.408 247.047 248.997 249.892 245.585 244.733 248.222 244.817 247.62 246.781 244.676 247.204 247.251 241.292 243.787 247.249 241.25 245.553 247.398 244.054 243.096 247.382 
241.955 242.001 248.998 252.85 252.266 248.923 249.402 246.359 251.933 253.444 252.494 252.523 250.205 247.297 249.224 248.902 250.913 251.995 247.688 246.702 250.015 246.308 249.292 248.735 247.137 249.985 249.714 243.355 245.63 250.035 243.733 248.483 250.374 246.648 245.343 249.523 
149.446 149.76 149.116 147.704 147.095 147.2 149.441 149.106 149.094 148.716 147.907 147.178 150.401 149.498 149.261 148.832 147.973 146.896 149.942 149.286 148.935 148.268 147.503 146.675 149.133 148.436 147.903 147.71 147.281 146.977 148.952 148.434 147.655 147.14 146.979 146.93 
149.85 151.005 150.576 149.884 148.836 147.791 149.046 149.541 151.702 150.693 149.361 148.926 149.941 149.059 150.522 149.39 148.986 149.081 149.617 150.182 149.728 149 149.504 149.477 149.339 149.297 149.461 149.76 150.424 149.963 150.366 150.502 150.549 149.931 150.567 150.617 
152.251 153.878 153.743 153.079 152.209 151.001 151.562 151.828 155.059 153.782 152.721 152.285 152.372 150.989 153.204 151.862 151.956 152.19 152.137 152.696 152.175 151.364 152.237 152.728 151.727 151.792 152.121 152.512 153.626 153.566 152.606 153.036 153.676 153.15 153.99 153.785 
155.883 157.276 157.391 157.158 156.417 155.066 155.037 155.417 158.67 157.561 156.526 156.008 155.919 154.538 157.072 155.654 155.523 155.407 155.518 155.887 155.668 154.684 155.112 155.068 154.626 154.615 155.29 155.429 156.138 155.473 155.768 155.98 156.681 155.824 156.451 155.692 
163.513 163.352 162.931 162.727 162.435 162.099 162.578 162.626 162.845 162.733 161.984 161.593 162.73 162.185 162.63 162.629 161.924 161.023 162.999 162.715 162.364 162.341 161.556 161.401 162.458 162.384 162.097 161.81 161.47 161.467 162.656 162.403 162.225 161.573 161.594 161.002 
176.123 175.531 174.325 170.328 170.201 169.417 178.748 175.541 173.239 170.653 168.821 169.267 177.218 175.535 174.048 171.63 168.644 167.103 175.796 175.543 171.207 171.275 171.077 168.297 174.349 172.706 172.084 173.844 169.173 165.92 175.929 174.371 173.638 173.064 168.734 163.932 
179.683 180.333 180.007 178.607 178.92 178.868 179.725 180.424 180.01 179.805 179.181 179.365 180.51 181.185 181.654 179.283 178.551 179.416 181.179 181.309 179.653 178.518 178.381 179.343 180.205 179.844 179.458 179.272 179.834 179.582 181.361 181.861 180.161 179.746 179.663 178.912 
184.324 184.955 184.395 183.382 183.614 183.544 184.599 185.429 184.668 185.108 184.618 184.621 186.168 186.709 186.829 184.634 184.414 184.829 187.058 187.094 184.995 183.792 183.745 184.588 185.444 184.709 184.364 184.662 185.079 184.516 186.369 186.867 185.235 184.772 184.653 183.428 
193.964 194.205 193.396 193.228 192.941 190.97 194.776 193.192 193.595 195.611 194.266 194.563 197.045 195.673 195.777 195.711 195.068 196.654 197.405 196.027 194.966 196.33 192.517 194.952 194.503 194.431 193.066 193.147 189.52 190.918 192.438 192.911 192.226 191.11 187.927 189.884 
209.014 205.733 206.609 205.217 208.816 206.702 208.798 208.238 208.733 209.276 208.295 206.496 207.059 204.663 207.86 210.911 210.645 209.435 207.302 205.764 207.089 207.778 208.469 207.15 207.104 204.135 205.102 202.072 202.702 202.746 203.436 199.321 199.277 196.29 195.834 197.96 
227.011 224.886 229.106 227.429 228.295 229.387 227.661 225.764 230.94 227.927 227.056 229.94 228.338 228.125 230.72 230.463 229.136 230.265 228.965 229.972 231.457 231.956 229.983 229.191 226.196 226.277 228.427 228.569 229.307 225.333 225.161 225.085 226.711 225.894 227.506 229.52 
231.557 229.764 234.53 232.165 233.078 234.388 232.352 230.51 236.512 232.855 231.704 234.618 232.975 232.627 235.755 235.022 233.489 234.703 233.823 235.311 237.492 237.962 235.163 234.411 231.083 231.797 234.984 235.925 235.795 231.632 230.357 231.014 233.417 232.582 234.44 236.503 
238.722 238.394 246.035 249.764 249.016 245.831 245.998 242.74 249.143 250.142 249.167 249.401 247.191 244.189 246.553 246.125 248.194 249.223 244.857 243.945 247.393 243.956 246.969 246.271 244.047 246.618 246.609 240.648 243.293 246.94 240.685 245.201 247.042 243.53 242.708 247.043 
147.076 146.792 146.288 145.483 144.982 144.181 146.963 146.494 146.331 145.756 145.174 144.327 147.288 146.624 146.352 145.838 145.074 144.101 146.881 146.642 146.111 145.197 144.281 143.092 146.575 145.966 145.289 144.765 143.766 142.832 146.448 145.648 144.866 144.343 143.435 142.52 
144.33 145.642 146.305 145.633 144.599 144.321 144.26 144.644 145.231 145.3 144.311 143.571 144.575 145.098 144.456 144.233 144.374 144.487 145.428 146.21 145.134 144.795 145.286 145.13 146.297 146.159 145.519 144.819 144.811 145.072 145.637 145.644 144.996 144.523 144.59 144.618 
146.574 147.075 148.368 148.574 148.639 147.832 145.276 146.339 147.848 147.677 147.612 147.688 145.969 146.13 147.439 147.16 147.341 148.067 146.268 147.072 146.938 147.393 148.654 148.695 146.064 146.478 146.603 147.689 149.681 148.933 148.734 147.254 147.756 148.531 149.253 149.19 
150.316 150.315 151.641 152.813 153.923 154.395 151.053 151.577 151.877 152.294 153.416 153.966 150.596 151.03 151.245 152.767 153.8 155.022 149.515 150.588 151.662 153.428 153.687 154.482 150.073 150.087 150.603 152.885 153.707 153.912 150.419 151.599 152.24 153.25 152.696 153.552 
159.031 158.889 159.604 160.634 160.71 160.947 159.08 159.388 159.863 160.515 160.634 160.688 159.327 159.647 160.152 160.841 161.172 161.144 159.365 159.717 160.67 161.454 161.462 161.267 159.25 160.003 160.972 161.751 161.493 160.968 159.782 160.685 161.305 161.641 161.503 161.291 
166.21 166.783 168.062 167.387 167.336 165.661 166.069 167.878 168.479 167.292 168.245 166.827 167.381 167.15 167.471 165.679 166.993 168.643 167.952 166.343 167.738 167.009 169.486 168.842 166.721 167.069 167.966 167.959 168.829 167.925 167.321 167.612 167.549 168.704 168.801 168.142 
175.938 177.68 176.499 176.058 176.494 175.337 173.53 177.575 177.386 175.675 175.802 175.508 176.452 177.621 177.003 176.035 175.949 176.059 177.147 178.513 177.577 177.202 176.089 175.95 176.326 176.529 176.167 176.114 176.626 176.822 176.646 177.674 177.068 176.234 176.658 178.504 
185.878 186.148 185.192 185.451 185.14 184.772 186.642 185.237 185.327 186.597 186.603 186.638 188.079 186.533 186.345 185.908 186.303 187.282 188.13 187.186 186.856 187.2 185.997 186.944 186.996 186.68 186.185 187.727 186.605 186.432 186.6 186.738 186.153 187.307 186.552 186.251 
194.571 193.271 193.09 196.791 200.268 198.247 191.473 195.48 195.972 196.014 198.289 195.527 195.271 194.041 196.056 198.195 197.394 195.261 196.237 195.604 197.664 197.076 196.974 194.448 199.68 198.931 196.882 196.554 198.089 195.941 191.397 191.879 192.008 191.774 194.158 195.389 
207.442 205.115 205.08 203.778 206.524 205.135 207.565 206.693 206.212 206.85 206.758 205.072 206.355 203.299 205.185 207.624 208.581 207.56 205.837 203.946 204.658 205.393 207.721 206.373 205.987 203.166 203.681 202.792 204.857 204.348 207.044 202.928 202.654 201.865 203.51 203.921 
214.256 212.774 212.511 210.975 213.181 211.198 214.346 213.139 213.84 213.678 212.803 210.8 212.516 209.358 212.118 214.256 214.677 213.223 212.992 211.256 212.047 212.798 214.757 213.178 213.214 211.026 212.138 211.557 212.543 212.01 214.604 210.722 210.633 209.506 211.029 211.772 
227.351 226.096 230.138 228.007 228.212 228.74 228.062 226.421 231.562 227.929 226.44 228.974 228.395 228.118 230.698 229.746 228.303 229.461 229.3 230.596 232.114 232.403 230.482 229.625 226.928 227.291 229.855 230.924 231.292 227.2 226.284 226.302 228.283 227.989 229.963 231.671 
228.103 229.596 229.516 228.066 228.437 225.891 227.328 227.429 230.15 228.795 226.013 224.847 226.745 226.779 228.811 227.804 226.159 225.812 228.759 229.207 228.951 229.597 228.369 228.341 228.684 229.363 230.709 230.796 228.839 228.787 229.191 228.803 230.002 227.997 226.688 228.415 
142.542 143.664 143.978 142.879 141.527 141.176 142.595 142.583 142.607 142.132 141.072 140.219 142.781 143.001 141.698 140.96 140.932 140.683 143.545 143.85 142.119 141.11 141.093 140.432 143.992 143.562 142.529 141.08 140.301 139.89 142.968 142.569 141.588 140.459 139.7 139.253 
141.975 142.931 143.834 143.374 142.343 142.206 141.565 142.099 142.422 142.433 141.686 141.252 142.042 142.879 142.133 141.775 141.895 142.025 143.274 143.978 142.797 142.592 142.888 142.664 143.84 143.969 143.2 142.537 142.588 142.394 144.08 143.425 142.606 142.201 142.055 141.966 
141.772 142.982 144.669 144.874 144.125 144.399 141.932 142.603 143.333 143.783 143.545 143.474 142.093 142.954 142.399 143.09 144.02 144.973 142.98 143.937 143.12 143.763 144.863 145.264 143.878 143.62 143.098 143.387 144.51 144.556 143.672 143.424 142.941 143.263 143.371 143.76 
145.212 144.938 147.07 148.723 150.488 150.972 145.52 146.726 147.122 147.805 149.3 150.311 145.096 146.06 146.39 148.378 149.915 151.712 144.473 145.395 146.709 149.189 150.363 151.236 144.892 144.826 145.282 148.268 150.544 150.19 146.385 146.192 146.932 148.866 148.444 149.722 
152.149 152.581 154.764 155.467 156.496 155.529 152.677 154.766 155.49 155.013 156.751 156.449 153.345 153.556 153.708 154.154 156.55 158.858 152.724 152.109 154.085 155.536 158.104 158.427 152.343 152.323 153.143 155.496 157.648 156.943 153.061 153.881 154.297 156.236 156.014 156.804 
166.538 168.702 168.328 168.242 168.571 166.199 163.3 168.859 169.246 167.04 168.14 167.421 167.393 168.137 167.548 166.761 168.188 169.195 168.091 167.983 168.436 168.812 169.277 169.2 166.612 167.034 167.126 167.429 168.549 169.411 166.834 167.579 167.611 167.425 168.788 171.801 
171.936 174.084 173.336 173.071 173.629 171.039 168.558 173.956 174.327 171.792 173.073 172.192 172.693 173.462 172.646 171.54 172.922 174.114 173.508 173.427 173.577 173.709 173.76 173.647 171.927 172.324 172.15 172.381 173.272 174.033 171.877 172.857 172.538 172.43 173.601 176.584 
183.244 184.582 183.375 187.549 190 187.553 178.176 185.523 186.136 184.688 187.126 185.142 184.602 185.843 186.254 186.926 185.659 184.232 186.083 186.994 188.296 187.601 185.602 184.058 189.093 190.42 187.35 187.238 188.361 186.976 180.154 183.331 183.199 182.894 185.069 187.997 
189.705 189.462 189.064 194.694 197.431 195.341 185.469 190.437 191.503 192.292 195.283 191.775 191.316 191.69 193.285 194.34 193.282 191.492 193.143 192.655 195.076 194.659 193.449 191.58 195.31 196.143 193.849 194.298 195.512 193.971 184.759 187.451 187.819 189.344 191.591 193.136 
196.628 195.455 195.017 198.846 202.578 200.491 193.16 197.577 198.016 197.995 200.547 197.633 197.06 196.201 198.256 200.232 199.58 197.439 197.954 197.456 199.503 199.015 199.099 196.689 201.941 201.891 199.528 199.014 200.614 198.698 193.344 194.586 194.787 194.425 197.05 198.584 
207.432 207.646 207.013 206.602 206.486 206.948 207.704 207.622 206.702 206.437 206.573 206.654 207.715 207.385 206.717 206.671 207.293 207.2 207.638 206.958 206.541 206.477 207.489 207.713 207.759 207.918 207.423 207.546 207.884 208.178 208.088 208.234 208.192 208.184 208.645 208.313 
213.898 215.035 216.491 215.705 212.851 212.298 213.817 210.918 213.668 214.555 210.1 210.693 213.172 212.434 212.053 213.529 209.672 211.293 213.495 215.296 213.432 209.687 210.977 214.513 214.553 216.96 216.635 216.577 215.319 216.306 215.511 215.192 216.66 213.775 212.315 213.75 
226.711 225.891 224.752 224.598 224.822 224.406 225.585 225.536 224.595 225.057 224.769 224.732 224.894 224.896 224.313 223.513 223.341 224.831 224.949 224.992 224.183 224.746 224.855 224.51 225.912 225.474 224.911 225.493 224.958 225.162 225.46 225.083 226.029 225.895 224.692 224.887 
139.386 138.742 137.779 136.908 136.352 135.671 139.393 138.897 137.895 136.612 136.095 135.41 139.162 138.773 137.647 136.527 135.701 134.844 138.835 138.537 137.288 136.3 135.268 134.491 138.623 138.449 137.401 136.249 134.874 134.441 138.152 137.873 137.353 136.194 134.939 134.704 
138.773 139.549 139.971 139.593 138.491 138.663 138.81 139.03 139.078 138.962 138.538 138.011 139.165 139.633 138.837 138.448 138.641 138.567 139.932 140.446 139.379 138.92 138.956 138.468 140.293 140.541 139.766 138.964 138.58 138.363 139.917 139.775 139.215 138.507 138.432 138.298 
137.134 137.738 136.943 137.612 138.469 138.01 137.236 137.504 137.289 137.924 136.654 136.597 138.402 139.436 138.741 138.06 137.802 138.228 137.409 138.155 136.095 136.395 138.482 139.487 136.917 136.978 136.686 137.497 139.516 139.262 137.236 136.653 137.097 138.104 137.589 138.398 
141.358 141.206 142.653 144.007 145.208 146.209 142.137 142.784 143.505 143.973 145.391 146.356 141.846 142.063 142.429 144.741 146.164 147.64 140.855 141.751 142.758 144.93 145.922 146.836 141.516 141.402 141.71 144.262 145.968 146.088 141.648 142.659 143.216 144.769 144.375 145.702 
143.532 143.993 146.024 147.42 148.54 150.66 143.705 143.725 146.735 149.448 149.741 151.432 145.09 143.883 145.837 147.582 149.518 151.472 144.8 144.198 144.004 146.288 148.914 152.785 145.493 143.864 144.894 147.251 149.878 155.056 145.373 144.746 146.204 148.059 148.849 154.965 
159.273 159.615 163.12 162.775 164.646 163.453 158.652 160.874 163.362 163.024 166.572 166.241 160.746 159.103 161.424 159.855 164.635 169.044 161.622 157.489 160.73 160.863 168.174 169.775 160.121 158.991 161.045 162.106 166.575 168.044 161.06 159.383 160.262 163.116 165.858 167.287 
169.989 171.32 170.797 171.679 173.065 172.46 166.013 170.433 171.357 170.14 171.492 172.578 169.749 170.058 170.038 170.921 172.393 173.73 170.235 170.663 170.924 172.183 171.992 173.493 169.663 169.109 169.468 170.438 171.892 174.77 169.548 169.497 170.457 170.229 172.102 177.29 
181.238 179.919 179.783 183.377 183.814 184.108 179.813 177.986 178.695 183.032 184.37 179.62 181.653 180.162 181.32 182.242 182.946 182.667 182.09 179.327 180.971 180.689 182.148 182.513 177.11 173.774 175.988 178.371 178.141 179.724 152.892 152.5 153.792 158.044 158.73 159.662 
186.5 185.597 185.357 192.017 194.702 192.295 181.629 186.567 187.849 189.556 192.579 188.127 187.714 188.285 190.065 191.326 190.59 188.532 189.772 189.109 191.55 191.422 190.597 188.091 191.098 192.194 189.825 190.291 191.609 190.244 179.514 182.703 183.01 184.719 187.103 189.025 
185.303 184.37 184.189 185.878 185.917 185.698 184.656 184.031 184.014 186.008 186.596 184.312 186.065 185.569 185.594 185.594 187.419 186.927 186.558 185.498 186.099 186.53 187.781 187.385 184.212 184.232 185.031 185.895 186.272 186.671 183.102 183.496 183.858 185.571 186.118 185.528 
198.915 199.416 200.713 200.554 197.329 197.976 199.436 196.524 197.442 198.967 195.626 196.606 199.04 198.192 196.456 198.48 195.382 197.309 198.203 200.033 198.169 193.511 195.573 199.361 199.947 202.617 201.753 201.17 200.27 201.275 200.703 201.574 202.704 199.634 198.535 198.751 
206.196 206.628 207.917 207.784 204.347 204.637 206.576 203.727 204.723 206.168 202.7 203.382 206.07 205.332 203.529 205.296 202.171 204.284 205.371 207.174 205.353 200.968 202.597 205.904 206.971 209.277 208.31 207.956 206.806 207.569 207.891 208.118 208.803 206.447 205.404 205.259 
215.26 214.986 215.732 215.449 212.852 213.224 215.69 212.752 213.761 215.65 212.316 213.409 214.969 213.92 212.445 214.007 211.004 213.853 214.232 215.765 213.581 210.045 211.978 215.232 215.94 217.601 216.489 216.66 216.045 216.989 216.518 216.078 217.708 215.459 214.023 214.45 
134.212 134.01 133.284 132.586 132.221 131.46 133.875 133.881 132.941 132.455 132.059 131.566 133.822 133.54 132.568 131.728 131.197 131.076 133.572 133.67 132.811 131.745 131.497 130.78 133.424 133.417 132.689 131.853 131.152 130.615 133.152 132.894 132.55 131.86 131.27 131.234 
133.32 133.787 132.898 133.527 133.895 133.335 134.096 133.91 133.792 134.617 132.761 132.047 135.42 136.086 135.148 134.152 133.508 133.39 134.101 134.802 132.351 131.94 133.351 133.985 133.853 133.716 133.034 133.051 134.035 133.873 133.336 133.536 134.27 134.419 133.366 133.863 
134.633 135.235 134.193 134.823 135.335 134.855 135.194 135.282 134.957 135.472 134.174 133.719 136.153 137.028 136.321 135.47 135.32 135.629 134.866 135.745 133.956 133.809 135.583 136.545 134.746 134.603 134.466 135.109 136.56 136.357 134.373 134.24 134.698 135.724 135.389 136.001 
127.884 129.74 129.301 131.744 131.743 132.164 129.238 129.633 130.034 132.401 131.512 132.195 132.365 131.769 132.692 132.204 132.443 133.17 131.864 131.946 132.518 134.774 134.281 134.327 131.618 129.91 132.236 135.996 136.21 134.457 129.852 129.046 131.382 133.17 133.54 130.719 
135.196 136.055 137.973 139.377 140.166 141.519 135.533 136.064 138.731 141.604 141.387 142.425 136.881 136.276 137.585 139.087 140.567 142.248 135.939 136.207 135.086 136.939 139.639 143.52 136.418 135.052 135.221 137.345 140.323 146.101 135.947 135.497 136.412 138.45 139.245 145.665 
141.41 142.009 144.783 146.475 148.172 151.007 141.698 141.39 145.36 148.767 149.229 151.866 142.634 141.343 143.907 145.912 148.289 151.518 141.649 141.084 140.998 143.018 147.296 153.277 142.677 139.606 141.013 143.617 147.953 156.153 142.171 140.257 142.356 145.001 146.81 155.359 
154.265 159.735 161.849 163.089 168.414 176.261 154.02 157.178 159.727 161.436 166.61 172.56 152.969 155.942 159.382 162.02 166.187 171.618 150.08 152.334 154.199 155.799 161.586 170.142 149.901 150.101 153.147 156.343 159.918 166.822 94.9207 96.8113 100.24 103.417 108.273 114.889 
167.325 173.842 172.326 170.071 171.23 174.155 165.355 166.088 167.89 165.29 167.227 167.874 162.059 162.442 163.203 165.533 165.022 164.456 155.251 154.423 153.311 152.476 153.811 156.113 152.155 149.29 149.538 150.369 148.293 148.945 65.2537 64.3983 65.1962 65.3081 65.5903 65.854 
168.26 168.017 167.444 169.176 168.863 168.319 166.463 165.967 165.97 169.049 168.879 163.324 167.562 167.138 167.577 167.944 167.761 165.52 166.174 164.562 165.329 164.689 165.098 164.217 160.725 158.394 159.793 160.875 160.26 160.792 138.456 138.293 138.92 141.947 142.087 141.988 
160.571 159.586 159.413 159.423 159.644 159.314 160.312 160.24 159.603 159.21 159.899 159.02 160.278 160.697 160.437 159.47 159.905 160.086 160.305 160.57 160.234 159.474 159.834 159.517 159.716 159.827 159.261 158.94 159.471 159.577 158.733 159.154 158.59 158.184 158.565 158.394 
166.679 166.505 166.313 165.732 165.315 165.18 166.998 167.002 166.343 165.496 165.333 164.838 167.328 167.252 166.697 165.586 165.672 165.988 167.749 167.776 167.359 166.016 166.037 165.895 168.257 168.257 167.445 166.644 166.479 166.418 167.943 168.204 167.675 166.925 166.965 166.078 
190.763 190.706 192.292 191.966 187.844 187.808 193.885 190.687 191.618 193.118 188.347 189.047 193.71 192.909 191.002 192.374 187.89 190.228 193.423 195.507 193.176 186.937 188.519 192.373 195.233 197.772 196.189 195.282 193.814 194.642 195.85 195.709 196.776 193.513 191.769 191.757 
173.567 173.212 172.186 170.577 169.483 168.726 207.028 206.626 206.01 205.415 203.888 202.027 210.198 210.105 209.49 209.236 208.221 205.44 210.148 210.173 209.245 209.542 207.919 204.789 209.396 209.791 209.008 208.224 207.394 206.175 208.912 208.737 208.539 208.555 208.329 206.613 
128.171 127.74 128.293 128.825 128.588 128.381 128.724 128.318 128.762 130.026 129.356 128.544 129.435 129.015 128.799 128.755 128.216 127.83 129.528 129.391 128.176 127.453 127.275 127.009 129.261 129.262 128.35 127.375 126.599 126.751 129.085 129.536 130.162 129.114 128.175 127.952 
128.135 127.891 128.927 129.389 128.928 128.917 128.931 128.797 129.533 130.872 129.907 129.198 130.249 129.949 129.737 129.836 129.245 128.887 130.537 130.407 129.064 128.156 128.227 127.786 130.528 130.36 129.111 128.089 127.609 127.407 130.318 130.669 131.512 130.492 129.533 128.92 
125.876 127.407 127.04 129.364 129.245 129.568 127.392 127.496 127.751 130.019 129.126 129.572 130.609 130.003 130.811 130.192 130.171 130.56 130.303 130.329 130.928 132.748 131.981 131.398 130.053 128.465 130.632 133.901 133.666 131.171 128.323 127.654 130.141 131.548 131.821 127.928 
123.606 125.076 125.598 128.346 128.502 129.622 124.754 125.314 126.1 128.581 129.17 130.123 127.511 127.064 128.886 129.142 129.838 130.405 127.99 128.356 130.732 132.829 131.821 131.19 128.221 126.983 129.916 133.699 133.111 131.039 126.955 126.566 128.836 130.91 132.02 127.999 
124.525 126.607 127.313 129.075 128.492 129.793 125.011 125.98 127.185 129.289 129.19 130.699 127.019 126.771 128.774 128.796 129.198 130.598 126.745 126.524 129.16 131.74 130.477 131.023 125.624 124.514 127.307 131.933 131.607 130.735 122.849 122.551 126.053 128.062 129.128 126.363 
120.841 126.518 130.248 133.219 138.198 144.182 120.268 125.735 129.293 133.053 137.696 143.48 120.103 125.091 128.433 131.797 137.333 142.752 119.071 124.639 128.14 130.686 136.601 142.266 118.174 123.148 126.237 129.483 135.722 141.766 118.259 122.391 125.312 128.959 134.219 140.365 
111.068 123.202 128.959 134.509 149.661 161.412 109.686 118.565 126.894 133.422 148.075 159.521 107.286 116.206 121.933 130.852 146.243 157.445 105.281 113.751 119.673 125.941 141.499 153.932 103.659 112.22 118.07 123.935 140.399 152.421 101.918 109.856 115.27 121.69 137.733 150.707 
123.832 133.548 134.61 132.612 135.489 140.666 122.378 127.621 131.082 131.596 132.738 135.354 120.39 124.834 126.65 130.225 132.073 132.599 113.964 118.053 118.552 118.75 121.787 126.994 111.777 113.753 115.745 117.077 118.627 122.548 62.2084 65.7719 67.7462 69.5304 72.2202 76.0647 
108.679 111.497 110.849 108.42 108.35 107.352 105.402 106.112 107.805 107.536 105.247 104.155 101.923 102.371 102.301 104.442 103.599 100.672 96.092 97.0671 96.6678 96.5125 95.6824 95.0388 92.9527 93.4896 93.1751 92.3635 91.8228 91.9174 90.138 90.0891 89.0463 88.5795 88.4296 88.3293 
119.534 119.757 119.483 117.552 116.821 116.278 119.17 119.378 118.575 118.054 116.173 115.219 118.428 118.253 117.524 117.298 117.055 114.927 115.927 116.12 115.457 114.797 114.222 114.004 115.104 115.136 114.336 113.567 113.292 113.117 114.365 114.007 113.313 112.78 112.529 112.324 
114.183 112.476 111.573 110.637 110.103 109.478 114.553 113.899 111.826 110.718 109.938 109.713 114.759 114.336 113.312 111.141 110.018 110.003 115.302 115.062 114.13 111.998 110.939 110.13 115.728 115.129 114.02 112.967 111.502 110.854 115.381 114.968 114.277 113.17 111.557 110.836 
93.4562 91.4211 90.8176 90.2113 89.4294 88.9739 110.611 109.767 108.059 107.3 106.679 105.888 113.412 112.854 112.336 110.401 109.543 109.209 114.262 113.783 113.221 111.137 110.307 109.618 114.908 114.529 113.826 112.859 110.844 110.219 115.087 114.577 114.108 113.342 111.235 110.374 
63.4347 60.0193 58.8554 56.8139 57.5139 57.0358 161.035 160.674 158.958 157.932 155.843 155.332 168.059 168.851 168.372 165.706 164.888 162.74 170.653 170.539 170.604 168.187 167.174 164.733 171.149 171.204 171.285 171.015 168.581 167.932 171.493 171.753 171.588 171.714 169.52 169.274 
126.126 126.124 125.753 126.006 126.211 125.601 125.995 125.83 125.373 126.207 126.283 125.748 126.045 125.804 125.321 125.074 124.903 125.229 126.034 126.357 125.994 125.202 125.146 125.052 125.421 125.484 125.58 125.48 125.236 124.943 125.542 125.641 125.349 125.093 125.029 125.357 
124.645 124.281 125.228 125.375 125.077 125.327 125.086 124.976 125.723 126.833 126.362 125.453 125.935 125.876 126.135 126.041 125.733 125.231 126.064 126.102 125.296 124.845 124.736 124.591 126.049 126.291 125.642 124.689 124.419 124.489 126.254 126.963 127.526 126.684 126.088 125.852 
120.148 120.516 121.179 121.68 121.895 122.711 120.53 120.891 121.73 122.116 122.774 122.922 121.502 122.119 122.896 123.143 123.56 123.622 122.195 122.888 123.661 123.912 124.319 124.552 123.016 123.18 123.896 124.488 124.735 124.987 123.351 123.951 124.04 125.236 125.984 125.867 
120.588 122.34 122.823 124.637 124.454 125.714 121.396 122.169 122.994 124.808 125.267 126.737 123.729 123.467 125.298 125.318 125.768 126.911 123.949 123.855 126.694 129.259 127.852 127.642 123.244 122.475 125.547 129.812 129.087 127.097 121.068 121.218 124.32 126.121 127.296 123.182 
121.101 122.319 123.574 122.917 122.905 124.352 119.649 121.055 122.431 122.662 123.192 124.798 118.393 120.058 121.584 122.132 122.594 124.444 117.498 118.014 120.53 121.64 122.171 124.046 115.289 116.699 117.973 120.557 121.273 122.672 113.251 114.52 117.497 118.891 119.728 120.329 
114.864 116.793 117.753 117.408 118.371 120.332 113.331 115.342 116.952 117.453 118.895 121.059 111.812 114.295 116.305 117.28 118.67 120.939 111.173 112.084 115.352 116.806 118.343 120.883 109.155 111.337 112.834 115.713 117.427 119.581 106.838 108.881 112.247 113.994 116.079 117.309 
85.8856 91.2432 93.8265 96.5546 102.125 107.095 85.2676 90.5099 93.0124 96.4459 102.08 106.569 84.7355 89.9322 92.4837 95.5671 101.675 106.136 84.5117 89.6063 92.1086 95.1099 100.974 105.842 84.2537 89.2891 91.8589 94.6156 100.798 105.593 84.1932 89.0752 91.3411 94.1836 100.075 105.075 
82.4995 85.1171 85.591 86.82 87.8214 87.6891 81.8885 81.217 82.4149 85.0322 86.7963 86.4929 82.2947 79.4103 80.4006 85.3365 86.5887 86.1908 81.0552 81.7628 82.1678 82.3934 83.4857 83.5576 79.292 81.3438 83.4044 81.3807 83.3086 83.2124 81.3686 81.291 81.4767 80.6663 83.3197 84.1459 
87.6461 88.6303 89.1187 87.8366 87.4248 87.3631 86.8128 87.7418 87.8025 88.1371 86.2383 85.942 85.8965 86.212 86.0275 86.469 86.5236 84.7197 82.8383 83.247 82.982 83.1228 82.9248 83.0159 81.6081 81.9853 81.7108 81.3484 81.4954 81.8833 80.5302 80.5455 80.4543 80.354 80.4374 80.9663 
82.7565 82.487 82.7677 82.1489 81.6297 81.3184 82.5013 82.4396 82.2126 81.8187 81.4303 81.0709 82.6871 82.0565 81.8175 81.3716 81.0181 80.6518 82.1907 81.6855 81.3461 80.9601 80.4421 80.2219 81.541 81.2662 80.9559 80.2237 79.9782 79.7753 81.3776 80.8987 80.4164 79.7651 79.39 79.7126 
81.1332 80.7511 80.4205 80.0944 79.5847 79.5634 81.501 81.1712 80.7037 80.3029 79.8291 79.5467 81.6942 81.3666 80.9495 80.5906 80.0377 79.8159 82.0414 81.7749 81.3846 80.7746 80.1724 79.8599 82.4148 82.1301 81.4792 80.8189 80.4042 79.9902 82.4562 82.2163 81.7587 81.1269 80.4976 80.2281 
70.1058 69.5897 69.3114 69.4645 69.0648 69.8521 70.6266 70.7393 70.6285 70.3005 69.9682 70.0677 71.0109 71.1636 71.344 70.7446 70.5895 70.8087 71.7688 71.389 71.4379 71.5586 71.1219 71.2455 72.9433 72.8733 72.3359 72.3478 71.4211 71.1943 73.292 73.4472 73.557 72.7628 71.6146 71.5138 
60.8018 60.1933 59.7696 59.6587 59.6975 60.0178 72.6184 72.1139 71.8053 71.6837 71.976 71.9297 74.6432 74.5997 74.5044 74.5449 74.458 74.6069 75.1792 75.2496 75.4833 75.5394 75.3118 75.3315 75.7318 76.0121 76.3274 76.3335 76.0983 76.1135 76.0516 76.5197 76.8625 76.8159 76.4894 76.5378 
123.849 123.369 122.8 122.036 122.064 122.068 123.112 123.196 122.765 122.644 122.594 121.709 122.363 122.502 122.315 121.352 121.496 121.203 121.87 122.174 121.854 121.118 120.976 121.099 122.143 122.166 122.151 121.029 121.06 121.192 122.653 122.981 122.047 121.305 121.088 121.897 
121.468 121.349 121.246 120.284 120.104 120.235 120.814 121.288 121.387 120.95 120.557 120.033 120.399 120.839 121.035 120.256 120.351 119.966 120.035 120.132 120.229 119.729 119.867 119.791 120.828 120.563 120.433 119.418 119.857 119.973 121.09 121.457 120.456 120.006 119.905 120.817 
118.081 117.961 118.12 117.379 117.82 118.549 117.727 118.27 118.675 118.532 118.912 118.804 117.631 118.434 119.18 118.465 119.162 119.049 117.55 118.13 118.664 118.838 119.551 119.684 118.906 119.061 119.499 118.908 119.955 120.222 119.505 120.42 119.627 119.811 120.387 121.161 
109.042 109.795 110.703 112.47 114.445 116.175 110.361 111.188 112.721 113.779 115.436 117.004 112.042 112.741 113.948 115.315 116.713 117.129 112.511 113.806 115.008 116.551 118.302 119.223 114.536 115.493 117.575 118.53 119.268 119.897 115.875 118.477 118.417 119.89 120.864 120.809 
111.516 112.368 113.086 112.773 112.865 113.894 111.14 112.036 113.072 112.986 113.401 114.805 110.839 112.075 113.119 113.367 113.561 114.852 110.675 111.109 112.997 113.649 113.931 115.54 109.919 110.879 112.02 113.893 113.882 114.792 108.745 110.149 112.112 113.196 113.518 113.532 
92.906 93.264 93.9977 94.8636 95.7828 96.6206 93.2408 93.899 94.7725 95.8181 96.5502 97.3123 94.0683 94.9119 95.8512 96.7887 97.5609 98.2343 95.1709 95.9539 96.748 97.5943 98.4608 98.9613 96.0063 96.5661 97.3675 98.3438 99.1188 99.7069 96.8417 97.3729 98.2647 99.1163 99.6124 100.056 
82.875 83.2511 83.7434 85.0013 85.8703 86.1405 83.1732 82.4585 82.0266 84.3466 85.7768 85.9835 84.2187 81.9804 83.0278 85.6044 86.4881 86.7333 84.3521 84.8678 85.3714 85.8572 86.7281 86.8633 83.8339 85.5289 87.2124 86.0236 87.6132 87.5342 86.1451 86.2697 86.704 86.2363 88.2569 88.8727 
80.2173 80.5133 81.0934 82.4416 83.1687 83.2469 80.1283 79.3557 78.9094 81.2726 82.7214 82.6947 80.8716 78.448 79.4179 82.0029 82.9866 82.9241 80.5463 80.9395 81.3209 81.7116 82.5751 82.5382 79.4985 81.0912 82.7915 81.2681 82.8779 82.7526 81.4639 81.3993 81.6341 81.0287 83.0687 83.644 
78.1608 78.2501 78.6921 79.4152 79.5704 79.3273 77.5213 77.0984 76.7966 78.2248 79.0505 78.956 77.9314 76.3073 76.9605 78.3803 78.8746 78.7584 77.3503 77.5373 77.7329 77.9078 78.0575 78.0376 76.1503 77.154 78.2403 76.9442 77.7169 77.521 77.2012 76.9662 76.7893 76.2454 77.5088 77.8166 
76.7446 77.2057 77.7317 77.9406 78.0394 78.313 76.4223 77.0054 77.2476 77.4139 77.8102 77.8792 76.3975 76.4498 76.5621 76.5891 77.0775 77.2484 75.8127 75.968 75.8566 75.9276 76.0578 76.359 75.0913 75.3721 75.3368 75.0688 75.441 75.7261 74.7348 75.0621 74.5374 74.3193 74.7265 75.4052 
70.0907 70.2462 70.2188 70.4993 70.3167 71.0479 70.0732 70.6761 70.9706 70.7817 70.6754 70.9112 70.1137 70.5745 70.8418 70.6032 70.727 70.9766 70.2321 70.2009 70.3123 70.754 70.5252 70.8765 70.6402 70.8095 70.4821 70.6135 70.2655 70.4072 70.6996 71.04 70.9524 70.4212 70.0469 70.395 
65.5461 65.3482 65.2338 65.5917 65.3684 66.2321 65.8064 65.9811 66.1986 66.1392 66.1173 66.3912 65.7395 66.1458 66.4775 66.4217 66.585 66.921 66.2064 66.1828 66.5105 66.9551 66.741 67.0737 67.0827 67.1832 66.9861 67.2052 66.761 66.8793 67.2545 67.6242 67.7172 67.3251 66.8593 67.0251 
62.6682 62.5179 62.3479 62.5388 62.2102 62.8647 63.0289 63.1975 63.3194 63.0702 62.7958 62.9465 63.0662 63.3624 63.5737 63.2555 63.2588 63.5181 63.5663 63.2974 63.437 63.8126 63.5714 63.8593 64.3594 64.3932 64.0904 64.2593 63.7458 63.759 64.4789 64.891 64.9993 64.4762 63.9717 63.9951 
117.961 117.635 116.527 115.652 115.592 115.358 117.754 117.6 117.327 115.485 114.53 115.022 117.979 117.138 115.647 114.973 114.728 115.235 117.682 117.325 115.571 113.142 114.658 115.413 118.371 117.694 115.752 114.694 115.221 114.967 117.219 117.039 116.453 115.723 115.616 114.871 
118.087 117.738 117.328 116.24 116.005 116.301 117.385 117.693 117.468 116.82 116.484 116.135 116.759 117.071 117.022 116.024 116.235 116.013 116.397 116.563 116.291 115.619 115.736 115.885 117.426 117.277 116.866 115.425 115.696 115.954 117.802 117.993 116.883 116.1 115.867 116.596 
110.962 110.885 110.814 111.021 111.954 113.186 111.774 111.069 111.098 111.133 111.567 113.323 112.206 111.887 111.837 112.095 112.35 113.112 112.275 112.225 112.612 113.156 113.408 113.952 112.855 113.389 113.24 113.655 114.197 114.076 113.415 113.609 113.678 113.965 114.237 114.164 
101.297 101.549 101.696 103.517 105.778 105.677 103.396 104.081 104.467 105.294 106.787 108.041 104.725 105.472 106.56 107.203 107.423 108.762 106.307 107.559 107.941 108.418 109.15 110.434 107.976 108.797 109.607 109.992 110.896 111.416 109.665 110.89 110.878 110.808 111.468 112.456 
98.9713 98.3523 97.9769 97.4742 97.3819 97.5483 99.7582 99.34 98.7156 98.2586 98.0462 97.8997 101.037 100.779 100.141 99.4655 99.2254 99.0331 101.208 101.611 101.042 100.764 100.553 100.448 101.627 101.653 101.714 101.741 101.687 101.237 102.526 102.448 102.58 102.645 102.2 101.608 
90.9915 90.7068 90.4751 90.2472 90.305 90.5154 91.7105 91.5072 91.2398 91.0604 90.9182 91.1265 92.6878 92.5125 92.4402 92.3003 92.1481 92.3614 93.8726 93.7576 93.6597 93.4597 93.2006 93.1768 94.6377 94.5516 94.4956 94.4065 94.218 94.0237 95.4173 95.4299 95.5253 95.369 94.9775 94.6082 
84.7516 84.4357 84.6222 84.4227 85.0682 85.3369 85.2624 84.8861 84.8555 84.7739 84.9178 85.2817 86.0476 85.8641 85.7937 86.0222 85.9484 86.1736 86.628 86.7114 86.6595 86.9427 86.8557 86.6803 87.2069 87.1208 86.976 87.3852 87.3837 87.0921 87.5557 86.9135 87.0882 87.9225 88.0599 88.2472 
78.0845 78.133 78.3183 79.1345 79.3785 79.2441 77.8812 77.0075 76.4316 78.0536 78.9392 79.0597 78.5774 76.3922 77.1186 78.9078 79.2902 79.3932 78.3606 78.6029 78.7417 78.8632 79.1646 79.2097 77.4247 78.688 79.8757 78.4837 79.5025 79.1788 78.9423 78.8933 78.9242 78.2844 79.7454 79.8771 
74.1054 74.0871 74.1664 74.2539 74.1317 74.2754 73.8174 73.9298 73.7496 73.685 74.0806 74.4977 73.7536 73.7781 73.5181 73.6434 74.0894 74.3944 73.2675 73.2447 72.8628 73.3307 73.7139 73.9136 72.1645 72.1152 72.1629 72.3487 73.1676 73.2629 71.2998 71.4272 71.2325 71.3898 72.3284 72.5783 
71.4015 71.7339 71.8428 71.6642 71.3453 71.186 69.9654 70.5378 70.3554 70.3522 70.3331 70.4152 68.8996 69.7391 69.2992 69.4397 69.542 69.737 68.5573 68.9727 68.8226 68.7156 68.7709 69.015 67.7458 68.0267 67.8735 67.4256 67.2264 68.1949 67.2522 67.5348 67.0348 66.9447 67.4304 67.7199 
62.2664 63.2704 63.2656 63.5876 63.9937 64.6198 61.5301 62.4505 62.5633 62.6789 63.2836 63.8552 60.6183 61.7318 61.7173 62.0006 62.5136 63.1015 60.106 61.0836 61.1393 61.2858 61.8414 62.4323 60.0517 60.7812 60.6868 60.9529 61.3314 61.6488 59.8718 60.7045 60.5368 60.6899 60.9966 61.1039 
54.3752 54.791 54.6764 54.7518 54.886 55.2319 54.4116 54.8505 55.0606 55.2427 55.5765 55.9854 54.4412 54.9278 55.4099 55.269 55.9959 56.5427 54.2273 54.2906 54.736 55.8941 56.3499 56.5088 55.1356 55.275 55.3999 55.7223 56.1161 56.7365 55.4872 55.7729 55.7271 55.9044 56.1502 56.9692 
55.7778 55.5907 55.4216 55.3511 55.277 55.4958 55.9292 55.744 55.5214 55.4183 55.4458 55.7144 55.8237 55.912 55.7723 55.7806 55.8005 55.9339 56.1064 56.1421 56.1585 56.1388 56.0875 56.2701 56.3564 56.3925 56.4956 56.5406 56.4062 56.6326 56.4315 56.7509 56.8339 56.8371 56.7874 56.899 
115.322 115.075 113.915 113.132 112.934 112.963 114.916 114.851 114.633 112.665 111.721 112.389 114.846 114.08 112.561 111.88 111.858 112.565 114.277 114.024 112.211 109.802 111.573 112.608 115.077 114.5 112.466 111.521 112.234 112.148 113.926 113.652 113.029 112.41 112.604 112.015 
112.553 112.433 111.738 111.15 111.564 112.172 112.354 112.298 112.359 111.015 110.622 112.079 112.532 112.134 111.064 110.819 111.077 112.008 112.371 112.482 111.343 109.392 111.04 112.173 113.191 113.021 111.502 110.901 111.821 111.887 112.459 112.385 111.976 111.652 111.977 111.683 
103.521 103.499 103.361 104.613 106.294 106.66 104.755 105.029 105.192 105.777 106.813 108.339 105.346 105.891 106.718 106.996 107.011 108.49 106.458 107.356 107.77 108.018 108.278 109.444 107.62 108.377 108.595 108.925 109.645 110.09 108.794 109.129 109.144 109.054 109.628 110.843 
98.3829 98.4487 98.4346 100.2 102.739 102.929 100.266 100.574 100.93 101.941 103.461 105.492 101.202 101.737 102.941 103.577 103.752 105.813 102.777 103.894 104.312 105.157 105.545 107.213 104.065 105.163 105.679 106.459 107.626 108.175 105.917 106.647 106.964 106.605 107.365 109.085 
95.3838 95.329 95.0005 95.4451 96.1388 95.7376 96.3551 96.6593 96.2785 96.3042 96.709 97.034 96.9758 97.2597 97.4472 97.3084 96.9144 97.7288 98.0166 98.5323 98.3752 98.2278 97.9212 98.4292 98.6922 98.955 98.9876 98.8392 98.9193 98.9064 99.7316 99.7617 99.5748 98.9561 98.9636 99.4272 
90.5585 89.9844 89.6451 89.0597 89.2507 89.1925 90.6124 90.2347 89.6968 89.2188 89.1081 88.8827 91.1692 90.7483 90.4076 90.0666 89.7372 89.701 91.5817 91.4901 91.1494 90.9729 90.4386 90.0209 91.8454 91.7173 91.3331 91.1124 90.5793 90.0521 92.1156 91.4705 91.2285 91.4012 91.0528 90.8489 
86.4156 86.024 85.4929 84.9412 85.1202 85.0694 86.821 86.3073 85.5854 85.1382 84.9838 85.018 87.2168 86.874 86.3376 86.0826 85.7531 85.8543 87.4214 87.2101 86.9888 86.8527 86.3186 86.101 87.7094 87.4425 87.0826 87.1285 86.632 86.1616 87.9408 86.9856 86.7423 87.2626 87.1309 87.1338 
79.3201 78.5042 77.9684 77.1459 76.6353 76.2984 79.7041 79.0958 78.0969 77.1296 76.7577 76.5097 80.0697 79.2609 78.3278 77.8175 77.5228 77.2132 79.6991 79.0416 78.3197 78.2421 77.9262 77.4991 79.1315 78.337 78.0655 77.9929 78.0726 77.5413 78.5102 77.6221 77.2644 77.4848 77.7228 77.8704 
71.8087 71.4748 71.2312 70.6655 69.8032 69.3453 70.7442 70.6758 70.0137 69.6176 69.0647 68.8407 69.8505 70.1141 69.2105 69.0964 68.7883 68.6277 69.61 69.4491 68.9973 68.7002 68.5208 68.3471 68.7147 68.3558 68.0343 67.5255 67.3187 67.8957 68.0155 67.8108 67.2856 67.1295 67.5963 67.5977 
67.0895 67.1254 66.8604 66.1256 65.2359 64.9327 65.814 66.0177 65.2484 64.7113 64.2183 63.9403 64.3639 64.8966 63.8621 63.6308 63.5086 63.4622 63.9383 63.968 63.4153 63.0351 63.0394 62.9398 63.0735 62.9565 62.4783 61.9402 61.665 62.4181 62.5322 62.5485 61.9948 61.7122 62.0812 62.2294 
53.6678 54.1382 54.0816 53.7768 53.6936 53.6105 53.1245 53.5259 53.5398 53.581 53.7235 53.8979 52.5574 53.1739 53.2804 53.2006 53.5967 54.0589 52.1192 52.3003 52.574 53.3546 53.7278 53.6267 52.6048 52.6766 52.7231 52.6733 52.9113 53.7986 52.8422 52.9477 52.6069 52.8463 53.1934 53.924 
48.6845 49.0503 49.0755 48.9563 49.1274 49.2983 48.5796 48.8013 49.0872 49.2568 49.5778 50.0434 48.4834 48.8166 49.2542 49.1961 49.8561 50.3631 48.2061 48.2673 48.7216 49.6609 50.2235 50.2454 49.1254 49.0528 49.3236 49.5148 49.9955 50.6509 49.7785 49.7318 49.5951 50.0123 50.2301 50.8906 
43.2172 43.7694 43.8955 43.7834 44.281 44.6259 43.2301 43.7978 44.0244 44.4238 44.7517 45.4542 43.0541 43.7945 44.3984 44.3054 45.2275 45.7205 42.7997 42.9892 43.6864 44.8549 45.4758 45.8522 43.471 43.8419 44.2236 44.7705 45.4976 46.3246 44.0064 44.3578 44.5311 45.1063 45.8094 46.7586 
113.919 113.557 112.138 110.867 110.19 110.035 112.643 112.265 111.823 109.852 108.43 108.971 111.801 111.018 109.439 108.548 108.124 108.648 110.828 110.112 108.59 105.753 107.363 108.455 110.76 110.197 108.495 107.482 107.953 107.987 109.712 109.534 109.292 108.746 108.49 107.73 
110.789 108.014 106.625 106.816 106.045 107.391 108.748 106.839 105.815 106.219 105.452 106.078 107.414 106.658 105.295 104.645 105.053 105.244 106.242 106.208 105.263 104.651 106.167 105.894 105.988 105.852 105.653 105.656 105.571 105.026 107.379 106.797 105.652 105.02 105.904 106.476 
104.658 104.44 104.317 104.454 105.267 106.165 104.76 104.282 104.374 104.581 105.014 106.246 104.911 104.771 104.691 104.855 105.108 105.652 104.962 105.055 105.273 105.295 105.475 106.019 105.136 105.474 105.394 105.559 105.864 106.008 105.482 105.379 105.261 105.465 105.707 105.838 
98.7662 98.7732 99.4398 100.031 100.28 100.377 99.2017 99.2926 99.964 100.532 100.551 101.126 99.0658 99.1994 99.6936 100.579 100.46 101.282 99.3338 99.6295 100.141 100.44 100.718 101.482 99.9489 100.098 100.555 100.469 100.78 101.247 100.502 100.511 100.725 100.347 100.715 101.389 
96.1234 95.988 96.0436 95.8985 95.8437 95.8068 95.8229 95.7832 95.6831 95.633 95.6314 95.4965 95.7856 95.5573 95.4734 95.535 95.3481 95.4223 95.5438 95.483 95.4736 95.6673 95.4367 95.3169 95.382 95.2847 95.2186 95.3637 95.1831 94.9896 95.4627 95.2831 95.209 95.1161 95.0406 94.8193 
92.3028 92.3548 92.1315 92.1462 91.9508 91.7002 91.9475 92.0397 91.7425 92.0876 91.9178 91.5729 91.4414 91.4824 91.3849 91.6834 91.5188 91.5227 91.4433 91.3365 91.4111 91.4594 91.2024 91.344 91.3275 91.2904 91.0982 91.1475 91.0212 90.8486 91.3272 90.9952 90.9591 90.8741 90.8485 90.5391 
87.1725 86.8729 86.4545 85.9325 85.5139 85.2489 86.8397 86.7008 86.1122 85.6943 85.3576 85.0828 86.7056 86.6105 86.3321 85.9156 85.6163 85.1863 86.6461 86.7438 86.4558 86.0545 85.7369 85.2344 86.547 86.4354 85.8377 85.499 85.4924 85.1395 86.462 85.7145 85.0321 85.0114 85.4251 85.2768 
78.4084 77.9285 77.0951 76.5286 75.8722 75.5121 78.6285 78.184 77.1168 76.5368 75.9226 75.5796 78.6531 78.1271 77.3053 76.6544 76.0777 75.6906 78.5879 77.9029 77.2502 76.5997 76.2676 76.0763 78.5124 77.8513 77.2613 76.9109 76.7239 76.5352 78.4901 78.0339 77.5553 77.1757 76.9506 76.6119 
73.2536 71.9338 70.5501 69.1594 67.8905 67.3792 73.5183 72.2959 70.5174 69.1137 68.1483 67.6791 73.6272 72.1933 70.309 69.1128 68.4275 67.9833 73.1019 71.5501 69.9776 69.0882 68.4959 68.1795 72.3918 70.8728 69.6693 68.8264 68.6735 68.3388 72.0137 70.7585 69.4225 68.495 68.3813 68.3386 
62.7963 62.1835 61.7391 60.9587 59.9355 59.5776 61.7175 61.3558 60.4249 59.8368 59.0656 58.7306 60.622 60.5581 59.4639 59.0411 58.5449 58.395 60.4535 59.9321 59.392 58.6762 58.2968 58.122 60.0254 59.3071 58.6504 57.8833 57.2315 57.9574 59.7122 59.1044 58.3647 57.8999 58.0119 58.0822 
44.3488 43.9384 43.5066 43.0622 42.7183 42.6982 44.1477 43.6754 43.1229 42.6835 42.4388 42.4143 43.7279 43.3121 42.7763 42.3546 42.1303 42.1584 43.5274 42.9103 42.4768 42.196 42.088 41.9796 43.5617 42.9663 42.4033 42.1315 41.973 41.8579 43.633 43.2195 42.5917 42.2542 42.0701 41.9112 
38.905 39.4089 39.5264 39.4524 39.9444 40.2629 38.9485 39.4382 39.6747 40.1309 40.5225 41.0986 38.8357 39.5491 40.1174 40.1298 40.9487 41.4578 38.5957 38.7668 39.4908 40.664 41.2771 41.5641 39.3113 39.6257 40.0007 40.5657 41.2484 42.0731 39.8925 40.1186 40.2738 40.8583 41.5942 42.4882 
10.2491 10.5141 10.7685 10.8347 11.3859 11.9735 10.1954 10.4708 10.624 11.0053 11.2046 11.832 9.77584 10.4673 10.6505 10.8097 11.2735 11.5537 9.8552 10.1453 10.5477 10.8205 11.1894 11.9221 9.82096 10.2842 10.5139 11.0601 11.5214 12.0419 10.0296 10.3441 10.7987 11.1623 11.8948 12.321 
113.745 110.235 108.006 107.496 105.425 106.095 110.427 107.874 105.922 105.918 103.812 103.763 107.96 106.511 104.496 102.841 102.68 102.526 105.897 104.635 103.299 101.823 103.261 103 104.427 103.87 103.566 103.265 102.363 101.601 106.025 105.324 104.373 103.321 103.263 103.326 
112.067 108.648 106.705 106.371 104.803 105.597 109.048 106.782 105.089 105.217 103.659 103.765 107.001 105.768 103.987 102.731 102.807 102.7 105.525 104.656 103.478 101.986 103.39 103.267 104.352 103.945 103.654 103.276 102.554 102.048 105.961 105.227 104.247 103.289 103.449 103.554 
107.935 104.847 103.926 104.401 103.518 104.82 105.841 103.841 103.076 103.911 103.124 103.739 104.361 103.362 102.123 102.054 102.795 103.138 103.198 102.935 102.207 101.9 103.895 103.914 102.995 102.704 102.753 102.854 102.873 102.551 104.574 103.924 102.926 102.188 103.132 103.901 
99.8096 99.6653 100.82 101.323 101.279 101.494 99.5691 99.5398 100.402 100.937 101.003 101.574 98.916 98.6328 98.8495 99.8828 100.587 101.436 98.3349 98.123 98.6997 99.1157 99.9266 100.883 98.2675 98.1158 98.7102 98.7644 99.1192 99.8445 98.2339 98.2214 98.5959 98.4665 98.7704 99.352 
96.2855 96.379 97.1528 97.5177 97.3815 97.5388 96.0347 96.0514 96.589 97.1228 96.9791 97.2662 95.0782 95.0974 95.2711 96.0924 96.4035 96.9865 94.5648 94.5523 95.019 95.4173 95.7351 96.4876 94.4893 94.4567 94.7354 94.8317 95.0679 95.4619 94.2897 94.1632 94.5163 94.3963 94.7227 95.0191 
92.3705 92.5043 92.6127 92.6822 92.4834 92.3455 91.6621 91.8459 91.8792 92.0616 92.0021 91.9287 90.8605 91.1408 91.3794 91.403 91.5689 91.4465 90.5085 90.856 91.1051 91.0784 91.1472 91.0936 90.0087 90.2554 89.9021 89.9728 90.4823 90.5816 89.5907 89.2705 88.8874 89.0764 89.9843 90.0443 
89.9453 89.9919 89.4973 89.229 88.6296 88.4659 89.4238 89.3008 88.798 88.8896 88.4437 88.2395 88.4043 88.769 88.6188 88.3736 88.3635 87.8338 88.0832 88.4433 88.461 87.962 87.9445 87.822 87.6393 87.6824 86.9427 86.6697 87.3901 87.6089 87.1259 86.411 85.5379 85.6391 86.8958 86.9425 
85.0379 84.0999 82.4662 80.9459 79.5701 79.2533 84.6972 83.5616 81.8114 80.3711 79.3801 79.0529 84.4241 83.6928 82.0119 80.424 79.6069 78.8904 84.2735 83.5585 82.0903 80.2722 79.6425 79.0275 83.9793 82.9109 80.9232 79.2252 79.3016 79.3293 83.7576 81.9697 79.5292 78.4465 79.0651 78.9225 
73.4582 70.1231 67.4859 65.2759 63.5733 63.2697 73.4835 69.7648 66.8092 64.5019 63.1834 62.7707 73.3223 69.7277 66.51 64.1603 62.7763 62.4978 72.802 69.1694 66.2942 63.8502 62.7017 62.6455 72.8687 68.6872 66.034 63.6445 62.927 63.0924 72.7015 68.7399 65.8083 63.8225 63.1055 62.9287 
54.1379 51.338 49.0973 47.3239 45.9817 45.6226 53.9702 50.9609 48.5096 46.7014 45.6515 45.3068 53.6505 50.6763 48.161 46.3194 45.2688 45.0187 53.2202 50.1995 47.8893 46.0662 44.9658 44.7988 53.1878 49.9356 47.7093 45.8193 44.9266 44.8202 53.1216 50.1684 47.5738 45.7565 44.8989 44.7812 
37.6656 35.9592 34.9806 34.2877 33.682 33.5869 37.565 35.9815 34.7842 33.9267 33.5049 33.4392 37.4012 35.8015 34.7682 33.9082 33.3673 33.3268 37.3175 35.5509 34.6136 33.8619 33.3739 33.2676 37.4939 35.5978 34.5014 33.8677 33.4852 33.3204 37.4056 35.8159 34.5452 33.8782 33.5771 33.4691 
13.8515 13.3682 13.0302 12.8456 12.7847 12.8951 13.7471 13.2539 12.8162 12.6337 12.6595 12.7313 13.6494 13.2944 12.7947 12.5963 12.5229 12.6188 13.6902 13.2021 12.8435 12.5959 12.5767 12.6002 13.7317 13.2708 12.8845 12.6759 12.6179 12.7097 13.7737 13.3975 13.0066 12.7809 12.7404 12.8327 
4.97063 5.19199 5.43937 5.49851 6.14088 6.78395 4.91563 5.21709 5.27031 5.69839 5.91003 6.61854 4.40323 5.15823 5.32641 5.49069 5.98015 6.29106 4.45857 4.74285 5.21329 5.47802 5.80812 6.65612 4.39709 4.91828 5.11042 5.7428 6.22819 6.75282 4.56825 4.89464 5.37329 5.78572 6.57358 7.03279 
