4849680
112.775 111.898 110.302 106.584 104.311 103.385 110.728 109.469 108.09 106.596 102.216 101.404 108.529 107.658 106.285 104.242 102.794 100.129 104.793 103.09 102.342 100 99.3391 99.4322 102.614 102.024 101.649 100.314 98.7971 98.6114 102.141 101.864 101.886 100.811 99.2674 98.302 
104.603 104.068 103.14 101.378 100.519 99.9143 103.797 103.359 102.542 101.886 99.5526 99.347 102.792 102.522 102.129 101.237 100.138 98.8415 101.394 100.572 100.352 99.0657 98.5516 98.7149 100.57 100.362 100.174 99.5194 98.6951 98.6363 100.936 100.806 100.882 100.007 99.1705 98.8102 
94.1509 94.0379 93.6452 93.1164 92.8362 92.9535 94.096 94.0099 93.4773 92.994 92.8165 92.8396 94.0867 94.0183 93.5804 93.2193 92.917 93.3393 94.389 94.1869 93.9011 93.6138 93.3804 93.3969 94.4786 94.2579 94.0649 93.8015 93.55 93.4352 94.6616 94.3813 94.2428 93.9466 93.5956 93.3987 
88.849 88.6663 88.5214 88.4011 88.1469 88.1471 88.9025 88.4795 87.879 88.0037 88.0132 87.827 89.0442 88.1296 87.9682 88.2738 88.0571 88.0964 89.1922 89.0413 88.7351 88.5282 88.3107 88.1249 89.0823 89.3118 89.4166 88.671 88.7078 88.3533 89.9206 89.64 89.4994 88.9701 89.0775 88.9396 
81.2278 80.9594 80.7833 80.7586 80.7321 80.7176 81.4372 80.847 80.2556 80.523 80.7202 80.653 81.7945 80.7229 80.5595 81.004 81.089 81.069 81.9201 81.7398 81.4423 81.4034 81.4901 81.3461 81.8528 82.1198 82.3184 81.7521 82.0229 81.7383 82.7725 82.4357 82.3461 82.0368 82.3161 82.3832 
66.9296 66.7047 66.5493 66.5753 66.5781 66.5054 67.1561 66.6742 66.3327 66.5154 66.6184 66.555 67.6855 66.6012 66.7128 67.0006 67.0309 66.8609 67.8964 67.6961 67.5196 67.4473 67.4373 67.1847 68.1217 68.2263 68.4251 67.8348 68.0049 67.7531 69.2711 68.9631 68.6418 68.334 68.6244 68.5382 
52.8995 52.4593 52.1809 51.9764 51.8399 51.8553 53.1268 52.6114 52.4143 52.0045 51.966 52.1635 53.1203 52.8073 52.5394 52.2394 52.3421 52.3891 53.3839 53.1183 52.8522 52.6467 52.721 52.6726 53.9865 53.5128 53.2972 53.1778 53.0123 53.0418 54.6239 54.23 53.7707 53.7402 53.588 53.5081 
35.0509 35.4334 35.3587 35.1913 35.4425 35.6953 35.0515 35.2657 35.3039 35.4911 35.7959 36.1626 34.8793 35.2339 35.531 35.4488 35.941 36.3761 34.5761 34.6124 35.009 35.8728 36.2616 36.3713 35.1217 35.2688 35.4293 35.7018 36.1783 36.77 35.424 35.5575 35.6164 35.901 36.3366 37.0531 
16.0991 16.0287 16.0053 15.9649 16.295 16.6046 16.0135 15.9969 15.8104 15.9418 16.0665 16.4677 15.6426 15.9721 15.8664 15.8327 16.0354 16.1936 15.7076 15.6408 15.7376 15.8285 15.9687 16.3597 15.6764 15.7623 15.7099 15.988 16.19 16.4527 15.7787 15.8467 15.9089 16.0182 16.419 16.6434 
112.31 111.652 110.573 108.773 108.161 107.554 111.576 111.069 110.385 109.573 107.196 107.1 110.304 110.167 109.813 108.737 107.811 106.402 108.733 108.054 107.725 106.294 105.969 106.342 108.015 107.912 107.744 107.015 106.267 106.323 108.247 108.299 108.535 107.641 106.887 106.442 
101.209 101.703 101.625 102.507 103.641 103.756 102.209 103.214 103.32 103.534 104.342 105.054 102.531 103.832 104.514 104.623 104.568 105.684 103.632 104.972 105.225 105.297 105.417 106.369 104.467 105.437 105.859 106.007 106.44 106.877 105.471 106.277 106.395 106.056 106.373 107.342 
96.89 96.8474 96.8415 97.3316 97.9689 98.2335 97.5304 97.6446 97.623 97.7918 98.1955 98.7136 97.8423 98.1405 98.4754 98.6002 98.3709 99.0751 98.7539 99.1304 99.3392 99.5183 99.2555 99.4885 99.3562 99.6132 99.7294 99.9384 99.8975 99.8548 99.9035 100.111 100.295 99.9736 99.9927 100.319 
97.2892 95.395 94.491 94.5298 94.1477 95.0635 96.075 94.9819 94.0323 94.2765 93.9199 94.2994 95.4026 94.8435 93.9975 93.6444 93.8845 94.161 95.1571 94.904 94.3098 94.1889 95.0456 94.918 95.0456 94.7436 94.6979 94.9667 94.7603 94.4138 96.1614 95.6599 95.1031 94.7536 95.0096 95.3531 
82.9955 82.8793 82.9243 83.2443 83.3306 83.4546 83.1477 82.8786 82.6464 83.1742 83.418 83.2846 83.6311 82.7562 83.0008 83.6255 83.6023 83.3274 83.7796 83.639 83.6907 83.8112 83.7538 83.4652 83.7038 83.8997 84.0797 83.7408 83.926 83.5798 84.3137 84.1363 83.9724 83.6727 84.0275 84.0564 
73.1413 73.0939 73.0484 73.1105 73.2858 73.4311 73.2757 73.2026 73.1909 73.2104 73.4032 73.5665 73.5483 73.4911 73.5232 73.6265 73.7809 73.799 73.7722 73.7319 73.8194 73.9379 74.0386 74.013 74.0154 73.9119 73.9113 74.1255 74.1025 74.0523 74.1026 74.0303 74.0092 74.1299 74.1507 74.2186 
57.1689 57.5296 57.3608 57.3166 57.4599 57.7411 57.165 57.4865 57.5854 57.7147 58.044 58.3963 57.127 57.4473 57.841 57.832 58.2871 58.7178 56.961 56.9797 57.419 58.2728 58.6102 58.6368 57.6386 57.6485 57.7992 58.0042 58.4268 58.8974 57.8447 57.9606 57.8867 58.1621 58.4767 59.0407 
50.3008 50.5505 50.3346 50.2885 50.3414 50.5471 50.2158 50.3775 50.4578 50.4759 50.751 51.0262 50.0919 50.4168 50.6939 50.4519 50.8737 51.3543 49.8233 49.6867 49.9126 50.8188 51.1219 51.1647 50.4684 50.4358 50.38 50.5213 50.8059 51.3428 50.5255 50.6463 50.4821 50.482 50.7238 51.4739 
38.5975 38.9023 38.686 38.4147 38.4466 38.569 38.2994 38.4725 38.344 38.4638 38.6581 38.8916 37.9709 38.3058 38.3744 38.2813 38.6946 39.088 37.5823 37.503 37.7799 38.5494 38.8943 38.9136 37.9426 38.0052 38.0203 38.1577 38.5013 39.2145 38.0386 38.1266 38.0454 38.2417 38.6662 39.3863 
116.803 116.958 116.666 115.735 115.997 116.513 116.276 117.205 117.159 116.632 116.672 116.326 115.659 116.801 116.755 116.211 116.467 116.233 115.198 116.158 116.112 115.697 115.758 116.045 115.863 116.383 116.41 115.477 115.801 116.115 116.523 117.363 116.47 116.024 115.872 116.429 
114.768 115.279 115.517 115.287 115.446 115.91 114.741 115.411 115.719 115.394 115.791 116.643 114.473 115.554 116.024 115.694 115.456 116.719 114.822 115.362 116.052 116.132 115.858 116.963 114.239 115.219 115.475 116.173 116.055 116.676 113.609 114.744 115.693 115.992 116.148 116.151 
109.557 107.424 106.393 106.603 106.395 107.766 108.202 107.087 106.075 106.456 106.048 106.722 107.558 107.232 106.388 105.891 106.262 106.693 107.336 107.484 106.916 106.645 107.786 107.753 107.264 107.42 107.395 107.634 107.66 107.349 108.816 108.689 107.943 107.543 108.245 108.717 
108.376 105.563 104.15 104.283 103.82 104.961 106.572 104.879 103.744 103.872 103.179 103.871 105.62 104.492 103.106 102.76 103.134 103.401 104.833 104.636 103.467 102.498 104.363 104.335 104.818 104.477 103.777 103.866 104.064 103.552 106.071 105.514 104.352 103.804 104.7 104.984 
101.561 99.1956 98.447 98.8536 98.3998 99.4354 99.806 98.396 97.6487 98.4714 98.0269 98.5208 98.8923 98.098 97.2209 97.2271 97.897 98.0164 98.2427 97.9464 97.3418 97.31 98.8707 98.6662 97.9446 97.6906 97.6555 97.9907 98.0943 97.7668 99.2501 98.6125 97.9275 97.6438 98.3696 99.0545 
79.7874 80.0071 80.2393 80.5842 80.7298 81.1222 79.5977 80.0079 80.3242 80.6979 81.0815 81.3457 79.7331 80.0959 80.5183 80.9213 81.2089 81.2968 79.7338 80.0935 80.615 80.8952 81.1151 81.1991 79.7039 79.9275 80.1303 80.3658 80.7127 80.8654 79.455 79.627 79.5173 79.8797 80.3996 80.6487 
71.4594 71.5219 71.6053 72.0653 71.8919 72.334 71.2829 71.5957 72.0076 72.0111 72.1573 72.3295 70.9459 71.4281 71.8 71.8598 72.128 72.5586 71.0134 71.0503 71.341 71.7589 71.8006 72.2763 71.2891 71.3388 71.2754 71.4744 71.3815 71.4965 70.9816 71.2737 71.389 71.1771 71.0347 71.3049 
60.3376 60.6907 60.5005 60.42 60.2313 60.4128 59.9918 60.251 60.3474 60.4121 60.5944 60.7871 59.6524 60.0382 60.1709 60.1524 60.5966 61.0167 59.2613 59.1901 59.5119 60.3331 60.62 60.611 59.6073 59.6781 59.7188 59.6954 59.925 60.6182 59.5282 59.744 59.5776 59.6084 59.9585 60.6457 
61.4847 61.0031 60.4181 59.7977 58.9323 58.7518 60.4559 60.326 59.4896 58.8818 58.2385 58.0581 59.5172 59.6513 58.637 58.0254 57.6422 57.7291 59.4532 58.8984 58.1421 57.6364 57.2462 57.2203 59.2534 58.6775 57.6755 56.8277 56.1314 56.6761 58.9548 58.6449 57.649 56.7743 56.5534 56.7368 
122.888 122.92 122.945 121.781 121.327 121.587 122.231 122.524 122.644 121.841 121.733 121.894 121.646 122.044 122.212 121.471 121.127 121.719 121.317 121.037 121.576 121.296 120.912 121.643 120.493 120.652 120.681 120.885 120.518 121.095 119.514 119.95 120.405 120.492 120.417 120.451 
122.773 122.864 123.923 123.822 123.593 124.124 122.833 123.253 124.316 124.861 124.398 124.158 123.376 123.832 124.456 124.355 123.866 123.961 123.368 123.331 123.126 123.035 122.96 123.408 122.701 123.109 122.733 122.521 122.245 122.747 122.041 123.151 124.353 123.916 123.479 123.236 
119.666 119.529 119.162 118.691 118.689 118.778 119.583 119.539 119.5 118.595 118.359 118.912 119.839 119.541 119.114 118.703 118.476 119.221 119.764 119.592 119.283 118.212 118.935 119.687 119.852 119.824 119.066 118.977 119.313 119.411 119.071 119.32 119.377 119.314 119.692 119.467 
114.4 111.964 110.702 110.88 110.442 111.399 112.725 111.325 110.429 110.489 109.751 110.222 112.049 111.041 109.789 109.272 109.832 110.084 111.449 111.027 109.972 109.085 111.134 111.095 111.522 111.066 110.518 110.478 110.843 110.443 112.676 112.02 111.086 110.515 111.412 111.955 
116.066 117.322 117.225 119.186 118.985 119.893 117.013 117.268 117.584 119.095 119.075 120.418 119.458 118.318 119.315 119.299 119.831 120.763 119.639 119.297 120.835 122.289 121.599 121.226 119.707 118.232 120.328 123.375 123.047 120.879 117.96 117.135 119.123 120.404 121.481 117.61 
103.456 103.623 104.774 105.57 106.148 106.303 102.91 103.253 104.068 105.23 105.875 106.238 102.563 102.861 103.397 104.175 105.206 106.016 102.086 102.502 103.191 103.747 104.683 105.631 101.926 102.176 102.999 103.497 104.196 104.811 102.031 102.145 102.667 103.082 103.818 104.559 
88.6713 90.0268 90.1967 90.6189 90.9198 91.0908 88.2866 88.7308 89.8656 90.4572 90.8144 91.2464 88.1313 88.3771 88.4344 89.7948 90.3096 90.8852 87.7142 88.0017 88.336 88.6024 89.1863 89.5524 87.3629 87.6175 87.9405 88.2769 88.7961 88.9565 87.1077 87.3499 87.5389 87.8685 88.1668 88.3597 
79.011 79.3476 79.2178 79.4279 78.9927 79.359 78.4531 78.6062 79.1524 79 78.7504 78.8566 77.8972 77.9565 77.9149 78.028 78.0693 78.5225 77.6399 77.026 76.8374 77.0007 76.7175 77.1666 77.6471 77.2301 76.5649 76.3306 76.0181 76.0344 77.4307 77.1434 76.6962 75.8034 75.5024 75.6738 
74.3691 74.8174 74.0454 73.095 72.0443 71.6071 73.1822 73.1046 72.4841 71.8058 71.0327 70.7411 72.0629 72.0463 70.505 70.6156 70.2037 70.0815 71.5971 71.0294 70.119 69.1516 68.7143 68.5879 70.8679 70.1924 69.2097 67.9412 67.3278 68.0589 70.3728 69.8496 68.6415 67.7107 67.6748 67.7331 
126.819 126.461 127.453 127.286 126.954 127.218 127.024 127.17 128.063 129.015 128.108 127.095 127.662 127.592 127.754 127.882 127.293 126.416 127.324 127.231 125.963 125.335 125.216 125.022 127.472 127.083 126 124.495 124.184 124.554 127.312 127.678 128.024 126.783 125.725 125.727 
131.709 132.169 131.294 131.729 132.012 131.275 132.422 132.19 132.003 132.596 130.8 130.327 133.553 133.998 133.225 132.233 131.438 131.646 132.198 132.594 130.484 130.134 131.465 132.45 131.742 131.455 130.853 131.059 132.105 132.096 131.019 131.143 131.83 132.289 131.362 131.794 
129.838 129.484 130.178 130.683 130.27 130.278 130.559 130.371 131.09 131.68 131.067 130.43 131.424 131.304 131.379 131.328 130.941 130.372 131.593 131.359 130.369 130.113 130.051 129.649 131.766 131.68 130.665 130.046 129.392 129.353 131.685 132.008 132.845 131.867 131.163 130.711 
126.491 127.835 127.796 129.435 128.671 129.258 127.418 127.717 127.89 129.269 128.934 129.603 129.934 129.097 129.783 129.293 129.661 130.306 130.648 130.435 131.499 132.854 131.673 130.968 130.823 129.344 131.224 133.706 132.916 130.681 129.077 128.248 129.817 130.651 131.362 127.612 
123.494 124.833 125.502 127.814 127.956 128.85 124.238 124.818 125.295 127.495 128.049 129.158 126.627 125.995 127.537 127.666 128.511 129.527 127.092 127.049 129.184 131.664 130.655 130.137 126.863 125.844 128.616 132.31 132.133 129.933 126.096 125.101 127.416 129.107 130.302 126.858 
125.957 127.363 127.828 130.463 130.9 131.929 126.897 127.343 127.881 130.426 131.207 132.488 129.416 128.63 130.264 130.384 131.405 132.566 129.564 129.641 131.993 134.287 133.31 132.939 129.121 128.047 131.121 135.024 134.721 132.754 128.009 127.455 129.963 131.617 132.882 129.496 
136.816 137.788 139.305 139.361 139.981 138.487 136.155 138.389 139.276 139.393 141.007 139.911 136.914 137.158 137.984 136.875 138.938 140.835 137.424 136.6 138.147 137.919 140.865 140.855 136.171 136.822 137.667 138.349 140.25 139.662 136.582 136.965 137.106 138.409 139.626 139.468 
120.539 122.865 123.07 123.447 123.9 123.591 120.045 120.654 122.361 123.226 123.39 123.908 120.282 120.212 120.357 122.002 122.281 123.289 119.791 120.021 120.231 120.065 120.881 120.871 119.067 119.327 119.428 119.567 120.346 120.222 118.537 118.654 119.165 119.19 119.365 119.483 
141.838 141.76 142.186 140.966 141.517 140.584 141.107 142.431 142.792 141.354 139.295 139.808 141.382 142.206 143.031 142.058 139.625 140.278 141.48 141.141 141.117 140.083 137.349 138.437 140.078 139.596 138.592 134.756 133.924 134.587 130.063 129.528 128.574 124.631 122.245 125.558 
135.131 135.995 134.771 135.031 135.387 134.718 135.827 135.759 135.366 135.809 133.819 132.965 136.851 137.323 136.263 135.104 133.987 134.295 135.011 135.653 133 132.178 133.834 135.369 134.703 133.459 132.902 133.241 134.802 135.443 131.164 130.841 131.001 131.643 130.742 132.469 
135.076 135.727 134.839 135.397 135.76 135.291 135.752 135.736 135.698 136.373 134.562 134.201 136.895 137.573 136.845 136 135.296 135.298 135.438 136.141 133.719 133.455 134.992 135.798 135.135 134.84 134.175 134.362 135.52 135.588 134.546 134.651 135.262 135.444 134.537 135.215 
137.48 137.92 137.1 137.714 138.21 138.058 137.839 137.748 137.672 138.14 137.033 137.399 138.556 139.253 138.444 137.711 137.821 138.826 137.658 138.215 136.239 136.213 138.268 139.754 137.639 137.262 136.845 137.232 138.75 139.457 137.177 136.961 137.167 137.713 137.548 138.665 
141.716 142.227 142.911 142.767 142.051 142.036 141.292 141.701 142.148 142.037 141.662 141.381 141.645 142.317 141.997 141.747 142.05 142.403 142.595 143.158 142.464 142.476 143.024 142.98 143.163 143.315 142.771 142.384 142.573 142.621 143.24 142.945 142.234 141.955 142.109 142.436 
133.757 135.25 135.743 137.688 137.172 138.021 134.602 135.103 135.474 137.22 137.277 138.145 137.219 136.588 137.744 137.429 138.034 138.883 137.985 137.907 139.462 141.368 140.222 139.709 137.787 136.52 138.925 141.988 141.482 139.395 136.564 135.63 137.607 138.835 139.71 136.176 
160.191 160.008 161.337 163.044 163.56 162.747 159.467 159.998 161.054 162.878 164.315 162.668 160.674 160.641 161.908 161.729 163.646 164.545 161.791 161.073 162.781 163.191 165.194 165.269 159.627 160.027 161.326 162.609 163.894 164.289 159.563 159.923 160.295 162.486 163.389 163.902 
175.777 176.079 176.552 179.997 182.108 180.041 172.922 177.609 178.638 178.086 180.505 178.538 177.415 177.765 179.133 179.015 178.551 178.387 178.855 178.401 180.355 179.3 179.467 178.321 180.996 181.859 179.976 180.013 181.346 179.829 173.961 176.007 176.303 177.006 178.617 179.513 
189.615 190.565 192.706 192.611 189.53 189.085 189.969 188.034 189.995 191.293 188.162 188.804 190.092 189.229 188.522 189.904 187.006 190.156 190.02 190.846 189.839 185.199 188.254 192.151 190.805 193.081 192.251 191.852 192.067 192.853 189.547 189.588 190.678 188.243 187.562 188.149 
203.9 204.08 204.964 204.836 205.454 204.329 203.827 205.253 206.393 205.798 204.158 204.493 204.55 205.854 207.395 207.138 204.912 205.774 205.391 205.292 206.027 205.499 203.283 204.318 203.973 203.862 203.728 200.749 200.019 200.782 195.209 195.217 195.373 192.203 190.174 192.859 
153.514 155.488 154.122 152.169 152.521 153.225 153.398 154.031 152.881 150.993 151.191 150.415 152.815 153.19 152.692 151.816 150.375 149.458 150.088 150.082 148.253 146.254 145.924 146.863 149.106 146.725 146.257 145.675 143.66 143.727 103.889 103.263 102.625 102.069 101.606 101.689 
139.571 140.063 139.172 139.861 140.85 140.775 140.207 140.103 139.878 140.643 139.505 139.616 140.907 141.564 140.741 140.209 140.123 141.051 139.319 139.997 137.931 137.973 140.147 141.951 139.15 138.493 138.048 138.816 140.717 141.736 138.21 138.15 138.381 139.24 138.84 140.46 
146.979 146.606 147.085 147.681 148.4 148.773 146.928 146.895 147.724 147.754 148.348 149.074 146.58 146.548 146.809 147.634 148.579 149.756 145.972 146.052 146.214 147.231 148.447 149.532 146.159 145.737 145.854 146.918 148.004 149.295 146.299 146.154 146.536 146.999 147.447 148.868 
148.424 148.646 149.286 149.358 149.126 149.587 148.271 148.573 149.014 149.177 148.981 149.029 148.426 148.846 148.35 148.595 149.298 150.228 149.298 149.592 148.815 148.986 149.874 150.725 149.923 149.26 148.819 148.639 149.31 150.334 149.201 148.951 148.356 148.274 148.759 149.556 
166.542 167.654 166.982 167.766 168.04 166.55 163.696 166.976 167.377 166.655 167.063 166.049 166.707 167.586 167.014 166.964 167.763 167.827 167.618 168.216 168.173 168.723 167.915 167.738 166.188 166.648 166.489 166.961 167.123 168.193 165.76 166.62 166.483 166.567 167.338 170.081 
181.131 180.756 180.524 184.824 186.863 185.484 178.009 181.774 182.535 182.901 185.063 182.767 182.33 182.729 183.889 184.493 183.922 182.601 183.793 183.548 185.596 185.085 184.231 182.877 185.636 186.336 184.757 185.093 185.929 184.796 177.844 179.99 180.351 181.302 183.014 184.283 
195.692 196.289 197.564 199.941 197.514 197.092 194.37 193.504 195.241 197.255 194.921 194.757 196.068 195.491 194.759 197.352 193.716 195.153 196.28 198.02 197.301 192.315 194.12 197.238 199.074 202.093 199.964 199.532 199.456 199.583 195.516 196.923 197.671 195.603 195.599 196.752 
207.795 208.397 209.389 210.542 208.86 207.567 206.866 206.062 207.922 208.636 206.382 206.029 208.089 207.487 206.949 208.516 205.221 206.682 208.496 209.502 208.396 205.254 206.168 208.576 210.075 211.98 210.312 210.582 210.214 210.516 207.864 208.127 209.072 207.338 207.11 208.124 
216.261 215.796 219.435 218.613 215.561 216.244 217.037 212.904 216.852 217.21 212.948 215.496 216.771 215.451 215.426 217.476 213.292 216.156 216.379 218.228 217.278 213.317 214.391 217.925 216.264 218.386 218.754 219.07 218.75 217.716 215.782 215.894 218.042 215.307 215.266 216.434 
148.782 148.591 147.534 145.456 145.331 145.879 161.259 161.313 158.803 157.174 157.084 156.194 162.264 162.3 161.822 159.486 158.078 157.543 160.168 159.881 158.626 155.148 154.752 155.767 159.663 157.54 156.993 156.29 153.252 153.253 122.827 122.588 121.807 121.105 119.392 119.289 
152.572 153.078 153.03 152.604 152.194 151.817 152.386 152.423 153.523 152.959 152.592 152.457 152.76 152.099 152.885 152.209 152.381 152.652 152.613 152.711 152.362 151.966 152.304 152.649 152.573 152.261 152.487 152.396 152.688 152.828 152.963 152.851 153.056 152.616 152.89 152.907 
153.519 153.134 153.625 153.838 154.307 154.498 153.289 153.067 153.955 154.003 154.357 154.813 152.983 152.407 152.949 153.48 154.28 155.401 152.412 152.413 152.532 153.149 154.162 155.386 152.819 152.076 152.372 153.295 154.324 155.299 153.118 152.989 153.348 153.838 153.96 154.895 
165.565 166.289 165.127 164.303 164.521 163.054 163.873 165.615 165.481 163.366 163.006 163.086 165.7 165.483 164.352 163.966 163.695 163.584 165.461 165.723 164.371 165.214 164.301 163.495 164.62 164.293 163.855 164.637 163.21 163.408 164.648 164.655 164.682 164.049 163.357 164.664 
175.757 177.426 176.058 175.212 175.576 174.273 173.268 177.283 176.906 174.605 174.474 174.292 175.836 177.186 176.458 175.161 174.751 174.706 176.482 177.651 176.708 176.273 174.859 174.548 175.748 175.884 175.54 175.187 175.402 175.713 175.975 176.885 176.278 175.035 175.618 177.499 
186.058 187.098 185.926 186.137 186.324 185.559 184.897 187.232 187.115 186.388 186.703 186.25 187.136 187.628 186.865 186.667 187.521 187.51 187.465 187.737 187.482 187.52 187.033 186.848 186.526 186.779 186.363 186.793 186.772 187.411 186.429 187.348 186.995 186.631 187.394 188.949 
204.163 203.707 203.345 205.555 207.728 205.889 202.11 205.144 205.578 205.135 205.997 203.888 204.765 204.671 205.499 206.127 205.156 204.073 205.364 205.54 206.509 205.883 205.533 204.25 207.74 208.058 206.435 205.828 206.78 205.59 202.65 203.16 203.019 202.392 203.806 205.19 
218.35 218.295 220.993 220.607 218.252 218.413 218.995 216.259 219.069 219.386 216.377 217.6 219.106 218.385 217.759 219.275 216.381 218.09 218.861 220.477 219.331 216.503 217.207 219.649 218.994 221.044 220.692 220.708 220.447 219.89 219.228 219.104 220.222 218.287 218.063 219.155 
235.44 234.972 241.265 244.352 243.852 240.828 241.558 238.547 244.118 244.858 244.035 244.084 242.553 239.874 241.833 241.49 243.225 244.182 240.501 239.43 241.881 239.485 242.382 241.934 239.454 241.308 240.985 236.251 238.796 242.528 236.74 240.038 241.615 238.793 238.175 242.194 
115.744 113.337 112.228 111.231 110.526 110.653 161.279 160.948 158.45 157.34 156.78 156.45 166.294 166.108 165.327 162.546 161.944 161.258 167.382 167.108 166.679 164.086 162.941 162.201 167.731 167.155 166.553 165.801 163.439 162.599 167.275 166.961 166.286 165.651 163.426 162.925 
152.432 151.898 151.279 150.426 149.759 149.743 158.936 158.67 157.883 157.771 156.967 156.548 159.947 159.036 159.152 158.408 157.897 157.225 160.44 159.889 159.006 158.034 157.588 157.734 160.582 159.868 158.99 158.55 157.894 157.899 160.404 159.611 159.23 158.555 158.012 157.373 
164.288 163.747 162.822 160.091 159.482 158.664 166.041 162.571 161.921 159.751 158.203 158.814 164.826 161.999 161.13 160.14 158.458 157.577 163.206 162.339 159.449 160.368 160.409 158.39 162.288 160.707 160.469 162.548 158.793 156.6 163.126 161.232 161.816 161.618 158.327 155.26 
176.456 175.716 173.911 169.042 168.413 167.279 179.025 175.177 172.391 169.026 166.458 166.732 177.412 174.954 172.849 170.316 166.47 164.282 175.425 174.846 169.695 169.995 169.145 165.605 173.97 171.872 170.887 172.645 166.956 163.244 175.397 173.335 172.314 171.369 166.18 160.865 
180.865 182.355 180.951 179.379 179.389 177.801 180.117 182.448 181.662 179.117 178.669 178.693 182.322 182.426 180.853 180.013 179.556 179.107 181.898 182.401 180.312 180.955 179.908 178.79 180.851 180.5 179.601 180.69 178.946 178.822 181.319 181.896 181.265 180.326 179.429 180.117 
197.416 196.065 196.168 194.663 196.288 195.51 198.414 197.959 197.543 197.635 197.218 196.125 197.647 195.738 196.683 197.459 198.061 197.392 197.12 196.349 196.384 196.312 198.133 196.865 197.577 195.61 195.972 195.809 196.908 196.244 198.957 196.848 196.165 195.253 196.253 195.657 
209.357 207.974 208.127 207.445 208.502 207.834 210.256 209.499 208.887 209.619 209.612 208.401 209.678 207.534 207.861 209.577 210.635 209.685 209.078 208.123 208.264 208.39 210.01 208.803 209.645 208.317 208.097 207.607 208.181 207.777 210.479 208.407 207.565 206.911 207.638 207.431 
233.997 233.601 239.321 242.496 242.073 238.853 239.852 237.214 242.053 243.149 242.394 241.809 240.776 238.062 239.64 239.626 241.488 241.976 238.641 237.578 239.945 237.308 240.342 239.848 238.172 239.989 239.326 234.014 236.489 240.638 235.817 238.798 239.752 236.499 235.456 239.594 
239.057 238.68 246.238 249.942 249.143 246.14 246.135 242.794 249.229 250.284 249.302 249.656 247.268 244.198 246.6 246.424 248.416 249.229 244.994 244.012 247.326 244.037 246.951 246.22 244.277 246.775 246.592 240.577 243.088 246.871 240.803 245.087 246.789 243.416 242.474 246.853 
