4849680
134.738 135.281 134.855 135.088 135.332 135.059 136.218 136.232 136.253 136.478 135.506 135.311 136.809 137.344 136.887 136.312 136.054 136.316 136.014 136.227 135.178 135.295 136.425 137.085 135.662 135.522 135.593 135.948 136.836 136.889 135.406 135.505 135.832 136.075 135.802 136.417 
160.804 161.148 160.916 161.101 160.954 160.819 162.152 161.204 161.507 162.177 160.754 160.985 162.312 162.286 161.375 161.687 161.136 162.24 161.11 161.792 160.25 159.388 161.671 163.645 161.249 161.489 161.215 161.498 162.51 163.475 161.442 161.287 161.538 161.051 160.997 162.232 
213.858 213.594 217.341 219.671 218.589 217.193 217.632 215.318 218.93 219.685 218.993 218.986 218.528 216.396 217.153 217.84 218.64 219.169 216.936 216.291 217.675 215.353 217.925 218.229 216.873 218.005 217.402 213.812 215.567 219.229 215.101 217.125 218.053 215.294 214.755 218.145 
229.868 229.455 234.677 237.621 236.145 233.953 235.036 231.639 236.499 237.688 236.464 236.634 236.137 233.294 234.255 235.149 235.923 236.981 233.939 233.051 234.525 231.56 235.006 235.746 233.572 235.412 234.375 229.799 232.186 236.835 231.364 233.974 235.285 231.852 230.862 235.285 
116.922 117.189 116.788 117.318 117.919 118.111 118.108 118.031 118.223 118.754 118.36 118.72 118.763 119.046 118.866 118.649 118.887 119.626 118.138 118.277 117.444 117.585 118.996 120.126 118.035 117.893 117.906 118.155 119.311 119.898 117.968 117.848 118.205 118.517 118.722 119.598 
140.342 140.329 140.595 141.068 141.163 141.443 139.708 140.326 140.646 140.584 140.954 140.908 140.369 140.349 140.645 140.722 140.634 141.204 140.869 140.701 141.199 140.973 140.961 141.297 141.38 141.245 141.188 141.188 141.416 141.631 140.316 140.543 140.627 140.457 141.012 141.423 
189.074 189.087 189.619 190.213 189.629 189.59 188.859 188.264 188.969 189.499 188.737 188.972 189.159 188.851 188.338 189.256 188.15 189.635 189.113 189.729 189.201 187.549 188.762 190.58 190.078 190.768 190.093 190.186 190.492 191.347 189.774 189.681 189.721 188.75 188.891 189.823 
216.188 215.704 220.219 223.455 222.948 221.016 220.413 218.53 222.74 223.624 223.507 223.379 222.015 219.825 221.411 221.636 222.878 223.325 220.68 219.509 221.687 219.589 221.844 221.478 220.408 221.459 220.847 216.853 219.095 222.669 217.828 220.322 221.372 219.003 218.468 221.887 
67.3291 67.4467 67.3533 67.1863 67.106 67.2928 67.205 67.2882 67.2217 67.185 67.3058 67.5278 67.1925 67.1899 67.3596 67.1757 67.3513 67.8788 67.2947 67.0352 67.2027 67.7127 67.7876 67.849 67.5748 67.4552 67.5412 67.5441 67.7786 67.9312 67.6346 67.5562 67.5843 67.5276 67.6745 67.9653 
95.1255 94.869 94.8018 94.956 94.8817 95.2118 94.8701 94.8163 94.8961 94.8884 95.0283 95.3322 94.9324 94.8321 94.9495 94.8233 94.9071 95.6187 95.1392 94.9269 94.9757 95.0459 95.1982 95.6229 95.2889 95.0239 95.1193 94.9985 95.0384 95.4158 95.2232 95.0651 94.9603 94.8625 94.9937 95.3648 
139.071 138.869 138.653 139.064 139.147 139.012 138.406 139.139 138.917 138.597 138.817 138.488 139.138 139.183 139.179 138.817 138.499 138.74 139.581 139.687 139.79 139.213 139.029 138.922 140.077 139.968 139.729 139.589 139.666 139.348 139.248 139.459 139.312 139.058 139.255 139.267 
143.051 144.048 143.761 145.722 145.51 145.543 143.364 144.283 144.201 145.553 145.706 146.072 146.236 145.493 146.418 145.879 145.97 146.603 146.641 146.249 147.777 149.637 147.879 147.086 146.142 144.791 146.807 149.77 148.995 147.098 144.649 143.885 145.539 146.586 147.219 144.124 
52.3863 52.5217 52.4031 52.4578 52.5365 52.6543 52.3446 52.3847 52.4979 52.5199 52.7635 52.989 52.3067 52.4156 52.6162 52.5317 52.7911 53.1232 52.2506 52.0651 52.2467 52.8478 53.0392 52.9246 52.6654 52.5092 52.5629 52.6169 52.8276 53.0857 52.7239 52.7105 52.5394 52.6334 52.8115 53.192 
66.3189 66.3158 66.1658 65.9985 65.8615 66.0521 66.0792 66.0965 65.9499 65.8582 65.9627 66.1399 65.9954 66.0766 66.132 65.9419 65.9345 66.451 65.9896 65.8452 65.8992 66.2743 66.4003 66.3913 66.2994 66.1339 66.1545 66.1263 66.2712 66.4404 66.3667 66.3562 66.0976 65.9995 66.1713 66.4352 
114.508 115.153 114.837 116.772 116.462 117.168 115.224 115.206 115.119 116.668 116.723 117.447 117.452 116.387 117.3 116.845 117.127 117.669 117.632 117.222 118.829 120.48 119.173 118.199 117.486 115.998 118.297 121.12 120.219 118.008 116.208 115.352 116.944 117.994 118.807 115.241 
127.41 127.836 127.374 129.308 128.943 129.494 127.523 127.899 127.574 129.044 129.109 129.777 130.096 129.012 129.652 129.137 129.523 130.098 130.262 130.011 131.356 132.869 131.593 130.773 129.851 128.467 130.578 133.455 132.711 130.621 128.748 128.033 129.599 130.515 131.454 128.211 
