4849680
99.0637 100.048 100.307 102.078 104.072 104.608 100.589 101.701 102.355 103.445 104.959 106.78 101.3 102.794 103.886 104.747 105.208 106.953 102.592 104.433 105.236 105.899 106.442 107.952 103.662 105.387 106.26 107 108.049 108.644 105.03 106.46 106.808 106.837 107.725 109.333 
105.171 102.645 101.581 102.24 101.97 103.002 103.68 102.362 101.34 102.254 101.832 102.402 102.972 102.306 101.393 101.294 101.771 102.108 102.618 102.49 101.842 101.636 103.085 103.125 102.529 102.331 102.392 102.765 102.884 102.485 104.37 103.837 102.929 102.516 103.354 104.059 
92.2762 92.216 92.2689 92.1642 92.1383 92.322 92.3539 92.3346 92.166 92.0874 92.1593 92.2765 92.5342 92.4085 92.3902 92.4369 92.3955 92.5599 92.8506 92.6818 92.795 92.9248 92.8046 92.5766 92.9721 92.8322 92.9068 92.9247 92.7662 92.5249 93.1553 92.8896 92.8126 92.7815 92.6975 92.6523 
79.3382 79.2057 79.1902 79.1914 79.0806 79.3124 79.5566 79.436 79.4471 79.3791 79.234 79.3429 79.7268 79.5938 79.5507 79.5438 79.5082 79.6861 80.09 79.8345 79.7504 79.9672 79.8525 79.8183 80.416 80.3981 80.2078 80.1576 80.0152 79.8582 80.7614 80.6548 80.6321 80.3248 80.1708 80.153 
69.4124 69.5096 69.4591 69.6981 69.6899 70.1777 69.5147 69.7222 69.9899 69.9323 69.941 70.2239 69.6506 69.7819 70.0272 69.8801 70.1215 70.376 69.9333 69.9065 69.9804 70.2534 70.2575 70.4355 70.5092 70.6053 70.4957 70.5231 70.3794 70.4414 70.8712 71.0526 70.9418 70.7211 70.6 70.7108 
59.3641 59.1472 58.7983 58.5497 58.167 58.206 58.8881 58.8237 58.4643 58.0901 57.9288 57.9571 58.358 58.5679 58.1466 57.8936 57.8718 57.9933 58.5157 58.3937 58.1858 58.0324 57.9411 57.9911 58.6931 58.6151 58.1986 57.9223 57.5631 57.9028 58.7729 58.8259 58.4208 58.0701 58.0289 58.1705 
37.7723 38.128 37.9311 37.7297 37.8888 38.0645 37.7772 37.8763 37.8637 37.9858 38.2133 38.5232 37.6279 37.8282 38.0606 37.9538 38.3605 38.7834 37.3357 37.2918 37.5607 38.3566 38.6744 38.7022 37.9057 37.9209 37.9965 38.178 38.5327 39.0664 38.1525 38.1902 38.1269 38.3374 38.6431 39.3165 
16.0109 15.8716 15.8188 15.7791 16.1104 16.4307 15.8936 15.8111 15.62 15.7562 15.8875 16.2795 15.5233 15.7922 15.6683 15.6414 15.8507 16.0134 15.587 15.4721 15.5571 15.6384 15.7886 16.1833 15.5713 15.6078 15.5487 15.8103 16.0172 16.2566 15.6674 15.6793 15.7569 15.8468 16.2466 16.4653 
109.709 107.631 106.642 107.435 107.633 109.052 108.383 107.426 106.639 107.501 107.48 108.536 107.584 107.454 106.76 106.508 107.088 107.932 107.353 107.654 107.081 107.001 108.503 108.841 107.42 107.745 107.939 108.324 108.605 108.421 109.324 109.411 108.661 108.245 109.205 110.121 
108.01 105.749 104.67 104.562 104.223 105.267 106.57 105.231 104.237 104.157 103.793 104.36 105.645 104.977 103.879 103.48 103.796 104.169 105.104 104.932 104.128 103.423 104.866 104.848 105.189 104.865 104.409 104.46 104.545 104.242 106.173 105.774 104.83 104.391 104.877 105.114 
99.9462 98.2783 97.375 97.1474 96.6927 97.3758 98.8899 97.7858 96.8343 96.8994 96.4209 96.6798 98.2692 97.5879 96.7131 96.3374 96.3679 96.5977 97.971 97.6574 96.9797 96.7694 97.4336 97.162 97.9506 97.5743 97.2968 97.4126 97.1232 96.7209 99.0236 98.4352 97.685 97.1408 97.3851 97.5996 
86.0071 86.0333 85.884 85.792 85.7784 86.0137 86.0145 86.0866 85.8252 85.703 85.8074 86.0431 86.097 86.0691 85.9971 85.8771 85.8687 86.3088 86.4023 86.249 86.1902 86.3549 86.2766 86.3728 86.6184 86.4837 86.4306 86.3783 86.4015 86.3529 86.8473 86.7306 86.655 86.4321 86.3477 86.3582 
74.0873 74.0138 73.8782 73.7121 73.5442 73.7197 73.8588 73.9216 73.7024 73.5167 73.5196 73.6064 73.6544 73.8038 73.5705 73.5394 73.6476 73.7953 73.8618 73.7952 73.7589 73.81 73.7952 73.9239 74.0598 74.0709 73.9409 73.7903 73.6632 73.9033 74.264 74.3179 74.1724 73.9179 73.9275 74.1357 
58.1319 58.4955 58.244 58.0339 58.0021 58.048 57.8936 58.1812 58.1124 58.1724 58.3454 58.5598 57.6588 57.9764 58.1388 58.0529 58.4258 58.8407 57.4347 57.3852 57.64 58.3674 58.6565 58.6979 57.935 57.8035 57.8544 57.925 58.2573 58.8264 58.0293 58.087 57.8867 58.0817 58.4313 59.0006 
50.9252 51.0666 50.7822 50.3672 50.2741 50.2598 50.7087 50.7695 50.533 50.412 50.4784 50.676 50.4346 50.6665 50.6394 50.3664 50.6476 50.9345 50.0445 49.8463 49.9503 50.6286 50.8759 50.7794 50.5005 50.348 50.2434 50.1839 50.4526 51.0787 50.5923 50.5324 50.2488 50.2807 50.5814 51.259 
35.4635 35.7527 35.5924 35.3446 35.5431 35.779 35.506 35.6266 35.5251 35.6614 35.8782 36.2383 35.2527 35.5398 35.7333 35.5824 36.025 36.4492 34.927 34.8803 35.1611 35.9368 36.2724 36.344 35.4021 35.4608 35.5224 35.7091 36.1534 36.7562 35.6559 35.6879 35.6333 35.8454 36.2759 37.0111 
119.03 120.368 120.242 122.097 122.057 122.985 120.079 120.483 120.71 122.169 122.379 123.465 122.545 121.657 122.649 122.463 122.986 123.828 122.781 122.692 124.281 125.72 124.855 124.4 122.923 121.681 123.847 126.834 126.389 124.307 121.29 120.813 122.736 124.033 125.047 121.195 
114.446 112.337 111.328 111.252 111 112.096 112.944 111.861 111.098 111.051 110.598 111.103 112.314 111.558 110.556 110.064 110.596 110.89 111.797 111.51 110.577 109.876 111.641 111.625 111.936 111.639 111.148 111.01 111.532 111.203 113.1 112.746 111.786 111.169 112.138 112.389 
107.176 106.931 106.49 106.092 106.219 106.421 107.011 106.985 106.693 105.887 105.89 106.208 107.187 106.891 106.492 106.075 106.006 106.492 107.272 107.266 106.839 105.962 106.595 106.772 107.609 107.545 106.982 106.62 106.896 106.789 107.446 107.507 107.185 107.033 107.082 106.836 
91.1022 91.0411 90.9595 90.9883 90.9604 91.0306 90.9379 90.8417 90.3788 90.6165 90.8199 90.8985 90.9974 90.5264 90.4855 90.7988 90.9897 91.1226 90.967 91.0761 91.0453 90.9169 91.0915 91.137 90.8203 91.1328 91.3091 90.9012 91.1711 91.0919 91.3028 91.0353 91.0568 90.8279 91.1287 91.3728 
81.5677 82.4012 82.4544 82.8954 82.9689 83.0689 81.1991 81.3431 81.7827 82.3827 82.8249 82.7535 81.2827 80.7516 81.0673 82.2481 82.5136 82.6649 81.0495 81.0773 81.2875 81.3631 81.5149 81.7337 80.6225 80.9185 81.3202 80.9536 81.3743 81.335 80.8843 80.9708 80.8978 80.7631 81.2691 81.3029 
74.7365 74.6026 74.5064 73.8654 73.3229 73.0725 73.881 73.8159 73.1712 73.1799 72.6778 72.4035 73.1584 72.9689 72.4554 72.797 72.7179 72.1958 72.4066 72.3956 72.2492 71.8984 71.8775 71.8858 71.8282 71.8915 71.8695 71.0515 70.9843 71.3923 71.6982 71.6595 71.279 70.9251 71.3389 71.5061 
63.4091 63.2694 62.656 61.8197 61.4325 61.1823 63.0799 62.7999 62.3655 62.0934 61.5104 61.5138 62.6377 62.4516 62.3242 61.7656 61.7186 61.6092 61.7279 61.1403 61.0513 61.4011 61.5385 61.3263 61.7925 61.3294 61.1092 60.9089 61.0226 61.409 61.7234 61.4532 61.0882 61.0209 60.9943 61.3599 
73.5367 72.0307 70.5857 67.816 66.5225 66.0598 73.6666 72.343 70.7322 69.2155 66.689 66.2418 73.813 72.7016 70.8992 69.5376 68.6127 66.64 72.236 70.9674 69.3544 68.0935 67.2427 66.7815 71.8463 70.4305 69.0533 67.7634 67.2845 66.8834 71.4581 70.2387 68.642 67.4692 67.0541 66.7844 
124.831 126.446 125.996 128.239 128.401 128.879 126.026 126.421 126.511 128.587 128.129 128.811 128.826 128.26 129.258 128.671 129.009 129.769 128.439 128.428 129.516 131.575 130.932 130.658 128.175 126.682 129.117 132.607 132.66 130.519 126.607 125.847 128.049 129.594 130.36 127.136 
121.573 122.732 122.642 124.36 124.156 124.899 122.523 122.892 123.027 124.431 124.585 125.315 125.011 123.951 125.01 124.722 125.167 125.73 125.109 124.812 126.518 128.061 126.893 126.274 125.058 123.755 125.977 128.834 128.201 126.112 123.531 122.955 124.773 125.884 126.854 123.152 
120.282 120.043 120.906 121.227 121.048 121.347 122.309 122.413 123.016 123.722 123.333 122.951 123.096 123.154 123.207 123.132 122.809 122.543 123.228 123.264 122.457 122.045 122.092 121.84 123.101 123.298 122.617 121.846 121.632 121.669 123.303 123.646 124.187 123.32 122.851 122.756 
108.976 109.954 109.758 110.111 110.235 110.119 108.554 108.83 109.661 109.79 110.038 109.859 108.438 108.722 108.698 108.952 109.049 109.282 108.379 108.733 108.652 108.181 107.912 107.968 107.871 108.207 108.243 108.211 107.995 107.722 106.992 107.252 107.119 106.901 106.962 107.217 
95.302 96.6196 97.1129 97.7879 97.787 97.5392 94.8226 94.3477 95.2828 96.3783 96.8181 95.6385 94.4747 92.8649 93.2045 95.8746 95.2278 95.1493 93.2931 93.3853 93.5361 92.3669 92.6653 93.0603 92.0704 91.8155 92.6434 91.4269 92.1834 92.293 91.626 91.4106 91.4714 90.7797 91.9399 92.52 
109.709 110.834 110.725 109.743 108.635 108.585 108.306 108.38 109.363 108.653 107.892 108.182 106.575 106.916 106.881 107.429 106.743 107.281 105.267 104.573 105.123 104.793 104.36 105.44 103.171 103.148 103.126 103.737 103.245 103.715 101.383 101.51 102.694 102.752 102.367 102.009 
125.426 125.86 125.723 123.8 121.682 121.137 124.44 123.997 123.6 123.038 120.536 119.866 123.577 123.561 122.177 121.366 120.934 120.262 122.933 123.03 121.486 120.104 120.13 120.352 122.957 122.399 121.592 119.992 119.285 119.394 122.001 121.468 120.65 119.692 119.266 118.754 
113.959 112.289 110.469 108.799 107.165 106.382 116.07 114.619 112.9 111.563 109.345 108.498 114.895 113.917 112.476 110.729 109.036 108.324 114.483 112.803 111.53 109.354 108.472 108.2 113.651 112.593 111.248 109.681 108.508 108.086 113.347 112.63 111.744 110.481 109.18 108.161 
127.484 129.014 128.527 130.772 130.91 131.308 128.622 128.988 129.104 131.028 130.6 131.351 131.23 130.722 131.633 131.126 131.441 132.142 130.753 130.821 131.844 133.731 133.141 133.002 130.553 129.09 131.389 134.818 134.721 132.831 128.989 128.272 130.405 131.945 132.603 129.631 
130.199 130.76 130.276 131.021 131.622 131.174 132.271 132.283 132.463 133.396 131.876 131.437 133.447 134.167 133.653 132.876 132.491 132.81 132.268 132.856 130.97 130.952 132.539 133.401 132.068 131.869 131.601 131.853 133.253 133.194 131.7 131.85 132.646 132.832 132.308 133.029 
129.083 128.635 129.426 129.837 129.584 129.433 131.154 131.002 131.662 132.444 131.773 131.069 132.332 132.137 131.949 131.771 131.184 130.518 132.651 132.393 131.293 130.754 130.448 129.834 132.38 132.434 131.566 130.668 130.018 129.667 132.23 132.738 133.082 132.199 131.252 130.713 
139.276 139.371 140.558 140.695 140.225 139.337 141.206 141.986 142.725 143.202 142.794 141.036 142.6 142.367 142.281 141.527 140.957 140.907 142.965 142.011 141.163 139.76 140.743 140.008 142.152 141.553 140.566 139.622 139.659 139.153 139.907 140.221 140.521 139.843 139.268 138.387 
147.042 149.477 148.417 148.294 148.026 146.57 144.087 148.11 148.617 146.574 146.888 146.447 146.034 147.368 146.565 146.548 146.269 146.538 145.516 146.204 145.868 145.856 144.272 144.551 143.625 143.899 143.258 143.516 143.338 144.243 140.162 141.125 141.205 140.282 140.872 143.33 
144.93 146.492 147.279 146.343 145.009 145.071 144.46 145.399 145.92 145.602 144.843 144.635 143.763 145.031 144.745 144.476 144.369 144.987 143.802 144.578 144.126 143.703 143.932 144.509 143.463 143.501 143.13 142.89 142.836 143.45 141.858 141.964 141.996 141.704 141.933 142.144 
146.823 147.786 147.866 146.722 145.908 146.271 147.519 148.132 147.856 147.384 146.617 146.86 147.082 148.139 147.646 146.813 146.619 147.061 147.231 147.929 147.139 146.688 146.846 147.402 147.151 147.206 146.823 146.529 146.421 146.716 146.323 146.567 146.177 146.078 145.894 145.774 
149.402 150.052 149.995 149.337 148.369 148.279 152.05 152.1 152.096 151.915 150.905 150.143 152.429 152.725 152.054 151.279 151.05 151.053 153.436 153.954 153.085 152.016 151.662 151.344 154.374 154.19 153.428 152.232 151.745 151.206 153.843 153.625 152.553 151.817 151.657 151.332 
136.089 136.786 136.056 136.762 137.68 137.252 136.238 136.531 136.561 137.161 135.917 136.004 137.114 138.101 137.742 136.952 136.771 137.459 135.966 136.882 135.182 135.431 137.394 138.584 135.731 135.769 135.65 136.587 138.461 138.494 135.866 135.588 136.221 137.16 136.851 137.952 
140.302 140.128 140.142 140.082 140.016 140.06 140.189 140.369 140.653 140.253 140.218 140.196 140.567 140.449 140.548 140.349 140.506 140.464 140.722 140.54 140.462 140.627 140.644 140.542 140.832 140.822 140.661 140.588 140.489 140.619 140.698 140.842 140.756 140.59 140.502 140.793 
143.478 143.079 143.903 143.784 143.003 142.453 145.194 145.356 146.006 146.082 145.363 144.167 146.293 146.042 146.09 145.192 144.615 144.244 146.993 146.288 145.307 144.455 144.599 143.774 146.613 146.419 145.571 144.522 144.105 143.685 146.429 146.73 147.029 146.044 145.2 144.333 
166.478 167.569 166.109 165.001 164.87 162.61 164.75 167.373 166.756 163.949 163.747 163.1 167.494 167.391 165.914 164.659 164.014 163.569 167.543 167.656 165.901 166.17 165.001 163.41 166.008 165.8 164.973 165.435 163.711 163.17 165.562 165.943 165.27 164.325 163.461 164.224 
175.733 176.844 176.401 176.976 176.654 175.03 173.628 176.83 177.005 176.226 176.559 175.096 176.409 176.891 176.555 175.984 176.158 176.646 177.417 177.127 177.171 176.82 176.299 175.911 175.85 175.331 175.065 175.317 175.547 176.138 174.31 175.097 174.732 174.678 175.571 177.184 
182.926 182.506 182.001 181.117 182.578 181.785 181.925 182.812 182.576 182.089 182.374 181.662 181.474 180.594 181.451 182.124 183.379 182.965 181.178 180.921 181.032 181.307 182.824 181.943 181.373 179.95 180.104 180.029 181.39 181.483 181.547 180.036 179.92 179.594 180.831 181.401 
182.203 183.222 183.22 182.473 182.394 182.015 182.682 183.462 183.641 183.135 182.517 182.387 182.903 183.703 183.266 182.534 182.627 182.93 183.626 184.29 183.547 183.008 183.22 183.409 183.69 183.784 183.382 183.026 183.303 183.342 183.986 183.942 183.237 182.993 182.951 183.008 
188.277 188.321 187.769 187.24 187.849 187.995 190.698 191.3 190.898 190.321 189.967 190.238 191.242 191.803 191.745 190.311 189.456 189.786 191.546 191.72 191.021 190.287 190.074 189.851 191.368 191.516 191.088 190.523 190.855 190.304 192.33 192.765 191.706 191.009 190.65 190.433 
143.023 142.688 144.024 144.973 146.314 147.228 143.133 143.717 144.384 144.544 145.88 147.165 142.79 143.143 143.463 144.936 146.393 148.353 142.376 142.964 143.667 145.378 146.86 148.215 142.708 142.428 142.626 144.71 146.739 147.597 143.475 143.271 144.036 145.452 145.55 147.186 
149.336 149.26 149.813 149.474 149.293 148.991 148.665 148.795 149.49 149.07 149.062 148.809 148.948 148.657 149.235 148.944 149.155 149.348 149.206 149.01 148.965 149.182 149.614 149.692 148.851 148.65 148.807 149.037 149.699 149.869 149.654 148.817 149.069 149.122 149.374 149.806 
159.337 158.484 158.134 156.157 155.726 155.197 160.657 158.306 157.428 155.695 154.731 154.997 160.026 158.297 157.5 156.648 155.235 154.616 159.12 158.364 156.505 157.197 157.002 155.644 158.793 157.314 157.138 158.44 155.64 154.378 159.245 157.885 158.138 157.908 155.347 153.319 
176.45 175.291 174.517 172.319 171.19 169.828 177.923 175.175 173.434 172.127 170.576 169.659 177.466 175.108 173.665 172.32 170.423 169.25 176.945 175.194 173.166 173.312 172.705 170.068 175.188 173.481 173.066 174.514 170.319 168.044 175 173.531 173.141 173.388 170.254 166.846 
192.355 191.56 191.154 194.39 197.079 195.311 188.916 193.116 193.479 193.022 195.083 192.717 192.931 192.123 193.502 195.003 194.356 192.746 193.577 193.199 194.521 194.098 194.115 191.953 196.591 196.271 194.144 194.036 194.993 193.495 189.108 190.303 190.253 189.945 192.18 193.455 
203.393 203.342 204.521 204.347 202.339 202.041 203.634 201.485 202.474 203.815 201.144 201.205 203.08 201.733 201.006 203.131 201.177 202.611 202.617 203.338 202.301 199.182 201.366 203.724 203.635 204.505 203.822 203.482 203.567 204.347 204.198 203.189 203.56 201.559 201.361 201.861 
213.537 212.818 212.795 212.359 213.066 211.673 213.418 213.076 213.205 213.22 212.665 211.624 212.729 211.71 212.113 212.814 213.01 212.556 212.876 212.352 212.217 212.67 213.452 212.779 212.856 212.225 212.139 211.9 212.372 212.257 213.634 211.933 211.463 211.138 211.425 211.665 
233.199 232.935 238.874 242.012 241.415 238.537 239.461 236.605 241.796 242.499 241.629 241.754 240.451 237.702 239.377 239.116 240.85 241.618 238.195 237.383 239.953 237.217 239.938 239.395 237.329 239.297 238.986 233.906 236.215 239.786 234.882 238.163 239.374 236.282 235.378 239.337 
147.45 147.052 148.725 149.823 151.427 152.074 147.452 147.518 148.869 149.34 150.84 152.259 147.147 147.047 147.811 149.363 151.186 153.465 146.522 147.015 147.695 149.457 151.518 153.282 146.527 146.145 146.775 149.21 151.807 152.832 148.013 147.378 148.528 150.238 150.671 152.458 
152.105 151.79 152.688 153.361 154.391 155.02 152.167 151.886 152.966 153.147 154.323 155.391 152.154 151.408 152.15 153.042 154.522 156.409 151.615 151.578 152.18 153.15 154.698 156.502 151.81 151.008 151.787 153.191 154.81 156.304 152.321 152.036 153.088 153.891 154.423 155.889 
159.256 159.146 159.466 159.26 159.079 158.77 159.063 158.495 159.455 159.08 159.104 159.185 159.149 158.141 158.994 158.633 158.933 159.39 159.008 158.77 158.863 158.728 159.054 159.772 159.009 158.391 159.003 159.443 159.793 160.03 159.674 159.111 159.823 159.74 159.774 159.812 
178.382 177.837 177.286 179.378 181.129 179.548 176.785 178.739 178.463 177.339 178.64 177.548 180.01 179.23 179.337 179.568 177.66 176.28 179.908 179.877 179.594 179.611 178.573 176.739 182.177 182.465 180.177 181.295 179.751 177.623 175.725 177.126 177.444 177.522 177.034 176.649 
197.133 197.435 198.835 200.756 198.476 198.08 196.184 195.054 196.551 198.418 196.078 195.924 198.165 197.046 196.045 198.646 194.849 196.253 197.837 199.205 198.164 193.754 195.078 198.096 200.082 202.685 200.694 200.71 200.085 200.33 196.139 197.298 198.204 196.129 195.879 196.775 
206.745 206.746 207.903 209.33 207.698 206.969 205.729 204.748 206.206 207.637 205.626 205.061 206.765 205.918 205.296 207.809 204.896 205.734 206.671 207.83 206.702 203.37 205.118 207.397 208.986 210.924 209.145 208.92 209.153 209.43 206.257 206.666 207.45 205.409 205.741 206.868 
229.454 229.159 234.572 237.448 235.912 233.623 234.677 231.199 236.156 237.41 236.122 236.29 235.74 232.994 233.836 234.665 235.518 236.761 233.571 232.923 234.422 231.143 234.545 235.488 233.156 235.207 234.349 229.787 232.121 236.606 230.992 233.745 235.286 231.783 230.816 235.262 
237.274 236.689 243.552 247.262 246.477 243.569 243.789 240.57 246.65 247.697 246.848 247.009 245.092 242.209 244.411 244.263 246.013 246.839 243.01 241.776 244.653 241.906 244.827 244.243 242.141 244.238 243.863 238.424 241.042 245.007 238.958 242.72 244.276 241.121 240.306 244.677 
