4188360
144.043 143.902 142.633 141.929 141.624 141.647 144.135 143.571 143.437 142.372 142.182 141.922 144.746 144.279 144.082 143.353 143.061 142.707 145.721 145.307 145.087 144.714 143.841 142.977 146.254 146.079 146.037 145.592 144.679 143.468 146.237 146.177 146.033 146.248 144.961 144.216 
143.024 142.545 142.525 141.998 141.758 141.868 142.489 142.935 143.091 142.847 142.776 142.417 142.751 142.94 143.423 143.212 142.886 142.98 143.044 143.385 143.618 143.447 143.331 143.335 143.568 144.436 144.782 144.131 143.961 143.1 143.829 144.795 145.227 144.277 143.644 142.937 
140.552 140.558 140.334 139.937 139.885 140.158 140.962 141.559 141.133 141.143 140.816 140.334 141.448 141.444 140.906 140.808 140.134 140.012 142.03 141.786 141.545 141.244 140.813 141.044 142.577 142.631 143.134 142.697 142.113 141.904 142.186 142.701 143.88 142.243 141.631 142.494 
139.042 139.27 138.876 138.09 138.043 137.956 139.731 139.928 139.36 138.928 138.721 138.234 140.093 139.878 139.33 139.025 138.411 137.93 140.086 140.029 139.744 139.45 138.963 138.754 140.498 140.867 140.887 140.382 139.587 139.359 140.352 140.528 141.242 140.108 139.273 139.645 
135.877 136.44 135.833 135.285 135.843 134.905 136.708 135.958 135.843 136.451 136.055 135.519 136.877 136.095 135.98 136.506 135.572 135.185 136.241 135.642 135.61 135.778 135.457 135.201 135.603 136.585 138.159 136.279 135.274 134.766 137.73 138.273 138.402 138.049 134.929 134.904 
132.638 133.211 132.603 131.83 131.396 131.339 133.413 133.268 133.857 133.484 132.861 131.945 133.524 134.262 134.713 134.173 132.869 132.299 135.204 135.113 134.737 134.774 134.466 134.417 136.228 136.061 135.596 135.547 134.312 133.673 137.31 136.052 136.598 135.546 134.46 134.273 
129.41 130.133 129.599 129.183 128.98 129.079 130.184 130.154 131.002 131.284 130.762 130.121 130.554 131.721 132.828 132.218 130.751 130.537 133.173 133.26 133.177 133.085 132.933 133.302 134.195 134.118 134.056 134.146 133.002 132.166 135.387 134.053 134.991 134.054 133.201 132.554 
109.47 109.966 110.734 111.332 113.045 114.384 110.448 111.199 112.497 113.76 114.694 116.005 112.302 113.539 114.955 115.956 116.796 117.243 114.134 116.349 117.295 117.618 118.599 119.143 131.554 133.262 134.257 134.304 134.996 135.703 133.051 134.606 135.423 135.42 135.761 136.314 
51.3002 50.9981 50.6926 50.4796 51.1896 51.9214 52.1695 52.1145 52.135 52.2822 52.56 53.2741 55.356 53.6636 54.0827 54.2857 54.4399 54.9371 58.9698 59.2145 57.8185 58.201 58.1963 58.6669 145.527 145.855 146.259 144.757 144.916 145.169 147.125 147.587 147.876 146.57 146.573 146.726 
62.2517 62.1273 61.7903 61.5803 61.7198 61.9555 62.1256 62.9702 62.5534 61.9901 62.4501 62.6285 63.0042 63.1325 62.9221 63.1892 63.0967 63.4317 63.7472 64.1358 64.3838 64.7803 65.1822 65.37 68.5051 69.0126 69.7702 70.2528 70.6997 70.7388 69.0014 70.4261 71.2754 71.7412 72.1629 72.4101 
60.8945 61.2423 60.8259 60.5078 60.2616 60.5243 61.2926 61.4805 61.0525 60.4825 60.6268 60.822 61.7896 61.4659 61.1997 61.1899 61.0156 61.2946 62.1374 61.9755 61.8098 61.8432 61.7415 61.6837 62.4548 62.6077 62.4726 62.9172 62.4099 62.5162 62.728 63.108 63.1842 63.4049 63.4367 63.1056 
59.8104 59.6079 58.9335 58.0356 56.805 56.494 59.0661 58.7861 58.5853 57.8181 56.6731 56.5033 58.8187 58.7356 58.2757 57.5802 57.5003 57.7426 58.3645 58.4553 57.6403 57.514 58.6084 58.0597 58.362 58.2424 57.4856 57.9711 59.0313 57.9726 58.2712 57.7033 57.6514 58.2348 58.4709 57.616 
58.0123 58.1489 57.2258 56.1885 55.138 54.9549 57.6084 57.7044 57.1705 56.1447 54.8438 54.807 57.1752 57.2572 56.3982 55.6357 55.4129 55.7645 56.9013 56.7445 55.7014 55.4904 56.3393 56.1325 56.9772 56.5372 55.5781 55.8588 56.8162 55.9831 56.692 56.119 55.9302 56.1012 56.2302 55.8447 
55.3721 55.3433 54.4824 53.4875 52.5033 52.2645 54.8946 54.88 54.437 53.4844 52.2279 52.2431 54.473 54.5637 53.7065 52.9195 52.7604 53.1405 54.2877 54.1682 53.0759 52.8683 53.7291 53.5235 54.4508 54.0333 53.1062 53.2991 54.3025 53.4347 54.2933 53.6327 53.5025 53.6577 53.7808 53.403 
38.2009 38.2208 38.1528 37.8122 37.7714 37.9417 38.8652 38.4193 38.5099 38.3216 38.3744 38.5793 39.4233 38.8567 38.7363 38.5948 38.576 38.7121 39.4259 39.429 38.9479 38.8593 38.7511 38.7123 40.1391 39.7022 39.4222 39.1399 38.9175 38.7185 40.6465 40.4107 39.4204 39.6763 39.2883 39.3256 
32.2604 32.2941 32.2345 31.8402 31.8838 32.2344 33.0391 32.5046 32.6964 32.5039 32.6543 32.878 33.8577 33.152 33.0098 32.826 32.9492 33.1431 33.8544 33.8567 33.2196 33.0969 33.0719 33.1828 34.6212 34.0648 33.8007 33.4435 33.2463 33.1871 34.9886 34.7633 33.5836 34.0908 33.6965 33.903 
29.4738 29.5605 29.4584 29.1375 29.3033 29.7263 30.1799 29.7184 29.9726 29.8399 30.0838 30.3407 31.0474 30.3899 30.2761 30.26 30.4053 30.5387 31.1721 31.2169 30.5876 30.4852 30.5059 30.5384 31.9004 31.3498 31.1717 30.8774 30.7261 30.6796 32.2701 32.0812 31.0342 31.5853 31.1406 31.2538 
145.839 145.013 144.555 143.934 143.617 143.281 145.208 145.002 144.843 144.314 144.243 143.919 145.421 145.3 145.482 145.007 144.847 145.03 145.323 145.86 145.849 145.373 145.042 144.964 145.67 146.348 146.375 145.882 145.47 144.6 146.271 146.804 146.507 146.269 145.481 144.111 
144.953 144.367 144.406 144.106 143.82 143.406 144.139 144.123 144.672 144.559 144.457 144.073 144.294 144.439 144.864 144.819 145.04 145.101 144.235 144.689 144.792 144.74 144.675 144.879 144.204 144.968 145.083 144.535 144.452 143.918 144.902 145.638 145.565 144.998 144.513 143.678 
143.02 142.953 143.151 142.962 142.723 142.411 142.891 143.23 143.327 143.295 143.272 142.976 143.076 143.103 143.16 143.116 143.117 143.044 142.748 143.05 142.811 142.566 142.792 143.128 142.632 143.252 142.929 142.437 142.578 142.535 142.508 143 143.126 142.379 142.077 142.023 
138.883 139.217 138.995 138.914 139.577 138.414 139.379 138.89 138.462 139.157 139.081 138.873 139.708 138.795 138.255 138.817 138.751 138.604 138.244 137.743 137.7 137.836 137.769 137.6 136.935 138.074 139.667 137.818 137.327 137.188 138.56 139.735 139.357 139.408 136.779 137.014 
136.732 137.048 136.874 136.674 137.514 136.721 137.31 136.955 136.48 136.948 137.33 137.27 137.524 136.646 136.452 137.148 137.243 136.986 135.888 135.676 135.953 136.346 136.427 136.234 134.896 136.038 137.659 136.132 135.898 135.794 136.527 137.712 137.527 137.702 135.368 135.72 
133.498 133.943 133.832 133.846 135.154 135.935 133.496 133.621 133.691 134.22 135.02 136.169 133.48 133.414 133.758 134.526 135.053 136.043 133.08 132.744 133.282 133.94 134.565 135.566 132.528 133.23 135.01 133.854 134.19 135.06 134.095 134.667 134.818 135.334 134.487 135.843 
124.293 124.228 124.183 124.762 125.873 126.762 124.595 125.057 125.306 125.873 127.015 127.533 125.501 126.1 126.81 127.294 128.277 128.562 126.205 126.872 127.658 128.326 128.988 129.28 126.903 127.604 128.402 128.785 129.295 129.694 127.527 128.302 128.798 129.31 129.76 130.111 
108.325 108.115 108.193 109.271 111.212 112.366 109.514 109.917 110.248 111.192 112.62 113.979 111.409 111.937 112.832 113.802 114.602 115.407 113.141 113.872 114.703 115.93 116.637 117.566 114.464 115.34 116.511 117.213 118.226 118.609 115.674 116.556 117.342 118.351 119.304 119.342 
82.6659 82.1494 82.3511 82.6976 83.7637 84.4732 83.5051 83.8286 84.216 84.847 85.5945 86.2002 84.61 85.2499 85.809 86.8655 87.3393 87.758 85.7858 86.7435 87.8279 89.2114 90.0614 90.8862 89.0148 90.1119 91.5889 92.979 94.4696 94.935 90.6828 92.6692 94.1351 95.4836 96.9319 97.655 
68.2124 67.7783 67.6707 67.4236 67.1662 67.5626 68.8894 68.7067 68.6228 68.4318 68.2119 68.3522 70.0413 69.5551 69.6714 69.8446 69.5362 69.669 70.6538 70.864 71.3623 71.8728 71.9173 71.9604 72.2575 72.2968 73.1766 74.0604 75.2831 75.1025 72.5111 73.6684 75.8327 78.5456 80.1533 78.3217 
62.0321 61.5943 61.715 61.4208 60.5821 60.392 61.9685 61.4435 61.6039 61.4359 61.3421 61.1034 62.6073 62.207 62.8414 62.7524 62.5797 62.4263 62.54 62.8057 63.2416 63.3812 63.7327 63.0193 62.6651 63.2325 63.5633 64.2099 64.2905 63.9007 63.3604 63.667 64.017 64.6935 64.9016 64.0541 
60.0138 60.0056 60.1217 59.808 58.8878 58.7799 59.9027 59.4953 59.721 59.6447 59.5099 59.3312 60.2508 59.9102 60.7494 60.6874 60.6265 60.5217 59.9373 60.3114 60.7205 60.8368 61.1897 60.5268 59.7536 60.4995 60.6443 61.2667 61.2128 61.0243 60.3866 60.7273 60.851 61.4741 61.6585 60.8001 
58.3626 58.0783 57.4561 56.6734 55.5946 55.317 57.5592 57.2734 57.1357 56.4698 55.4499 55.377 57.2614 57.2104 56.8167 56.1808 56.248 56.549 56.9497 56.9842 56.19 56.1166 57.2754 56.8439 56.9993 56.8193 56.0921 56.5492 57.7345 56.7844 56.994 56.3885 56.3672 56.9158 57.196 56.4419 
48.8472 48.698 48.5554 48.436 48.3784 48.4156 48.9946 48.8541 48.6557 48.4921 48.443 48.5905 48.938 48.861 48.8242 48.7034 48.5867 48.6783 49.1898 49.0847 49.0373 49.0307 48.9104 48.8173 49.5365 49.4557 49.3176 49.263 49.1847 49.1184 50.0408 49.8708 49.7625 49.6709 49.5855 49.5388 
41.1738 41.166 41.1743 41.1417 41.1576 41.4365 41.2447 41.211 41.2109 41.1484 41.2793 41.6238 41.3743 41.3543 41.3451 41.267 41.4257 41.7564 41.5871 41.5329 41.4316 41.5055 41.7245 41.8909 41.8189 41.8333 41.7978 41.7357 41.9856 42.2112 42.1364 42.0855 42.0656 42.1202 42.2687 42.588 
30.7325 30.8909 30.9477 30.7598 30.9751 31.525 31.3913 31.0589 31.3443 31.3366 31.6354 32.0438 32.0843 31.6467 31.6334 31.688 31.9308 32.2282 32.2355 32.3209 31.9189 31.9318 32.1407 32.3079 32.936 32.5542 32.4289 32.3293 32.4096 32.5681 33.282 33.2031 32.3348 32.9252 32.7062 33.0132 
22.7716 22.9829 22.7577 22.9546 23.432 24.621 22.7165 22.7334 23.0165 23.1086 23.7733 24.6822 23.0061 23.172 23.1089 23.5974 24.0459 24.676 23.6444 23.641 23.4581 23.4759 24.3834 24.7822 23.6449 23.5004 23.7082 23.8785 24.6361 25.4492 23.8139 23.8029 24.1878 24.3247 24.6826 25.0457 
149.738 148.187 145.98 145.597 146.111 144.085 151.218 148.188 146.279 147.491 146.731 147.21 150.981 149.707 148.268 147.879 146.943 147.641 150.836 151.031 150.24 149.37 148.087 148.374 152.27 152.074 150.917 149.45 149.595 149.558 153.486 154.003 152.668 150.672 150.281 150.794 
147.898 147.336 147.266 146.636 146.313 145.94 147.417 147.256 147.17 147.115 146.905 146.592 147.324 147.284 147.372 147.132 147.238 147.007 147.011 147.32 147.016 146.679 146.664 146.784 146.866 147.386 147.109 146.435 146.419 146.208 147.51 147.789 147.32 146.777 146.295 145.592 
146.927 146.928 147.192 146.95 146.603 146.195 146.889 147.24 147.529 147.285 146.735 146.338 147.027 147.188 146.998 146.865 146.72 146.371 146.75 146.751 146.047 145.921 145.79 145.953 146.303 146.148 145.601 145.307 145.318 145.641 146.12 145.878 145.331 145.054 144.786 145.129 
141.784 142.251 142.873 142.968 143.005 142.584 142.114 142.473 142.458 142.568 142.893 143.053 142.136 142.267 142.2 142.327 142.604 142.648 141.602 141.753 141.482 141.594 141.841 142.244 141.008 141.028 140.423 140.954 141.198 141.476 140.768 140.603 140.276 140.637 140.708 140.871 
135.699 136.02 136.444 136.661 138.2 139.181 135.478 135.829 135.841 136.5 137.648 139.558 135.339 135.33 135.574 136.586 137.763 139.261 134.52 134.321 135.102 135.896 136.864 138.098 133.714 134.6 136.623 135.69 136.292 137.415 135.128 136.107 136.084 137.114 136.404 138.126 
131.103 131.172 132.017 133.122 134.861 138.805 129.897 131.522 132.506 132.527 134.886 138.517 129.084 131.092 132.401 133.063 135.642 138.692 130.257 130.809 132.018 133.293 135.496 138.484 131.091 130.8 131.21 132.68 134.773 137.914 130.944 130.314 130.98 132.42 136.25 139.69 
123.321 123.456 124.328 125.596 127.796 132.574 122.307 124.144 125.392 125.456 128.123 132.587 122.127 124.442 125.922 126.617 129.349 133.168 124.189 124.866 126.155 127.658 129.951 133.44 125.404 125.242 125.955 127.498 129.728 133.185 125.315 124.721 125.745 127.488 131.816 135.359 
100.146 100.197 100.987 102.142 103.757 104.956 101.539 101.98 102.92 103.867 105.171 106.441 103.179 104.076 104.961 105.815 106.646 107.915 104.901 105.711 106.353 107.23 108.334 109.398 106.45 107.335 108.105 108.802 109.876 110.514 107.853 108.632 109.445 110.239 110.966 111.488 
78.7056 78.3098 78.0342 78.783 79.3431 80.3742 78.9412 78.4055 78.5114 78.9668 79.8222 80.3618 79.5849 78.7361 78.8696 79.6399 79.9368 80.1668 80.2631 79.6072 79.5998 81.0085 81.271 81.773 82.1684 81.6963 81.9837 83.1315 83.8818 83.8057 82.9458 83.8032 84.913 86.4355 86.7283 86.018 
69.873 70.0837 70.2379 69.998 69.6497 69.9166 70.7738 71.3009 71.1913 70.5279 70.6028 70.6483 72.5475 72.4158 71.4126 72.0723 71.9703 71.7779 72.7116 72.8142 72.5402 73.8556 73.6675 73.4622 74.0821 74.0519 74.5693 75.1512 75.31 75.6581 74.4969 74.8102 76.0509 77.4131 78.806 77.4614 
65.561 65.5483 65.9928 65.9846 65.8242 66.558 66.09 66.2386 66.1795 66.3671 66.4693 66.9938 67.0429 67.1723 66.9771 67.2018 67.6166 67.7437 67.7918 68.1277 67.8598 68.206 68.7538 68.7029 68.5894 68.8021 68.9188 69.3616 70.2745 69.9395 68.7443 69.0122 69.9246 71.0033 71.9903 70.7957 
60.04 60.2095 60.9245 61.1344 60.5568 60.6836 60.1978 60.0274 60.5083 60.9738 61.0463 61.1513 60.8684 60.9037 61.6714 61.674 62.1615 62.2955 60.4629 61.188 61.6442 61.9618 62.7349 62.4174 60.4544 61.266 61.3899 62.1687 62.7676 62.8936 61.2094 61.5659 61.7256 62.5562 63.1681 62.6579 
55.0084 55.4868 55.9636 56.5721 57.0766 57.5899 55.4464 56.0107 56.1933 56.3932 56.8845 57.4123 54.9282 55.8027 56.0334 56.2982 56.7752 57.4445 54.9111 55.6435 55.8826 56.1836 56.7593 57.3363 55.0932 55.5934 55.7865 56.0832 56.6321 57.2418 55.4343 55.9645 56.0433 56.3354 56.7699 57.2899 
50.4826 50.4393 50.8366 51.1678 51.3778 51.6198 50.6488 50.7107 50.7989 50.9283 51.1173 51.5144 50.2392 50.4178 50.5547 50.5714 50.8591 51.3753 50.1881 50.3291 50.4402 50.6957 50.8324 51.2062 50.3308 50.3963 50.6031 50.6721 51.0073 51.2827 50.7073 50.6918 50.8983 51.0608 51.1594 51.5468 
41.0319 41.1504 42.0406 41.7056 41.7614 42.3866 40.2708 39.696 39.8015 40.4765 40.3791 40.9145 38.9565 39.1395 38.5228 38.7753 39.4207 39.6865 36.9563 37.7747 37.9978 37.8424 38.0756 38.9052 36.5657 36.4548 37.1676 37.4777 37.125 38.4508 35.8122 35.9554 35.7101 36.5566 36.742 37.5716 
13.3573 11.0592 10.1287 9.19818 9.38736 10.0782 13.2614 11.453 9.45322 8.87878 9.19796 9.86919 13.0969 11.8475 9.6327 8.6984 9.01148 9.7306 12.7254 11.309 9.81243 8.72654 9.11716 9.70438 13.2983 10.8536 9.35002 8.82249 9.23752 10.5086 12.8929 11.1677 8.82019 9.01504 9.34976 10.6715 
5.03733 5.06259 5.03947 5.12735 5.29024 5.60378 5.04297 4.9668 5.05716 5.15823 5.34013 5.58869 5.0882 5.12745 5.03277 5.21648 5.38197 5.58001 5.23352 5.23179 5.18871 5.16921 5.43381 5.65421 5.29337 5.24484 5.2827 5.34553 5.55211 5.88235 5.37312 5.36072 5.43742 5.48969 5.61599 5.8505 
155.098 152.595 147.765 147.726 146.758 146.627 153.807 150.605 146.635 150.742 149.526 149.377 153.853 153.147 149.603 152.901 153.849 151.564 154.056 155.244 152.77 156.857 156.634 154.141 153.747 153.581 154.027 154.152 153.574 152.89 153.946 155.308 155.296 153.108 154.183 153.144 
153.037 152.096 150.208 149.587 148.991 149.228 152.554 152.063 151.7 151.848 150.12 150.302 151.507 151.499 152.325 152.444 150.667 150.427 151.873 152.573 151.442 151.151 151.21 151.417 153.456 153.522 151.439 150.575 152.456 152.448 153.544 153.946 152.588 151.701 152.633 152.383 
149.837 149.954 150.148 149.823 149.519 149.287 150.032 150.389 150.406 150.162 149.694 149.49 149.919 149.939 150.033 149.865 149.595 149.31 149.59 149.553 149.155 149.043 149.119 149.13 149.406 149.064 148.54 148.624 148.597 149.165 149.418 149.072 148.497 148.223 148.366 148.974 
147.001 146.755 146.883 147.903 148.113 148.219 146.878 147.204 147.341 147.328 148.363 147.598 146.703 147.126 147.366 147.577 147.853 147.67 146.671 146.812 146.582 147.338 147.912 148.091 146.844 146.793 146.029 146.905 147.145 147.681 146.918 146.782 146.321 146.831 146.786 147.448 
139.493 139.801 140.805 142.186 143.04 143.362 139.296 139.81 140.734 141.921 143.127 143.742 139.131 139.635 140.708 141.957 142.961 143.783 138.968 139.554 140.646 141.923 142.838 143.641 139.037 139.511 140.193 141.678 142.593 143.115 139.305 139.749 140.445 141.581 142.304 142.867 
131.395 131.756 132.874 134.335 136.427 141.33 129.64 131.868 133.372 133.614 136.265 140.881 128.805 131.357 132.917 133.929 137.065 141.151 130.369 131.172 132.661 134.483 137.156 140.823 131.434 131.203 131.902 133.99 136.498 140.336 131.129 130.442 131.602 133.565 138.339 142.427 
116.295 118.054 124.386 128.609 133.531 135.945 115.716 117.918 121.731 129.398 133.482 136.236 115.723 115.87 121.676 126.557 133.11 137.072 114.967 116.695 122.745 127.034 131.573 137.403 115.597 117.752 121.392 126.171 131.443 135.604 116.82 117.4 119.408 123.398 129.886 135.235 
86.1643 86.2438 86.5632 87.8429 88.9757 90.6032 86.3058 86.3036 87.0555 88.0479 89.5223 90.6786 86.667 86.4098 87.0926 88.6091 89.5205 90.4761 87.4228 87.1457 87.6514 89.7225 90.5895 91.6599 89.045 89.082 89.6838 91.2489 92.0541 92.6791 90.1034 91.189 91.7174 92.8201 93.1132 93.7492 
74.5858 74.8558 75.1677 75.3793 75.6764 76.6616 74.5918 74.7014 75.0367 75.0734 76.1288 76.5264 75.3041 74.7917 74.5222 75.6871 76.2067 76.3614 75.5841 74.9828 74.885 76.6156 76.8973 77.4484 77.2578 76.6679 76.9582 77.9513 78.1062 78.6502 78.418 78.7235 78.9744 79.4514 79.538 79.8011 
71.8391 71.7185 71.7759 72.2693 72.4839 73.4252 71.889 71.7138 71.9235 72.1887 72.9834 73.3964 72.3276 71.8183 71.6124 72.6578 73.1179 73.1294 72.4597 72.0615 72.0129 73.5654 73.7527 74.0167 73.7238 73.3896 73.6197 74.5484 74.8064 75.0409 74.4169 74.814 75.1635 75.7419 75.9784 75.7941 
66.8326 67.3048 67.8164 67.955 67.815 68.6105 67.509 68.2431 68.2621 68.1539 68.6403 69.1587 68.8774 69.2114 68.4369 69.1331 69.6965 69.8265 69.0113 69.4589 69.0628 70.1874 70.4544 70.487 69.6727 70.0462 70.0775 70.4365 70.7205 71.2157 70.1258 70.1917 70.3646 70.666 71.5908 71.3814 
64.6524 65.1581 65.9703 66.5733 66.8436 67.3858 64.8314 65.4183 65.8614 66.307 66.7701 67.3396 65.2448 65.9443 65.9887 66.1754 67.128 67.4074 65.2744 65.9947 65.7976 66.1962 67.0269 67.2758 65.364 65.8717 65.6946 66.0605 66.9503 67.1991 65.6242 65.9371 65.9434 66.3075 67.1252 67.1945 
60.2422 61.0241 62.0866 62.9025 63.2846 63.6859 60.6323 61.1961 61.6813 62.373 62.8619 63.2746 60.6372 61.2508 61.2606 61.3038 62.3612 62.9367 60.05 60.544 60.6464 60.8718 61.5989 62.3003 59.9496 60.0778 59.7587 60.0738 61.0406 61.9013 60.0516 60.1985 60.0423 60.3714 61.1413 61.7186 
62.2339 62.8792 62.9732 62.6417 62.8539 62.8842 58.6121 59.0612 59.8251 59.5345 59.7119 60.063 55.8198 56.8663 56.903 57.0538 57.3725 57.6682 53.5699 54.4972 55.2103 55.0175 55.3044 55.541 51.8427 52.372 52.7045 53.0971 52.8696 53.423 50.798 50.9943 51.1793 51.2658 51.3846 51.574 
26.5889 24.4452 24.4542 22.7057 22.8631 23.1155 25.0301 22.3498 20.4585 20.5007 20.2223 20.5219 22.7246 21.5954 18.2973 17.5815 18.2369 17.953 19.0235 18.6647 17.1881 15.4939 15.6926 16.2684 18.445 15.6308 14.9711 14.5562 13.8642 14.0288 16.4763 14.8407 12.0393 12.926 13.0422 12.4805 
4.98871 3.17054 2.35676 1.51689 1.5514 1.68807 4.95506 3.53323 1.92529 1.37299 1.45173 1.53722 4.88218 3.91279 2.08514 1.30374 1.33377 1.42475 4.53671 3.43264 2.18488 1.27102 1.29448 1.38283 4.90759 2.92739 1.73 1.26223 1.28732 1.42328 4.46716 3.07124 1.20595 1.26802 1.27045 1.40965 
3.96806 2.0928 1.26606 0.457825 0.540586 0.643523 3.9857 2.48228 0.857918 0.333641 0.442216 0.53788 3.91579 2.91126 1.02924 0.255907 0.340499 0.454038 3.60321 2.41579 1.15994 0.234373 0.298036 0.425752 4.00662 1.98296 0.727981 0.262757 0.337736 0.430099 3.6652 2.21353 0.286346 0.310561 0.365654 0.479335 
156.534 154.118 148.98 148.592 147.146 147.999 154.053 151.945 148.548 152.114 150.284 150.312 153.625 153.437 151.437 154.845 155.297 152.619 154.069 155.826 153.374 157.891 157.935 155.229 154.37 154.643 154.371 154.465 155.059 154.105 153.884 155.476 155.515 153.548 155.248 153.693 
156.756 154.683 150.379 149.773 148.2 149.427 154.107 152.762 149.911 152.815 151.019 150.847 153.834 153.901 152.065 155.278 155.884 153.14 154.153 155.769 153.43 157.738 158.006 155.36 153.93 154.212 154.323 154.494 154.81 153.989 153.401 154.705 154.935 153.355 154.956 153.321 
154.011 153.216 153.024 152.178 153.168 154.235 154.22 153.927 155.109 155.702 155.009 154.688 154.305 152.864 155.578 156.17 155.594 154.637 154.995 154.128 153.566 153.867 154.878 155.472 155.83 155.753 154.581 154.134 154.419 154.838 153.848 155.274 155.23 154.416 154.57 153.985 
150.154 149.674 149.691 151.32 151.871 151.97 150.015 149.892 150.136 150.508 152.489 151.515 149.693 149.891 150.568 150.923 151.804 151.591 149.679 149.709 150.078 151.168 152.327 152.601 150.378 150.507 150.184 150.836 151.459 152.033 150.737 150.833 150.947 151.55 151.602 152.197 
145.378 145.273 145.533 147.888 148.893 149.755 145.1 145.384 146.241 147.283 149.777 149.36 145.203 145.878 147.008 147.839 149.218 149.586 145.435 145.956 146.746 148.493 150.222 150.823 146.309 146.817 146.832 148.471 149.477 150.345 146.616 147.246 147.957 149.361 149.315 150.188 
125.131 127.103 133.451 137.973 142.86 145.153 124.598 126.812 130.8 138.545 142.737 145.499 124.531 124.702 130.55 135.575 142.275 146.157 123.647 125.525 131.651 136.161 140.828 146.722 124.205 126.582 130.315 135.352 140.796 145.01 125.288 126.177 128.359 132.533 139.11 144.556 
115.027 118.142 125.656 131.329 137.861 141.759 114.387 117.787 122.728 132.089 137.644 142.109 114.439 115.386 122.508 128.713 137.234 142.616 113.219 116.09 123.532 129.12 135.387 143.039 113.857 116.952 122.168 128.413 135.365 141.196 114.433 116.368 119.589 125.065 133.239 140.803 
96.1643 100.518 107.932 111.761 117.512 120.652 95.6703 100.172 104.538 112.134 117.598 120.855 96.1439 98.395 104.372 109.739 117.445 121.736 95.2971 99.1032 105.692 109.993 115.621 122.585 96.284 99.9229 104.309 109.166 115.601 120.502 97.6342 99.5488 101.792 106.377 113.877 120.296 
73.0127 74.4765 75.522 76.9671 78.13 79.7135 73.1198 74.1317 75.5879 76.7425 78.8374 79.8834 73.4684 74.1714 75.3812 77.2011 78.5898 79.5838 74.0911 74.5427 75.6982 77.6429 78.8222 80.1422 75.3125 75.74 76.7449 78.4799 79.473 80.3724 75.8993 77.289 77.9936 79.1644 79.7863 80.8051 
70.3028 71.1509 72.1096 71.9153 71.9561 72.565 70.7251 71.8484 72.4931 72.1387 73.0627 73.2447 72.0844 72.7234 72.4784 73.4573 73.8769 73.9556 72.0594 72.5674 72.8542 74.0707 74.1671 74.497 72.9532 72.9421 73.7154 73.9205 73.8481 74.6423 73.596 73.232 73.5933 73.9277 74.5342 74.6014 
69.1839 69.1033 69.6232 70.0231 69.9303 70.539 69.4376 69.7199 70.5482 70.0635 70.2909 71.0265 70.1395 70.57 70.7567 70.1077 70.1931 71.1905 70.7159 70.88 71.0462 70.6523 71.2031 71.3344 71.3244 71.0329 71.2026 71.2445 71.1075 70.6945 71.4633 70.9181 70.7612 70.4423 70.3686 70.0918 
67.3532 67.7122 68.0858 68.442 68.5117 68.6717 67.4358 67.697 67.9111 68.2568 68.3947 68.5289 67.5117 67.7446 67.6886 67.6588 68.1541 68.3302 67.2411 67.3296 67.3188 67.4261 67.8038 67.9839 67.1769 67.1882 66.9895 67.0336 67.464 67.7584 67.181 67.2425 67.0184 67.0905 67.5028 67.7664 
69.6238 69.7416 69.6729 69.6447 69.8822 69.7975 67.2679 67.4003 68.0297 67.8278 68.0641 68.2417 65.4781 65.8896 66.1331 66.1986 66.4847 66.7286 64.118 64.2082 64.6201 64.5977 65.099 65.2183 63.1265 62.9958 62.9884 63.2351 63.3827 63.7443 62.4809 62.3203 62.1302 62.0131 62.3478 62.6468 
69.1639 70.0194 69.5277 68.9136 69.0507 68.9209 64.4387 65.0474 65.8987 65.1564 65.2312 65.5635 60.8559 61.9073 62.0391 62.0833 62.0555 62.407 58.3927 58.997 59.7012 59.309 59.5551 59.5491 55.9205 56.3637 56.3681 56.5373 56.3991 57.0213 54.4525 54.4385 54.5546 54.0327 54.1824 54.5437 
61.8417 61.2819 60.6059 59.4006 58.9176 58.9468 56.5216 55.4133 55.641 54.5379 54.1811 54.5361 52.2436 52.0001 51.1917 50.6703 50.5943 50.7519 48.8106 48.4684 48.7943 47.743 47.76 47.9457 46.2853 44.977 44.7892 44.8095 44.1189 44.7103 44.2087 42.776 42.1656 41.6852 41.8181 41.8186 
12.6362 9.35302 7.40144 5.65388 5.93736 6.50181 12.2122 9.36808 6.38238 5.17494 5.03351 5.48424 11.5846 9.56536 6.28323 4.70306 4.49668 4.62248 11.0905 8.70028 6.30215 4.51639 4.34849 4.37616 11.6474 8.15144 5.62536 4.51431 4.30481 4.29495 11.1277 8.50218 5.06731 4.50539 4.33794 4.38572 
15.8696 14.5284 13.4256 11.8682 10.1493 8.8229 16.2009 14.3368 13.2423 12.1812 10.4117 8.68863 15.2415 14.1283 12.7637 11.8182 10.4496 8.60809 15.5992 13.0757 12.5385 11.2419 10.0386 8.85036 14.7346 13.7436 12.3009 11.742 10.2572 8.67539 14.7337 13.3025 12.8684 11.0216 9.96876 8.53937 
157.585 155.323 150.869 150.265 149.018 149.693 155.562 153.643 149.889 152.847 151.884 151.205 156.382 155.911 152.196 155.275 156.439 153.687 156.907 158.004 155.807 159.531 159.208 156.507 156.501 156.093 157.79 158.271 157.204 155.507 156.21 157.332 158.427 157.402 158.281 155.721 
156.681 155.723 155.275 153.858 154.835 156.102 156.987 156.405 157.495 158.114 157.184 157.237 156.89 155.088 158.044 158.607 157.931 156.869 157.805 156.879 156.099 156.038 156.939 157.721 158.87 158.802 157.722 156.995 157.363 157.392 156.704 158.465 158.864 157.692 157.779 156.676 
156.3 155.729 156.102 155.327 156.765 157.07 157.322 156.695 157.395 158.454 158.879 158.305 158.031 156.393 158.435 158.596 158.873 158.258 158.025 156.731 156.739 156.933 157.76 158.394 158.259 158.028 158.037 157.982 157.502 157.292 156.696 158.13 158.536 157.864 157.601 156.967 
154.421 153.761 154.372 154.4 155.869 156.777 154.811 154.357 155.55 156.796 157.443 156.915 155.2 153.86 156.143 156.861 157.523 156.83 155.646 154.522 154.776 155.561 156.855 157.521 156.322 156.095 156.11 156.293 156.085 156.347 154.878 156.194 156.768 156.382 156.191 155.871 
150.544 151.314 152.626 153.773 154.558 155.123 150.154 151.032 152.555 153.706 154.945 155.58 150.313 151.128 152.521 153.624 155.188 155.995 150.723 151.465 152.894 154.329 155.635 156.484 151.412 152.161 153.352 154.757 155.871 156.445 151.935 152.98 153.99 155.138 155.945 156.622 
140.815 144.244 147.452 150.312 153.626 156.921 140.429 143.949 147.325 150.533 153.915 157.296 140.55 143.758 147.537 150.491 154.454 157.675 140.586 144.217 147.536 151.081 155.04 158.457 141.403 144.859 147.775 151.553 155.567 158.588 141.574 145.089 147.844 151.17 154.604 158.263 
115.708 119.574 128.689 135.809 147.417 156.437 114.956 118.646 125.709 136.568 147.161 156.801 114.905 116.438 125.293 133.402 147.134 157.079 113.726 117.36 126.589 133.305 145.079 157.85 114.42 118.439 125.514 132.928 144.991 156.292 115.004 117.425 122.828 129.736 142.631 155.174 
67.1846 85.0393 90.2264 96.7042 109.721 117.529 68.6984 84.7131 91.6254 97.3215 110.594 118.977 69.855 85.2935 90.5987 98.1856 111.596 119.862 71.1759 86.5275 91.8577 98.0625 111.529 119.932 71.7636 86.5329 91.7991 97.561 110.995 119.28 71.3065 86.7103 90.4005 95.9174 109.289 118.08 
68.3273 74.658 78.1112 80.5086 82.8806 85.4929 69.8791 75.3984 79.1388 81.0362 84.6392 86.9176 71.7069 76.7056 80.0037 83.022 85.7155 88.4228 73.5512 77.8916 81.1631 83.3953 85.9185 88.5053 74.5816 78.3947 81.1611 83.3324 85.512 87.5784 74.5643 78.5125 80.252 82.4689 84.7026 87.179 
71.0001 73.2686 74.9521 76.9029 78.1982 79.5298 72.1795 74.3069 76.5994 77.3452 79.1322 80.6773 73.296 75.3151 77.1148 78.1759 79.2816 81.3841 74.6308 76.0528 77.8902 78.7531 80.1682 81.2651 75.3663 76.4164 77.7024 78.8909 79.6553 80.2235 75.0632 76.256 76.883 77.4214 78.5239 79.0968 
74.9795 74.882 75.1228 75.0298 75.8036 77.9766 74.0653 75.2862 75.469 73.6 74.3326 77.238 74.3096 74.2343 74.7611 72.9181 73.6172 76.7641 75.9158 74.5764 74.6835 73.5483 74.4639 75.8347 77.0508 75.5104 75.043 75.151 74.2871 74.7235 76.9074 75.4808 74.1044 73.9816 72.7309 74.0601 
72.9879 72.2619 72.002 71.9633 71.7931 71.4277 72.7018 72.3773 72.1145 71.295 70.6777 70.6552 72.5541 72.1011 71.5396 70.6566 69.9887 70.4165 72.1493 71.4339 71.0189 70.7112 70.7999 70.3349 72.8519 71.3995 71.0538 71.0873 71.1684 70.7932 72.5633 71.8191 71.0887 70.7443 70.9821 70.8461 
73.6907 74.3503 74.0825 73.7817 72.7361 70.6746 73.3322 73.5042 72.8634 72.9574 72.6229 71.6159 73.3009 72.8574 72.315 72.1023 71.4895 71.3139 73.2863 72.5584 72.0575 71.5638 70.9024 70.6174 73.3314 72.4933 71.2723 70.4586 70.3581 69.8748 72.4822 72.4546 70.9512 70.1119 70.3812 69.5549 
75.5364 74.6888 73.8555 73.2311 72.7714 72.544 71.6817 71.019 70.8653 70.0747 69.9195 69.9938 68.7809 68.175 67.9344 67.3737 67.1684 67.507 66.4409 65.5248 65.5404 64.9569 65.0618 65.1577 64.7299 63.3927 62.8212 62.683 62.6455 63.0579 63.4173 62.0936 61.2911 60.6188 60.7912 61.184 
75.5336 66.8352 60.6433 55.609 53.585 52.2717 71.9613 63.381 56.6267 51.5628 48.7355 48.2198 68.1665 59.597 52.9005 47.7756 44.9488 43.6938 64.016 55.6107 49.3045 44.4468 41.7289 40.5813 61.591 52.4323 45.9406 41.4685 39.2729 38.2327 58.6365 50.6132 43.6274 39.0746 37.0928 36.0454 
43.8455 38.7448 35.0327 31.1874 27.5793 25.6914 43.7912 37.9711 34.0828 31.0893 27.5808 24.5171 41.6396 37.0872 32.9662 29.9064 27.0325 24.0073 41.8478 34.9868 32.1676 28.7758 26.1337 24.1311 40.4769 35.8079 31.4872 29.2419 26.3374 23.5317 40.0528 35.1602 32.2562 28.0081 25.7937 23.3289 
46.7136 43.2183 40.2926 36.6938 33.6129 31.5817 47.0225 42.8091 39.6618 36.9369 34.0001 31.1265 45.6203 42.4854 38.9191 36.1991 33.8132 30.8861 46.1724 40.8269 38.6465 35.8021 33.4478 31.2532 45.0731 42.0415 38.3073 36.5399 33.5262 31.0133 45.1299 41.6461 39.5841 35.7054 33.4032 30.7983 
163.415 163.318 163.117 161.528 160.693 158.815 164.484 164.577 164.332 162.849 161.32 161.241 164.375 164.08 165.191 163.4 161.462 160.904 163.882 163.777 164.145 162.338 161.691 162.356 164.608 164.118 165.002 163.818 164.193 164.508 165.273 165.503 167.153 166.577 165.536 165.375 
160.77 160.387 159.818 159.689 159.693 157.772 162.014 161.738 160.277 160.42 160.769 159.974 162.68 162.587 162.152 160.709 160.123 160.144 161.492 161.556 161.727 160.73 160.109 159.803 161.361 161.206 161.64 161.732 161.711 160.75 161.718 161.911 162.432 162.457 162.117 161.602 
158.062 157.299 157.652 156.96 158.61 158.755 159.179 158.45 159.136 160.238 160.572 159.942 159.889 158.12 160.421 160.448 160.475 159.734 159.827 158.523 158.617 158.599 159.294 159.851 159.949 159.591 159.589 159.611 159.034 158.834 158.458 159.842 160.294 159.633 159.221 158.443 
159.594 159.63 159.91 161.012 161.857 160.816 159.981 159.713 159.371 160.491 162.114 161.536 160.176 160.602 160.648 160.587 160.841 161.788 159.25 159.728 160.484 160.664 160.935 161.254 159.121 159.722 160.529 161.228 161.173 160.674 160.028 160.554 160.919 161.333 161.312 161.254 
158.012 158.454 159.916 161.089 162.1 162.38 157.101 158.322 159.726 161.117 161.978 162.265 157.788 158.905 160.046 161.288 162.234 162.589 157.97 158.84 160.079 161.427 162.591 162.971 158.483 158.816 160.142 161.599 162.518 162.861 159.244 159.957 160.874 161.704 162.303 162.846 
155.947 153.478 157.736 161.477 166.469 173.694 155.149 152.765 157.506 161.812 166.973 173.967 155.004 152.603 157.373 161.99 167.579 173.986 155.388 153.276 157.704 161.657 167.902 174.907 156.502 154.455 158.672 162.953 168.048 175.475 156.77 154.853 158.877 162.733 167.537 174.316 
143.141 136.247 145.339 153.509 167.514 187.406 144.558 137.29 148.633 157.723 171.192 190.216 144.216 136.628 147.464 157.787 171.707 191.023 144.638 137.542 147.03 156.545 171.775 191.332 146.1 138.515 147.72 156.385 171.513 191.312 145.942 137.685 146.587 155.446 169.591 190.041 
68.7544 69.7362 71.8563 74.4047 81.0711 90.0117 107.194 107.445 110.764 113.784 120.471 128.382 110.454 110.655 113.987 117.392 124.9 131.822 111.214 111.483 114.463 117.53 124.379 132.158 111.353 112.626 115.544 117.911 124.671 132.849 111.278 111.904 115.212 117.869 124.11 132.845 
72.3561 75.3557 77.0342 79.5193 81.3967 83.242 73.9639 76.4541 78.8478 80.462 83.0098 84.7987 75.3131 77.4005 79.7272 82.0312 84.0496 86.0771 77.0923 78.6042 80.8299 82.6966 84.3014 85.8489 77.5312 79.5261 80.9177 82.6767 84.2008 85.4382 77.2731 79.5146 80.5218 81.6952 83.5058 84.9975 
78.4505 78.2852 78.3061 78.3424 79.5341 81.6619 77.3468 78.2581 78.1562 77.1628 78.4257 80.9056 77.1586 76.7297 77.564 76.7839 78.211 80.4601 78.2808 76.8805 77.1571 77.0047 77.8207 79.1946 78.7424 77.6804 77.3374 77.7971 77.6456 78.4987 78.6881 77.7051 76.6716 77.1657 76.4412 78.2089 
78.2692 77.628 77.5306 77.5062 78.3382 79.8958 77.1885 77.8542 77.4121 75.8601 76.5349 78.8048 76.9333 76.3606 76.6072 75.2087 75.8715 78.3296 77.7868 76.3325 76.1186 75.5043 76.1617 77.1401 78.7876 76.9611 76.4079 76.6664 76.4542 77.0039 78.6993 77.3478 75.966 76.1142 75.3761 76.7821 
76.8684 77.2898 76.733 76.2838 75.6479 74.31 76.3695 76.7572 75.7085 74.9201 74.9532 74.8979 76.6136 75.7692 75.2046 74.395 74.1648 74.7831 77.2965 75.9167 75.2208 74.4308 74.0237 74.0724 77.9493 76.4969 75.0318 74.3527 74.0676 73.9933 77.2048 76.7592 74.9242 74.2515 74.0777 73.9806 
76.4264 76.8725 76.384 76.1145 75.0707 72.9204 76.1784 76.2441 75.3136 75.1516 74.795 73.7349 76.3402 75.7215 75.0138 74.633 73.873 73.7027 76.1948 75.4475 74.8802 74.3683 73.6776 73.2777 76.492 75.5291 74.2969 73.5568 73.5793 73.1849 75.6806 75.629 74.1935 73.4161 73.7903 72.9984 
79.6259 79.9993 79.121 78.2931 76.9273 74.8037 79.3454 79.2649 78.0402 77.4991 76.8539 75.7153 79.2522 78.547 77.4443 76.7969 75.7727 75.4359 78.9001 78.0062 77.063 76.0814 75.0233 74.6494 78.648 77.5383 75.9798 74.9116 74.4889 74.1758 77.8698 77.4177 75.6481 74.4578 74.4958 73.7152 
87.9109 83.888 80.559 77.5996 74.9965 73.3698 86.4461 82.6165 78.9952 75.84 73.6865 72.0458 85.1998 80.9949 77.5928 74.1308 72.0259 70.904 83.4453 79.0938 75.4215 72.5013 70.5227 69.4638 82.3404 77.5315 74.0422 71.1985 69.4222 68.2527 81.3529 76.948 73.1441 70.3421 68.4932 67.5554 
74.5703 70.7633 66.7284 62.9324 60.8787 60.5146 74.482 70.6854 66.2936 62.7379 61.0251 60.1645 74.7292 71.1286 66.588 62.7382 60.8558 60.1302 74.8978 71.0487 66.9416 63.6738 61.5073 60.3521 75.5369 71.4752 66.9906 63.7587 61.4599 60.5909 75.6602 72.1674 67.7849 64.2737 62.1199 60.8183 
55.6972 53.0824 50.6021 47.3885 44.3339 42.3047 56.1256 52.7345 50.306 47.8083 44.888 41.977 54.9662 52.5071 49.6317 47.2923 44.8518 41.9176 55.4361 51.0291 49.4184 46.8486 44.4884 42.2497 54.3566 52.1028 49.1374 47.5063 44.6003 42.0234 54.5405 51.704 50.2754 46.7581 44.4903 41.8796 
167.207 167.874 167.316 165.783 164.042 163.076 168.016 167.735 167.246 166.156 164.214 163.824 168.282 167.684 167.769 166.468 164.95 164.456 167.131 166.856 166.632 166.396 165.613 165.567 167.145 166.617 167.041 166.929 166.413 166.323 167.377 167.586 167.839 167.8 166.536 165.49 
165.655 165.347 164.98 164.087 163.565 162.3 166.374 166.074 166.059 165.074 163.907 163.581 166.231 165.73 166.379 165.306 164.376 163.951 165.897 165.531 165.585 164.483 164.446 164.68 165.855 165.394 165.653 164.884 165.506 165.653 166.139 166.173 166.817 166.459 166.289 165.892 
162.929 162.683 162.211 163.194 164.199 162.885 163.965 163.137 162.282 162.91 164.522 163.669 164.374 164.374 164.014 163.37 163.418 164.359 163.569 163.7 163.934 163.695 163.821 163.9 162.81 163.316 163.699 164.257 164.06 163.573 163.543 163.949 163.991 164.413 164.461 164.299 
164.75 164.48 164.962 167.225 168.812 168.379 164.496 163.682 165.315 165.74 166.968 167.129 164.047 164.727 165.328 165.999 166.046 167.974 164.602 165.812 166.077 166.019 167.002 167.886 164.549 165.968 166.445 165.987 165.96 166.943 166.124 166.315 166.769 166.97 166.98 167.151 
166.881 167.072 167.832 169.567 170.815 170.966 166.858 166.618 168.011 168.909 169.982 170.554 166.149 167.687 168.265 169.368 169.818 171.476 167.126 168.667 169.202 169.504 171.046 172.27 167.664 169.285 169.866 170.188 170.52 171.789 168.39 169.548 170.442 170.909 171.107 171.959 
170.246 170.257 170.712 171.743 173.705 174.268 169.759 170.61 171.538 173.396 174.551 174.644 169.498 171.307 172.523 173.749 174.764 175.044 170.422 170.99 172.952 174.001 175.493 177.002 171.035 171.531 173.327 174.773 176.167 177.803 171.434 172.958 174.292 175.514 176.212 177.625 
103.701 98.6743 101.547 104.11 108.973 116.372 168.994 164.042 167.481 170.482 174.901 181.919 172.522 167.99 171.389 174.125 179.171 185.609 172.507 167.752 171.004 173.35 179.317 186.242 173.081 168.401 171.539 174.035 178.605 186.577 172.445 167.543 171.044 173.662 177.833 185.21 
11.5129 10.7672 10.7127 10.6457 11.3157 11.4514 174.931 175.178 174.901 174.636 174.545 174.357 181.126 182.232 182.097 181.546 181.333 181.23 181.415 181.124 181.06 181.214 181.739 181.313 180.885 180.631 180.856 180.461 180.551 180.815 179.173 179.233 179.572 179.46 179.449 180.203 
68.9065 68.689 68.0881 68.09 68.6152 69.7364 96.6708 96.4757 96.5083 96.6591 97.5184 97.926 99.5095 99.1836 99.5506 99.7161 100.749 100.913 99.8525 99.2119 99.4749 100.133 100.21 100.526 99.4727 100.005 99.7296 99.8116 100.244 100.664 99.1252 99.4834 99.4672 99.3656 99.7402 101.052 
83.6537 83.5336 84.0883 84.3061 84.1376 83.9082 82.6746 83.2223 83.6031 83.6878 83.3868 83.6519 81.9094 81.7477 82.8639 83.2094 83.2403 83.1907 80.8016 81.0087 81.3167 82.4802 82.308 82.1814 80.1556 79.8139 80.0562 80.9916 81.4549 81.1631 78.7413 78.9053 78.8211 79.5623 80.2039 80.4986 
81.5688 81.2857 81.2552 81.0577 81.5015 82.9464 80.3455 80.9697 80.6504 79.6838 80.22 81.7844 79.6584 79.342 79.8825 78.9444 79.6832 81.2622 80.1055 79.1617 79.1604 78.7294 79.1992 79.9824 80.3226 79.3087 78.9233 79.0916 78.7182 79.0731 80.0916 79.1631 78.1344 78.419 77.5361 78.9408 
83.382 82.6923 82.1697 81.9777 81.8726 81.553 83.0504 82.5388 81.6426 80.993 80.7657 80.5502 82.4305 81.6603 80.8872 80.321 79.8424 80.1032 80.7504 80.8798 80.2863 80.0582 79.9673 79.4745 81.8497 80.7786 80.147 79.9446 80.6064 80.5726 81.4784 80.9832 80.5052 80.2207 80.4303 80.8081 
79.9008 80.7456 80.5812 80.5207 79.7434 78.3181 79.7448 80.1334 79.6591 79.8018 79.8027 79.1436 79.9195 79.6306 79.3515 79.5053 79.1957 79.2064 79.9856 79.5217 79.3891 79.2066 78.9315 78.8946 79.9689 79.5707 78.8257 78.3863 78.5895 78.5505 79.2663 79.4354 78.7066 78.2297 78.6536 78.1311 
85.646 86.2309 85.9675 86.9553 86.4104 86.9673 85.1942 86.2631 86.1089 86.0468 87.0111 87.2413 84.7191 85.44 85.2082 86.1224 86.7303 87.1483 85.0493 85.3936 85.987 86.6721 87.2164 87.9924 84.7968 85.2256 85.5179 85.7179 87.4546 88.3323 84.604 84.985 85.2274 85.3672 85.9656 86.168 
86.6077 85.5255 84.4029 83.2156 82.3864 82.171 86.6423 85.7142 84.3897 83.3802 82.5075 82.2208 86.6657 85.8739 84.4174 83.5971 82.749 82.3793 86.7292 85.5584 84.4187 83.5283 82.7988 82.4497 86.7612 85.5345 84.147 83.4601 82.936 82.6096 86.9481 85.7535 84.5553 83.605 83.0522 82.6446 
81.565 80.8944 80.5081 79.421 78.6728 78.3795 82.4865 81.7142 80.94 79.9815 78.7376 78.2204 83.3933 82.8323 81.5503 80.3761 79.5334 78.8504 84.0274 83.4383 82.1751 81.1734 80.1627 79.5294 84.0998 83.2944 82.0192 81.0807 80.308 79.6212 84.2853 82.9471 82.2911 81.2243 80.2397 79.8825 
73.34 72.3403 71.1762 69.6897 68.9056 68.9688 73.7442 72.6418 71.3284 69.8359 69.2607 68.9496 74.6191 73.2534 71.9791 70.3404 69.5785 69.2283 75.0764 74.0205 72.7005 71.6466 70.6064 69.8093 75.6452 74.5058 73.1693 71.922 70.6357 70.1841 76.0178 75.0047 74.056 72.6093 71.3791 70.545 
169.901 170.917 170.593 168.909 167.173 166.357 170.719 170.752 170.364 169.243 167.497 166.977 171.06 170.581 170.479 169.312 168.111 167.396 169.701 169.442 169.055 168.916 168.297 168.252 169.821 169.137 169.031 168.86 168.45 168.311 170.079 170.038 169.822 169.46 168.143 167.052 
172.534 173.216 171.996 171.527 171.508 171.803 173.294 173.291 172.559 171.888 171.165 171.224 173.464 173.336 173.237 172.447 171.786 171.715 174.048 173.411 172.735 173.604 173.208 173.02 174.953 173.289 173.473 174.223 173.479 173.133 174.828 174.365 174.229 174.305 172.768 171.522 
170.399 170.608 170.353 170.616 171.074 170.947 170.992 170.621 170.789 170.776 170.844 170.985 171.747 171.156 171.448 171.293 171.425 171.771 172.242 172.081 172.317 172.016 172.442 172.665 172.381 172.038 172.479 172.671 173.292 172.991 172.872 172.538 172.601 172.981 173.467 172.871 
171.524 171.699 171.704 173.396 174.661 174.375 172.105 171.218 172.229 172.444 173.35 173.561 172.149 172.523 172.697 173.278 173.125 174.905 173.236 174.381 174.053 173.853 174.678 175.404 172.909 174.597 174.846 174.494 174.2 174.912 173.89 174.304 174.938 175.268 174.979 175.074 
178.843 178.56 178.993 178.658 178.473 177.913 178.921 178.806 179.622 179.721 179.859 179.198 180.371 180.877 181.483 181.621 181.647 181.287 181.683 182.248 182.231 181.349 181.491 182.558 182.117 181.492 181.393 181.595 182.229 182.294 180.895 180.653 181.065 181.838 182.123 182.436 
179.447 179.297 179.541 179.446 180.128 180.932 179.748 179.892 180.063 179.977 180.325 181.042 179.996 180.55 180.953 180.508 180.964 181.346 180.826 181.114 181.38 181.031 181.817 181.905 181.381 181.323 181.724 182.028 182.5 182.685 181.044 181.473 181.821 182.121 182.238 182.936 
176.969 176.807 177.027 177.354 178.715 178.834 178.621 178.722 179.707 179.72 180.225 180.491 178.808 179.331 179.995 179.501 179.801 180.351 179.575 179.606 180.108 179.538 180.041 180.606 179.891 179.758 180.153 180.313 180.777 181.048 179.967 180.273 180.406 180.895 180.963 181.458 
110.172 110.521 111.768 113.018 114.376 113.664 151.589 152.059 153.224 153.701 154.605 153.817 154.249 155.392 155.855 155.318 155.311 155.317 153.405 154.485 154.769 154.897 154.596 154.995 152.908 153.156 153.961 153.778 153.845 155.082 152.275 152.451 152.999 153.587 154.372 154.976 
97.6743 97.5952 98.4057 98.9643 98.9786 98.5998 95.6003 96.7431 97.0728 96.6414 96.3575 97.6388 93.9818 93.2855 94.9883 95.5027 95.8962 95.9417 92.0788 92.0268 91.788 93.7923 93.8192 93.8733 90.9735 89.972 89.7705 91.4967 92.4711 92.6464 88.0325 88.366 87.9238 89.2666 90.4774 90.8252 
90.7162 90.6031 91.1441 91.3917 91.3676 90.854 88.7556 89.7656 90.0981 89.6554 89.2244 89.9987 87.4104 86.9617 88.234 88.3177 88.4577 88.345 85.5383 85.5373 85.2989 86.7389 86.5341 86.446 84.2195 83.5342 83.4839 84.6167 85.0815 85.0906 81.5929 81.8676 81.6351 82.6091 83.341 83.7416 
89.9876 89.9567 89.7502 89.6894 89.5539 89.3416 89.2222 89.3718 89.3952 89.0709 88.9719 89.0296 88.1518 88.2097 87.9426 87.2451 87.3803 87.852 85.5943 87.0196 86.6716 86.0282 85.823 86.164 86.5008 86.1381 85.2051 84.9712 85.2209 85.2782 85.5937 85.1274 84.7068 84.3755 84.0122 84.5965 
90.8265 90.8788 90.6187 90.7478 90.7971 90.9341 90.3025 90.2298 90.0546 89.8793 90.1399 90.3368 89.5055 89.3921 88.959 88.3161 88.6312 89.3004 87.4352 88.6461 88.2691 87.6041 87.6765 88.0389 88.447 88.1566 87.3778 87.0171 87.2704 87.4945 87.896 87.3201 87.0615 86.766 86.4036 86.9898 
88.7083 89.4342 89.0597 90.5813 90.1167 90.6074 87.9921 89.3468 89.3251 89.3226 90.5845 90.6782 87.7316 88.6966 88.4379 89.2133 90.0593 90.5665 87.8688 88.6815 89.3257 89.926 90.7739 91.4949 87.7313 88.4198 88.775 88.9008 91.0487 91.7652 87.2807 87.7034 88.2805 88.6508 89.4129 89.7515 
87.5505 88.903 88.493 89.9233 89.6301 90.1637 86.4447 88.7998 88.7203 89.4555 90.4331 90.7668 86.7815 87.9192 88.0806 89.2853 90.0042 90.8273 87.6432 88.382 88.9648 89.8563 90.6398 91.9295 87.4539 88.113 88.6002 89.1954 91.4059 92.2601 87.433 88.1993 88.7295 89.191 89.9715 90.7023 
87.0053 87.3611 87.0777 87.7911 87.3175 87.7761 86.9389 87.6907 87.4534 87.1976 88.0959 88.2222 86.924 87.4916 86.9766 87.6167 88.215 88.49 87.7564 87.9772 88.1684 88.6872 89.1021 89.633 87.8121 88.0874 88.0259 88.1014 89.6391 90.2461 87.7046 87.9448 88.05 88.1155 88.3904 88.4764 
85.2779 84.8862 84.591 83.9123 83.5265 83.4414 86.1225 85.5449 84.9748 84.4231 83.6863 83.5537 86.9849 86.5484 85.8655 85.0703 84.5498 84.3477 87.7585 87.3962 86.6675 86.071 85.3715 85.0872 88.1098 87.6947 86.9551 86.3633 85.836 85.4143 88.326 87.5658 87.3217 86.7432 86.0617 85.7595 
84.1281 83.6095 83.2699 82.097 81.2562 80.8589 85.3861 84.5891 83.8392 82.7581 81.4346 80.7285 86.4515 85.8482 84.6185 83.2561 82.4943 81.6177 87.1815 86.8369 85.5521 84.4327 83.3376 82.5859 87.3246 86.5353 85.2859 84.3102 83.4451 82.722 87.5275 86.0696 85.4468 84.3736 83.4268 82.8489 
174.091 175.168 174.039 173.624 173.146 173.346 174.755 175.333 174.686 173.957 172.728 172.72 174.762 175.206 175.129 174.082 172.868 172.559 175.048 174.535 173.959 174.966 173.919 173.665 176.293 174.333 174.462 175.118 173.704 173.426 176.322 175.712 175.061 174.878 173.052 171.518 
176.141 177.635 176.759 176.442 176.468 176.202 177.002 177.222 176.828 176.697 175.793 175.978 177.408 177.514 177.757 177.143 176.189 176.633 177.662 177.104 176.629 177.46 177.014 177.266 178.857 177.16 176.707 177.737 177.053 176.188 179.178 179.13 178.28 177.773 175.859 174.547 
177.357 178.612 177.421 177.631 178.145 178.346 178.436 178.626 177.94 177.977 177.631 177.93 178.98 179.114 179.205 178.653 177.882 178.307 179.797 179.246 178.855 179.741 179.436 179.664 180.717 178.807 179.494 180.601 179.995 179.304 180.839 180.536 180.569 180.816 179.157 178.054 
185.404 186.125 186.731 186.057 185.74 185.018 185.489 186.049 187.62 186.975 186.534 186.476 187.894 188.528 190.095 188.826 187.945 188.196 189.794 190.279 190.543 188.669 187.473 189.082 190.795 189.869 189.8 189.808 189.881 188.998 189.638 188.94 188.449 189.316 190.133 188.91 
185.774 185.769 186.313 185.239 184.155 183.071 186.105 186.071 187.037 187.222 185.869 184.637 188.713 188.914 189.814 189.496 187.946 187.59 190.933 190.58 190.833 189.512 188.519 188.562 190.793 189.4 189.249 189.522 189.436 187.98 189.287 187.818 188.033 188.535 188.396 187.698 
183.597 183.505 184.179 183.118 182.822 182.594 184.217 184.114 184.929 184.307 184.165 183.614 185.734 185.758 186.069 185.65 185.252 184.857 186.689 186.719 186.014 185.21 184.561 185.284 186.599 185.532 184.931 185.438 185.878 185.278 185.314 184.326 184.526 185.25 185.543 185.837 
173.973 174.115 175.336 175.714 176.849 176.757 175.113 175.309 176 175.941 176.663 176.58 174.659 175.325 175.397 174.839 174.731 174.957 173.824 174.39 174.709 174.531 174.212 174.757 173.7 173.305 173.899 174.114 174.524 175.231 173.497 173.341 173.762 174.395 175.073 175.374 
157.871 158.445 159.917 161.393 162.867 161.671 158.071 158.409 159.781 160.574 161.428 160.596 156.661 157.7 158.406 158.545 158.441 158.524 154.909 155.935 156.446 157.202 156.894 157.474 154.018 154.115 155.006 155.54 155.778 157.155 153.407 153.508 153.956 155.182 155.961 156.436 
133.552 134.184 135.394 136.825 138.255 137.338 132.5 133.189 134.327 135.171 135.997 135.133 130.502 131.769 132.372 132.344 132.265 132.157 128.356 129.501 129.595 130.262 129.735 130.186 126.498 126.63 127.332 127.322 127.535 128.682 123.814 123.844 123.993 124.84 125.654 125.968 
99.7653 103.45 104.148 102.4 102.135 101.378 97.1602 99.1753 101.86 101.414 98.7309 99.1819 94.6459 95.0521 96.1953 98.7205 98.7702 96.469 89.6986 90.607 90.1715 91.4317 91.3323 91.4805 87.545 87.5222 87.4377 88.4356 88.9238 89.1067 84.2427 85.1412 84.8184 85.8131 86.4938 86.68 
94.0214 94.0846 94.1189 94.8104 94.5558 93.9833 93.1877 93.4368 93.868 93.8229 93.3507 93.1341 92.0052 92.3429 92.547 92.1218 91.9932 92.3205 90.7388 91.6356 91.407 91.3806 90.8833 90.9286 89.9678 90.2762 90.0596 90.2798 89.9597 90.0289 89.3448 89.2623 88.9653 89.1719 89.1227 89.1494 
94.2827 94.7557 94.4828 95.7349 95.4296 94.9823 93.1217 94.1455 94.4446 94.5796 94.936 94.3949 92.8238 93.6956 93.5838 93.7177 93.9646 93.8592 91.6706 92.8361 92.9807 92.9362 93.3415 93.1968 91.8948 91.9186 91.7985 91.8868 92.9039 92.7296 91.2307 90.8455 91.2557 91.7172 92.0602 92.4432 
92.3449 94.3469 93.9417 95.7998 96.0181 95.8781 89.9715 93.3346 93.4898 95.6456 95.7236 95.8094 91.352 92.6149 93.6012 94.5773 94.8001 95.5939 91.9338 93.0978 93.3418 93.8847 94.5254 95.4764 91.7706 92.2772 93.0014 93.7626 95.0259 94.9932 91.938 92.4803 93.4003 94.0811 94.5616 95.9477 
89.4337 91.0766 90.6128 92.5635 92.2456 92.628 87.8939 90.8453 90.9192 91.9346 92.9921 93.1636 88.6175 89.9353 90.317 91.6522 92.44 93.1573 89.6286 90.6259 91.2694 92.1688 93.0069 94.2513 89.4874 90.2418 90.9535 91.5116 93.8913 94.6178 89.527 90.3807 91.114 91.6358 92.4017 93.3117 
89.5731 91.0081 90.4228 91.19 91.5319 91.4865 88.0793 90.6927 90.4973 92.0972 91.8829 92.0323 89.8516 90.4785 91.2899 91.874 91.8493 92.6227 90.9614 91.5768 91.6099 91.7683 91.9396 92.887 91.3314 91.6182 91.9588 92.3357 93.0954 93.0258 92.0491 92.635 93.1183 93.325 93.331 94.2978 
89.6802 89.3231 89.1787 88.577 88.2287 88.0864 90.3359 89.8745 89.5413 89.1307 88.373 88.0788 91.2168 90.8856 90.3708 89.6977 89.2538 88.9084 92.0651 91.9697 91.4064 90.6269 89.9837 89.5496 92.4031 92.244 91.6805 91.0774 90.4154 89.9099 92.8767 92.1121 91.9859 91.5703 90.7245 90.1506 
92.4638 91.4869 90.2476 89.3351 88.6475 88.2592 92.7864 91.8986 90.7265 89.7456 88.9537 88.4428 93.3616 92.4965 91.5862 90.4424 89.2966 88.7455 94.1293 93.27 92.196 90.8933 89.5737 88.7643 94.311 93.6872 92.639 91.3424 89.9335 88.8491 94.3306 93.7442 92.7903 91.5892 90.4101 89.497 
185.725 187.241 187.437 186.369 185.413 183.838 186.029 186.906 186.881 186.687 185.118 184.397 186.868 186.229 186.711 186.765 186.213 186.326 186.051 185.44 184.804 184.46 184.15 185.075 185.224 185.932 183.507 182.617 182.439 181.964 161.696 162.353 160.56 157.227 156.9 158.13 
178.777 180.131 179.258 178.95 179.094 178.864 179.663 179.739 179.047 179.332 178.574 178.432 179.898 180.059 180.351 180.185 179.243 179.282 179.96 179.313 178.73 179.988 179.67 179.859 181.063 179.277 178.81 179.683 179.083 178.378 181.749 181.514 180.665 179.719 177.739 176.757 
188.482 188.983 189.374 189.313 189.354 188.625 188.486 188.302 188.788 189.118 188.556 188.736 188.585 188.68 189.802 189.508 189.014 189.882 188.551 188.859 189.317 188.46 188.397 189.566 189.301 189.843 189.178 188.802 189.4 188.476 190.378 190.928 189.726 188.55 189.071 188.788 
194.23 193.61 196.33 196.454 195.117 197.106 193.624 195.022 196.528 199.081 195.693 195.186 195.125 197.389 197.736 199.391 196.18 197.27 197.963 198.725 198.747 198.373 197.63 198.214 196.672 196.967 198.919 199.862 200.2 198.887 197.498 199.97 198.279 198.648 200.919 198.456 
191.213 191.171 192.425 191.388 190.708 189.116 191.046 191.392 193.025 193.145 191.693 190.409 193.505 194.199 195.902 195.45 193.63 193.468 195.829 195.541 196.612 195.345 194.451 194.63 196.121 194.712 195.127 195.453 195.63 194.062 195.272 193.334 193.42 194.286 194.608 192.923 
191.978 191.975 192.263 192.511 192.413 192.512 194.103 195.212 193.836 195.216 193.315 192.28 193.971 193.09 192.286 194.891 193.805 194.017 195.006 193.158 192.868 193.539 195.976 195.585 192.832 191.67 194.323 194.627 196.136 193.545 192.878 192.542 193.636 194.222 193.623 191.517 
185.182 185.049 186.666 186.584 187.526 188.295 187.309 187.203 187.049 187.665 188.104 188.38 186.372 185.22 184.998 186.76 186.605 186.287 184.741 183.799 183.021 184.794 185.517 185.463 183.177 182.682 182.48 184.145 185.276 185.214 183.116 181.551 182.089 184.459 184.737 184.408 
170.857 171.273 172.495 173.67 174.567 173.859 171.002 171.529 172.179 172.757 173.617 173.105 168.763 169.514 169.608 170.008 170.116 169.942 165.463 166.33 166.936 167.798 167.471 167.892 163.428 162.919 164.032 164.483 164.967 166.219 161.068 160.817 161.053 162.207 163.044 163.359 
151.43 156.013 155.747 153.252 153.022 153.232 146.312 147.672 150.078 149.666 147.451 146.864 139.512 140.216 140.305 142.796 142.393 139.885 129.365 130.209 129.748 129.902 130.153 129.772 121.451 122.134 121.976 121.61 121.636 122.276 112.763 112.507 112.198 112.254 111.733 112.085 
124.603 129.194 128.83 126.379 126.28 126.271 119.797 121.353 123.945 123.458 120.601 117.549 113.542 114.603 114.331 116.521 113.752 110.638 100.592 101.352 100.786 97.9016 97.7565 97.6049 93.6483 91.9655 91.8887 90.9698 90.5047 90.7949 84.1034 84.1428 83.9765 83.9316 83.1399 82.9983 
103.504 107.285 107.515 105.303 104.825 104.147 101.419 102.614 105.359 104.996 102.314 101.602 98.7511 99.6512 99.6237 101.871 101.428 98.9544 93.9076 94.7598 94.4429 94.1917 94.1133 94.0323 91.2042 91.7712 91.5903 91.4078 91.3531 91.4671 88.9343 89.2794 89.0391 89.1604 89.1014 89.0315 
99.0832 99.56 99.8923 100.727 100.772 100.677 98.2369 98.6133 99.1012 99.6129 99.6973 99.8052 97.5175 97.9724 98.2849 98.4007 98.4854 98.985 96.6607 97.4554 97.5046 97.7279 97.7521 97.6771 95.8453 96.1346 96.2211 96.7512 96.5909 96.8522 95.3439 95.255 95.3367 95.793 95.7135 96.1151 
97.1178 97.7837 98.0343 99.4858 99.635 99.5291 95.9718 97.1229 97.7529 98.5135 99.2111 99.0076 95.8614 96.9131 97.3793 98.2472 98.7451 98.7125 95.7069 96.2969 96.9644 97.6694 98.522 98.2815 95.1773 95.3425 96.1107 96.7817 97.5957 97.8071 94.666 94.4876 95.3025 96.1976 96.8527 97.3571 
93.8941 95.9503 95.785 97.2372 97.8763 98.1661 91.9866 95.0449 95.2545 97.6449 98.0099 98.7622 93.744 94.4209 95.5154 97.0738 97.5697 98.8337 94.7223 95.1629 95.6882 96.6178 97.4453 98.7227 94.7521 94.971 96.149 97.1924 98.1826 98.4568 95.2563 95.9837 96.9794 97.7196 97.9725 99.3864 
95.7579 95.6294 95.3934 95.351 95.9029 96.0385 95.7716 95.3165 95.4396 95.6119 95.9409 96.2583 96.5213 96.0183 96.0588 96.4316 96.9616 97.3417 97.3242 96.9424 97.1257 97.5557 98.0735 98.3504 98.002 97.9166 98.1496 98.6189 99.1445 99.2231 98.9384 98.9305 99.3392 99.8856 99.7637 99.8303 
95.5931 95.1638 94.5935 94.2587 94.2409 94.2767 95.9403 95.5085 94.9514 94.6554 94.325 94.439 96.5263 96.1284 95.8639 95.4184 94.9807 95.0779 97.2232 96.9729 96.8067 96.2624 95.9221 95.7126 97.6612 97.5375 97.4398 97.02 96.5865 96.1394 98.1691 97.9768 97.9975 97.7002 96.9815 96.3473 
97.1665 96.2302 95.4835 94.7147 93.9185 93.5929 97.3167 96.569 95.5497 94.6838 93.8726 93.3698 97.3897 96.8497 95.9539 95.0067 94.1023 93.5786 97.7653 97.2988 96.4738 95.3532 94.4459 93.6836 97.9898 97.4627 96.5899 95.7373 94.6849 93.9046 98.2571 97.681 96.9494 96.2109 95.1491 93.9053 
249.443 249.601 249.319 249.342 249.187 249.257 249.217 249.121 248.647 249.085 248.801 248.749 247.294 248.884 249.009 249.271 249.022 248.183 246.78 246.493 248.078 248.192 247.982 247.662 245.369 245.272 245.192 246.537 246.57 246.755 14.9 14.5629 14.4662 14.4634 16.1362 16.3452 
201.203 204.088 212.876 215.565 216.08 211.972 200.137 204.632 213.459 214.468 215.531 212.818 204.63 212.195 214.908 209.963 209.397 213.523 210.727 214.246 213.747 210.202 208.364 211.264 208.12 209.32 210.073 208.713 208.696 210.318 200.256 200.845 196.83 193.77 193.709 194.032 
199.761 198.298 201.338 202.064 200.104 203.866 199.321 199.677 200.609 204.082 201.912 201.713 199.897 201.863 200.499 203.523 202.206 203.674 201.072 202.697 201.066 201.627 202.425 204.005 199.946 201.071 202.194 203.656 205.285 204.677 200.754 205.028 202.834 203.013 206.932 205.28 
199.712 198.399 201.469 201.85 200.442 203.463 199.006 199.873 201.465 203.811 201.094 201.442 199.766 201.977 201.902 203.744 201.528 202.946 201.419 202.968 202.486 202.638 202.541 203.784 200.722 201.997 203.452 204.823 206.073 204.881 201.832 205.288 203.35 204.205 207.253 204.784 
198.24 197.569 199.794 200.544 198.903 201.358 198.701 199.959 200.408 203.111 200.758 199.9 199.516 200.557 199.778 202.633 201.109 201.658 200.69 200.891 200.328 200.83 201.994 202.42 198.755 199.032 201.208 202.535 203.671 202.079 199.502 202.388 201.488 202.027 203.504 201.435 
196.313 196.632 196.9 197.088 197.088 197.282 198.808 200.208 198.329 199.243 197.966 197.485 198.126 196.873 195.757 197.988 198.419 199.018 197.519 195.535 194.947 196.598 199.944 200.07 195.835 195.099 196.9 197.441 200.283 198.367 195.969 196.623 197.292 198.023 198.351 196.495 
191.831 192.182 192.061 192.879 193.255 193.95 193.621 194.695 193.108 194.689 193.924 194.494 193.62 192.343 191.105 193.512 194.083 195.356 193.269 191.245 190.381 191.366 194.741 196.042 190.945 190.095 191.938 192.394 195.113 194.081 191.136 192.398 193.378 193.892 194.106 192.215 
185.301 184.911 185.813 187.117 187.003 184.331 184.023 184.441 184.449 185.904 187.518 186.535 184.359 182.905 182.839 184.962 186.051 185.854 184.179 181.464 182.892 184.047 185.619 184.297 183.102 181.638 181.945 182.879 183.805 183.855 181.486 182.613 181.477 182.66 181.646 181.559 
175.595 176.389 175.86 175.468 175.249 175.314 172.401 172.54 172.506 172.576 171.956 169.323 167.879 167.756 167.741 167.265 164.251 164.528 158.209 157.722 157.436 154.949 154.686 154.483 151.277 148.448 148.342 148.139 148.151 148.351 140.949 139.897 139.836 139.607 139.281 139.838 
142.425 147.01 146.712 143.53 142.854 142.453 136.771 137.583 140.386 139.662 136.32 132.86 129.573 130.563 129.596 132.225 129.271 125.925 115.885 116.175 115.531 112.203 112.503 112.521 108.987 106.845 105.958 105.404 104.552 105.24 98.6763 98.4439 97.692 96.8465 96.9226 96.5542 
123.29 122.378 121.184 119.649 118.617 117.944 122.738 121.382 120.042 119.345 118.586 114.119 120.935 119.418 118.482 118.377 115.279 114.28 118.843 117.485 115.605 112.161 112.456 112.337 118.459 114.383 112.703 110.56 110.701 110.594 114.305 112.286 112.165 111.125 110.069 109.156 
112.069 112.512 112.167 111.708 111.901 113.027 112.429 112.48 111.368 111.34 112.586 113.143 111.652 111.578 110.829 110.611 111.503 111.583 110.574 110.269 110.424 110.286 110.319 110.377 108.89 109.445 109.824 108.734 108.193 109.234 108.996 108.907 109.102 108.462 107.796 107.819 
102.68 103.438 104.166 104.802 105.353 105.77 102.308 102.489 102.926 103.962 105.033 105.652 102.048 101.93 101.998 103.258 104.338 104.947 101.679 100.874 101.686 102.649 103.599 103.945 100.97 100.651 101.744 102.484 102.467 103.032 100.578 100.412 101.096 101.876 101.702 102.062 
101.141 101.492 102.038 102.57 103.334 103.935 100.823 100.752 101.167 102.105 103.375 104.409 100.953 100.489 100.56 101.969 103.345 104.305 101.016 100.165 101.117 102.265 103.264 103.898 100.958 100.802 101.82 102.775 103.194 103.772 101.059 101.047 101.607 102.761 103.084 103.352 
99.6292 99.9936 99.8536 99.7632 100.422 100.689 99.8144 99.2558 99.1596 99.4891 100.428 101.337 100.876 99.8289 99.3185 100.183 101.002 101.921 101.574 100.326 100.596 101.232 102.075 102.494 101.873 101.392 102.087 102.658 103.05 103.258 102.406 102.474 102.903 103.656 103.382 103.41 
100.794 100.403 99.5913 99.0036 98.8042 98.5514 100.857 100.134 99.4605 98.8481 98.573 98.5571 101.381 100.713 99.871 99.3708 99.1102 99.2057 101.678 101.217 100.647 100.118 99.9707 99.9064 102.128 101.707 101.179 100.963 100.807 100.678 102.864 102.422 101.928 101.852 101.31 101.245 
101.218 100.292 99.1664 98.1832 97.341 96.8253 101.29 100.502 99.2251 97.9713 97.0972 96.6652 101.349 100.604 99.3997 98.202 97.1669 96.7679 101.483 100.72 99.6272 98.5056 97.574 97.0607 101.559 100.623 99.4907 98.6084 97.7569 97.1986 101.564 100.827 99.8742 98.7411 97.927 97.2376 
223.174 226.583 234.397 236.985 237.981 234.301 222.437 227.515 235.937 236.057 237.023 235.254 227.069 234.505 236.942 231.592 231.374 235.08 232.773 236.526 237.018 233.521 231.421 233.438 230.515 231.579 233.47 232.057 231.365 233.8 216.425 216.646 213.67 211.631 211.32 211.402 
215.378 219.037 229.549 232.432 233.272 229.566 214.71 220.29 230.565 231.367 232.811 230.712 219.767 228.995 231.707 226.372 226.013 230.372 227.129 231.321 230.993 227.847 225.912 227.823 224.641 225.599 227.287 225.889 225.268 227.488 228.974 229.265 225.12 222.566 221.986 222.092 
211.515 213.409 220.567 223.792 224.603 221.804 210.709 214.446 221.689 223.145 224.562 222.563 214.267 220.313 222.566 219.009 219.233 222.825 219.569 222.474 222.748 220.361 219.062 221.661 218.022 218.495 220.07 219.26 219.158 221.074 221.303 221.23 218.436 217.001 216.744 216.773 
207.755 206.762 209.062 209.508 208.314 210.676 207.438 208.031 209.466 211.23 209.711 209.48 207.427 209.182 209.003 210.998 209.928 210.532 208.487 209.928 209.622 210.064 210.148 210.648 207.728 208.777 209.829 211.267 211.965 211.045 208.517 210.975 209.954 210.727 213.082 211.496 
207.226 207.458 206.941 207.021 207.337 207.497 207.335 207.274 206.679 207.179 207.85 207.817 207.387 207.155 207.244 207.763 208.705 208.62 207.316 207.076 207.334 207.6 208.384 208.12 207.336 207.498 207.811 207.65 208.23 208.025 207.638 207.54 207.674 207.957 208.233 208.107 
199.662 199.891 199.298 199.63 199.825 200.402 200.396 200.836 199.955 200.762 200.594 200.227 200.428 199.634 198.82 200.235 200.776 200.905 200.22 199.458 198.854 198.911 200.696 201.269 199.678 199.46 200.206 199.962 200.997 200.474 200.019 200.391 200.796 200.689 200.717 199.754 
191.466 191.254 191.133 191.723 192.282 191.384 191.004 190.998 190.651 191.378 192.467 192.679 192.021 190.859 190.489 191.069 191.951 192.663 192.7 190.606 190.947 190.958 192.292 192.484 192.597 191.627 191.184 191.718 192.625 193.092 192.743 193.509 192.747 193.489 193.115 192.66 
184.742 184.422 184.558 185.698 185.538 183.717 183.825 184.061 183.721 184.732 185.702 185.725 184.985 183.745 183.392 184.51 184.923 185.555 185.741 183.196 183.943 184.098 185.21 185.012 185.152 183.93 184.112 184.37 185.098 185.471 184.96 186.104 185.531 185.935 184.847 184.343 
166.537 166.3 166.145 164.868 163.104 162.161 165.305 165.517 164.403 162.888 163.794 162.98 165.021 164.368 163.962 162.955 163.003 162.697 165.483 163.692 164.597 164.419 161.794 160.474 166.056 163.797 162.689 163.043 160.922 159.337 165.431 164.02 161.703 161.568 159.866 159.468 
136.722 135.733 134.536 132.958 131.781 130.8 136.335 134.919 133.633 132.924 131.864 127.408 134.731 133.398 132.431 132.07 128.641 127.558 133.031 131.714 129.824 126.26 126.228 126.168 133.091 129.11 127.286 125.075 124.983 124.686 129.504 127.579 127.123 125.685 124.797 123.929 
122.644 122.599 121.53 120.23 119.871 120.635 123.392 122.693 120.851 120.383 120.992 120.582 122.624 121.853 120.602 120.032 119.977 119.503 122.037 121.4 120.562 119.497 119.171 119.151 121.078 120.876 120.422 117.894 117.209 118.227 120.788 120.054 119.952 118.534 117.234 116.893 
118.265 118.421 117.761 117.019 116.945 118.108 118.907 118.599 117.139 116.974 118.001 117.959 118.224 117.801 116.863 116.534 117.134 116.862 117.501 117.033 116.54 116.256 116.359 116.405 116.513 116.59 116.553 114.876 114.474 115.507 116.558 116.124 116.6 115.444 114.262 114.362 
112.384 112.785 112.598 112.383 112.979 114.459 112.818 112.93 111.983 112.257 113.891 114.75 112.2 112.344 111.915 111.902 113.077 113.364 111.459 111.543 111.988 112.126 112.413 112.658 110.573 111.295 111.877 110.992 110.736 111.979 111.035 111.117 111.487 111.028 110.593 110.902 
104.621 105.129 105.7 106.365 107.137 107.766 104.551 104.502 104.815 105.964 107.2 108.13 104.617 104.495 104.732 105.909 106.985 107.923 104.589 104.449 105.359 106.255 107.185 107.654 104.93 105.115 106.207 106.891 107.292 107.763 105.118 105.376 106.109 106.983 107.302 107.484 
104.146 104.028 103.541 103.551 104.112 104.419 103.882 103.393 103.194 103.396 104.077 104.498 104.417 104.017 103.814 103.718 104.234 104.871 104.812 104.805 104.639 104.636 105.242 105.526 105.444 105.55 105.407 105.645 106.396 106.561 105.94 105.916 105.886 106.479 106.982 107.42 
104.791 104.38 103.687 103.283 103.09 102.945 104.879 104.085 103.493 103.118 102.918 102.7 105.217 104.7 104.129 103.424 102.95 102.961 105.426 105.395 104.719 103.925 103.828 103.557 105.637 105.438 105.056 104.571 104.459 104.367 105.844 105.54 105.162 104.78 104.827 104.876 
107.574 106.569 106.292 103.595 103.173 104.663 107.939 106.641 106.936 103.748 103.216 103.691 107.235 107.184 106.43 105.929 103.884 104.757 105.88 106.198 105.633 104.632 104.473 103.886 106.21 106.11 105.194 103.954 103.252 103.494 105.194 104.769 105.54 104.181 103.627 104.163 
235.216 235.652 236.547 236.548 236.842 236.708 235.611 236.4 236.626 236.824 236.833 237.437 235.955 236.797 236.636 237.012 237.377 237.327 235.532 236.435 237.276 237.81 237.72 237.647 235.695 237.089 237.418 237.049 236.942 237.789 236.01 236.959 237.413 237.012 236.568 237.111 
223.632 225.547 230.765 233.197 234.131 231.366 223.135 226.538 232.112 232.481 233.958 232.773 226.244 231.035 232.509 229.255 229.752 232.816 230.14 232.368 233.365 231.603 230.061 231.651 228.613 229.292 231.267 230.49 229.59 231.436 231.199 231.541 230.041 228.922 227.893 228.035 
223.123 222.243 223.034 224.35 225.107 224.295 223.579 223.217 223.877 224.716 224.988 224.796 223.384 223.303 223.151 223.812 224.703 225.085 223.911 222.855 223.135 224.51 225.51 225.067 223.203 222.63 223.481 224.402 224.082 223.962 223.542 222.867 223.104 223.993 223.853 222.977 
217.191 217.498 217.434 217.673 218.467 217.924 217.715 216.999 217.133 217.52 218.292 217.443 217.755 217.07 216.967 217.518 218.285 217.814 217.759 217.148 217.042 217.417 218.479 218.74 217.45 217.363 217.617 217.882 219.412 219.785 217.482 217.253 217.41 218.224 218.765 219.121 
212.271 212.361 211.903 211.849 212.175 211.624 212.379 212.236 211.66 211.715 212.546 212.312 212.077 212.158 211.074 211.545 212.544 212.449 212.205 212.331 211.558 211.198 211.813 211.792 211.744 212.606 212.114 211.632 211.647 211.905 211.843 211.928 212.509 212.247 212.32 212.144 
208.646 210.648 210.295 207.231 209.086 205.719 211.129 211.812 210.294 207.309 205.246 204.562 211.794 211.137 207.906 206.286 205.484 208.696 208.074 209.162 208.816 209.149 206.053 208.426 204.418 203.08 208.803 204.985 200.844 199.629 206.402 207.553 207.544 201.927 199.062 196.761 
195.054 195.151 194.702 194.421 194.344 194.338 194.964 195.029 194.7 194.367 193.696 193.986 196.116 195.731 194.877 194.055 193.388 193.974 196.184 195.595 194.584 193.341 192.98 193.985 195.796 195.565 194.455 193.899 193.724 194.344 196.298 196.168 196.102 195.751 195.586 194.589 
174.885 174.842 174.297 172.733 171.101 170.365 174.225 174.375 173.123 171.237 171.499 170.618 174.385 173.722 173.092 171.52 171.195 170.586 174.746 173.441 173.908 173.074 170.233 169.003 175.207 173.692 172.467 172.433 170.012 168.644 175.408 174.293 172.21 171.977 170.128 169.691 
159.678 159.738 158.951 157.005 154.737 154.814 159.016 159.335 157.985 155.369 154.723 154.245 158.422 158.517 157.96 155.441 154.621 154.118 158.113 157.595 157.67 156.692 153.253 152.369 158.768 157.012 155.546 155.169 152.763 151.16 158.96 156.817 154.858 153.745 152.714 152.508 
145.222 145.141 144.728 143.223 141.722 141.598 144.847 144.836 143.886 142.239 142.019 141.538 144.315 144.302 143.795 142.034 141.622 141.301 144.064 143.649 143.545 142.731 140.214 139.718 144.411 142.959 141.684 141.334 139.455 138.636 144.229 142.455 140.844 140.401 139.682 139.557 
129.823 129.601 128.271 127.937 128.235 126.896 129.285 129.121 128.427 127.376 127.887 125.847 128.616 128.517 125.694 125.188 128.245 128.017 128.061 127.554 126.973 127.658 128.528 127.941 128.337 127.705 126.798 126.263 125.924 125.763 128.758 129.191 126.158 124.785 125.925 127.815 
120.832 121.166 120.859 120.484 120.872 122.15 121.235 121.439 120.415 120.544 121.906 122.575 120.875 120.944 120.337 120.133 121.106 121.319 120.261 120.301 120.513 120.463 120.538 120.868 119.221 119.903 120.341 119.348 119.177 120.516 119.742 119.843 120.117 119.589 119.025 119.537 
114.798 115.348 115.893 116.665 117.561 118.139 114.452 115.021 115.757 116.431 117.466 117.961 113.804 114.354 115.237 115.875 117.004 117.465 113.54 114.091 114.743 115.711 116.376 116.777 113.628 113.994 114.596 115.14 115.881 116.522 113.869 114.108 114.473 114.986 115.6 116.312 
113.706 114.346 114.573 114.428 114.394 114.639 111.594 111.739 112.706 112.798 112.781 113.431 110.522 111.591 111.8 111.749 113.563 113.996 111.142 112.115 111.35 111.003 112.583 113.681 109.457 111.069 112.28 111.068 111.266 112.134 110.018 111.848 112.476 111.633 112.512 113.568 
110.123 110.574 110.788 110.311 109.954 109.877 110.056 110.401 111.174 111.032 110.818 110.15 110.167 109.946 111.069 109.609 110.411 111.039 110.415 110.337 110.195 109.067 110.458 110.778 111.09 110.927 110.131 110.172 110.465 111.413 111.098 110.318 110.858 110.913 110.871 111.955 
108.888 108.173 108.192 105.848 105.765 107.483 109.442 108.351 108.974 106.158 105.85 106.659 108.863 109.029 108.73 108.505 106.762 107.932 107.63 108.193 108.053 107.372 107.56 107.236 108.172 108.312 107.772 106.776 106.408 106.811 107.315 107.018 108.107 107.152 106.852 107.556 
109.623 108.472 108.275 105.469 105.266 106.933 110.042 108.71 109.217 105.813 105.282 105.92 109.317 109.33 108.728 108.202 106.088 107.124 107.807 108.184 107.85 106.963 106.871 106.23 108.149 108.22 107.415 106.212 105.543 105.753 107.168 106.856 107.758 106.378 105.969 106.522 
239.67 239.356 239.511 240.467 240.878 240.322 239.897 240.415 240.147 240.091 241.168 241.475 240.044 240.51 240.726 240.773 241.121 241.326 240.104 241.076 242.428 242.197 241.838 241.664 240.021 241.307 242.139 241.637 241.757 241.988 239.843 240.936 242.003 241.33 241.321 241.543 
233.548 232.798 234.069 235.443 236.085 234.54 233.83 233.795 234.386 235.665 235.793 235.7 233.967 234.463 234.332 235.266 236.507 236.06 235.275 234.361 234.577 235.84 237.469 236.317 234.385 234.696 234.911 235.562 235.541 235.525 234.612 234.38 234.546 234.741 234.835 234.759 
224.952 225.028 225.218 226.475 227.318 225.883 225.691 224.525 224.792 225.872 226.257 224.885 225.67 224.975 224.859 225.4 225.665 224.59 225.859 224.446 224.701 225.654 226.879 226.664 225.804 224.918 225.507 226.375 228.08 228.43 225.736 225.6 225.334 225.801 225.962 227 
221.602 221.506 221.828 222.239 222.332 221.173 221.896 220.672 221.018 221.538 221.42 220.353 221.424 221.303 220.913 221.252 221.027 220.058 221.776 221.108 220.396 221.255 222.367 222.143 221.753 221.734 221.704 222.675 224.609 224.404 221.963 222.07 221.937 222.415 223.116 223.939 
214.945 217.191 216.953 214.121 215.921 212.323 217.471 217.854 216.277 213.687 211.836 210.738 218.068 217.321 213.946 212.469 211.627 214.212 214.592 215.277 214.734 215.369 212.621 214.843 211.098 209.753 215.248 211.901 208.656 207.666 212.855 214.533 214.345 208.886 206.177 204.589 
211.443 213.213 212.922 209.876 211.573 206.931 213.666 214.61 212.593 209.482 207.048 206.18 214.469 214.232 209.851 207.602 206.603 209.547 210.909 212.179 211.051 210.612 206.801 209.206 207.16 206.29 211.446 207.146 202 200.869 209.085 210.568 211.008 204.485 200.584 197.959 
203.621 205.427 205.292 201.792 202.979 199.065 206.105 206.915 205.288 201.601 198.399 197.002 206.898 206.209 202.583 199.771 197.537 200.15 202.793 203.881 203.56 203.133 198.297 199.917 198.785 197.382 203.455 199.49 193.843 191.77 200.852 202.162 202.18 196.465 192.388 189.535 
179.373 178.952 177.118 175.043 173.037 170.728 179.414 179.343 176.876 174.241 170.785 167.967 179.209 178.069 175.732 172.401 168.421 165.786 177.632 176.516 175.631 172.611 168.594 165.598 176.036 175.459 175.629 173.69 169.836 167.422 176.378 175.355 175.153 173.972 171.122 169.219 
152.759 152.48 151.469 149.227 147.236 146.681 152.55 152.268 150.584 148.221 147.567 146.68 152.189 151.732 150.66 148.265 147.404 146.477 151.81 151.063 150.533 149.434 146.059 144.704 152.005 150.409 148.676 148.123 145.436 143.687 152.024 149.787 147.887 147.092 145.63 144.968 
132.675 132.47 130.728 130.51 130.697 128.518 131.833 132.387 131.568 130.157 130.364 127.853 132.05 132.374 128.441 127.713 131.405 130.188 132.673 132.317 130.618 130.873 131.788 130.44 132.841 131.553 130.937 129.209 128.449 127.976 131.126 132.178 129.815 127.14 128.967 130.437 
130.629 130.383 129.105 128.744 129.286 127.648 130.057 129.815 129.208 128.208 128.958 126.889 129.613 129.5 126.549 125.946 129.254 128.985 129.061 128.597 128.16 128.812 129.609 128.932 129.263 128.679 127.994 127.636 127.059 126.948 129.847 130.405 127.218 126.155 127.339 129.312 
128.419 128.321 127.252 127.054 127.682 126.452 127.656 127.773 127.362 126.354 127.315 125.577 127.211 127.226 124.598 124.212 127.773 127.72 126.759 126.247 125.958 127.176 128.182 127.618 126.829 126.363 125.919 125.902 125.67 125.635 127.579 128.231 125.262 124.286 125.701 127.818 
123.527 122.165 122.233 123.191 123.601 122.93 122.279 120.507 120.84 120.756 120.971 121.317 121.77 120.294 120.103 119.202 118.774 118.894 121.177 120.602 118.577 119.08 122.174 122.482 120.484 120.089 118.377 117.157 119.61 120.46 119.835 120.139 119.872 120.036 119.841 120.139 
116.062 117.07 117.379 116.784 116.208 116.115 114.14 114.607 115.988 115.536 114.947 114.879 113.246 114.128 114.626 113.673 115.473 115.728 113.737 114.383 113.391 112.363 114.253 115.189 111.978 113.245 114.103 112.838 112.785 113.843 112.566 113.996 114.846 113.783 114.094 115.576 
115.589 116.394 116.566 115.668 114.698 114.452 113.725 113.933 115.135 114.49 113.526 113.235 112.899 113.525 113.896 112.506 114.231 114.485 113.48 113.882 112.631 111.076 113.043 114.108 111.663 112.775 113.364 111.726 111.509 112.679 112.099 113.347 114.136 112.925 112.975 114.426 
112.299 112.352 112.331 111.309 110.319 109.826 112.591 112.685 113.192 112.301 111.381 110.24 112.642 112.274 113.036 110.937 111.223 111.397 112.545 112.118 111.92 110.272 111.097 111.137 112.987 112.472 111.577 111.261 110.885 111.533 113.148 112.111 112.291 111.96 111.245 111.946 
111.011 109.964 109.844 107.135 106.813 108.188 111.964 110.463 110.8 107.567 106.864 107.409 111.148 111.164 110.56 109.876 107.784 108.839 109.357 109.86 109.756 108.625 108.468 107.933 109.714 109.787 109.314 107.952 107.146 107.274 108.972 108.616 109.656 108.41 107.59 107.9 
250.125 249.923 250.216 250.43 250.659 250.649 250.407 250.702 250.494 250.783 251.095 251.281 250.407 250.965 250.993 251.482 251.865 251.446 250.863 251.226 251.179 251.424 251.707 251.558 250.474 251.334 251.081 251.147 251.124 251.227 250.562 250.794 251.107 250.318 250.625 251.404 
246.75 246.326 246.61 247.144 247.058 246.081 244.51 245.386 246.398 246.707 246.175 248.135 246.067 247.528 247.296 247.7 248.11 248.546 245.288 247.799 247.619 245.861 247.329 247.509 245.822 247.395 245.978 245.141 246.379 247.069 246.9 247.026 246.323 244.969 245.487 246.624 
233.034 232.763 232.914 232.883 233.927 232.748 234.164 233.674 233.13 233.125 232.585 232.982 233.917 233.961 232.271 232.467 233.803 233.121 235.253 233.612 232.555 233.444 235.416 233.319 233.781 233.105 232.932 233.835 232.946 232.279 233.387 232.086 232.25 232.603 232.775 231.397 
225.328 225.851 225.225 224.317 224.23 223.463 226.073 224.905 223.888 223.602 223.286 221.545 225.892 225.245 224.089 224.017 223.015 221.129 225.26 224.489 223.64 223.762 224.071 223.664 225.559 225.026 224.453 225.238 227.264 227.211 225.028 225.308 224.703 224.636 225.423 227.003 
223.749 223.998 221.71 219.882 219.54 217.669 223.899 224.602 220.714 219.257 218.842 218.723 222.918 224.585 219.547 217.981 218.461 217.302 223.715 224.492 220.734 218.012 216.839 217.235 223.118 225.64 222.538 220.789 218.409 218.861 222.581 223.245 224.249 221.911 220.241 219.454 
215.818 217.706 216.708 211.821 211.187 204.735 219.378 220.104 217.657 213.499 208.615 204.852 220.078 219.214 215.24 212.322 208.836 208.8 216.499 216.334 215.631 214.85 209.305 209.15 212.578 210.196 215.319 210.3 203.968 200.278 213.471 215.553 214.433 207.093 202.192 197.07 
183.694 183.363 180.235 174.553 172.215 164.606 211.65 209.726 208.376 206.399 200.329 190.538 214.048 209.813 209.323 205.075 200.324 191.617 213.112 209.771 207.93 204.093 199.166 192.027 210.19 208.587 206.558 203.722 198.784 193.396 208.499 208.32 206.824 203.754 199.008 193.33 
171.54 170.301 167.163 163.988 162.09 158.932 171.787 170.486 166.859 163.603 160.263 156.629 171.447 168.948 165.151 161.698 157.516 154.031 169.3 167.118 165.584 162.155 157.292 153.397 166.948 166.077 165.919 163.872 158.89 155.28 167.371 165.612 165.108 163.681 160.227 157.295 
140.964 139.377 137.018 136.784 135.29 133.418 141.213 141.784 138.792 137.578 135.436 133.656 142.822 142.821 138.904 136.756 136.03 133.334 145.138 144.541 140.465 137.12 135.937 133.746 144.527 142.21 141.045 136.645 133.797 132.504 138.696 138.619 139.737 135.088 134.134 132.26 
133.579 132.903 131.629 132.159 131.549 130.253 133.955 134.679 133.279 133.194 131.911 130.793 135.714 136.14 133.038 132.294 132.507 130.637 137.72 137.721 134.437 132.726 132.315 131.009 137.196 135.422 134.982 131.707 130.294 129.735 131.714 132.002 133.809 130.52 130.87 129.741 
131.153 130.862 129.17 128.882 129.05 126.997 130.379 130.697 129.858 128.504 128.779 126.384 130.706 130.786 126.966 126.248 129.858 128.808 131.33 130.748 129.221 129.536 130.327 129.117 131.465 130.104 129.605 128.039 127.279 126.831 129.952 130.861 128.437 125.978 127.709 129.143 
126.632 124.425 124.25 125.094 125.451 124.64 126.337 124.163 123.833 123.602 123.898 123.899 126.498 124.259 123.786 122.827 121.612 121.658 126.019 124.841 123.092 123.606 125.765 125.561 126.192 125.114 122.88 121.922 124.001 124.337 125.5 124.746 124.104 124.42 123.551 123.328 
124.637 122.929 122.934 123.944 124.352 123.717 124.373 122.585 122.48 122.311 122.604 122.849 124.44 122.484 122.401 121.498 120.265 120.355 123.805 122.759 121.265 122.032 124.414 124.224 124.062 122.906 120.691 120.149 122.694 123.069 123.128 122.587 121.988 122.656 122.43 122.232 
123.141 121.848 121.791 122.455 122.605 121.907 121.846 120.059 120.361 120.013 119.891 120.143 121.477 120.033 119.777 118.753 118.066 117.961 121.065 120.446 118.303 118.716 121.728 121.788 120.496 120.083 118.325 116.958 119.406 120.002 119.94 120.324 119.957 119.95 119.908 120.122 
116.32 115.639 115.157 115.936 115.762 113.85 117.123 116.323 116.572 115.871 115.322 114.261 116.264 116.716 116.861 115.769 115.43 115.186 117.218 117.238 117.001 115.524 115.902 115.62 118.517 117.259 116.415 116.781 116.871 116.937 118.277 116.526 117.016 117.665 118.204 118.376 
115.023 114.635 114.098 113.628 113.072 112.661 116.023 115.404 114.781 114.109 113.293 113.043 116.189 115.895 115.47 114.572 113.831 113.768 115.944 115.791 115.706 114.707 114.063 113.884 116.126 115.834 115.697 114.853 114.101 113.799 116.407 115.985 115.656 115.296 114.455 113.858 
115.093 115.146 113.194 111.271 110.391 108.888 115.908 116.851 115.681 113.171 111.578 109.677 116.038 116.105 115.993 112.957 111.331 110.291 116.073 116.004 115.303 112.634 111.749 111.355 116.308 115.871 115.042 113.374 111.8 111.129 116.61 116.238 114.938 113.342 111.754 111.695 
254.349 254.155 254.504 254.489 254.507 254.788 252.391 253.408 254.443 254.496 253.557 254.873 253.942 255.215 255.116 254.945 254.894 254.881 253.249 255.3 254.758 253.424 254.021 254.671 253.815 255.107 253.689 253.262 253.648 254.444 254.841 254.963 254.072 253.174 253.377 253.978 
252.887 253.114 253.706 253.597 253.532 253.158 251.197 252.053 253.508 253.746 252.293 253.712 252.776 253.877 253.748 253.64 253.967 254.023 252.488 254.063 253.381 252.004 253.348 253.771 252.744 254.211 252.706 251.762 252.38 253.474 253.768 253.781 252.992 252.05 252.449 253.277 
246.921 247.19 247.395 246.319 245.61 244.847 243.826 245.507 246.695 246.292 243.601 244.609 246.216 247.917 247.436 246.534 245.714 245.472 244.757 247.708 246.568 244.077 244.839 245.614 245.9 247.638 244.769 243.494 243.152 245.306 246.896 247.053 245.469 244.284 244.182 245.088 
234.314 236.536 234.269 230.248 228.243 228.366 235.395 236.781 233.88 230.528 228.849 227.626 234.569 236.524 233.867 231.703 229.809 227.867 235.066 236.648 234.156 232.591 230.427 228.526 235.092 236.499 234.167 233.531 231.165 228.351 233.434 232.975 232.466 231.765 231.324 228.518 
227.066 230.898 227.332 224.199 218.059 214.738 231.958 233.991 230.354 227.033 222.127 218.085 230.805 233.807 231.665 227.936 221.692 217.776 230.602 235.756 232.166 228.579 221.381 217.533 231.091 236.438 232.908 228.311 222.839 218.418 231.828 234.79 232.454 228.296 223.59 220.19 
187.487 190.518 186.536 179.288 175.662 165.376 230.969 229.8 229.329 227.772 220.084 205.763 233.894 230.28 231.277 226.896 220.433 207.878 232.756 231.641 229.775 225.813 218.744 208.881 228.832 230.708 228.737 225.008 218.235 210.549 227.056 230.088 229.191 224.819 218.549 210.816 
165.649 164.988 160.076 154.33 154.206 149.46 223.618 219.763 220.093 219.147 215.27 205.013 227.293 221.021 222.214 217.477 215.366 208.66 226.026 223.545 221.714 218.299 213.965 209.1 223.222 223.637 221.129 218.756 215.07 211.701 221.915 221.635 220.528 218.949 215.587 213.006 
162.62 158.811 152.906 146.527 144.921 140.366 195.932 192.005 187.539 184.023 178.91 171.528 197.843 192.598 190.567 182.918 179.191 172.741 197.208 194.059 190.229 182.841 178.185 172.937 194.764 193.755 189.675 185.317 178.481 174.929 194.097 192.561 189.697 185.166 178.829 175.819 
145.994 142.1 137.754 134.141 131.412 129.045 147.23 143.921 138.313 135.046 131.899 129.548 147.328 144.495 140.628 134.756 131.963 128.961 147.215 145.043 141.116 134.97 131.959 129.049 146.902 145.001 140.845 136.504 131.738 128.804 146.396 143.629 140.134 135.839 130.926 128.692 
134.407 132.711 130.339 130.259 129.078 127.633 135.078 135.433 132.5 131.665 129.561 128.175 136.893 136.902 133.187 130.938 130.622 128.152 139.491 139.129 135.043 131.638 130.923 129.048 139.166 136.995 136.023 131.516 129.055 127.897 133.125 133.242 134.733 130.077 129.304 127.648 
129.793 127.261 125.708 124.111 123.312 122.867 130.385 127.935 126.625 124.828 124.176 123.472 131.247 128.729 127.181 125.778 124.98 124.289 132.528 130.855 128.971 127.355 126.26 125.4 132.31 131.802 130.68 128.078 126.552 125.619 133.135 132.054 130.852 128.435 125.75 125.559 
126.443 124.146 123.119 121.797 120.854 120.636 126.798 125.076 124.004 122.196 121.661 121.163 127.428 125.403 124.44 123.302 122.722 122.555 128.846 127.234 126.124 125.197 124.56 124.051 128.535 128.278 127.801 126.014 125.064 124.495 129.569 128.905 128.184 126.358 124.568 124.579 
125.606 123.204 122.709 123.08 123.057 122.214 125.313 122.919 122.452 121.598 121.554 121.364 125.647 123.066 122.529 121.414 119.837 119.518 125.606 124.119 122.179 122.612 124.765 124.085 125.946 124.968 122.551 121.235 123.44 123.439 125.736 125.114 124.323 124.154 123.212 123.014 
118.6 117.893 117.127 117.797 117.57 115.676 119.186 118.273 118.046 117.19 116.349 115.538 118.725 119.522 118.972 118.677 117.399 116.304 120.241 120.292 120.06 119.365 119.164 118.1 121.635 120.514 120.162 120.574 121.056 120.395 121.959 120.891 120.982 121.674 123.336 123.116 
117.901 117.072 116.243 117.109 116.95 115.102 118.517 117.448 117.194 116.57 115.674 114.934 117.959 118.765 118.076 117.838 116.527 115.669 119.423 119.604 119.175 118.195 117.92 117.007 120.857 119.743 119.244 119.356 119.491 118.992 121.121 119.815 119.837 120.429 121.765 121.469 
116.808 116.046 114.625 115.045 114.88 112.57 118.039 117.505 116.912 115.548 114.548 113.322 117.318 118.086 117.727 116.305 114.913 114.162 118.615 118.813 118.412 116.487 115.961 115.415 119.966 118.786 118.04 117.764 117.113 116.63 119.944 118.503 118.358 118.354 118.525 118.193 
116.036 116.085 114.05 111.971 111.033 109.575 117.266 118.087 116.939 114.416 112.651 110.82 117.833 117.929 117.779 114.633 112.829 111.805 118.453 118.351 117.565 114.391 113.471 113.132 118.815 118.349 117.352 115.5 113.761 113.129 119.372 118.827 117.511 115.716 114.018 114.016 
