4849680
239.301 238.94 246.516 250.233 249.464 246.458 246.433 243.11 249.581 250.589 249.578 249.968 247.568 244.538 246.99 246.693 248.634 249.586 245.216 244.304 247.692 244.356 247.221 246.515 244.444 247 246.938 240.91 243.389 247.116 241.041 245.368 247.144 243.744 242.777 247.091 
235.443 235.15 241.5 244.779 244.383 241.196 241.387 238.595 244.42 245.219 244.497 244.337 242.644 240.147 242.02 241.893 243.587 244.387 240.91 239.871 242.261 239.967 242.734 242.364 240.069 242.087 241.623 236.723 239.237 243.194 237.277 240.672 242.268 239.39 238.562 242.707 
215.065 214.478 217.398 216.791 218.237 217.806 216.653 216.071 219.669 217.961 217.936 218.902 218.608 218.725 218.869 218.452 218.26 219.473 219.554 220.317 220.012 220.773 219.496 219.442 217.836 218.793 219.469 220.187 220.485 217.563 216.951 217.766 218.676 218.706 219.696 219.741 
194.338 194.329 194.076 193.127 193.319 192.925 195.462 195.898 195.333 195.288 194.848 194.281 196.682 196.925 196.458 194.97 194.669 194.965 197.189 196.822 195 194.612 194.658 195.241 196.204 195.687 194.945 195.158 195.678 195.082 196.652 196.697 195.371 195.51 195.607 194.642 
175.836 174.67 173.103 170.367 169.946 169.371 179.67 174.951 172.901 171.439 169.945 171.142 179.018 175.377 173.162 172.201 170.664 170.253 177.333 175.301 171.794 173.42 172.824 170.923 175.76 173.757 172.919 175.748 170.49 167.86 176.225 174.262 174.269 174.822 170.244 166.695 
153.709 153.288 154.346 155.225 156.297 156.569 154.104 154.009 154.619 154.839 155.781 156.51 153.755 153.282 153.754 155.284 156.364 157.689 153.063 152.81 153.568 155.452 156.261 157.053 153.725 152.685 153.238 155.286 156.459 156.455 154.015 153.99 154.879 155.891 155.299 156.349 
143.028 142.34 144.457 146.099 148.192 149.467 147.092 147.294 148.324 149.311 151.258 153.076 147.034 146.971 147.652 150.063 152.208 154.95 146.395 146.688 147.837 150.354 152.53 154.532 146.912 146.458 146.983 149.911 152.688 153.761 148.252 147.643 148.699 150.703 151.274 153.384 
132.853 133.128 134.894 137.045 139.693 141.451 143.799 144.606 145.771 146.678 149.147 151.362 144.225 145.036 146.047 148.553 151.311 154.091 143.128 144.726 146.067 149.131 151.322 153.705 143.751 143.932 145.033 148.147 151.058 153.282 143.763 144.975 146.325 148.79 149.222 152.376 
103.974 106.499 107.687 109.115 111.189 115.091 119.928 121.859 124.523 125.577 128.696 130.961 122.764 125.569 127.106 129.265 131.5 132.515 122.553 125.158 126.671 129.582 131.143 133.595 123.648 126.752 128.042 129.084 130.487 133.788 123.883 126.837 127.461 129.2 130.948 133.544 
104.014 105.044 106.236 108.862 111.438 113.17 109.153 110.036 111.82 113.415 115.127 117.545 111.676 112.193 113.588 115.7 117.25 117.501 112.288 114.167 115.649 116.797 119.331 120.44 114.697 116.234 118.985 119.887 120.603 121.23 116.599 120.917 120.36 121.881 122.967 122.605 
238.056 237.654 244.069 247.568 246.176 243.066 244.86 241.388 246.594 247.805 246.468 246.616 245.232 241.942 244.214 243.733 245.618 246.366 242.841 241.448 244.57 241.246 244.285 243.612 242.017 243.907 243.68 237.935 240.109 244.426 238.957 242.689 244.17 240.677 239.483 243.961 
217.042 217.204 220.201 219.639 216.823 217.311 217.594 214.843 217.864 218.213 214.333 216.098 217.45 216.743 216.321 218.189 214.662 216.558 217.221 219.121 218.372 214.947 215.426 218.188 217.361 219.857 220.081 219.631 218.688 218.226 218.036 218.201 219.415 216.706 215.735 217.266 
210.939 211.738 211.786 210.901 210.921 208.933 210.928 211.017 212.604 211.517 209.617 208.724 210.913 211.209 212.057 211.15 209.876 209.629 212.403 212.569 212.065 211.919 211.055 210.997 211.589 211.889 212.424 212.134 211.246 211.158 212.239 211.636 211.551 210.517 209.949 211.052 
185.668 185.272 183.773 180.671 180.451 179.825 188.48 186.097 183.853 181.614 179.619 180.33 188.048 186.441 184.331 182.324 180.04 179.134 187.255 186.521 183.171 182.856 181.941 180.087 185.826 184.613 183.898 184.704 180.691 178.184 186.465 185.307 184.477 183.935 180.115 177.087 
174.571 173.478 171.767 167.289 166.866 165.737 177.088 173.023 170.296 167.111 164.833 165.425 175.489 173.131 170.855 168.357 165.168 163.33 173.93 173.055 168.198 168.323 167.719 164.399 172.345 170.218 169.192 170.996 165.404 161.855 173.685 171.649 170.927 169.98 164.805 159.875 
160.513 159.234 158.616 155.588 155.368 154.765 162.437 158.54 156.903 154.882 153.616 154.63 160.835 158.137 156.619 155.947 154.088 153.181 159.261 157.984 154.895 156.385 156.475 154.1 158.084 156.215 155.601 158.092 153.989 151.427 159.384 156.424 156.795 156.933 152.958 149.818 
143.814 143.676 145.177 146.329 147.611 147.852 143.782 144.708 145.231 145.507 146.774 147.636 143.363 144.029 144.535 146.025 147.115 148.667 142.918 143.712 144.429 146.384 147.415 148.329 143.428 143.138 143.317 145.712 147.708 147.728 144.121 143.964 144.78 146.303 146.237 147.447 
128.909 130.528 132.895 134.419 137.037 139.927 132.854 135.075 136.409 138.279 140.96 143.83 133.494 135.422 137.127 138.975 141.54 144.527 133.608 135.623 136.983 139.271 142.296 144.683 132.786 135.34 136.438 139.145 142.261 144.086 135.243 135.352 136.27 139.049 141.214 143.048 
106.124 109.678 111.507 114.155 117.171 120.468 108.971 112.052 114.562 116.681 119.195 122.583 110.065 112.871 115.06 117.427 119.972 122.17 110.01 113.467 115.534 118.074 121.222 123.776 111.24 114.392 117.419 119.254 121.658 123.771 112.24 116.804 117.845 120.321 122.209 124.006 
102.656 105.172 105.886 107.24 110.617 114.462 104.308 105.556 106.684 107.829 109.833 114.926 105.928 107.337 107.963 109.329 111.235 113.834 106.111 108.749 109.692 111.388 113.412 116.25 107.389 110.901 111.973 113.368 115.484 116.657 108.903 112.64 113.206 114.461 115.865 116.937 
214.813 213.742 215.198 214.239 209.67 211.321 215.511 210.918 211.497 213.458 208.566 210.26 213.86 210.979 210.621 213.227 209.374 211.047 211.676 212.613 212.154 206.971 209.267 212.623 213.037 213.727 213.378 212.966 212.497 213.129 213.83 212.266 213.026 210.259 209.78 211.092 
204.858 205.536 206.653 207.962 205.61 204.765 204.003 202.833 204.314 205.347 202.59 202.681 204.727 204.031 203.07 205.414 201.645 203.121 204.798 206.357 205.052 200.838 202.156 205.233 207.074 209.654 208.019 207.555 206.689 207.313 204.69 205.639 206.712 203.913 203.447 204.764 
193.229 194.697 195.731 195.634 192.831 192.726 192.767 192.047 193.424 194.064 190.689 191.725 193.464 193.48 191.903 193.751 190.653 192.508 192.995 195.104 193.678 189.592 190.662 193.972 194.155 196.498 195.624 194.851 194.458 195.562 194.88 195.366 195.939 192.977 192.349 194.068 
170.36 171.052 171.593 170.542 170.265 169.02 170.379 172.007 171.895 170.596 170.486 169.717 171.298 171.703 171.772 169.654 169.74 170.61 171.703 171.101 171.38 170.048 171.204 170.826 170.769 170.748 171.036 170.641 171.405 170.853 171.466 171.744 171.014 171.195 171.598 170.871 
164.704 164.009 162.929 159.945 159.242 158.483 166.322 163.792 161.972 159.684 158.046 158.285 165.091 163.726 161.907 160.676 158.551 157.441 163.897 163.475 160.855 161.249 160.325 158.509 163.143 161.814 161.224 162.407 158.44 156.686 163.506 162.015 162.079 161.647 158.25 155.548 
147.518 147.318 146.842 146.194 145.78 145.439 147.16 147.272 146.947 146.236 145.957 145.589 147.363 147.45 147.205 146.746 146.255 145.713 147.445 147.306 147.078 146.648 145.988 145.453 147.331 147.137 146.886 146.365 145.733 145.462 147.162 146.84 146.769 146.035 145.468 145.474 
137.27 136.753 137.281 137.267 137.416 137.226 136.484 136.906 136.653 136.809 137.201 137.116 136.343 136.734 136.803 136.881 136.994 137.53 136.705 136.796 136.731 136.971 137.193 137.503 136.361 136.626 136.356 136.726 137.158 137.289 137.193 136.224 136.248 136.978 137.153 137.332 
126.394 126.602 126.872 126.623 127.388 128.39 125.443 126.344 126.841 127.227 128.065 128.647 124.694 125.493 126.146 126.621 127.737 128.465 124.006 124.504 125.216 125.867 127.031 128.039 124.321 124.781 125.246 125.355 126.428 127.73 124.752 125.431 125.037 125.518 126.064 127.579 
109.897 111.362 111.878 112.356 113.839 115.875 109.946 110.713 111.445 112.118 113.27 115.789 109.761 110.728 111.15 111.998 113.113 114.876 108.928 110.083 110.723 111.978 113.113 114.808 108.835 110.769 111.258 112.113 113.06 114.341 109.2 110.711 111.206 112.153 112.754 113.699 
102.484 102.53 103.497 104.062 104.803 105.962 102.892 102.582 103.411 104.162 104.582 106.309 102.72 102.57 102.884 104.077 104.941 106.205 102.471 102.563 103.21 104.178 105.387 106.637 102.977 103.38 104.082 104.455 105.241 106.062 103.506 104.047 104.586 104.823 105.168 105.687 
199.268 197.955 197.426 200.744 203.976 201.981 195.856 199.725 199.885 199.476 202.11 199.332 199.325 198.317 199.81 201.485 201.036 199.154 199.808 199.201 200.564 200.391 200.791 198.306 203.323 203.145 200.614 200.608 202.078 200.288 195.25 196.514 196.437 196.251 199.036 199.92 
196.548 197.029 198.231 199.786 198.377 197.905 195.198 194.814 196.531 197.932 195.868 195.716 196.626 195.848 195.421 198.316 195.049 196.043 196.424 198.303 197.587 193.159 195.117 197.667 199.508 201.745 199.819 199.325 199.699 199.953 196.758 197.457 198.272 195.43 195.937 197.303 
180.226 181.31 181.15 184.192 186.015 184.033 176.645 182.559 183.432 182.039 184.042 182.104 181.536 182.777 183.705 183.83 182.833 181.849 182.76 183.62 184.803 183.88 182.915 181.492 185.363 186.602 184.385 184.167 184.956 183.945 178.279 181.132 181.169 180.759 182.84 184.596 
165.049 166.354 166.221 165.909 165.823 164.617 163.379 166.429 166.825 165.415 165.654 164.998 165.212 166.267 166.129 165.393 165.609 165.882 165.845 166.545 166.445 166.4 166.097 165.885 165.498 165.756 165.795 165.747 166.13 166.628 165.499 166.493 166.322 165.763 166.591 167.888 
155.259 155.389 155.538 154.718 154.269 153.11 154.908 155.851 155.874 154.807 154.892 153.665 155.646 155.736 155.857 154.256 154.294 154.568 155.984 155.552 155.784 154.852 155.346 154.828 155.302 155.594 155.657 154.964 155.099 154.624 155.662 155.863 155.433 155.257 155.403 154.826 
142.177 141.616 141.091 140.383 139.814 139.335 142.117 142.079 141.335 140.699 140.399 139.393 142.209 142.208 141.816 140.905 140.491 139.958 142.45 142.356 141.969 141.013 140.181 140 142.249 142.279 141.927 140.905 140.091 140.086 142.062 141.918 141.606 140.965 140.563 140.536 
127.08 126.673 125.716 124.946 124.864 124.738 126.57 126.74 126.455 124.998 124.487 124.605 126.571 126.389 125.289 124.568 124.518 124.747 126.477 126.264 125.036 123.149 124.162 124.721 127.11 126.887 125.508 124.213 124.573 124.734 126.6 126.631 125.866 125.144 125.231 125.23 
122.345 121.313 120.21 118.88 117.982 117.376 120.409 119.775 118.998 118.361 117.244 116.217 118.492 118.247 117.553 116.436 115.926 115.359 117.318 116.437 116.197 114.6 114.496 114.724 116.179 115.936 115.785 114.645 113.785 114.35 116.13 116.145 115.84 115.355 114.537 114.454 
105.419 106.584 107.016 105.678 105.639 105.784 104.948 105.002 106.711 106.756 105.534 105.762 103.929 104.005 104.048 105.772 106.117 105.429 102.001 101.88 102.156 102.471 102.934 103.498 102.223 101.943 102.121 101.613 101.834 102.621 102.415 102.355 102.034 101.613 101.591 102.333 
99.0499 99.0469 99.9951 100.215 100.412 101.004 98.9696 98.7453 99.483 100.032 100.042 101.053 98.4004 98.1341 98.3358 99.3026 99.8637 100.776 98.0291 97.8962 98.4145 98.9788 99.7569 100.774 98.3011 98.3603 98.6668 98.7935 99.302 99.9943 98.5097 98.4736 98.8253 98.7378 98.9968 99.4824 
200.839 197.274 197.306 197.654 200.505 198.923 200.126 198.263 198.189 200.948 201.787 198.18 199.398 195.291 197.798 200.611 202.746 201.073 199.379 196.873 198.289 199.542 202.706 200.002 198.331 195.068 196.201 196.937 199.315 198.749 198.56 194.251 194.215 195.385 197.774 197.16 
187.898 187.13 186.853 192.255 194.807 193.153 183.962 187.847 188.924 189.941 192.848 189.714 188.963 188.949 190.596 191.719 191.389 189.636 190.442 190.007 192.08 191.857 191.428 189.731 192.224 192.99 190.884 191.643 192.617 191.849 182.821 185.398 185.979 187.2 189.064 190.703 
168.311 169.61 168.596 169.444 169.45 167.826 165.333 168.744 169.528 168.768 169.053 167.688 168.737 169.332 169.192 168.812 169.071 169.005 169.595 170.378 170.215 170.358 169.31 168.785 168.072 168.278 168.165 168.547 168.748 169.564 167.415 168.391 168.228 167.829 168.766 171.131 
151.457 152.503 153.284 152.783 151.977 151.261 151.466 152.273 153.009 152.54 152.157 151.227 152.202 152.407 152.533 151.436 151.907 152.064 152.837 153.049 152.571 152.073 153.334 152.815 152.772 152.872 152.684 152.347 152.893 152.763 152.691 153.132 152.327 152.465 152.963 152.546 
146.264 146.245 145.975 145.127 144.237 143.378 146.009 145.939 146.743 145.581 144.537 143.867 146.22 145.718 146.358 145 144.322 144.092 146.347 146.354 145.775 144.779 144.713 144.711 146.118 145.897 145.766 145.184 145.071 144.919 146.458 146.595 146.336 145.623 145.586 145.258 
125.343 124.764 123.745 122.527 122.048 121.657 125.206 124.967 124.557 122.521 121.267 121.362 125.637 125.049 123.845 122.488 121.598 121.632 125.65 125.342 123.769 121.31 121.888 122.031 126.207 125.847 124.196 122.598 122.586 122.123 125.726 125.424 124.489 123.362 123.109 122.444 
118.469 117.691 116.37 115.05 114.378 113.944 117.528 117.044 116.369 114.345 112.954 112.955 117.02 116.149 114.552 113.408 112.872 112.974 116.425 115.779 114.187 111.345 112.634 113.335 116.549 116.005 114.289 113.041 113.32 113.301 115.6 115.498 115.027 114.288 114.136 113.446 
111.234 111.439 109.9 107.685 106.833 106.413 109.766 109.532 109.779 107.629 105.273 105.346 108.741 108.049 106.593 106.229 105.579 105.128 106.98 106.274 104.871 102.148 103.398 104.2 107.114 106.342 104.599 103.214 103.694 103.723 106.292 105.948 105.118 104.162 103.962 103.397 
101.125 101.997 101.224 98.9764 97.9862 97.3099 99.2659 98.863 99.7233 98.8107 96.2887 95.6989 97.506 97.2406 96.6189 97.1587 96.2296 94.5747 95.0571 94.178 93.9184 92.7392 92.4193 92.5043 93.8008 93.269 92.9287 92.3681 91.4908 91.5128 93.4423 92.7195 92.6907 92.2901 91.4995 91.0559 
94.1339 95.3496 96.0706 95.3265 95.3413 95.6151 94.0083 94.2208 95.9366 96.215 95.1857 95.5723 93.5242 93.6196 93.8236 95.7995 96.0118 95.5877 92.1669 92.1694 92.5884 93.0157 93.4347 94.0399 92.2618 92.1205 92.4217 92.6279 92.9019 93.3019 92.3658 92.1975 92.4615 92.4654 92.6799 92.985 
182.188 182.092 182.508 182.956 184.078 185.501 181.797 180.92 181.48 181.61 183.21 182.853 181.877 181.217 182.24 182.592 182.378 182.991 181.736 180.394 180.331 179.545 180.993 182.635 181.157 178.073 178.36 179.241 180.064 181.929 141.864 140.978 141.021 141.302 142.531 144.076 
169.36 167.028 166.965 171.017 171.421 171.164 167.859 166.111 166.893 171.187 172.205 169.296 170.135 168.389 169.563 170.485 172.353 172.214 171.585 169.417 171.352 172.544 173.638 173.207 167.353 166.182 168.068 170.029 170.356 172.093 163.576 163.037 163.844 167.327 167.674 168.605 
144.18 145.059 145.708 145.438 144.727 145.386 144.441 144.184 144.457 144.62 144.491 144.647 144.89 144.595 143.946 143.984 144.898 145.31 145.492 145.758 144.666 144.685 145.518 146.081 146.219 145.91 145.357 145.04 145.157 145.737 145.73 145.345 144.953 144.642 144.447 144.821 
138.953 140.018 139.247 139.522 139.361 138.522 139.127 139.249 139.438 139.708 137.718 137.24 140.298 140.985 140.235 139.045 138.586 138.914 139.325 140.114 137.97 137.69 139.519 140.217 139.24 138.8 138.558 138.824 140.23 140.065 138.746 138.851 138.752 139.07 138.669 139.303 
132.488 133.004 133.372 132.746 131.563 131.292 132.594 132.415 132.663 132.22 131.353 130.835 132.806 133.057 132.323 131.688 131.663 131.518 133.648 134.09 132.857 132.26 132.363 131.989 134.336 134.158 133.294 132.258 132.07 131.848 133.874 133.621 132.7 132.162 132.086 131.681 
114.148 113.006 112.547 111.687 110.856 110.37 114.469 113.854 112.887 111.859 111.064 110.532 114.916 114.365 113.666 112.421 111.733 111.227 115.234 114.771 114.135 112.822 112.302 111.775 115.185 114.729 114.102 113.167 112.447 112.072 115.224 114.681 114.081 113.46 112.991 112.683 
102.956 102.444 101.499 100.639 100.249 100.027 102.774 102.27 101.895 100.434 99.5113 99.8819 102.971 102.172 101.014 100.385 100.049 100.462 102.846 102.575 101.246 99.3279 100.245 100.696 103.478 102.898 101.273 100.253 100.827 100.628 102.902 102.309 101.432 100.796 101.138 100.67 
95.1024 94.3683 93.3127 92.2977 91.1163 90.3238 93.7243 92.7419 91.6557 91.1444 89.8767 89.08 92.6591 91.4178 90.7614 90.2477 89.3104 88.5668 91.6596 90.8733 90.3273 88.9078 88.5465 88.2669 90.2073 90.1965 90.1077 88.7494 88.3481 87.9753 90.4518 89.9066 89.6579 88.827 88.6001 88.2651 
87.3481 88.1995 87.9366 86.9342 86.6495 86.3919 86.7252 86.8158 87.5811 87.3683 86.301 86.1625 86.3176 86.4233 86.3297 87.2084 86.9063 85.9636 85.0268 84.9643 84.9918 84.8318 84.5854 84.404 84.4393 84.2348 83.9347 83.8555 83.8809 83.7719 84.0407 83.4566 82.9952 83.0384 83.401 83.3826 
86.0249 86.2272 86.4319 86.4836 86.6998 86.8639 85.7239 86.2202 86.2416 86.3756 86.4442 86.6175 85.5132 85.8389 85.881 86.1434 86.2758 86.4645 85.1693 85.2247 85.4588 85.7699 85.8538 86.0739 85.0262 84.913 84.9759 85.4431 85.5642 85.6163 84.9768 84.4046 84.5134 85.1261 85.3091 85.6547 
166.75 170.259 168.069 166.083 168.395 169.769 166.441 168.361 166.64 163.864 165.354 166.535 166.407 167.102 167.503 166.969 165.937 165.268 164.423 164.203 163.09 162.041 162.212 164.073 163.859 160.672 161.125 161.883 159.762 160.312 68.567 68.2259 67.4628 67.7331 67.9436 68.0095 
145.241 145.467 145.757 145.676 146.319 147.669 145.899 145.404 146.316 146.948 146.799 146.498 146.726 145.424 145.636 145.964 145.348 146.216 145.942 145.07 143.806 143.183 144.369 147.146 146.095 142.588 142.639 143.503 144.223 147.945 127.914 126.677 127.061 127.803 127.393 131.378 
135.771 136.56 135.147 135.358 135.856 134.935 136.033 136.065 135.497 135.908 134.23 133.896 137.184 137.598 136.422 135.423 134.784 135.099 135.643 136.408 134.223 133.773 135.508 136.295 135.388 135.081 134.708 135.035 136.316 136.001 134.987 134.922 135.035 135.392 134.601 135.232 
134.122 135.363 134.339 134.639 134.762 133.991 134.751 134.654 134.337 134.786 132.893 132.383 135.822 136.588 135.309 134.246 133.903 134.108 134.634 135.599 133.017 132.695 134.609 135.367 134.608 134.263 133.681 133.91 135.474 135.106 133.84 133.739 133.798 134.255 133.562 134.069 
125.137 124.454 122.68 123.149 123.219 122.812 124.651 123.746 122.829 123.4 121.425 121.253 125.097 125.305 123.902 122.637 122.274 122.523 123.518 123.997 121.646 121.112 123.343 123.981 123.173 122.627 122.248 122.686 124.065 123.525 123.294 122.944 122.743 123.098 122.873 123.645 
101.745 101.032 100.673 100.295 100.002 99.9167 102.278 101.483 100.885 100.333 100.16 99.849 102.647 102.07 101.55 100.907 100.568 100.33 103.149 102.843 102.284 101.527 101.066 100.667 103.37 103.107 102.422 101.722 101.1 100.655 103.452 103.099 102.616 101.928 101.473 101.034 
85.8401 85.0999 84.5213 84.3212 83.9884 83.5682 86.1939 84.8137 83.5059 83.7701 83.8826 83.2744 86.9132 84.6937 84.0542 84.4071 84.2689 83.6971 86.9552 86.4609 85.5887 84.6688 84.4069 83.7752 86.5514 86.6604 86.6047 84.7967 84.8875 84.2 87.5135 86.8429 86.1031 84.9585 85.2866 85.216 
81.9833 81.4972 81.1069 80.9701 80.3879 79.956 81.8733 80.8803 80.0091 80.2852 80.0655 79.5908 82.0511 80.4182 80.2198 80.4339 80.0869 79.6796 81.8582 81.4044 80.8569 80.2976 79.9541 79.4493 81.1541 81.239 81.1389 79.7906 79.8631 79.3232 81.6984 81.252 80.5147 79.4828 79.9523 79.9408 
77.1378 77.0048 76.7026 76.1839 75.4448 75.0264 76.1786 76.1579 75.2188 75.162 74.7291 74.2719 75.4484 75.1744 74.4363 74.5008 74.2673 73.9142 75.2044 75.0215 74.5852 74.0627 73.8219 73.5473 74.4747 74.4765 74.3014 73.2867 73.0263 73.2466 74.4242 74.1582 73.6674 73.1424 73.3942 73.5472 
77.4668 77.3583 77.292 77.3295 77.133 77.2872 77.0048 77.0822 76.8865 76.9342 76.7437 76.908 76.4324 76.4678 76.4833 76.4749 76.321 76.513 75.8962 75.6162 75.711 75.7193 75.7956 75.9625 75.4819 75.044 74.9718 75.1656 75.3225 75.4257 75.1212 74.7563 74.6803 74.7419 74.9988 75.0687 
142.69 143.8 144.43 144.722 145.173 145.653 142.869 143.417 144.661 146.119 145.621 144.007 143.363 143.328 143.84 144.256 143.182 143.708 142.407 142.571 140.883 140.38 141.387 144.45 142.956 139.483 139.326 140.649 141.507 145.556 119.019 118.439 118.614 119.911 119.951 124.505 
133.997 134.826 135.777 136.595 137.414 137.854 134.28 135.227 136.546 138.636 137.931 138.273 135.204 135.129 135.453 136.176 136.634 137.632 134.121 134.283 132.878 134.145 135.476 138.234 134.023 132.327 132.272 133.694 135.985 140.453 132.875 132.44 132.218 133.602 134.134 139.376 
129.156 129.88 130.039 129.159 128.847 129.502 128.817 129.36 129.782 129.555 129.404 129.87 128.293 128.828 129.008 128.928 128.61 129.376 127.486 127.421 127.975 128.222 128.016 129.348 126.28 126.603 126.745 127.827 127.714 128.792 124.849 125.247 126.596 127.173 126.898 127.608 
125.181 124.611 122.818 123.351 123.624 123.141 124.585 123.792 122.898 123.616 121.692 121.458 124.963 125.286 123.863 122.657 122.328 122.581 123.174 123.776 121.506 120.975 123.237 123.919 122.705 122.204 121.998 122.543 123.958 123.41 122.823 122.513 122.326 122.805 122.623 123.433 
108.605 105.952 104.669 104.767 104.215 105.403 106.965 105.284 103.976 104.264 103.7 104.202 105.929 105.082 103.96 103.269 103.565 103.733 105.375 105.131 104.217 103.762 104.859 104.573 105.119 104.875 104.605 104.685 104.431 103.836 106.486 106.022 105.069 104.526 105.005 105.227 
100.49 97.9725 96.6422 96.6238 95.8975 96.9341 99.0023 97.4402 96.0026 96.179 95.6114 95.9382 98.2642 97.3139 96.0051 95.1712 95.5193 95.5103 97.7087 97.2753 96.3078 95.654 96.614 96.2163 97.4284 97.108 96.6945 96.5474 96.2199 95.5428 98.5967 98.0692 96.9479 96.3231 96.7068 96.8223 
76.3147 75.5894 75.122 74.8166 74.3459 74.5902 76.6268 75.9226 75.4246 74.8624 74.5431 74.4224 76.642 76.136 75.6752 74.9021 74.6523 74.6392 76.9262 76.1707 75.5586 75.3656 74.8265 74.619 77.1698 76.5793 75.7206 75.3276 74.6582 74.245 77.2095 76.8918 76.2225 75.2208 74.6066 74.4458 
70.9316 70.6436 70.1637 69.5496 68.7616 68.4553 70.3519 69.9211 68.8784 68.5905 68.1429 67.7793 69.8052 69.1849 68.2826 68.1478 67.8981 67.5753 69.7611 69.4748 68.7339 68.0053 67.7653 67.4972 69.3161 69.1738 68.7168 67.5326 67.3711 67.5245 69.5147 69.22 68.4135 67.7073 67.988 68.0499 
59.597 59.7148 59.3306 58.8291 58.4211 58.3014 59.091 59.0953 58.7331 58.6142 58.5392 58.5478 58.4577 58.5831 58.4572 58.1554 58.4108 58.6262 57.9017 57.5381 57.6312 58.2008 58.4251 58.2249 57.9032 57.6289 57.4637 57.3222 57.4856 58.147 57.7214 57.6033 57.1244 57.1008 57.5302 58.1346 
64.0882 63.7609 63.0709 62.114 60.9797 60.6542 62.66 62.5855 61.4048 60.7714 60.0508 59.6174 61.0364 61.4453 60.0894 59.6353 59.3177 59.1103 60.7197 60.4331 59.7778 58.9864 58.6818 58.6415 60.1671 59.5693 58.7629 57.9605 57.3607 58.1196 59.6895 59.2035 58.3337 57.8146 57.889 57.9364 
125.325 126.556 127.302 129.912 129.531 130.45 126.713 127.016 127.857 130.569 130.346 130.965 129.529 128.598 130.129 130.342 130.534 130.838 129.83 129.461 130.769 132.877 131.336 130.436 129.633 128.184 130.126 133.112 132.107 129.882 127.996 127.47 130.267 131.047 131.386 127.119 
126.543 127.52 128.667 128.668 128.919 129.668 125.672 126.785 128.003 128.926 129.524 130.079 124.895 126.215 127.556 127.945 128.286 129.661 124.323 124.916 126.569 127.509 127.585 129.344 122.991 123.862 124.671 126.949 127.355 128.551 121.644 122.556 124.442 125.543 126.352 127.377 
122.131 122.943 123.768 123.296 122.905 123.881 120.912 121.968 123.048 123.033 123.192 124.35 119.982 121.321 122.537 122.43 122.52 124.048 119.531 119.694 121.459 121.972 122.203 123.651 118.005 118.753 119.724 121.412 121.707 122.622 116.088 117.018 119.16 120.14 120.808 121.391 
110.505 111.217 111.533 111.366 111.446 111.933 110.175 110.996 111.745 111.669 111.972 112.908 109.751 110.846 111.856 112.094 111.724 113.08 109.873 110.172 111.679 112.078 111.899 113.157 108.989 109.743 110.64 112.035 112.044 112.643 108.066 108.775 110.703 111.21 111.427 111.833 
101.451 99.3385 98.3167 98.5198 98.0877 99.1305 99.944 98.74 97.7339 98.1275 97.7369 98.3048 99.208 98.5697 97.6629 97.3154 97.7432 98.0805 98.8032 98.6523 98.0192 97.7591 98.8941 98.8309 98.6042 98.5264 98.5892 98.7619 98.6978 98.3671 99.9514 99.6217 99.0313 98.7081 99.235 99.4892 
77.2293 77.1933 77.1974 77.4329 77.5763 78.3042 77.5064 77.6498 77.8244 77.7572 77.9458 78.3065 77.6902 77.8908 78.2287 78.2213 78.3868 78.817 78.1425 78.1099 78.3901 78.7936 78.7697 78.9651 78.7538 78.8808 78.8325 78.9423 78.804 78.8218 79.0127 79.2231 79.3096 78.971 78.7728 78.8055 
65.7187 65.6947 65.4428 65.4924 65.4281 65.8644 65.9578 66.0989 66.0959 65.7275 65.6557 65.8981 66.0959 66.2598 66.2435 65.9181 65.9438 66.2472 66.3143 66.2325 66.1994 66.3029 66.2089 66.3847 66.9105 66.9189 66.6218 66.5077 66.2592 66.2321 67.0122 67.2435 67.0114 66.6303 66.3294 66.2836 
53.9512 54.1886 54.0301 53.868 53.8631 54.0457 54.0267 54.0988 54.1743 54.2015 54.3614 54.648 53.9079 54.0415 54.4069 54.1301 54.5585 54.9939 53.622 53.4503 53.7343 54.6158 54.8663 54.8318 54.2616 54.2009 54.1972 54.3209 54.6144 55.1096 54.6225 54.5945 54.4144 54.4308 54.6194 55.2962 
50.2819 50.4856 50.1376 49.6677 49.4993 49.54 49.9557 50.0694 49.6789 49.5822 49.678 49.8728 49.4988 49.7626 49.6383 49.3834 49.7821 50.1263 49.1421 48.9396 49.057 49.7352 50.0592 49.9825 49.5354 49.3668 49.2486 49.1545 49.4658 50.2157 49.53 49.4524 49.1486 49.2251 49.622 50.3523 
32.0306 32.4081 32.324 32.1508 32.419 32.7254 31.9854 32.1359 32.1422 32.4263 32.7808 33.1839 31.6155 31.9919 32.3011 32.2653 32.9147 33.3829 31.1463 31.1302 31.6377 32.5958 33.0932 33.3235 31.5421 31.7063 31.918 32.2891 32.8587 33.5553 31.6991 31.846 31.9191 32.2831 32.8824 33.7232 
123.936 125.162 125.793 128.474 128.15 128.958 125.528 125.698 126.47 129.28 129.148 129.518 128.524 127.577 128.986 128.982 129.171 129.378 128.884 128.734 130.027 131.903 130.233 129.134 128.794 127.416 129.363 132.375 131.295 128.861 127.37 126.904 129.54 130.196 130.574 126.281 
122.433 123.788 124.481 127.146 126.795 127.839 123.941 124.24 125.072 127.794 127.741 128.404 126.974 126.015 127.579 127.488 127.88 128.311 127.355 127.16 128.557 130.557 129.108 128.085 127.249 125.909 127.999 131.089 130.294 127.88 125.737 125.33 128.031 128.749 129.344 125.3 
117.059 118.334 119.106 119.156 119.481 120.244 116.849 118.238 119.364 119.676 120.535 121.711 116.439 117.994 119.585 119.758 119.752 121.608 116.667 117.329 119.329 120.094 120.008 121.621 115.615 116.896 117.807 119.901 120.295 121.038 114.456 115.698 117.907 118.454 119.271 120.065 
99.2712 99.8075 100.183 101.674 103.035 103.129 100.117 101.106 101.754 102.641 103.899 104.973 100.699 101.608 103.02 103.42 104.051 105.582 102.153 103.098 103.816 104.537 105.205 106.328 103.238 103.895 104.808 105.535 106.549 107.196 104.274 104.996 105.714 105.766 106.625 108.053 
84.2805 84.851 85.0951 86.189 87.3221 87.6881 85.0573 85.8296 86.1835 86.9563 88.0166 88.8523 85.7012 86.4001 87.1028 87.9329 88.3742 89.5339 86.8625 87.7053 88.1217 88.748 89.3154 90.2254 87.8795 88.5536 89.0285 89.5521 90.3462 91.0069 88.8947 89.4949 89.8989 90.0264 90.6507 91.5239 
71.7536 72.3615 72.6543 73.1719 73.7137 74.3937 71.9441 72.6516 72.9521 73.2916 74.0782 74.712 72.386 72.9996 73.3779 73.8641 74.4241 75.1441 72.856 73.5486 73.9116 74.4764 74.9991 75.5423 73.4563 74.2311 74.5461 74.9068 75.447 75.9367 73.8332 74.6871 74.9405 75.2969 75.7991 76.0997 
59.9914 60.0237 60.104 60.594 60.7738 61.2517 60.1955 60.4822 60.9132 60.9668 61.2355 61.5567 60.4049 60.8792 61.236 61.2699 61.5257 61.9734 60.85 61.0653 61.2799 61.7181 61.7685 62.0632 61.7603 61.9414 61.8357 62.0767 61.9325 62.1561 62.2428 62.564 62.532 62.3842 62.2141 62.4392 
48.342 48.2911 48.2466 48.2279 48.2589 48.2996 48.3232 48.4022 48.4208 48.151 48.1685 48.495 48.4518 48.5472 48.5214 48.3099 48.3046 48.5163 48.6982 48.723 48.577 48.5091 48.5674 48.6137 49.2461 49.0874 48.9754 48.8457 48.7705 48.9777 49.7086 49.765 49.4318 49.3957 49.2347 49.3234 
34.7798 35.0699 34.9106 34.7519 34.9526 35.097 34.7201 34.836 34.8195 34.9962 35.2898 35.6076 34.5653 34.8211 35.0678 34.9661 35.4297 35.8354 34.234 34.1328 34.473 35.3324 35.6873 35.7208 34.7558 34.7957 34.8899 35.127 35.5407 36.114 35.0182 35.0532 35.0272 35.2422 35.6557 36.3376 
12.2147 12.1485 12.1235 12.0452 12.4527 12.8743 12.07 12.1223 11.9103 12.0543 12.1916 12.6831 11.6437 12.0454 11.9582 11.9022 12.1767 12.3807 11.6956 11.6839 11.8018 11.9039 12.0823 12.6003 11.6463 11.7872 11.7609 12.0756 12.3472 12.6974 11.7032 11.8271 11.9493 12.1179 12.6375 12.9545 
