4849680
113.265 109.608 107.413 106.809 104.98 105.752 110.257 107.882 105.827 105.647 103.704 103.691 108.164 106.756 104.808 103.254 102.994 102.777 106.735 105.645 104.399 102.64 103.756 103.478 105.616 105.085 104.643 104.177 103.117 102.451 107.367 106.578 105.542 104.523 104.419 104.243 
112.944 109.87 108.271 108.192 107.346 108.276 110.955 108.963 107.595 107.689 106.784 107.046 109.607 108.548 107.042 106.138 106.484 106.467 108.774 108.45 107.33 106.243 107.493 107.105 108.49 108.035 107.645 107.451 107.003 106.335 110.046 109.26 108.014 107.285 107.814 107.997 
115.458 115.316 114.492 113.517 113.452 113.689 114.914 115.097 115.068 113.469 112.741 113.251 114.664 114.326 113.424 112.929 112.973 113.415 114.148 114.359 113.288 111.059 112.771 113.634 115.186 114.837 113.409 112.283 113.387 113.546 114.682 114.677 113.861 113.421 113.648 113.613 
120.915 121.327 121.405 120.227 119.591 120.05 119.723 120.321 120.796 120.113 119.84 120.309 118.453 119.349 119.923 119.301 119.071 119.911 117.858 117.751 118.85 118.752 118.318 119.474 116.849 117.399 117.577 118.219 118.056 118.553 115.432 116.234 117.417 117.415 117.371 117.516 
124.462 124.94 125.401 124.126 123.495 124.157 123.127 123.887 124.476 124.006 123.954 124.364 121.636 122.89 123.618 123.052 122.641 123.616 120.621 120.766 122.122 122.187 121.814 123.044 118.889 119.646 120.211 121.302 121.338 121.979 117.247 118.205 119.72 120.064 120.272 120.855 
126.904 127.459 127.845 127.207 126.765 126.807 125.871 126.354 126.76 126.991 126.957 127.3 124.993 125.75 126.058 125.699 125.326 126.478 124.391 124.607 125.636 125.369 124.915 125.976 122.73 123.399 123.725 124.968 124.518 125.042 121.054 121.747 123.174 123.551 123.614 123.849 
130.446 130.12 130.054 130.43 130.614 130.426 130.381 130.341 130.074 130.825 131.393 130.459 130.314 130.554 130.146 129.603 130.013 130.095 130.026 130.822 130.442 130.003 129.786 129.75 129.933 130.31 130.321 130.586 130.319 130.526 129.978 130.243 130.319 130.236 130.417 131.557 
135.598 136.376 135.224 135.485 135.854 135.299 136.369 136.181 136.128 136.734 134.734 134.288 137.77 138.207 137.104 136.035 135.529 135.652 136.372 136.875 134.098 133.912 135.662 136.943 136.328 135.683 135.043 135.389 136.937 137.549 135.556 135.34 135.523 136.245 135.385 137.181 
140.358 141.774 142.585 142.035 140.685 141.123 140.637 140.96 141.739 142.068 140.938 140.556 141.514 141.943 141.062 140.88 141.327 141.372 142.591 143.106 141.211 141.02 141.561 142.065 143.399 142.928 142.088 141.28 141.403 142.632 142.328 142.164 141.26 140.911 140.877 142.232 
142.164 143.576 144.244 143.506 142.179 142.416 142.2 142.605 143.018 142.944 142.24 141.79 142.924 143.319 142.426 142.32 142.827 142.879 144.093 144.741 143.464 142.991 143.447 143.449 144.851 144.96 144.438 143.274 143.162 143.287 144.156 144.386 143.43 142.847 142.915 143.156 
138.222 140.066 140.909 140.189 138.875 139.155 144.518 145.155 145.603 145.964 144.967 144.401 145.901 146.676 145.767 145.69 145.922 146.201 147.05 148.063 146.768 146.509 147.059 147.049 148.052 148.234 147.958 146.999 146.96 147.174 147.472 147.866 147.356 146.816 146.775 147.014 
80.5151 81.0783 82.2336 81.5164 82.1612 82.3821 160.336 162.32 164.858 163.649 162.474 162.525 171.649 172.546 171.785 170.599 169.497 169.355 173.179 174.193 173.732 173.051 172.453 171.22 173.374 174.173 173.99 173.459 173.267 172.34 173.66 173.672 172.846 172.254 172.517 172.997 
113.387 109.706 107.467 106.815 104.936 105.506 110.051 107.731 105.66 105.462 103.422 103.267 107.74 106.36 104.438 102.759 102.457 102.164 106.077 104.767 103.422 101.76 102.887 102.668 104.626 103.922 103.507 103.157 102.21 101.47 106.109 105.32 104.366 103.337 103.234 103.173 
112.063 111.889 110.848 109.921 109.369 109.268 111.105 110.903 110.723 109.143 108.052 108.436 110.477 109.985 108.858 108.25 107.96 108.351 109.833 109.529 108.493 105.973 107.652 108.372 110.022 109.567 108.23 107.485 107.968 108.017 109.104 108.881 108.649 108.375 108.263 107.689 
113.985 113.935 113.141 112.805 112.99 113.056 113.762 113.756 113.794 112.597 112.208 112.819 113.667 113.324 112.449 112.191 112.33 113.049 113.406 113.277 112.248 110.793 112.322 113.12 114.225 113.786 112.656 112.219 112.988 112.935 113.615 113.469 113.222 113.06 113.245 112.824 
117.147 117.088 116.542 115.939 116.217 116.55 116.763 117.129 117.278 116.041 115.784 116.236 116.815 116.715 116.007 115.784 115.894 116.477 116.49 116.693 115.705 114.236 115.904 116.725 117.502 117.194 116.03 115.294 116.589 116.599 117.026 117.218 116.6 116.391 116.789 116.61 
123.673 123.944 123.988 123.248 122.861 122.913 123.227 123.484 123.553 123.181 123.039 123.287 122.855 123.106 123.143 122.758 122.386 123.143 122.81 122.463 122.976 122.758 122.517 123.201 121.86 122.143 122.209 122.619 122.266 122.581 120.685 121.059 121.857 122.07 122.189 121.993 
127.937 127.488 128.305 128.69 128.441 128.36 128.429 128.244 128.68 129.584 129.062 128.323 129.063 128.797 128.673 128.477 128.078 127.778 129.034 128.882 127.8 127.176 127.135 126.891 128.679 128.631 127.775 126.942 126.545 126.545 128.376 128.721 129.306 128.487 127.896 127.628 
133.687 134.287 132.994 133.236 133.629 132.598 134.116 133.984 133.485 133.806 132.141 131.519 134.984 135.512 134.425 133.287 132.727 132.886 133.453 134.067 132.128 131.685 133.121 133.866 133.311 132.896 132.554 132.757 133.941 133.713 132.804 132.625 132.844 133.312 132.581 133.266 
135.891 136.41 135.08 135.439 135.706 134.899 136.291 136.211 135.721 135.863 134.206 133.728 137.126 137.847 136.828 135.66 134.999 135.161 135.558 136.285 134.083 133.761 135.216 135.996 135.331 135.074 134.69 134.989 136.101 135.967 134.884 134.68 135.075 135.543 134.765 135.503 
138.712 139.244 137.708 137.784 138.106 137.328 139.149 138.875 138.345 138.386 136.633 136.152 140.1 140.625 139.519 138.315 137.623 137.505 138.669 139.247 136.91 136.409 137.782 138.387 138.44 138.084 137.499 137.686 138.688 138.242 137.909 137.687 137.695 138.077 137.129 137.625 
144.823 145.934 146.49 145.971 144.833 144.731 144.843 145.083 145.201 145.364 144.56 144.087 145.098 145.642 144.959 144.74 144.752 144.821 145.978 146.691 145.684 145.184 145.353 145.32 146.663 146.495 146.157 145.268 144.982 145.258 146.368 146.356 145.576 145.018 145.047 145.057 
150.024 151.627 151.374 150.785 149.971 148.81 149.347 149.892 152.472 151.28 150.474 150.357 150.238 149.243 150.978 149.975 150.091 150.467 150.175 151.125 150.675 149.912 150.645 150.918 150.291 150.818 151.126 151.564 152.425 151.682 151.5 151.996 152.633 152.225 152.836 152.686 
144.256 145.112 145.133 144.178 143.738 144.39 153.896 154.425 154.173 154.146 153.906 153.893 156.232 156.245 156.158 156.085 155.863 155.765 156.247 156.552 156.618 156.752 156.68 156.78 156.517 156.466 156.689 157.242 157.595 157.745 156.909 157.053 157.085 157.451 157.903 158.315 
107.719 107.096 106.013 104.785 102.969 102.224 106.025 105.092 104.101 103.07 101.478 100.854 104.245 103.606 102.766 101.149 100.24 99.8283 102.887 101.509 101.196 99.6551 99.1421 99.1361 101.264 100.74 100.554 99.7544 98.5489 98.4141 100.913 100.583 100.711 100.003 98.8242 98.1084 
104.058 103.905 104.334 104.367 104.009 104.229 103.839 103.392 103.916 103.997 103.879 104.17 103.027 102.793 102.783 103.117 103.387 103.984 102.394 102.098 102.222 102.419 102.964 103.487 102.348 102.137 102.339 102.075 102.296 102.711 102.115 101.877 101.979 101.503 101.839 102.419 
108.611 108.901 108.512 108.289 108.627 108.929 108.531 108.724 109.168 108.242 107.933 108.871 108.797 108.66 107.942 108.223 108.485 109.316 108.356 108.647 107.923 106.745 108.869 109.815 109.383 109.195 108.313 107.999 109.216 109.481 108.812 108.861 108.51 108.65 109.106 108.904 
109.718 109.972 110.011 111.29 112.833 112.805 110.875 111.555 112.007 112.706 113.783 114.504 111.759 112.37 113.257 113.9 114.049 115.088 112.918 113.631 114.045 114.683 115.204 116.194 114.058 114.85 115.5 115.766 116.329 116.835 115.326 116.24 116.268 116.322 117.012 117.669 
121.616 121.281 122.438 123.031 123.19 123.642 122.654 122.537 123.52 124.612 124.296 124.002 124.05 123.88 124.268 124.681 124.365 124.029 124.543 124.437 123.522 123.478 123.948 123.878 124.693 124.81 124.337 123.656 123.667 123.677 124.747 125.697 126.617 126.219 125.845 125.034 
124.106 125.288 125.653 127.78 127.312 127.956 125.509 125.73 126.235 128.501 128.181 128.615 128.376 127.308 128.562 128.426 128.465 128.703 128.833 128.424 129.721 131.335 129.82 128.801 128.671 127.247 129.186 131.809 130.678 128.407 127.166 126.57 128.907 129.648 129.954 125.788 
131.734 131.35 132.344 132.995 132.645 132.676 132.231 132.366 133.116 134.003 133.394 132.636 132.992 132.984 133.305 133.364 132.992 132.493 132.99 133.044 132.17 131.934 131.828 131.448 132.958 133.054 132.183 131.508 130.96 130.928 132.82 133.288 134.339 133.489 132.651 132.113 
137.372 137.931 136.965 137.347 137.912 136.943 137.575 137.605 137.267 137.68 135.967 135.575 138.477 139.304 138.509 137.415 136.719 137.029 136.986 137.651 135.47 135.412 137.168 137.906 136.6 136.181 135.688 136.354 138.053 137.474 136.633 135.845 136.272 137.061 136.104 136.516 
147.247 146.785 146.421 146.041 145.654 145.103 147.121 146.665 146.483 146.079 145.569 144.929 147.102 146.582 146.508 146.077 145.348 144.586 146.548 146.14 145.69 145.201 144.726 143.874 145.892 145.293 144.699 144.33 143.651 143.397 145.701 145.073 144.317 143.78 143.277 142.652 
153.007 153.914 153.366 152.472 151.602 150.377 152.433 152.254 153.681 152.559 151.877 151.24 152.779 151.572 152.518 151.371 151.285 150.851 152.461 152.487 151.918 150.71 150.767 150.519 151.892 151.612 151.397 151.109 150.963 150.442 152.307 152.166 152.228 151.343 151.356 150.699 
154.486 155.665 155.74 155.145 154.373 153.636 153.927 154.342 156.159 155.189 154.509 154.34 154.514 153.749 155.083 154.12 154.306 154.617 154.335 155.029 154.698 154.079 154.705 154.994 154.188 154.381 154.804 155.172 155.945 155.529 155.165 155.586 156.158 155.82 156.284 156.071 
158.704 160.068 161.103 160.3 159.929 157.493 158.247 160.539 161.638 159.936 160.829 159.427 159.885 159.473 160.535 157.868 159.462 161.143 160.387 159.215 160.48 159.264 162.119 161.518 159.141 159.606 160.297 160.432 162.204 160.936 159.969 160.456 160.312 161.255 162.182 161.197 
98.0007 97.6889 98.2352 98.2678 97.9975 98.0872 97.5095 97.3139 97.5311 97.7662 97.6114 97.7785 96.434 96.1758 96.2241 96.6907 96.9311 97.4923 95.776 95.5631 95.7763 96.0525 96.1933 96.9258 95.4276 95.2633 95.383 95.2988 95.4784 95.9537 95.1805 95.0094 95.2958 94.9192 95.12 95.484 
99.3955 99.4191 100.11 100.232 100.007 100.169 99.3498 99.015 99.572 99.7235 99.7827 100.113 98.8542 98.6491 98.6416 99.1625 99.4683 100.007 98.3418 98.2465 98.5727 98.8849 99.3271 99.7711 98.4149 98.224 98.5405 98.4964 98.5934 98.9903 98.4355 98.2879 98.3373 98.0094 98.1301 98.4704 
98.9182 98.763 99.2247 99.7469 100.089 100.167 99.5154 99.4414 99.7598 100.207 100.249 100.875 99.6773 99.4612 99.6304 100.436 100.507 101.409 100.005 100.005 100.116 100.48 100.938 101.826 100.589 100.599 100.913 100.658 100.982 101.646 101.317 101.356 101.602 101.014 101.1 101.864 
98.5169 98.9277 99.3155 101.292 103.913 103.647 100.879 101.82 102.38 103.598 105.305 106.51 102.665 103.597 104.885 105.712 105.882 107.404 104.407 105.939 106.335 107.036 107.673 109.126 106.096 106.989 108.01 108.579 109.724 110.309 108.042 109.225 109.354 109.269 110.071 111.523 
115.666 116.954 116.838 119.491 120.131 120.877 117.44 117.75 118.031 120.212 120.881 122.327 120.432 119.665 121.347 121.32 121.618 122.651 121.377 121.42 123.488 125.677 124.154 123.733 121.589 120.639 123.357 126.773 126.215 124.069 120.743 120.253 122.467 123.715 124.814 121.321 
122.765 124.034 124.776 127.391 127.291 128.441 124.306 124.706 125.625 128.248 128.272 129.099 127.503 126.661 128.338 128.545 128.871 129.205 128.056 127.928 129.436 131.499 130.247 129.301 128.019 126.717 128.899 132.033 131.249 129.011 126.633 126.343 129.044 130.078 130.649 126.402 
128.556 129.834 130.516 132.893 133.115 133.976 129.202 130.024 130.435 132.478 133.003 134.093 131.781 131.353 132.956 132.981 133.536 134.359 132.441 132.431 134.49 136.89 135.739 135.009 132.091 130.959 133.456 137.298 137.176 134.692 131.562 130.164 132.439 134.262 135.192 131.369 
144.189 143.841 145.101 146.224 147.066 147.087 144.119 144.919 145.361 145.568 146.145 146.58 143.792 144.295 144.707 145.798 146.342 147.448 143.092 143.642 144.235 145.844 146.516 146.971 143.242 142.982 142.838 144.672 146.3 146.334 144.109 143.77 143.948 144.984 144.648 145.566 
151.466 151.047 151.437 151.093 151.231 150.942 150.736 150.827 151.039 150.703 150.62 150.171 150.827 150.572 151.033 150.789 150.445 150.04 150.903 150.412 150.222 150.705 150.617 149.979 150.277 149.909 149.463 149.713 150.262 149.692 151.243 149.739 149.471 149.405 149.258 148.865 
158.003 157.921 157.35 156.542 155.915 155.472 157.343 157.371 157.297 156.831 155.726 154.806 157.452 156.637 156.782 156.483 155.52 154.193 157.87 156.952 155.932 155.611 154.937 154.366 157.16 156.132 155.233 154.533 153.99 154.141 157.145 156.273 155.442 154.25 154.088 153.477 
166.132 165.968 164.974 161.516 160.692 158.619 168.08 165.535 164.131 160.999 159.61 159.373 167.403 165.045 163.695 161.233 159.461 158.374 166.26 164.874 162.198 162.187 162.487 159.279 164.496 163.353 162.784 164.146 159.858 156.853 165.257 163.91 163.704 163.356 159.783 155.81 
161.678 162.455 163.651 162.777 162.51 160.019 161.429 163.772 164.016 162.391 163.368 161.531 163.057 162.981 163.392 160.748 162.14 163.621 163.681 162.152 163.51 162.365 164.929 163.948 162.291 162.73 163.361 163.193 164.507 163.215 162.842 163.133 162.678 163.677 164.165 163.147 
93.1225 93.2557 93.4673 93.5788 93.356 93.3222 92.4297 92.6875 92.8253 93.103 92.9958 92.9169 91.6492 92.0226 92.3316 92.5683 92.6303 92.5486 91.236 91.6368 92.0829 92.21 92.1886 92.1222 90.8047 91.0263 90.8691 91.0552 91.4799 91.5184 90.4773 90.0955 89.9117 90.0746 90.922 90.9972 
94.6625 94.5607 95.1053 95.3121 95.1119 95.2374 94.4316 94.4173 94.8034 95.1664 94.9635 94.9725 94.0311 93.8896 94.0812 94.7138 94.7457 95.1693 93.9333 93.8611 94.0959 94.381 94.6059 95.1225 93.8601 93.7744 93.918 93.9671 94.229 94.422 93.8095 93.7205 94.0279 93.8818 94.1568 94.2606 
93.535 93.4017 93.4131 93.287 93.293 93.467 93.8545 93.8232 93.5976 93.5891 93.4347 93.4795 94.4794 94.3101 94.138 94.2532 94.1065 94.1371 95.0327 95.0233 94.9015 94.8376 94.7511 94.8129 95.5247 95.3832 95.354 95.3293 95.2261 95.112 96.0041 95.8869 95.894 95.9093 95.6781 95.4632 
94.8918 94.9163 94.8623 95.9143 97.5898 97.7751 96.299 96.4191 96.5762 97.224 98.1983 99.5221 97.3702 97.6979 98.502 98.8545 98.681 99.9278 99.1038 99.8213 100.072 100.334 100.198 101.077 100.297 100.908 101.017 101.308 101.914 102.092 101.697 101.999 102.239 101.864 102.109 103.095 
103.669 103.656 103.842 104.253 105.956 107.694 104.631 104.194 104.432 104.875 105.878 108.241 105.74 105.485 105.862 106.188 106.956 108.271 106.454 106.725 107.41 108.23 108.705 109.534 107.211 107.929 108.278 109.185 110.122 110.304 108.043 108.442 109.054 109.565 110.181 110.69 
117.855 119.862 120.117 122.762 123.541 125.505 119.181 119.926 120.492 122.799 123.601 126.066 122.074 121.787 123.355 123.568 124.535 125.872 122.504 123.231 125.581 128.029 126.956 126.795 122.604 122.309 125.145 129.063 128.844 126.794 121.515 121.693 124.106 125.905 127.187 123.565 
137.484 137.719 139.308 141.309 143.392 144.67 138.181 139.387 140.145 141.222 143.194 144.681 137.834 138.662 139.498 141.879 143.937 145.896 136.994 138.352 140.1 142.567 144.015 145.24 137.932 138.1 138.755 141.992 143.903 144.551 138.506 139.84 140.451 142.184 142.371 143.814 
146.423 145.806 148.03 149.66 151.421 152.315 146.47 147.049 147.964 148.707 150.453 151.79 145.853 146.247 146.825 149.084 150.813 153.138 145.08 145.769 147.041 149.508 151.109 152.656 145.516 145.225 145.748 148.751 151.515 151.781 146.817 146.28 147.244 149.211 149.25 150.868 
155.476 155.222 155.546 156.114 156.722 157.018 155.616 155.928 156.12 156.156 156.467 156.57 155.132 155.05 155.123 156.344 156.695 157.247 154.45 154.612 154.738 156.13 156.642 157.364 155 154.311 154.126 155.514 156.598 156.968 155.063 154.987 155.013 155.589 155.523 156.052 
170.253 171.308 169.543 167.783 167.622 165.72 168.384 170.496 169.656 166.385 165.816 165.593 170.589 170.309 168.502 167.392 166.183 165.312 170.347 170.69 168.347 168.847 166.683 165.181 168.811 168.355 167.371 167.67 165.131 164.804 168.662 168.68 168.57 166.95 165.643 166.506 
175.612 174.554 172.316 167.175 165.866 164.418 178.973 173.684 170.775 167.131 163.935 164.388 176.56 173.136 170.259 168.223 164.494 161.788 174.394 173.102 167.684 168.493 167.372 163.041 173.021 170.476 168.722 170.951 163.482 159.727 173.982 171.005 170.457 169.605 163.3 157.812 
174.962 173.899 172.592 170.027 169.332 167.108 177.806 173.55 171.501 169.69 168.175 167.216 177.373 174.298 172.316 170.114 168.225 166.769 176.042 173.916 170.783 171.662 172.002 167.793 172.164 170.582 170.391 173.219 167.587 164.152 172.06 170.216 170.206 171.584 166.765 161.941 
89.8686 89.72 89.6427 89.6301 89.1821 89.0041 89.2756 89.3513 89.2111 89.3208 88.9523 88.7384 88.8008 89.0949 89.1475 89.0569 88.8743 88.6529 88.5483 88.8229 88.9023 88.7404 88.6747 88.4861 87.8888 88.1108 87.6308 87.5566 88.0816 88.0357 87.3934 86.8988 86.4791 86.6381 87.7155 87.7571 
88.5331 88.5491 88.6076 88.5645 88.3007 88.3285 88.283 88.527 88.4041 88.5048 88.324 88.2709 88.1562 88.4701 88.5985 88.6991 88.6618 88.5203 88.0742 88.5084 88.8382 88.7552 88.7083 88.5444 88.1019 88.2769 88.1656 88.1892 88.4067 88.2581 88.0292 87.6375 87.409 87.7148 88.3464 88.3554 
87.4827 87.4012 87.2989 87.0967 87.1162 87.4213 87.8052 87.8418 87.6376 87.5275 87.3759 87.5803 88.4397 88.3729 88.3852 88.4193 88.1592 88.3108 89.2751 89.2694 89.151 89.0709 88.9955 88.9927 89.7762 89.7286 89.5506 89.5392 89.6858 89.5874 90.2633 90.1793 90.3214 90.4449 90.4881 90.2658 
85.4951 85.5528 85.7913 86.3159 86.6796 86.7838 85.968 85.3197 84.7127 86.0927 86.8038 86.7607 87.0962 85.2374 85.8385 87.4777 87.709 87.7591 87.8092 88.004 88.136 88.1751 88.3251 88.2959 87.6841 88.8463 89.9145 88.7332 89.5789 89.2358 89.6579 89.6708 89.9103 89.324 90.423 90.7523 
91.2315 92.5775 92.9953 93.7746 95.4532 97.4176 91.8986 92.5501 93.1022 93.8815 94.9617 97.6287 92.6303 93.7165 94.1651 94.9056 95.7188 97.3081 93.2243 94.6353 95.3936 96.328 96.9165 98.1041 93.7082 95.6338 96.0557 96.9755 98.0623 98.513 94.4017 95.8424 96.4608 97.2184 97.828 98.4751 
99.4669 103.673 105.941 108.271 112.845 116.441 99.9725 104.33 106.69 109.141 113.601 117.13 100.595 104.992 107.4 109.859 114.542 117.719 101.147 105.619 108.17 110.882 115.273 118.26 101.666 106.157 108.571 111.286 115.91 118.612 102.36 106.858 108.922 111.36 115.814 118.701 
131.478 135.136 137.989 141.453 147.377 153.166 130.936 135.36 138.31 141.781 146.98 153.637 131.428 135.332 138.494 142.439 147.935 153.761 131.145 135.615 139.097 142.857 148.18 154.454 131.738 135.298 138.771 142.96 148.918 155.104 132.035 135.294 137.658 141.731 147.304 153.537 
152.852 152.015 153.975 156.057 158.515 160.567 153.661 153.168 154.451 155.813 158.032 160.29 153.09 152.472 153.491 156.409 158.945 161.824 151.765 151.888 153.677 156.357 158.881 161.796 152.93 151.762 152.889 156.499 159.007 161.184 153.479 153.215 154.584 156.884 157.301 159.867 
170.774 172.32 171.57 171.57 172.304 171.09 168.083 171.904 172.378 170.212 170.813 171.149 171.022 172.035 171.268 170.971 171.27 172.135 171.279 172.23 171.921 172.47 171.237 171.845 170.572 171.07 170.713 170.742 171.478 172.649 170.036 171.053 171.291 170.6 171.763 174.88 
175.204 177.035 175.89 174.86 175.078 173.636 172.431 176.871 176.489 174.06 173.907 173.613 175.296 176.816 175.978 174.633 174.113 174.099 175.936 177.33 176.074 175.497 174.093 173.915 175.006 175.303 174.617 174.083 174.321 175.042 175.436 176.549 175.602 174.266 174.826 176.941 
178.248 179.612 177.379 175.982 175.915 173.625 176.629 179.034 177.916 174.82 173.947 173.626 179.444 179.243 177.151 175.88 174.914 174.037 179.283 179.532 177.529 177.986 175.779 173.504 176.958 176.468 175.637 176.491 173.741 173.008 176.806 176.76 176.412 175.481 173.855 174.934 
184.898 183.763 182.443 185.647 184.267 182.538 184.669 182.201 182.036 186.808 186.632 182.924 187.731 185.349 185.016 184.999 186.733 186.549 188.281 185.639 185.695 186.83 186.497 186.137 182.826 181.875 182.515 185.12 183.438 184.304 180.106 180.1 180.064 183.768 182.81 182.679 
88.7884 87.8305 86.7023 85.646 84.704 84.2789 88.3776 87.5016 86.1684 85.2345 84.4777 84.0478 88.0808 87.5853 86.3697 85.4328 84.854 84.1197 87.6808 87.2829 86.5265 85.4446 84.7587 83.9361 87.4056 86.7593 85.3155 84.3971 84.0351 83.5883 87.1077 85.5579 83.9038 83.3548 83.6712 83.6781 
84.7547 84.4064 84.0154 83.5356 83.4796 83.3213 84.9133 84.5509 83.9647 83.4425 83.3602 83.1949 84.9819 84.7027 84.1674 83.7869 83.6176 83.4029 84.8026 84.6183 84.3302 84.167 83.842 83.4466 84.7666 84.4635 84.1091 84.1048 83.714 83.1961 84.6363 83.8696 83.7157 83.9993 83.8736 83.8328 
80.4865 80.3577 80.3371 80.6173 80.8146 80.8627 80.8142 80.2692 79.5069 80.3654 80.9228 80.7325 81.5514 80.0103 80.2466 81.3667 81.6307 81.3582 81.6857 81.8284 81.9096 81.885 81.901 81.6748 81.833 82.5613 83.2183 82.1722 82.5092 82.1367 83.1774 82.9438 82.9523 82.4158 82.987 83.2066 
80.246 80.3569 80.5339 81.048 81.467 81.5625 80.4051 79.5866 78.8594 80.3007 81.2168 81.1353 81.3299 79.0377 79.7063 81.3915 81.7812 81.6245 81.6157 81.6903 81.739 81.7446 82.0669 81.9111 81.1881 82.3528 83.3742 81.8724 82.9632 82.635 83.1443 82.8925 82.9744 82.2562 83.5722 83.903 
81.2256 81.2873 81.7472 82.6056 82.9161 82.8575 81.3615 80.596 79.9405 81.7209 82.6662 82.4473 82.3745 79.7508 80.4858 82.5909 83.165 82.8885 82.1387 82.1668 82.365 82.508 82.9544 82.7595 81.0668 82.4444 83.9127 82.2524 83.4083 83.1185 83.0596 82.8041 82.6724 81.8809 83.4952 84.0382 
83.0794 86.8106 88.77 90.9164 94.704 98.4907 83.0179 86.3673 88.263 90.8048 94.5125 98.3137 82.86 86.2921 88.1048 90.3405 94.3476 97.9396 82.6985 86.1217 87.9325 90.0203 94.0014 97.8158 82.6097 85.95 87.8895 89.7309 93.7271 97.2996 82.4683 85.6024 87.1562 89.1973 92.9647 96.7709 
127.856 128.004 132.391 138.152 148.88 159.284 125.695 125.405 130.859 136.506 147.96 157.536 123.529 123.568 129.27 134.726 146.461 156.309 121.976 122.14 127.453 132.751 145.076 155.103 120.962 121.483 126.356 131.757 143.814 154.437 120.114 120.146 124.955 129.725 141.998 152.318 
162.897 161.225 164.238 167.518 172.265 177.018 162.124 160.756 164.187 167.957 172.765 176.787 162.119 161.54 165.018 167.619 172.664 178.349 162.676 161.818 164.156 166.674 172.382 178.476 162.55 162.072 164.344 167.198 172.699 178.734 162.076 161.678 163.757 166.676 171.45 176.738 
182.038 182.203 182.225 185.585 188.341 187.501 178.696 183.388 184.22 184.002 186.369 185.009 182.751 183.966 185.655 185.825 184.639 184.008 184.375 184.947 186.091 185.119 184.683 184.198 187.649 188.546 186.458 186.263 187.946 186.899 180.166 182.782 182.573 182.703 184.769 186.041 
179.851 181.483 180.788 180.291 180.908 179.689 177.663 181.487 181.714 179.878 179.967 179.753 180.494 181.752 181.268 180.421 180.206 180.325 181.349 182.351 181.607 181.314 180.2 180.105 180.605 180.936 180.252 179.978 180.726 181.047 180.698 181.776 181.025 179.878 181.013 182.62 
186.962 187.406 186.92 185.767 185.83 186.18 187.218 187.975 187.172 186.911 186.568 186.315 188.034 188.415 188.468 186.453 186.326 186.692 188.221 188.635 187.364 186.027 186.347 186.576 187.481 187.301 187.092 187.2 187.454 187.216 188.872 189.518 188.011 187.438 187.718 186.674 
195.948 196.086 196.84 198.078 194.363 194.395 196.825 192.718 193.836 197.369 193.768 193.809 197.863 195.823 193.954 196.211 193.473 195.709 196.965 197.856 196.114 191.741 193.947 197.968 196.136 198.177 197.697 198.517 197.65 198.705 196.385 196.383 197.473 196.246 195.1 195.272 
83.3773 80.3807 78.0708 75.8368 73.7483 72.6839 82.8338 79.6529 76.9897 74.1988 72.6328 71.4251 81.9976 79.0438 76.1292 73.0336 71.1508 70.6952 80.8935 77.6094 74.8653 72.0164 70.6348 70.3205 80.1194 76.567 73.6676 71.3143 70.6144 70.2757 79.1901 75.6795 73.2854 71.3717 70.3388 69.539 
74.3753 73.9061 73.2473 72.2056 71.4523 71.2035 73.6856 73.3751 72.1764 71.5388 71.0222 70.6535 72.9337 73.1004 71.6518 71.3419 71.0233 70.7775 72.9894 72.728 72.2232 71.4612 71.0354 70.754 73.0919 72.5923 71.7688 70.9909 70.1828 70.5618 72.9408 72.3344 71.5057 71.0286 70.9315 70.8722 
71.3661 71.2693 71.1736 71.4945 71.4265 72.2411 71.6464 71.8731 72.1912 72.063 72.0544 72.2281 71.789 72.0228 72.4259 72.1803 72.3116 72.5212 72.3758 72.1416 72.1987 72.6227 72.5389 72.6602 73.4272 73.2301 72.7919 72.9192 72.6347 72.5537 73.6336 73.6633 73.6918 73.193 72.7791 72.778 
75.0047 75.2905 75.5239 76.1265 76.3932 76.6376 75.0357 74.8419 74.3855 75.5228 76.3342 76.3719 75.6891 74.3833 74.9298 76.1912 76.6684 76.5806 75.6773 75.9886 76.1826 76.2866 76.5294 76.5678 75.4333 76.5916 77.4485 76.2794 76.9564 76.8733 76.8828 77.0273 76.9226 76.2469 77.3113 77.6359 
77.6025 77.5733 77.9256 78.1208 78.1858 78.206 77.324 77.4133 77.5562 77.843 78.0587 78.0961 77.5385 77.2461 77.4415 77.5319 77.7129 77.7924 77.3742 77.0919 77.0676 77.119 77.2705 77.3396 76.975 76.806 76.8299 76.5921 76.9056 76.9022 76.7142 76.6292 76.2992 76.1958 76.2701 76.4124 
79.9684 79.8083 80.5254 80.4469 80.4585 80.4571 79.5936 79.5635 79.8107 79.8836 80.1762 80.2061 79.8232 79.0966 79.1569 79.0901 79.5277 79.5958 78.9736 78.556 78.3236 78.3466 78.5413 78.6903 77.8517 77.7306 77.7973 77.3394 77.9469 78.1621 77.4939 77.4077 76.8096 76.4557 76.8253 77.5281 
108.027 112.98 114.428 117.085 119.159 122.473 104.325 106.966 110.942 112.852 116.103 118.789 100.53 102.978 104.749 108.679 111.594 115.458 96.9866 99.2955 100.613 102.476 105.725 109.255 93.8924 95.7696 97.1862 98.7282 102.276 106.076 90.9348 92.8571 93.8567 95.5511 98.8318 102.964 
182.541 181.883 182.594 187.625 191.168 191.307 177.72 182.426 184.165 184.388 187.867 187.567 181.197 181.122 183.669 185.642 185.568 185.298 180.862 179.97 182.694 182.907 183.374 183.395 184.253 184.167 182.24 182.906 184.948 185.725 173.845 175.792 176.669 177.474 180.294 183.951 
188.396 188.303 188.282 192.81 195.776 193.777 184.7 189.385 190.533 190.273 193.081 190.784 188.57 189.557 191.07 192.556 191.477 189.698 190.53 190.612 192.292 191.971 190.721 189.038 194.127 194.979 192.344 192.316 193.055 191.546 184.478 187.283 187.688 187.866 189.479 190.712 
192.528 191.707 192.01 194.821 197.819 196.133 189.515 193.543 194.366 194.238 196.086 193.59 192.83 192.638 194.666 196.066 195.004 193.303 193.961 193.83 195.427 194.741 194.647 192.593 197.56 197.33 195.275 194.55 195.899 194.38 190.411 191.297 191.041 190.505 192.681 193.791 
200.278 200.621 201.919 202.074 199.146 199.531 201.23 198.056 199.371 201.033 197.613 198.574 200.984 199.864 198.41 200.751 197.491 199.343 200.046 201.699 200.239 195.936 197.981 201.615 201.32 203.626 202.798 202.444 202.153 202.86 202.373 202.316 203.163 200.499 200.009 200.248 
202.493 202.886 203.557 203.431 199.806 200.271 203.535 199.74 200.502 202.561 198.956 200.234 203.635 201.901 200.058 201.809 198.724 201.334 202.276 203.559 201.351 196.898 199.009 203.373 203.393 205.461 204.338 204.613 203.609 204.743 204.229 204.556 205.269 203.113 201.811 201.929 
60.0228 58.4382 56.8587 55.1784 53.6894 53.0191 58.6125 57.3229 55.135 53.7073 52.5924 51.9838 57.2256 56.3631 54.045 52.8333 51.9733 51.5249 57.0523 55.4525 53.8673 52.337 51.5792 51.1905 56.6873 54.8682 53.025 51.4656 50.5472 50.9328 56.1777 54.7363 52.7341 51.5376 51.243 50.8461 
58.0841 58.2962 57.9356 57.5032 57.1462 57.197 57.5801 57.7683 57.5176 57.4522 57.3981 57.4455 56.882 57.2871 57.2577 57.0066 57.3794 57.717 56.4667 56.2314 56.3925 57.2129 57.4939 57.3237 56.9127 56.7437 56.5167 56.4117 56.5557 57.3226 56.8564 56.8437 56.4714 56.4059 56.7758 57.4647 
67.27 67.337 67.1762 66.9755 66.5769 66.9415 66.6912 66.9611 66.7157 66.5952 66.349 66.4451 65.7829 66.5103 66.1324 66.1987 66.2681 66.4246 66.1815 66.2723 66.1639 66.153 66.1371 66.2876 66.6214 66.5594 66.084 65.7372 65.2598 65.9969 66.5962 66.7214 66.3049 65.9157 65.9332 66.0987 
69.9562 70.1317 70.1871 70.7618 70.7024 71.2972 69.6373 70.1291 70.6851 70.8738 70.9325 71.2019 69.4183 69.9706 70.5697 70.5518 70.7542 71.1258 69.6976 69.6833 69.7923 70.3753 70.382 70.7781 70.1213 70.1521 69.903 70.1367 69.8534 70.008 70.0936 70.4566 70.3057 69.9931 69.7232 69.8603 
74.2027 74.3141 74.5308 74.8305 74.7505 74.8268 73.3664 73.7687 73.9413 74.0867 74.4053 74.7391 73.2622 73.4503 73.6978 73.7859 74.026 74.3308 72.8627 72.9044 73.0766 73.2693 73.2096 73.5758 72.1427 72.3902 72.5166 72.4309 72.4395 72.7463 71.9579 72.1788 71.8592 71.7866 72.0539 72.2275 
79.0986 80.4043 80.2209 79.8465 79.1971 78.7412 78.5295 78.478 79.3945 78.9402 78.5034 78.2852 77.7316 77.3722 76.7177 77.9821 77.8553 77.577 76.3773 76.0134 75.3671 75.4404 75.1426 75.1253 74.6525 73.9704 73.856 73.7608 74.0859 73.9468 72.9903 72.7306 72.3458 72.3161 72.5492 72.7788 
115.776 119.965 119.893 117.553 116.524 116.255 111.418 113.614 115.507 114.446 112.387 111.541 106.065 106.996 107.166 108.545 108.316 106.569 94.0974 95.6036 94.8714 94.7412 94.443 94.7307 89.2527 90.2969 89.5964 89.3246 89.5633 89.8676 85.1857 85.5142 84.7512 84.397 84.2422 84.8057 
162.902 170.689 169.42 167.477 167.686 168.814 160.228 162.757 164.444 161.661 162.333 162.03 156.319 158.371 158.363 159.787 158.404 157.638 148.845 149.416 147.828 146.154 146.241 148.326 145 142.835 142.892 142.967 140.171 140.666 64.0751 64.9526 64.3839 64.0248 63.7918 63.7939 
196.743 195.458 195.937 199.419 203.466 200.89 192.745 197.951 198.982 198.92 200.596 197.763 196.472 196.367 199.034 201.346 199.671 197.633 197.607 197.232 199.519 198.991 197.923 195.829 201.583 201.351 198.791 196.871 198.091 196.473 189.279 189.975 190.06 188.541 190.158 193.144 
207.936 206.086 206.858 206.019 208.122 206.588 208.047 207.571 207.715 208.35 208.004 206.696 206.926 204.826 206.245 208.673 209.542 208.631 207.069 205.68 206.198 206.853 208.293 207.179 207.136 205.152 205.256 204.062 204.999 204.946 207.473 204.402 204.211 202.77 203.716 204.489 
209.911 207.673 208.072 207.224 209.224 208.134 210.206 209.174 209.169 209.788 209.648 207.869 208.755 206.691 208.229 209.802 210.76 209.728 208.534 207.603 208.49 208.412 210.185 208.662 209.609 207.773 208.119 207.207 208.104 207.673 210.412 207.529 207.378 206.47 207.507 207.636 
210.979 212.077 213.211 212.221 209.083 208.562 211.607 208.33 210.615 211.431 206.637 207.247 211.076 209.819 208.907 210.891 206.877 208.297 211.009 212.647 210.814 206.778 208.13 211.87 212.106 214.481 214.242 213.628 212.631 213.375 213.295 213.079 214.21 211.051 209.681 210.862 
43.7915 43.3399 42.6375 42.1012 41.9062 41.926 43.6536 42.9988 42.4208 42.1652 42.2389 42.3749 43.4035 42.777 42.549 42.0654 42.2827 42.6015 42.7973 41.8395 41.7266 42.3205 42.489 42.3162 43.2971 42.3793 41.9683 41.8207 42.0962 42.527 43.2906 42.56 41.838 41.731 41.9375 42.5609 
51.1177 51.3172 50.8934 50.3782 50.2256 50.2407 50.7564 50.8293 50.3697 50.2973 50.389 50.5757 50.2279 50.5117 50.311 50.1259 50.5014 50.8693 49.8959 49.6992 49.7862 50.4665 50.7973 50.6626 50.3391 50.1775 49.9854 49.8632 50.0982 50.8773 50.3719 50.3157 49.8829 49.9434 50.3121 50.987 
53.4033 53.7849 53.7446 53.7433 53.89 54.2311 53.4602 53.7662 54.1166 54.2772 54.5061 54.9281 53.3362 53.7341 54.3435 54.1947 54.7608 55.3484 53.1263 53.1264 53.5234 54.6832 55.05 55.0826 54.0587 54.0541 54.14 54.3615 54.6076 55.2732 54.5014 54.6012 54.4411 54.5755 54.6489 55.4746 
63.2518 63.9387 64.2204 64.6224 65.0161 65.6827 62.8428 63.5994 63.884 64.1979 64.7407 65.6021 62.5817 63.565 63.8682 64.268 64.8181 65.5035 62.5339 63.4579 63.798 64.1231 64.6365 65.2896 62.5831 63.4058 63.7005 63.8788 64.2391 64.8944 62.6558 63.5443 63.5115 63.7172 64.2361 64.6216 
69.5499 69.2158 69.1213 69.0368 68.7079 68.489 69.4088 69.4529 69.1455 68.8126 68.6727 68.6239 69.245 69.1721 68.831 68.6774 68.6511 68.6538 68.6615 68.5365 68.3828 68.5898 68.4281 68.4457 67.7093 67.5092 67.6287 67.783 68.0549 67.9937 67.0705 67.1062 66.9003 67.006 67.3853 67.654 
77.6279 76.3506 75.4731 72.377 71.1338 70.7502 77.8133 76.7293 75.1339 73.7739 71.1114 71.0023 77.4935 75.9969 74.2917 73.4979 73.2938 71.2458 74.0644 72.771 71.3926 71.2987 70.7749 70.858 71.9663 70.3736 70.0599 69.6185 70.1731 70.3657 70.4547 69.1482 68.3208 67.8788 68.4534 69.2383 
108.492 111.612 110.035 105.246 103.641 103.243 108.443 108.497 108.681 105.644 102.265 100.301 107.346 106.632 104.733 105.596 103.053 99.409 102.025 101.138 98.685 96.4029 95.8375 96.2516 99.1662 95.5575 95.0836 94.5255 93.6912 93.4193 63.2985 62.5158 61.6106 61.1252 61.3949 61.5071 
172.151 175.371 173.232 167.766 167.935 169.075 171.639 172.885 171.03 167.199 165.342 165.294 170.115 170.609 170.404 168.479 166.945 163.631 162.021 161.699 159.583 157.774 157.539 159.595 160.484 157.656 157.302 156.963 153.976 154.076 47.6063 47.0143 46.0459 45.3649 44.7034 44.6092 
214.112 216.374 214.794 214.049 213.918 214.045 214.125 214.982 214.075 212.731 213.141 213.346 214.177 214.381 213.773 213.235 212.701 212.873 213.723 212.819 211.4 210.103 210.282 210.762 213.113 210.534 210.028 209.57 207.602 207.637 146.409 145.615 144.842 144.424 144.26 144.533 
217.453 214.93 214.738 214.19 216.251 215.136 217.178 216.291 215.637 216.577 217.099 215.835 215.623 213.318 214.5 216.042 217.356 217.344 215.357 214.038 214.242 215.064 217.403 215.982 216.046 213.815 213.678 213.84 215.093 214.899 214.688 211.274 211.253 210.967 212.214 212.349 
221.196 221.028 224.405 222.942 224.734 223.569 221.635 220.684 226.028 223.121 222.721 223.529 222.221 222.777 224.056 223.753 223.527 224.265 224.452 225.848 225.624 226.602 225.154 224.647 222.551 223.859 225.424 226.238 226.012 222.841 222.138 222.65 224.243 223.386 224.717 225.571 
223.661 225.321 225.182 223.534 223.646 221.574 223.691 223.441 226.158 224.573 221.809 220.518 223.329 223.048 224.97 224.527 222.561 221.475 225.49 225.591 225.46 226.076 224.448 224.447 225.351 225.72 227.078 227.021 225.229 224.953 225.683 225.207 226.218 224.715 223.752 224.92 
14.9671 14.4974 14.089 13.9185 13.8265 13.8911 14.8709 14.3518 13.885 13.6951 13.7054 13.7268 14.791 14.4088 13.856 13.6696 13.5337 13.6159 14.8528 14.3208 13.9013 13.6231 13.5788 13.5555 14.9243 14.3971 13.9493 13.7184 13.5952 13.6275 14.953 14.5219 14.0523 13.792 13.6941 13.6763 
40.0684 40.5583 40.6172 40.4354 40.8464 41.1904 40.0885 40.5105 40.6843 41.0485 41.352 41.9361 39.8973 40.532 41.0494 40.9853 41.7425 42.2245 39.6383 39.7577 40.4161 41.5098 42.0569 42.3257 40.3233 40.609 40.91 41.3972 42.0057 42.8342 40.8659 41.0394 41.1616 41.6663 42.3505 43.245 
45.8455 46.0285 46.3048 46.3952 46.5766 46.8781 45.9063 46.194 46.5537 46.5605 46.5927 47.1735 46.0136 46.4322 46.5896 46.5836 46.9522 47.2893 46.4288 46.7534 46.8456 46.819 47.2598 47.5052 47.3293 47.2104 47.3775 47.3695 47.4663 47.895 48.2186 48.2782 47.9726 48.2927 48.1627 48.2375 
55.1283 55.3243 55.6268 55.7592 55.807 55.9123 54.909 55.3789 55.6043 55.5427 55.6264 55.9777 54.7803 55.3676 55.4217 55.235 55.4968 55.7495 54.8316 55.2222 55.2865 55.1959 55.4075 55.6439 55.1713 55.3905 55.4427 55.3828 55.4348 55.6864 55.8838 56.2197 55.8621 56.0058 55.9338 55.9044 
62.1683 62.2082 61.9711 61.9223 61.9303 62.0564 61.9808 62.0122 61.7455 61.5384 61.6312 61.86 61.7761 61.8962 61.4858 61.3736 61.5027 61.8009 61.4694 61.6213 61.3943 61.228 61.3626 61.7341 61.2544 61.4671 61.3373 61.269 61.3539 61.6211 61.2842 61.591 61.3786 61.2666 61.4393 61.6357 
72.0189 70.9334 70.026 68.9197 67.6998 67.1478 72.7642 71.7074 70.1757 68.8279 67.9334 67.5887 72.9178 71.7703 70.0813 69.1084 68.3753 67.9114 72.2423 71.2442 69.7922 69.2371 68.44 68.1568 70.9642 69.8182 69.1634 68.4303 68.4476 68.2527 69.9594 69.0343 68.2187 67.6578 67.7868 67.9231 
98.9712 95.7036 93.4789 89.0854 87.6975 86.9623 99.3153 97.3534 93.0249 90.9372 87.4594 86.9763 99.1907 97.1804 94.1372 90.3534 88.968 86.5665 96.0438 94.6044 91.2546 87.2334 85.9006 85.8141 95.2142 93.3584 91.0726 87.976 85.1494 85.4383 94.868 92.697 89.9213 87.4933 84.4312 84.2419 
172.137 174.432 172.05 167.966 167.068 165.464 172.304 172.869 170.704 166.998 165.176 162.889 172.365 172.348 171.211 168.57 165.704 161.908 171.269 170.092 167.944 164.542 162.995 161 170.833 167.791 166.674 164.515 160.168 157.741 110.208 109.506 107.772 105.643 103.243 100.454 
233.634 232.136 230.093 229.536 229.946 230.349 230.721 230.925 229.558 230.09 229.795 230.808 229.505 229.443 230.096 228.265 226.912 229.98 229.202 229.951 229.574 229.62 229.395 228.025 231.096 231.091 230.133 229.987 228.696 228.676 221.909 220.938 222.023 221.224 218.554 218.498 
228.783 226.589 230.25 228.907 229.454 230.721 228.95 227.205 231.384 228.673 228.396 231.324 229.191 228.824 230.686 229.83 229.296 231.244 229.533 230.439 231.66 232.343 230.903 229.823 227.385 227.268 229.236 230.473 230.89 226.954 226.388 226.476 228.381 228.196 229.707 230.728 
228.88 227.219 231.119 230.66 233.226 233.276 228.957 228.204 233.197 231.109 231.949 233.779 230.215 230.903 232.389 232.209 232.203 233.984 231.68 233.644 233.78 235.226 234.107 233.485 230.084 232.002 233.115 234.368 234.794 231.241 229.53 230.811 232.891 232.288 233.852 234.382 
237.809 237.829 245.084 248.331 248.034 244.618 244.625 241.47 248.095 248.912 247.849 247.792 245.756 242.882 245.143 244.947 246.872 247.638 243.905 243.041 245.986 243.008 245.849 245.271 243.164 245.677 245.687 240.041 242.507 246.102 239.928 244.091 246.006 242.687 241.78 246.003 
4.82804 5.04259 5.28922 5.34548 5.98463 6.62445 4.77306 5.06693 5.11592 5.54302 5.75565 6.46053 4.26114 5.00468 5.17055 5.33339 5.8237 6.13225 4.31553 4.59039 5.05576 5.32151 5.64797 6.49574 4.25234 4.77052 4.9554 5.5837 6.06745 6.59758 4.42844 4.74586 5.22144 5.62905 6.41412 6.88026 
10.4578 10.6959 10.9793 11.0852 11.6388 12.2117 10.398 10.6857 10.8472 11.2291 11.4652 12.0742 9.98373 10.6968 10.9056 11.0586 11.54 11.8332 10.0442 10.3693 10.814 11.1043 11.4684 12.1852 10.0277 10.5059 10.7742 11.3196 11.8071 12.3319 10.2365 10.5703 11.0399 11.4144 12.1699 12.6608 
34.4186 34.7997 35.5138 35.5437 36.2512 36.8126 34.2309 35.0357 35.5369 35.9512 35.9517 36.951 33.6724 34.886 35.5149 35.4591 36.1731 36.4437 33.8257 34.3854 35.1244 35.555 35.8988 36.811 34.0965 34.7668 35.2467 35.9783 36.4652 37.072 34.9422 35.4282 35.8913 36.5459 37.2277 37.6605 
55.0603 55.3333 55.2637 55.1867 55.2358 55.4838 54.4584 54.7142 54.6796 54.5974 54.7117 54.9763 53.9303 54.3473 54.2273 54.1872 54.3804 54.6703 53.535 53.866 53.853 53.8113 54.1156 54.4844 53.3898 53.7962 53.8188 53.9712 54.076 54.1626 53.4053 53.9566 54.0776 54.1146 54.0311 53.9436 
61.7274 61.4476 61.0943 60.8504 60.5279 60.4392 61.6386 61.4126 61 60.6198 60.4994 60.3037 61.4562 61.3389 60.9662 60.5941 60.3025 60.2816 61.2037 61.1355 60.9699 60.7183 60.3464 60.3943 60.9634 61.076 60.9343 60.964 60.6229 60.5496 60.9178 61.1023 61.146 61.0073 60.8463 60.8277 
70.6601 68.8415 67.6201 66.7016 66.234 66.1542 71.1506 69.908 67.7715 66.9634 66.547 66.4823 71.5735 70.4499 69.0633 67.4118 66.9189 66.9564 71.6653 70.8531 69.4908 67.768 67.2204 67.3778 71.6643 70.9262 70.1125 69.0686 67.681 67.9047 71.8237 71.1544 70.265 69.4284 67.9464 68.0563 
115.748 112.502 110.301 106.745 104.188 101.369 116.486 114.854 110.798 108.183 104.587 101.638 117.3 115.624 113.23 108.875 105.934 102.26 117.978 116.127 113.544 108.894 106.423 102.684 117.834 116.437 113.845 110.81 106.745 103.889 117.573 116.368 114.042 111.333 107.174 104.383 
201.236 199.218 198.064 193.682 190.081 185.085 201.738 201.839 198.24 194.309 189.289 184.868 202.234 202.409 200.116 194.878 190.411 185.732 202.725 202.51 200.496 194.901 190.267 185.248 201.297 201.863 199.691 195.809 189.878 185.448 201.08 201.426 199.046 195.507 189.647 185.289 
235.408 232.862 233.567 231.301 226.772 229.704 235.938 234.162 233.129 231.904 227.886 230.55 234.688 233.264 235.578 233.356 230.403 230.218 232.516 231.964 235.428 232.949 230.898 229.718 231.38 229.096 230.715 230.09 229.468 228.081 230.081 228.751 229.289 229.075 228.626 229.864 
237.623 234.367 234.337 232.939 229.121 232.627 237.327 235.138 233.747 233.638 230.319 233.325 235.508 233.174 235.799 234.423 232.118 233.407 232.906 232.27 235.528 234.556 233.434 233.187 232.711 230.459 231.58 232.232 232.197 232.766 232.355 230.633 231.696 231.771 231.888 234.955 
239.469 239.06 246.887 250.523 249.873 246.799 246.857 243.347 250.035 250.901 249.952 250.469 247.828 244.822 247.38 246.933 249.07 250.192 245.54 244.736 248.313 244.734 247.661 246.95 244.689 247.325 247.409 241.343 243.944 247.559 241.199 245.774 247.737 244.247 243.395 247.867 
241.953 241.965 248.823 252.739 252.091 248.825 249.209 246.168 251.682 253.255 252.28 252.306 250.117 247.123 249.112 248.954 250.854 251.825 247.676 246.597 249.725 246.298 249.332 248.83 247.098 249.865 249.459 243.263 245.545 250.026 243.653 248.218 250.083 246.521 245.262 249.446 
