4849680
219.503 219.094 222.999 225.66 224.724 223.031 223.424 221.068 224.817 225.668 225.025 224.933 224.621 222.37 223.137 223.897 224.447 225.176 222.949 222.15 223.505 221.216 223.756 224.092 222.662 223.923 222.959 219.357 221.403 225.093 220.836 222.828 223.676 220.893 220.356 223.831 
204.818 204.275 207.77 210.068 209.195 207.715 208.495 206.504 209.922 210.561 210.257 210.235 209.54 207.661 208.533 208.866 209.839 210.571 207.998 207.068 208.23 206.57 209.197 209.648 207.643 208.465 207.885 204.617 206.445 210.407 205.924 207.698 208.672 206.394 205.726 209.327 
157.221 157.567 158.116 158.396 157.171 157.035 157.02 156.266 156.868 157.404 156.128 156.242 157.262 156.966 156.17 157.054 155.797 156.867 156.978 157.975 157.085 154.933 156.235 158.075 158.071 158.998 158.365 158.364 158.202 158.593 157.382 157.758 158.222 156.896 156.578 157.037 
162.026 162.518 163.59 165.914 165.75 165.753 164.037 163.621 164.898 166.166 166.398 166.996 166.286 164.976 166.26 165.955 166.464 167.049 165.929 165.208 167.046 167.94 167.596 166.831 165.438 164.681 166.1 167.132 167.277 167.085 163.901 163.91 165.496 165.381 165.787 164.649 
142.191 142.03 142.001 142.229 141.848 141.902 142.494 142.449 142.389 142.389 142.178 142.201 142.592 142.501 142.034 142.265 141.771 142.617 142.687 142.796 142.384 141.728 142.249 143.066 142.806 142.866 142.54 142.516 142.626 142.91 142.826 142.673 142.47 141.862 142.061 142.262 
86.3728 86.4654 86.4644 86.634 86.4897 86.6373 86.7624 86.9772 87.1552 87.1217 87.2665 87.4805 86.7793 87.0397 87.2701 86.9934 87.1964 87.6895 86.951 86.8364 86.9261 87.2664 87.5152 87.6897 87.3293 87.0875 87.294 87.3503 87.3299 87.6578 87.2243 87.2218 87.1643 87.1582 87.2237 87.6281 
127.928 128.983 128.689 130.32 130.213 130.759 128.808 128.965 128.926 130.294 130.13 130.778 131.081 130.292 131.074 130.639 130.653 131.296 131.096 130.84 132.185 133.658 132.495 131.9 130.847 129.552 131.531 134.201 133.887 131.864 129.719 129.017 130.579 131.503 132.289 129.061 
101.634 102.365 102.234 103.625 103.514 104.052 102.456 102.67 102.753 103.816 104.051 104.74 104.149 103.529 104.409 104.039 104.316 104.924 104.388 104.009 105.246 106.666 105.7 105.224 104.347 103.245 104.937 107.068 106.603 105.203 103.291 102.72 104.013 104.825 105.451 103.016 
66.4078 66.4315 66.2726 66.2226 66.1327 66.3176 66.2557 66.2289 66.1862 66.1515 66.276 66.4546 66.1748 66.1852 66.2932 66.1782 66.2474 66.705 66.2672 66.071 66.1543 66.5462 66.6678 66.6569 66.6086 66.3927 66.4366 66.4041 66.5362 66.6487 66.6171 66.5982 66.3876 66.2818 66.4051 66.6181 
