4849680
41.9339 42.1901 42.0552 41.8919 41.949 42.0741 41.8695 41.9351 41.9376 41.9602 42.1873 42.4442 41.7224 41.9853 42.1027 41.9592 42.3103 42.7359 41.5163 41.4672 41.6538 42.35 42.6453 42.6628 42.0445 42.0131 42.0398 42.141 42.4341 42.9643 42.1965 42.2433 42.1424 42.2713 42.564 43.2122 
56.9889 56.9038 56.7885 56.8268 56.6278 56.7113 56.9681 56.8616 56.8295 56.7067 56.6661 56.713 56.9612 56.9593 56.8333 56.7411 56.6719 56.8973 57.2577 57.0507 56.9311 56.9403 56.9276 56.9335 57.4544 57.3039 57.1659 57.1195 57.0386 56.9633 57.5029 57.4411 57.3346 57.1721 57.1018 57.1424 
82.9746 82.9225 82.899 82.7975 82.552 82.6278 82.9121 82.9024 82.714 82.439 82.3643 82.4581 82.8824 82.8489 82.5759 82.4512 82.4097 82.6582 83.0554 82.8849 82.6876 82.6286 82.6817 82.7649 83.3217 83.2143 83.0239 82.8145 82.8692 82.8007 83.4123 83.3962 83.3452 83.1224 83.09 83.0905 
112.726 113.244 112.309 112.708 113.129 112.663 114.113 114.156 113.883 114.208 113.086 113.057 114.851 115.16 114.566 113.996 113.726 114.356 113.913 114.146 112.864 112.871 114.29 115.134 113.861 113.52 113.393 113.856 115.138 114.989 113.596 113.503 113.87 114.325 114.103 114.596 
129.761 129.712 129.673 129.969 130.901 131.283 131.135 131.43 131.637 131.502 132.104 133.099 131.611 131.144 131.08 131.394 132.489 133.534 131.636 131.124 131.119 130.907 132.953 133.906 132.084 131.413 131.338 131.838 133.322 133.861 131.6 131.316 131.843 132.54 132.99 133.354 
52.197 52.3421 52.1274 52.1258 52.2769 52.3998 52.156 52.2052 52.2113 52.2853 52.5935 52.8088 52.0666 52.1624 52.3604 52.3 52.6083 52.9524 51.9494 51.7584 51.9744 52.6019 52.8112 52.6733 52.3354 52.1503 52.2052 52.3111 52.518 52.8289 52.4096 52.3347 52.1565 52.268 52.4494 52.8387 
72.5334 72.3338 72.159 72.0279 71.9709 72.371 72.245 72.0077 71.9859 71.9977 72.1047 72.4708 71.9011 71.8974 72.0561 71.8637 72.1208 72.6566 71.6564 71.5359 71.6803 72.2907 72.7065 72.6587 72.0108 71.921 72.002 72.0836 72.433 72.7449 72.2626 72.2142 71.9235 71.8877 72.3086 72.9136 
105.12 105.362 104.807 105.111 105.249 104.848 105.355 105.275 104.992 105.24 104.412 104.233 105.819 106.038 105.63 105.207 104.802 105.102 105.18 105.395 104.509 104.442 105.171 105.625 105.051 104.949 104.878 105.045 105.704 105.479 104.863 104.786 104.891 105.099 104.953 105.24 
132.827 133.376 132.448 132.619 132.982 132.321 133.198 133.045 132.687 132.697 131.322 131.304 134.112 134.322 133.627 132.671 132.136 132.449 132.99 133.347 131.645 131.385 132.839 133.468 132.757 132.346 132.167 132.582 133.665 133.349 132.42 132.261 132.712 133.133 132.64 132.761 
162.592 163.242 162.843 164.171 163.953 163.486 164.016 163.595 163.857 164.884 163.112 163.053 165.391 165.435 164.508 164.814 163.498 164.584 164.06 165.128 163.641 161.964 164.039 165.967 164.545 165.316 164.992 165.32 166.5 166.443 163.517 163.925 164.767 164.217 164.144 165.025 
79.2871 78.9717 78.548 78.2882 78.2852 78.6936 78.7637 78.6459 78.3421 78.4044 78.4795 78.8791 78.538 78.4834 78.5604 78.1821 78.5279 79.1013 78.1798 77.9825 78.1371 78.7128 79.1637 79.1396 78.3411 78.2218 78.3933 78.4704 78.8006 79.0799 78.7421 78.6983 78.3315 78.3367 78.7908 79.3228 
108.603 109.146 108.827 110.655 110.159 110.976 109.202 109.058 108.986 110.598 110.517 111.27 111.175 110.008 110.942 110.574 110.866 111.375 111.328 110.818 112.306 113.87 112.593 111.742 111.025 109.602 111.69 114.351 113.45 111.274 109.797 108.912 110.508 111.355 112.067 108.511 
127.775 126.787 126.846 126.656 126.454 126.743 127.338 126.693 126.457 126.355 126.103 126.332 127.124 126.708 126.308 125.893 125.924 126.382 127.098 126.773 126.424 126.053 126.609 127.049 126.768 126.456 126.4 126.216 126.173 126.651 126.706 126.473 126.071 125.924 126.331 126.72 
164.395 164.903 164.441 165.108 164.899 164.378 164.608 164.363 164.522 164.8 163.293 163.029 165.563 165.64 164.875 164.757 163.427 164.14 164.707 165.545 164.354 162.788 163.962 165.16 164.926 165.402 164.937 164.982 165.729 165.56 164.269 164.492 164.836 164.14 164.033 164.601 
198.458 198.588 199.537 200.33 198.779 198.172 198.228 197.245 198.06 198.917 196.926 196.893 199.166 198.116 197.3 198.941 196.512 197.55 198.76 199.699 198.757 195.812 197.162 199.051 200.058 201.483 200.344 200.244 199.977 200.082 198.784 198.962 199.519 197.868 197.44 197.875 
115.384 116.538 116.689 118.597 118.235 118.984 116.47 116.826 117.13 118.904 118.934 119.563 119.013 118.206 119.378 119.103 119.315 119.781 119.409 119.054 120.628 122.429 120.792 119.891 119.198 117.747 119.926 122.826 121.761 119.556 117.627 117.068 119.237 120.107 120.624 116.669 
127.006 127.683 127.554 129.341 128.936 129.841 127.535 127.669 127.73 129.265 129.36 130.236 129.698 128.817 129.747 129.263 129.717 130.403 130.067 129.605 130.973 132.601 131.475 130.927 129.766 128.355 130.476 133.18 132.44 130.669 128.404 127.675 129.282 130.175 131.044 127.843 
141.234 142.205 142.178 143.799 143.544 144.11 141.593 142.261 142.533 143.76 143.827 144.443 144.009 143.355 144.328 143.921 144.237 144.881 144.444 144.199 145.666 147.201 145.733 145.225 144.266 142.878 144.796 147.443 146.797 145.355 142.956 142.231 143.847 144.73 145.523 142.828 
187.591 187.291 187.657 187.306 187.697 186.916 187.462 187.717 188.076 187.796 187.643 187.271 187.458 187.29 187.286 187.216 187.502 187.925 188.001 187.566 187.228 187.416 188.143 188.202 187.865 186.992 186.584 187.013 187.671 188.265 187.707 186.812 186.534 186.692 187.216 187.745 
220.144 219.985 224.252 226.96 225.878 224.184 224.49 221.944 225.942 226.888 226.009 226.153 225.564 223.17 224.092 224.848 225.505 226.253 223.732 223.141 224.712 221.885 224.645 225.046 223.787 225.188 224.439 220.459 222.423 226.262 221.783 224.023 225.079 222.04 221.3 224.912 
131.66 131.886 132.069 132.028 132.167 132.344 131.664 132.289 132.39 132.248 132.571 132.506 131.632 132.363 132.392 132.156 132.386 132.427 131.591 132.034 132.022 132.137 132.204 132.269 131.733 132.11 132.214 132.02 132.021 132.172 132.034 132.393 132.283 132.041 132.009 132.274 
133.148 134.111 134.149 135.933 135.513 136.325 133.925 134.187 134.473 136.025 136.162 136.818 136.069 135.325 136.486 136.299 136.61 137.113 136.165 135.974 137.623 139.463 137.955 137.278 136.077 134.845 137.059 139.91 138.922 137.013 134.965 134.288 136.288 137.241 137.657 134.187 
163.3 162.921 163.381 163.581 163.448 163.677 163.054 163.128 163.534 163.622 164.032 164.031 163.094 163.351 163.203 163.293 163.859 164.596 163.336 163.128 162.911 163.265 163.98 164.897 163.218 163.14 163.021 163.245 163.77 164.903 163.262 163.078 162.89 163.223 163.79 164.688 
221.405 220.93 226.162 229.167 228.635 226.55 226.438 223.952 228.924 229.687 229.287 229.335 227.483 225.192 227.05 227.092 228.631 229.306 225.855 224.843 227.231 225.039 227.587 227.163 225.517 226.921 226.398 222.036 224.461 228.305 223.188 226.05 227.165 224.468 223.914 227.787 
234.62 234.131 240.183 243.366 242.742 239.862 240.409 237.595 242.882 243.809 243.132 243.088 241.481 238.818 240.622 240.62 242.334 243.043 239.507 238.346 240.74 238.466 241.299 240.847 238.77 240.478 239.875 235.059 237.53 241.517 236.101 239.153 240.365 237.66 236.821 240.931 
