4849680
111.519 112.14 111.877 110.814 110.735 110.95 110.819 110.551 111.267 111.024 110.301 109.791 110.368 110.369 110.566 111.407 110.467 109.748 109.111 109.224 109.476 108.517 108.417 108.519 108.755 107.653 107.709 107.507 107.503 107.825 102.307 101.68 101.408 101.404 101.826 102.095 
99.2678 99.5029 99.3368 98.7801 98.7767 98.8012 99.0707 98.7575 98.7469 98.8101 98.6862 98.6906 99.2069 98.5166 98.5247 99.0995 99.013 99.0841 98.8065 98.6934 98.8455 98.695 98.6255 98.7246 98.4954 98.6674 98.9697 98.6099 98.5625 98.5914 98.8953 98.7291 98.6683 98.4885 98.7999 98.9313 
88.6315 88.489 88.3286 88.2957 88.4235 88.7389 88.6977 88.4964 88.256 88.2382 88.469 88.7106 88.7892 88.4954 88.494 88.5626 88.4566 88.9772 89.043 88.8542 88.9276 88.9247 88.8826 89.0141 89.1592 89.0272 89.0336 88.9241 88.9683 88.8774 89.3076 89.2342 89.1352 88.9901 89.0618 88.8763 
72.648 72.5143 72.1667 72.1623 72.093 72.0555 72.548 72.4404 72.076 72.0049 72.0457 72.129 72.6634 72.2586 72.0785 72.115 72.0247 72.2464 72.768 72.4385 72.2986 72.2576 72.1499 72.1162 72.795 72.6394 72.5202 72.2063 72.1974 72.0624 72.9965 72.8362 72.4915 72.2609 72.2798 72.113 
44.9413 44.7803 44.6492 44.7045 44.7438 44.8499 44.8285 44.6904 44.6282 44.5662 44.6254 44.8069 44.693 44.7937 44.5842 44.5912 44.5841 44.7461 44.8415 44.7316 44.6549 44.6809 44.7232 44.7816 45.0845 44.8826 44.72 44.7106 44.6312 44.7239 45.0703 45.0409 44.8403 44.7763 44.8499 44.9015 
34.8339 35.1477 35.0009 34.8185 35.0217 35.1838 34.8237 34.9378 34.894 35.0378 35.3257 35.6449 34.6514 34.9171 35.1424 35.0315 35.4862 35.8886 34.3596 34.2908 34.6021 35.4218 35.7719 35.805 34.8779 34.93 35.0299 35.2389 35.6358 36.205 35.1123 35.1799 35.1561 35.3815 35.7505 36.4287 
154.459 155.341 154.339 153.795 154.147 153.288 152.323 154.35 154.468 153.331 153.567 153.173 154.079 154.083 153.652 153.808 153.892 153.946 153.523 153.834 153.492 153.151 152.658 153.218 152.732 152.117 152.235 152.179 152.157 153.222 146.839 146.986 147.237 146.76 147.22 149.128 
124.82 124.549 124.512 124.301 124.755 124.852 124.719 124.699 124.613 124.418 125.108 125.3 125.097 124.613 124.858 124.56 124.92 125.813 125.115 124.74 125.151 124.792 125.488 126.05 124.901 124.472 124.75 124.638 125.018 125.611 124.72 124.48 124.523 124.655 125.055 125.375 
114.102 114.409 113.54 113.8 114.046 113.623 114.375 114.299 114.074 114.357 113.245 113.042 115.285 115.455 114.94 114.205 113.815 114.244 114.627 114.789 113.175 112.745 113.957 114.737 114.444 114.096 113.661 113.597 114.526 114.407 114.112 114.006 114.328 114.591 114.134 114.371 
77.437 77.2817 77.0998 77.1236 77.0503 77.2653 77.216 77.2321 77.1015 76.9137 76.9877 77.1898 77.1708 77.162 77.0393 76.8687 76.9535 77.2224 77.3591 77.0899 77.044 77.0031 77.1262 77.2095 77.5191 77.2837 77.0671 76.7781 76.852 76.9877 77.4957 77.4133 77.1978 76.9576 77.0678 77.0557 
58.19 58.4984 58.312 58.1463 58.0578 58.1208 58.0309 58.2645 58.1824 58.1699 58.3313 58.5651 58.009 58.1969 58.3122 58.0856 58.4557 58.8334 57.8346 57.6977 57.8181 58.5111 58.7305 58.6409 58.3027 58.2105 58.23 58.1716 58.3849 58.775 58.4239 58.4469 58.2115 58.1998 58.3745 58.9483 
46.107 46.3621 46.3218 46.2195 46.2645 46.3838 46.0713 46.1432 46.239 46.2902 46.5448 46.7387 45.8736 46.1483 46.3716 46.2118 46.6266 47.0456 45.6291 45.6062 45.8376 46.5333 46.8844 46.9343 46.063 46.0639 46.1376 46.2599 46.6401 47.2094 46.2251 46.2726 46.2171 46.3658 46.7309 47.4439 
166.515 166.761 165.89 166.44 166.849 166.111 164.911 166.697 166.568 166.159 167.01 166.599 167.064 166.929 166.77 166.493 167.216 167.682 167.441 167.424 167.627 167.489 167.632 168 166.437 165.856 166.188 166.437 167.012 168.167 165.677 165.837 166.129 166.107 166.873 168.713 
151.48 151.874 150.839 152.442 153.826 153.068 150.463 152.021 152.115 152.228 151.953 151.619 153.071 153.513 153.436 152.758 152.341 152.571 152.484 153.016 151.969 151.319 152.784 153.476 153.195 153.107 152.244 152.632 153.956 153.919 150.417 151.125 151.513 152.095 152.48 153.745 
136.15 136.576 136.266 136.798 137.253 136.945 136.567 136.507 136.812 137.343 136.124 136.126 137.624 138.062 137.811 137.029 136.844 137.323 136.789 137.076 135.489 135.234 137.119 138.117 136.717 136.369 135.95 136.208 137.432 137.682 136.318 136.338 137.005 137.317 136.883 137.48 
116.918 117.509 116.858 117.296 117.37 117.01 117.023 117.258 117.3 117.723 116.3 116.023 117.878 118.418 118.041 117.209 116.698 116.852 116.937 117.236 115.63 115.409 116.622 117.262 116.623 116.392 115.961 116.072 117.017 116.839 116.141 116.129 116.744 116.793 116.084 116.55 
81.78 81.7059 81.7031 81.6113 81.3522 81.4509 81.4121 81.4913 81.4812 81.2064 81.099 81.1288 81.073 81.261 81.0285 80.8749 80.957 81.0998 81.0484 81.0837 80.8937 80.7018 80.9458 81.0157 81.1161 81.0555 80.7852 80.5798 80.6715 80.7591 80.976 80.9054 80.7556 80.4746 80.5888 80.8807 
71.2771 70.8385 70.4706 70.4497 70.3082 70.7238 70.7891 70.5188 70.1926 70.5814 70.6529 70.9127 70.3504 70.2962 70.3148 70.1108 70.7097 71.027 69.7611 69.6372 69.6593 70.4944 71.2626 71.0907 70.1072 70.0697 70.1887 70.3731 70.7812 71.2087 70.7436 70.6377 70.3229 70.3439 70.8346 71.7933 
187.587 187.713 187.154 190.271 191.873 190.576 184.323 188.738 189.07 188.502 190.42 188.67 188.799 189.119 189.659 190.079 189.297 188.336 190.015 190.23 190.99 190.432 189.42 188.536 192.129 192.705 190.747 190.679 191.293 190.668 185.794 187.737 187.749 187.618 189.355 191.241 
191.213 191.167 192.236 193.577 192.182 192.012 190.825 189.798 190.828 191.976 190.357 190.543 191.645 190.607 189.996 192.027 189.846 191.103 191.058 192.196 191.591 188.509 190.385 192.721 192.99 194.633 193.429 193.314 193.382 193.841 191.454 192.008 192.504 190.706 191.014 192.003 
155.538 156.043 155.671 156.945 157.795 157.017 154.792 156.078 156.607 156.704 156.094 155.348 156.766 157.457 157.445 156.881 156.112 156.211 156.508 156.844 155.947 155.462 156.145 156.505 157.268 157.131 156.224 156.78 157.706 157.15 154.751 155.309 155.826 156.18 156.275 156.805 
134.742 135.347 136.034 135.773 135.276 135.538 134.181 134.44 135.253 135.167 135.05 135.16 134.018 134.465 134.324 134.48 134.916 135.598 134.204 134.623 134.5 134.482 135.021 135.714 134.62 134.912 134.65 134.686 134.977 135.622 134.512 134.619 134.504 134.443 134.879 135.358 
110.09 108.438 107.699 107.706 107.377 108.19 108.862 108.016 107.311 107.512 107.09 107.431 108.082 107.735 106.797 106.624 106.878 106.98 107.576 107.534 106.951 106.516 107.578 107.499 107.564 107.469 107.193 107.224 107.276 107.093 108.4 108.175 107.487 107.062 107.582 108.156 
106.74 104.914 104.088 104.183 103.959 104.668 105.64 104.625 103.933 103.91 103.457 103.837 104.83 104.369 103.408 102.959 103.247 103.476 104.377 104.27 103.365 102.653 103.846 103.907 104.289 104.09 103.686 103.581 103.872 103.594 105.225 104.846 103.997 103.574 104.264 104.63 
228.865 228.505 234.06 237.625 235.696 233.635 234.703 230.823 235.861 237.517 236.082 236.381 235.706 232.522 233.558 234.795 235.614 236.574 233.102 232.51 234.299 230.559 234.244 235.098 233.082 235.355 234.489 229.108 231.492 236.249 230.678 233.747 235.293 231.241 230.336 234.946 
204.758 204.774 205.752 206.573 205.334 204.748 204.39 203.806 204.799 205.574 204.175 203.933 205.065 204.631 203.851 205.308 203.507 204.704 205.223 205.831 204.981 202.862 203.962 205.669 206.278 207.378 206.136 206.274 206.524 206.834 205.272 205.242 205.517 204.225 204.388 204.982 
184.621 184.712 185.817 185.687 184.019 184.029 184.915 183.049 184.086 185.025 183.046 183.613 184.142 183.515 182.756 184.364 182.992 184.579 183.765 184.795 183.787 181.587 183.406 185.601 184.799 185.833 185.487 185.49 185.474 186.224 185.721 185.405 185.762 184.196 183.993 184.478 
149.035 149.492 150.379 150.3 150.189 150.279 149.027 149.523 150.341 150.46 150.366 150.307 149.132 149.79 149.847 149.975 150.257 150.985 149.767 149.973 149.947 150.315 150.533 150.915 150.173 150.011 149.913 150.106 150.447 151.116 150.079 150.17 149.979 149.975 150.348 150.683 
129.425 129.592 129.741 129.817 129.901 130.352 130.866 131.035 131.254 131.233 131.518 131.821 130.827 131.287 130.936 130.833 131.286 131.958 130.92 131.287 130.964 130.922 131.441 131.868 131.08 131.38 131.322 130.986 131.331 131.812 131.071 131.126 130.791 130.713 131.106 131.491 
119.404 119.579 119.134 121.099 120.517 121.506 119.91 119.593 119.181 120.986 120.814 121.597 121.943 120.787 121.432 120.885 121.289 121.708 122.006 121.559 122.959 124.7 123.495 122.427 121.687 120.201 122.601 125.573 124.643 122.17 120.844 119.919 121.465 122.357 123.304 119.672 
235.638 235.217 241.541 244.779 244.146 241.238 241.66 238.777 244.413 245.319 244.53 244.438 242.944 240.218 242.195 242.084 243.702 244.357 240.943 239.753 242.396 239.85 242.571 242.076 240.107 241.952 241.463 236.352 238.914 242.893 237.232 240.508 241.882 238.953 238.074 242.311 
226.727 226.454 231.23 234.069 232.714 230.643 231.692 228.445 232.921 234.006 232.878 233.069 232.64 229.944 230.837 231.717 232.403 233.332 230.417 229.795 231.322 228.264 231.494 232.17 230.138 231.957 231.134 226.63 228.846 233.201 228.22 230.747 231.945 228.586 227.529 231.792 
186.68 186.619 186.567 185.452 185.444 184.522 187.733 186.943 186.843 185.725 184.83 184.748 187.442 187.077 186.395 185.759 184.821 184.8 187.421 186.86 185.644 186.145 185.977 185.147 186.807 185.989 185.402 186.536 185.469 184.778 185.871 185.287 185.065 185.453 184.058 183.048 
148.213 148.449 148.575 148.151 148.107 148.328 150.366 150.114 150.22 149.783 149.546 149.835 150.069 150.247 149.765 149.503 149.485 149.807 149.908 150.211 149.457 149.935 150.283 150.204 149.895 149.752 149.689 150.119 149.61 149.93 149.866 149.815 149.466 149.627 149.103 149.26 
128.798 129.802 129.895 132.002 131.857 132.542 130.966 131.408 131.389 133.029 133.18 133.926 133.296 132.547 133.578 133.355 133.726 134.331 133.425 133.106 134.893 137.109 135.533 134.71 133.094 131.614 134.07 137.386 136.606 134.512 131.613 130.941 132.88 134.099 134.734 131.287 
123.505 124.687 124.574 126.602 126.409 127.139 125.644 126.068 125.989 127.677 127.924 128.696 127.987 127.212 128.312 127.92 128.35 128.828 128.192 127.902 129.679 131.718 130.051 129.159 127.815 126.501 129.048 132.171 131.349 129.034 126.441 125.737 127.612 128.762 129.58 125.79 
