4519020
30.8276 29.5594 29.4125 29.2668 30.8737 30.9351 189.157 189.648 190.502 191.468 188.82 190.054 195.654 197.466 198.096 199.224 196.406 198.995 196.871 196.16 197.093 198.242 198.259 197.497 196.41 196.169 196.553 197.179 197.182 196.734 195.275 194.967 195.162 194.8 193.922 195.097 
29.5504 28.4507 26.9387 26.612 28.0149 27.9517 186.851 187.237 188.161 187.664 185.102 185.992 193.661 195.497 195.855 195.574 192.947 194.902 196.872 196.253 197.059 197.932 196.495 195.527 196.585 196.369 196.641 197.188 196.92 195.062 195.858 196.135 196.27 196.003 195.1 196.072 
119.069 119.326 119.927 120.145 119.936 119.542 153.141 153.39 153.88 154.208 153.648 153.6 156.517 156.504 156.824 157.572 157.518 157.676 156.428 156.232 156.27 156.434 156.984 157.387 155.544 155.643 155.607 155.971 156.391 156.881 155.457 155.684 155.351 155.33 155.788 156.442 
151.934 152.762 152.151 152.362 152.563 152.196 152.1 152.468 153.023 152.773 153.244 153.162 151.643 151.252 151.729 152.23 152.875 152.41 151.432 150.836 150.628 151.139 152.141 151.894 150.25 149.135 149.42 149.995 150.712 151.386 149.908 149.43 149.858 149.956 150.146 150.339 
153.467 154.246 154.008 153.801 154.125 154.342 153.549 154.243 154.709 154.316 154.975 155.169 153.69 153.523 153.722 154.073 154.516 154.413 152.967 152.721 152.679 153.467 154.115 154.128 151.904 151.571 152.312 152.705 152.853 153.462 151.37 151.622 152.373 152.15 152.334 152.836 
156.278 156.681 156.515 156.233 156.527 156.775 156.008 156.576 156.798 156.418 156.997 157.412 155.804 156.024 156.059 156.022 156.656 156.923 155.212 155.124 155.421 155.712 156.258 156.75 154.179 154.087 154.977 155.264 155.66 156.317 153.704 153.93 154.615 155.025 155.348 155.891 
160.399 160.222 159.995 160.012 159.83 159.753 159.954 160.266 160.154 160.076 160.233 160.162 159.21 159.578 159.819 159.794 159.75 160.227 158.648 158.829 159.027 158.898 159.211 159.714 157.564 157.741 158.721 158.589 159.295 159.802 157.466 157.844 158.39 158.529 159.122 159.347 
164.486 164.519 164.723 164.892 164.581 164.289 164.162 164.712 165.036 164.882 164.586 164.284 163.667 163.948 164.322 164.227 164.205 164.24 162.818 162.696 163.158 163.123 163.3 163.55 161.981 161.903 162.241 162.369 162.555 163.064 161.845 161.802 161.882 162.166 162.417 162.508 
172.243 172.42 172.643 172.878 172.503 172.112 172.032 172.46 172.677 172.79 172.17 171.411 171.503 171.781 171.902 171.559 171.296 171.029 170.397 170.22 170.07 169.739 169.766 169.994 169.363 168.95 168.695 168.575 168.731 169.416 168.912 168.484 168.336 168.431 168.261 168.439 
191.256 191.179 191.257 191.267 190.651 189.468 190.494 191.017 190.983 190.877 190.347 189.337 189.617 190.303 190.867 190.45 189.699 189.259 188.745 189.041 189.028 188.784 187.558 187.76 187.932 187.764 186.632 186.398 186.393 187.312 187.209 186.99 186.358 186.622 186.395 186.772 
202.892 202.944 201.052 200.718 201.078 201.16 200.811 203.817 201.576 201.553 201.99 200.885 201.25 201.129 201.743 201.412 201.307 200.641 200.729 200.701 200.558 199.247 199.731 200.117 199.696 200.066 198.485 197.985 199.621 200.084 199.218 198.687 198.112 197.877 198.18 199.877 
208.751 207.628 205.539 203.706 206.251 204.229 207.411 207.539 206.12 204.941 206.616 203.287 205.578 205.565 205.245 204.941 205.377 203.412 205.809 204.431 202.988 203.554 204.292 203.997 206.222 204.962 205.213 202.648 203.556 204.124 206.238 206.442 206.313 204.817 205.311 205.893 
213.705 213.406 212.136 211.241 211.077 210.958 214.041 214.05 212.843 212.256 211.644 210.641 214.119 213.624 212.692 212.557 211.98 210.424 213.284 212.689 211.921 211.399 211.001 210.118 212.933 212.463 211.758 210.658 209.976 209.796 212.944 212.914 212.167 210.39 209.906 209.917 
220.543 220.834 219.763 218.894 218.67 217.706 221.059 221.309 220.08 219.358 219.152 217.842 221.299 221.26 219.871 219.25 218.793 217.799 220.995 220.786 219.15 218.348 217.921 217.074 220.506 220.608 219.122 217.827 216.743 215.964 220.268 220.487 219.251 217.625 216.398 215.893 
227.853 228.58 228.124 227.395 226.917 225.377 228.048 229.932 228.8 227.963 226.469 225.523 227.831 229.083 227.754 226.676 225.388 225.203 227.786 228.089 227.139 225.839 225.274 224.719 227.705 227.716 226.886 225.128 224.316 223.499 227.942 227.806 227.033 225.024 223.299 222.56 
237.602 237.855 238.423 237.543 237.554 236.126 238.54 239.464 239.089 238.224 237.276 236.493 237.761 239.486 239.348 238.145 235.818 235.811 237.638 238.854 238.675 237.17 235.843 234.769 237.223 237.989 237.524 235.307 234.178 233.259 237.607 237.748 237.796 235.472 233.628 233.293 
250.79 250.369 248.813 248.726 249.851 250.331 250.201 249.561 248.193 250.282 250.272 251.455 248.679 249.036 249.847 249.727 251.21 251.302 251.42 249.939 250.641 249.493 250.395 250.508 251.442 251.414 248.145 250.103 248.859 250.417 251.221 248.666 250.087 247.579 247.909 249.975 
254.096 253.97 253.955 254.037 254.197 254.302 254.409 254.469 254.27 254.112 254.256 254.617 254.449 254.75 254.558 254.267 254.346 254.486 254.757 254.965 254.774 254.594 254.619 254.079 254.301 254.807 254.707 254.49 254.153 253.919 254.395 254.578 254.719 254.063 253.755 254.256 
113.36 114.76 114.819 115.615 118.381 119.611 154.85 155.678 160.13 159.048 159.847 161.302 155.907 159.879 160.445 159.678 161.153 162.132 158.421 159.584 160.594 162.091 162.23 162.529 159.214 158.728 160.054 161.444 163.019 161.375 158.88 157.796 157.31 159.235 160.012 160.321 
122.003 122.732 123.542 124.941 125.546 124.476 147.797 147.893 148.309 149.986 149.328 148.784 151.794 151.67 152.248 151.733 150.091 151.26 152.027 151.416 152.233 151.378 151.268 150.691 151.494 151.036 151.542 150.842 149.6 150.145 150.271 150.186 149.506 149.989 149.981 149.775 
147.967 148.55 148.987 149.284 148.796 147.824 147.57 148.424 149.198 149.281 148.627 147.929 146.714 146.997 148.378 148.428 148.076 147.551 146.54 146.766 147.118 146.936 147.248 147.135 146.662 146.078 145.878 146.427 146.436 146.874 146.437 145.694 145.622 145.969 145.942 146.23 
149.013 149.429 150.01 150.475 150.607 149.871 149.043 149.353 150.113 150.522 150.808 150.144 148.285 148.42 149.242 150.101 150.612 150.37 147.987 148.225 148.336 149.099 149.851 150.003 147.695 147.396 147.399 148.332 149.005 149.092 148.007 147.867 147.91 148.361 148.555 148.577 
150.465 150.917 151.26 151.696 152.167 152.058 150.331 150.931 151.312 151.704 152.523 152.546 150.446 150.49 151.107 151.833 152.72 152.952 150.441 150.714 151.003 152.056 152.901 153.046 150.607 150.563 150.982 151.778 152.277 152.663 150.834 150.882 151.174 151.638 152.069 152.559 
154.156 154.216 154.581 154.539 154.736 155.072 153.801 154.176 154.469 154.696 155.319 155.561 153.453 153.888 154.5 154.924 155.646 156.229 153.466 154.252 154.559 155.404 156.069 156.302 153.914 154.57 155.732 155.939 156.367 156.399 154.024 154.688 155.412 155.708 156.266 156.411 
157.99 157.982 158.21 158.043 158.08 158.378 157.572 157.958 157.924 157.741 158.304 158.918 157.009 157.393 157.882 158 158.588 159.383 157.234 157.824 158.342 158.503 159.062 159.497 157.278 157.739 158.778 159.017 159.746 159.925 157.47 157.959 158.16 159.083 159.746 159.989 
162.793 163.572 161.251 161.481 163.996 162.932 160.9 161.647 161.796 162.354 162.566 162.761 160.445 159.627 162.704 163.923 163.868 163.833 159.913 161.164 162.191 160.745 162.672 164.927 161.644 161.239 161.9 160.482 163.297 165.22 164.616 165.371 164.005 163.527 166.197 166.208 
172.12 171.731 172.35 173.668 174.405 173.717 171.536 171.82 172.608 173.287 174.164 173.414 171.698 171.946 172.589 173.497 174.368 173.995 171.998 171.807 172.254 172.806 173.413 174.013 172.273 172.127 172.191 172.074 172.364 174.682 171.363 171.583 171.927 172.874 173.468 174.369 
190.998 191.455 190.261 190.679 191.572 191.699 189.444 192.314 190.357 190.927 192.194 191.45 190.171 189.929 190.466 190.613 191.897 191.586 190.143 189.798 189.877 189.155 190.514 191.312 189.418 189.318 187.803 188.444 190.549 191.458 188.605 188.267 187.792 188.083 188.816 190.993 
200.491 199.995 198.749 197.533 200.633 198.899 198.705 200.334 198.912 198.353 201.037 198.175 197.559 197.535 197.953 198.068 199.507 198.145 198.337 197.231 196.201 196.908 198.724 199.015 198.773 197.903 197.7 196.302 198.547 199.419 198.697 199.351 199.037 198.537 199.44 200.424 
204.078 204.231 202.336 200.48 204.352 202.341 203.127 204.117 202.776 201.973 203.508 201.282 201.489 202.106 201.674 201.604 202.921 201.228 202.361 202.019 200.709 201.11 202.832 202.358 203.725 203.352 203.313 201.23 202.128 201.739 204.192 204.636 204.762 203.975 203.625 204.068 
210.494 210.229 209.133 208.311 210.075 208.574 210.016 210.042 209.095 208.607 210.275 207.899 209.11 209.059 208.142 208.439 209.438 208.217 209.547 208.905 207.527 207.837 208.425 208.336 210.057 209.666 209.279 207.67 207.992 207.917 209.918 210.429 210.269 209.252 209.484 209.353 
217.623 218.014 217.743 217.763 218.015 217.473 217.759 218.415 217.856 217.871 218.134 217.603 218.017 217.907 216.953 217.104 217.666 217.74 218.15 217.521 216.698 216.649 216.709 217.309 217.954 217.506 216.631 216.444 215.967 216.441 218.01 218.014 217.365 216.944 216.176 216.17 
223.97 224.479 224.438 224.455 224.522 223.142 224.344 224.828 224.184 224.132 224.543 223.544 224.263 224.637 223.783 223.134 223.371 223.488 224.282 224.119 223.332 222.887 222.756 223.028 224.013 223.727 223.435 222.78 222.102 222.149 223.605 223.635 223.598 223.483 222.396 221.578 
236.77 236.508 234.344 234.298 235.463 235.036 235.733 235.375 233.003 235.926 235.671 236.782 233.577 233.855 234.138 234.441 236.274 237.151 236.341 233.868 234.791 233.803 234.942 236.254 236.731 235.733 231.587 234.469 233.305 235.922 236.418 232.525 234.062 231.622 232.291 235.084 
245.24 244.477 241.675 241.996 243.85 244.299 244.213 242.983 240.445 244.4 244.673 246.37 241.852 241.884 242.902 243.41 245.526 246.066 245.627 243.173 244.165 242.981 244.146 245.48 246.051 245.589 240.593 244.279 242.382 245.616 245.561 241.429 243.44 240.261 241 244.746 
251.473 251.086 249.584 249.507 250.185 250.715 250.856 250.166 248.945 251.02 250.701 251.919 249.438 249.652 250.376 250.455 251.864 252.258 252.251 250.633 251.129 249.987 251.21 251.749 252.272 252.233 248.956 251.163 250.338 251.922 251.804 249.229 250.555 248.816 249.349 251.253 
137.209 138.288 139.527 142.231 143.725 143.537 139.605 140.053 141.165 143.88 143.998 144.394 141.548 141.828 142.671 142.418 141.595 143.825 142.197 141.671 142.836 142.643 143.892 143.299 142.123 141.833 142.899 142.799 141.955 142.98 140.673 141.093 140.817 142.26 142.357 142.408 
139.774 140.741 141.26 142.987 142.184 141.613 142.755 142.89 142.695 144.179 143.392 142.521 144.014 143.857 143.572 143.301 142.623 141.345 142.011 143.181 143.254 143.104 142.777 141.123 141.084 143.107 142.872 143.544 142.108 140.901 141.452 141.864 141.469 141.927 140.754 140.095 
144.607 145.122 145.875 146.655 146.584 145.577 145.252 145.713 146.309 147.379 146.771 146.216 145.491 145.777 146.612 146.596 145.434 145.656 144.981 145.327 145.967 145.799 145.546 144.867 144.68 144.545 145.048 145.161 144.324 144.212 144.032 143.704 143.888 144.385 144.25 143.831 
145.913 146.363 146.722 146.688 147.168 147.459 146.316 146.68 147.187 147.52 147.844 147.861 146.36 146.577 147.102 147.725 147.923 148.437 145.969 146.423 146.908 147.864 148.067 148.465 145.583 145.846 146.437 147.588 147.539 148.074 145.755 145.921 146.338 147.189 147.51 147.941 
147.431 147.579 147.735 148.408 148.742 149.055 147.31 147.212 147.925 148.712 149.327 149.458 147.685 147.788 148.114 149.095 150.083 150.455 147.768 148.505 148.584 149.939 151.082 151.112 148.551 149.385 150.032 150.911 151.196 150.948 148.901 149.418 150.322 150.882 151.262 151.172 
151.023 150.799 151.156 151.214 151.713 152.529 151.053 151.127 151.051 151.284 151.888 152.668 151.414 151.514 151.546 151.744 152.791 153.514 151.862 152.32 152.218 153.14 154.213 154.235 152.841 153.57 154.253 154.728 154.723 154.658 152.754 153.21 153.684 154.016 154.737 154.795 
159.106 160.009 157.041 156.683 158.697 158.576 157.312 157.92 157.498 157.546 157.539 158.602 156.813 155.993 158.578 159.714 159.356 159.348 156.635 157.665 158.558 157.287 158.283 160.812 158.746 158.149 158.677 156.889 159.139 160.974 161.057 162.194 160.665 159.524 162.145 162.542 
162.892 163.656 161.118 161.636 164.718 163.755 160.64 161.246 161.57 162.261 162.884 163.387 160.518 159.716 162.758 164.253 164.611 164.564 160.374 161.643 162.625 161.21 163.492 166.183 162.912 162.442 162.884 161.209 164.049 167.098 165.696 166.534 165.023 165.011 167.936 168.311 
167.134 167.767 165.146 165.878 169.036 167.934 165.021 165.585 166.037 167.005 167.385 167.731 165.06 164.322 167.257 168.666 169.164 169.12 164.723 165.785 166.789 165.262 167.405 170.246 166.595 166.046 166.563 164.774 167.53 171.16 169.164 169.763 168.53 168.63 171.312 172.253 
182.021 183.014 182.736 183.396 181.79 181.447 181.163 182.819 182.311 182.9 183.508 182.218 183.251 182.825 183.812 184.296 184.565 185.152 182.891 183.484 182.336 183.823 183.872 182.855 182.917 181.573 180.296 181.135 181.692 183.332 183.256 182.339 181.164 180.999 183.659 183.981 
194.949 197.137 194.458 193.348 195.698 194.672 195.062 196.369 194.634 193.391 192.909 195.383 194.921 196.014 195.459 193.62 195.28 196.074 195.784 197.418 196.726 195.115 196.758 195.887 196.116 197.419 196.075 194.759 195.572 193.754 195.783 195.411 194.696 195.929 194.461 195.134 
202.153 202.485 200.417 198.399 202.54 199.372 201.167 201.322 199.758 198.556 200.422 198.349 199.23 199.848 199.192 198.422 200.288 198.871 200.718 200.933 199.437 199.386 200.725 199.823 202.187 202.364 202.539 199.395 200.014 199.022 202.62 202.903 203.272 202.59 201.813 201.8 
204.468 206.325 204.841 204.416 205.736 204.526 205.078 205.175 204.374 204.013 203.309 204.798 204.606 205.763 204.94 204.459 205.242 205.579 206.001 207.319 206.756 205.761 206.141 205.226 206.773 207.886 207.242 205.913 205.231 203.195 206.968 206.641 206.696 207.412 205.59 204.866 
212.794 214.09 214.781 214.715 214.542 214.27 213.957 213.832 213.707 213.935 214.345 214.724 214.112 213.962 213.508 214.024 214.646 214.948 215.802 215.059 214.602 214.813 214.961 214.842 215.773 215.569 215.599 216.194 215.206 214.795 215.753 214.929 215.304 216.645 215.519 214.954 
221.607 221.337 222.762 222.849 221.095 221.902 221.479 222.119 222.305 222.365 222.383 221.692 221.07 221.469 221.071 221.336 221.334 221.907 222.005 221.502 221.525 222.425 222.895 222.795 222.641 221.677 222.491 223.227 223.424 223.801 222.117 220.579 221.556 223.346 223.723 223.407 
228.649 229.239 229.245 228.902 228.523 228.101 228.461 228.987 228.43 228.283 228.762 228.87 228.691 228.671 227.808 228.722 229.407 229.217 228.561 228.149 228.29 230.46 230.446 230.195 228.521 228.86 229.532 230.356 231.049 231.654 228.312 228.526 228.435 229.558 230.376 231.681 
239.091 238.71 236.838 237.201 238.554 238.737 238.163 237.656 236.114 239.223 239.287 240.761 236.768 236.597 237.669 238.453 240.578 241.317 239.934 237.839 239.389 238.91 240.268 241.133 240.346 240.599 237.121 240.513 239.3 241.541 239.972 236.751 238.915 237.252 238.014 240.608 
241.494 242.636 244.401 242.74 243.574 240.661 241.955 243.037 241.841 242.353 243.112 243.37 242.922 244.546 242.978 240.806 241.674 242.493 243.994 246.54 246.205 242.94 244.237 242.923 245.394 246.207 247.478 246.497 247.197 246.931 243.71 244.353 246.656 247.27 246.416 247.975 
135.635 136.766 137.44 139.52 139.21 139.505 138.435 138.482 138.628 140.001 140.384 140.581 138.927 138.972 138.822 139.678 141.019 140.098 137.319 138.84 138.913 140.058 141.01 140.543 136.819 139.296 139.683 141.511 141.721 140.714 138.276 139.077 139.506 140.431 140.008 140 
136.216 136.995 137.347 138.789 137.741 137.997 139.174 139.074 138.849 139.73 138.668 138.349 140.156 140.468 140.574 140.62 138.968 138.064 138.264 141.095 142.182 141.041 138.399 138.06 137.61 140.921 141.747 140.757 139.239 139.181 139.435 140.265 140.56 139.664 138.743 139.091 
140.728 141.475 141.82 141.908 141.314 141.47 142.802 142.69 142.722 142.738 142.401 142.188 143.292 143.29 142.879 142.813 142.901 141.845 141.572 142.717 142.84 143.267 142.757 142.02 140.613 142.424 142.424 143.671 142.92 142.207 141.388 141.795 141.843 142.577 142.179 141.8 
143.13 143.707 143.94 143.39 143.877 144.5 143.707 143.537 144.688 144.413 144.681 145.016 143.656 144.032 144.342 144.696 145.217 145.894 143.541 143.988 144.472 145.368 145.566 146.443 142.986 143.775 144.412 145.644 145.857 146.456 143.304 143.7 144.214 145.683 146.322 146.488 
144.616 145.054 145.201 144.791 145.212 145.699 144.992 144.806 145.571 145.552 145.865 146.095 145.464 145.444 145.599 145.944 146.229 146.917 145.736 146.083 146.245 146.821 147.055 147.752 145.932 146.689 147.082 147.56 147.353 147.883 146.332 146.82 147.05 147.43 147.863 148.08 
152.593 152.501 151.238 150.2 149.279 150.606 152.076 152.083 151.418 150.061 149.663 150.925 151.773 151.895 151.638 151.362 150.589 150.628 152.596 152.406 152.579 152.55 150.869 151.768 153.32 153.293 153.485 152.293 151.671 151.909 152.428 153.514 153.206 151.62 152.199 153.096 
155.843 155.701 154.11 152.493 151.415 152.57 154.896 154.825 153.713 151.697 151.629 153.383 154.731 154.567 153.939 153.401 152.38 152.382 155.995 155.248 155.21 154.397 151.938 153.535 156.166 155.691 155.59 154.105 153.41 153.74 154.873 155.647 154.858 153.091 154.019 154.993 
161.317 162.47 158.861 158.272 160.486 160.003 159.032 159.806 159.271 158.735 158.69 159.979 158.601 157.689 160.328 161.082 160.541 160.47 158.554 159.46 160.229 158.415 159.173 162.087 160.529 159.796 159.939 157.813 160.32 162.489 162.934 164.111 162.27 160.639 163.508 164.177 
172.398 173.688 172.796 173.073 170.494 170.27 171.258 173.139 172.241 172.203 172.443 170.641 173.636 173.109 173.686 174.023 173.434 173.991 173.332 174.041 172.324 174.026 173.052 171.876 173.938 172.507 171.012 171.699 171.366 172.914 174.823 173.439 172.442 171.432 174.382 174.289 
179.035 179.853 180.089 178.049 175.783 176.664 179.607 182.352 182.069 178.183 178.017 176.776 181.242 180.856 181.193 181.375 180.557 181.033 180.049 182.204 180.089 179.265 177.966 177.551 179.656 178.05 174.704 173.414 174.141 177.802 180.842 178.582 176.309 177.72 179.177 180.064 
183.628 184.303 185.789 184.624 184.37 186.134 183.874 185.933 187.958 183.031 182.337 183.123 187.519 187.841 188.721 188.579 180.732 182.102 184.507 188.516 185.689 185.404 186.363 184.06 184.996 185.464 182.279 182.1 184.366 187.061 187.891 186.245 183.229 180.636 182.61 184.707 
196.686 199.071 196.971 195.68 197.684 193.393 197.837 197.413 195.202 194.767 192.643 193.14 198.029 198.439 196.678 194.364 195.382 194.557 197.421 199.34 198.577 196.48 196.979 195.012 198.368 199.69 199.18 196.8 195.763 192.897 199.619 198.108 199.05 198.231 196.028 195.65 
201.214 202.042 203.771 203.857 203.515 202.109 202.764 201.665 201.448 202.338 201.734 201.776 203.445 202.552 201.882 202.034 202.574 202.27 203.836 202.988 203.484 203.087 202.745 202.689 204.387 204.154 205.123 205.698 204.016 203.421 205.885 204.474 205.63 205.353 204.413 204.026 
210.558 209.716 213.112 213.076 209.458 212.527 211.165 210.623 212.395 213.441 212.079 211.301 210.367 210.9 211.432 212.75 211.167 210.924 212.817 212.337 212.573 213.435 213.799 213.012 214.659 213.521 214.338 216.161 215.117 214.923 214.586 212.443 213.309 215.937 215.267 215.425 
216.458 216.112 219.181 218.873 215.718 217.849 217.763 217.527 218.91 219.511 218.426 217.711 217.032 217.771 217.989 219.049 218.113 217.556 219.093 218.884 219.095 220.487 220.975 219.865 220.855 220.243 220.866 222.404 222.34 222.166 220.177 218.298 219.153 221.674 221.85 222.554 
224.882 223.844 225.684 225.659 223.308 224.829 224.807 224.893 225.858 226.025 225.796 224.941 224.474 225.006 224.776 225.882 225.543 225.298 225.601 225.659 226.092 228.058 228.532 227.11 226.954 227.199 227.505 229.119 229.515 229.261 226.73 225.787 225.976 227.861 228.47 230.015 
232.955 233.544 234.999 233.201 233.895 231.955 232.892 233.781 232.72 232.866 234.083 234.06 233.304 234.636 232.897 232.071 233.208 232.981 234.019 235.879 236.155 235.569 235.908 233.685 235.852 236.933 237.744 237.916 238.258 237.59 235.059 235.377 236.068 237.034 236.2 238.52 
236.831 237.407 239.866 237.54 238.385 235.407 237.648 238.63 237.58 237.473 237.95 238.238 238.406 240.588 238.571 235.403 235.997 237.073 240.094 243.158 243.065 238.724 240.003 237.367 242.043 242.943 244.351 243.033 243.387 241.889 240.034 240.49 243.36 244.166 242.339 243.412 
133.796 134.656 135.393 136.637 136.576 137.905 135.563 136.159 136.625 137.169 136.841 137.512 136.04 136.878 137.849 138.114 137.216 137.555 135.114 137.494 139.579 138.704 137.179 137.674 135.023 137.581 139.571 138.646 138.116 139.054 136.931 137.7 138.98 138.661 138.507 139.576 
135.391 135.95 136.247 137.027 136.27 136.647 137.846 137.82 137.45 137.778 137.121 136.924 138.654 138.972 138.939 138.98 137.604 136.749 137.028 139.484 140.429 139.615 137.066 136.854 136.718 139.77 140.329 139.294 137.838 137.93 138.574 139.388 139.641 138.651 137.667 138.181 
137.359 137.473 137.542 137.606 137.398 137.924 138.448 138.494 138.499 138.095 137.668 138.095 138.828 139.353 139.193 139.043 138.306 138.349 138.038 139.683 140.037 139.281 137.701 138.01 137.751 139.262 139.606 138.862 138.143 138.738 138.849 139.24 139.256 138.901 138.654 139.348 
141.353 141.581 141.959 141.261 141.527 142.209 141.625 141.66 142.302 141.857 142.036 142.377 142.051 142.184 142.213 142.11 142.23 142.785 142.171 142.12 142.129 142.463 142.32 143.027 141.792 142.153 142.024 142.564 142.335 143.03 141.947 142.232 142.141 142.641 142.839 143.236 
143.115 143.495 143.393 143.581 143.688 143.395 142.922 143.178 143.968 143.58 143.449 143.475 143.638 143.33 143.392 143.421 143.272 143.42 144.327 143.794 143.122 143.049 143.403 143.85 144.963 144.921 143.848 143.579 143.735 143.989 145.223 145.289 144.714 144.314 144.02 144.114 
149.52 149.097 148.78 147.747 147.567 145.627 147.433 146.753 147.909 147.905 147.105 146.287 149.428 148.642 148.223 148.182 146.75 146.172 150.25 149.413 148.465 147.021 146.126 147.278 150.177 149.694 149.117 148.731 148.355 148.35 150.397 150.245 149.477 149.005 148.66 148.145 
155.424 155.227 153.611 152.147 151.154 151.879 154.477 154.363 153.537 151.702 150.933 152.181 154.54 154.264 153.802 152.826 151.418 151.42 155.571 154.846 154.406 153.412 151.003 152.557 155.696 155.172 154.721 153.474 152.719 152.94 154.645 155.171 154.528 152.86 153.065 153.726 
161.194 160.9 160.248 158.944 158.211 155.982 159.52 158.962 159.21 158.668 157.784 156.739 161.091 160.528 159.686 159.026 157.683 156.567 161.984 161.214 160.339 158.683 156.913 157.488 161.993 161.283 160.61 160.249 159.235 158.997 162.217 161.6 161.202 160.494 159.9 159.119 
172.072 171.83 171.997 169.669 168.392 169.01 173.117 174.69 174.549 170.053 169.495 168.696 173.458 173.266 172.899 172.307 171.517 171.022 173.312 174.73 173.293 171.005 169.717 169.496 173.172 172.293 169.369 167.142 167.241 169.804 173.591 172.182 170.464 171.993 170.955 171.512 
176.928 178.074 179.349 177.865 178.308 180.764 177.731 180.267 183.121 176.82 175.08 176.585 180.374 182.221 182.545 182.275 175.449 174.652 178.243 181.874 179.271 178.045 180.985 178.109 180.782 179.573 175.101 173.459 176.929 179.142 182.147 180.824 176.72 174.843 175.191 177.67 
180.203 180.473 182.32 180.379 180.838 183.811 181.933 183.921 186.931 180.162 179.153 180.405 183.973 185.072 185.894 185.768 177.616 178.604 181.75 185.856 183.585 181.175 182.273 180.887 182.652 183.136 179.503 177.621 179.879 183.594 184.851 183.31 180.091 179.335 179.079 181.782 
185.94 185.855 187.938 186.771 187.749 188.607 186.934 187.822 190.294 185.601 184.402 185.034 189.544 189.937 190.472 189.907 182.402 182.604 186.69 190.066 188.554 186.801 188.053 185.992 187.621 188.669 186.552 185.47 187.228 189.237 190.433 189.008 187.258 184.334 184.616 186.754 
194.795 195.107 195.416 195.497 195.317 195.022 196.01 195.253 195.334 196.497 195.653 194.274 196.528 195.82 195.943 195.726 195.637 195.365 196.718 195.739 196.439 195.569 195.64 195.575 197.853 197.119 198.36 198.071 197.146 196.414 198.596 198.12 199.177 198.308 198.223 197.233 
199.272 200.1 201.442 201.19 201.103 201.669 202.046 201.292 201.9 202.599 202.354 203.585 202.438 202.428 202.188 202.573 203.025 203.751 204.62 203.237 203.679 203.762 203.876 204.452 205.582 204.922 205.6 207.207 205.574 205.217 206.043 205.426 205.777 207.149 205.738 205.887 
208.514 206.219 209.374 209.281 205.258 208.98 212.16 211.736 213.64 214.464 213.369 211.669 211.642 212.391 213.405 214.58 212.996 212.38 213.603 214.047 214.622 215.479 216.085 214.872 215.706 215.134 215.593 217.243 217.296 217.184 214.863 213.478 214.303 216.604 217.261 217.636 
222.288 222.713 221.774 220.009 219.929 219.417 227.41 227.72 226.7 224.583 226.855 226.343 229.588 228.882 225.183 227.247 229.832 227.916 228.913 227.888 227.342 231.051 231.676 229.262 228.001 229.422 229.694 230.404 231.338 232.53 228.665 229.69 225.824 227.42 228.664 233.911 
237.986 237.608 236.983 236.69 236.463 236.321 238.912 239.007 238.779 238.33 237.591 237.454 239.536 239.291 239.197 238.721 238.321 238.139 239.681 239.89 240.831 240.411 239.771 238.9 239.897 240.767 241.372 240.997 239.966 239.172 191.981 192.483 192.884 193.058 192.068 191.594 
239.318 240.537 243.353 238.405 238.636 233.654 241.115 242.22 239.329 238.181 238.313 237.909 239.889 243.922 241.002 235.172 234.49 234.475 240.816 246.29 244.929 237.831 237.494 233.705 243.649 244.238 245.65 242.492 242.21 240.403 241.083 241.354 243.716 243.878 241.356 242.777 
130.056 131.963 133.097 134.594 135.187 137.218 130.355 132.476 133.224 134.453 135.042 136.825 130.101 132.108 133.702 134.318 135.159 135.989 130.225 131.055 134.269 135.097 136.21 136.395 130.162 131.836 135.501 136.894 137.009 137.54 131.912 132.396 135.857 137.929 138.405 138.651 
134.105 134.45 134.644 134.961 135.133 135.885 135.542 135.724 135.735 135.69 135.703 136.01 135.877 136.387 136.525 136.54 135.797 135.859 134.885 136.553 137.327 136.558 135.231 135.619 134.88 136.458 137.353 136.279 135.547 136.416 136.239 136.741 137.022 136.613 136.293 136.958 
136.343 136.287 136.031 135.796 136.193 136.467 136.383 136.584 136.371 136.079 136.834 137.149 136.168 137.276 136.753 136.338 136.684 136.848 136.01 136.608 136.045 136.032 135.937 136.208 135.904 135.8 135.485 135.585 135.356 135.828 136.505 136.463 136.022 136.237 136.52 136.838 
138.566 138.998 138.801 139.133 139.607 139.334 138.624 139.231 139.362 139.128 139.625 139.709 139.077 139.039 138.701 138.807 139.037 138.997 139.203 138.634 137.69 137.634 138.023 138.547 138.986 138.471 137.41 137.283 137.462 138.031 139.093 138.943 138.188 137.955 137.985 138.364 
140.847 141.399 141.435 142.115 142.427 141.725 141.042 141.608 141.997 141.857 142.172 141.845 141.85 141.393 141.293 141.45 140.96 140.524 142.151 141.168 140.333 139.927 140.141 140.521 142.689 142.078 140.601 140.056 139.943 140.158 142.833 142.762 141.833 140.859 140.15 140.049 
146.643 146.883 144.461 144.023 144.134 142.585 148.604 146.529 145.614 143.936 144.739 144.959 148.719 146.053 145.973 144.253 144.236 143.53 149.086 146.474 143.752 141.45 140.208 139.13 146.493 143.275 139.853 139.322 138.246 136.536 144.939 142.102 138.395 137.048 136.456 135.338 
154.143 153.554 152.83 151.164 150.204 146.62 151.319 150.162 151.194 151.073 149.602 147.849 153.786 152.625 151.556 150.972 149.163 147.653 154.538 153.108 151.784 149.142 147.323 148.641 153.739 152.738 151.673 151.123 150.272 150.135 154.336 153.44 152.075 151.505 150.786 149.814 
159.404 158.566 157.239 156.121 154.948 153.996 159.304 158.563 157.835 157.031 155.088 154.188 159.389 158.946 158.405 156.534 155.224 154.302 160.042 159.692 158.752 157.314 155.319 154.527 160.37 159.664 158.402 157.833 155.985 155.283 160.751 160.064 158.72 157.589 155.946 155.307 
169.211 170.629 169.371 168.983 168.753 167.401 169.049 169.893 168.813 168.42 166.169 165.465 170.044 170.945 169.346 168.184 169.827 165.907 170.182 169.254 168.402 168.255 170.519 167.76 173.626 169.523 167.36 166.123 167.116 164.91 172 171.741 169.833 167.858 167.41 166.938 
173.404 175.166 174.461 173.432 173.146 172.349 173.752 175.614 175.051 172.993 170.926 170.396 174.751 175.851 174.499 173.731 175.622 171.769 174.76 174.587 173.4 172.743 175.57 172.95 178.004 173.761 170.543 168.635 170.645 169.756 176.583 176.069 173.513 172.864 172.459 172.648 
176.964 178.012 179.133 178.165 179.295 181.514 177.768 179.597 182.466 177.217 175.568 177.537 180.196 181.958 182.226 181.963 175.276 174.702 178.43 181.547 179.484 178.533 181.676 179.055 180.934 180.217 176.827 175.752 179.027 180.352 182.213 181.478 178.003 175.918 175.959 178.223 
185.135 185.931 185.782 186.077 186.457 185.551 187.112 186.771 186.188 187.876 187.13 185.589 187.665 186.962 187.272 186.743 186.515 186.137 188.287 187.372 187.906 186.52 186.738 186.287 189.179 188.155 189.268 188.561 187.147 186.223 189.243 189.092 189.772 188.615 187.808 187.449 
187.978 188.302 188.857 189.214 189.598 189.926 187.802 188.391 189.41 189.493 189.873 190.364 188.782 189.438 189.942 189.571 190.315 190.872 190.196 190.292 191.132 190.932 190.957 191.074 191.247 191.684 192.223 192.286 192.749 192.102 191.46 192.038 192.487 192.608 192.912 192.161 
188.89 188.108 188.314 189.09 189.121 190.106 189.622 188.323 189.035 190.043 190.799 191.283 192.147 190.76 190.001 191.134 191.596 192.145 192.471 191.958 192.489 192.378 191.966 191.927 193.254 193.457 193.836 194.313 193.671 192.434 192.874 193.635 193.958 193.936 192.414 192.147 
187.035 187.136 187.044 187.256 187.058 187.614 193.834 194.463 194.816 195.059 194.574 194.938 194.648 195.526 195.756 196.381 196.365 196.227 194.947 195.347 196.075 196.288 196.202 196.125 194.646 194.742 194.698 195.901 195.843 196.027 194.205 194.167 194.194 194.513 194.515 195.063 
208.514 206.145 204.666 202.948 200.663 201.827 207.754 205.805 204.995 204.607 202.72 203.408 207.956 205.672 203.823 202.718 203.322 204.045 206.087 204.071 201.829 200.855 203.8 203.581 205.186 203.793 201.366 203.197 204.785 203.365 158.467 156.721 154.91 154.297 155.18 155.463 
254.258 254.451 254.177 253.963 253.689 253.358 254.115 254.41 254.163 253.943 253.663 253.391 252.294 254.187 254.07 253.831 253.476 252.989 251.912 251.9 253.653 253.396 253.091 252.532 251.307 251.473 251.373 252.749 252.361 252.133 7.9378 7.80792 7.71594 7.50413 9.17065 9.08092 
251.94 251.577 250.862 248.483 247.214 140.633 252.289 252.229 251.407 249.777 247.092 140.737 251.918 252.164 251.434 249.697 248.108 140.686 251.603 251.959 250.972 249.318 247.782 140.653 251.211 251.461 250.869 248.85 247.664 141.573 163.123 163.618 162.931 161.872 160.6 54.2109 
127.528 128.704 129.728 131.469 132.545 134.383 127.596 129.235 129.861 131.631 132.508 134.086 127.311 128.946 130.424 131.43 132.417 133.189 127.352 128.003 130.837 131.528 133.09 133.278 127.283 128.681 131.496 133.005 133.586 133.969 128.493 129.103 131.818 134.018 134.775 134.629 
130.96 130.123 130.389 130.634 131.776 132.234 131.314 130.306 131.124 131.529 132.136 132.073 130.708 130.471 131.366 131.65 132.15 132.609 130.439 130.541 131.07 131.31 132.164 132.261 129.812 130.708 131.765 130.967 131.494 132.104 130.687 131.003 131.404 132.164 132.114 132.398 
133.926 133.957 133.707 133.672 133.989 133.952 133.81 134.18 134.066 134.013 134.531 134.507 133.407 134.183 133.787 133.693 134.2 134.343 133.011 133.482 132.951 133.098 133.447 133.645 132.884 132.44 132.258 132.35 132.572 133.054 133.136 132.834 132.38 132.517 133.153 133.506 
134.999 134.665 135.572 134.873 133.813 133.853 133.703 134.811 135.591 134.326 133.818 134.059 134.419 135.002 135.626 134.517 134.35 133.751 134.378 134.227 134.275 134.631 133.531 133.153 133.679 132.474 132.174 132.54 132.956 132.596 133.199 132.584 131.4 131.057 131.463 132.181 
142.21 142.618 140.484 140.03 140.063 138.161 143.786 142.266 141.495 139.85 140.773 140.567 143.775 141.505 141.409 139.928 140.028 139.072 144.11 141.937 139.34 137.178 135.905 134.407 141.426 138.195 135.128 134.553 133.346 131.405 139.54 136.669 133.324 131.98 131.439 130.343 
146.771 146.096 142.859 141.764 141.342 139.277 149.06 145.648 143.587 141.432 142.182 142.176 148.412 145.274 144.016 141.695 141.829 140.709 148.393 145.524 141.856 138.596 136.578 134.455 144.302 140.129 136.234 135.626 133.903 131.007 142.071 138.086 133.751 132.091 131.487 129.625 
148.945 149.234 144.789 142.439 141.17 139.647 151.204 147.294 145.996 143.338 142.784 142.149 150.526 146.958 145.276 142.481 142.587 140.624 150.35 148.028 143.884 141.161 138.083 135.823 146.993 143.646 140.115 138.498 135.921 133.443 145.074 141.678 137.205 135.473 134.431 132.368 
153.076 151.138 149.049 147.217 144.43 143.212 153.649 150.85 149.075 147.609 145.718 143.993 154.078 151.936 149.731 147.931 144.975 143.958 154.929 152.89 150.707 149.351 145.822 144.908 155.717 153.614 151.073 149.604 147.648 146.059 155.36 152.911 152.278 149.921 148.375 146.674 
160.048 159.338 158.94 158.512 157.952 157.808 160.669 159.892 159.25 158.684 158.058 157.482 161.003 160.705 159.961 158.781 157.825 157.621 161.343 161.399 161.031 159.96 158.396 157.564 161.426 161.199 160.797 160.024 158.884 157.981 161.441 161.618 160.718 159.92 159.302 158.496 
168.709 170.779 170.471 170.777 171.435 170.496 168.818 170.118 169.568 169.915 168.445 168.229 170.325 171.284 170.109 169.884 172.066 168.303 170.15 169.422 169.06 169.7 172.94 170.236 173.327 169.59 168.216 167.64 169.507 167.34 171.94 171.942 170.918 169.787 169.575 169.37 
170.691 171.61 172.152 172.56 173.249 173.207 171.411 172.111 172.346 172.568 172.809 173.501 171.733 172.302 172.87 173.24 173.191 173.815 172.854 173.036 173.554 174.234 174.951 174.995 172.682 173.086 174.102 175.25 175.996 175.809 173.266 173.837 174.144 175.334 175.58 175.483 
174.964 175.602 176.434 177.563 178.87 179.273 175.447 175.823 176.637 177.405 178.601 179.783 175.47 176.076 177.119 177.91 179.731 180.731 176.259 177.262 178.401 179.462 181.368 182.352 177.94 178.309 179.48 180.927 182.702 183.677 178.624 179.462 180.3 181.742 182.691 183.886 
180.559 180.363 181.169 182.38 182.783 183.486 181.283 180.683 181.253 182.535 183.793 184.467 183.545 182.827 182.167 183.051 184.035 184.673 183.999 183.801 184.501 184.419 184.577 184.52 184.883 184.992 186.088 186.603 186.251 185.439 184.557 185.67 186.333 186.58 185.605 185.216 
182.428 181.753 181.92 182.82 182.901 182.99 182.986 181.77 182.018 183.199 183.673 183.931 184.917 183.866 182.854 183.288 183.711 184.157 184.793 184.524 184.921 184.168 183.583 183.386 185.732 185.615 185.834 185.921 184.977 184.041 185.139 185.866 186.089 185.909 184.142 183.793 
185.039 183.551 183.755 183.83 182.49 183.032 185.348 183.469 183.669 184.071 183.822 184.242 187.434 185.409 183.089 182.968 183.456 183.753 186.086 184.991 184.155 182.883 182.683 182.367 186.126 185.262 184.483 184.851 183.593 182.194 186.204 185.679 185.172 184.119 182.187 182.159 
190.775 189.284 187.839 185.91 183.248 183.598 189.403 188.063 187.043 185.958 183.564 184.177 188.944 187.003 184.391 182.79 182.672 183.114 186.473 184.843 181.577 179.989 182.29 181.74 185.651 184.129 181.129 182.296 183.207 181.888 186.986 185.112 183.1 181.501 181.668 181.488 
214.355 212.363 210.532 207.256 203.771 159.673 212.762 210.916 209.499 207.879 204.211 160.145 212.547 209.792 207.093 204.716 204.176 159.661 210.281 208.339 204.461 202.493 204.368 158.832 209.564 207.989 204.735 204.895 205.248 158.904 172.792 170.839 168.395 166.462 165.456 120.496 
237.093 236.047 233.847 229.542 225.913 96.2824 236.501 235.76 233.399 230.161 225.268 95.3267 236.15 235.084 232.173 228.731 226.23 94.3066 235.077 234.212 230.577 227.073 224.123 92.8837 233.883 232.896 229.806 225.714 223.053 93.4657 232.014 230.802 227.299 223.759 220.923 91.3034 
126.864 125.911 126.344 127.285 129.081 129.899 126.977 126.043 127.262 128.505 129.409 129.786 126.559 126.283 127.892 128.629 129.422 130.508 126.279 126.489 127.758 128.337 129.627 129.861 125.154 126.651 128.825 128.234 128.871 129.664 126.61 127.362 128.36 129.422 129.579 129.712 
128.593 127.561 127.607 128.149 129.381 129.7 128.773 127.477 128.307 129.131 129.564 129.624 128.254 127.609 128.493 129.045 129.549 130.167 127.994 127.818 128.433 128.589 129.706 129.77 126.999 127.889 129.115 128.295 128.945 129.706 127.999 128.383 128.674 129.316 129.347 129.699 
130.158 129.015 129.305 129.149 129.396 129.541 129.722 128.888 129.647 129.415 129.434 129.53 129.406 129.01 129.686 129.383 129.676 130.051 128.992 128.758 129.2 129.583 129.646 129.637 128.123 128.311 129.092 128.426 128.941 129.355 128.822 128.742 128.464 128.655 128.73 129.277 
132.046 131.699 132.357 131.428 130.01 129.524 130.591 131.715 132.295 131.024 130.155 130.322 131.306 131.68 132.117 131.156 130.977 130.262 131.491 131.083 131.37 131.819 130.634 129.798 131.021 129.622 129.716 129.86 129.971 129.457 130.414 129.9 128.891 128.336 128.471 129.122 
133.407 132.66 133.339 132.121 130.676 129.943 131.637 132.522 132.936 131.283 130.232 130.74 132.481 132.641 132.728 131.585 131.243 130.646 132.925 132.243 132.348 132.566 130.842 129.75 132.309 130.911 130.77 130.821 130.716 129.477 131.923 131.429 129.905 129.381 129.238 129.388 
139.995 139.632 136.531 137.073 136.332 133.606 140.711 138.783 137.91 136.118 133.705 132.521 140.394 137.801 136.639 134.617 132.135 132.456 140.138 137.993 136.108 134.222 133.412 132.558 139.386 137.319 134.017 133.301 132.807 132.879 137.731 136.055 132.682 131.515 132.796 132.197 
141.29 140.042 137.625 135.793 132.775 133.038 143.609 138.759 138.299 136.237 133.893 132.132 143.514 139.159 137.735 137.394 134.115 132.596 142.447 140.212 138.901 138.113 134.099 134.157 142.759 141.747 140.48 139.001 136.35 134.275 143.395 142.015 140.795 138.361 136.722 134.709 
148.433 146.704 142.505 139.568 135.878 135.059 149.182 145.014 143.206 141.169 138.045 135.884 149.034 145.917 142.598 140.674 137.372 135.525 150.297 147.654 144.103 143.443 138.64 137.831 151.106 148.766 145.968 144.278 141.802 139.771 150.699 148.135 147.237 144.821 143.074 141.013 
148.771 147.862 147.097 146.781 145.247 144.971 149.581 148.16 147.02 147.016 146.323 145.249 150.838 149.498 148.338 147.85 145.675 145.103 152.014 150.587 149.267 149.079 146.585 145.805 152.765 151.057 149.654 149.438 148.409 146.724 152.467 150.763 151.481 150.172 149.188 148.031 
154.658 156.615 159.565 161.26 162.032 163.125 155.245 157.567 158.611 160.301 161.895 161.954 156.894 158.121 159.804 160.961 161.365 161.005 157.085 158.168 159.609 160.713 160.828 159.721 156.859 157.091 158.358 159.752 160.181 159.91 156.792 157.495 159.88 160.678 160.822 161.516 
161.896 161.348 165.007 167.718 170.573 174.146 162.299 161.393 163.585 166.384 169.688 172.926 163.053 161.267 164.158 166.889 169.797 172.178 162.278 161.191 164.425 167.148 169.984 172.288 163.392 161.305 163.95 167.139 170.006 173.575 163.873 161.816 165.944 167.962 170.124 174.431 
166.958 169.162 171.642 174.186 176.219 178.936 168.192 168.787 170.5 172.887 176.027 179.848 166.892 168.625 171.521 173.756 177.743 180.931 166.522 169.236 171.726 175.329 180.066 183.422 170.414 170.958 172.795 176.685 181.404 186.362 171.717 173.667 175.558 178.366 182.481 188.218 
168.873 169.976 171.182 173.119 174.456 175.399 169.006 169.293 170.709 172.581 174.096 175.739 168.145 169.32 171.034 172.359 174.618 176.309 167.624 169.352 171.097 172.791 175.306 176.716 169.681 170.052 171.394 173.217 175.638 177.604 170.004 171.288 172.962 174.474 176.038 178.339 
178.005 177.374 177.894 178.648 178.375 178.608 178.659 177.366 177.717 178.613 179.142 179.435 180.208 179.002 177.751 178.062 178.418 178.72 179.126 178.779 179.042 178.32 177.627 177.445 179.445 179.099 179.289 179.353 178.296 177.605 179.124 179.44 179.694 179.297 177.58 177.457 
178.739 178.809 178.566 178.329 177.698 177.284 178.797 178.568 178.355 177.948 177.373 177.227 178.279 178.16 177.658 176.993 176.424 176.133 177.439 177.184 176.601 175.967 175.239 174.921 176.737 176.214 175.574 175.331 174.537 174.103 176.312 176.071 175.521 174.823 173.89 173.678 
185.736 184.155 182.676 179.955 176.881 176.167 184.421 182.784 181.572 179.603 176.663 175.802 183.709 181.313 179.015 176.708 175.789 174.761 181.4 179.589 176.371 174.446 175.087 173.48 180.383 178.676 175.754 175.477 174.931 172.56 181.342 179.407 177.011 174.887 173.263 172.227 
189.359 187.358 183.304 177.659 171.671 165.478 188.843 187.251 182.148 175.981 169.895 163.977 187.451 185.703 181.052 174.864 168.579 162.802 186.325 184.441 179.907 173.628 167.384 161.527 184.947 183.545 178.858 172.475 166.188 160.286 183.093 182.197 177.656 171.349 164.588 159.214 
223.218 221.995 220.158 214.989 211.621 92.8742 223.165 221.842 219.232 215.638 209.352 90.6137 221.821 221.268 217.776 213.863 209.536 86.5503 220.029 218.883 216.425 210.783 205.768 85.4308 218.225 215.888 212.701 208.617 199.5 80.0316 216.976 213.321 208.028 201.802 196.879 71.4262 
121.252 121.523 122.773 124.304 126.811 128.44 121.358 121.753 123.224 125.468 127.395 128.656 121.445 122.051 123.738 125.411 126.783 128.34 121.848 122.24 123.947 125.216 126.423 127.628 121.16 122.059 123.632 124.769 125.799 127.526 121.05 122.416 123.896 124.961 125.734 127.044 
125.717 125.117 125.553 125.877 126.914 127.449 125.598 124.904 125.777 126.47 127.096 127.162 125.19 124.763 125.763 126.226 126.815 127.73 124.906 124.855 125.476 125.878 126.836 127.267 123.972 124.874 126.112 125.646 126.065 126.966 125.081 125.355 125.695 126.278 126.373 126.879 
125.694 125.82 125.74 125.93 126.034 125.6 125.462 125.527 125.619 126.195 126.412 126.034 125.311 125.414 125.506 125.762 125.924 125.874 124.91 125.096 125.522 125.535 125.593 125.801 124.877 125.037 125.235 125.304 125.142 125.505 125.028 125.187 125.135 125.08 124.954 125.273 
128.106 127.671 128.234 127.449 126.414 126.474 127.199 127.728 128.068 127.172 126.58 127.128 127.769 127.899 128.218 127.499 127.262 127.036 127.988 127.498 127.902 128.126 127.048 126.86 127.476 126.508 126.758 126.799 126.901 126.698 127.281 127.032 126.103 125.693 125.815 126.332 
133.103 132.32 130.786 131.686 131.272 129.021 133.017 132.346 131.732 130.651 128.086 126.907 132.953 131.655 130.699 129.298 126.624 127.317 132.723 131.532 130.852 129.484 129.449 129.416 133.017 132.296 130.262 129.508 129.568 130.674 132.102 131.807 130.08 129.35 130.407 130.275 
135.937 135.224 133.402 134.354 133.305 131.657 137.044 134.846 134.455 133.072 130.171 128.777 137.1 134.154 133.351 132.492 129.015 129.759 135.965 134.223 133.888 132.553 131.922 132.297 136.728 136.024 133.873 133.152 132.963 133.506 136.523 135.989 133.645 132.347 133.655 133.161 
137.299 136.788 134.371 134.767 133.428 131.976 138.443 135.886 135.64 133.966 130.674 129.119 138.212 135.153 134.022 133.089 129.698 130.008 136.953 135.328 134.752 133.631 132.586 132.849 137.904 137.368 135.298 134.295 133.687 134.277 137.815 137.457 135.176 133.657 134.669 134.081 
137.459 136.022 134.473 133.445 131.265 131.637 139.776 135.8 135.351 133.85 132.428 131.225 140.064 136.554 136.004 135.941 133.054 132.175 139.572 137.852 137.508 136.646 133.699 133.899 140.161 139.553 138.792 137.554 135.778 133.998 140.948 139.821 139.267 137.359 136.083 134.665 
130.75 130.589 130.867 131.36 131.767 131.468 131.432 131.655 132.031 132.376 132.522 131.903 132.574 132.336 133.324 133.686 133.91 134.061 133.767 133.678 134.677 134.74 135.383 135.501 133.963 134.566 135.574 136.069 136.762 136.359 134.604 134.796 136.471 137.003 137.234 137.202 
145.722 145.183 149.673 152.593 155.881 160.437 145.972 145.649 148.774 151.916 155.53 159.21 147.291 145.995 149.506 152.541 155.41 158.222 147.129 145.816 149.639 152.603 155.28 157.588 147.32 145.344 148.026 151.744 154.618 157.879 147.554 144.925 149.509 151.384 154.315 158.651 
145.481 142.777 150.768 157.48 168.301 182.245 145.06 142.093 149.627 157.088 166.657 181.458 143.767 141.393 149.125 156.458 167.692 180.359 143.066 140.309 149.122 157.341 168.641 182.257 142.429 140.476 146.184 156.316 168.295 182.455 142.896 138.106 145.144 151.428 166.093 181.145 
151.767 151.505 157.103 162.315 168.063 176.098 151.919 150.019 154.991 160.358 166.56 175.472 149.174 148.515 154.46 159.511 167.505 175.452 147.469 148.136 154.375 160.743 168.719 177.347 150.682 149.43 153.293 160.06 168.872 178.704 151.84 149.743 155.147 159.356 168.526 180.057 
139.603 141.287 142.714 144.704 145.678 146.468 138.989 140.273 141.523 143.143 144.645 145.743 136.578 138.177 139.73 140.265 141.484 143.708 134.752 135.476 137.339 138.865 141.573 142.624 133.869 134.38 135.641 137.603 139.899 141.48 133.56 133.461 134.55 135.741 137.975 140.383 
136.491 137.741 137.741 139.675 139.167 139.176 135.32 136.227 135.734 137.189 138.737 138.414 133.397 133.721 134.009 133.925 137.093 137.301 131.967 132.127 131.838 132.705 133.854 133.456 130.035 129.881 129.811 130.919 131.483 131.024 128.545 128.126 130.002 131.413 130.943 131.416 
159.526 159.811 159.806 159.512 157.834 156.884 158.975 158.72 158.212 156.872 155.761 154.498 156.613 156.683 155.605 153.765 152.727 152.096 154.389 153.962 152.717 151.105 150.516 150.107 151.802 151.296 149.903 148.751 147.971 147.938 150.504 149.72 148.863 147.349 146.24 146.193 
170.429 168.433 166.197 162.637 160.031 157.492 168.606 167.096 163.648 159.751 157.147 154.142 165.357 164.071 160.943 157.219 154.573 152.124 163.072 161.257 158.383 154.648 151.869 148.878 160.603 158.886 155.282 151.509 149.057 146.548 157.84 156.563 153.226 149.589 146.775 144.997 
181.143 178.898 176.444 170.266 166.545 161.624 179.705 177.446 173.458 168.104 161.8 156.748 175.152 174.388 169.464 163.774 158.693 149.575 170.28 168.518 165.426 157.402 151.418 145.592 165.688 161.891 157.2 152.206 140.319 134.585 161.463 156.232 148.96 140.417 134.723 120.662 
186.463 184.085 181.11 175.475 171.524 165.038 186.338 182.718 177.934 172.832 165.759 160.102 182.565 181.375 175.174 168.659 162.146 150.549 178.157 175.309 171.415 160.212 152.957 145.805 173.298 166.715 160.57 155.549 138.648 131.104 139.891 130.973 120.536 109.748 103.679 81.7028 
116.026 116.54 118.145 119.843 122.751 125.221 116.301 117.097 118.745 120.747 123.648 125.518 116.494 117.354 119.037 120.746 122.942 125.296 116.847 117.354 119.146 121.077 122.722 124.084 116.368 117.357 118.929 120.381 122.062 124.048 116.099 117.627 119.195 120.524 122.039 123.61 
119.995 120.113 120.673 121.614 122.858 123.267 120.049 120.177 120.774 121.858 123.19 123.558 119.928 120.154 120.776 121.505 122.503 123.29 119.497 119.914 120.919 121.407 122.036 122.658 119.405 120.045 120.644 121.45 122.043 122.391 119.648 120.395 120.883 121.454 121.785 122.322 
122.178 122.126 122.071 122.358 122.715 122.773 122.067 122.016 121.883 122.19 122.658 122.776 121.868 121.952 121.921 122.091 122.189 122.548 121.608 121.666 121.886 121.971 121.925 122.15 121.515 121.616 121.821 122.034 122.004 122.077 121.837 122.049 122.225 122.007 121.934 122.059 
123.843 123.337 123.048 122.641 122.543 122.14 123.825 123.608 123.32 122.836 122.382 122.148 123.635 123.496 123.332 122.724 122.289 121.867 123.761 123.598 123.302 122.611 121.879 121.641 123.159 122.892 122.871 122.229 121.695 121.647 122.649 122.739 122.847 122.447 121.793 121.688 
125.53 124.502 124.124 123.143 122.748 122.241 125.636 125.031 124.365 123.296 122.227 121.976 125.796 125.354 124.559 123.524 122.634 122.243 126.168 125.646 124.75 123.544 122.481 121.94 124.82 124.486 124.01 123.023 121.899 121.59 124.451 124.215 124.148 123.408 122.037 121.23 
133.046 131.957 130.156 130.582 130.104 127.988 133.172 132.116 131.158 129.615 126.796 125.729 133.327 131.624 130.266 128.435 125.622 126.356 133.234 131.604 130.471 128.77 128.574 128.461 133.424 132.497 130.044 129.089 128.92 129.824 132.547 132.005 130.13 129.048 129.868 129.447 
132.316 130.267 129.32 128.277 126.703 127.218 134.93 131.275 130.21 128.469 127.174 126.169 135.413 132.292 131.699 130.649 128.374 127.436 134.269 133.138 133.212 130.982 128.853 128.672 134.543 134.497 134.297 132.643 129.907 128.532 135.738 135.369 134.321 132.385 130.546 129.34 
123.343 122.064 121.586 121.006 120.89 120.266 124.631 123.563 122.978 122.104 121.711 120.579 126.063 125.039 124.854 123.906 123.26 122.821 126.975 126.01 126.605 125.289 125.476 125.008 126.733 126.939 127.729 127.025 126.917 126.536 127.468 127.282 128.404 128.126 128.107 127.986 
121.042 121.601 122.001 121.37 121.12 120.588 121.704 121.586 122.167 121.884 121.92 120.98 123.291 122.976 123.349 123.1 123.187 123.678 124.694 124.887 124.427 125.431 126.136 125.626 124.212 125.363 125.896 126.782 126.981 126.809 125.034 125.46 127.319 127.794 127.526 128.821 
120.456 120.722 122.332 124.237 127.721 131.044 121.493 121.824 123.678 125.807 128.985 131.931 122.772 122.986 125.193 127.221 130.66 134.376 123.75 124.152 126.412 128.172 132.385 136.401 123.632 125.145 127.74 130.12 134.021 137.808 124.368 125.362 128.741 131.114 134.589 138.252 
125.374 129.034 137.282 145.279 159.684 179.334 125.077 128.11 136.179 144.58 158.664 178.208 123.81 127.367 135.655 144.547 158.927 177.783 123.198 126.732 136.325 145.658 160.472 178.782 122.513 126.718 133.02 143.92 159.569 179.417 122.823 124.359 132.095 139.01 157.308 178.524 
97.8619 120.65 127.098 132.39 145.323 156.31 97.1331 119.192 124.484 132.132 144.754 154.042 95.0404 118.453 123.911 128.445 142.067 152.196 94.3977 116.229 122.677 128.229 141.773 151.952 93.7924 115.239 121.367 128.278 140.871 150.085 93.2114 114.416 119.23 125.573 139.511 150.352 
120.11 122.721 123.423 126.037 126.128 126.645 118.042 120.144 120.62 122.905 125.299 125.076 115.401 117.211 118.675 118.728 122.957 124.143 114.047 114.951 115.698 117.869 119.626 119.889 111.885 112.462 113.506 116.274 117.008 116.554 109.88 109.899 112.664 115.29 115.802 117.138 
116.282 118.162 118.366 120.42 119.705 119.352 114.215 115.496 115.191 116.741 118.399 117.374 111.311 112.352 112.771 112.053 115.386 115.774 109.618 109.714 109.508 110.63 111.557 111.136 106.842 106.763 106.914 108.581 108.463 107.674 104.576 103.947 106.095 107.796 107.359 107.822 
118.354 119.974 119.831 121.577 120.429 119.832 116.057 116.886 115.959 116.899 118.033 116.72 112.803 113.477 113.144 111.866 114.663 114.513 110.634 110.438 109.202 109.561 109.905 109.402 107.03 106.721 106.186 106.842 106.314 105.434 104.11 103.217 104.87 106.131 104.977 104.991 
143.536 143.851 143.302 142.733 140.827 139.328 140.145 139.577 138.056 136.303 134.579 132.634 134.076 134.59 132.837 129.587 128.21 127.652 129.011 128.272 126.344 123.934 123.08 122.521 123.174 122.398 120.548 118.616 117.482 117.303 118.181 117.23 115.873 114.17 112.57 112.3 
159.605 163.098 161.22 159.593 156.96 154.187 154.56 154.325 153.904 152.394 150.655 147.878 147.658 147.462 145.602 145.014 142.749 141.079 139.112 138.812 135.84 132.931 130.994 128.399 130.893 129.769 127.265 124.908 123.277 121.072 97.2202 96.2274 93.8626 91.7994 89.8337 87.9829 
180.613 179.869 179.346 176.814 175.617 172.205 178.529 176.396 174.696 172.972 168.618 163.382 172.789 172.602 169.62 166.246 160.575 152.085 161.098 159.483 157.901 147.894 143.484 139.786 153.069 145.389 141.93 140.109 126.867 122.131 106.292 99.2881 91.7926 84.5856 81.041 63.259 
112.441 111.56 112.345 113.019 115.536 119.116 112.217 111.708 111.936 113.593 116.948 118.059 112.235 112.848 112.642 114.44 116.662 118.287 112.507 113.879 114.445 113.888 116.776 118.472 113.032 114.279 114.8 113.471 116.026 118.52 113.296 114.964 114.967 116.419 117.739 117.705 
115.845 116.14 116.288 116.657 117.094 117.603 115.844 116.167 116.277 116.515 117.198 117.691 115.71 116.082 116.08 116.429 117.256 117.739 115.587 115.883 116.089 116.278 117.104 117.468 115.583 115.725 116.09 116.504 117.218 117.342 115.75 115.796 116.275 116.753 117.258 117.395 
115.87 115.574 115.954 116.579 117.065 116.418 117.451 115.269 117.004 116.478 116.514 115.113 117.915 115.172 115.984 115.372 116.533 115.454 116.582 115.903 115.91 115.327 116.057 115.478 115.827 117.637 116.905 115.908 116.63 116.232 116.469 117.795 118.207 118.218 117.971 117.425 
120.202 120.004 119.489 119.255 118.937 118.839 120.146 120.098 119.738 119.089 118.627 118.592 120.065 119.893 119.818 119.322 118.669 118.589 120.105 120.042 119.644 119.249 118.776 118.516 120.033 119.684 119.579 119.084 118.92 118.728 119.928 119.83 119.71 119.122 118.876 118.969 
120.862 120.064 119.492 118.729 118.88 117.181 121.851 121.116 120.077 120.269 118.429 116.383 121.345 120.992 120.349 119.637 117.875 117.204 122.091 122.239 121.089 119.506 116.727 115.651 121.185 121.504 120.227 117.691 115.008 113.993 122.036 121.172 120.466 119.051 116.907 115.413 
124.319 121.123 119.441 117.457 115.687 114.44 124.962 123.595 119.993 117.71 115.751 114.271 125.545 123.983 122.033 118.194 116.004 114.841 125.759 124.357 122.119 118.295 116.424 114.92 125.585 124.361 122.13 119.985 116.582 115.125 125.501 123.932 122.104 120.302 116.795 115.577 
119.505 116.586 115.409 113.522 112.447 111.488 121.345 120.121 116.665 114.77 113.314 112.17 123.318 122.027 120.124 116.14 114.51 113.531 124.844 123.342 121.316 117.293 115.646 115.334 125.924 124.551 122.713 120.24 117.07 116.41 126.766 125.504 123.4 121.576 118.402 117.544 
115.201 113.942 114.158 113.111 112.513 111.821 116.564 115.91 114.487 113.626 113.223 112.306 118.737 118.269 117.751 115.084 114.568 114.92 120.436 120.589 119.213 117.9 117.755 117.048 120.5 121.244 121.04 120.93 118.746 118.605 121.583 121.617 122.534 122.316 119.953 121.204 
112.751 113.599 114.188 113.446 113.36 113.006 114.171 114.115 114.704 114.548 114.548 113.664 116.221 115.936 116.412 116.155 116.265 116.922 117.752 117.877 117.53 118.781 119.202 119.192 117.656 118.8 119.406 120.752 120.973 120.834 118.528 119.233 121.291 121.873 121.634 122.801 
100.894 105.34 107.713 107.091 107.886 108.752 102.932 104.949 107.41 108.047 109.321 110.204 106.095 107.763 108.744 109.591 110.739 113.101 107.883 110.487 109.633 111.819 113.823 115.094 108.105 111.486 112.202 114.47 115.597 116.988 109.363 112.364 114.747 115.656 116.015 119.159 
58.9992 97.004 104.696 110.743 128.202 144.467 59.4256 97.7516 103.606 113.426 130.835 144.274 60.2055 99.7892 105.834 114.134 132.064 145.136 61.3491 100.198 108.425 115.803 132.496 146.581 62.7622 101.28 108.685 117.09 133.375 147.025 64.1698 103.35 109.341 117.786 135.184 148.482 
29.6678 97.1583 107.224 115.08 139.922 160.725 29.4425 96.7448 104.243 116.36 141.518 157.507 29.4461 97.4921 104.553 115.473 140.49 157.332 29.4644 96.7916 106.786 115.908 140.258 156.544 29.568 96.1616 105.489 115.126 139.801 156.341 29.8739 98.1045 105.176 115.229 140.371 158.309 
82.2448 90.8395 92.9547 94.529 97.9482 99.6491 81.1355 89.6958 91.3268 93.6008 97.2806 98.4021 79.6205 88.4273 90.3109 91.6162 95.3816 97.128 78.4409 86.6136 88.916 90.7884 94.5343 96.0651 77.5254 85.2752 87.7188 89.9984 93.4252 94.6264 77.0384 84.6702 86.3299 88.5068 92.2307 94.332 
99.7203 100.907 100.693 102.099 101.455 101.228 97.9727 98.8251 98.191 99.2643 100.708 99.8951 96.0104 96.2324 96.3324 95.9473 99.0346 98.8552 94.4962 94.3379 93.7948 94.7711 95.1756 94.6346 92.1454 91.8694 91.7583 92.9236 92.6516 91.8326 90.1406 89.6067 91.4334 92.8929 92.1763 92.2562 
87.9111 88.144 87.8172 87.3653 86.7313 86.1751 86.437 86.5588 85.7515 84.7666 84.0532 83.7369 84.2009 84.1125 83.4321 82.1983 81.5207 81.3083 81.0861 80.9651 80.1407 79.5675 79.1079 79.2223 78.6183 78.1885 77.564 77.1053 76.9387 77.2261 77.1821 76.4136 76.0837 75.6788 75.6739 76.123 
109.222 113.148 112.757 112.35 110.932 110.686 104.042 105.162 106.339 105.768 104.894 103.523 97.9911 98.7071 97.4888 98.6466 97.92 97.3875 91.4709 91.7072 90.3645 89.2161 88.4524 88.2293 85.7462 85.9984 84.7971 83.5674 82.8189 82.5764 81.0168 80.9475 79.9409 79.1069 78.0815 77.7269 
125.345 130.817 130.46 129.7 128.529 129.26 114.319 115.375 118.526 117.957 117.079 113.189 102.027 102.834 102.347 104.982 102.08 101.275 83.3306 84.9891 84.4867 81.5283 81.5616 81.8264 73.156 71.8781 72.0414 71.0115 70.0296 71.0552 59.8666 59.0123 59.1727 59.1802 57.7525 57.3584 
161.193 165.287 165.258 164.006 161.733 159.866 155.299 155.35 156.659 157.563 154.686 151.034 148.528 146.822 146.72 147.905 145.066 143.521 132.478 130.882 128.183 123.827 123.414 122.893 124.58 118.828 116.986 116.849 117.064 115.851 45.6671 43.7519 42.8427 42.4065 41.8506 41.9272 
111.025 109.907 110.437 111.333 113.565 116.488 111.179 110.17 110.151 111.641 114.644 115.373 111.275 111.562 111.164 112.542 114.403 115.542 111.389 112.758 113.123 111.791 114.414 115.847 112.144 113.012 113.197 111.565 113.797 115.836 112.521 113.664 113.326 114.551 115.675 115.194 
112.405 111.149 111.718 112.232 114.099 116.478 113.004 111.137 111.646 112.43 114.933 114.727 113.219 112.22 111.832 112.644 114.813 115.203 112.687 113.446 113.47 111.957 114.63 115.653 112.806 114.609 114.396 112.097 114.311 116.173 113.344 115.232 115.092 116.185 116.841 116.145 
114.124 113.556 113.935 114.607 115.01 114.276 115.767 113.339 114.99 114.488 114.315 113.033 116.118 113.354 114.019 113.23 114.563 113.559 114.694 114.015 113.932 113.117 113.92 113.526 113.92 115.809 115.06 113.764 114.486 114.32 114.738 116.083 116.53 116.501 116.138 115.588 
115.343 115.065 115.09 115.181 115.911 114.384 117.315 114.866 116.218 115.81 115.137 112.606 117.429 114.569 115.27 114.574 114.675 113.399 116.296 115.791 115.459 114.498 114.118 113.225 115.524 117.364 116.143 114.306 113.734 112.728 116.72 117.479 117.497 116.85 115.778 114.561 
117.357 116.529 115.641 114.745 114.677 112.484 118.648 117.604 116.382 116.844 114.497 111.624 118.011 117.398 116.6 115.941 113.731 112.954 118.704 118.824 117.492 115.54 112.565 111.341 117.964 118.401 116.494 113.405 110.495 109.27 119.294 118.042 116.68 114.874 112.55 110.892 
115.103 113.915 112.536 111.061 110.616 108.4 116.591 115.235 113.36 113.091 110.75 107.888 116.464 115.37 113.911 112.651 110.09 109.074 117.51 116.978 115.127 112.632 108.986 107.47 116.903 116.674 114.376 110.852 107.28 105.933 118.303 116.478 114.618 112.295 109.686 107.872 
103.296 100.123 98.9379 98.6094 97.6947 96.8182 104.654 103.421 100.469 99.5484 97.9531 97.7398 106.478 104.954 103.628 100.47 98.8706 98.441 107.967 106.977 105.022 101.729 100.345 99.6825 109.025 108.545 106.892 104.654 101.985 101.246 110.338 109.958 108.2 106.742 103.539 102.728 
99.0005 98.5471 98.4802 98.1365 98.2311 98.1344 101.272 101.008 100.481 100.035 99.7991 99.6721 104.076 103.782 103.373 102.318 101.837 101.862 106.691 106.358 105.716 104.78 103.971 104.27 108.597 108.236 107.802 106.822 106.293 106.117 110.17 109.827 109.253 108.772 108.054 107.697 
90.4301 91.9505 92.3689 91.4609 91.5528 91.8683 92.3958 93.0659 93.9172 93.3803 93.7641 93.9273 95.104 95.7499 96.2942 95.6358 95.5628 96.9748 97.6769 98.4575 98.0226 98.8272 99.3426 99.6227 98.4583 99.9917 100.46 101.837 102.015 101.725 99.6598 100.799 102.444 102.734 102.521 103.422 
80.5827 83.3725 86.6705 86.4649 87.6866 88.2388 84.1906 84.9738 87.9067 88.8624 90.436 92.0698 88.7518 89.4412 90.4958 91.96 93.1648 94.5423 91.3811 92.1784 92.5994 93.2002 95.4082 96.7208 92.954 94.3842 95.2903 97.0349 98.1465 98.9824 94.9454 96.5803 97.8848 98.7448 99.6763 100.51 
70.5249 77.4131 81.0372 80.794 83.7774 85.5613 73.7069 77.7406 80.9767 82.1222 85.8934 90.0033 78.9124 82.0585 82.8139 84.96 88.1251 92.0595 81.116 85.3318 85.2387 86.2252 90.9873 94.1011 82.7916 87.8899 88.9668 90.9515 93.5877 95.8071 84.8839 90.4367 91.255 92.0718 94.3064 96.8396 
57.746 72.5938 75.3728 77.4502 82.773 86.9182 58.0119 73.075 74.8411 78.3928 84.0655 86.9663 58.5706 73.7024 75.8152 78.7069 84.7067 87.5324 58.9725 74.0037 77.0109 79.7879 85.1622 88.5403 59.6771 74.5355 77.5034 80.5743 85.9436 88.7496 60.6292 75.7579 77.945 81.1896 86.659 89.7269 
69.178 70.0095 69.898 70.0764 70.445 70.9905 69.0264 69.9473 69.6465 69.7126 70.3755 70.7685 68.8488 69.5978 69.3555 69.53 70.1591 70.6548 68.3058 69.0687 69.0771 69.3453 70.032 70.4564 68.0807 68.8511 68.7684 69.1605 69.9075 70.4109 68.1765 68.9761 68.8422 69.0981 69.853 70.4472 
71.0812 70.8177 70.5051 70.3031 69.4457 69.4424 71.0416 70.9279 70.3059 69.7986 69.8991 69.6911 70.7751 70.5157 69.7666 69.2231 68.9195 69.142 70.2634 69.5169 68.9658 68.1742 68.1509 68.5881 70.0128 69.1427 68.3298 67.8097 68.3024 68.3825 69.5482 68.6906 68.4679 67.998 68.3944 68.5697 
73.0718 72.835 72.3684 71.7278 71.3019 71.0992 72.5332 72.1772 71.4562 70.66 70.1555 69.9826 71.5145 70.9795 70.2271 69.441 68.8676 68.6317 69.9585 69.4081 68.6428 68.1231 67.5832 67.3598 68.6704 67.9799 67.2238 66.727 66.545 66.4538 67.9275 67.2301 66.5215 66.0099 66.0689 66.108 
76.8221 76.9519 76.2596 75.2318 74.5858 74.5927 74.1553 73.96 73.424 72.2265 71.1736 70.908 71.2427 70.6358 69.8711 69.1517 68.2348 67.7123 67.2182 67.1604 66.29 65.5925 65.2127 64.9438 64.2871 63.8809 63.2145 62.6949 62.3232 62.5551 62.9978 61.6218 61.3455 60.9571 60.6915 60.7642 
93.7909 99.142 97.2549 94.0185 95.045 95.5383 81.3555 82.5818 85.2427 83.5972 81.2185 81.7471 69.1051 69.3058 68.9085 71.6836 70.2622 67.6541 52.215 54.5317 53.4915 53.236 53.1808 52.3097 43.8399 43.3954 44.8589 43.1746 42.8257 44.6551 35.9182 36.7471 35.1279 36.652 35.0147 35.0861 
140.906 129.655 116.296 105.925 78.1358 63.8209 126.206 119.73 100.678 80.5528 69.0957 42.212 111.561 94.2106 86.0074 59.7169 37.6459 34.7531 80.6794 70.0173 49.4834 36.0422 25.136 24.6977 76.9407 42.9287 30.589 22.1447 20.5795 20.4574 48.4885 32.7863 19.9545 17.09 15.427 14.6608 
110.358 109.177 109.549 110.384 112.411 114.877 111.081 109.773 109.222 110.499 113.542 113.831 111.342 111.176 110.295 111.478 113.193 114.032 111.246 111.948 111.869 110.724 113.085 114.365 111.614 111.996 112.136 110.601 112.578 114.629 111.616 112.604 112.498 113.74 114.612 114.09 
110.78 110.536 110.262 111.174 111.352 110.541 112.255 111.225 110.554 110.616 111.165 110.607 112.475 111.588 111.054 110.744 110.977 110.582 111.75 111.06 110.907 110.318 110.331 110.431 111.282 110.364 110.488 110.537 110.526 110.579 110.608 110.15 110.823 111.176 111.236 111.085 
111.912 111.672 111.964 111.913 112.33 111.208 113.138 111.11 112.957 111.925 111.591 110.044 113.499 110.986 111.739 111.022 111.295 110.145 112.506 111.563 111.303 110.123 110.935 110.681 112.365 113.041 112.34 110.834 111.394 110.982 112.975 113.949 113.841 113.643 112.854 112.026 
112.08 111.663 110.986 110.297 109.65 109.07 111.816 111.18 110.591 109.991 109.079 108.597 111.015 110.579 109.778 109.032 108.477 108.182 110.458 110.201 109.177 108.24 108.308 108.196 110.332 110.032 108.97 107.973 107.852 107.572 110.101 109.878 108.872 108.031 107.798 107.566 
113.441 112.61 111.828 110.817 110.73 108.774 114.414 113.238 112.03 112.382 110.143 107.533 113.284 112.631 111.623 110.937 108.921 108.269 113.367 113.46 112.085 110.112 107.623 106.705 112.492 112.869 110.96 108.103 105.587 104.635 113.478 112.354 110.982 109.194 107.404 106.033 
103.223 101.645 100.527 99.6234 98.4533 97.3671 103.707 102.507 100.973 99.9107 98.0667 97.3182 104.051 102.687 101.161 99.4857 97.9771 97.2824 104.182 103.16 101.146 99.2295 98.3384 97.7292 103.865 103.29 101.37 99.4425 98.6024 97.9111 104.087 103.55 101.885 100.407 99.1144 98.4311 
96.1721 95.0137 94.1179 93.6741 92.9227 92.2208 96.8985 96.1807 95.001 94.3189 93.0188 92.7049 98.0507 97.1075 96.0997 94.7751 93.4158 93.051 98.9733 98.3654 96.835 95.388 94.3607 94.0706 99.5538 99.3204 98.1266 96.4485 95.5455 94.9767 100.594 100.369 99.1239 97.9795 96.7657 95.9868 
83.8568 84.0274 85.6663 84.0673 83.1102 81.9761 86.7557 85.4843 86.4517 85.6003 84.5594 84.2719 88.7656 87.9766 87.5611 86.036 86.2197 86.0997 89.2343 89.7202 87.9951 86.6906 87.3566 87.0412 90.4149 90.4426 89.1631 90.6508 89.6344 87.9534 89.5224 90.7278 91.0394 91.8582 90.7878 89.4558 
81.9414 82.1649 81.7273 81.1776 81.5527 82.2538 83.3583 83.9329 83.8505 83.4391 83.8773 84.286 85.1308 86.0105 86.3601 85.7203 85.6212 86.7516 87.7519 88.167 88.3593 88.5697 88.8385 89.1685 89.0105 90.0514 90.3754 91.1568 91.502 90.9782 90.0608 90.8768 91.9103 92.12 92.1298 91.9777 
77.6308 78.696 79.5661 79.4367 80.1927 80.7773 79.3638 80.2802 81.1545 81.3044 82.0463 83.0471 81.4889 82.544 83.3833 83.2533 83.6141 84.7834 83.7967 84.4456 85.1075 85.5819 86.361 86.92 84.9103 86.0604 86.7723 88.452 89.1116 88.6252 85.9492 87.4008 88.458 88.8834 89.4787 89.445 
73.2092 72.6877 72.4126 72.4769 73.0429 74.1109 74.0741 73.4086 72.9048 73.4405 74.6036 75.8638 74.7126 73.9438 73.8337 75.0178 76.3357 77.8302 75.9683 75.5196 75.7166 77.3102 78.4217 79.7635 77.8639 77.992 78.8154 79.5552 80.3774 81.3589 79.5861 79.9852 80.7716 81.4788 82.1518 82.7534 
66.8935 67.1496 66.8884 67.1274 67.8882 68.798 67.4432 67.9006 67.5287 67.8297 68.8861 69.6382 68.6038 69.1328 68.8911 69.3512 70.2951 71.2771 69.6447 70.6507 70.7581 71.2052 72.414 73.1593 71.1959 72.2906 72.6434 73.0405 73.9192 74.5871 72.4787 73.8355 73.8908 74.1267 74.957 75.5214 
67.6953 67.2777 66.9193 66.8 66.0773 66.3046 68.1111 67.8295 67.2702 66.9446 67.1868 67.1315 68.4338 68.1659 67.5433 67.2264 67.1501 67.4456 68.5535 68.068 67.6535 67.0203 67.2654 67.739 68.9196 68.2786 67.8035 67.4828 68.0677 68.1513 68.911 68.197 68.2034 68.0692 68.5094 68.6592 
68.4503 67.9285 67.4995 67.1675 66.3011 66.2683 68.6072 68.2239 67.5563 66.9192 66.9057 66.7361 68.5024 68.1178 67.2919 66.7343 66.3027 66.5546 68.4765 67.5782 66.886 66.02 65.9238 66.2651 68.4934 67.4681 66.5612 65.9799 66.4185 66.3335 68.1566 67.248 66.7726 66.3556 66.6948 66.7588 
67.521 67.0975 66.5928 66.241 65.2267 65.1541 67.3938 67.1635 66.3882 65.7634 65.5234 65.2451 66.9997 66.7116 65.7173 64.9818 64.4208 64.6534 66.7085 65.8102 64.9537 63.7948 63.6356 64.1251 66.5219 65.3997 64.3195 63.4504 63.9342 63.8927 65.9622 64.8853 64.3647 63.7056 64.0632 64.0705 
69.4216 69.4475 68.0057 67.4928 68.0169 68.0518 65.2372 64.7933 64.2616 63.3442 62.8444 63.3314 61.032 60.4467 59.8454 59.44 58.2855 58.1483 56.4169 56.6962 55.7865 55.2386 54.8843 54.2666 53.4676 52.3796 52.7021 51.6231 51.2137 51.8406 50.2694 50.6365 49.0994 49.4123 48.5019 48.5226 
115.915 107.944 96.2393 90.2076 65.606 52.8378 103.505 99.4554 83.2081 65.5656 57.2557 35.6835 92.2653 78.4426 71.8378 48.7923 30.4263 30.0219 69.7001 62.6669 44.7939 35.2029 26.2801 25.5842 65.933 38.5689 29.1343 22.745 22.1422 22.6251 42.6048 31.5844 20.2944 19.9259 18.8111 18.5869 
126.785 111.215 95.4891 84.0702 57.0819 42.9763 114.853 103.977 83.0379 61.536 49.4469 26.4138 104.612 82.4938 71.9592 44.9797 24.8777 21.598 79.4473 64.8378 41.9492 29.5242 18.9952 17.9225 76.6555 40.27 26.6866 17.2542 15.8107 15.668 52.0679 34.2265 18.2862 15.0395 13.0749 12.5026 
106.856 106.388 106.112 106.791 107.572 107.71 107.693 107.238 107.404 107.829 107.865 109.253 108.157 108.076 108.81 109.088 109.217 110.369 108.555 108.737 108.679 109.62 109.716 110.053 108.565 107.474 106.551 108.472 109.361 110.421 108.78 107.965 108.237 108.405 109.908 110.579 
108.038 107.649 107.735 107.09 107.056 106.307 107.811 108.366 108.552 107.835 107.259 107.11 107.582 108.778 108.736 108.649 107.363 106.765 108.326 108.338 107.891 107.172 106.703 106.993 109.186 107.395 107.817 107.011 106.823 107.034 108.898 108.532 108.261 108.244 107.276 107.192 
107.571 107.41 107.285 106.37 105.857 105.122 106.832 107.101 107.481 106.825 105.857 105.581 106.652 107.167 107.185 107.055 105.547 105.081 107.454 107.254 106.559 105.467 105.196 105.268 108.947 106.978 106.803 105.252 105.295 105.403 108.86 108.731 107.486 106.833 105.87 105.695 
107.165 106.839 106.572 105.544 105.04 104.415 106.273 106.542 106.573 105.636 104.56 104.529 105.62 106.1 105.892 105.461 103.817 103.622 105.942 105.837 105.185 103.989 103.479 103.663 107.187 105.22 105.134 103.716 103.61 103.689 107.344 107.015 105.587 104.925 103.853 103.629 
103.348 102.531 101.971 101.359 100.809 100.261 102.607 101.901 101.373 100.685 99.9491 99.178 101.658 101.387 100.653 99.7103 98.7507 98.1794 101.367 100.853 100.157 99.3641 98.5231 98.0559 100.6 100.174 99.3892 98.8151 98.3397 97.6137 99.8641 99.4874 98.9766 98.3788 98.0959 97.5127 
99.293 98.5514 97.8348 96.8104 95.8764 95.2157 99.075 98.6522 97.7149 96.5008 95.4565 94.3997 98.6645 98.1918 97.262 96.0712 94.7475 94.0247 98.2273 97.442 96.6592 95.3593 94.1624 93.617 97.6806 96.9845 95.7868 94.7077 93.6534 93.1034 97.2846 96.585 95.4859 94.4423 93.7671 93.0554 
85.538 85.5102 87.0848 85.427 84.2218 82.939 88.1744 86.6689 87.5102 86.5553 85.1795 84.6831 89.7947 88.7166 88.0841 86.5163 86.5057 85.9625 89.7394 89.949 87.9217 86.497 86.9058 86.3537 90.6332 90.2462 88.6312 89.7048 88.4706 86.8015 89.4781 90.2243 90.1172 90.6964 89.4189 88.0201 
83.0777 83.1784 84.8225 83.0313 81.9779 80.7253 86.0327 84.4875 85.1779 84.3473 83.385 82.9036 87.613 86.7974 86.0448 84.5724 84.871 84.2577 87.4799 87.7422 86.0223 84.6426 85.2141 84.7182 88.4292 88.2373 86.6541 88.1066 87.091 85.2705 87.5409 88.4719 88.3744 89.1164 88.1404 86.6851 
82.0301 82.2304 83.7836 81.9759 80.8409 79.6219 84.7036 83.3992 84.2202 82.8971 81.8676 82.0152 86.3345 85.5249 85.1281 83.4336 83.8548 83.6287 86.4825 86.8754 85.2333 83.9605 84.6982 84.6277 87.4525 87.4015 86.2052 87.7035 86.9779 85.5701 86.6384 87.7513 88.0788 89.2248 88.3124 87.1737 
76.3283 76.5027 77.5418 78.1244 78.6081 78.8607 77.2637 77.5223 77.9105 78.6581 79.0376 79.7716 78.0123 78.2838 78.8694 79.5017 80.0066 80.075 79.5277 79.202 80.0276 80.6009 80.7664 80.9537 80.4356 80.3703 80.7545 82.0223 82.2904 81.8282 81.107 81.6734 82.1133 82.3247 82.8312 82.4894 
73.4614 73.3731 73.637 73.5458 73.7691 74.2812 74.0355 74.2328 74.2803 74.3748 74.8735 75.263 75.1687 74.9476 74.9616 75.3794 75.8095 75.855 75.8216 75.3893 75.8764 76.2481 76.1304 75.9827 76.6297 76.6138 76.8509 77.0351 76.8839 76.3659 76.9253 77.2557 77.8475 77.7916 77.3191 76.8775 
69.0177 68.6708 68.2762 67.8911 67.9454 68.5612 69.8923 69.414 68.9515 69.0151 69.2864 69.603 70.4912 70.1286 69.8341 70.231 70.6214 71.0995 71.3815 71.1763 71.3647 71.8244 72.1413 72.7748 72.894 72.9152 73.339 73.5537 73.7206 74.1973 74.1888 74.3564 74.6495 75.0102 75.274 75.3301 
64.531 64.1086 63.8902 63.7337 63.6089 63.9118 65.0722 64.7673 64.6308 64.3825 64.2842 64.4463 65.8352 65.7619 65.5638 65.4406 65.3004 65.5491 66.6126 66.5378 66.556 66.4774 66.4582 66.6406 67.6415 67.6268 67.6829 67.703 67.4785 67.6249 68.4405 68.6142 68.4311 68.4583 68.4059 68.4533 
65.2662 64.7843 64.3639 64.0721 63.244 63.1759 65.5355 65.2476 64.6159 64.0616 64.0726 63.8268 65.5926 65.3875 64.5978 64.0474 63.7186 63.9231 65.7847 65.0522 64.4618 63.5291 63.4889 63.8364 66.0428 65.1549 64.3883 63.807 64.1992 64.0148 65.7521 65.0424 64.7379 64.287 64.5866 64.4028 
59.1276 58.1922 57.8889 57.3692 56.7998 56.75 58.6442 58.0035 57.3574 56.7878 56.5296 56.301 58.4463 57.7655 57.1583 56.4984 56.0734 56.1319 59.0526 57.5 56.7545 56.5003 56.1969 55.9229 58.6205 57.9601 57.108 56.5411 56.2441 55.865 58.3455 58.246 57.6389 57.1327 56.5319 56.1814 
55.3596 55.0056 54.5874 54.3023 54.0232 53.7877 54.6832 54.3302 53.9645 53.5854 53.1737 52.9485 53.9283 53.6629 53.1993 52.7961 52.3379 52.131 53.3141 52.9849 52.5186 52.1132 51.7615 51.5407 52.9406 52.7111 52.1805 51.7599 51.4715 51.2097 52.7931 52.5502 52.1403 51.5969 51.3249 51.093 
49.091 47.4289 45.4015 44.8042 44.6535 44.5266 47.0078 44.6561 43.5049 42.6042 42.1006 42.2879 44.5563 42.6748 41.5495 40.9466 39.7884 39.6038 42.3363 41.0494 39.8132 39.0017 38.6262 37.7055 41.1096 39.3148 38.5424 37.4179 37.4565 37.0535 39.579 38.4213 37.0378 36.3704 35.9092 35.2474 
101.024 87.1095 73.8081 66.1103 41.1881 28.4075 93.5127 84.1129 65.2509 46.9228 38.1526 16.9798 87.0179 68.4066 58.9777 34.8381 17.2005 16.3787 70.2122 57.2667 37.3153 26.1545 16.6008 15.766 69.6728 38.7384 25.7904 17.7281 16.2599 15.3733 50.4178 34.5104 20.9837 17.2856 15.908 15.1001 
105.389 104.854 105.032 105.118 106.255 106.478 105.764 106.47 106.467 106.88 107.002 107.59 105.568 107.29 107.712 108.294 108.821 108.655 105.492 106.798 107.165 108.738 108.753 108.921 104.728 105.522 105.841 108.006 107.996 109.061 104.637 104.405 106.295 107.243 108.261 109.3 
105.247 104.96 104.636 104.251 104.544 104.204 105.354 106.11 106.062 105.846 105.307 104.99 105.208 106.77 107.123 107.369 106.96 106.156 104.998 106.398 106.856 107.703 107.241 106.714 104.288 105.302 105.561 106.949 106.56 107.098 104.043 104.069 105.822 106.345 107.009 107.59 
104.942 104.802 104.936 104.046 103.714 102.845 104.509 105.247 105.526 104.83 103.928 103.528 104.419 105.509 105.588 105.522 104.125 103.366 105.211 105.604 105.294 104.456 103.98 103.962 106.4 105.029 105.389 104.381 104.104 104.283 106.46 106.326 105.786 105.566 104.5 104.35 
100.947 100.633 100.42 100.149 99.8626 99.6249 100.649 100.234 100.163 99.9705 99.6274 99.2747 100.346 100.283 100.32 100.033 99.2766 98.9904 100.423 100.447 100.389 100.412 99.8231 99.47 100.537 100.41 100.394 100.367 100.153 99.8695 100.511 100.558 100.507 100.267 100.162 100.043 
96.4964 96.3184 95.5508 94.8704 94.6622 95.4264 95.4704 95.4271 94.5989 94.6218 95.29 94.6748 94.8189 94.8932 94.4314 94.9075 95.0513 94.6971 95.8254 95.1402 95.0742 95.4932 95.0224 95.0075 94.6688 93.5017 94.8499 94.9306 95.7543 95.7278 94.3686 94.5718 96.1604 96.2434 97.1387 96.6377 
94.8318 94.3778 94.2002 93.6245 93.1091 92.536 94.4853 94.107 93.9759 93.3352 92.6069 91.8382 94.127 93.873 93.4892 92.8837 92.0522 91.4586 94.0523 93.7061 93.1447 92.5578 91.6608 91.219 93.7288 93.2812 92.6105 92.1525 91.4048 90.8435 93.3782 92.8128 92.2029 91.7985 91.3688 90.7285 
89.4281 89.2723 88.6022 87.7665 87.2525 87.0695 90.1094 89.4721 88.5753 88.0289 87.5615 87.0669 90.0601 89.6999 88.6821 88.1395 87.487 86.761 89.7598 89.0706 88.2842 87.8 86.9498 86.4202 89.4431 89.1114 87.8909 87.2491 86.9637 86.3607 89.7592 89.0489 87.9355 87.2214 86.9749 86.4984 
83.4052 83.4294 84.7707 83.0034 81.7571 80.4689 86.0679 84.4492 85.0103 83.7055 82.5363 82.4645 87.5252 86.3884 85.6773 83.9771 84.2413 83.7028 87.4081 87.5418 85.5468 84.2092 84.6542 84.383 88.1966 87.8245 86.2911 87.3219 86.3823 84.9745 87.2851 87.9479 87.8829 88.5572 87.4348 86.3129 
84.4518 83.8683 81.5348 80.0837 78.9255 78.2727 85.1208 83.7925 81.6983 78.9295 77.9264 79.2708 85.3104 83.9221 82.3116 80.6325 80.197 79.5512 85.8362 84.3874 82.8502 82.0063 81.0403 81.327 85.6977 85.0374 83.8185 81.9574 82.1929 82.7457 87.4723 85.8451 84.6028 84.3474 83.6976 84.0543 
78.8481 78.6415 77.5288 77.0086 76.3167 75.9708 79.0052 78.8627 77.8518 76.1273 75.7926 77.0913 79.4818 78.7732 78.4103 77.533 77.5933 77.5488 80.1144 79.4685 78.9292 78.7459 78.2367 78.6921 80.148 80.1689 80.0111 78.9528 79.1661 79.5781 81.0762 80.6463 80.7138 80.8685 80.239 80.4683 
73.6745 73.4156 73.3643 73.1136 72.9566 73.1804 74.0973 74.0768 73.9762 73.8058 73.9418 73.9119 74.9594 74.5976 74.4989 74.6145 74.6529 74.4393 75.4717 74.9947 75.06 75.2114 74.8879 74.4944 75.9141 75.8775 75.8571 75.5582 75.2297 74.4997 75.9802 75.9332 76.3417 76.0573 75.3711 74.8072 
69.731 69.4949 69.3211 69.032 68.8108 69.2589 70.3706 70.3238 70.0971 69.9219 70.0796 70.1404 71.2843 71.0022 70.7699 70.9311 70.9348 70.9113 71.8616 71.4943 71.6263 71.6919 71.3599 71.1888 72.6316 72.6365 72.6016 72.3036 71.9212 71.5838 72.8733 72.9836 73.3392 73.104 72.4115 72.1176 
62.2625 60.7762 61.3825 61.415 60.6045 59.9502 62.9359 62.4001 62.1893 61.7153 61.2395 61.4892 63.0407 63.4337 63.0635 62.0671 61.8747 62.0083 63.9675 64.205 64.1355 63.3598 62.5156 62.5978 64.4565 63.8155 64.2474 64.0261 62.9768 62.4639 63.7119 63.5961 63.9069 63.8039 63.5426 62.8793 
57.3607 56.9421 57.0357 56.7311 56.4774 56.8878 57.5593 57.1651 56.7341 56.3755 56.5655 56.9455 57.8949 57.4022 56.9445 56.6243 56.7994 57.2605 58.961 57.8228 57.242 57.2911 57.4312 57.5226 58.8545 58.6475 58.116 57.9109 57.8923 57.9361 58.8326 59.36 59.2408 59.1591 58.6075 58.6207 
52.6705 51.9215 51.7231 51.377 51.1059 51.0953 52.3982 52.0751 51.5258 51.0817 51.0253 50.9665 52.5709 52.0792 51.6366 51.1072 51.0094 51.0081 53.3437 52.1842 51.5767 51.4695 51.2672 51.0941 53.2979 52.8865 52.2629 51.8783 51.7084 51.4211 53.3571 53.3329 53.0775 52.7362 52.2969 52.044 
40.4224 40.5483 39.9842 40.2517 39.7948 39.7217 40.8922 40.0823 40.5308 40.436 39.9853 40.0075 40.8095 40.4942 40.6886 40.3773 39.7294 39.7187 40.8701 40.6213 40.7211 40.2515 39.9332 39.7846 41.2291 40.8257 40.8911 40.4553 40.1008 39.6013 41.3297 41.5173 41.1418 40.6933 40.63 40.1201 
34.8288 34.5063 33.8485 33.8136 33.5964 33.4937 34.6676 33.9909 33.6448 33.5423 33.4655 33.4227 34.3005 34.1964 33.7147 33.6092 33.1928 33.139 34.3696 34.3173 33.9949 33.5943 33.4912 32.9547 34.3958 34.4417 34.1676 33.7485 33.9217 33.38 34.4389 34.2316 34.2919 33.7466 33.8892 33.2884 
33.5879 31.2629 29.4927 28.6891 28.0081 27.7775 33.7225 30.903 29.3801 28.6436 28.1791 27.8289 33.3281 31.1649 29.6272 28.8445 28.1251 27.8352 33.3778 31.3815 29.9667 28.9171 28.5581 27.8781 33.6554 31.6911 30.2256 29.1937 29.1344 28.4004 33.7968 31.7627 30.5178 29.305 29.2014 28.369 
104.205 104.645 104.923 105.716 106.655 107.6 103.793 104.581 105.391 106.545 106.93 108.657 103.734 104.309 105.486 106.611 107.558 109.21 103.672 104.365 105.02 106.817 107.642 108.488 103.549 103.501 103.467 105.517 106.689 108.324 103.659 103.516 104.303 105.23 106.804 107.903 
102.894 102.761 103.031 103.415 104.44 104.79 103.057 103.799 103.906 104.501 105.076 105.188 103.124 104.505 104.692 105.404 106.158 105.581 102.91 104.114 104.969 105.7 105.943 106.048 102.44 103.76 104.671 105.685 105.509 106.056 102.345 102.651 104.202 105.158 105.659 106.232 
100.354 100.618 100.572 100.799 100.628 100.369 100.373 100.559 101.034 101.501 101.2 100.602 100.688 100.906 101.36 101.868 101.708 101.329 100.933 101.28 101.674 101.91 102.235 102.042 101.74 102.019 102.2 102.185 102.477 102.651 101.886 102.467 102.752 102.618 102.653 103.004 
96.0276 96.2192 95.3669 94.8888 95.4118 96.7988 94.7825 95.1236 94.0309 94.1252 95.5568 96.2402 94.4009 94.8089 94.2515 95.1029 96.5692 96.4212 95.5294 95.5075 95.2248 95.8685 96.247 96.9827 94.7546 93.8001 95.8543 95.9289 97.0939 97.4953 94.6547 95.0126 96.7163 97.2955 98.1423 98.149 
95.0002 94.9443 94.392 93.9863 93.9089 94.8789 93.9956 94.0476 93.4864 93.7551 94.6931 94.3068 93.3654 93.5681 93.2879 94.1365 94.6448 94.3737 94.4361 93.9497 94.0361 94.7436 94.6954 94.8031 93.3805 92.371 93.919 94.3375 95.3985 95.4918 93.2214 93.5034 95.366 95.6323 96.6755 96.3906 
93.8276 93.7848 93.0161 92.4996 92.2741 93.0819 92.7705 92.8804 92.0923 92.3206 93.074 92.5141 92.1522 92.2879 91.8124 92.5875 93.0092 92.704 93.1476 92.5146 92.3951 92.9279 92.7964 92.9093 92.088 90.9836 92.2025 92.3898 93.317 93.4316 91.8383 92.059 93.5811 93.714 94.6448 94.278 
90.0409 89.5466 89.0771 88.6313 88.2003 87.9513 89.7295 89.3458 88.8535 88.4575 88.0256 87.7596 89.3538 89.0345 88.5026 88.1731 87.8241 87.5362 89.1105 88.7537 88.2321 87.8463 87.5491 87.4076 88.9326 88.4645 87.8932 87.5683 87.2526 87.1025 88.8291 88.2603 87.6757 87.299 87.0005 86.9639 
87.3783 86.5986 85.1556 83.861 83.1011 82.747 88.0273 86.5592 84.8453 83.8441 83.3341 82.7477 88.1422 87.0742 84.9377 84.0302 83.2674 82.1914 87.7232 86.4338 84.9841 84.054 82.9817 82.1338 87.4154 86.2499 84.55 83.5713 82.9464 82.0848 87.864 86.4139 84.5896 83.4008 82.7959 82.3626 
84.3011 83.3883 81.3059 79.9914 78.6144 77.5865 84.2493 83.0593 81.0804 78.5293 77.304 77.7583 84.1265 82.684 81.2126 79.2632 78.2281 77.6236 84.2012 82.9143 81.1578 79.8469 78.4773 78.3513 83.8957 82.7837 81.5427 79.4574 78.9116 79.0178 84.3393 82.8769 81.4516 80.7231 79.6145 79.7934 
78.0136 77.3324 76.42 75.6 74.8497 74.3402 78.1983 77.3693 76.4417 75.5532 74.7559 74.0895 78.2445 77.3823 76.2965 75.5157 74.722 74.0611 78.3636 77.3997 76.331 75.4354 74.7233 74.0108 78.2831 77.2654 76.3113 75.3641 74.6079 73.9865 78.1854 77.1802 76.217 75.1633 74.5082 74.0283 
71.9666 72.1039 71.9849 72.9845 72.3628 72.3264 71.8923 72.2106 72.0192 72.879 72.7146 72.5948 72.1968 71.962 71.7229 72.5331 72.2073 72.5803 72.7221 71.3125 71.9417 72.4275 71.782 72.359 73.3446 71.4294 72.0096 72.2422 72.0986 72.5983 72.0729 71.9812 71.6362 71.6566 72.2053 72.8939 
64.8327 63.3358 64.08 64.3024 63.4647 62.5916 65.3154 64.8557 64.7703 64.3695 63.7782 63.9427 65.101 65.5884 65.3645 64.3771 64.1377 64.181 65.7596 65.9574 65.9409 65.2763 64.4647 64.4463 65.9433 65.2317 65.6176 65.4364 64.5315 63.9241 64.9053 64.6192 64.925 64.875 64.6999 64.0935 
61.0512 60.0747 60.9178 61.3139 60.4937 60.1493 61.7794 61.4899 61.2714 61.3034 60.9554 61.1581 61.4119 62.0384 61.9197 61.3406 61.1643 61.0654 61.9472 62.4362 62.5625 62.1889 61.6037 61.6157 62.2833 61.7377 62.2193 62.2985 61.5965 61.2224 61.4306 61.2444 61.5134 61.9091 61.7716 61.4372 
57.7529 56.6177 57.4 57.5139 56.8728 56.2226 58.3509 58.019 57.9049 57.503 57.1132 57.5641 58.3057 58.7077 58.4462 57.5301 57.5307 57.7261 59.0702 59.3245 59.2625 58.5978 57.8646 58.024 59.3032 58.774 59.1692 58.9658 58.1309 57.803 58.4966 58.4945 58.9433 58.9187 58.6554 58.2388 
44.5894 44.8063 44.7009 44.9575 44.7494 44.8897 45.0388 44.6409 45.097 45.041 44.8372 45.219 45.2851 44.9397 45.2751 44.9441 44.7952 45.0869 45.7434 45.2825 45.3532 45.1451 45.0246 45.2789 45.9614 45.5911 45.692 45.4123 45.146 45.0978 46 46.4029 46.1857 46.131 45.9332 45.9164 
36.9799 37.2579 37.0811 37.5476 37.4833 37.658 37.3099 37.0353 37.7751 37.8615 37.6847 38.0666 37.5879 37.5967 38.0421 37.8512 37.6701 37.9063 37.7577 37.8002 38.1489 37.8433 37.7001 38.0651 38.1692 37.8252 38.2679 38.0575 37.7607 37.8142 38.2781 38.5543 38.4523 38.3529 38.4864 38.5447 
30.654 31.0189 30.6071 31.0418 30.8257 30.9774 31.2393 30.6158 31.326 31.4844 31.1768 31.394 31.3534 31.31 31.6452 31.5713 31.1299 31.2742 31.505 31.5979 31.9474 31.4716 31.3622 31.5263 31.9008 31.6693 31.9966 31.7624 31.5366 31.5547 31.9818 32.2668 32.2004 31.9194 32.1373 32.0553 
20.8852 20.5936 20.6795 20.71 21.0193 21.3845 20.7189 20.6478 20.4628 20.6775 21.0563 21.5244 20.8579 21.1487 20.7272 20.812 21.3481 21.6682 21.5542 21.2365 21.3049 21.1267 21.4719 21.9152 21.8327 21.4653 21.4667 21.3728 21.4415 21.9273 21.886 21.7295 21.8234 21.6026 21.9646 22.1886 
102.547 103.111 103.655 104.734 105.517 106.264 101.895 102.498 102.944 103.961 105.274 106.121 101.321 101.621 102.333 103.193 104.726 105.595 100.868 101.135 101.99 102.792 103.851 104.706 100.235 100.867 101.533 102.071 102.738 103.622 99.966 100.081 100.582 101.312 102.322 102.713 
99.7826 100.44 100.873 101.469 102.36 102.966 99.6576 100.213 100.873 101.803 102.668 103.175 99.6829 100.028 100.643 101.669 102.628 103.373 99.7435 99.8078 100.617 101.729 102.578 103.098 99.6653 100.114 100.853 101.587 102.123 102.586 99.737 100.036 100.606 101.434 101.887 102.117 
96.5545 97.2176 97.221 97.7945 99.8309 100.978 95.5799 96.4488 96.1399 96.3673 98.1048 100.569 95.9024 96.6857 96.5704 97.5358 100.305 100.633 96.2241 97.4607 97.0258 97.6496 99.2138 100.977 96.7484 97.144 98.6968 98.8372 99.4108 100.185 96.6368 96.9552 97.1988 98.6427 98.7553 99.3341 
94.0977 94.8944 95.5131 96.5001 97.6559 99.1419 93.14 94.1189 95.7347 96.0743 97.0398 99.1961 93.5753 93.9994 95.1698 96.8723 98.9549 100.362 94.2499 95.4317 95.8849 97.3974 99.0609 99.897 94.5778 95.0902 96.9343 97.5073 97.7352 98.4299 94.5198 95.4246 96.3411 97.4786 97.365 97.2278 
94.3701 94.6834 93.9107 93.7362 94.4239 95.9067 92.9195 93.5403 92.6479 92.994 94.5701 95.3327 92.4192 93.1153 92.7749 93.8709 95.6037 95.607 93.6387 93.699 93.6131 94.4563 94.9881 95.8985 92.8452 91.9165 94.0718 94.3566 95.6151 96.1409 92.664 93.0927 95.0702 95.786 96.7885 96.8854 
89.7077 89.7828 90.1245 90.7246 91.1501 91.3313 89.3209 89.6181 89.8912 90.5489 90.8986 91.2811 89.0123 89.2729 89.4673 90.1319 90.7695 91.2066 89.0192 89.1328 89.4132 89.9867 90.5121 91.0244 88.7736 88.9738 89.1056 89.7647 90.2298 90.5557 88.7967 88.9319 89.2551 89.5796 89.9196 90.164 
87.0637 87.0549 87.0425 87.4286 87.6612 87.8184 86.6735 86.9315 86.8338 87.3921 87.5547 87.8044 86.413 86.6468 86.5965 87.1423 87.3935 87.6914 86.1986 86.1463 86.3102 86.6959 87.0488 87.2829 85.9776 86 86.0261 86.4688 86.8032 87.0745 85.9883 85.9752 86.1382 86.399 86.663 86.8922 
84.4765 84.2801 84.2111 84.2303 84.1978 84.0908 84.0734 84.0952 83.6876 83.7715 83.7933 83.6482 83.8593 83.6754 83.5044 83.4559 83.2155 83.1056 83.5835 83.2758 82.9831 82.9974 82.6428 82.5485 83.2295 82.9173 82.6179 82.3509 82.2447 82.1073 82.9674 82.6052 82.284 81.9971 81.8315 82.0341 
82.1416 81.6722 81.0839 80.3853 79.7192 79.3206 81.8498 81.2935 80.3981 79.6457 79.0019 78.5036 81.5388 80.7624 79.8562 79.0809 78.3437 77.9708 80.8689 80.1088 79.1493 78.5317 77.7557 77.208 80.3211 79.4825 78.6192 77.8543 77.4409 77.0248 79.838 79.0587 78.0195 77.4257 77.0164 76.9768 
76.8244 76.4055 76.9879 77.6911 77.5648 77.5059 76.4617 76.7235 77.0627 77.1251 77.0146 77.3467 75.7692 75.5109 75.9643 75.6435 74.9733 75.8671 74.8955 74.0533 74.7979 74.9297 73.2163 74.3649 74.4729 73.6259 74.6441 73.9926 73.2553 74.3682 74.0054 73.9172 73.7138 73.3498 73.7781 74.2965 
71.8239 71.9792 72.0299 73.1494 72.671 72.6965 71.4068 71.8467 71.8113 72.8496 72.7095 72.6679 71.4631 71.3428 71.3012 72.2449 72.0277 72.4477 71.8803 70.5185 71.3466 71.994 71.4416 72.1245 72.2595 70.3576 71.1007 71.6183 71.6019 72.2486 70.8741 70.8669 70.5562 70.8528 71.6427 72.4225 
67.502 67.7867 68.0644 69.4417 68.9529 69.1054 67.3826 67.9634 67.7989 69.2098 69.1573 69.0743 67.3689 67.3943 67.3552 68.5704 68.4564 68.6695 67.6593 66.4098 67.4906 68.4399 68.1658 68.7901 68.2699 66.3019 67.3335 68.0812 68.2893 69.0596 67.0325 67.0107 66.8069 67.5153 68.2155 69.205 
60.4666 59.6279 60.6507 61.2354 60.6201 60.3636 60.97 60.9438 60.8264 61.014 60.9311 61.1207 60.4672 61.3288 61.3248 60.8887 60.954 60.8312 60.8882 61.5136 61.7384 61.5814 61.1984 61.225 61.1048 60.6933 61.1868 61.5066 61.0342 60.7176 60.2029 60.1291 60.3378 60.9635 61.0313 60.7128 
52.9677 53.9083 53.906 54.1342 53.7763 54.2579 53.2339 53.9345 54.0579 54.6413 54.0613 53.8334 52.2992 53.3607 53.7409 54.0323 54.1124 53.5107 52.3692 52.9516 53.7035 53.7819 53.7852 53.7145 53.5217 53.2965 53.1439 53.5839 53.2452 53.6798 53.8197 53.7586 52.9348 53.0451 52.9596 53.7509 
42.9029 43.2938 43.4864 43.616 43.6254 43.7398 43.1259 43.5676 43.6191 43.7037 43.7732 44.0001 43.1756 43.7054 43.8581 43.881 44.0295 44.1079 43.3888 43.7665 43.9758 44.1912 44.1581 44.1669 43.5998 44.0601 44.214 44.3903 44.314 44.3276 43.8287 44.3317 44.5754 44.6687 44.5188 44.5796 
31.4913 31.9929 31.8347 32.3627 32.3326 32.7184 32.0654 31.7845 32.6038 32.7754 32.6152 33.0827 32.2648 32.2382 32.7762 32.7558 32.5205 32.8979 32.3129 32.4218 32.8877 32.6275 32.6415 33.128 32.6927 32.4037 32.8533 32.8113 32.54 33.1823 32.6981 33.064 32.8325 32.9112 33.0835 33.6493 
16.3727 16.4133 16.6723 16.8283 17.132 17.9371 16.0804 16.1531 16.3401 16.6179 16.9044 17.7518 16.0273 16.3639 16.2622 16.4858 16.8431 17.6067 16.4212 16.4898 16.7273 16.6777 16.9841 17.7633 16.7238 16.6029 16.8408 16.9363 17.0563 18.9093 16.8404 16.8652 17.1047 17.1453 17.4415 19.149 
2.77069 2.77299 2.83451 2.88878 3.00214 3.25282 2.82689 2.77779 2.8375 2.9727 3.08275 3.28415 2.90777 2.91842 2.89324 3.0064 3.12643 3.33032 3.01235 3.03138 3.05905 3.08096 3.24868 3.48404 3.12637 3.11531 3.1609 3.2573 3.35461 3.70233 3.20395 3.20081 3.28729 3.37085 3.48954 3.81055 
101.729 102.786 102.819 103.333 103.332 103.415 100.801 101.759 101.928 102.23 103.001 103.076 99.8385 100.069 100.781 101.256 102.35 102.546 99.2937 99.3176 100.063 100.464 101.029 101.397 97.813 98.6015 99.3126 99.5757 99.7599 99.9551 97.3308 97.273 98.0217 98.4147 99.1564 98.9616 
99.8587 100.843 100.924 101.615 101.96 102.264 99.2401 100.257 100.296 100.55 101.487 101.949 98.3914 98.9309 99.6586 100.31 101.322 101.699 97.9325 98.3043 99.3013 99.8817 100.58 101.069 96.9044 97.7237 98.7312 99.2734 99.7281 100.037 96.7226 97.0982 97.7898 98.3034 99.2721 99.201 
93.8312 95.0718 95.9668 97.6323 98.2906 99.773 93.691 94.4437 96.8857 97.867 98.7076 100.05 93.5077 93.7162 95.6182 98.2812 99.766 101.5 93.8457 94.8445 96.5119 98.6361 100.34 100.621 94.107 94.7148 96.6702 97.8091 98.3044 99.0271 94.016 95.1841 96.611 97.854 98.351 98.0579 
93.241 94.425 95.2513 96.4844 97.7713 99.5131 91.9944 93.4115 95.3488 95.925 96.9912 99.5775 92.3832 93.2728 94.7681 96.8328 99.2851 100.972 93.0762 94.7028 95.5397 97.3699 99.2417 100.418 93.465 94.0966 96.505 97.2543 97.4516 98.5307 93.478 94.5497 95.8268 97.3034 97.2258 97.3203 
91.248 92.4801 93.7084 95.1514 95.7858 97.1745 90.6482 91.8997 94.252 95.3419 95.9854 97.4885 90.7683 91.5207 93.3344 95.5275 97.0352 98.8305 91.2633 92.3743 94.0237 95.9734 97.5059 98.1125 91.3199 92.0404 93.9364 95.264 95.6111 96.4809 91.3908 92.5814 94.2196 95.3311 95.5927 95.6258 
87.7679 88.5624 89.2727 90.496 91.2882 91.821 87.3296 88.2359 88.972 90.4609 91.1089 91.9261 86.9671 88.0315 88.9133 90.2733 91.21 92.1163 86.9086 87.5472 88.8623 90.0716 90.9748 91.7822 86.8578 87.3312 88.3796 89.6203 90.253 91.103 86.9982 87.5608 88.7476 89.4665 90.0542 90.8488 
84.8433 85.2946 85.7781 86.4673 87.2889 87.7852 84.5232 85.0293 85.4066 86.4439 87.0984 87.7287 84.2941 84.7454 85.2527 86.2398 86.8885 87.5047 84.0867 84.3823 85.0333 85.8119 86.6212 87.2152 83.8017 84.1148 84.6976 85.3705 86.2226 86.8588 83.9245 84.0907 84.6578 85.1989 85.8363 86.4147 
82.2103 82.5878 83.0254 83.4931 84.0142 84.4111 81.9557 82.3974 82.6762 83.3755 83.8204 84.1891 81.807 82.07 82.482 83.1984 83.6141 83.9805 81.4562 81.6258 82.1677 82.6581 83.2675 83.5388 81.2562 81.4298 81.8419 82.2276 82.8922 83.2572 81.2214 81.2834 81.649 82.0117 82.5201 83.0221 
80.1741 79.8356 80.6815 81.0234 81.4308 81.6905 79.8031 80.0416 80.6546 80.4659 80.6668 81.2605 78.8915 78.8292 79.7303 79.1535 78.7642 79.6419 77.586 77.5801 78.2361 78.3082 77.0442 78.0564 76.8481 77.1325 77.9949 77.2185 76.8163 77.7591 76.9835 76.9948 77.0753 76.7382 77.1024 77.432 
78.3847 78.0428 78.8569 79.2257 79.6326 79.8968 77.8572 78.1914 78.8529 78.6731 78.8806 79.4833 76.8855 76.88 77.8148 77.3532 77.074 77.9597 75.5835 75.5628 76.3719 76.59 75.3854 76.4531 74.7205 74.9772 75.9964 75.5557 75.1586 76.1646 74.8001 74.8947 75.1016 74.9862 75.4727 75.7683 
75.2478 74.8528 75.701 76.559 76.6206 76.6373 74.8254 75.19 75.7819 76.0049 76.0295 76.4608 74.1361 74.0506 74.7327 74.5186 73.9787 74.9478 73.1881 72.4405 73.596 73.8045 72.1848 73.496 72.8136 72.0775 73.3628 72.9207 72.2916 73.564 72.3631 72.4032 72.3607 72.229 72.855 73.3409 
63.5284 64.065 66.0031 66.9322 67.6799 67.4724 62.4322 63.8236 64.491 65.7751 66.3923 66.9193 62.0082 63.3191 63.9546 64.0382 65.5135 66.038 61.5113 62.2006 63.5757 64.0564 64.7539 65.5263 61.1271 62.1967 63.1042 63.9295 65.0288 65.6651 61.1397 62.4506 62.7422 63.7708 64.8138 65.1691 
55.324 56.1647 56.3702 56.8004 56.4463 56.7662 55.1935 56.0885 56.271 57.1062 56.5306 56.1229 53.9863 55.3724 55.7663 56.0079 56.3213 55.6491 53.8682 54.4424 55.4325 55.5076 55.6362 55.7051 54.9875 54.7822 54.6766 55.2462 55.0547 55.691 55.3397 55.2589 54.293 54.4317 54.6203 55.53 
50.5213 51.5129 51.6808 51.8661 51.4914 51.7342 50.3998 51.4043 51.6947 52.1912 51.6829 51.2803 49.4525 50.9095 51.2686 51.2743 51.6895 51.209 49.8082 50.5692 51.065 50.9577 50.9031 51.0422 50.9036 50.9664 50.362 50.8586 50.5251 51.0285 51.1494 51.3315 50.2399 50.1357 50.2094 51.0922 
44.2279 44.9336 44.8264 44.831 44.308 44.4837 44.2166 44.8584 45.0724 45.3577 44.4899 44.0775 43.303 44.4638 44.7275 44.6745 44.6126 44.0496 43.6465 43.9124 44.5243 44.2781 43.9625 43.8813 44.8292 44.4772 44.0102 44.2722 43.5586 43.9059 45.1366 45.0031 43.9261 43.5008 43.3437 44.0496 
28.2316 28.3099 28.4205 28.4549 28.4008 28.4773 28.2237 28.1505 28.1934 28.0997 28.0932 28.1899 27.8276 28.1154 27.9537 28.055 27.9803 27.9777 27.8557 27.89 27.9838 27.9628 28.0089 27.9485 27.9587 28.021 28.001 28.0664 27.9433 28.0078 28.0472 28.251 28.2614 28.1629 28.07 28.0821 
3.4608 3.4123 3.37502 3.34465 3.36415 3.51123 3.44578 3.30177 3.2762 3.27525 3.29063 3.3451 3.35905 3.3459 3.20058 3.22402 3.19406 3.26679 3.36367 3.31346 3.28171 3.19391 3.21348 3.31487 3.4303 3.33951 3.30893 3.30986 3.27028 3.50736 3.45527 3.40114 3.37923 3.37147 3.38508 3.55856 
0.845087 0.744686 0.730359 0.793744 0.897568 1.03691 0.720643 0.559355 0.544836 0.593921 0.736959 0.877443 0.596392 0.524713 0.420323 0.469926 0.546293 0.736911 0.554289 0.484083 0.473051 0.437284 0.526208 0.693923 0.584822 0.49678 0.473664 0.492452 0.56512 0.717449 0.64467 0.568199 0.535847 0.548198 0.617747 0.775088 
