3561272
106.183 105.318 104.917 104.557 103.134 102.782 102.504 106.623 105.703 104.527 104.019 103.319 101.829 101.097 106.222 105.417 104.547 103.09 102.492 101.695 101.132 105.496 104.896 104.416 103.191 101.876 101.514 101.152 105.867 104.985 103.784 102.69 101.638 100.715 100.896 105.857 104.473 103.13 102.458 101.826 101.111 100.844 105.751 104.827 103.443 102.394 101.37 100.744 100.536 
103.475 102.804 102.103 101.485 99.8845 99.7295 99.6975 103.669 103.027 101.815 101.174 100.35 99.5464 99.0608 103.349 102.807 101.746 100.509 99.904 99.4298 99.076 102.654 102.127 101.77 100.809 99.8251 99.4178 99.113 102.859 102.221 101.231 100.549 99.967 99.1209 99.2544 103.046 101.802 100.689 100.555 100.087 99.4635 99.1459 103.115 102.193 101.204 100.527 99.9857 99.3309 99.0188 
98.3422 98.9905 98.3399 98.0368 98.1737 97.4919 96.2972 100.334 99.5892 98.2125 97.1432 98.1496 98.5112 97.2626 101.384 100.822 99.323 97.3622 98.5592 99.0638 97.0359 100.976 100.427 99.3135 97.4315 98.7141 98.6465 97.6537 101.062 100.322 98.7391 97.5885 99.6667 98.8351 99.9128 101.687 101.652 98.9951 98.6572 101.485 99.9377 99.5587 101.769 102.845 101.954 100.787 101.869 100.161 101.881 
97.7812 97.3767 96.6615 95.8072 94.8301 94.3272 94.1353 97.8032 97.1524 96.6079 95.6555 94.6629 94.2399 94.2663 97.721 96.8758 96.107 95.4582 94.6071 94.226 94.1571 97.6019 96.9708 96.1903 95.2478 94.5152 94.0564 94.02 97.5848 97.0002 96.1803 95.2352 94.4974 93.8599 93.6713 97.5062 96.8401 96.01 95.0992 94.3298 93.7995 93.6084 97.0601 96.5157 95.7884 95.1285 94.2981 93.7811 93.4408 
94.9222 94.5863 93.9833 93.2664 92.5484 91.8569 91.6132 95.0002 94.3548 93.9413 93.0477 91.9904 91.6294 91.6748 94.8723 94.081 93.3668 92.7013 91.7485 91.1501 90.9458 94.725 94.5357 93.7733 92.5445 91.5493 90.7931 90.8523 95.043 94.4376 93.6186 92.4477 91.3292 90.5573 90.3464 94.8558 94.2043 93.2922 92.009 90.8627 90.0571 90.1287 94.2552 93.785 92.7539 91.6489 90.4813 89.8647 89.6482 
88.9631 88.3298 88.0714 87.1495 86.088 85.8842 85.4781 90.1603 89.3394 88.5322 87.7862 86.7897 86.156 85.51 90.5497 89.9246 88.993 88.0242 87.1092 86.1434 85.6895 91.0519 90.3961 89.3367 88.2966 87.2243 86.6159 85.8596 91.181 90.2697 89.7555 88.7866 87.5275 86.5995 86.3382 91.0338 90.4438 89.6131 88.43 87.3439 86.6249 86.3204 90.62 90.2079 89.1806 88.2113 87.0154 86.5403 86.4988 
83.9341 83.5083 82.8737 82.0656 81.686 81.1505 80.7933 84.0003 83.3614 82.7428 82.0682 81.1643 80.6531 80.4747 84.3341 83.3984 82.7218 82.0076 81.1497 80.5559 80.6084 84.1848 83.5491 82.8303 82.3637 81.4428 80.702 80.2967 84.0724 83.7533 83.073 82.3634 81.6919 81.0264 80.7255 84.8278 83.7902 83.2113 82.6677 82.1309 81.8006 81.4401 84.7965 84.133 83.5116 82.9828 82.6095 82.2531 81.7905 
81.9263 81.3289 80.6013 79.9063 79.4748 78.75 78.3154 81.6249 80.8647 80.1353 79.4177 78.6236 78.1472 77.704 81.4756 80.5953 79.8211 79.0391 78.1704 77.5215 77.4982 80.7239 79.8999 79.0532 78.6338 77.8507 77.0225 76.5599 79.9416 79.2884 78.6227 78.055 77.4425 76.8624 76.3721 80.0179 78.7795 78.1759 77.6184 77.1044 76.8218 76.5002 79.4303 78.6552 77.8401 77.3003 76.955 76.6739 76.3643 
77.3533 77.1848 76.3312 75.8221 75.7327 75.0601 74.879 76.6928 76.1552 75.5261 74.8441 75.0116 74.4689 74.2794 75.8984 75.2473 74.7904 74.1197 73.9613 73.3552 73.7096 74.7924 74.1603 73.7935 73.4557 73.1781 72.4613 72.6515 73.6541 73.0285 72.5578 72.3591 71.9978 71.7093 71.6378 73.1657 72.3016 71.7578 71.4932 71.4176 71.1291 71.2591 72.5309 71.8914 71.3105 71.1193 71.0168 70.7555 70.8672 
72.3333 72.1037 71.835 72.253 71.7136 71.5838 71.0423 71.7267 71.375 71.2103 70.7583 69.9886 70.2654 69.6221 70.2614 70.1336 69.811 69.609 69.011 69.1279 69.0696 69.4873 69.0936 68.4658 68.0304 67.7447 67.8276 67.7517 68.3745 67.8364 67.204 67.0369 66.7262 66.6778 66.5672 67.6206 67.0052 66.2292 65.8314 65.709 65.5269 65.5087 66.7027 65.7888 65.5877 65.3901 65.5963 65.2529 64.7947 
58.5261 57.8555 55.9315 57.4647 57.1741 57.5627 57.6097 58.1387 57.5453 56.3748 56.4106 55.6987 56.9278 56.9661 57.8061 57.3361 56.842 56.8745 56.0255 56.454 56.5082 57.6497 57.4091 56.7685 57.342 57.5788 56.6114 56.4097 57.3338 57.2572 56.886 56.8596 56.4456 56.9309 56.2266 56.6802 56.5383 56.1135 55.7059 55.3455 56.6659 56.2949 56.9274 56.1737 56.2798 55.8337 56.5488 56.3881 57.7397 
53.6506 52.8979 51.1721 52.836 52.6271 53.1793 53.4122 53.5775 53.072 52.0576 52.3076 51.6206 52.9021 53.2284 53.7848 53.4034 53.2358 53.2771 52.5692 53.067 53.2164 54.1723 54.0913 53.7263 54.4197 54.6335 53.7692 53.5893 54.3235 54.4476 54.2921 54.409 54.0583 54.5002 53.8017 53.9696 54.1803 53.8887 53.6008 53.3463 54.74 54.321 54.6419 54.2982 54.4814 54.0642 54.8487 54.7184 56.1402 
50.5388 49.9165 48.1187 49.9718 49.7397 50.2492 50.5188 50.6372 50.2636 49.038 49.4086 48.7947 50.2059 50.5102 50.9515 50.6117 50.389 50.5657 49.9255 50.5618 50.6297 51.5393 51.4833 51.1003 51.9597 52.315 51.4132 51.1886 51.8879 51.9621 51.948 52.1308 51.8513 52.3874 51.6124 51.6513 51.9265 51.7063 51.5207 51.2547 52.8368 52.4058 52.5173 52.218 52.4448 52.1136 52.9685 52.8296 54.3956 
37.2441 37.2733 37.7956 38.7651 38.9284 39.6816 40.4205 37.2681 37.3831 37.6781 38.1526 38.8912 39.3339 40.0902 37.3101 37.7395 38.3038 38.6225 38.688 39.2071 39.0748 37.6231 37.9339 38.8222 39.2481 39.2355 39.3702 40.0702 37.5142 37.9126 38.2456 38.7913 38.9689 39.2694 39.5945 37.013 37.8379 38.2443 38.5494 38.8462 39.0733 39.7676 37.5825 38.1359 38.4882 38.7952 39.0305 39.2915 40.1928 
35.3246 35.5084 36.1121 37.0816 37.4578 39.081 39.8509 34.7019 34.8786 35.2694 35.8399 36.6461 37.9018 38.6884 34.4199 34.8808 35.6089 35.9778 36.201 36.717 37.4348 34.5181 34.8464 35.76 36.2935 36.4292 36.5616 37.2262 34.2773 34.7118 35.0209 35.6017 35.8774 36.2055 36.7706 33.5596 34.477 34.8793 35.1987 35.5469 35.8997 36.8421 34.0499 34.6028 34.9827 35.3594 35.7864 36.1391 37.1726 
109.058 108.034 107.323 106.667 106.082 104.921 104.036 109.309 108.059 107.17 106.452 105.914 104.003 102.916 109.158 107.852 107.092 106.061 105.324 104.203 103.288 108.873 108.033 106.876 105.698 104.725 104.037 102.991 108.909 107.821 106.694 105.457 104.289 103.209 102.635 108.681 107.713 106.694 105.261 104.423 103.591 102.914 108.6 107.594 106.648 105.406 104.039 103.613 103.008 
99.795 100.466 99.9112 99.6853 99.9646 99.3576 98.1127 101.8 101.095 99.8305 98.8852 99.9192 100.184 98.9913 102.955 102.37 100.932 99.0816 100.284 100.767 98.7939 102.693 102.113 100.958 99.1347 100.297 100.348 99.388 102.773 102.012 100.478 99.3566 101.244 100.494 101.532 103.313 103.253 100.7 100.345 103.095 101.642 101.266 103.346 104.39 103.484 102.281 103.411 101.792 103.389 
97.8938 98.6429 98.0409 97.7898 97.9764 97.2436 96.1633 99.9281 99.2518 97.8455 97.0258 98.1668 98.5765 97.5418 101.104 100.615 99.2234 97.6437 98.6274 99.1963 97.3278 101.069 100.458 99.3621 97.8612 99.2536 99.2063 98.202 101.173 100.593 99.1851 98.2631 100.471 99.8085 100.709 101.886 102.023 99.4555 99.1675 102.338 100.905 100.558 102.049 103.202 102.512 101.575 102.784 101.153 102.81 
96.8946 97.3582 96.8618 96.6852 97.1267 96.5278 95.2994 98.8701 98.0891 96.8249 95.9652 97.1253 97.6238 96.4953 99.9732 99.4918 98.1373 96.459 97.7123 98.263 96.3348 99.84 99.4891 98.364 96.6606 98.0343 97.9591 97.0121 100.081 99.3249 97.9859 96.9968 99.0499 98.2634 99.2148 100.608 100.68 98.2798 97.8743 100.785 99.3154 98.9263 100.62 101.728 101.062 99.9793 101.123 99.6512 101.321 
90.0535 90.3004 90.8595 91.3534 91.0612 91.1688 91.6529 91.3239 91.0549 91.6865 92.206 92.5474 91.6744 92.0105 92.1407 92.6234 92.8421 93.3135 93.0213 92.4084 92.4798 93.5405 93.2952 93.4335 93.255 93.2503 92.8883 92.1602 94.3057 93.3309 93.5507 94.3798 94.552 94.3157 93.8564 94.5556 93.7032 93.836 93.8945 95.0413 94.6336 94.3383 94.3267 94.0316 94.1334 93.8366 93.9689 93.6828 94.1539 
88.2436 87.4747 87.6647 87.127 86.2924 86.5172 87.0227 88.9154 88.4503 87.7813 87.4441 87.0507 87.0787 86.8807 89.5673 88.4602 88.3574 88.0133 87.5944 86.9908 86.8925 90.0029 89.0315 89.2211 88.9174 88.2866 88.1873 87.9596 90.6229 90.4399 90.3608 89.5933 88.9098 88.5821 88.267 91.2669 91.0553 90.8423 89.7273 88.8367 88.7483 88.6435 90.8732 91.0893 90.8191 90.1883 89.5804 89.8035 89.4568 
83.369 83.0907 83.0268 82.6461 82.2761 82.4773 82.3568 84.1933 83.7768 83.586 83.4174 83.0583 82.7679 82.6204 84.8978 84.6083 84.3308 83.9907 83.65 83.1721 83.111 85.6628 85.391 84.7762 84.4822 84.1679 83.9328 83.5443 86.0562 85.8201 85.6248 85.1962 84.8913 84.5968 84.4672 86.566 86.3316 86.055 85.73 85.3566 85.2078 84.9734 86.9312 86.5442 86.256 85.9755 85.6197 85.4744 85.4653 
79.2752 79.2772 78.884 78.6096 78.7441 78.3589 78.3414 79.3631 79.0499 78.7267 78.619 78.8689 78.3492 78.4646 79.5299 79.1048 79.0078 78.6949 78.8812 78.2733 78.4983 79.4626 79.0584 79.0436 78.9296 78.8791 78.2365 78.4485 79.18 79.1012 79.0733 78.9819 78.7934 78.3334 78.3361 79.1856 79.0483 79.0221 78.9804 78.9074 78.4795 78.5625 79.3242 79.1575 78.9187 78.9369 78.9541 78.6106 78.8742 
74.758 74.621 74.5569 75.0058 74.6814 74.4797 74.0648 75.0165 74.7036 74.6601 74.605 74.2212 74.3 73.8475 74.5716 74.398 74.5277 74.3568 74.2599 74.1078 74.0806 74.5286 74.3258 74.0846 73.921 73.8187 73.5451 73.5748 74.2464 73.8213 73.5562 73.6478 73.4868 73.2574 73.0423 74.1163 73.8572 73.2072 73.0453 73.063 72.8855 72.8024 73.8419 73.4023 73.0416 72.9704 73.3219 72.8888 72.6666 
71.3987 71.4198 71.3421 71.5965 71.2903 71.2023 70.8791 71.3287 71.1388 71.1727 70.8659 70.5163 70.6913 70.378 70.4952 70.4323 70.5306 70.4643 70.3236 70.2835 70.3296 70.199 70.0355 69.9947 69.8406 69.8675 69.8058 69.8089 69.7634 69.4887 69.3343 69.3396 69.1878 69.0976 68.9951 69.5202 69.3936 68.8813 68.6338 68.6367 68.4912 68.5146 69.1379 68.7488 68.5697 68.5185 68.7988 68.4779 68.3641 
64.06 64.0238 64.2078 64.5695 64.2544 64.3235 64.0209 64.0618 64.0067 64.1472 64.054 63.4468 63.7675 63.5186 63.5138 63.6252 63.7987 63.836 63.5686 63.7499 63.7136 63.5862 63.8859 63.7366 63.5057 63.4139 63.6467 63.4833 63.4548 63.5559 63.4677 63.4591 63.3609 63.2095 63.1916 63.2892 63.4215 62.9996 62.8277 62.8774 62.8232 62.7889 63.0475 62.8424 62.9279 62.8977 63.2432 62.9996 62.6531 
54.21 53.5287 51.8717 53.5104 53.3554 53.8602 54.0275 54.3252 53.9045 52.996 53.2448 52.6117 53.8651 54.1171 54.66 54.3679 54.2438 54.298 53.6468 54.1506 54.26 55.1374 55.1709 54.8977 55.583 55.8828 55.0203 54.7996 55.5529 55.6767 55.6269 55.7502 55.5446 55.9747 55.2517 55.3914 55.654 55.4514 55.1764 54.9565 56.3067 55.8897 56.1664 55.836 56.1013 55.7278 56.5033 56.3655 57.7388 
49.6139 49.5234 49.3199 49.1445 49.0506 49.2057 49.4423 49.5789 49.5624 49.5173 49.4149 49.3533 49.3321 49.5682 49.7764 49.7696 49.7193 49.6587 49.6311 49.6099 49.6864 49.9931 50.148 50.0152 49.8691 49.7758 49.944 49.9557 50.2047 50.4137 50.2551 50.0577 50.0433 50.0379 50.0568 50.3726 50.567 50.4295 50.2484 50.286 50.3122 50.2902 50.7867 50.9667 50.781 50.5282 50.4818 50.5783 50.5759 
33.7439 33.5472 33.3772 33.4561 33.3619 34.0339 33.8353 33.6946 33.8465 33.5161 33.3615 33.2076 33.4489 33.5856 33.8552 33.8123 33.7762 33.3043 33.0443 32.8456 33.3367 33.6151 33.5181 33.4035 33.5537 33.1107 33.3091 33.2078 33.854 33.5012 33.768 33.7975 33.8331 33.672 33.5653 34.415 34.0965 33.9468 34.1574 34.1541 34.429 34.1062 34.6811 35.0464 34.858 34.4442 34.8727 35.0509 34.8655 
32.7419 32.8202 33.2502 34.1556 34.4514 35.7592 36.3254 32.0859 32.0885 32.3607 32.842 33.6066 34.6952 35.2083 31.5761 31.9688 32.4738 32.7712 32.9461 33.3746 33.7332 31.456 31.6791 32.4621 32.9247 33.0008 33.0551 33.4867 31.0327 31.371 31.5961 32.0919 32.2644 32.4614 32.7277 30.2946 30.9399 31.3274 31.5535 31.753 31.9084 32.5954 30.6392 31.0009 31.1959 31.5658 31.7837 31.978 32.7625 
111.75 110.681 110.287 109.309 108.361 108.097 106.215 111.631 110.536 109.246 109.049 108.259 106.713 104.842 111.351 110.928 109.761 109.049 107.998 106.756 105.015 110.888 110.699 110.515 109.577 109.317 106.811 105.243 110.547 110.907 111.433 110.434 109.527 108.183 105.592 110.869 110.919 111.254 110.139 109.69 108.564 106.679 111.206 110.342 110.27 109.69 108.845 108.444 107.243 
105.011 104.919 104.976 104.713 103.899 103.419 103.601 105.371 105.412 104.88 105.091 104.768 104.275 104.425 105.555 106.128 106.197 106.333 105.014 104.276 104.34 106.537 106.397 106.493 107.056 106.474 105.709 105.229 106.984 107.618 107.505 107.601 107.004 106.716 106.301 107.358 107.539 106.965 106.774 107.035 106.701 106.788 107.571 107.476 107.223 107.591 107.328 106.969 106.74 
98.3256 99.1283 98.7626 98.6992 99.0514 98.477 97.4395 100.454 99.8906 98.6669 98.1026 99.3173 99.8225 98.917 101.583 101.414 100.284 98.8967 99.8329 100.431 98.7395 101.654 101.311 100.439 99.1267 100.491 100.509 99.6569 101.853 101.504 100.322 99.5527 101.624 101.114 102.028 102.621 102.963 100.521 100.3 103.447 102.202 101.932 102.853 104.116 103.4 102.612 103.857 102.442 104.087 
98.0871 97.9779 98.5433 98.4112 98.9856 99.5069 99.5189 98.7081 97.7698 97.8027 99.1552 100.307 100.371 100.374 98.8013 97.6797 98.6654 100.53 100.667 100.177 101.106 99.0341 97.9516 99.2645 100.454 100.555 100.19 100.965 98.4855 98.5774 99.6148 101.187 101.225 100.624 100.737 99.9922 99.453 99.9034 100.152 101.698 101.126 100.314 100.214 99.5221 99.8684 100.263 100.621 101.178 101.083 
90.2739 90.5857 91.7997 92.6573 92.6263 93.0261 94.1487 91.398 91.3411 92.1835 93.4239 94.3073 93.8464 94.4398 91.9243 92.695 93.4541 94.5838 94.6361 94.1677 94.4941 93.1625 92.9854 93.9405 94.4439 94.9077 94.878 94.3706 93.9863 93.2435 94.0275 95.5305 96.2337 96.2765 95.7686 94.1436 93.6793 94.3961 94.771 96.389 96.4401 96.1229 93.6465 93.8842 94.55 94.642 95.4177 95.4818 96.0181 
88.2474 88.7059 89.4959 90.4464 90.2816 90.2545 91.2269 89.1615 88.8074 89.7258 90.8261 91.4482 90.6548 91.2769 89.3904 89.8186 90.5127 91.543 91.5208 90.9398 91.1568 90.3716 89.773 90.6376 91.0016 91.4504 91.0189 90.7992 90.8174 89.9053 90.6541 91.6511 92.377 92.4197 92.0789 90.9842 90.6591 91.2197 91.476 92.8282 93.0479 92.5929 91.0093 91.0468 91.6559 91.7447 92.3936 92.1145 92.6306 
85.24 85.4412 85.9265 85.8309 85.4313 85.8139 86.5501 85.4736 85.675 85.5868 85.5951 85.7931 86.0304 86.3088 85.7739 85.1853 85.6309 85.8481 85.9362 85.7657 85.962 85.9438 85.2114 86.0741 86.3424 86.4041 86.5415 86.8074 85.8712 86.1164 86.581 86.5314 86.5852 86.6381 86.7239 86.0883 86.4393 86.8704 86.4319 86.2217 86.5158 86.9113 85.8238 86.3089 86.6071 86.522 86.6124 87.0338 87.3106 
81.8333 81.929 82.0779 82.2799 82.3468 82.2554 82.2503 81.8857 81.8142 81.9129 82.2345 82.5068 82.2853 82.3349 82.2202 82.0541 82.0727 82.2767 82.515 82.3104 82.3525 82.4502 81.7718 82.1964 82.3265 82.5398 82.2414 82.374 81.565 81.5969 82.5096 82.5365 82.5432 82.3723 82.4611 81.1106 81.6224 82.4757 82.5016 82.4531 82.4456 82.4755 81.2199 81.5224 81.9396 82.1687 82.3124 82.251 82.6305 
76.1882 76.3391 76.1298 76.1515 76.4517 76.1003 76.3427 76.258 76.1766 75.9971 76.0506 76.7276 76.4394 76.5972 76.4444 76.1649 76.3568 76.0857 76.6169 76.2238 76.5435 76.2939 75.962 76.5349 76.6254 76.6514 76.0597 76.5088 75.6753 75.6357 76.2102 76.4348 76.3371 76.0354 76.3017 75.2547 75.6317 76.0051 76.0962 76.3298 76.0701 76.4957 75.3156 75.6381 75.642 75.9442 76.2766 76.0631 76.7656 
69.1745 69.2805 69.7271 70.6424 70.1594 70.3879 70.0182 69.4987 69.6012 69.9778 70.2351 69.5517 70.0594 69.7287 68.8642 69.2979 69.8441 70.1802 69.9933 70.4313 70.2706 69.2989 69.7832 70.0482 70.0552 69.9953 70.3836 70.1066 69.3475 69.4235 69.7176 70.1221 70.1921 70.1535 70.0413 69.4905 69.8021 69.4426 69.4599 69.7308 69.8858 69.8853 69.3398 69.322 69.5234 69.7078 70.3401 70.0658 69.8424 
63.2993 63.8139 63.5948 63.4667 63.7028 63.4808 63.3508 63.0084 63.4326 63.4815 63.3207 63.3258 63.4426 63.4104 62.5836 63.1051 63.2658 63.5693 63.4889 63.6166 63.6093 62.4709 63.3155 63.4753 63.5682 63.8278 63.968 63.8282 62.7046 63.0711 63.6317 63.7496 63.6982 63.8832 64.1015 62.7947 62.7289 63.1848 63.7315 63.7482 63.8113 63.8494 63.1822 63.1396 63.2601 63.8568 63.9477 64.1216 64.1548 
57.5431 57.8693 57.7578 57.5598 57.6467 57.8772 58.1275 57.4331 57.8115 57.8477 57.7453 57.9234 58.0768 58.3267 57.369 57.8593 58.0131 58.0687 58.0918 58.4124 58.5838 57.5985 58.4269 58.5273 58.4627 58.5908 58.9756 58.9236 57.8666 58.5146 58.8023 58.8191 59.0605 59.2117 59.2434 58.1865 58.7236 58.7324 58.8856 59.1791 59.4093 59.3419 58.5511 59.0194 59.0923 59.145 59.2933 59.3909 59.3965 
41.806 41.6177 41.499 41.5825 41.4874 41.5827 41.4334 42.2147 42.2378 42.0401 41.8812 41.7405 41.5314 41.6473 42.5197 42.537 42.4104 42.0099 41.841 41.7686 41.8567 42.5903 42.6202 42.4956 42.4849 42.1522 42.3603 42.3179 43.1456 42.849 43.0005 42.9252 42.899 42.8025 42.7944 43.791 43.5755 43.3651 43.4656 43.4892 43.7179 43.4443 44.1625 44.3376 44.2076 43.8846 44.2391 44.3786 44.2275 
26.4938 26.1607 25.9899 25.9806 25.9195 26.2709 25.8376 26.9621 26.8777 26.4931 26.3219 26.1572 26.0016 26.0019 27.351 27.14 26.9711 26.4504 26.2335 26.024 25.9505 27.2527 27.0427 26.8511 26.9475 26.4151 26.5945 26.4603 27.6412 27.0947 27.33 27.3317 27.3112 27.0272 26.8494 28.307 27.8398 27.5595 27.8692 27.9316 27.989 27.512 28.6483 28.8791 28.6661 28.2423 28.6763 28.7107 28.3437 
21.2453 20.9809 20.9056 21.0274 21.1218 21.9115 21.4158 21.1808 21.2285 21.1247 20.8815 20.776 21.1204 21.2657 21.3249 21.0911 21.2938 20.8355 20.6158 20.5397 20.9843 20.9442 20.9129 20.7653 21.07 20.7276 21.0266 20.9308 21.171 20.7425 21.2306 21.3299 21.5002 21.4176 21.1655 21.768 21.3569 21.3262 21.8411 21.9894 22.342 21.8815 21.9841 22.4539 22.3938 22.1341 22.7962 22.8308 22.4836 
115.929 114.638 113.981 112.727 111.596 111.507 109.615 115.226 114.307 112.976 112.421 111.501 110.376 108.251 114.933 114.858 113.435 112.852 111.861 110.39 108.315 114.77 114.585 114.378 113.907 113.926 110.592 108.708 114.388 114.975 115.461 114.8 114.363 112.471 109.203 114.684 114.96 115.411 114.47 113.957 112.572 110.355 115.091 113.96 114.036 113.838 113.071 112.595 111.234 
112.896 112.169 111.894 111.138 110.265 110.224 109.139 113.015 112.29 111.358 111.164 110.54 109.687 108.533 112.942 112.999 112.092 111.69 111.014 110.076 108.902 113.07 113.061 113.235 112.667 112.638 110.618 109.509 113.152 113.573 114.153 113.747 113.335 112.32 110.364 113.954 114.133 114.327 113.723 113.595 112.775 111.319 114.582 113.839 113.697 113.725 113.433 113.213 112.146 
105.688 105.277 105.503 104.964 105.397 105.654 105.458 105.803 105.01 104.699 105.588 106.289 106.569 106.403 105.831 104.52 105.402 106.905 106.654 106.159 106.977 105.765 104.732 105.918 107.206 107.031 106.56 107.48 105.129 105.803 106.589 107.704 107.301 106.754 107.058 106.878 106.9 106.956 106.822 107.73 107.176 106.611 107.425 106.862 106.818 107.264 107.534 108.026 107.581 
103.555 103.328 103.88 103.473 104.529 105.17 104.903 103.617 102.996 103.168 104.163 105.112 105.836 105.68 103.52 102.198 103.254 104.759 105.305 105.446 106.383 102.896 102.056 103.356 104.546 104.857 105.068 106.186 101.91 102.459 103.436 104.655 104.691 104.416 104.897 103.535 103.384 103.779 104.061 105.078 104.838 104.187 103.768 103.23 103.424 104.057 104.768 105.599 105.284 
97.3082 97.2937 98.0232 98.2715 99.1926 99.6867 99.8684 97.6023 96.7856 97.305 98.8517 99.9007 100.127 100.289 97.3603 96.3671 97.5172 99.3118 99.8501 99.7314 100.602 97.2117 96.1918 97.4935 98.6391 99.094 99.1248 100.155 96.5925 96.4501 97.3916 99.0463 99.5217 99.0798 99.482 97.6516 97.1736 97.772 98.2737 99.9661 99.7058 98.9747 97.8344 97.189 97.6978 98.3625 99.1756 99.7085 99.6478 
91.8728 91.8901 92.3554 92.8962 92.9666 92.5743 93.4756 91.9967 91.6397 91.8611 92.6153 92.8331 92.5829 92.9814 91.257 90.7682 91.5192 92.292 92.3746 91.9146 91.8429 90.8328 89.7378 90.9776 91.4114 91.88 91.4526 92.1532 90.851 90.4447 91.0974 90.892 91.4106 92.0137 91.909 90.908 91.224 91.5413 91.1965 91.6434 92.6669 92.2467 90.9773 91.3485 91.994 92.1219 92.7208 92.8246 93.048 
87.9852 88.4073 88.8069 89.513 89.724 89.6366 90.3232 88.0253 87.9521 88.536 89.2993 89.5888 89.312 89.8939 87.4989 87.4656 88.2003 88.965 89.2365 88.9406 89.0881 87.327 86.8318 87.7102 87.9753 88.5972 88.3736 89.0747 87.2375 86.9678 87.4625 87.4526 88.0579 88.7166 89.0879 87.2303 87.4728 87.7926 87.7678 88.3414 89.4028 89.3603 87.4874 87.7044 88.2147 88.367 88.9723 89.2403 89.7848 
82.0826 82.9519 83.6314 84.2077 84.7207 85.2546 85.7016 82.0368 82.9822 83.5395 84.156 84.6296 84.7469 85.0898 82.171 82.6299 83.4469 83.9038 84.1992 84.3259 84.4132 82.2494 82.292 83.0322 83.3756 83.8557 83.9398 84.5839 81.546 82.0893 82.599 82.9539 83.3292 83.7366 84.4412 81.2278 81.6554 82.4559 82.5249 82.9371 83.5247 84.4058 81.0721 81.5137 81.9786 82.3195 82.6242 83.3687 84.381 
76.2186 76.5468 77.1032 77.6556 77.9511 78.3188 78.4277 76.0269 76.4936 77.0627 77.5076 77.7985 78.1217 78.3695 76.0427 76.2872 76.6843 77.0318 77.4074 77.8016 78.1862 76.0787 76.0108 76.2629 76.823 77.3186 77.5879 78.2259 75.916 75.6969 76.1324 76.752 77.2443 77.6904 78.3041 75.826 75.9364 76.5385 76.8144 77.2374 77.7008 78.4153 75.6568 76.0729 76.4838 76.6847 77.1928 77.6108 78.2937 
68.8318 69.5772 69.4917 69.7338 70.4226 70.5568 70.4491 68.5871 69.2923 69.4913 69.6292 69.9349 70.4616 70.65 68.2841 68.9689 69.3191 69.7169 70.0632 70.5236 70.8886 68.3214 68.8792 69.2797 69.6806 70.3015 70.7678 71.1447 68.5328 68.7891 69.5305 70.0112 70.2498 70.8887 71.7104 68.7229 68.6213 69.4669 70.3802 70.8367 71.0594 71.7011 69.2328 69.4421 69.6745 70.718 71.2613 71.8494 72.1352 
64.2891 65.2049 64.8251 64.7509 65.239 65.4875 65.3223 63.8591 64.7495 64.6133 64.5848 64.9385 65.3575 65.4424 63.3 64.2435 64.4738 64.846 65.0223 65.5036 65.6732 63.0849 64.294 64.5656 64.8622 65.3281 65.7906 65.9102 63.2788 63.814 64.5784 65.0405 65.2664 65.8074 66.2874 63.3719 63.4014 64.0485 65.0383 65.3251 65.7105 65.8969 64.0219 64.2481 64.3377 65.1791 65.5446 66.029 66.0464 
61.3797 61.9596 61.5726 61.5881 62.0297 62.0872 61.9168 61.1978 61.7793 61.6153 61.4454 61.637 62.0305 62.0662 60.773 61.5353 61.5505 61.6779 61.821 62.1233 62.3229 60.7648 61.5509 61.5859 61.7019 62.0921 62.3651 62.3852 61.2121 61.473 61.7706 61.8033 61.9308 62.4207 62.6952 61.309 61.2011 61.5459 62.0607 62.2545 62.4261 62.4295 61.7592 61.7949 61.7437 62.3272 62.5423 62.8375 62.7472 
49.0096 49.1209 48.7167 48.6245 48.6251 48.7606 48.6863 48.931 49.074 48.7845 48.5849 48.6728 48.7198 48.6895 48.7927 49.0258 48.8168 48.696 48.7884 48.8139 48.7633 49.0002 49.1779 49.0423 48.9349 48.8942 48.9473 48.9475 49.3015 49.3241 49.0865 49.0314 49.0291 49.1666 49.2196 49.4028 49.5006 49.2635 49.2409 49.3152 49.4298 49.2996 49.5971 49.7849 49.5094 49.4066 49.5057 49.69 49.5517 
21.6433 21.3312 21.3428 21.396 21.3849 21.6763 21.7675 22.033 21.9474 21.7245 21.5759 21.3823 21.2799 21.9332 22.2657 22.1606 22.1335 21.6322 21.4712 21.2069 21.9218 22.1307 22.0741 21.9469 22.0678 21.702 21.8704 22.3908 22.5805 22.0258 22.3756 22.4858 22.4243 22.2865 22.8679 23.2332 22.8193 22.7316 23.0747 23.1535 23.3661 23.6102 23.6396 24.0366 23.9358 23.5488 24.0529 24.0996 24.4482 
1.9852 1.97382 1.87032 1.86633 1.90295 1.91992 1.87201 1.89515 1.88221 1.83042 1.8154 1.83212 1.87845 1.85454 1.81763 1.78608 1.76239 1.79731 1.83007 1.842 1.8313 1.78789 1.77156 1.75247 1.78955 1.80314 1.83919 1.80894 1.78414 1.75606 1.77954 1.77522 1.80748 1.83057 1.82881 1.73969 1.77957 1.77462 1.81318 1.8331 1.83628 1.81866 1.77491 1.77202 1.80955 1.8412 1.89157 1.86589 1.80324 
117.204 118.445 119.779 120.024 119.974 120.332 117.527 118.7 119.093 120.992 121.844 119.814 117.458 114.347 119.582 121.005 121.51 121.754 118.453 115.024 111.637 120.058 121.788 121.981 121.315 116.799 113.079 110.712 120.99 122.436 122.172 119.109 115.393 112.383 110.728 122.783 122.923 122.037 116.566 113.787 111.463 110.794 123.139 121.527 118.746 115.076 113.266 111.42 111.179 
119.366 118.497 117.448 116.817 115.883 113.617 116.403 119.056 119.216 118.55 116.61 115.085 114.365 115.325 119.004 119.303 119.417 117.698 115.924 114.486 114.16 119.261 118.399 118.2 118.251 117.096 115.307 114.53 119.602 118.582 118.133 117.948 117.484 116.019 114.294 120.709 120.765 119.352 118.824 117.063 116.348 114.653 121.811 121.217 120.267 119.348 117.501 115.846 116.002 
113.28 113.214 113.174 113.093 113.039 112.978 113.215 113.635 113.542 113.545 113.564 113.462 113.424 113.604 114.131 114.018 113.986 113.993 113.912 114.067 113.98 114.399 114.341 114.604 114.519 114.32 114.367 114.39 114.798 114.865 115.029 115.126 114.763 114.804 114.991 115.747 115.69 115.569 115.486 115.342 115.249 115.153 116.19 116.209 116.068 116.011 115.976 115.823 115.671 
111.718 111.215 112.579 111.399 111.54 110.861 109.961 110.829 110.979 112.551 112.174 112.608 112.007 110.927 110.209 110.325 112.645 112.345 113.65 112.51 113.064 110.495 110.577 111.021 113.109 113.367 112.354 113.143 110.795 111.243 109.975 110.869 112.694 112.168 111.812 111.417 111.932 111.467 110.607 111.921 111.052 110.368 111.441 109.334 108.528 109.655 111.891 112.588 112.359 
107.041 106.932 107.347 107.181 107.936 108.821 108.977 107.024 107.148 107.491 107.756 107.756 108.696 109.177 107.162 106.671 107.11 107.939 107.916 108.188 109.299 105.988 105.665 106.423 107.285 107.491 108.134 109.892 105.965 106.098 105.977 106.746 107.603 108.574 109.116 105.986 106.271 106.444 106.887 107.749 109.101 109.076 105.408 105.93 105.955 106.673 107.835 108.919 108.328 
96.6957 96.7074 96.9138 97.6703 98.0372 97.7422 98.2773 96.3893 96.004 96.5796 97.4741 97.7273 97.4602 97.8576 95.4451 95.3779 96.073 96.8045 97.1013 96.9337 96.8922 94.8803 94.2383 95.0811 95.5808 96.1548 95.8685 96.5385 94.692 94.2023 94.6525 94.7189 95.4433 96.0698 96.3502 94.2438 94.5651 94.7703 94.9624 95.6122 96.5838 96.3768 94.3626 94.4262 95.0356 95.5221 96.099 96.1949 96.5129 
89.0539 90.1102 90.9783 91.5737 92.0252 92.4637 92.8811 88.6991 89.7169 90.513 91.2339 91.5893 91.7195 91.9456 88.3776 89.0088 89.9707 90.534 90.8691 90.9564 90.872 88.0279 88.328 89.0092 89.3634 90.0571 90.2444 90.6824 87.4257 87.918 87.8624 88.2909 88.7835 89.4536 90.204 87.1365 87.2648 87.4719 87.5176 87.8829 88.8414 89.7966 86.7324 86.7817 87.1 87.328 87.4046 88.3795 89.4992 
86.3375 86.5985 87.047 87.4723 87.8199 88.188 88.4298 85.3061 85.6656 86.1297 86.8775 87.0627 87.3267 87.6478 84.4576 84.7293 85.0866 85.6734 85.9872 86.2983 86.5716 83.802 83.8296 83.9396 84.3305 84.8545 85.1305 85.3599 83.1095 82.7667 82.8411 83.0831 83.4521 83.8485 84.3591 82.3156 81.8671 81.8965 82.077 82.309 82.8409 83.2308 81.755 81.4227 81.4761 81.5939 81.6943 81.9777 82.4294 
77.6388 78.0459 78.7336 79.413 79.9597 80.3632 80.7653 77.3029 77.9532 78.6732 79.2551 79.5639 80.2252 80.6978 77.2253 77.7957 78.2718 78.7378 79.1053 79.8847 80.2241 77.3081 77.4825 77.6704 78.2537 78.8596 79.5477 80.1325 77.1238 77.1704 77.4369 77.9927 78.4282 79.1258 80.0181 77.0403 77.3363 77.727 77.9768 78.4325 78.8462 79.8636 76.8847 77.3734 77.6964 77.9906 78.3716 78.8652 79.4516 
71.6557 72.0395 71.992 72.1952 73.3924 74.2778 74.8126 72.1384 72.4571 72.5085 72.978 73.8262 74.7281 75.4662 72.3404 73.0221 73.3232 74.0479 74.2375 75.1305 75.8687 73.2883 73.5605 73.8469 74.4454 75.0008 75.7243 76.2895 73.8383 74.0016 74.3734 75.1211 75.6292 76.0772 76.7173 74.293 74.6826 74.9734 75.707 76.1743 76.219 76.944 74.8143 75.2896 75.7027 76.2999 76.5683 76.7468 76.9848 
67.4127 67.8655 67.548 67.5512 68.1267 68.334 68.2155 67.3674 67.8159 67.7547 67.6171 67.8663 68.3811 68.6184 67.3411 67.8811 68.0133 68.2379 68.3567 68.7466 69.1338 67.5888 68.1333 68.2953 68.5222 68.8524 69.2061 69.543 68.1228 68.2009 68.7369 69.0175 69.1106 69.6517 70.2664 68.5161 68.1732 68.6758 69.5304 69.7342 69.9325 70.2757 69.1998 69.1257 69.2283 70.1054 70.3256 70.7491 70.84 
64.4828 64.9026 64.9371 65.1062 64.8809 64.4333 64.2944 65.6225 66.233 65.8802 65.8506 65.4826 65.5294 64.9884 66.9854 66.7885 66.6155 66.8513 66.4253 66.2652 66.3016 67.3848 67.5224 67.4438 67.8288 67.3582 67.0395 67.1015 68.1703 68.4918 68.8979 68.2638 67.7048 67.8634 68.0146 69.2303 69.5585 68.9781 69.2396 68.254 68.6518 68.7509 68.6326 69.5668 69.2892 69.7903 70.1945 69.6079 69.8121 
46.7597 46.4606 46.1843 45.9893 45.7714 45.5019 45.7826 46.9246 46.6079 46.063 45.7852 45.5595 45.4129 45.7281 47.0877 46.8757 46.3822 45.9748 45.8581 45.4123 45.7914 47.4283 47.2588 46.7518 46.4536 46.1961 45.8737 46.0519 48.0106 47.5107 46.9074 46.813 46.5158 46.3404 46.6623 48.3675 48.0784 47.5699 47.3459 47.1807 46.8769 47.119 48.778 48.6121 48.3775 48.0027 47.7466 47.4289 47.6772 
7.40528 7.23168 7.14358 7.08545 7.0621 6.95405 7.19973 7.26093 7.0779 6.94463 6.92513 6.88669 6.82429 7.052 7.03954 6.95131 6.81435 6.8054 6.84935 6.69023 6.99162 6.9692 6.79458 6.73605 6.71011 6.68758 6.60907 6.87123 6.90663 6.71232 6.6278 6.68714 6.5923 6.51967 6.88017 6.84019 6.70764 6.65427 6.70234 6.69861 6.57637 6.89416 6.95584 6.8139 6.76548 6.80162 6.77164 6.69563 7.00541 
1.24745 1.18275 1.13326 1.1103 1.10357 1.04009 1.37406 1.12121 1.00304 0.928691 0.939124 0.916649 0.885419 1.21666 0.914103 0.892035 0.781582 0.789616 0.818022 0.723321 1.12572 0.809373 0.724483 0.695509 0.677437 0.705285 0.684779 1.02399 0.767668 0.643246 0.630709 0.686209 0.630853 0.592942 1.02366 0.715577 0.648771 0.65751 0.675833 0.690288 0.592121 1.02303 0.782899 0.732923 0.724845 0.742627 0.744311 0.688297 1.08533 
121.858 122.396 122.464 122.304 121.713 119.366 121.259 122.133 123.352 124.655 123.126 120.438 118.566 118.362 122.566 124.178 125.513 123.854 119.97 116.653 115.119 123.03 123.508 123.54 123.453 119.408 116.093 114.471 123.878 123.845 123.048 120.847 118.387 115.715 113.602 125.673 126.071 124.015 120.237 116.777 115.167 113.641 126.75 125.66 123.065 119.67 116.803 114.056 114.958 
121.281 121.289 120.951 120.661 120.039 117.808 120.014 121.473 122.296 122.763 121.206 119.033 117.676 117.959 121.747 122.816 123.717 122.037 119.221 116.722 115.646 122.053 122.094 122.201 122.186 119.411 116.792 115.495 122.732 122.277 121.852 120.7 119.042 117.008 115.037 124.417 124.453 122.869 120.621 117.97 116.858 115.17 125.556 124.695 122.865 120.556 118.154 115.975 116.375 
119.331 118.52 119.415 118.156 117.487 115.463 116.076 118.453 118.998 120.347 118.614 117.984 116.733 116.177 117.582 118.625 120.717 119.002 119.402 117.485 117.528 118.285 118.485 118.355 120 119.895 118.116 117.975 119.266 119.001 117.417 117.757 119.42 118.567 117.161 119.624 120.229 119.085 118.011 118.113 117.307 116.067 120.1 118.085 116.785 117.112 118.322 118.046 118.098 
115.847 115.447 116.653 115.389 115.193 114.346 113.646 114.966 115.435 116.951 116.078 115.901 115.147 114.33 114.347 114.895 116.916 116.211 117.172 115.803 116.249 114.507 114.951 115.103 116.801 116.992 115.868 116.761 115.274 115.648 113.953 114.256 116.32 116.31 115.859 115.321 116.015 115.346 114.339 115.384 115.3 114.755 114.987 113.382 112.428 113.272 115.464 116.128 115.894 
114.668 114.016 115.399 114.252 114.197 113.667 113.022 113.716 114.089 115.663 114.875 114.893 114.34 113.626 112.713 113.319 115.403 114.843 116.016 114.725 115.513 112.68 113.055 113.311 115.38 115.669 114.842 116.315 113.586 113.787 112.094 112.827 115.243 115.369 115.091 113.306 114.186 113.663 112.831 114.189 114.316 113.919 113.023 111.371 110.432 111.651 114.203 115.298 114.948 
110.56 110.338 110.793 110.282 110.517 111.284 111.322 110.543 110.224 110.412 110.427 110.266 110.896 110.933 109.961 109.158 109.479 110.447 110.275 109.894 110.706 107.843 107.497 108.406 109.194 109.124 109.344 111.26 107.661 107.653 107.562 108.118 108.711 109.783 110.214 107.069 107.672 107.816 107.997 108.471 110.218 109.963 106.343 106.979 106.848 107.197 108.125 109.364 108.442 
103.749 104.07 104.687 104.998 103.254 103.135 103.139 102.477 102.653 102.987 103.54 103.933 101.932 101.63 100.735 101.069 101.18 101.669 102.21 102.07 100.024 98.9803 98.9599 99.2317 99.6869 100.208 100.337 100.395 95.359 95.095 95.1285 95.7245 96.1181 96.6023 96.9377 93.8984 93.6757 93.633 94.0498 94.1538 94.8522 95.1101 92.9861 92.487 92.5503 92.7492 92.8367 93.2222 93.42 
92.3904 93.3721 94.2849 95.0491 95.9183 96.3226 96.4567 90.0338 90.9343 91.8597 92.9919 93.6184 94.1806 94.6377 87.3231 88.4348 89.0934 90.1092 90.8528 91.7785 91.9033 85.281 85.8947 86.3841 87.0956 88.0612 89.0114 89.5382 83.3007 83.6344 83.6597 84.2832 84.9719 85.9373 86.762 81.0178 81.6054 81.7348 81.8549 82.5887 83.1477 83.954 79.6116 79.8677 80.2786 80.62 80.6799 81.1833 81.7973 
76.7881 78.131 78.2012 78.8766 81.2185 84.5316 85.2722 76.7077 78.19 78.3919 79.4557 81.0773 84.6197 85.8539 76.212 78.2618 78.7821 80.382 80.8977 84.3416 85.3712 76.9833 78.4671 78.6174 79.8073 81.0948 84.1776 84.8519 77.2032 78.1728 78.5847 79.6988 80.7901 83.4419 84.2777 76.8056 78.2272 78.4595 79.7373 80.5602 82.5028 83.2701 77.1265 78.3491 78.9544 79.8135 80.4863 82.2797 82.6153 
74.7301 75.0491 75.0393 75.6018 77.4598 78.6481 79.4673 75.1227 75.646 75.7817 76.6388 77.9935 79.3878 80.5077 75.2029 76.4726 76.9604 78.1957 78.6046 80.0265 80.9576 76.5356 77.2514 77.7228 78.6806 79.54 80.7858 81.5064 77.307 77.9077 78.3376 79.3956 80.1722 80.9995 81.9552 77.8724 78.7234 79.0252 80.1117 81.0767 81.1304 81.9448 78.5409 79.3889 79.9548 80.7823 81.3222 81.7092 81.8961 
74.9447 75.3308 75.5767 75.859 76.1986 75.8767 75.8623 76.7849 77.4353 77.1427 77.4033 77.2085 77.5534 77.1043 78.8147 78.6951 78.6439 79.3768 78.6546 78.5833 78.9525 79.9338 80.0756 80.1138 80.8694 80.279 79.8427 79.9958 81.1716 81.5161 82.3621 81.7441 81.0119 80.9966 81.3903 82.5925 83.1423 82.6455 83.3035 81.917 82.1703 82.5524 81.8961 83.1029 83.1369 84.0763 84.5478 83.5516 83.8999 
72.1303 71.917 72.0401 72.1042 71.5769 70.6348 70.3946 74.4483 74.4901 73.7271 73.4067 72.5358 72.263 71.6482 77.6217 76.2114 75.8274 75.5794 74.4962 73.7457 73.5175 79.1294 78.5603 77.8806 78.1589 76.6555 75.3926 75.0448 80.9691 80.8334 81.0501 79.4442 78.2413 77.3596 77.0199 82.9534 82.8826 82.0331 81.8138 79.8079 79.6312 79.0122 82.4183 83.2479 82.8999 82.9784 83.037 81.3657 81.3354 
60.8966 60.8567 61.0942 61.1671 60.464 59.5002 59.2162 62.5583 62.7841 62.2187 62.1229 61.47 61.0146 60.3245 64.656 63.8715 63.434 63.6591 62.953 62.3359 62.1416 65.5131 65.1988 64.9614 65.2777 64.4525 63.569 63.3334 66.7295 66.7749 67.1191 66.1066 65.0261 64.8542 64.8637 68.3096 68.2107 67.4441 67.5338 66.0842 66.2419 66.2049 67.9341 68.3413 67.9142 68.5552 68.824 67.6491 67.7741 
31.612 30.4579 30.3673 30.0122 29.5006 29.13 29.3606 31.9035 30.893 30.1544 29.8154 29.6754 29.1499 29.3929 32.1668 31.3574 30.6835 30.3066 30.0956 29.2433 29.4881 32.4985 31.7137 31.1978 30.8163 30.4269 29.8232 29.7149 33.1385 32.1786 31.4201 31.0423 30.589 30.3228 30.5019 33.9844 32.9122 32.0756 31.5716 31.1981 30.9346 31.0671 34.93 33.6514 32.6784 32.3179 32.0307 31.4901 31.7591 
6.95141 5.93416 5.10085 4.67151 4.33035 3.70757 1.69681 6.71175 6.14648 5.48371 4.86181 4.05116 3.56556 1.72831 6.73524 6.10406 5.55269 5.03076 4.50659 3.55676 1.77092 6.37828 5.93553 5.41056 4.93124 4.31712 3.71036 1.74543 6.41439 5.90876 5.42461 4.66169 4.04789 3.28257 1.83256 6.39551 5.72252 5.4336 4.68062 3.93838 3.20169 1.88598 6.38554 5.73161 5.17106 4.63581 3.81907 3.1029 1.96404 
123.074 125.011 126.689 127.21 127.545 127.477 125.151 124.631 125.77 128.656 129.235 127.157 125.005 122.607 125.817 127.597 128.738 128.738 125.653 122.467 120.064 126.477 128.499 128.525 127.536 123.048 120.457 118.89 127.619 128.844 127.999 124.749 121.188 119.23 118.763 129.089 129.287 128.072 122.606 119.895 118.276 118.56 129.208 128.291 124.96 121.156 119.671 118.096 118.62 
124.909 124.295 123.466 122.856 122.084 119.897 122.712 124.834 125.158 124.683 122.629 121.342 120.632 121.468 124.544 124.791 125.182 123.378 121.795 120.348 120.349 124.736 123.888 123.903 123.757 122.984 121.485 120.73 124.874 123.951 123.732 123.395 123.17 122.155 120.387 125.436 125.486 124.447 124.097 122.456 121.965 120.487 126.431 126.077 125.336 124.324 122.63 121.23 121.589 
122.86 122.855 122.852 122.79 122.907 122.787 123.043 123.087 123.034 123.119 122.716 123.008 123.064 122.686 123.119 123.124 123.111 122.953 123.356 123.193 123.035 123.201 123.26 123.462 123.476 123.845 123.717 123.631 123.3 123.353 123.573 123.682 123.868 124.021 123.846 123.62 123.52 123.612 123.604 123.708 123.933 123.756 123.923 123.632 123.66 123.605 123.625 123.63 123.621 
119.665 119.401 120.704 119.811 119.595 118.999 118.537 119.107 119.588 121.006 120.226 120.452 119.783 118.978 118.303 119.173 120.85 120.25 121.532 120.424 120.629 118.842 119.454 119.589 121.06 121.602 120.746 121.08 119.477 119.81 118.807 119.246 121.084 120.972 120.687 119.394 120.038 119.75 119.086 119.971 119.723 119.556 119.417 117.827 117.175 118.025 119.888 120.501 120.702 
118.772 118.751 119.14 118.904 119.276 120.298 120.897 118.881 118.544 118.544 118.679 119.049 120.127 120.868 118.469 117.781 117.996 119.105 119.185 119.622 120.814 117.213 117.168 118.056 118.754 118.803 119.231 121.503 117.876 117.741 117.814 118.484 119.011 119.996 121.062 117.462 117.887 118.293 118.626 119.309 120.706 120.927 116.87 117.308 117.407 117.924 118.962 119.992 120.06 
122.117 123.074 123.887 124.625 123.173 123.211 123.701 121.417 122.596 122.884 124.764 125.096 123.954 125.244 121.225 122.188 121.774 123.031 124.054 125.088 124.649 119.972 121.08 121.318 122.935 124.562 124.76 125.265 117.961 118.248 117.646 121.543 122.274 122.813 121.969 116.754 118.413 118.33 118.981 121.465 121.886 121.304 116.102 117.66 118.829 118.763 120.527 120.885 121.217 
126.989 128.195 128.459 128.727 126.888 126.524 126.224 123.171 124.056 124.207 124.654 125.958 123.591 123.116 118.059 118.841 119.868 120.426 120.924 121.401 118.939 113.135 113.229 114.066 115.077 116.083 116.889 117.467 106.605 106.647 106.882 107.465 108.88 110.013 111.098 101.251 102.435 102.568 102.591 103.794 105.324 106.399 97.257 97.733 98.1484 98.1978 98.6738 99.9874 101.295 
112.849 119.25 120.454 122.381 122.761 131.592 132.819 107.132 113.461 114.459 116.484 119.95 126.568 127.723 99.6735 106.787 108.15 110.271 113.086 122.821 121.852 93.9152 99.1821 101.474 103.471 106.536 115.805 118.097 81.5555 86.9275 87.4825 89.3615 92.6957 103.099 105.273 76.6206 81.772 82.4313 83.5197 86.274 97.3803 99.6274 72.5178 77.4195 78.0198 79.3778 81.5696 92.1501 94.9465 
83.7701 91.456 94.9932 98.7129 103.327 110.313 113.259 81.6649 89.7635 92.6594 97.0865 101.668 107.255 112.102 78.7243 87.9069 90.8816 94.8501 99.4029 106.931 110.073 77.1478 85.676 89.1804 92.6654 97.34 105.776 109.42 75.6435 84.5141 86.7933 90.6643 94.7533 103.028 106.925 73.4426 82.7248 85.2389 88.4236 93.6267 100.982 104.899 71.9821 80.0931 83.5584 87.2529 91.5505 99.1652 102.548 
85.6597 87.285 87.5445 88.2603 91.1 94.4594 95.1629 86.3546 87.8636 88.4879 89.7835 92.0337 95.3691 96.3997 86.5599 88.7648 89.7612 91.8774 92.8017 96.1758 96.9022 88.2788 89.8751 90.7305 92.3723 93.7919 97.0449 97.5194 89.0208 90.7332 91.6144 93.0438 94.229 97.2482 98.1238 89.3224 91.4893 92.2293 93.7233 94.878 97.2561 98.1119 90.0339 91.9256 93.1005 94.1421 95.166 97.9592 98.0174 
111.216 109.415 108.251 108.685 109.977 110.882 111.226 110.699 110.288 109.578 109.794 110.449 112.009 112.492 111.44 110.784 109.927 109.399 110.7 111.17 112.453 112.838 113.838 113.807 112.734 110.799 113.586 113.133 115.083 115.577 116.553 116.112 115.535 114.901 114.804 116.506 116.609 116.371 116.859 117.822 117.962 116.603 115.362 116.236 117.009 117.91 119.502 119.106 116.848 
82.8331 82.7241 82.937 83.0299 82.4728 81.4922 81.2089 85.4918 85.5588 84.9241 84.7765 83.9043 83.4009 82.6965 88.9704 87.5836 87.3008 87.2537 86.1768 85.3141 84.9597 90.7778 90.2162 89.6577 90.0616 88.6736 87.4255 86.919 92.8726 92.7852 93.2713 91.703 90.5511 89.6013 89.1926 94.9231 95.1028 94.5096 94.3312 92.3066 92.1733 91.5725 94.4095 95.5823 95.3501 95.5478 95.6884 94.0898 94.0568 
95.2299 94.12 94.0385 93.5567 92.4483 92.2942 92.3726 96.8731 95.6615 95.4214 94.572 93.2444 93.2824 93.2861 99.8002 98.4332 97.6956 95.9955 95.2049 95.3404 94.056 101.806 100.731 99.8589 98.5644 97.8348 97.4957 95.7477 103.63 103.393 102.297 100.999 100.657 99.3489 99.1146 105.599 105.345 104.584 103.278 102.918 101.949 102.24 107.161 106.323 105.905 105.904 105.395 104.462 104.215 
36.2927 33.8229 32.1519 31.1231 30.0876 28.8897 25.3943 36.2928 34.7051 33.0525 31.5915 30.0586 28.8692 25.6908 36.6823 34.9769 33.5263 32.2511 31.0378 29.1313 25.9929 36.7984 35.2856 33.7718 32.4871 31.1242 29.7814 26.3335 37.2442 35.6376 34.278 32.4477 30.9604 29.5494 26.917 37.8454 35.7486 34.5958 32.7776 31.1822 29.8059 27.4176 38.1243 36.1142 34.4142 33.0967 31.3694 29.8955 27.7732 
20.2073 17.2389 14.6617 13.086 12.2957 10.3171 6.35581 19.6395 17.5547 15.3654 13.13 10.8119 9.73192 6.07846 19.4573 16.8845 14.9324 13.0701 11.2396 9.11156 5.94772 19.0734 16.3737 14.0721 12.3642 10.8534 9.4751 5.96877 18.7882 15.9298 14.1099 11.9363 10.4331 8.87918 6.02673 18.7075 15.7498 14.1736 12.2512 10.2627 8.803 6.43455 18.6984 15.7912 13.8739 12.2149 10.2426 8.75251 6.66913 
132.23 132.401 132.029 131.405 130.676 129.226 128.913 131.96 131.703 131.326 130.618 129.959 129.021 128.769 131.941 131.516 131.322 130.709 129.914 129.176 128.895 132.638 131.796 131.508 129.89 129.247 128.948 128.976 132.171 131.219 130.996 129.704 129.226 128.962 128.833 131.71 131.23 130.996 130.305 129.361 128.389 128.258 132.767 131.859 130.407 130.186 129.589 128.551 128.272 
130.189 129.326 128.951 128.754 128.887 128.458 127.29 130.447 129.384 129.121 128.47 128.227 128.303 127.812 130.52 129.647 128.983 128.722 128.138 127.632 127.799 130.595 129.898 129.402 129.066 128.741 128.058 128.055 130.436 129.836 129.572 129.002 128.754 128.578 127.958 130.099 129.991 129.921 129.264 128.505 128.154 127.967 130.547 130.52 129.983 129.494 129.195 128.304 127.986 
128.358 129.664 129.902 129.773 131.104 131.081 132.545 130.161 130.228 129.555 129.388 129.5 130.195 130.626 129.804 129.43 128.69 129.199 129.313 128.757 129.167 130.187 129.611 128.315 128.64 130.761 130.183 128.856 129.469 128.97 128.707 127.996 131.048 131.416 128.801 131.228 130.394 129.909 129.883 130.443 132.049 132.642 132.845 131.616 130.943 131.582 131.757 132.5 133.111 
129.182 129.849 129.916 130.542 130.252 129.339 130.173 128.935 129.191 129.441 129.16 128.866 130.47 130.858 128.951 129.27 129.658 129.267 127.549 129.48 129.985 128.664 129.609 130.048 129.433 128.902 129.085 129.486 128.838 129.32 128.858 128.867 129.962 129.388 130.919 128.496 128.556 128.132 129.065 130.521 130.042 130.977 127.787 128.846 129.012 129.196 130.942 130.857 130.956 
127.15 127.882 128.63 129.238 129.836 130.163 130.896 126.84 127.224 127.266 128.816 129.438 130.804 132.439 126.78 127.184 126.578 127.721 128.451 130.25 131.921 125.929 126.715 126.904 128.371 129.461 129.851 130.653 126.664 126.464 125.74 129.484 129.754 130.165 129.765 125.647 126.717 126.948 127.872 129.941 130.037 129.604 125.215 126.13 127.311 127.461 129.19 129.338 130.266 
129.723 130.442 131.029 131.903 132.759 133.286 134.025 129.209 129.353 129.469 131.588 132.558 133.991 135.806 128.518 128.851 128.543 130.1 131.027 133.144 134.9 127.246 128.031 128.193 130.335 131.796 132.183 132.914 128.055 127.466 126.55 130.977 131.479 132.01 131.549 125.969 127.214 127.245 128.47 130.949 131.184 130.725 124.927 125.816 126.999 127.369 129.591 129.58 130.657 
136.323 137.955 138.389 139.465 137.999 137.269 137.22 133.988 135.589 135.845 138.199 138.88 137.128 138.408 132.179 133.449 133.504 134.915 135.762 136.806 136.189 128.718 129.863 130.28 132.527 134.845 135.334 135.868 123.206 123.217 122.075 126.892 128.521 129.668 128.674 118.884 121.535 121.105 121.899 125.353 126.477 126.113 115.91 117.931 119.4 119 121.413 122.339 123.667 
134.117 141.588 146.079 150.787 157.631 167.284 175.539 129.193 136.514 141.413 146.348 154.523 163.676 172.196 122.683 130.001 136.654 141.152 148.367 159.221 167.342 116.852 123.206 129.593 135.557 143.25 154.391 163.901 109.424 115.507 120.745 126.201 134.839 146.137 155.782 102.738 110.571 115.126 120.188 128.81 140.594 150.734 97.1866 103.787 108.79 113.424 120.942 132.718 143.709 
106.829 126.859 132.221 137.33 145.15 156.765 161.384 105.627 124.969 131.851 137.702 145.864 157.496 162.331 104.521 123.75 130.184 137.233 144.905 157.781 161.17 104.464 123.215 129.725 136.389 143.958 156.455 161.328 100.768 120.785 126.192 131.404 138.634 152.196 158.054 100.919 120.38 125.322 130.659 137.384 152.056 158.252 101.217 119.906 124.869 130.006 137.264 152.22 157.959 
128.576 130.355 130.794 132.719 135.525 137.55 139.054 126.703 129.673 131.206 133.176 135.726 138.409 140.082 126.004 128.901 129.775 131.585 134.812 137.067 139.214 126.417 130.512 132.65 133.323 133.579 138.174 139.371 127.277 131.295 133.523 135.131 136.286 138.331 139.953 128.026 131.487 132.481 134.516 137.711 140.188 140.88 126.633 130.288 132.488 134.986 138.223 140.96 140.128 
132.467 131.499 130.727 131.494 133.352 134.385 134.635 131.341 131.375 131.639 132.329 133.613 135.573 135.785 130.849 130.909 130.596 131.202 133.335 134.185 135.136 131.777 133.101 133.84 133.278 132.493 135.743 135.33 133.191 134.233 135.597 135.874 135.933 136.208 136.497 134.026 134.688 134.866 135.708 137.377 138.24 137.529 132.807 134.107 135.125 136.406 138.425 139.199 137.187 
128.984 127.041 125.533 125.611 126.299 127.014 127.382 128.455 127.821 127.004 126.889 126.796 128.234 128.48 129.474 128.375 127.421 126.114 126.956 127.549 128.401 130.865 131.332 130.906 129.275 127.326 129.791 128.928 132.859 133.077 133.491 132.809 132.007 131.003 130.895 134.265 134.033 133.456 133.483 134.201 133.825 133.005 133.496 133.71 133.93 134.837 136.115 135.317 133.22 
126.286 124.987 124.436 123.878 122.559 122.584 122.769 127.124 125.867 125.635 124.943 123.559 123.592 123.661 128.84 127.934 127.032 125.716 124.97 125.611 124.481 130.471 129.564 129.053 127.442 127.266 127.515 125.9 131.829 131.628 130.491 129.621 129.359 128.7 128.843 133.756 133.38 132.307 131.085 131.176 130.154 131.14 134.973 134.364 133.664 133.828 132.964 132.495 132.211 
126.249 123.039 120.723 118.062 115.655 114.182 111.137 126.807 123.888 121.785 118.883 115.452 114.926 111.743 129.024 126.145 122.789 119.177 116.7 116.182 112.1 130.121 127.386 124.259 120.121 118.659 117.866 113.096 130.601 128.887 125.483 122.38 120.697 118.776 116.471 132.092 130.32 127.08 124.009 122.745 120.401 119.177 133.37 130.657 128.178 126.85 124.797 123.034 120.328 
64.5613 61.4502 58.6466 56.5884 55.302 21.8008 17.4826 64.0874 61.959 59.2212 56.6847 53.9182 21.1776 17.134 64.0342 61.3458 58.8811 56.5676 54.343 20.5008 16.9836 63.8644 60.973 58.166 55.998 53.9921 20.7854 16.9251 63.4225 60.4805 58.2 55.5259 53.5417 20.182 17.0649 63.3752 60.2669 58.2488 55.7879 53.4437 20.0978 17.3515 63.2066 60.3469 58.05 55.846 53.4419 20.0892 17.5532 
136.47 135.067 134.456 134.015 133.637 132.397 129.406 135.868 134.478 133.933 133.453 132.473 132.304 131.424 135.819 134.587 133.791 133.653 132.398 131.611 131.204 135.964 134.767 133.765 133.148 131.844 130.831 130.808 135.445 134.006 133.454 132.312 131.446 130.965 130.575 134.551 134.162 134.12 132.873 131.486 130.583 130.048 135.242 134.855 133.699 132.896 132.242 130.907 130.155 
132.2 133.281 133.241 133.114 134.474 133.851 134.23 133.608 133.456 132.599 132.655 132.305 132.809 133.355 133.481 132.753 131.786 132.488 132.094 131.256 131.648 134.054 133.125 131.573 131.814 133.372 132.378 131.137 133.233 132.346 131.801 130.684 133.598 133.733 131.133 134.731 133.872 133.461 133.062 133.153 134.411 134.78 136.505 135.391 134.625 135.025 134.766 135.043 135.335 
131.813 133.607 133.933 134.27 135.654 134.666 135.729 133.319 133.904 133.469 133.507 132.883 134.301 134.776 133.148 133.093 132.506 133.054 131.996 132.202 132.704 133.519 133.353 131.944 132.141 133.94 133.273 131.883 132.748 132.433 131.517 130.559 134.74 134.796 132.669 134.89 133.993 132.737 132.891 134.459 135.944 136.864 136.129 135.696 134.983 135.554 136.531 137.381 137.473 
132.681 134.74 135.22 135.729 136.76 135.717 137.3 134.118 134.782 134.77 134.674 133.817 135.317 136.078 134.147 134.177 133.632 134.071 133.07 133.582 134.057 134.08 134.137 132.791 133.047 134.893 134.214 132.803 133.108 132.915 132.064 131.492 135.306 135.494 133.659 134.644 134.03 133.126 133.6 135.271 136.994 137.854 135.748 135.483 134.974 135.777 136.86 137.97 138.109 
134.683 135.443 135.728 136.576 136.515 135.573 136.551 134.453 134.625 135.122 134.963 134.638 136.828 137.498 133.984 134.276 135.025 134.523 132.62 135.413 136.225 133.537 134.388 134.879 134.536 133.943 134.646 135.345 133.839 134.187 133.437 133.707 135.055 134.734 137.03 133.2 133.318 132.88 134.008 136.031 135.608 136.853 131.981 133.548 134.022 134.067 136.393 136.847 136.977 
135.037 136.43 137.345 138.556 139.421 139.296 139.963 134.65 135.784 136.697 139.061 139.345 140.293 142.186 134.872 135.851 135.909 137.41 138.423 139.758 141.678 133.617 135.055 135.441 137.545 139.207 139.815 140.378 133.872 134.257 133.587 138.328 139.265 139.894 139.026 133.059 134.612 134.836 135.905 138.873 139.219 138.509 132.79 134.344 135.771 136.233 138.255 138.812 139.291 
153.281 151.66 151.895 153.595 155.902 157.551 161.215 154.403 151.906 152.051 154.895 156.411 158.663 161.763 151.669 150.183 151.325 153.128 155.744 159.216 160.531 150.209 148.754 150.552 151.708 154.101 156.94 158.165 146.515 146.101 150.174 151.876 152.68 154.907 157.489 142.91 142.125 146.194 149.688 151.184 153.439 155.274 143.991 142.087 146.104 148.453 149.519 152.343 154.157 
163.858 162.922 164.492 166.263 170.515 175.86 180.05 163.182 160.794 163.634 166.244 170.876 176.453 178.372 164.322 160.565 164.781 166.714 170.103 176.679 176.183 162.961 161.967 165.569 168.118 171.293 176.373 178.822 157.972 158.141 164.214 166.138 169.152 172.723 175.411 158.177 156.878 160.558 163.613 167.251 172.74 176.443 159.016 156.147 159.045 162.283 165.263 170.396 174.81 
160.151 162.131 165.116 168.191 171.655 176.849 181.777 160.112 161.831 164.956 167.817 171.807 177.047 181.971 160.561 161.887 164.682 167.315 171.756 177.409 182.035 160.624 162.393 165.543 168.344 172.103 177.578 182.679 160.576 162.423 165.352 168.574 172.489 177.98 182.22 161.179 162.715 165.651 168.794 172.792 178.417 182.825 161.208 162.531 165.302 168.354 172.177 177.793 182.713 
158.661 158.971 160.16 161.253 162.887 163.452 163.519 158.471 158.194 160.035 161.334 162.992 163.65 163.872 158.703 158.295 159.654 161.696 162.931 163.605 163.243 158.981 158.996 160.36 161.909 163.037 163.773 163.693 158.578 159.254 160.377 161.41 162.744 163.984 164.491 159.087 159.687 160.807 162.006 163.047 164.72 165.134 159.438 160.083 160.912 162.109 163.312 165.273 165.902 
156.091 154.595 153.421 154.775 156.132 156.646 156.873 155.089 154.576 154.455 155.589 155.857 157.03 157.294 154.643 154.278 154.18 154.338 155.568 155.751 156.846 155.463 156.669 156.901 155.954 154.644 157.153 156.875 156.304 157.059 157.992 158.174 157.582 157.72 157.707 156.974 157.1 157.336 157.885 159.259 159.859 158.864 155.767 156.401 157.204 158.475 160.238 160.274 158.338 
167.683 166.785 165.965 165.501 165.572 166.092 166.297 167.488 166.962 166.054 165.573 165.091 166.082 166.578 167.861 166.98 167.024 167.402 166.904 166.886 166.727 168.89 168.642 168.55 168.62 168.317 168.274 167.506 170.433 169.223 169.395 169.64 168.758 169.012 168.697 170.086 169.681 169.79 169.746 169.916 169.725 170.073 169.906 170.577 170.336 170.624 171.125 170.528 170.736 
158.387 157.489 156.628 155.663 154.611 154.606 152.972 158.694 157.879 157.365 156.461 154.807 154.916 153.5 159.694 158.966 158.027 156.49 155.541 155.841 153.82 160.566 159.794 159.362 157.762 157.175 157.063 154.312 161.431 161.167 160.342 159.61 158.863 157.992 156.679 162.479 162.158 161.322 160.221 159.98 158.917 158.851 163.338 162.566 161.867 161.885 161.283 160.78 159.551 
188.953 187.84 185.58 183.554 181.681 123.47 120.748 191.233 189.84 188.296 186.231 184.082 125.842 122.981 192.307 191.128 188.974 186.996 184.903 126.215 123.299 193.31 192.164 190.303 187.551 185.738 127.058 123.837 193.916 193.105 191.303 188.695 186.886 128.084 124.886 195.395 194.797 192.569 189.863 188.073 128.907 126.285 195.726 195.577 193.441 190.934 188.711 129.977 126.556 
225.495 222.39 217.549 211.685 207.485 84.3611 77.4836 226.327 223.948 218.897 213.106 207.743 84.6061 78.3057 227.493 224.376 218.642 213.048 208.203 84.309 78.0213 227.255 224.271 218.837 212.895 208.275 84.955 77.8034 226.753 224.004 219.203 213.677 208.795 84.8272 78.4034 226.883 223.987 219.403 214.49 209.666 85.2037 78.9009 226.485 223.929 219.403 214.489 209.934 85.8888 79.8513 
139.35 139.007 138.216 136.663 135.675 133.931 132.917 138.606 137.901 136.853 136.074 135.06 134.029 133.449 138.512 137.587 137.11 135.921 134.805 134.073 133.878 138.897 137.801 136.83 135.15 133.974 133.786 133.761 138.188 137.004 136.377 135.026 134.255 133.722 133.085 138.045 136.777 136.216 135.301 134.265 133.101 132.545 138.801 136.853 135.32 134.858 134.081 133.197 132.67 
138.106 136.869 136.62 136.55 136.728 136.25 134.181 137.936 136.779 136.585 136.603 136.314 136.372 135.769 138.165 137.206 136.539 136.924 136.314 135.803 135.668 138.321 137.803 137.4 137.458 136.504 135.854 135.496 138.055 137.673 137.576 137.304 136.661 136.184 135.416 137.654 137.927 138.039 137.286 136.52 135.828 135.257 138.102 138.073 138.015 137.505 137.045 136.462 135.845 
134.286 135.9 136.258 136.571 137.873 137.51 138.557 135.703 135.596 135.576 135.741 135.292 136.235 136.878 135.583 134.971 134.199 135.307 135.35 135.221 135.597 135.841 135.32 133.845 134.756 136.831 135.983 134.536 135.259 134.778 134.14 133.799 136.806 137.535 134.902 136.735 136.141 135.677 135.839 136.696 138.736 138.884 138.365 137.146 136.717 137.815 137.82 138.963 139.142 
138.114 138.931 139.357 140.424 140.001 138.338 138.812 137.672 138.051 139.202 138.912 137.443 139.139 139.456 137.687 137.957 138.582 138.368 136.226 138.143 138.47 137.156 138.148 138.541 138.216 137.717 137.475 137.346 137.1 137.859 137.071 137.215 138.413 138.012 139.461 136.356 136.983 136.197 137.042 139.162 138.896 139.368 135.465 137.185 137.592 137.638 139.604 140.283 138.972 
142.63 143.588 143.904 144.796 144.862 144.501 144.804 142.358 141.621 142.992 142.828 142.495 143.369 144.174 141.883 141.449 141.444 142.331 142.494 143.483 144.198 141.025 141.29 141.312 142.806 143.068 142.894 143.056 141.099 141.281 140.996 142.356 142.113 143.387 143.74 139.758 140.829 141.474 141.972 143.022 144.122 143.724 139.407 139.42 140.13 141.529 141.867 143.256 142.959 
151.951 152.132 152.01 152.554 153.283 152.841 153.688 152.679 152.171 152.084 153.372 153.184 153.348 153.892 151.069 151.19 151.647 152.006 152.443 153.487 153.399 150.747 150.933 151.45 151.94 152.264 152.507 152.448 149.028 149.874 151.563 152.263 151.915 151.985 152.272 147.922 148.538 150.445 151.719 151.816 151.85 151.461 148.75 148.846 151.044 151.534 151.442 151.916 151.757 
163.146 164.303 163.67 163.578 164.593 164.641 165.107 163.971 162.839 163.302 164.778 165.879 166.846 164.483 164.813 162.833 164.923 165.245 165.31 167.207 162.484 162.83 164.29 165.828 166.401 166.308 166.577 164.473 157.833 161.704 166.717 166.165 166.081 165.501 163.512 157.728 159.677 162.347 163.643 165.085 165.462 164.03 159.892 159.715 161.725 162.795 162.781 163.969 163.365 
169.191 169.947 169.923 170.039 170.394 170.82 171.746 170.794 168.232 169.214 170.921 171.822 173.244 171.642 172.028 168.751 171.905 172.203 172.832 174.537 170.013 168.453 169.113 171.915 172.989 173.235 173.187 171.484 161.868 164.679 170.95 170.481 171.122 171.505 170.089 162.242 163.762 167.46 169.049 170.533 171.515 171.171 166.236 165.87 168.28 169.771 168.937 171.046 171.92 
172.748 173.664 173.406 173.706 174.693 175.419 175.53 173.039 171.75 172.92 174.08 175.894 177.387 174.997 174.977 172.127 174.504 175.19 175.396 177.479 173.595 173.429 173.981 175.486 176.779 176.676 177.492 176.236 169.553 172.402 176.625 176.361 177.179 177.104 175.428 170.664 171.556 173.377 174.466 176.369 177.429 176.941 172.299 171.364 172.49 173.786 174.375 175.745 176.046 
180.637 180.167 179.991 182.022 182.808 182.461 182.242 180.66 180.071 180.548 182.524 182.645 182.389 182.245 181.015 180.407 181.175 182.495 182.921 182.317 182.058 181.439 181.717 182.161 182.521 182.35 182.663 182.214 181.092 181.63 182.248 182.402 182.608 183.4 182.946 181.877 181.741 182.551 182.97 183.365 184.271 183.849 182.124 181.914 182.6 183.387 183.952 184.026 183.864 
188.676 186.189 185.595 186.85 188.357 189.271 189.726 186.196 186.765 187.389 187.92 188.171 190.372 190.92 188.352 191.205 190.37 189.411 191.261 190.866 190.297 192.142 193.592 189.387 190.191 192.19 193.621 188.623 192.908 192.938 188.481 191.475 192.101 193.125 190.195 192.217 192.346 191.966 191.092 191.154 191.079 191.244 191.846 192.162 193.657 191.746 189.763 190.08 191.088 
190.379 188.702 187.63 188.33 188.404 188.508 188.227 189.999 188.604 188.49 188.422 187.754 188.011 189.238 190.026 188.472 189.097 189.551 187.926 187.881 188.112 190.926 190.876 190.685 190.4 189.443 188.862 188.817 190.347 191.142 191.586 191.518 190.688 190.803 189.818 191.783 192.343 192.112 192.507 191.869 191.397 191.11 191.315 191.104 192.643 191.995 191.721 191.346 190.993 
193.058 191.944 190.449 189.519 189.239 189.15 189.657 192.863 192.369 190.806 189.378 189.139 189.81 190.17 193.02 192.019 191.222 190.87 190.315 190.083 189.769 193.497 193.192 192.591 191.834 191.319 191.162 190.396 195.257 194.03 193.915 193.369 192.427 191.728 191.132 194.708 194.079 193.661 193.203 192.908 191.769 192.08 194.45 194.893 194.221 193.773 193.716 192.138 192.294 
207.824 207.338 206.17 204.504 202.593 201.411 199.297 209.912 209.623 208.795 206.98 204.944 203.463 202.305 210.801 210.556 209.088 207.469 205.619 204.008 202.491 211.36 211.375 210.012 208.018 206.365 204.894 203.474 211.577 211.824 210.895 208.978 207.802 205.611 204.069 211.708 212.071 211.498 209.523 208.429 206.618 204.647 212.367 212.4 211.61 209.683 208.51 206.914 205.006 
223.884 223.323 221.595 220.107 218.455 153.238 152.216 228.394 227.836 226.667 225.035 223.623 157.774 156.552 229.739 229.482 228.337 226.382 224.767 158.845 157.62 230.323 229.563 228.824 226.9 225.042 159.688 158.535 230.557 230.263 230 228.089 226.292 160.807 159.392 231.276 231.299 230.29 228.36 226.893 161.235 160.481 231.08 230.771 229.44 227.928 226.361 161.567 160.4 
141.339 140.655 140.299 139.576 138.865 137.744 137.108 141.461 140.601 140.029 139.605 139.113 138.301 137.799 141.481 140.648 139.867 139.284 138.72 137.998 137.878 141.429 140.945 140.228 139.152 138.467 138.36 137.598 141.164 140.94 140.429 139.597 138.571 138.17 136.649 140.77 140.918 140.302 139.289 138.508 137.753 136.934 141.065 140.688 139.668 139.002 138.607 138.226 137.954 
140.4 140.085 140.081 139.945 139.684 139.261 139.108 140.878 140.395 140.129 140.172 140.439 140.114 139.71 141.451 140.686 140.305 140.315 140.207 139.848 139.787 141.654 141.421 141.029 140.698 140.463 140.599 139.884 141.473 141.61 141.498 141.296 140.913 140.668 139.266 141.425 141.809 141.993 141.552 140.969 140.26 139.507 142.004 142.057 141.734 141.417 141.164 140.702 140.484 
140.081 140.425 140.798 141.38 142.255 142.635 142.317 141.889 140.804 141.115 141.689 142.521 142.636 142.498 141.28 141.193 141.296 141.841 142.585 142.705 142.393 142.198 141.509 142.219 142.403 142.622 142.912 142.769 142.515 141.847 142.776 143.362 143.153 143.221 142.521 142.722 142.847 143.696 144.053 143.955 143.677 142.995 144.246 143.634 143.419 143.935 144.068 144.256 143.301 
141.954 142.517 143.36 144.542 144.854 144.751 145.021 142.042 141.143 142.774 143.075 143.01 143.755 144.016 142.027 141.514 141.654 143.056 143.724 144.263 144.213 141.655 142.046 142.281 143.605 144.23 143.635 143.215 141.982 142.415 142.413 143.355 143.054 144.267 143.956 140.681 141.576 142.333 143.055 143.942 145.283 144.358 140.806 140.81 141.25 142.759 143.294 144.602 143.83 
147.674 148.027 148.571 148.263 149.172 149.834 152.125 147.156 147.274 147.882 149.313 148.781 149.191 151.31 146.397 146.973 147.776 148.404 149.201 150.185 151.72 146.268 146.513 147.204 148.684 148.955 149.489 152.734 146.672 146.38 146.981 149.124 148.924 150.103 152.726 146.926 147.11 147.683 147.586 149.203 152.059 152.897 146.909 147.229 147.414 147.441 148.372 152.092 152.739 
155.92 155.608 158.126 158.019 157.039 157.996 159.227 156.98 157.919 158.316 157.925 156.783 157.538 158.955 157.785 158.585 158.495 157.74 156.937 157.999 158.969 158.352 159.166 159.054 158.358 157.547 156.611 157.165 158.267 157.392 155.734 157.663 157.222 156.74 157.665 158.809 156.556 155.864 157.957 157.947 156.746 156.932 160.477 158.028 158.219 157.14 156.089 155.512 155.37 
167.343 167.277 167.743 168.231 166.795 165.5 166.543 169.512 167.649 167.957 169.239 167.778 167.342 167.819 169.112 168.061 169.944 169.871 170.212 169.219 168.01 165.089 165.089 167.658 168.262 168.432 166.191 165.37 160.208 159.726 163.476 163.79 164.048 164.22 163.679 159.965 160.385 163.534 164.314 163.8 163.542 164.087 164.932 165.269 167.296 167.3 165.139 165.723 167.151 
170.08 171.397 171.207 171.01 170.769 170.598 170.742 171.56 169.646 170.568 171.362 172.236 172.985 170.573 173.121 170.32 173.466 173.198 173.262 174.088 169.026 169.173 170.359 172.931 173.873 173.767 172.785 170.684 162.759 165.683 171.431 170.713 171.215 171.098 169.133 163.503 165.273 168.188 169.177 170.493 171.012 170.363 167.382 167.406 169.052 170.084 169.011 170.713 171.191 
178.067 178.642 179.467 180.243 178.942 178.089 178.233 180.385 178.818 179.245 179.968 179.476 179.389 179.608 180.333 179.186 181.224 181.296 182.08 181.023 179.795 176.332 176.223 178.883 179.944 180.311 178.184 177.341 171.483 171.06 174.58 174.678 175.252 176.198 176.119 171.656 171.986 175.217 176.053 175.34 175.773 176.78 176.071 176.565 178.564 179.008 176.926 177.993 179.671 
192.075 190.266 190.244 190.688 191.879 192.924 193.196 189.408 190.675 191.545 191.882 192.453 194.86 194.979 192.117 195.265 193.925 192.915 195.272 195.366 194.618 195.732 196.725 192.111 193.471 195.978 197.624 192.417 196.304 195.871 190.773 194.143 195.611 196.591 193.852 195.417 195.388 194.643 193.769 193.966 193.549 194.4 194.974 195.144 196.566 194.229 192.044 192.649 194.15 
193.985 191.818 192.033 192.992 194.022 194.771 194.821 191.622 192.014 192.673 193.278 193.73 196.592 197.1 194.346 197.64 195.591 194.91 196.704 197.06 196.813 197.81 199.396 194.526 195.43 197.333 199.288 194.661 198.021 198.555 193.316 196.263 197.174 198.672 196.623 197.481 198.34 197.066 196.005 196.324 195.796 197.285 197.301 197.539 198.674 196.131 194.322 194.711 196.593 
196.59 195.186 195.193 194.729 195.83 197.804 199.245 194.063 195.282 195.55 196.277 196.686 199.489 201.04 195.897 199.053 198.157 198.567 199.937 200.841 200.098 199.973 201.227 197.201 198.493 200.536 202.417 196.832 201.227 201.401 196.585 199.861 200.704 202.271 198.581 200.887 200.924 200.244 199.566 199.566 200.089 199.808 201.316 200.674 202.586 199.838 198.711 199.337 199.694 
208.992 207.825 207.521 206.873 206.065 206.057 205.825 208.327 207.617 207.796 206.697 206.075 206.174 207.169 208.804 207.523 207.485 207.495 205.828 206.19 206.26 209.882 209.525 208.808 208.367 207.433 207.049 207.393 209.072 210.129 209.851 209.082 209.202 208.512 207.82 209.92 211.114 210.69 210.344 210.071 208.461 207.822 210.1 210.561 211.541 209.939 209.257 208.274 207.886 
216.876 215.902 215.262 215.25 214.695 213.933 214.014 217.627 216.984 216.481 215.794 215.645 214.84 214.827 218.718 217.932 217.15 216.342 215.656 215.397 215.907 219.337 219.049 217.762 216.901 216.228 216.325 217.081 219.433 219.3 218.858 217.714 218.012 216.9 216.663 218.793 219.537 219.611 218.817 218.761 217.633 216.997 219.6 220.081 220.22 218.868 218.094 217.232 217.48 
222.036 221.814 221.704 220.815 220.048 219.022 218.626 223.464 223.464 222.95 222.296 221.573 220.158 220.323 224.631 224.433 223.65 222.846 222.333 221.488 221.555 225.033 224.943 224.274 223.739 222.786 222.516 222.745 224.784 224.938 225.093 224.197 223.746 222.533 222.878 224.587 224.89 225.405 224.463 224.147 223.158 222.758 224.79 224.686 225.125 224.555 224.017 223.676 223.123 
143.281 143.373 142.964 141.895 140.831 140.229 140.076 143.799 143.854 143.347 142.26 141.72 140.679 140.356 144.084 143.407 142.913 142.141 140.922 140.09 140.861 144.178 143.279 142.666 141.855 141.36 141.61 141.026 143.566 142.929 142.446 142.003 141.758 141.657 140.752 143.544 143.2 142.67 141.843 141.588 141.236 140.637 143.974 143.668 142.645 142.131 142.094 141.378 140.964 
143.195 143.81 143.841 143.855 144.073 143.812 143.399 145.583 145.017 144.722 144.255 144.726 144.265 143.925 144.866 144.986 144.35 144.267 144.126 143.58 143.474 144.906 144.415 144.457 143.841 143.779 143.754 143.475 144.627 144.021 144.756 144.733 144.335 144.483 143.74 144.947 144.525 144.978 144.885 144.611 144.767 144.345 146.088 144.99 144.448 144.708 144.713 144.634 144.278 
142.934 143.458 143.604 144.209 144.669 145.572 145.293 145.243 144.119 144.073 144.292 145.428 145.581 145.415 144.592 144.432 144.529 144.66 145.378 145.525 145.438 145.677 144.421 144.983 145.17 145.486 145.847 146.091 145.942 144.677 145.604 146.067 146.154 146.45 146.189 145.735 145.494 146.737 147.169 147.286 147.171 146.665 147.447 146.63 146.403 147.177 147.59 147.417 146.656 
143.54 144.429 144.838 145.098 146.37 147.752 148.555 145.988 144.651 144.916 145.795 146.475 147.235 148.32 144.35 144.95 145.436 145.867 147.082 147.776 148.514 145.257 144.292 145.537 146.19 146.797 147.301 149.586 146.078 144.488 145.923 147.399 147.188 148.222 149.626 146.034 145.757 147.251 147.745 148.736 150.435 150.35 147.962 147.214 146.826 147.589 148.415 150.676 149.806 
152.954 152.468 155.383 155.119 154.266 157.147 160.686 154.079 155.142 155.396 155.94 154.603 157.602 161.519 154.761 155.998 155.678 155.487 155.561 158.374 161.288 154.735 156.071 156.05 156.379 156.328 156.781 159.579 155.05 154.01 152.88 155.744 156.365 157.132 160.481 155.573 153.725 153.442 156.162 157.791 159.293 160.254 157.465 155.355 156.304 155.941 157.092 158.624 157.941 
158.089 157.208 159.542 159.472 158.381 159.069 161.133 158.833 159.576 160.058 160.093 158.519 159.386 161.023 159.746 160.472 160.088 159.855 158.962 160.298 161.608 160.545 160.987 160.649 160.099 159.299 158.599 159.483 161.103 159.754 158.021 160.395 160.019 159.133 159.689 161.805 159.262 158.199 160.012 160.355 159.032 159.201 163.765 160.918 161.135 159.564 158.542 157.884 157.852 
160.721 160.027 162.379 162.075 160.709 161.164 162.594 161.88 162.54 162.846 162.359 160.757 161.43 162.575 162.678 163.301 162.73 162.102 161.071 161.951 162.927 163.418 163.91 163.406 162.449 161.66 160.562 160.863 163.715 162.445 160.573 162.464 161.823 160.701 160.904 164.217 161.767 160.538 162.251 162.068 160.258 160.116 166.109 163.24 163.092 161.605 160.281 159.077 158.642 
172.666 172.35 172.906 173.36 171.562 170.271 170.631 174.745 173.039 172.932 173.371 172.317 171.65 171.713 174.472 173.369 174.857 174.392 174.558 172.976 171.884 170.943 170.927 172.776 173.108 173.223 170.818 170.02 166.922 166.391 169.168 169.122 168.918 168.868 168.342 166.704 166.978 169.303 169.544 168.68 168.32 168.662 170.901 171.049 172.106 172.093 170.065 170.648 171.773 
187.424 187.478 187.204 186.674 186.407 185.844 185.566 187.003 187.602 187.663 186.902 187.741 187.774 186.368 186.656 187.28 186.993 186.556 187.428 187.475 186.81 186.248 186.535 185.683 186.152 186.638 186.636 185.695 185.912 185.908 185.116 185.035 185.6 185.313 185.048 186.145 185.377 184.712 184.232 184.112 183.963 184.635 186.158 185.328 184.677 184.014 184.243 184.051 184.71 
196.505 196.888 197.273 197.702 197.547 197.042 196.209 196.74 196.251 195.224 196.249 197.517 198.918 198.099 197.186 199.177 196.245 197.37 198.267 198.995 199.01 195.913 197.708 196.007 196.339 196.494 197.929 197.901 195.581 197.19 195.723 195.508 195.678 196.596 199.209 195.476 196.752 195.267 194.849 195.761 195.184 199.104 196.12 195.918 194.651 194.028 195.451 195.447 197.853 
196.45 195.642 195.89 195.209 196.324 198.154 199.46 194.224 195.613 195.521 196.682 197.431 200.572 201.71 196.07 200.097 198.478 198.95 200.944 201.91 201.347 199.509 201.337 196.926 198.267 200.595 203.083 197.462 200.688 201.063 195.893 199.082 199.901 201.929 199.257 200.015 200.187 199.332 198.204 198.482 199.537 200.474 200.87 200.041 201.129 198.418 197.855 198.913 200.073 
202.383 204.707 205.789 203.366 203.042 205.259 207.265 203.187 203.369 201.697 204.277 205.033 206.97 209.685 202.042 204.493 202.867 207.862 207.035 209.45 209.724 201.91 204.199 203.948 204.956 204.577 206.782 204.936 203.429 206.201 205.051 205.186 204.53 207.727 207.706 205.108 206.115 205.242 204.863 205.588 208.957 209.857 208.766 206.066 205.764 204.258 208.392 209.769 208.787 
208.053 208.672 208.71 206.172 207.425 210.527 213.924 209.392 208.168 205.969 208.278 211.621 212.439 214.092 207.799 208.351 207.414 211.979 214.727 217.384 214.341 209.251 209.284 210.543 212.277 212.594 215.763 211.507 212.788 212.394 213.35 214.019 214.029 216.379 214.682 215.719 213.663 214.347 214.232 216.47 217.56 216.915 218.893 215.35 215.311 215.535 219.232 219.277 217.293 
216.895 220.344 223.259 223.292 222.662 222.605 222.828 220.115 223.066 223.417 223.029 223.392 224.499 224.948 226.63 226.639 224.311 226.798 225.014 225.328 226.858 226.668 232.334 227.848 227.588 224.597 224.778 225.582 227.268 230.761 230.305 227.798 225.596 225.081 225.201 229.361 229.091 231.551 227.349 227.162 226.504 227.571 230.708 230.604 230.325 226.624 227.523 227.85 227.806 
228.183 227.372 226.797 227.549 227.804 226.762 226.735 228.949 227.995 227.346 226.98 227.94 226.495 226.679 231.399 229.709 227.92 227.353 227.883 228.641 229.597 230.728 230.238 228.379 228.436 228.403 229.933 231.547 230.125 229.559 229.087 228.341 229.15 229.203 229.846 229.739 230.068 230.157 229.599 229.948 230.68 231.227 230.561 230.419 230.694 230.518 229.662 230.544 231.812 
146.048 147.069 146.846 145.775 145.272 143.938 143.179 148.087 148.269 147.639 146.056 146.128 145.014 144.253 147.484 147.055 145.975 145.646 144.967 143.834 143.698 145.832 146.747 145.91 144.009 144.025 144.003 143.087 144.781 145.528 146.022 144.461 144.25 145.236 143.813 146.14 145.124 144.225 143.249 142.865 144.336 144.206 145.971 144.291 143.214 143.372 143.245 143.375 143.901 
146.299 147.497 147.566 146.695 146.384 145.464 144.803 148.405 148.766 148.397 147.158 147.502 146.934 146 148.031 147.793 147.023 146.938 146.629 145.776 145.192 146.765 147.656 146.808 145.623 145.526 145.224 144.55 145.945 146.624 147.335 146.173 146.038 146.705 145.662 147.249 146.273 146.066 145.55 144.997 146.147 146.333 147.22 145.508 145.079 145.49 145.453 145.404 146.07 
146.543 147.251 146.47 146.598 147.057 147.165 147.664 148.236 147.121 147.744 147.107 148.028 148.185 148.031 147.415 146.465 147.125 147.135 148.113 147.998 147.028 149.109 147.36 147.108 146.681 147.895 147.354 146.731 149.813 148.275 149.297 147.732 147.729 147.906 147.793 150.458 149.523 151.943 149.162 148.259 149.505 149.935 152.134 151.399 151.41 150.359 149.3 149.672 150.895 
152.48 150.789 150.839 150.937 150.743 153.051 154.134 150.647 148.754 148.855 150.6 151.585 154.013 154.58 150.203 150.729 151.995 151.306 152.492 154.367 154.01 152.54 151.752 152.761 153.877 153.494 153.556 153.905 152.188 150.572 151.305 151.695 152.49 153.026 156.109 151.918 150.603 150.262 150.522 151.343 153.958 156.954 150.249 151.41 151.42 150.541 152.638 154.487 155.937 
150.308 150.589 151.69 152.155 152.786 157.335 162.87 150.503 151.369 151.84 154.392 153.784 159.17 165.917 150.242 151.916 151.724 152.96 155.277 159.943 164.945 148.846 150.551 151.346 153.503 155.287 159.377 165.017 149.823 150.173 151.777 153.51 156.324 159.99 166.148 149.825 151.5 152.783 154.129 158.649 165.167 167.175 150.473 151.87 154.02 155.761 160.843 166.384 165.385 
157.856 157.51 160.242 160.195 159.113 160.61 162.729 159.341 159.913 160.402 160.042 159.116 160.199 162.794 160.836 161.171 160.684 160.04 159.797 160.834 162.697 161.338 161.923 161.28 160.963 160.595 160.058 161.242 162.108 161.649 159.78 161.285 161.021 160.958 162.999 162.601 160.761 159.58 161.794 162.19 161.77 161.868 163.572 161.099 161.691 161.083 160.186 159.947 159.127 
166.52 166.104 166.113 166.287 165.473 164.693 165.225 166.751 166.625 166.725 167.052 166.199 165.867 165.729 166.962 166.854 166.416 166.748 166.467 166.124 166.141 167.411 167.063 166.663 166.458 166.266 166.452 166.053 168.044 167.705 167.505 167.641 167.362 166.465 165.532 168.068 167.946 167.304 166.673 167.057 165.918 165.536 168.55 167.817 167.662 167.081 166.876 166.201 165.911 
174.132 173.5 173.306 172.884 171.602 170.469 169.943 174.778 174.165 173.433 173.28 171.576 170.714 170.009 174.454 174.125 173.73 173.305 171.831 170.751 170.446 174.293 174.293 173.41 172.654 171.939 171.26 171.266 173.804 173.767 173.097 172.489 171.35 170.907 170.623 173.79 173.316 172.733 171.935 171.485 170.881 170.323 173.695 173.093 171.982 171.674 171.346 171.259 171.079 
185.054 184.812 184.612 184.593 183.488 182.533 181.679 185.521 185.88 185.268 185.582 183.548 182.503 181.598 184.833 185.291 185.349 185.521 183.162 181.845 181.406 184.229 184.329 183.987 183.572 182.72 181.825 181.49 183.343 183.163 183.088 182.32 181.189 181.002 180.512 182.551 181.989 181.972 181.409 180.96 180.497 180.202 182.061 181.657 180.929 180.728 180.693 180.816 180.884 
208.684 207.294 208.019 209.715 210.994 209.033 207.771 208.415 208.453 208.686 208.498 209.132 207.655 207.034 206.764 207.872 208.432 205.523 205.542 206.849 207.198 203.818 204.502 204.732 203.834 202.778 205.784 205.937 203.149 202.035 202.484 198.67 200.315 201.781 201.969 197.303 199.903 198.094 197.122 196.748 199.006 196.713 194.61 194.565 193.9 192.094 192.409 194.958 196.841 
207.475 208.549 209.568 209.38 209.006 208.562 207.632 208.34 208.096 207.389 207.38 208.455 209.753 209.139 208.487 210.712 208.361 208.682 208.9 209.06 209.81 206.885 208.723 207.827 207.343 207.398 208.139 208.944 206.657 208.125 206.917 206.538 206.574 207.671 210.34 206.359 207.731 205.843 205.45 206.715 206.832 209.955 207.083 207.498 205.309 205.027 206.553 206.308 208.237 
208.831 210.726 211.266 208.694 209.466 211.736 214.382 210.122 210.524 209.231 211.279 213.203 214.227 215.753 207.884 209.842 209.936 214.108 215.616 217.475 215.713 208.376 209.438 210.963 212.481 213.037 214.814 211.842 211.185 211.584 212.468 212.921 212.47 214.773 214.193 213.674 212.198 212.767 212.589 213.788 216.509 215.964 216.679 213.332 213.43 213.307 216.805 217.965 216.219 
213.312 217.395 221.694 222.132 222.408 224.23 225.825 217.765 220.848 221.417 221.875 225.321 228.282 228.702 225.112 225.792 222.937 228.866 230.305 231.014 230.12 225.661 233.51 230.383 231.931 228.668 229.747 227.249 229.259 233.925 236.824 234.868 230.804 231.219 230.217 236.504 234.54 238.22 233.397 234.014 231.608 233.967 238.165 237.125 235.261 231.779 234.09 234.576 234.643 
227.568 233.821 236.923 237.858 235.402 238.995 239.909 233.903 233.975 236.53 235.868 235.331 238.332 238.952 238.723 241.224 242.104 242.095 238.457 239.235 236.655 236.248 244.032 245.805 242.386 237.614 240.234 234.727 238.236 245.237 246.985 239.591 233.577 242.656 236.811 242.382 245.343 247.389 242.311 238.898 241.276 244.013 246.479 248.413 248.423 246.485 244.717 247.824 246.187 
222.956 228.41 232.754 232.124 232.7 233.065 233.714 227.132 232.229 233.037 232.52 234.024 235.514 236.477 235.989 236.604 233.738 237.45 236.481 237.607 238.713 235.587 243.56 238.463 238.597 235.173 235.765 235.731 236.986 242.156 241.821 239.863 236.51 235.74 235.296 240.62 239.865 242.67 237.751 237.248 237.532 239.017 241.271 240.825 239.98 236.451 238.336 239.842 239.407 
152.337 152.307 150.042 147.041 145.914 145.328 144.534 152.503 151.39 150.134 147.664 144.747 142.518 143.039 151.333 150.443 148.014 146.721 144.385 142.83 142.327 151.758 149.22 146.873 145.445 144.601 143.771 142.285 150.302 149.018 147.455 145.795 144.827 144.198 142.621 150.247 148.446 147.345 145.694 144.415 143.33 142.788 150.686 148.942 146.947 145.634 144.112 142.37 141.088 
148.348 149.072 148.137 147.527 147.549 146.908 147.337 149.887 149.179 149.493 148.204 148.535 148.289 147.706 149.327 148.108 148.336 148.076 148.457 147.934 146.625 150.004 149.08 148.026 146.96 148.026 147.092 145.941 150.499 149.661 150.199 147.743 147.439 147.476 147.053 151.777 150.429 152.141 148.636 147.085 148.667 149.387 152.575 151.673 151.41 149.767 148.345 148.808 150.523 
153.105 151.661 150.63 150.14 149.993 150.873 151.023 151.41 148.897 149.435 149.927 150.7 151.422 150.43 150.685 150.256 151.884 150.656 151.618 152.015 149.964 154.241 152.056 152.463 152.666 152.289 150.589 149.701 154.464 151.989 152.333 151.21 150.615 150.156 152.098 154.722 152.607 153.009 150.756 149.559 151.435 154.057 153.541 154.522 153.753 151.096 150.556 151.751 154.35 
154.522 152.913 152.16 151.636 151.419 152.581 152.114 152.701 150.976 150.917 151.835 152.434 152.558 151.5 151.704 151.499 153.508 152.383 152.44 152.529 151.303 154.685 152.529 154.233 155.442 153.629 151.606 151.505 154.903 152.622 153.377 152.496 151.7 151.37 153.877 155.649 153.484 153.385 151.713 150.724 152.173 154.798 154.337 154.658 153.621 151.413 151.24 152.675 154.687 
156.05 154.501 154.332 154.275 153.768 155.274 156.14 154.567 152.279 152.404 153.559 154.545 155.363 155.935 154.921 154.695 155.468 154.22 155.34 155.748 155.407 157.049 155.786 155.811 156.887 156.078 155.292 155.674 157.194 156.102 155.857 155.85 155.646 155.778 159.139 156.809 155.372 154.239 154.327 154.424 156.863 159.352 153.992 154.893 154.882 153.88 154.533 156.41 157.554 
155.653 156.977 157.489 159.211 159.582 160.442 162.409 156.12 156.441 157.685 158.744 160.321 159.402 161.787 159.118 158.842 158.936 159.4 161.632 160.217 161.504 159.629 160.156 159.713 161.024 161.18 160.671 162.169 161.926 164.134 163.96 163.068 162.801 163.634 166.095 161.446 163.002 161.913 162.553 163.792 165.691 164.774 158.689 159.855 161.752 162.651 161.973 163.047 161.401 
154.042 154.302 154.048 154.299 153.974 153.769 154.952 167.102 166.632 166.588 166.338 166.924 166.049 167.391 168.646 168.117 167.608 167.118 167.867 166.86 167.533 168.895 169.072 168.084 168.59 168.57 168.237 169.092 169.879 171.083 170.662 170.366 169.646 169.723 171.232 169.887 170.327 169.325 169.526 169.848 170.555 170.136 168.159 168.036 168.651 169.072 168.607 168.934 168.12 
176.999 174.775 174.113 172.899 172.528 171.596 172.052 179.443 177.833 176.079 176.926 174.293 173.951 172.798 179.833 178.91 178.303 178.72 175.982 174.553 174.404 179.855 179.257 178.302 177.406 176.186 175.328 175.323 178.617 178.26 177.636 176.672 175.192 175.19 174.373 178.547 177.789 177.323 176.259 175.477 175.086 174.564 177.786 177.366 176.174 175.995 175.556 175.486 175.614 
201.547 198.224 197.755 199.957 201.361 197.859 196.592 201.436 200.009 199.348 198.976 198.637 195.578 194.464 198.265 199.118 199.411 195.677 193.988 195.281 195.412 193.788 195.03 194.844 193.165 190.737 193.706 194.203 192.619 190.746 191.651 187.049 188.268 189.262 188.436 185.435 187.748 186.523 185.379 184.166 185.912 181.785 181.353 180.688 180.453 177.838 177.35 179.899 181.585 
218.935 216.796 217.28 220.544 222.654 219.624 217.765 218.869 218.488 218.462 218.905 218.796 216.104 216.259 216.265 217.408 218.028 214.223 212.856 214.85 215.913 211.507 212.373 213.18 211.44 209.316 213.144 213.961 210.668 209.147 210.354 204.663 206.528 208.386 207.826 201.176 205.387 203.561 202.877 201.487 204.389 199.826 176.787 177.002 176.781 174.56 173.984 177.452 178.993 
218.664 217.429 218.471 220.706 222.258 219.878 218.309 218.591 218.48 218.994 218.989 219.599 217.727 217.197 216.484 217.693 218.343 215.341 215.284 216.691 217.171 213.17 213.925 214.461 213.23 212.28 215.112 215.632 212.527 211.408 212.184 207.86 209.575 211.381 211.248 206.093 209.164 207.295 206.481 206.233 208.754 205.081 203.089 203.301 202.823 201.324 201.483 203.453 204.884 
225.226 226.048 226.671 226.65 225.922 225.811 225.451 225.029 225.357 225.746 226.082 226.071 225.893 225.941 224.321 225.293 225.181 225.725 225.627 225.134 225.297 223.769 224.241 224.829 225.198 225.5 224.601 224.777 223.91 224.145 224.524 224.412 224.643 224.24 224.085 224.051 224.014 224.066 224.173 224.414 224.14 223.87 224.601 224.67 224.374 224.27 224.215 223.774 223.455 
234.508 237.139 237.681 238.385 236.451 239.083 239.403 237.439 235.193 236.873 236.687 236.654 237.731 237.456 237.301 239.256 240.535 239.264 238.351 238.108 234.639 235.142 238.203 241.868 239.412 237.725 239.428 234.791 236.302 240.088 242.16 236.915 233.761 241.21 237.222 238.698 241.536 241.785 239.898 237.798 239.475 240.669 241.789 243.024 242.88 244.097 242.072 243.274 241.871 
234.326 240.121 243.099 243.694 241.012 244.14 244.582 239.099 239.676 242.189 241.56 240.378 242.819 243.559 243.108 245.596 246.673 246.46 242.183 242.017 240.948 240.84 247.516 248.868 245.732 241.452 242.823 238.809 241.973 248.205 249.424 243 237.885 246.062 240.198 244.088 247.908 249.213 245.156 241.709 244.68 246.031 247.592 250.382 250.163 248.364 247.042 249.722 247.947 
248.413 250.661 251.258 251.987 250.349 252.245 252.604 249.818 249.431 250.525 250.546 248.758 249.975 250.594 251.139 252.584 254.174 252.311 248.984 249.803 248.386 249.389 251.71 254.199 251.481 249.584 251.233 248.17 249.773 252.638 253.097 249.037 246.5 252.631 248.915 250.254 252.894 252.665 251.229 248.941 251.266 252.15 251.779 254.029 254.313 254.479 252.549 254.499 253.302 
156.686 155.992 153.342 149.015 147.625 146.711 145.345 157.361 155.503 153.117 149.803 145.341 142.713 143.034 154.866 153.747 149.679 147.732 144.613 142.268 140.762 155.755 151.692 147.341 144.85 143.788 142.311 140.38 153.698 151.834 149.268 145.862 143.408 142.466 140.828 153.405 150.918 149.583 146.741 143.111 141.132 140.674 154.135 151.598 148.356 146.172 143.249 140.075 138.051 
156.638 155.993 152.877 150.67 150.352 149.759 147.903 156.837 155.018 153.555 151.114 148.949 147.482 147.101 154.782 154.695 151.57 148.703 149.208 147.608 145.172 155.265 153.537 150.021 147.381 147.192 145.385 144.369 155.034 153.502 151.433 148.051 144.943 145.216 145.012 154.282 152.384 150.29 148.117 146.435 146.518 145.741 154.358 151.992 150.126 147.782 146.768 145.382 144.916 
153.219 153.11 151.6 150.804 151.315 151.827 150.929 153.029 153.245 152.996 152.383 152.403 151.17 150.553 151.758 150.712 152.107 151.602 151.248 150.006 149.663 152.758 150.364 152.095 153.495 151.721 149.282 149.834 154.248 152.612 153.638 150.952 149.609 149.47 150.951 156.103 154.922 155.657 152.12 150.923 151.427 151.769 157.242 155.532 154.416 152.636 151.65 152.027 152.683 
156.457 154.714 153.811 152.949 152.537 153.471 152.407 154.442 152.776 152.36 153.026 153.182 153.064 151.767 153.217 153.269 154.73 153.091 152.994 152.733 151.38 155.746 153.737 155.256 156.194 153.779 151.512 151.537 155.649 153.323 153.791 152.997 151.66 151.182 153.785 156.308 154.025 152.874 151.764 150.775 151.834 154.098 154.743 154.599 153.14 151.106 151.235 152.234 153.735 
156.952 156.618 155.877 154.925 154.811 154.914 153.465 156.535 157.473 156.614 156.233 155.507 153.8 152.733 155.691 155.389 156.128 155.421 153.628 152.318 152.353 155.773 154.579 156.477 157.575 154.343 152.293 152.975 156.518 155.739 156.447 154.838 153.341 152.646 153.778 158.211 157.103 156.652 155.097 153.986 153.196 153.245 158.63 156.676 155.555 154.549 153.971 153.931 153.627 
142.133 142.565 142.458 142.975 142.316 142.226 143.653 161.87 161.63 161.851 161.852 162.545 161.18 162.831 163.918 163.283 162.686 162.175 163.22 161.625 162.411 164.624 164.477 163.059 163.984 163.889 162.903 163.877 166.049 167.441 166.465 165.788 165.233 165.213 166.936 165.344 165.87 164.529 164.644 164.934 166.386 165.397 162.745 162.715 163.886 164.353 163.556 163.988 162.466 
82.1176 74.3618 73.9113 66.1748 74.4293 78.8655 86.0851 184.539 180.123 176.715 179.118 180.852 185.176 187.023 187.404 186.522 185.164 185.796 187.588 189.118 190.347 193.196 192.223 192.735 192.533 194.361 195.022 195.379 194.524 194.224 194.952 195.106 195.889 195.854 195.715 195.293 197.213 196.285 195.756 195.057 195.944 195.714 193.552 195.171 195.519 195.017 194.379 194.271 193.65 
136.47 130.304 128.771 122.864 128.414 130.052 135.727 182.709 178.364 174.95 176.168 177.289 179.622 180.229 184.195 182.816 181.803 181.847 182.376 182.842 183.834 186.535 186.131 186.207 185.646 186.24 186.49 187.319 186.78 186.001 186.857 187.473 187.399 187.186 187.214 188.976 188.926 188.34 187.959 187.28 187.22 187.628 186.72 187.66 187.422 186.954 186.782 185.968 185.995 
206.631 199.756 199.15 193.089 200.222 203.251 208.4 214.452 209.66 206.309 207.975 208.893 211.628 212.94 216.1 214.418 212.925 212.987 213.874 214.473 215.424 217.336 215.753 215.741 215.258 216.082 216.289 216.272 218.205 217.173 217.182 216.573 216.849 216.613 216.284 218.628 219.108 217.748 216.854 215.715 215.938 215.893 106.616 107.3 107.094 106.631 105.292 104.744 104.398 
238.738 235.204 235.318 238.881 241.181 238.181 236.53 238.471 236.848 236.445 236.985 237.223 234.557 234.657 235.743 236.099 236.191 232.023 231.493 233.82 234.723 231.377 231.807 231.87 230.139 227.772 232.25 233.068 230.385 228.554 229.41 223.392 225.376 227.352 225.906 221.008 225.212 222.915 221.673 220.483 222.557 215.566 96.1574 96.2956 96.3965 94.0227 93.3926 94.0528 95.7639 
230.917 232.034 232.379 231.916 230.935 231.036 230.434 231.353 231.752 231.344 231.284 230.893 230.702 230.752 230.928 231.365 230.93 230.591 230.071 229.893 230.221 230.331 230.009 230.587 230.254 230.111 229.217 229.33 229.851 229.286 229.379 229.185 228.947 228.464 227.308 229.06 228.729 228.705 228.678 228.619 226.861 225.751 194.17 194.361 193.822 193.97 193.659 190.739 190.632 
234.011 234.675 234.871 234.652 233.864 234.051 233.059 233.88 234.419 234.278 234.472 234.736 234.257 233.149 233.11 234.08 233.737 233.784 234.226 233.34 232.699 232.657 233.399 233.524 233.671 233.643 231.999 231.904 232.355 232.622 233.111 232.567 232.226 231.362 231.126 232.512 232.163 232.39 232.339 232.44 230.927 229.81 232.641 231.951 231.993 232.721 232.153 229.988 229.559 
240.222 240.848 241.075 240.798 239.862 239.98 238.609 240.273 240.657 240.356 240.247 240.66 240.058 238.998 240.165 240.793 239.951 240.18 240.328 238.903 238.659 239.839 240.417 240.341 240.659 240.143 238.315 238.12 239.607 239.874 240.486 239.973 239.647 238.499 237.696 239.768 239.618 239.698 239.588 239.83 238.179 237.467 239.844 239.502 239.348 239.825 239.213 237.874 237.356 
247.959 250.128 250.724 251.291 249.756 251.345 251.506 249.243 249.097 249.869 249.999 248.629 249.481 249.534 250.25 251.565 252.58 251.261 248.834 248.938 247.591 248.541 250.813 252.802 250.629 248.896 249.864 247.415 248.874 251.61 252.151 248.297 246.163 251.05 248.123 249.547 251.667 251.472 250.197 248.389 249.663 250.462 250.688 252.301 252.394 252.809 251.043 252.121 251.238 
254.722 254.335 254.59 254.556 254.775 254.61 254.663 253.556 254.955 253.968 254.742 254.3 254.707 254.779 255.068 255.072 254.817 254.807 253.488 254.689 254.83 255.138 255.204 254.772 254.691 254.435 254.501 254.56 255.189 254.965 254.715 254.777 254.646 254.579 254.484 254.982 254.979 254.712 254.876 254.833 254.396 254.513 253.532 254.716 254.881 254.874 254.624 254.579 254.498 
