3561272
104.421 103.794 103.603 103.359 102.178 101.95 101.765 105.035 104.289 103.434 103.106 102.491 101.543 101.118 105.042 104.394 103.685 102.714 102.218 101.737 101.39 104.595 104.305 103.993 103.107 102.052 101.742 101.439 104.993 104.591 103.826 102.944 102.039 101.2 101.264 105.161 104.368 103.488 103.04 102.399 101.714 101.358 105.179 104.645 103.718 103.032 102.171 101.6 101.433 
103.057 102.446 102.377 101.357 101.49 101.585 100.961 103.041 101.911 101.247 101.478 101.863 102.068 101.206 102.64 100.587 101.069 101.959 102.022 101.351 101.851 101.719 100.381 101.32 101.878 101.307 100.803 101.616 100.56 100.701 101.214 101.771 101.124 99.8868 100.333 101.886 101.169 101.162 100.892 101.097 100.238 99.2892 102.17 100.958 100.766 100.697 100.344 100.789 100.161 
98.156 97.878 97.7705 97.2651 96.7147 96.5009 96.3968 98.1478 97.9182 97.6544 97.1988 96.5471 96.23 96.0432 97.8474 97.5296 97.1085 96.6776 96.2172 95.9077 95.8706 97.2485 96.93 96.6425 96.2098 95.8695 95.6363 95.5432 97.0439 96.646 96.0524 95.7014 95.2875 95.0265 95.1429 96.7752 96.2045 95.7123 95.3271 94.8967 94.6932 94.5636 96.5268 96.091 95.7274 95.3832 94.6669 94.4018 94.351 
92.0673 91.923 92.0281 92.014 91.5432 90.8211 91.3402 92.1015 91.6834 91.8121 91.7876 91.3866 90.819 90.8395 91.4842 90.8846 91.2672 91.4923 91.0305 90.2513 89.9642 90.9517 90.0789 90.6975 90.6214 90.4052 89.7161 89.9677 90.7599 90.2021 90.4501 89.8188 89.6308 89.6622 89.6102 90.5115 90.4883 90.4027 89.7711 89.4514 89.839 89.464 90.3069 90.3862 90.6509 90.318 89.9847 89.7314 89.6634 
86.3205 86.6903 86.8433 86.7623 86.6597 86.7293 86.7745 86.086 86.475 86.7135 86.5789 86.3132 86.1655 86.3576 86.0102 85.9582 86.2919 86.2464 85.9477 85.8397 85.7838 85.7106 85.5855 85.6634 85.5211 85.6257 85.4521 85.4802 85.1991 85.2034 85.0368 85.0608 85.0466 84.9085 85.1062 85.1544 84.8141 84.8345 84.5395 84.3778 84.4325 84.8893 84.7104 84.6051 84.4882 84.3657 84.0613 84.1662 84.6883 
82.2206 82.3648 82.0618 81.9783 82.1664 81.8086 81.7794 82.0534 81.9622 81.8263 81.8594 82.2052 81.7528 81.795 82.0577 81.8587 81.8756 81.7047 81.7338 81.3399 81.4283 81.8112 81.4919 81.5607 81.5648 81.4385 80.996 80.9993 81.0454 80.7734 80.9424 81.073 80.9899 80.7018 80.7641 80.5647 80.447 80.5766 80.4866 80.4373 80.304 80.5489 80.2728 80.2544 80.1866 80.2238 80.1653 80.0381 80.397 
77.6702 77.7337 77.0157 76.7525 76.9902 76.5608 76.4571 77.5319 77.3378 76.8306 76.6095 76.9858 76.5552 76.6085 77.4854 77.0888 77.0177 76.4743 76.6773 76.1557 76.4969 77.0115 76.8502 76.8853 76.7515 76.5983 75.9838 76.0531 76.5316 76.2842 76.232 76.4387 76.3717 75.9224 75.9109 76.476 76.053 76.0019 76.0295 76.1659 76.0122 76.2918 76.223 76.1711 75.9612 76.0734 76.2572 76.0664 76.5544 
68.9497 69.5493 68.6354 68.4843 69.044 69.0718 69.0532 69.0751 69.4185 68.9064 68.6723 69.6299 69.5982 69.7927 69.4337 69.7488 69.8082 69.2949 69.9003 69.6938 70.1631 69.453 70.0628 70.2093 70.3073 70.4436 69.961 70.2279 69.5915 69.933 69.9207 70.2456 70.3686 70.3669 70.4097 69.7058 70.1745 69.955 70.0337 70.3997 70.639 70.9065 69.967 70.4208 70.1852 70.4558 70.7924 70.9065 71.5029 
59.2127 60.171 59.9307 59.6494 59.8707 60.266 60.439 59.0835 60.0993 59.8469 59.748 60.1616 60.5579 60.7208 58.9193 60.1332 60.1194 60.299 60.5538 61.0737 61.0137 59.2224 60.7661 61.02 61.1464 61.3991 61.8725 61.4662 59.5677 60.8671 61.4742 61.8078 61.9716 62.2286 61.9817 60.0616 61.2499 61.3019 61.5847 61.9847 62.3368 62.0671 60.4995 61.6389 61.672 61.679 61.8895 62.0637 62.0662 
41.5367 41.7585 41.6089 41.6683 41.8965 42.4137 42.2534 41.5621 42.0026 41.8064 41.6426 41.8535 42.0729 42.1455 41.7704 42.0743 42.075 41.7863 41.817 42.1167 42.17 41.8812 42.1826 41.9647 42.1345 42.0874 42.4016 42.334 42.1612 42.2789 42.308 42.3669 42.5945 42.6234 42.4989 42.3578 42.6029 42.5116 42.7571 43.0092 43.2515 42.8972 42.5434 43.0544 43.0789 43.0014 43.4985 43.6613 43.3363 
29.9964 29.8634 30.3348 31.2094 31.4851 32.2488 32.8997 30.0802 30.0991 30.2319 30.5897 31.3202 31.6529 32.3941 30.1154 30.3951 30.8874 30.9449 30.9246 31.3056 31.3715 30.2098 30.3942 31.052 31.5283 31.3189 31.4115 32.1999 30.2286 30.2284 30.54 31.0327 31.1301 31.2691 31.8276 29.7731 30.3082 30.4285 30.7915 31.0126 31.3539 32.1035 30.2894 30.7258 30.8599 31.0095 31.4978 31.7991 32.7188 
6.3606 6.23956 6.01643 6.02109 6.03832 6.06561 6.30579 6.25627 6.11741 5.97192 5.90538 5.93212 5.92168 6.20277 6.17658 6.02054 5.9173 5.93839 5.86649 5.84355 6.19762 6.08741 5.94416 5.8692 5.90838 5.8827 5.87595 6.19692 6.13336 5.92026 5.90246 5.91842 5.92565 5.92268 6.25048 6.13588 6.042 5.96034 5.99751 5.97719 5.9869 6.31839 6.22499 6.17957 6.13718 6.06732 6.13142 6.08026 6.40948 
6.44178 5.5235 4.81022 4.43101 4.11422 3.47673 1.85541 6.13037 5.61723 4.99651 4.46229 3.68435 3.20001 1.74694 5.98777 5.46673 4.91762 4.43364 4.00569 3.04204 1.68344 5.49464 5.14026 4.66273 4.23261 3.68304 3.10098 1.58327 5.44098 4.98646 4.60421 3.94784 3.34814 2.5701 1.57948 5.35102 4.77359 4.57435 3.90632 3.21111 2.44265 1.59867 5.33807 4.80183 4.31208 3.82703 3.05807 2.38086 1.67204 
106.282 105.605 105.691 104.756 105.15 105.233 104.392 106.487 105.213 104.791 105.127 105.578 105.514 104.817 106.222 104.066 104.725 105.638 105.711 105.021 105.507 105.356 103.991 104.828 105.409 104.899 104.546 105.237 104.323 104.491 105.018 105.532 104.748 103.62 103.797 105.791 105.275 105.145 104.849 105.06 104.051 102.965 105.891 104.716 104.624 104.651 104.39 104.801 103.937 
103.991 103.524 103.745 103.118 103.705 104.146 103.569 103.809 103.071 102.962 103.57 104.141 104.344 103.897 103.519 101.885 102.583 103.75 103.847 103.48 104.292 102.74 101.601 102.492 103.364 102.969 102.823 103.89 101.718 101.96 102.451 103.314 102.845 102.077 102.608 103.061 102.572 102.522 102.384 102.918 102.338 101.556 103.184 102.174 102.048 102.165 102.359 102.845 102.264 
99.0342 98.5995 98.967 98.4519 98.9672 98.9303 98.8406 98.9773 98.028 97.9855 98.627 99.1426 99.2898 98.9705 98.2513 96.7051 97.5739 98.7848 98.8439 98.3382 98.9752 97.4452 96.0316 97.2499 98.0586 97.8933 97.6172 98.8603 96.4584 96.4315 97.1211 97.7486 97.495 97.192 97.683 97.3773 97.0855 97.2035 97.0149 97.6267 97.6832 96.9409 97.4428 96.7565 97.158 97.3865 97.6469 98.2643 97.9167 
92.6218 92.3732 92.6562 92.8268 92.6529 92.4395 93.1431 92.5866 92.2775 92.4193 92.7227 92.6126 92.3801 92.8812 92.0338 91.547 92.0376 92.4339 92.2663 91.975 92.0139 91.6648 90.7317 91.5233 91.5262 91.7588 91.4569 91.9505 91.7002 91.3418 91.4861 91.1383 91.2116 91.6325 91.6717 91.7129 91.6944 91.5194 91.1376 91.3298 91.9291 91.6987 91.6153 91.6079 91.8612 91.7673 91.9676 91.9249 92.0472 
87.923 87.9625 88.2801 88.6683 88.6649 88.4251 89.0961 88.0559 87.8427 88.0511 88.4564 88.6227 88.3455 88.6342 87.7131 87.3296 87.8397 88.3568 88.2359 87.9067 87.8226 87.4941 86.7213 87.5275 87.743 87.8292 87.5452 87.8749 87.3364 86.9919 87.4465 87.1867 87.3604 87.7244 87.8531 87.2468 87.4714 87.5319 87.1619 87.3038 87.9689 87.8253 87.201 87.4313 87.7279 87.6003 87.8152 87.9168 88.062 
82.3868 82.7446 82.8457 82.9037 82.9599 83.3046 83.4869 82.1495 82.5416 82.6611 82.7569 82.8675 82.8115 83.0766 82.3145 82.2559 82.6078 82.5986 82.4935 82.503 82.6184 82.3056 81.9306 82.2531 82.2565 82.4233 82.4011 82.6772 81.6213 81.8246 81.9702 82.1221 82.2925 82.4954 82.7813 81.5203 81.5549 82.0438 81.9558 82.094 82.4632 82.9062 81.4827 81.6111 81.7945 81.9421 81.9776 82.3705 83.0391 
76.6342 76.6378 76.1944 76.0429 76.2768 75.9468 76.1944 76.8075 76.5306 76.1919 76.2547 76.8596 76.4883 76.6122 77.2694 76.831 76.8152 76.4913 76.9114 76.5132 76.8239 77.3434 76.8473 77.0506 77.0619 77.0495 76.5576 76.9098 76.923 76.6574 76.8889 76.9503 77.0214 76.9352 77.0811 76.6728 76.8304 76.9729 76.9045 77.0301 77.1041 77.3433 76.8814 76.9892 76.9018 77.137 77.1197 77.1172 77.6383 
68.0778 68.4988 68.6376 69.1607 68.998 69.2394 69.2359 68.4085 68.8268 68.9284 69.007 68.7763 69.3275 69.323 68.0893 68.6108 69.0338 69.3142 69.4309 69.8826 70.0455 68.5967 69.141 69.4154 69.6133 69.8275 70.255 70.2904 69.0145 69.3843 69.6856 69.9996 70.1969 70.5128 70.492 69.5164 70.0177 69.8784 69.9341 70.3426 70.637 70.7623 69.8534 70.2223 70.2933 70.5102 71.1078 71.0777 71.0822 
60.4307 61.0616 60.8539 60.6702 60.8148 61.2083 61.3958 60.4456 61.0682 60.9646 60.7472 61.0556 61.5504 61.6736 60.4258 61.1713 61.2708 61.387 61.5643 62.1115 62.1769 60.7725 61.7283 61.8966 62.1105 62.4109 62.8019 62.639 61.2544 62.0187 62.4109 62.6092 62.788 63.1814 63.0055 61.5984 62.3998 62.4934 62.6484 62.9281 63.2947 63.2471 62.0635 62.7788 62.9204 63.0159 63.165 63.2744 63.2787 
47.5838 47.7166 47.9964 48.4557 48.6567 49.2136 49.7314 47.5178 47.6477 47.8024 48.0106 48.5735 48.9608 49.4881 47.244 47.7301 48.2048 48.3718 48.4997 48.8984 48.8359 47.4451 47.9509 48.6413 48.9132 49.0124 49.1183 49.4649 47.5166 47.959 48.2058 48.5787 48.7138 48.8999 49.0988 47.0505 47.7896 47.9941 48.26 48.6165 48.7889 49.2268 47.5387 47.9578 48.1966 48.5515 48.8763 49.042 49.5717 
36.3162 36.1316 36.482 37.2972 37.5265 38.1909 38.5838 36.3916 36.3102 36.3885 36.6725 37.3589 37.7533 38.2182 36.4356 36.5867 37.0444 37.1084 37.1448 37.5452 37.3878 36.6432 36.7317 37.2941 37.6562 37.5744 37.6866 38.1535 36.628 36.672 36.7925 37.1626 37.3343 37.4961 37.7803 36.0724 36.6091 36.7025 37.0013 37.2296 37.5013 38.0129 36.5617 36.895 37.0201 37.1918 37.6302 37.8934 38.5184 
40.8001 39.5772 37.8068 39.7393 39.5387 40.0527 39.9352 40.7707 39.9745 38.7232 39.0326 38.4362 39.646 39.6291 40.9391 40.3665 40.1344 40.1011 39.355 39.6554 39.1947 41.254 40.9516 40.6847 41.3662 41.4167 40.2942 39.7175 41.3456 41.1768 40.9404 41.0402 40.5628 40.7993 39.7989 40.7582 40.8892 40.5548 40.1418 39.6974 40.8434 40.391 41.6108 41.0686 41.0835 40.5779 41.1723 40.8617 42.289 
9.78971 8.83936 8.07873 7.68373 7.33633 6.7173 4.90728 9.50991 8.94487 8.2642 7.71942 6.96422 6.51296 4.83942 9.37439 8.77082 8.19737 7.71177 7.33931 6.40235 4.77216 8.95552 8.5143 8.01079 7.57832 7.04575 6.47579 4.64733 8.8717 8.41761 8.00446 7.3133 6.7451 5.99037 4.68174 8.83878 8.2181 7.99193 7.31522 6.65383 5.90578 4.71823 8.87235 8.26934 7.76521 7.27993 6.55054 5.89381 4.8086 
110.624 110.092 109.928 109.408 109.088 109.294 108.284 110.256 109.823 109.474 109.369 109.001 108.3 107.32 110.036 110.015 109.556 109.201 108.685 108.127 107.225 109.61 109.541 109.637 109.358 109.377 108.066 107.305 109.073 109.501 109.944 109.622 109.369 108.72 107.286 109.339 109.697 109.927 109.581 109.541 108.79 107.855 109.173 108.88 109.065 109.249 108.978 108.704 108.117 
108.052 107.42 107.681 106.871 107.672 108.523 108.068 107.723 106.814 106.844 107.392 107.928 108.597 108.391 107.242 105.358 106.346 107.831 108.024 107.63 108.823 105.853 104.579 105.921 107.166 106.979 107.02 108.986 104.734 105.2 105.768 106.902 106.914 106.629 107.321 105.951 105.854 106.197 106.303 107.041 107.083 106.512 105.695 105.158 105.365 105.806 106.511 107.496 106.682 
99.9489 100.365 100.872 101.314 101.963 102.543 102.854 99.6101 100.21 100.874 101.596 101.925 102.193 102.785 99.2631 99.9993 100.611 101.276 101.582 102.161 102.669 99.0846 99.4923 100.049 100.669 101.258 101.906 102.25 98.7284 99.3364 99.6983 100.365 100.821 101.448 101.905 98.586 99.0114 99.3295 100.038 100.659 101.162 101.66 98.3851 98.4785 99.0101 99.77 100.434 100.85 101.207 
95.0069 95.11 95.3425 95.4436 96.0641 95.7096 95.0894 96.3975 95.4913 94.7735 95.0643 96.2656 96.7551 95.7886 96.7406 96.2415 95.7208 95.1449 96.4761 97.0748 95.4341 96.4046 95.5999 95.637 95.0693 96.5284 96.2989 95.8716 96.4379 95.6731 95.3181 94.9776 96.8811 96.01 97.2513 96.4299 96.7835 95.3136 94.8851 97.9733 97.0605 96.64 96.1055 97.3561 97.6902 96.6937 98.4959 97.3323 98.7878 
88.067 88.4938 88.9747 89.4653 89.8092 90.3596 90.7673 88.0718 88.5964 88.9872 89.4223 89.6757 89.8476 90.4116 88.2349 88.4941 89.1393 89.4234 89.7138 89.8453 90.1143 88.418 88.5262 89.0647 89.2035 89.8125 90.034 90.3321 88.4095 88.8852 89.011 89.297 89.6286 90.143 90.5491 88.6192 88.8445 89.059 89.2762 89.7179 90.2634 90.7317 88.7748 88.8595 89.0002 89.2745 89.5315 90.1819 90.8855 
83.0558 82.9209 82.99 83.0642 83.2059 83.2017 83.2803 83.3873 83.1531 83.0845 83.4073 83.4042 83.246 83.3398 84.0304 83.7559 83.5035 83.61 83.6108 83.4134 83.4711 84.3063 83.6458 83.7771 83.7561 83.7614 83.6178 83.6627 84.0539 84.0461 84.3611 84.1792 83.9976 83.9705 83.9678 83.9762 84.2811 84.7218 84.4793 84.2723 84.2656 84.1208 84.2776 84.4574 84.5971 84.5118 84.3023 84.2572 84.4083 
74.5027 74.7096 75.1154 75.5994 75.1622 74.7201 74.4748 75.5967 75.9252 75.9888 76.1639 75.4568 75.4674 74.9315 76.6389 76.2433 76.4138 76.796 76.2473 75.974 76.0516 77.1529 76.9334 77.0285 77.3629 76.8736 76.428 76.5449 77.6587 77.809 78.1979 77.6552 77.1213 77.134 77.259 78.6823 78.8672 78.3508 78.4692 77.7645 77.9536 78.0561 78.1634 78.6672 78.5578 79.03 79.5686 78.8848 78.986 
70.1395 70.0919 70.2982 70.8668 70.6861 70.8987 70.8934 70.6945 70.6563 70.8655 70.9267 70.5375 71.1042 71.0941 70.6513 70.7433 71.1442 71.2452 71.2883 71.7185 71.8684 71.3302 71.2665 71.4575 71.5378 71.7017 72.0557 72.2196 71.8362 71.6683 71.8251 72.0844 72.1162 72.3701 72.4511 72.4238 72.5758 72.3292 72.2685 72.4081 72.5157 72.808 72.6918 72.7433 72.7205 72.839 73.1609 73.0506 73.0621 
66.2033 66.3852 66.3911 66.5446 66.3679 66.588 66.444 66.1851 66.3526 66.4203 66.3321 66.042 66.4697 66.4386 65.4744 65.896 66.1206 66.2849 66.3394 66.5366 66.7074 65.5549 65.8558 66.2766 66.292 66.4735 66.7094 66.6734 65.694 65.893 66.1507 66.3329 66.4317 66.6682 66.5542 65.9227 66.127 66.0224 66.0516 66.3957 66.5246 66.5553 66.1065 66.1552 66.2486 66.4365 66.8725 66.8419 66.6757 
61.1282 61.1654 61.0293 60.9059 60.9901 60.9787 60.946 60.5797 60.5357 60.6315 60.4146 60.3833 60.5585 60.5373 59.9013 59.9184 60.1474 60.1502 60.0931 60.0875 60.4024 59.5382 59.568 59.7303 59.5635 59.7436 59.9302 60.1014 59.4095 59.1889 59.308 59.2527 59.2469 59.4483 59.7614 59.0354 58.6236 58.7809 59.1654 59.2594 59.1476 59.3091 59.0935 58.6601 58.7868 59.2115 59.3191 59.2605 59.1976 
50.6335 49.8745 48.2025 50.0849 49.8977 50.4662 50.8235 50.5534 50.0645 49.0877 49.3309 48.7517 50.0973 50.5535 50.5464 50.3095 50.2684 50.3327 49.5334 50.1097 50.1728 50.808 50.7453 50.6939 51.4788 51.6757 50.7676 50.7508 50.813 50.8999 50.8292 51.1424 50.8798 51.4138 50.7838 50.1447 50.513 50.3104 50.1283 49.9841 51.4306 51.2359 50.8625 50.6106 50.8605 50.5988 51.4651 51.4085 53.1223 
51.5239 50.687 48.9778 50.5756 50.2319 50.6592 50.8512 51.6621 51.0713 49.9609 50.1303 49.4461 50.5733 50.8524 52.0672 51.5759 51.2053 51.1917 50.5214 50.8873 50.9549 52.602 52.4083 51.9123 52.4937 52.6621 51.7601 51.5045 52.934 52.8647 52.6857 52.6977 52.3365 52.7327 52.0416 52.8381 52.8497 52.5332 52.2037 51.8091 53.1044 52.6823 53.5708 53.1271 53.194 52.7226 53.3794 53.2425 54.563 
44.3878 42.8493 40.6147 41.9531 41.4526 41.4122 40.3731 44.2221 43.2768 41.694 41.5628 40.3663 41.1285 40.1784 44.4547 43.5213 42.8664 42.4882 41.4957 41.2287 40.0824 44.5904 44.0544 43.195 43.4937 43.2548 41.8649 40.2891 44.7325 44.3438 43.8046 43.321 42.5581 42.365 40.6338 44.546 44.1423 43.5807 42.682 41.8196 42.5949 41.2654 45.2552 44.3659 43.9922 43.077 43.1878 42.5194 43.0356 
114.294 113.351 113.207 112.134 111.929 112.568 111.795 114.32 113.586 113.018 112.408 111.631 111.727 111.234 114.344 113.29 112.699 112.969 112.075 111.136 111.174 112.969 112.112 112.433 112.533 112.082 111.175 112.108 112.897 112.943 112.491 112.312 112.392 112.421 111.438 112.904 113.241 113.05 112.574 112.435 112.919 111.828 112.335 112.375 112.03 112.015 112.296 112.777 111.132 
114.307 113.674 114.724 113.38 113.057 112.393 111.52 113.414 113.65 114.93 113.958 113.703 112.982 111.915 112.759 113.203 114.904 114.078 114.75 113.328 113.557 112.872 112.986 112.961 114.565 114.657 113.337 114.055 113.469 113.544 111.746 112.118 114.043 113.789 113.048 113.214 113.928 113.278 112.19 113.133 112.781 112.174 112.932 111.368 110.274 111.072 113.293 113.928 113.382 
104.056 104.153 104.344 103.996 104.573 104.693 103.675 105.48 104.696 103.801 103.821 104.879 105.709 104.692 106.144 105.583 104.785 104.172 105.343 106.093 104.795 105.644 105.114 104.902 104.35 105.629 105.621 105.559 105.689 105.09 104.41 104.339 106.245 105.448 106.927 105.713 106.077 104.632 104.241 107.29 106.542 106.177 105.337 106.697 106.798 105.856 107.712 106.748 107.831 
97.8731 98.2146 98.5222 98.4688 99.0498 98.8735 98.0831 99.3527 98.7268 97.9661 98.3126 99.5738 100.215 99.3214 100.048 99.9829 99.4574 98.8799 100.034 100.759 99.2829 100.312 99.9254 99.725 99.338 100.793 100.619 99.7915 100.447 100.128 99.6458 99.5609 101.39 100.416 101.571 100.558 100.993 99.4759 99.2365 102.516 101.274 101 100.487 101.638 101.777 101.056 102.71 101.571 102.977 
95.5797 96.2118 95.8573 95.8425 96.2832 95.6708 94.6326 97.6795 96.9466 95.6935 95.2085 96.4477 96.9353 95.9003 98.8732 98.4946 97.2075 95.8393 97.0014 97.5964 95.7806 98.8227 98.3666 97.4352 96.1101 97.5963 97.518 96.591 99.0437 98.5355 97.3614 96.5731 98.7157 97.952 98.9586 99.6914 100.001 97.6714 97.3618 100.523 99.1489 98.7746 99.8147 101.044 100.482 99.5692 100.969 99.4444 101.107 
82.0135 81.8356 81.9183 81.9421 81.2683 80.6068 80.3842 83.8419 83.8509 83.2463 82.9615 82.0286 81.5879 81.1145 86.3891 85.126 84.8401 84.5311 83.3033 82.3803 82.2062 87.5346 86.9754 86.2647 86.3258 84.8353 83.5753 83.2699 88.9124 88.6979 88.8264 87.2089 86.0138 85.1357 84.7665 90.3383 90.1576 89.337 89.0718 87.2008 86.9891 86.3581 89.791 90.2133 89.8445 89.8509 89.784 88.3827 88.1965 
75.5168 75.7555 76.1861 76.4233 76.0896 75.4845 75.5702 77.164 77.5652 77.4759 77.6437 77.0301 76.9532 76.545 79.2708 78.7383 78.5957 78.8749 78.3308 78.0392 78.0307 80.2482 80.0339 79.8523 80.263 79.6343 79.076 79.2758 81.3506 81.6249 82.0127 81.0923 80.3508 80.2147 80.5514 82.9313 83.1089 82.513 82.6704 81.4132 81.5921 82.0159 82.2127 82.9989 82.7564 83.3413 83.6912 82.9251 83.3413 
72.1883 72.565 72.9853 73.6597 73.607 73.2718 73.1768 73.2704 73.7151 73.8351 74.0884 73.6639 74.0124 73.688 74.0105 74.0331 74.2073 74.7561 74.3722 74.4613 74.7815 74.5476 74.5771 74.8711 75.3742 75.2104 75.0067 75.2573 75.0626 75.3864 75.9174 75.6595 75.4021 75.5732 75.9015 76.0218 76.3423 75.813 76.2543 75.7984 76.123 76.5667 75.3875 75.9477 75.9329 76.7378 77.5973 77.1728 77.4488 
70.6264 70.8084 70.8684 70.9873 71.2332 71.375 71.3518 69.9444 70.0781 70.351 70.3167 70.4449 70.8975 70.9712 69.2792 69.4365 69.6478 69.8702 70.0562 70.3835 70.7276 68.8526 68.8498 69.1427 69.3756 69.7804 70.0774 70.4257 68.5348 68.2339 68.7672 69.0892 69.0624 69.4843 70.1276 68.2549 67.6822 68.1523 68.8403 68.8759 68.9417 69.4643 68.2242 67.8049 68.0232 68.702 68.9166 69.1753 69.2879 
70.4079 70.4139 69.9741 69.368 69.3783 68.7358 68.2374 69.1438 68.9844 68.9535 68.2819 67.6636 67.5949 67.1478 67.5486 67.3007 67.1507 67.0722 66.521 66.2151 66.4528 66.042 65.7136 65.5258 65.422 65.4061 65.273 65.4791 64.8151 64.3061 64.2745 64.1943 64.0852 64.2174 64.5773 63.8055 62.9325 62.9721 63.2823 63.2987 63.1906 63.3415 63.29 62.5176 62.4606 62.7989 62.8055 62.9008 62.8397 
70.1605 69.9746 69.1428 68.1754 67.9926 66.8793 66.137 69.0289 68.5893 67.9935 66.9451 66.1603 65.9363 65.2693 67.7897 67.1625 66.4455 66.0051 65.2306 64.8806 64.8491 66.5357 66.0433 65.2132 64.5759 64.3792 64.2436 64.3745 65.7128 64.7558 64.4779 63.94 63.473 63.4359 64.0161 64.8575 63.5572 63.4699 63.6866 63.2476 62.9015 63.0504 64.6692 63.4191 63.0194 63.2754 63.0396 63.0679 62.9172 
60.8812 59.8268 57.8121 58.7937 58.2742 58.1711 58.1181 60.9291 60.0229 58.5757 58.341 57.2445 58.0195 58.0012 61.1417 60.2248 59.4538 59.0942 57.9468 58.1119 58.0064 61.321 60.8184 59.7826 60.0726 59.8872 58.7549 58.4438 61.3793 61.0355 60.5001 60.174 59.5628 59.6676 58.8899 61.2747 60.957 60.324 59.6171 58.938 60.0472 59.4643 61.8276 61.0929 60.835 60.047 60.4609 60.1136 61.2402 
91.3367 90.0954 88.4865 87.7542 86.6324 84.1882 86.7649 91.0089 90.8533 89.4274 87.2678 85.7318 84.9892 85.8499 91.1465 90.8328 90.417 88.2939 86.2262 84.8172 84.6293 91.4499 90.2773 89.0992 88.7944 87.5664 85.6927 84.9656 91.8512 90.515 89.2644 88.5301 88.0569 86.6514 84.9108 93.0664 92.3645 90.6594 89.8196 87.9796 87.2043 85.4828 94.2038 93.0907 91.871 90.4576 88.4559 86.7327 86.823 
116.328 116.43 118.345 117.341 117.127 116.23 114.191 116.023 116.666 119.264 118.667 117.833 115.823 113.446 115.681 117.173 119.446 118.543 118.295 115.481 114.104 116.571 117.732 117.558 119 117.339 114.611 113.841 117.723 118.428 116.481 115.463 115.886 114.304 112.891 118.24 118.984 117.813 114.391 114.127 112.453 111.782 118.075 115.571 113.289 112.624 114.032 113.616 113.529 
116.734 116.023 117.345 116.101 115.694 114.685 113.724 115.853 116.127 117.501 116.552 116.315 115.261 114.255 115.02 115.516 117.275 116.483 117.512 115.956 116.19 115.336 115.654 115.51 117.178 117.284 116.061 116.792 116.274 116.356 114.527 114.743 116.648 116.461 115.826 116.077 116.693 115.933 114.752 115.511 115.256 114.612 115.853 114.045 112.882 113.68 115.736 116.257 115.85 
116.47 116.116 117.315 116.353 115.911 114.85 114.203 115.924 116.22 117.594 116.872 116.81 115.784 114.782 115.218 115.947 117.651 116.849 117.856 116.711 116.812 115.845 116.346 116.224 117.753 118.037 117.07 117.224 116.618 116.713 115.358 115.83 117.474 117.249 116.785 116.581 117.15 116.671 115.804 116.709 116.271 115.841 116.635 115.194 114.227 115.007 116.96 117.456 117.479 
102.037 102.57 102.248 102.103 102.521 102.138 101.09 103.863 103.206 102.035 101.557 102.779 103.359 102.396 104.923 104.555 103.29 102.022 103.343 104.085 102.389 104.89 104.495 103.721 102.459 103.946 104.071 103.276 105.042 104.527 103.596 103.014 105.088 104.454 105.619 105.762 106.031 103.971 103.738 106.864 105.616 105.298 105.969 107.167 106.784 105.909 107.299 105.933 107.532 
97.8829 98.1664 97.0226 96.9653 96.4707 95.7573 95.6759 99.6633 99.4913 98.3347 96.8732 96.6429 96.2387 96.5893 101.706 100.937 100.034 98.3597 97.8377 97.2328 96.8449 102.657 102.335 100.909 99.342 98.9031 98.7212 98.0774 103.759 103.552 102.402 100.675 101.037 101.405 100.25 105.502 105.279 103.668 103.586 103.131 102.967 102.236 106.507 106.713 105.083 105.024 104.253 103.588 103.709 
91.5534 91.9834 90.6526 90.6016 90.0189 89.3303 89.234 93.7934 93.6557 92.4035 90.7053 90.3096 89.8658 90.2611 96.2823 95.3667 94.2924 92.4309 91.5898 91.0069 90.5334 97.3699 97.0305 95.2545 93.5352 92.9464 92.6506 92.1109 98.7056 98.4993 97.0996 95.1058 95.4253 95.5607 94.3016 100.627 100.305 98.5881 98.5157 97.7581 97.3952 96.7034 101.705 101.882 100.318 100.115 99.1568 98.1098 98.2582 
80.5521 80.9797 81.5742 82.4181 82.4323 82.3835 83.0408 82.792 82.9709 83.3453 84.2206 84.7412 83.8328 84.064 85.3519 85.5565 85.995 86.7591 85.9791 85.2034 85.3938 87.7976 87.591 87.4404 88.0609 87.5159 86.532 85.7647 89.5831 88.5883 89.2697 89.7017 89.9321 89.2947 88.5839 90.9445 90.159 90.2512 90.8237 91.1285 90.8153 90.121 90.609 90.9107 91.1768 91.2435 91.8403 90.5412 90.9937 
75.7307 76.025 76.0659 76.5011 77.9304 78.9312 79.7469 76.3302 76.7747 76.9416 77.5799 78.6338 79.6726 80.546 76.8319 77.7417 78.1517 79.004 79.3976 80.4461 81.1088 78.1262 78.6869 78.8735 79.6728 80.4456 81.1909 81.8946 78.8276 79.159 79.5987 80.3763 81.0647 81.5068 82.2277 79.288 79.7907 80.2041 81.2383 81.8618 81.8129 82.4457 79.9406 80.4873 80.9682 81.6991 82.1986 82.3478 82.4759 
77.4943 77.8253 77.8749 78.1389 79.1768 79.7706 79.9025 76.9378 77.2025 77.4644 77.8797 78.54 79.2272 79.5611 76.069 76.6699 76.7985 77.6798 77.7606 78.2996 78.8545 75.7814 75.9605 76.0079 76.7089 77.2018 77.4072 77.8092 75.4082 75.2211 75.4043 75.869 76.2434 76.5117 76.8848 74.9025 74.7463 74.5762 75.1648 75.3817 75.3211 75.6928 74.6085 74.4196 74.5103 74.6594 74.8212 74.7117 74.7595 
80.5053 80.5714 80.3062 80.2394 80.5576 80.3514 79.9973 78.8782 78.7722 78.7925 78.622 78.8009 78.7712 78.5126 77.3768 77.1717 77.0797 77.2974 77.2306 77.2735 77.5016 75.9936 75.825 75.5949 75.4487 75.6711 75.6352 76.017 74.8897 74.0313 74.2478 74.1455 73.855 74.0534 74.7686 73.5572 72.2801 72.4848 73.1066 72.9194 72.7073 73.0842 73.064 71.8448 71.7043 72.142 72.1075 72.1821 72.0849 
110.427 109.416 107.956 104.673 103.599 101.376 99.9727 109.458 107.816 105.449 103.475 101.449 100.165 99.2372 107.013 105.538 103.541 100.954 98.8092 98.1274 98.2418 105.484 103.758 101.036 98.9737 97.4684 96.5911 96.7219 103.654 101.811 99.947 97.9607 96.8442 95.6695 95.1505 102.841 100.729 98.4662 96.8874 95.5283 94.38 93.9937 101.52 99.22 97.2911 95.7886 94.558 93.4161 93.2451 
123.92 122.789 121.161 119.262 117.921 114.977 117.047 123.701 122.952 121.053 118.568 116.772 115.908 116.403 122.971 122.617 121.553 118.842 116.425 115.028 115.157 123.003 121.687 119.972 118.744 117.305 115.411 114.987 123.172 121.525 120.172 118.754 118.109 116.221 114.493 124.664 123.547 121.168 119.897 117.766 116.312 114.723 125.239 123.8 122.118 120.162 118.035 115.871 115.996 
127.68 126.035 123.773 121.37 119.995 116.776 119.126 127.301 126.495 123.86 120.865 118.457 117.607 118.496 126.422 125.841 124.822 121.427 118.343 116.945 117.422 126.783 125.305 123.003 121.762 119.832 117.683 117.345 126.942 125.171 123.143 121.788 120.809 118.752 116.585 128.712 127.038 124.332 122.917 120.322 118.983 116.978 129.908 127.631 125.631 123.449 120.978 118.442 118.75 
119.068 121.249 123.308 124.152 124.936 125.283 122.633 120.594 121.91 125.335 126.387 124.635 122.327 119.496 121.763 123.667 125.299 125.825 122.749 119.305 116.259 122.33 124.49 124.825 124.49 119.481 116.729 114.841 123.439 124.957 124.304 120.84 117.113 114.747 114.242 124.754 125.156 123.901 117.916 114.915 113.369 113.632 124.651 123.319 120.196 116.133 114.449 112.605 113.256 
119.813 119.898 121.406 120.499 120.388 119.364 118.415 119.635 120.121 122.205 121.525 121.122 119.566 118.152 119.174 120.257 122.347 121.54 121.895 119.674 119.172 119.795 120.807 120.697 122.052 121.365 119.662 119.398 120.739 121.257 119.81 119.352 120.197 119.513 118.717 120.942 121.563 120.921 118.769 118.926 117.962 117.53 120.998 119.179 117.506 117.336 118.889 118.801 118.884 
120.75 120.643 120.665 120.695 120.528 120.677 120.857 121.069 121.038 121.107 120.987 120.923 120.931 120.884 121.185 121.314 121.238 121.183 121.368 121.544 121.36 121.304 121.545 121.915 121.682 122.031 122.277 122.179 121.643 121.851 122.261 122.335 122.386 122.598 123.062 122.204 122.418 122.495 122.314 122.595 122.788 123.223 122.59 122.634 122.746 122.945 123.031 123.153 123.419 
117.834 117.87 117.926 117.836 117.916 118.255 118.562 118.256 118.344 118.415 118.481 118.76 118.925 118.979 118.561 118.852 119.088 119.316 119.565 119.595 119.62 118.988 119.339 119.744 119.918 120.183 120.516 120.708 119.498 119.739 120.327 120.646 120.885 121.248 121.592 120.306 120.473 120.753 120.898 121.386 121.746 121.741 120.752 121.063 121.074 121.222 121.489 121.892 122.029 
108.603 109.734 109.019 109.347 109.267 108.813 109.123 109.712 110.452 109.82 109.315 109.412 109.693 110.746 110.917 111.379 110.361 109.762 109.99 110.207 110.717 110.761 111.389 110.74 109.964 110.884 111.348 111.39 111.477 111.811 110.55 111.304 112.384 113.485 112.518 112.731 113.394 111.975 112.63 113.852 114.026 113.583 113.602 114.322 113.529 113.731 113.949 113.805 114.205 
94.9952 95.4303 96.0399 96.7809 96.9892 97.1564 97.751 96.7108 96.604 97.2951 98.2571 99.1314 98.2179 98.663 98.8984 99.0191 99.713 100.364 100.38 99.6725 99.4587 101.269 101.014 101.144 101.704 101.598 101.019 99.8774 102.975 101.867 102.593 103.591 104.388 103.796 102.749 103.941 103.331 104.09 104.323 105.485 105.376 104.276 104.188 104.446 105.077 104.767 105.425 105.006 105.257 
85.0511 86.6282 87.8517 89.2353 89.9501 90.9166 92.3883 86.6921 87.5684 88.94 90.7674 92.4117 91.9337 93.2093 88.3113 89.93 90.9913 92.5682 93.4021 93.5775 94.3114 90.6889 91.5313 92.2241 93.3026 94.2514 94.7246 94.7456 92.0005 91.9712 92.7671 95.0611 96.6918 97.1187 97.3249 92.7752 92.8846 94.0871 95.2312 98.0099 98.6604 98.7442 93.2414 94.0273 94.9472 95.7215 97.3726 97.9013 98.9755 
79.5053 82.5268 83.756 85.4516 87.1284 89.5423 90.9727 80.5831 82.8627 84.3229 86.5322 88.8598 90.1485 91.7665 80.9583 84.6787 85.8433 88.1545 88.9102 90.6507 91.9008 82.8608 85.1696 86.104 87.697 89.1387 90.8024 90.9038 83.8341 84.8485 85.9337 88.6175 90.5879 92.3019 92.8008 83.9969 85.3459 86.4446 88.2116 90.9899 92.435 92.8121 84.0767 86.0482 87.2085 87.955 89.6793 90.6859 92.1333 
92.5494 93.6173 95.0575 96.2186 95.3383 96.1564 96.382 90.0474 90.9383 92.0051 93.6357 94.7642 93.284 94.3222 86.8814 87.9584 88.7884 90.3113 91.7328 92.8888 91.3462 84.4492 85.2665 86.0766 87.1299 88.6111 90.0649 91.0361 80.0044 80.6113 81.1316 82.1757 83.3612 84.6049 85.9015 77.3888 78.4344 79.0421 79.5343 80.7999 81.9299 83.0126 75.8912 76.5887 77.4116 78.2798 78.8037 79.6602 80.6424 
113.979 113.541 113.018 112.29 111.58 110.717 109.981 111.913 111.599 110.72 110.219 109.5 108.644 107.864 109.716 109.221 108.321 107.292 106.704 106.088 105.543 107.602 106.635 105.644 104.914 104.001 103.29 103.061 103.349 102.153 101.056 99.979 99.2594 98.7874 98.5413 101.11 99.9045 98.64 97.646 96.6637 96.3127 96.1288 98.4279 97.2966 96.1387 95.0482 94.0901 93.3559 93.4177 
177.423 176.001 173.767 171.457 168.505 165.812 163.793 176.311 175.004 172.285 169.67 167.553 165.032 163.16 174.797 174.164 170.864 167.653 165.406 163.279 161.629 173.472 171.958 169.194 165.466 162.908 161.043 159.512 172.104 170.517 167.992 164.255 161.822 159.637 158.021 170.779 169.236 166.311 163.227 160.585 157.969 156.532 169.005 167.07 164.619 161.293 158.665 156.239 154.965 
213.376 213.002 212.331 209.025 205.725 204.725 204.969 213.861 212.641 210.41 209.14 209.755 209.16 208.02 211.933 210.857 208.77 208.399 208.44 206.167 207.565 212.988 211.095 208.928 207.38 205.262 203.548 204.948 211.937 210.073 209.992 208.744 206.894 206.598 206.502 211.54 211.1 210.12 208.057 207.214 206.036 204.238 211.873 211.122 207.652 207.231 207.838 204.69 203.742 
185.318 183.675 183.14 181.512 180.665 179.426 181.055 184.754 184.436 183.525 181.25 180.013 179.464 180.223 184.615 184.293 184.173 182.538 180.918 178.76 179.077 185.128 183.82 183.31 183.114 181.929 179.125 179.101 185.606 183.867 183.183 182.829 182.652 180.466 178.285 186.297 185.87 184.041 183.63 182.256 180.632 178.804 186.711 186.505 185.507 183.75 182.331 180.479 180.449 
124.748 125.866 127.017 127.367 127.807 128.113 126.937 125.841 126.174 128.245 128.561 127.521 126.308 124.708 126.482 127.345 128.303 128.478 126.544 124.235 122.686 126.774 128.019 128.22 127.838 124.775 122.945 121.928 127.39 128.187 127.806 125.775 123.263 121.943 121.483 128.302 128.278 127.648 123.924 121.912 120.901 121.29 128.794 127.666 125.342 122.727 121.789 120.424 120.888 
126.846 126.499 126.259 126.015 126.285 126.529 126.996 127.289 126.406 126.123 125.514 125.937 126.366 126.511 127.175 126.516 126.144 125.751 125.815 126.394 126.277 127.46 127.006 126.856 126.472 126.42 126.436 126.282 128.167 127.777 127.148 126.761 126.683 126.814 126.887 127.661 127.478 127.385 127.358 127.082 126.898 127.292 127.911 127.263 127.06 127.219 127.239 126.891 127.616 
128.483 129.526 129.31 129.245 130.914 130.993 132.421 129.653 129.948 129.344 129.33 129.43 130.454 131.091 129.198 128.965 128.135 128.552 129.026 128.739 129.528 129.507 129.461 128.298 128.309 130.041 130.562 129.274 129.264 129.094 129.104 128.464 131.351 131.824 129.539 131.323 130.601 130.101 130.163 131.319 133.011 133.386 132.352 131.553 131.054 132.073 132.799 133.647 133.729 
126.947 127.416 127.695 128.655 128.884 128.572 129.004 126.701 127.029 127.563 128.916 128.526 129.243 130.552 127.246 127.592 127.081 128.278 128.618 129.548 130.795 126.808 127.588 127.694 128.865 130.079 130.099 130.29 127.771 127.94 127.181 130.312 130.532 130.941 130.049 127.324 128.618 128.253 128.645 130.721 130.909 130.208 127.271 128.118 128.959 129.04 130.252 130.595 130.572 
125.529 126.528 127.325 128.412 129.53 129.5 129.905 125 126.006 127.001 129.114 129.966 130.944 132.144 125.495 126.367 126.77 128.371 129.637 130.875 132.108 125.22 126.324 126.918 128.898 130.695 131.359 131.538 125.974 126.332 125.957 129.911 131.015 131.95 130.924 125.466 127.038 127.208 128.072 130.729 131.526 130.796 125.174 126.685 128.056 128.308 130.39 131.421 131.569 
124.604 126.695 127.717 128.753 130.31 130.768 132.827 123.99 125.969 126.85 130.267 130.549 131.954 135.149 124.667 126.396 126.642 128.727 130.458 132.578 135.405 124.18 126.036 126.607 129.372 131.575 132.64 135.172 125.11 125.848 125.153 131.181 132.244 133.669 134.14 124.639 127.125 127.469 128.178 131.976 134.543 134.408 124.634 127.252 128.57 128.489 131.253 134.198 134.994 
102.345 106.646 108.792 111.096 112.688 116.962 120.296 103.493 107.072 109.458 112.498 115.386 118.873 122.528 104.238 108.804 110.382 113.251 115.793 119.433 121.969 105.136 108.754 110.621 113.424 115.938 119.684 121.075 105.931 108.378 110.484 113.91 117.64 121.308 123.812 105.937 109.223 111.401 113.768 118.645 123.308 124.654 106.051 109.583 112.122 113.988 118.621 122.478 123.634 
95.4736 101.68 106.637 111.497 116.611 129.027 136.924 93.7087 99.6138 104.136 109.409 116.827 126.593 135.637 90.949 97.2523 102.126 106.752 114.613 127.832 133.568 89.3403 95.1935 100.394 105.564 112.745 125.927 134.348 85.2164 91.0875 95.189 100.923 108.27 120.937 129.308 83.0407 89.6716 93.8754 98.671 106.656 119.33 127.597 81.4781 87.4638 92.0073 97.2768 104.029 117.251 125.667 
111.225 118.583 118.966 121.264 122.301 131.793 133.555 106.262 114.116 114 116.479 120.279 127.65 129.936 98.09 108.537 109.373 111.297 114.425 124.851 125.396 93.0716 101.683 104.321 106.233 108.74 119.164 122.875 81.1658 89.6297 90.6761 92.4014 95.725 106.755 110.513 77.9037 86.2316 85.8197 87.6091 91.1525 102.482 105.666 53.4108 62.9457 63.9786 65.909 69.3819 80.4855 83.812 
205.422 205.223 204.71 203.804 200.079 198.074 196.679 202.499 202.495 201.776 200.49 199.711 195.507 194.518 198.221 199.415 198.49 196.932 195.801 194.56 191.344 195.129 194.832 194.778 193.117 191.745 190.42 189.875 186.039 185.894 185.151 183.781 182.522 181.631 181.031 183.1 182.818 181.832 180.415 179.477 178.568 177.989 95.0879 94.6673 93.8343 92.5375 91.0492 90.3845 89.8397 
231.566 231.395 230.669 227.45 223.122 222.016 221.919 231.607 231.031 229.293 227.697 228.26 226.565 225.275 229.546 229.12 227.397 227.379 227.133 223.867 224.566 230.666 229.192 227.399 225.882 223.188 220.748 221.612 227.196 225.649 226.187 224.813 222.111 221.884 221.007 225.839 225.855 225.316 223.36 222.352 220.558 217.256 225.594 224.907 221.218 221.308 221.812 217 215.226 
245.245 244.978 244.95 243.38 241.275 240.917 241.46 245.623 245.069 244.299 243.84 244.709 244.165 243.687 244.582 244.463 243.348 243.971 244.504 242.87 243.578 245.472 245.014 243.621 243.079 242.146 241.146 241.824 245.131 244.379 244.591 244.063 243.006 243.077 243.166 244.917 245.091 244.691 243.894 243.572 242.87 241.804 244.947 245.004 243.254 243.313 243.8 242.034 241.306 
249.597 249.281 249.839 249.043 249.003 249.152 249.137 248.651 249.997 248.729 249.365 249.409 249.588 249.493 249.973 249.677 249.237 249.533 248.707 249.107 249.321 250.102 249.992 249.553 249.389 249.157 248.687 249.016 250.044 249.829 249.845 249.728 249.406 249.466 249.377 249.993 250.028 249.821 249.724 249.73 249.304 249.033 248.466 249.532 249.281 249.634 249.774 249.145 248.973 
132.463 131.942 131.969 131.878 131.969 131.949 131.45 132.705 131.585 131.344 130.864 131.137 131.816 131.53 132.309 131.522 131.272 131.098 130.589 131.261 131.097 132.34 131.693 131.485 131.292 130.505 130.063 130.264 132.493 131.552 131.08 130.919 130.293 129.983 130.392 131.534 131.264 131.347 131.387 130.69 130.222 130.508 131.585 131.068 131.009 131.061 130.888 130.12 130.55 
130.824 131.749 131.456 131.322 132.995 132.887 134.304 131.747 131.791 130.978 130.999 131.151 132.227 133.066 131.109 130.648 129.66 130.15 130.691 130.465 131.325 131.557 131.295 130.01 129.988 131.367 131.745 130.581 131.291 130.891 130.659 129.936 132.523 132.891 130.62 133.185 132.166 131.588 131.765 132.596 134.161 134.452 134.126 132.887 132.28 133.297 133.855 134.432 134.579 
131.457 132.443 132.218 132.519 134.662 134.908 136.314 132.442 132.513 131.794 132.036 132.411 134.109 134.809 131.766 131.19 130.012 130.762 131.561 131.85 132.811 132.314 132.145 130.803 130.844 132.405 133.271 131.852 132.486 132.108 131.771 131.129 134.269 134.734 132.395 134.674 133.783 132.816 133.234 134.758 136.662 136.979 135.5 134.437 134.044 135.512 136.389 137.308 137.164 
133.644 134.751 134.839 135.575 137.704 137.804 139.204 134.28 134.59 134.547 135.147 135.452 137.1 137.85 133.576 133.38 132.783 133.953 134.833 135.038 135.989 133.97 134.07 133.068 133.68 135.552 136.344 135.064 133.979 133.756 133.707 133.51 136.755 137.552 135.283 135.706 135.022 134.569 135.114 137.028 139.348 139.383 136.383 135.542 135.596 137.315 138.414 139.82 139.471 
136.816 137.849 138.7 140.234 141.037 140.894 141.614 136.291 136.856 138.097 140.098 140.054 141.399 143.146 136.497 137.1 137.188 139.005 139.934 141.555 143.144 136.032 136.937 137.039 139.35 141.171 141.316 141.921 136.72 137.163 136.155 140.522 141.104 142.229 141.522 135.653 137.466 137.64 138.463 141.485 142.587 141.703 135.316 136.855 138.177 138.714 140.615 141.94 141.867 
144.153 145.076 145.956 146.994 148.339 152.414 157.074 143.747 144.745 146.064 148.634 149.443 154.117 159.146 143.163 145.014 145.926 147.762 150.481 154.559 158.095 142.067 143.839 145.221 148.585 150.614 153.842 158.189 142.448 143.039 145.069 147.79 150.716 153.835 158.666 142.038 143.59 145.499 147.51 151.648 157.435 159.379 142.412 143.856 146.415 148.416 153.341 158.401 157.958 
143.88 144.364 147.241 149.349 152.176 159.896 168.771 144.038 144.904 147.386 151.376 153.341 161.727 171.548 143.856 145.331 147.063 149.909 154.677 162.832 170.636 142.405 143.777 146.587 150.818 154.645 162.026 170.814 143.112 143.114 146.274 150.221 155.338 162.454 171.563 143.11 144.606 147.468 150.315 157.249 167.127 172.849 143.714 144.589 148.092 151.51 158.665 168.093 170.692 
140.485 144.895 149.255 153.345 158.839 173.025 182.864 140.943 145.544 149.385 154.339 160.18 175.132 185.862 140.462 145.469 148.93 153.143 160.558 175.224 184.649 139.204 144.454 149.136 154.486 161.285 175.115 184.094 139.266 143.598 148.825 153.51 161.767 174.991 184.463 139.249 144.196 148.682 154.252 162.916 177.781 185.499 139.455 143.621 149.088 154.58 164.627 178.032 183.756 
189.518 187.911 190.162 192.754 194.489 200.043 205.632 187.738 186.01 188.574 191.121 195.564 198.698 204.129 185.074 183.485 186.501 188.866 193.231 199.768 202.549 183.357 181.205 184.495 186.949 191.309 197.308 203.081 179.015 176.68 179.387 182.185 186.686 193.313 198.641 177.824 175.414 177.965 180.578 185.061 191.279 197.268 115.485 113.115 115.726 118.591 122.039 128.689 134.64 
238.057 234.821 234.882 238.389 240.73 237.767 236.14 237.703 236.323 236.056 236.607 236.839 234.06 234.144 234.845 235.623 235.879 231.784 231.243 233.396 234.221 230.567 231.331 231.468 229.84 227.549 231.857 232.446 227.538 225.926 226.871 220.932 222.807 224.802 223.283 218.211 222.219 219.956 219.065 217.938 219.932 213.022 104.227 104.147 104.078 102.029 101.66 102.293 103.927 
243.992 242.905 242.177 242.823 241.522 239.907 239.425 244.119 243.021 242.662 241.861 241.426 240.093 239.32 244.597 244.161 242.902 242.095 241.046 240.721 240.91 244.129 244.467 242.296 241.317 240.614 240.836 241.27 243.758 243.304 242.263 240.598 240.145 240.149 239.521 243.215 243.408 242.387 241.717 240.793 239.13 238.428 221.429 221.366 221.121 219.869 218.176 215.918 216.477 
251.608 251.596 251.885 251.358 251.079 251.273 251.355 250.387 251.933 250.714 251.299 251.61 251.808 251.631 251.574 251.578 251.296 251.471 250.632 251.3 251.522 251.724 251.98 251.42 251.207 251.19 250.818 251.373 251.647 251.725 251.512 251.297 251.165 251.344 251.772 251.588 251.449 251.296 251.374 251.546 251.226 251.149 249.755 250.798 250.745 251.336 251.359 250.955 250.77 
248.981 251.14 251.791 252.634 251.16 252.859 252.964 250.225 249.952 251.178 251.193 249.117 250.338 250.805 251.539 253.044 254.721 252.776 249.255 250.186 248.814 249.689 252.169 254.63 252.046 250.023 251.699 248.495 250.201 253.058 253.443 249.367 246.819 252.817 248.999 250.68 253.257 253.054 251.628 249.141 251.359 252.325 252.152 254.381 254.832 254.813 252.718 254.654 253.576 
135.124 135.232 135.013 135.496 134.758 132.799 132.573 134.866 134.964 135.239 134.746 133.279 133.99 134.002 135.073 135.377 135.629 134.741 132.503 133.278 133.391 134.894 135.594 135.588 134.519 133.409 132.934 132.776 134.325 134.714 134.158 133.592 134.047 133.001 133.89 133.952 133.976 133.329 133.503 134.262 133.353 133.945 133.53 134.514 134.372 134.058 135.162 134.845 133.831 
134.968 134.731 134.8 134.452 134.404 134.09 133.657 135.186 134.313 134.076 133.68 133.599 133.87 133.992 134.699 134.24 134.091 133.787 133.19 133.701 133.621 134.669 134.48 134.332 133.969 133.083 132.849 132.866 134.793 134.299 133.782 133.439 132.953 132.81 132.926 133.919 133.987 133.921 133.857 133.254 132.661 132.859 133.693 133.289 133.298 133.087 132.976 132.597 132.922 
135.076 136.369 136.322 136.116 138.092 137.847 139.115 136.335 136.81 136.118 136.206 136.396 137.575 138.06 135.553 135.363 134.225 134.896 135.577 135.273 135.908 135.557 135.885 134.477 134.248 135.806 136.471 135.028 135.099 135.041 135.139 134.207 137.311 137.906 135.362 137.583 136.554 135.712 135.83 137.141 139.218 139.519 138.374 136.929 136.532 137.831 138.557 139.607 139.664 
144.349 144.982 145.712 146.639 147.004 146.813 146.851 144.423 144.2 145.46 145.701 145.659 146.164 146.495 144.247 144.016 144.524 145.625 146.034 146.533 146.481 144.239 144.533 144.847 145.699 146.438 146.114 145.962 144.458 145.034 144.963 145.783 145.924 146.777 146.769 143.961 144.624 144.961 145.574 146.618 147.375 147.168 143.947 144.11 144.678 145.583 146.074 147.079 146.73 
149.496 149.859 150.573 151.559 152.063 152.777 153.605 149.25 149.72 150.962 152.491 152.235 152.962 153.365 149.036 149.894 151.093 151.906 152.329 153.013 153.109 149.382 150.311 151.205 152.255 152.617 152.638 152.931 149.556 150.08 150.785 151.738 152.408 152.775 152.953 149.354 149.765 150.464 151.359 152.527 153.059 153.078 149.339 150.077 151.156 151.578 152.442 153.195 152.937 
156.066 155.605 158.132 158.398 157.749 158.798 160.496 157.319 157.978 158.218 158.671 157.67 158.678 160.315 157.77 158.723 158.723 158.482 158.099 159.629 160.492 158.384 159.389 159.433 158.881 158.468 157.738 158.374 157.672 157.572 156.777 158.739 158.189 157.951 158.914 157.958 156.457 156.6 159.022 159.063 158.244 158.234 160.103 158.294 159.233 158.249 157.227 157.113 156.876 
159.656 160.462 161.586 162.789 163.136 165.643 167.582 159.475 160.573 161.501 163.303 163.743 166.312 168.84 159.314 160.682 161.372 162.895 164.512 166.636 168.123 159.269 160.827 162.017 164.062 164.929 166.17 167.42 159.52 160.178 162.02 163.013 164.879 166.161 167.759 159.264 160.409 161.642 163.147 165.411 167.642 168.345 159.255 160.516 162.053 163.49 166.219 167.807 167.262 
169.875 169.501 171.455 173.949 175.77 178.556 180.855 170.28 169.596 171.655 173.872 175.719 178.831 181.495 170.697 169.683 171.45 173.409 175.648 179.196 181.742 171.059 170.235 172.095 173.371 175.22 178.858 181.25 170.825 170.185 171.825 173.078 175.5 179.21 181.149 170.905 170.631 172.113 173.437 176.131 179.207 182.117 170.699 170.421 172.184 173.577 175.279 178.738 181.521 
197.197 194.749 194.215 198.012 200.596 198.715 197.394 196.902 196.016 195.893 197.418 197.8 195.93 195.935 195.077 195.335 196.503 194.741 194.38 195.221 195.785 192.689 193.567 194.2 193.266 192.116 194.963 194.468 192.126 191.408 192.728 188.948 189.946 191.755 190.696 185.896 188.546 188.102 187.376 186.846 189.47 186.26 183.241 183.013 183.478 182.279 182.553 185.005 186.077 
217.49 214.235 214.315 218.692 220.54 217.7 216.115 217.336 215.827 215.659 216.291 216.726 214.109 213.977 215.636 215.65 215.522 211.875 211.166 213.674 214.907 211.314 212.042 211.409 210.012 208.313 212.949 213.861 210.36 208.538 209.211 203.325 205.768 207.966 207.271 201.058 205.594 203.699 202.669 201.394 204.598 199.961 180.959 181.232 181.363 178.936 177.766 181.455 183.964 
227.417 225.484 225.335 228.185 229.05 227.202 225.711 227.27 226.123 226.005 225.528 225.887 223.838 223.914 226.024 226.015 225.557 222.49 221.729 223.386 224.978 222.597 223.595 222.386 221.276 219.962 222.828 224.807 221.864 220.903 220.945 216.27 218.241 219.324 219.816 215.097 218.389 217.2 216.466 215.579 217.305 214.102 213.038 213.028 213.108 211.451 210.487 212.23 214.164 
238.697 241.423 242.042 243.083 240.8 242.717 243.058 240.735 239.885 241.27 240.754 239.2 239.985 240.686 241.307 243.279 244.392 242.303 239.577 239.967 238.826 239.413 242.21 244.72 242.242 240.26 241.734 239.111 239.969 242.828 243.272 238.94 236.61 242.222 238.973 240.181 242.684 242.734 241.188 238.902 240.981 242.307 242.339 244.067 244.532 244.843 242.505 244.319 243.175 
241.108 245.392 246.836 247.997 245.676 248.598 248.611 243.386 243.778 245.591 245.494 243.199 245.425 245.869 246.23 248.652 250.407 248.394 243.791 244.954 242.953 243.344 247.991 251.323 247.868 244.905 246.749 242.387 244.202 249.356 250.32 244.187 240.476 248.33 243.284 245.547 249.377 249.78 247.018 243.787 246.616 248.313 247.884 251.197 251.714 251.239 248.693 251.549 250.128 
137.134 137.433 137.284 137.568 136.751 134.843 134.53 136.779 137.21 137.438 136.789 135.15 135.991 135.923 137.224 137.669 137.905 136.747 134.186 135.09 135.211 136.763 137.72 137.809 136.597 135.163 134.852 134.531 136.325 136.816 136.152 135.375 135.982 134.856 135.825 135.672 135.948 135.327 135.303 136.087 135.237 135.718 134.966 136.491 136.415 135.68 137.124 136.902 135.69 
140.695 141.407 140.992 140.599 139.675 137.291 137.158 140.987 141.358 141.266 140.022 138.438 138.721 138.356 141.048 141.028 140.855 139.538 136.999 137.598 137.337 139.803 140.804 140.228 138.384 137.314 136.815 136.2 138.729 139.443 138.743 137.284 137.752 137.176 137.683 138.571 138 136.778 136.518 137.263 136.742 137.402 137.419 137.728 136.961 136.403 137.542 137.432 136.924 
147.164 148.55 148.55 146.984 146.5 145.267 144.091 149.216 149.208 148.923 147.307 146.862 145.979 144.872 148.297 148.03 147.174 146.748 146.133 145.03 144.126 146.625 147.468 146.755 145.118 144.734 144.261 143.227 145.658 146.301 146.81 145.19 144.664 145.368 144.276 146.636 145.729 145.16 144.283 143.206 144.322 144.635 146.257 144.635 143.892 143.655 143.218 143.383 143.839 
153.98 152.625 152.28 151.542 151.263 151.878 151.299 152.753 151.208 151.18 152.473 152.11 151.985 150.852 151.763 151.59 152.942 152.215 151.789 151.648 150.457 153.163 151.873 153.134 154.04 152.337 150.62 150.372 152.522 150.877 151.502 151.289 150.816 150.586 152.396 153.334 151.378 150.637 150.198 149.711 150.849 152.766 151.997 151.823 150.884 149.759 149.891 151.047 152.436 
156.19 155.608 157.989 157.962 156.924 157.551 158.601 157.561 158.019 158.251 158.415 156.711 157.187 158.186 157.986 158.571 158.524 157.931 156.796 157.763 158.408 158.598 159.324 159.13 158.173 157.264 156.189 156.376 158.208 157.629 156.252 157.829 157.095 156.419 156.988 158.618 156.547 156.147 158.199 157.738 156.293 156.167 160.284 158.1 158.741 157.556 156.167 155.25 154.795 
158.858 158.038 160.375 160.417 159.329 160.076 161.503 159.909 160.441 160.854 160.982 159.328 159.884 161.216 160.716 161.318 160.963 160.609 159.623 160.432 161.467 161.502 162.001 161.568 160.996 160.137 159.064 159.365 161.702 160.736 158.943 160.794 160.379 159.552 160.1 162.036 159.845 158.911 160.788 160.802 159.327 159.284 163.729 161.076 161.302 160.188 159.039 158.073 157.784 
162.251 162.177 164.36 164.174 163.311 164.2 165.14 163.537 163.699 164.163 164.322 163.441 164.471 164.456 164.85 164.609 165.24 164.633 163.536 165.122 164.056 164.804 166.086 166.316 165.684 164.878 164.024 163.47 162.85 163.576 163.876 165.205 164.826 164.027 163.693 163.595 162.378 162.391 164.772 165.266 163.996 163.322 166.029 163.528 164.153 163.577 162.421 161.994 161.418 
177.507 177.063 176.747 177.765 178.475 178.384 178.038 177.651 177.645 177.485 178.372 178.045 178.076 178.013 177.402 177.536 178.005 178.641 178.474 178.038 178.142 178.06 178.538 178.55 178.78 178.728 178.712 178.077 177.88 178.516 178.908 179.049 178.681 178.986 178.622 177.836 177.931 178.531 178.555 178.685 179.127 179.037 178.089 177.828 178.065 178.393 179.025 179.099 179.015 
186.511 185.645 184.843 186.479 187.136 187.067 186.877 186.661 186.445 186.143 186.917 186.769 186.921 186.718 186.629 186.398 186.662 187.117 186.993 186.786 186.607 186.47 187.178 187.112 187.053 187.147 187.338 186.422 186.317 186.772 187.247 187.314 187.158 187.312 186.763 186.461 186.441 186.952 187.076 187.058 187.315 187.474 186.38 186.359 186.884 187.145 187.573 187.297 187.191 
205.2 203.241 202.493 204.822 206.433 204.697 203.472 204.762 203.775 203.864 204.273 204.069 202.445 202.957 203.837 203.382 203.988 202.326 201.071 201.847 202.596 201.625 202.113 202.162 201.334 199.976 201.859 202.157 200.931 200.919 201.537 198.022 199.075 200.052 199.593 196.39 199.244 198.418 198.062 197.085 198.587 195.66 194.686 194.333 195.08 193.579 193.357 195.049 195.69 
218.78 218.881 218.956 218.803 218.465 218.196 218.492 219.044 218.905 218.243 217.471 217.729 217.362 217.812 220.354 219.932 218.039 217.713 217.64 217.935 218.376 220.206 220.303 218.966 218.526 218.459 219.32 219.948 219.625 219.826 219.082 218.5 219.463 219.311 219.5 218.602 218.972 218.977 218.927 219.796 219.315 219.676 219.414 219.518 219.297 219.815 219.621 218.415 218.786 
224.292 226.925 229.08 228.918 228.521 228.952 229.092 226.295 228.328 228.343 228.357 229.04 229.93 230.296 229.594 230.385 228.699 230.588 229.872 229.999 230.921 229.168 233.071 231.077 231.521 229.781 229.158 229.989 229.555 231.988 232.473 231.311 230.252 229.212 229.814 231.148 230.791 232.665 230.752 231.128 230.221 231.23 231.942 231.95 231.817 230.572 231.24 231.268 230.825 
229.175 234.094 236.668 237.816 235.692 238.369 239.101 233.366 233.614 235.399 235.524 234.726 236.781 237.411 237.203 239.57 239.676 239.724 236.921 237.456 235.405 234.986 240.791 242.844 240.537 236.827 238.538 234.261 236.431 241.693 243.321 237.767 233.313 239.557 235.01 239.363 241.72 243.293 239.472 237.03 238.306 240.559 242.473 244.181 244.216 242.928 241.366 243.414 242.032 
139.775 139.875 139.368 139.579 138.879 136.889 136.913 139.32 139.603 139.424 138.807 137.549 138.229 137.978 139.715 139.716 139.429 138.468 136.024 137.04 137.032 139.268 139.689 139.423 138.129 137.118 136.763 136.306 138.636 139.009 138.113 137.46 138.004 136.858 137.473 138.115 138.097 137.002 136.949 138.201 137.033 137.215 137.45 138.818 138.334 137.445 138.84 138.592 137.327 
146.512 146.338 145.378 143.827 143.075 142.323 141.462 146.388 145.891 144.965 143.642 142.223 141.171 140.8 145.83 145.366 144.227 143.178 141.954 140.992 140.462 145.372 144.606 143.488 142.331 141.425 140.939 140.024 144.696 143.869 143.099 142.01 140.917 140.713 139.605 143.992 143.246 142.644 141.358 140.437 139.819 139.213 143.484 142.945 141.889 140.548 139.737 139.19 138.279 
154.719 153.286 152.181 150.437 149.905 150.314 149.04 153.191 151.4 150.756 150.528 150.472 150.116 148.585 152.333 151.849 152.526 150.967 150.402 149.865 148.207 153.749 152.065 152.738 153.028 150.856 148.678 148.133 153.065 151.138 151.467 150.454 149.199 148.769 150.304 153.828 151.423 150.145 149.093 148.107 148.958 150.81 152.198 151.703 150.026 148.294 148.223 149.129 150.177 
155.429 154.049 152.992 151.805 151.446 152.143 151.251 153.822 151.999 151.643 151.843 152.081 151.91 150.624 152.697 152.315 153.707 152.423 152.219 151.87 150.315 155.064 153.045 154.295 154.973 153.049 150.856 150.452 155.224 152.881 153.485 152.483 151.348 150.673 152.695 155.888 153.737 153.226 151.791 150.606 151.579 153.728 154.506 154.816 153.657 151.404 151.085 152.147 153.521 
157.426 155.739 155.216 154.731 154.265 154.822 154.529 155.971 154.259 154.206 155.535 155.068 154.93 153.992 155.161 154.839 156.111 155.376 154.938 154.875 153.947 157.105 155.508 156.71 157.653 155.825 154.06 154.073 157.005 155.119 155.569 155.395 154.896 154.196 156.02 157.567 155.671 154.919 154.514 154.026 154.612 156.436 156.245 156.455 155.665 154.226 154.236 154.989 155.992 
161.053 160.881 162.804 162.48 161.669 162.435 163.579 162.279 162.26 162.743 162.736 162.024 162.922 162.847 163.851 163.307 163.744 163.149 162.14 163.412 162.449 163.756 164.747 164.916 164.171 163.303 162.314 161.982 162.18 162.672 162.718 163.956 163.543 162.506 162.098 162.991 161.434 161.186 163.292 163.781 162.512 161.941 165.176 162.622 163.203 162.351 161.098 160.613 160.163 
169.306 170.134 169.877 169.614 169.395 169.11 169.385 170.608 168.658 169.359 170.051 170.668 171.27 169.071 172.069 169.499 171.953 171.793 171.835 172.27 167.834 169.226 170.273 171.996 172.875 172.705 171.693 169.955 164.031 166.712 171.548 170.931 171.161 170.644 168.792 164.605 166.196 168.551 169.347 170.672 170.897 170.03 168.065 167.773 169 169.963 169.141 170.586 170.695 
173.756 174.477 174.012 173.816 173.974 173.906 173.773 174.185 173.114 173.693 174.284 174.78 175.495 172.961 175.794 173.699 175.216 175.243 174.658 175.733 171.634 174.098 175.258 175.933 176.473 176.123 176.24 174.525 170.466 173.795 177.128 176.465 176.644 176.043 173.991 171.528 172.832 173.805 174.484 176.054 176.336 175.194 172.889 172.434 172.967 173.87 174.031 174.99 174.729 
191.15 188.867 188.57 189.388 190.708 191.483 191.785 188.592 189.465 190.208 190.531 190.487 192.713 193.292 190.704 193.429 192.513 191.699 193.205 193.025 192.474 194.227 195.318 191.323 192.372 194.433 195.532 190.763 194.716 194.806 190.467 193.361 194.125 194.807 192.054 194.388 194.4 193.745 193.024 192.799 192.313 192.889 194.213 194.053 195.631 193.314 191.132 191.641 192.945 
199.997 199.456 199.009 198.666 198.511 199.036 198.677 199.38 198.895 199.348 198.6 198.374 199.191 200.036 199.947 199.351 199.258 199.709 198.627 199.175 199.059 200.681 200.55 200.292 200.504 200.056 200.203 199.838 199.59 201.017 200.867 200.921 201.543 201.564 200.944 200.515 201.858 201.215 202.184 202.236 201.201 201.483 200.261 200.452 201.916 201.207 201.203 200.961 200.979 
211.876 211.145 210.831 210.019 210.421 210.563 210.112 211.348 210.382 210.804 209.812 209.739 210.258 210.835 211.902 210.723 210.81 210.774 209.499 209.982 210.239 212.443 212.053 211.636 211.324 211.05 210.833 211.347 210.867 211.888 211.943 211.511 212.818 212.82 212.53 211.317 212.367 211.979 212.93 213.916 213.302 213.143 212.201 211.927 212.938 212.689 213.159 212.617 212.284 
221.596 220.848 221.291 220.96 221.68 221.872 222.659 221.941 220.598 220.262 220.701 222.533 222.112 221.995 221.522 221.551 220.717 221.42 223.667 223.79 221.986 222.239 221.837 222.614 223.637 223.589 224.357 223.211 222.959 222.338 223.53 223.801 224.411 224.015 224.451 224.325 223.452 224.151 224.015 225.915 223.988 224.696 225.007 224.419 224.488 225.316 225.588 224.69 224.29 
216.377 219.668 223.542 223.626 224.499 225.763 226.602 221.003 223.386 223.485 224.372 227.414 229.8 229.465 227.138 227.682 225.075 229.975 231.383 232.031 230.918 227.478 233.802 231.116 232.792 229.808 230.262 228.151 230.01 233.88 236.518 234.86 231.433 231.229 230.445 236.003 234.402 237.94 233.974 234.656 232.057 234.132 237.008 236.112 235.564 232.627 234.723 235.152 234.921 
141.373 140.995 141.046 141.153 141.175 140.856 140.953 141.769 141.29 140.963 141.275 141.722 141.66 141.296 141.883 141.342 140.798 140.971 141.199 141.039 140.976 142.326 141.926 141.534 141.225 141.27 141.602 140.955 142.063 141.967 141.951 142.025 141.616 141.488 140.198 142.196 142.507 142.478 142.025 141.565 141.155 140.346 142.697 142.953 142.518 142.113 141.832 141.481 141.209 
145.077 144.638 144.309 144.125 143.907 143.508 143.185 145.131 144.716 143.954 143.861 144.144 143.684 143.453 145.381 144.736 143.864 143.735 143.664 143.252 143.034 145.39 144.737 144.125 143.91 143.599 143.323 142.891 144.969 144.612 144.254 144.136 143.804 143.479 142.367 144.756 144.587 144.038 143.349 143.388 142.755 141.915 144.667 144.612 143.853 143.303 143.053 142.727 142.228 
147.309 147.707 146.566 146.134 146.231 146.177 146.386 148.674 147.435 147.447 146.473 146.601 146.31 146.187 147.975 146.955 147.069 146.6 146.914 146.299 145.487 149.61 147.582 147.188 146.647 146.977 146.184 145.389 150.539 148.585 149.052 147.576 146.725 146.207 146.007 150.828 149.938 151.573 148.907 147.54 147.732 147.795 152.213 151.698 151.259 149.718 148.297 148.224 148.575 
154.379 152.826 151.792 150.889 150.712 151.849 151.27 152.386 150.699 150.598 151.081 151.712 151.839 150.739 151.385 151.088 152.958 151.646 151.796 151.664 150.288 154.325 151.957 153.632 154.828 152.833 150.485 150.413 154.525 151.995 152.844 151.813 150.83 150.255 152.857 155.455 153.23 152.988 151.23 150.165 151.532 153.964 154.318 154.409 153.123 151.111 150.935 152.229 154.091 
146.831 146.994 145.913 145.563 145.454 145.066 146.213 157.969 157.22 157.751 156.913 156.999 157.038 156.922 157.619 156.639 157.454 156.923 157.238 157.226 156.525 159.947 158.461 157.974 157.162 158.119 157.256 156.863 161.591 160.088 160.543 158.295 157.891 157.223 157.71 162.339 161.53 163.497 159.67 158.372 159.201 160.088 163.235 163.565 163.593 161.383 159.681 159.857 161.379 
169.036 168.97 169.487 169.667 168.09 166.922 168.064 171.729 169.463 169.617 170.022 169.448 169.048 169.648 171.989 170.376 172.152 171.758 172.438 170.983 170.032 168.303 168.222 170.373 170.657 170.882 168.58 168.166 164.003 163.506 166.551 166.601 166.687 166.967 166.929 163.883 164.234 166.93 167.448 166.947 166.823 167.429 168.58 168.766 170.502 170.634 168.33 169.12 170.371 
170.606 171.754 171.413 170.932 170.546 170.215 170.373 172.212 170.023 170.758 171.456 172.079 172.464 170.151 173.976 171.031 173.71 173.186 173.063 173.589 168.696 170.391 171.458 173.592 174.072 173.855 172.817 170.845 164.425 167.221 172.464 171.623 171.765 171.365 169.506 165.229 166.851 169.483 170.255 171.432 171.679 170.746 168.944 168.852 170.07 171.032 169.861 171.356 171.526 
185.913 184.015 184.235 184.779 184.986 185.09 185.538 184.331 184.573 185.357 185.701 185.38 187.153 187.581 186.553 189.131 188.796 187.396 189.349 188.35 187.108 188.609 189.731 186.298 187.436 189.591 189.632 184.484 187.002 186.521 183.134 186.159 187.055 187.796 184.863 186.192 186.325 186.869 186.066 185.727 185.062 185.639 187.809 188.154 190.067 187.81 184.421 185.178 187.037 
192.445 190.629 190.628 190.933 191.89 192.799 193.101 189.878 191.268 192.053 192.01 192.284 194.429 194.742 192.361 195.826 194.41 192.964 195.012 195.1 194.257 195.878 197.135 192.433 193.507 195.847 197.28 192.188 196.599 196.291 191.155 194.34 195.579 196.26 193.492 195.804 195.669 194.8 193.864 193.934 193.313 194.137 195.196 195.423 196.612 194.217 191.915 192.39 193.962 
195.863 193.992 194.193 194.664 195.63 196.475 196.66 193.481 194.108 194.753 195.037 195.609 198.464 198.927 196.075 199.419 197.47 196.613 198.493 198.995 198.489 199.337 200.859 196.08 196.909 199.123 201.003 196.431 199.568 199.954 194.81 197.735 198.864 200.102 198.229 198.902 199.67 198.355 197.442 197.718 197.033 198.817 198.67 198.96 199.934 197.373 195.623 195.943 198.17 
204.959 207.237 207.831 205.383 205.771 207.961 210.058 205.148 206.611 205.881 207.368 208.028 208.941 210.667 204.321 205.889 206.551 209.663 209.652 210.953 210.491 205.015 205.873 206.708 207.76 208.104 209.543 207.446 206.68 207.578 207.401 207.854 208.196 209.974 208.714 206.882 206.774 207.321 207.12 208.203 210.827 209.75 209.408 207.772 208.179 207.316 210.387 211.297 209.716 
215.952 215.883 216.154 216.094 216.711 217.3 217.669 215.788 216.554 216.921 217.272 217.968 218.621 218.558 216.143 216.067 217.414 217.727 218.572 218.802 218.626 216.487 216.242 217.562 218.009 218.436 218.542 218.594 217.034 216.997 218.445 218.717 219.184 219.421 219.152 217.421 217.786 218.011 218.419 219.11 219.192 218.432 218.283 218.673 218.19 218.433 218.624 218.814 218.663 
218.043 216.114 215.946 216.515 217.432 218.815 220.622 218.85 216.464 215.784 217.046 220.873 221.177 221.26 218.259 217.15 216.791 218.971 224.398 225.242 221.413 219.539 217.947 220.481 222.763 223.679 225.747 222.641 222.623 221.227 224.818 225.604 225.06 225.99 225.994 227.095 225.543 226.142 225.953 227.723 224.659 225.671 227.868 226.534 225.433 226.847 226.665 226.088 226.788 
140.892 140.41 140.727 140.662 140.468 140.041 140.003 142.105 141.078 140.578 141.054 142.036 141.958 141.184 142.514 141.257 140.351 140.727 141.264 141.065 140.839 143.198 142.465 141.79 141.351 141.585 142.003 140.923 142.656 142.865 142.834 142.749 142.541 142.142 140.091 143.159 143.864 143.771 143.396 142.74 141.826 140.449 144.172 144.676 143.821 143.57 143.748 142.718 142.273 
142.666 143.119 143.03 143.225 143.349 143.833 143.549 145.069 143.939 143.691 143.582 143.978 143.829 143.694 144.59 144.19 143.841 143.63 143.82 143.703 143.758 145.662 144.258 144.424 144.063 144.103 144.418 144.24 145.796 144.573 145.068 145.294 144.664 144.551 144.056 145.828 145.405 146.195 146.438 145.766 145.185 144.557 147.315 146.482 145.753 146.166 146.169 145.649 144.701 
144.088 144.832 144.236 144.508 144.941 145.609 144.693 147.099 145.736 145.289 145.02 145.677 145.513 145.487 146.336 146.219 145.79 145.787 146.003 145.792 145.478 147.436 145.873 146.591 146.591 146.124 145.873 145.992 147.91 146.233 147.19 147.37 146.664 146.304 146.259 147.973 147.36 148.27 148.742 148.092 147.382 146.808 149.574 148.447 147.803 148.297 148.491 147.976 146.74 
138.261 139 137.723 137.803 138.233 138.352 139.215 151.345 149.791 150.637 149.554 150.416 150.598 150.575 150.36 149.191 150.171 149.828 150.783 150.71 149.739 153.485 150.608 150.541 150.138 151.535 150.642 150.006 154.97 152.234 153.293 151.33 151.006 150.554 150.833 155.533 154.404 157.721 153.883 152.454 153.225 153.775 157.766 157.391 157.233 155.502 153.872 153.963 155.335 
89.6782 81.6454 81.2093 73.4116 81.2857 85.4684 92.3713 181.95 177.42 173.633 175.99 177.538 181.47 183.285 185.035 184.029 182.567 182.8 184.398 185.641 186.629 190.805 189.696 189.873 189.471 190.926 191.359 191.54 192.243 191.895 192.307 192.102 192.73 192.42 192.005 193.366 194.924 193.85 193.028 192.246 192.897 192.463 192.337 193.83 193.929 193.312 192.614 192.318 191.59 
135.536 129.944 129.27 122.929 128.324 130.75 135.33 177.971 174.287 171.272 172.373 173.254 175.488 176.505 180.532 179.143 177.604 177.298 178.171 178.404 179.006 183.682 182.485 182.696 181.603 182.221 181.998 181.856 185.025 184.748 184.99 184.118 183.462 182.749 182.498 186.234 187.269 186.092 184.668 183.374 183.014 182.708 185.769 186.568 186.109 184.978 183.751 182.866 181.729 
175.224 174.085 174.46 173.022 172.434 164.716 165.251 179.478 176.307 175.457 176.039 175.316 167.854 167.58 179.887 178.103 179.566 178.761 179.291 170.378 168.277 176.155 176.047 178.361 178.227 178.267 168.297 166.866 171.406 170.756 174.113 173.666 173.482 166.435 165.68 171.705 172.383 175.233 175.327 174.074 166.707 166.475 176.35 177.065 178.575 178.615 175.74 169.223 169.556 
209.774 208.414 207.391 205.147 203.58 122.06 119.068 209.708 209.21 207.818 206.032 204.909 122.549 119.314 209.511 209.707 208.093 207.016 205.344 123.279 119.437 209.609 209.166 207.725 206.921 205.449 122.878 119.61 210.073 208.767 207.955 206.862 205.721 122.79 120.013 209.796 208.486 208.292 206.544 205.578 123.383 119.97 210.028 209.104 207.92 206.228 204.975 123.042 120.392 
196.24 194.143 194.477 195.01 195.532 192.183 191.654 194.04 194.331 194.367 194.75 195.364 194.331 194.185 196.612 200.52 197.328 196.495 198.489 195.057 194.254 199.486 201.595 196.034 196.741 198.602 196.879 191.898 199.867 200.503 194.709 197.512 198.243 195.602 193.85 199.058 199.872 198.242 196.718 197.011 192.407 194.384 198.998 199.131 199.519 196.649 194.805 191.252 193.48 
199.732 202.651 203.656 200.964 200.834 202.964 204.868 201.059 201.964 199.699 202.309 203.53 205.027 206.995 200.005 203.039 201.095 205.432 205.387 207.723 207.534 199.615 201.92 201.227 202.259 202.234 204.547 202.382 201.682 203.77 202.154 202.338 201.665 204.551 204.742 202.378 202.906 202.179 201.458 202.006 205.362 206.477 205.066 202.942 202.088 200.796 205.054 206.293 205.664 
202.051 204.898 206.077 203.446 203.554 205.875 208.154 203.378 204.255 202.072 204.711 206.079 207.863 209.858 202.255 204.863 203.612 208.248 207.976 210.267 210.209 201.895 203.91 204.206 205.039 204.923 207.099 205.041 203.928 205.545 204.712 205.138 204.318 207.342 207.164 204.698 204.914 204.433 203.778 204.756 208.694 209.074 207.977 205.537 204.709 203.834 208.322 209.484 208.503 
205.926 208.8 209.517 207.018 207.244 210.022 212.767 206.694 208.604 207.702 210.546 211.103 212.001 214.402 205.316 207.365 208.859 213.363 212.942 214.155 214.072 205.957 207.135 208.911 210.488 210.64 211.908 209.489 208.53 209.45 209.504 210.333 209.806 212.057 210.509 209.509 209.076 209.638 209.171 209.852 213.661 211.727 212.581 210.033 210.546 209.528 213.069 214.82 212.275 
212.79 213.295 212.419 213.837 213.228 215.083 216.706 213.265 216.702 214.885 215.923 216.05 217.972 219.674 215.82 215.918 215.789 216.821 218.528 219.923 220.546 216.711 216.16 218.115 217.724 219.295 220.869 220.743 218.79 218.908 221.573 221.901 221.665 224.17 222.636 220.188 221.752 219.932 220.506 220.488 221.389 220.114 221.186 222.576 218.203 219.112 218.35 219.638 220.477 
