3561272
130.103 129.757 128.904 127.419 127.159 126.986 127.013 156.339 155.499 154.927 154.103 152.204 151.447 152.166 155.88 155.827 154.181 153.777 152.914 152.504 151.873 158.575 157.257 155.437 154.901 155.064 154.809 153.779 157.534 157.158 156.567 155.949 155.547 155.068 154.468 157.368 156.978 156.684 156.396 155.47 154.89 154.484 158.176 157.563 156.94 156.409 155.584 154.368 153.704 
142.517 142.345 142.321 141.925 141.822 141.754 141.94 149.481 148.894 148.986 148.717 148.422 147.799 147.927 149.562 149.184 149.055 148.716 148.228 147.885 147.788 150.155 149.651 149.281 149.14 149.068 148.952 148.386 149.856 149.751 149.466 149.54 149.506 149.094 148.518 149.861 149.653 149.502 149.381 149.211 148.733 148.547 149.941 149.967 149.88 149.382 148.731 148.419 148.514 
142.97 142.951 143.328 143.024 142.722 142.675 142.465 143.391 143.165 143.124 142.945 142.715 142.198 142.065 143.7 143.299 143.221 143.204 142.96 142.465 142.214 143.649 143.326 143.463 143.513 143.021 142.769 142.486 143.276 143.425 143.602 143.652 143.365 142.856 142.579 143.386 143.444 143.563 143.286 143.102 142.775 142.461 143.643 143.491 143.373 142.856 142.788 142.706 142.515 
138.682 138.58 138.692 138.861 138.434 137.834 137.694 138.753 138.525 138.82 138.584 137.917 137.444 137.519 138.835 138.62 138.525 138.653 137.997 137.632 137.731 138.937 138.702 138.604 138.657 138.291 137.799 137.406 138.556 138.64 138.473 138.728 138.247 138.008 137.52 138.267 138.664 138.909 138.522 138.278 138.095 137.664 138.698 138.646 138.595 138.255 137.977 137.866 137.541 
132.434 132.019 131.766 131.292 130.933 130.266 129.782 132.728 132.087 131.91 131.206 130.692 130.291 130.152 132.955 132.32 131.976 131.702 131.328 130.694 130.423 133.143 132.482 132.137 131.912 131.473 130.996 130.67 132.636 132.326 132.213 132.009 131.611 131.26 130.87 132.792 132.704 132.739 132.237 131.672 131.139 130.873 133.414 133.091 132.766 132.352 131.803 131.39 130.907 
125.493 124.728 123.884 123.189 122.465 120.412 122.498 125.237 125.3 124.849 123.148 121.846 121.105 121.826 124.997 125.189 125.415 123.96 122.595 121.333 121.268 125.297 124.583 124.395 124.257 123.665 122.24 121.626 125.279 124.632 124.423 124.221 123.809 122.927 121.592 126.05 126.043 125.157 124.839 123.555 122.994 121.76 126.988 126.467 125.658 124.937 123.59 122.432 122.623 
119.223 118.537 119.2 117.886 117.266 115.583 115.801 118.736 119.055 120.024 118.432 117.585 116.298 115.806 118.207 118.954 120.403 118.94 118.906 116.874 116.803 118.84 119.037 118.667 119.824 119.251 117.439 117.376 119.607 119.449 117.945 117.915 119.051 118.134 116.898 120.196 120.665 119.435 118.128 118.086 117.242 116.033 120.628 118.791 117.392 117.43 118.24 117.788 117.67 
116.289 115.413 116.017 114.734 114.058 112.311 112.653 115.533 115.877 116.672 115.167 114.495 113.278 112.958 114.91 115.657 117.191 115.71 116.038 114.196 114.362 115.542 115.56 115.368 116.744 116.742 115.076 115.135 116.552 116.173 114.593 114.796 116.597 115.933 114.534 116.863 117.394 116.27 115.299 115.67 115.127 113.825 117.138 115.353 114.04 114.621 115.79 115.675 115.612 
104.03 104.03 104.37 103.506 103.69 102.822 101.199 105.271 104.583 104.157 103.293 104.335 104.315 102.56 105.863 105.622 105.288 103.563 105.381 105.348 103.517 105.942 105.602 104.673 104.282 105.719 105.047 104.289 106.428 105.688 103.849 103.435 106.294 105.075 105.826 106.697 107.13 104.821 103.823 107.246 105.579 104.776 106.53 106.65 105.938 105.164 107.658 106.398 107.683 
101.943 101.798 101.564 101.121 100.747 100.141 99.8076 102.209 101.912 101.577 101.158 100.746 100.047 99.7414 102.367 102.031 101.671 101.276 100.784 100.31 100.158 102.57 102.282 101.866 101.272 100.911 100.73 100.3 102.789 102.305 102.056 101.448 100.924 100.533 100.295 102.805 102.501 102.079 101.46 101.05 100.706 100.29 102.782 102.33 101.944 101.659 100.974 100.841 100.516 
152.19 152.412 152.89 153.221 153.34 153.532 153.755 159.764 159.989 160.494 160.789 160.958 160.724 161.023 160.38 160.444 160.687 160.843 160.884 160.716 160.733 161.194 161.68 161.889 161.793 161.731 161.941 161.677 161.745 161.927 162.126 161.966 162.127 162.297 162.029 162.088 162.428 162.208 162.075 162.691 162.223 162.248 162.235 162.709 162.711 162.426 162.322 162.147 161.91 
156.137 155.357 157.449 157.381 156.434 157.192 158.604 157.216 157.615 157.827 157.72 156.593 157.107 158.388 158.311 158.608 158.104 157.796 156.971 157.786 158.551 158.99 159.403 158.913 158.388 157.486 156.408 156.643 159.502 158.517 156.655 158.465 157.971 156.917 157.569 160.109 157.591 156.487 158.402 158.389 156.931 156.935 161.575 158.701 159.013 157.766 156.553 155.645 155.483 
150.424 149.301 149.317 148.868 148.498 149.185 148.911 149.321 148.218 148.311 148.831 149.083 148.861 148.379 148.873 148.675 149.669 149.071 148.956 148.85 148.146 150.143 149.1 150.052 150.807 149.603 148.53 148.275 150.112 148.983 149.2 149.303 148.779 148.407 149.672 150.289 149.13 148.78 148.481 148.238 148.783 150.062 149.316 149.635 149.21 148.075 148.063 148.96 149.851 
141.501 141.522 141.684 142.054 141.867 141.715 141.657 141.389 141.24 141.3 141.378 141.252 141.055 141.37 141.536 141.237 140.941 141.484 141.544 141.378 141.29 141.164 141.206 141.141 141.742 141.546 141.282 140.989 141.126 141.08 140.991 141.621 141.597 141.559 141.342 140.972 141.01 141.153 141.274 141.793 141.982 141.487 141.372 140.902 141.032 141.232 141.467 141.793 141.38 
133.384 132.656 131.945 132.363 133.011 132.819 132.976 132.185 132.33 132.142 132.542 132.755 133.564 133.865 131.694 131.735 131.144 131.057 131.889 132.271 133.372 131.789 132.677 132.728 132.12 131.374 132.886 132.563 132.628 132.839 132.823 133.793 133.275 133.162 132.814 132.617 132.872 132.525 132.845 134.02 134.002 133.191 131.837 132.1 132.675 133.24 134.459 134.243 132.798 
123.644 124.148 124.636 124.563 124.76 124.955 124.206 124.716 124.717 125.767 125.611 124.988 124.082 123.196 125.262 125.597 126.009 125.924 124.737 123.227 122.177 125.527 126.165 126.288 125.894 124.043 123.071 122.241 126.25 126.723 126.488 125.257 123.646 122.824 122.535 127.115 127.18 126.616 124.244 123.014 122.336 122.543 127.478 126.915 125.494 123.935 123.179 122.51 122.667 
119.531 119.436 119.144 118.726 118.339 117.006 118.566 119.536 120.17 120.523 119.255 117.822 116.917 117.16 119.765 120.597 121.345 120.103 118.232 116.412 115.671 120.286 120.326 120.443 120.267 118.555 116.617 115.759 120.902 120.521 120.277 119.36 118.299 116.956 115.769 121.865 122.06 120.886 119.324 117.595 116.994 115.926 122.736 122.114 120.794 119.309 117.673 116.333 116.838 
104.586 104.731 105.106 104.401 104.784 104.167 102.608 105.975 105.498 105.135 104.419 105.383 105.367 103.722 106.724 106.687 106.398 104.819 106.333 106.186 104.311 107.047 106.819 105.959 105.539 106.556 105.803 104.973 107.475 106.807 105.29 104.793 107.133 105.742 106.471 107.767 108.143 106.076 104.938 107.925 106.404 105.57 107.629 107.828 107.057 106.222 108.393 107.115 108.214 
98.8636 99.3734 98.8646 98.5246 98.912 98.3753 97.2063 100.757 100.013 98.7849 97.9737 99.0162 99.4068 98.2557 101.937 101.31 100.011 98.4636 99.6681 100.201 98.2924 101.956 101.272 100.281 98.8464 100.113 100.061 99.0858 102.134 101.236 100.048 99.1341 101.105 100.265 101.294 102.662 102.638 100.474 99.9516 102.783 101.511 101.002 102.667 103.677 103.072 102.031 103.196 101.826 103.278 
96.9395 97.2534 96.6589 96.3292 96.4701 95.6698 94.6234 98.8688 97.9266 96.5335 95.6305 96.5578 96.7685 95.56 100.139 99.0898 97.7643 96.0439 97.028 97.3468 95.3017 99.9978 99.099 97.917 96.3313 97.3995 96.8945 95.9067 100.169 99.1445 97.8857 96.5258 98.3811 97.2021 97.9922 100.779 100.763 98.3128 97.6467 100.132 98.601 97.8025 100.903 101.909 101.216 99.8367 100.86 98.9117 100.35 
161.718 161.536 163.445 163.356 162.567 163.382 164.606 162.985 162.942 163.369 163.625 162.93 164.037 164.099 164.665 164.071 164.512 164.119 163.179 164.601 163.689 164.761 165.736 165.728 165.396 164.525 163.566 163.235 163.171 163.83 163.784 165.045 164.7 163.735 163.467 164.009 162.63 162.334 164.436 164.982 163.815 163.332 166.294 163.702 164.079 163.324 162.205 161.837 161.501 
158.296 157.168 159.366 158.905 157.647 158.699 159.51 158.696 158.703 158.832 158.799 157.661 158.298 159.127 159.155 159.687 159.884 158.89 157.994 158.873 159.445 160.671 160.771 160.889 160.326 159.084 157.382 157.767 160.818 159.247 157.781 159.176 158.335 157.503 158.935 161.416 158.827 157.732 159.36 158.887 157.835 158.546 162.489 160.416 160.078 158.436 157.287 156.808 156.933 
154.49 153.42 155.311 154.924 153.863 154.987 155.779 154.89 154.885 154.809 154.854 153.889 154.489 155.231 155.472 155.806 155.848 155.086 154.282 155.108 155.38 156.608 156.611 156.741 156.385 155.017 153.513 153.831 156.654 155.257 153.868 155.098 154.37 153.577 155.153 157.499 154.753 153.811 155.254 154.818 154.121 154.913 158.358 156.393 156.121 154.4 153.583 153.348 153.582 
146.599 145.16 144.639 144.641 144.858 145.575 145.474 145.128 144.096 143.664 144.574 145.133 145.891 145.598 144.592 144.49 144.897 144.214 144.773 145.245 144.989 145.979 145.364 146.012 146.202 144.945 144.964 144.717 145.994 144.811 145.063 145.571 145.233 144.926 146.297 146.189 144.993 144.429 144.688 145.003 145.863 146.867 144.843 145.363 145.234 144.676 145.726 146.587 146.529 
133.362 134.312 134.236 134.619 136.206 136.045 137.441 134.226 134.595 133.882 134.406 134.424 135.783 136.643 134.056 133.756 132.805 133.384 133.612 133.81 134.825 134.203 134.336 133.283 133.352 134.433 135.141 134.097 133.964 133.734 133.5 133.3 136.189 136.279 134.526 135.849 135.051 134.285 134.723 136.302 137.631 137.945 136.546 136.066 135.695 136.632 137.784 138.603 138.232 
128.899 128.25 127.412 127.825 128.874 129.421 129.837 127.724 127.771 127.52 128.145 128.868 130.271 130.685 127.146 127.128 126.549 126.545 127.687 128.622 130.071 127.076 128.222 128.52 127.896 127.389 129.502 129.613 128.416 128.627 129.014 130.007 129.694 129.89 129.67 128.45 128.66 128.501 128.914 130.216 130.542 130.069 127.492 127.946 128.639 129.185 130.895 130.982 129.737 
111.078 112.664 113.846 114.569 115.418 116.427 115.703 112.255 113.309 115.059 116.132 115.732 115.161 114.409 112.948 114.671 115.779 116.577 115.174 113.913 112.742 113.488 115.387 116.073 116.285 114.111 113.114 112.586 114.417 115.808 116.163 115.142 113.415 112.621 112.589 115.528 116.201 115.981 113.586 112.653 112.226 112.671 115.852 115.891 114.489 112.954 112.75 112.218 112.832 
95.2877 95.6184 96.244 96.8166 97.0593 97.4121 98.0313 96.2631 96.294 96.9156 97.8798 98.5143 97.9884 98.5462 96.8863 97.7429 98.4051 99.243 99.1799 98.6947 98.7516 98.356 98.3278 98.8559 99.4858 99.8917 99.4973 98.8604 99.2454 98.6689 99.2505 100.455 101.16 101.112 100.575 99.4896 99.0276 99.5872 100.149 101.619 101.614 101.342 99.6095 99.5692 100.046 100.299 100.913 100.951 101.404 
95.5266 95.6784 95.2457 95.0146 95.3254 94.8555 93.8998 97.4751 96.6307 95.2978 94.6274 95.6107 96.0562 95.0186 98.7717 97.8147 96.6878 95.206 96.2832 96.8087 94.8768 98.6689 97.9238 96.9164 95.6884 96.9399 96.6066 95.7307 98.942 98.0153 97.0474 96.08 98.1188 97.0134 97.8273 99.6897 99.634 97.546 97.0919 99.7833 98.5468 97.761 99.8779 100.858 100.333 99.1454 100.523 98.8941 100.296 
91.3712 90.6486 90.1291 90.0042 89.3561 88.6354 89.0832 91.9085 91.1101 90.4245 90.0212 89.4767 88.7377 88.805 92.6451 91.1298 91.1235 90.601 89.8411 88.8332 88.4554 93.0588 91.8867 91.6039 91.0873 90.3093 89.075 89.0923 93.7227 92.9541 92.8437 91.2962 90.7351 90.0935 89.4023 94.3991 94.0442 93.607 92.5446 91.3731 91.3495 90.3085 94.6954 94.6277 94.3217 93.5556 92.8503 91.9164 91.4971 
169.644 170.574 170.091 169.806 170.166 170.455 170.433 170.105 168.93 169.605 170.395 171.216 171.964 169.648 171.568 169.409 171.223 171.421 171.161 172.119 168.376 170.352 171.358 172.196 172.905 172.737 172.75 171.172 166.992 169.833 173.48 172.726 172.913 172.351 170.381 167.606 169.151 170.373 170.827 172.503 172.525 171.475 169.165 168.861 169.297 170.114 170.175 171.123 170.726 
162.945 162.95 164.667 164.329 163.641 164.583 165.603 164.187 164.142 164.636 164.71 163.958 165.078 165.062 165.508 165.052 165.612 165.147 164.267 165.54 164.596 165.866 166.752 166.806 166.328 165.424 164.376 164.116 164.505 164.93 164.896 165.802 165.312 164.422 164.216 165.287 163.881 163.845 165.484 165.849 164.847 164.342 167.637 165.281 165.676 164.776 163.514 163.128 162.949 
157.92 156.882 156.614 156.066 155.843 156.398 155.798 157.015 155.749 155.723 156.104 156.269 156.333 155.487 156.236 155.929 157.148 156.315 156.507 156.302 155.524 158.26 156.805 157.673 158.407 157.441 155.794 155.638 158.728 157.032 157.501 157.096 156.273 155.693 157.24 159.087 157.578 157.575 156.736 156.042 156.786 158.186 158.193 158.516 157.728 156.56 156.556 157.341 158.391 
137.608 139.399 139.71 140.144 141.502 140.981 142.521 139.268 139.881 139.562 139.769 139.649 140.826 141.43 139.275 139.211 138.717 139.349 139.094 139.366 139.518 139.678 139.453 138.21 138.495 140.387 139.982 138.685 139.154 138.804 138.269 137.53 141.104 141.278 139.529 141.097 140.233 139.699 139.662 141.064 142.781 143.502 142.29 142.1 141.491 141.895 142.785 143.785 144.263 
131.806 133.158 133.212 133.855 135.884 135.709 137.131 132.589 133.289 133.026 133.692 133.905 135.646 136.385 132.176 132.325 131.658 132.359 132.806 133.398 134.423 132.676 133.012 131.991 132.112 133.848 134.743 133.544 132.586 132.472 132.287 132.019 135.496 135.99 133.977 134.491 133.791 133.075 133.562 135.51 137.507 137.946 135.178 134.799 134.767 136.012 137.493 138.734 138.281 
125.881 128.112 128.659 129.174 130.687 130.354 132.124 127.209 128.284 128.223 128.675 128.709 130.026 130.936 126.998 127.555 127.297 128.187 127.827 128.345 129.106 127.277 127.635 126.865 127.281 129.387 129.288 128.405 126.683 126.847 126.699 126.13 129.92 130.357 128.602 128.468 128.154 127.659 128.04 129.512 131.275 132.342 129.59 129.766 129.311 130.059 131.143 132.421 133.057 
99.8703 101.02 101.913 102.883 103.442 104.084 104.879 100.133 100.919 102.14 103.346 104.446 104.315 104.965 100.213 101.761 102.681 103.761 104.329 104.863 105.202 100.879 101.707 102.641 103.362 104.138 104.602 104.809 101.502 101.718 102.303 103.744 104.691 105.295 105.407 101.412 101.7 102.325 103.147 104.76 105.259 105.589 101.198 101.72 102.612 103.08 104.014 104.526 105.351 
89.1949 90.0915 91.128 92.0641 92.5698 93.3704 94.1272 90.0932 90.8651 91.7411 92.9416 94.0018 93.9226 94.6826 90.6108 92.2062 93.0335 94.0571 94.4942 94.6812 95.0905 91.6866 92.4257 93.3425 94.2165 95.0402 95.2187 95.1258 92.2286 92.4455 93.3977 95.0302 96.1712 96.5555 96.4289 92.4662 92.6895 93.6052 94.8398 96.6593 97.1122 96.9745 92.6214 93.1778 94.0356 94.7665 95.9846 96.346 97.0623 
85.553 85.6761 86.0161 86.3398 86.3858 86.7996 87.3416 86.2732 86.2668 86.7155 87.1671 87.5003 87.2598 87.7795 87.1187 87.4671 87.7883 88.2351 88.1657 87.948 88.1292 88.1367 88.1584 88.4782 88.8331 88.9651 88.729 88.4577 88.9362 88.647 88.887 89.6307 90.1606 90.029 89.7608 89.3687 89.0492 89.3395 89.7051 90.5305 90.4922 90.4312 89.4904 89.4281 89.8264 89.7707 90.0824 90.1061 90.5811 
85.3825 84.8638 84.7765 84.9683 84.6248 84.2012 84.6512 86.3253 85.8264 85.5082 85.5123 85.1783 84.7313 84.8111 87.4809 86.223 86.4675 86.4761 85.8618 85.1124 84.8633 88.043 87.1148 87.1248 87.2253 86.5987 85.5388 85.7831 88.9016 88.4566 88.7346 87.5474 87.3319 86.9447 86.545 90.1013 90.0119 89.6384 89.2069 88.3477 88.7698 87.8535 90.3779 90.6684 90.6047 90.3573 90.4298 89.4653 89.3656 
181.731 182.011 181.481 182.158 183.292 182.904 182.235 182.161 180.623 181.153 182.205 183.438 183.905 181.501 183.304 181.603 183.119 182.487 182.155 183.804 180.074 180.879 182.44 183.069 183.404 182.505 183.823 182.212 176.978 180.1 183.653 181.406 182.12 182.287 180.276 175.478 178.266 178.84 178.939 180.472 181.443 179.577 172.934 172.521 173.062 173.099 173.296 175.039 175.498 
180.542 180.259 180.103 180.07 180.087 180.128 179.298 180.711 180.525 180.627 180.454 180.125 180.148 179.961 180.681 180.604 180.785 180.699 180.139 179.783 179.946 181.179 181.243 180.865 180.923 180.844 180.199 179.838 181.32 181.382 181.36 181.004 180.877 180.546 179.982 181.625 181.587 181.471 181.03 181.1 180.723 180.556 181.567 181.221 181.488 180.964 180.989 180.84 180.788 
182.221 180.5 180.303 181.004 182.189 183.268 183.773 179.96 180.996 182.008 182.206 182.428 184.852 185.292 181.935 185.01 184.194 183.209 185.287 185.275 184.721 185.692 186.82 182.682 183.748 186.206 187.559 182.739 186.652 186.521 182.017 184.667 185.697 186.721 184.014 186.063 186.183 186.093 184.494 184.35 184.321 184.966 185.739 186.41 187.878 185.112 182.846 183.496 185.3 
150.174 150.458 151.13 152.098 153.634 154.821 155.552 152.584 151.404 151.916 152.219 153.768 155.359 156.158 151.129 151.052 151.529 152.143 153.613 155.196 155.911 151.376 150.694 151.783 152.233 153.585 155.096 156.256 151.901 150.96 152.688 153.418 154.052 156.155 156.953 152.232 151.357 153.115 153.859 154.393 156.948 157.798 153.237 151.991 152.382 153.58 154.648 156.81 157.658 
132.774 135.059 136.052 137.006 139.115 139.923 142.805 134.195 135.362 135.827 136.626 136.962 139.904 142.043 133.987 134.803 134.937 135.968 136.439 138.369 140.041 134.205 134.606 134.378 135.24 137.981 139.06 139.23 133.655 133.827 133.921 133.959 138.764 140.296 140.003 135.276 135.195 135.103 135.903 138.873 142.145 143.972 136.301 136.63 137.086 138.432 140.5 143.438 144.264 
113.593 116.315 117.43 118.695 120.245 121.327 122.407 112.658 115.273 116.697 117.899 119.823 121.144 121.981 111.449 114.345 115.627 117.149 118.876 120.632 121.271 110.718 113.282 114.84 116.422 118.024 119.553 120.683 109.334 111.915 113.001 114.34 115.785 117.445 118.609 108.274 110.768 112.056 112.942 114.605 116.578 117.647 107.468 110.109 111.296 112.419 113.865 116.061 116.967 
93.2354 94.2676 94.9524 95.7062 96.3191 97.0846 97.503 92.8328 93.724 94.327 95.2083 95.9273 96.457 97.0665 92.216 93.3417 93.7476 94.4249 95.2318 96.1053 96.5266 91.6948 92.1981 93.0016 93.4996 94.2538 94.9579 95.6907 90.8738 91.4355 92.2667 92.7354 93.2745 94.0971 94.8279 90.0865 90.805 91.4967 91.9791 92.556 93.3207 93.8023 89.5536 90.2529 90.6557 91.4454 92.1177 92.6633 93.2473 
85.0868 85.5024 85.9849 86.6167 86.8469 87.2508 87.8655 85.3993 85.5398 86.1756 86.9951 87.6 87.399 88.049 85.6567 86.2696 86.754 87.441 87.6307 87.6176 87.9879 86.1866 86.2094 86.74 87.1819 87.6439 87.687 87.5476 86.4321 86.0876 86.5123 87.536 88.1793 88.3083 88.2977 86.2188 85.9962 86.4851 87.0437 88.0954 88.1936 88.3359 86.0246 86.028 86.4922 86.7722 87.3021 87.3073 87.8801 
78.6254 78.7439 79.0014 79.2525 79.4274 79.6864 79.8184 79.3422 79.6422 79.6884 79.9713 80.139 80.418 80.4033 80.4013 80.272 80.407 80.7933 80.7472 80.875 81.0512 80.8178 80.8161 81.1255 81.6275 81.5247 81.4224 81.6488 81.2808 81.3793 81.9515 81.9042 81.9649 82.1457 82.4046 81.9914 82.086 82.1047 82.4456 82.2621 82.5966 82.7495 81.8146 82.2464 82.2691 82.6822 82.9966 82.8463 83.1742 
76.9721 77.2156 77.2726 77.4783 77.5932 77.7273 77.8482 77.819 78.0473 78.0407 78.2568 78.2013 78.4941 78.4882 78.9508 78.7584 78.8489 79.1885 78.9314 79.0098 79.1709 79.7118 79.622 79.725 80.1061 79.831 79.7955 79.9762 80.3015 80.5925 80.8304 80.6106 80.395 80.5721 80.7874 81.2051 81.4306 81.1425 81.3857 80.9383 81.249 81.5937 80.9362 81.4306 81.3873 81.8248 82.0878 81.9746 82.3822 
215.187 212.691 213.544 216.634 217.67 215.076 213.368 214.967 213.562 213.289 213.75 214.357 212.85 212.966 213.328 214.832 213.672 210.688 209.957 212.126 213.256 209.501 211 210.003 208.385 206.391 210.257 211.251 208.028 208.051 207.87 202.597 204.201 206.218 206.849 200.161 205.136 202.39 201.086 200.674 202.424 200.213 192.597 192.539 191.972 189.121 188.981 191.678 194.358 
197.206 195.127 194.988 196.051 197.33 197.858 197.865 194.814 195.912 196.832 197.102 197.193 199.313 199.925 196.865 200.455 199.354 197.587 199.221 199.674 199.55 200.11 201.608 197.134 197.924 199.881 202.083 197.284 200.578 200.583 195.717 197.807 199.323 200.551 197.716 198.659 199.728 198.629 197.158 197.235 197.152 197.15 195.85 196.348 197.614 194.603 192.499 193.335 195.093 
193.107 191.573 191.909 191.651 192.896 195.016 196.735 191.14 192.326 192.721 193.773 194.087 197.127 198.964 192.58 195.832 195.167 195.6 197.32 198.544 198.36 196.197 197.269 193.862 195.311 197.803 200.094 194.939 197.705 197.459 193.069 196.412 197.362 199.272 196.465 197.494 196.978 196.716 196.001 195.9 197.146 197.703 197.854 196.951 198.7 196.124 195.245 196.786 197.935 
183.568 181.274 181.511 182.559 184.4 186.697 188.797 181.816 182.494 183.478 184.303 185.028 188.772 190.833 183.805 186.671 185.914 185.241 188.033 189.537 190.223 187.126 188.039 184.669 186.061 188.982 191.747 188.429 187.962 187.377 183.429 187.148 188.905 191.042 189.847 187.179 187.089 187.098 186.804 187.567 188.788 190.608 186.816 186.911 189.008 187.379 186.023 187.996 190.299 
146.596 146.688 149.123 150.587 153.907 160.519 167.307 147.717 148.568 150.409 152.933 155.775 163.196 169.716 146.532 148.484 150.13 152.128 156.132 162.783 168.281 145.008 146.624 149.518 152.434 155.955 161.862 167.12 142.939 144.239 147.019 149.792 154.382 159.831 165.301 141.97 144.035 146.573 149.59 154.401 160.903 165.212 141.563 143.115 146.364 149.563 154.909 160.814 163.223 
119.52 121.925 123.36 124.703 124.06 127.783 131.408 117.865 120.479 121.723 123.304 124.934 127.306 131.441 115.448 118.275 119.149 120.4 122.958 126.728 128.428 112.516 115.135 116.552 118.527 120.699 124.227 127.756 107.303 109.341 110.777 112.078 115.188 118.424 122.646 104.984 107.722 109.158 110.576 113.893 118.202 120.909 103.615 105.607 107.776 109.758 113.198 116.716 117.841 
89.1407 90.9285 91.3911 91.9603 92.2718 92.7579 93.4011 88.031 89.6529 90.1568 90.6883 91.1134 91.6119 92.3379 86.5443 88.2749 88.6933 89.1672 89.5647 90.2202 90.942 84.9931 86.4343 86.7244 87.2331 87.8313 88.4119 89.2808 82.7837 84.0419 84.1213 84.7359 85.255 85.8855 86.7508 81.5347 82.6527 82.7091 82.9956 83.5111 84.3694 85.1824 80.3319 81.5928 81.5678 82.0401 82.3795 82.9311 83.7391 
78.4744 78.5737 78.6413 78.7422 78.9098 79.0051 79.0544 78.1654 78.1173 78.2436 78.4414 78.683 78.7186 78.8791 77.8714 77.7422 77.9128 78.0151 78.2032 78.1091 78.3919 77.4191 77.1349 77.3402 77.4058 77.653 77.5613 77.7475 76.8442 76.5381 76.8055 76.7912 76.8935 77.1412 77.3482 76.5482 76.3045 76.4227 76.313 76.2371 76.5768 76.7788 76.2562 76.1534 76.09 76.1099 76.1357 76.2045 76.4144 
74.804 74.6715 74.3726 74.2386 74.2979 74.4221 74.6771 74.8624 74.6413 74.4905 74.486 74.665 74.8535 75.0696 75.0114 74.7381 74.7976 74.841 74.9688 75.0275 75.1586 75.1545 74.9145 75.0459 75.196 75.3224 75.2951 75.343 75.4181 75.2213 75.281 75.3977 75.4531 75.5775 75.6193 75.622 75.5831 75.4794 75.4264 75.4729 75.5047 75.7429 75.7207 75.7903 75.6886 75.6269 75.5301 75.4762 75.6709 
69.5488 69.6438 69.6958 69.8849 69.9529 69.7778 69.8726 70.386 70.4738 70.2523 70.3873 70.4614 70.7034 70.6139 71.3175 70.9546 70.9721 71.0915 71.1322 71.2388 71.5293 71.834 71.6924 71.8024 72.1533 71.9862 71.8719 72.2144 72.4077 72.5253 72.9132 72.5952 72.3712 72.6622 73.0364 73.351 73.521 73.2659 73.4162 73.0494 73.4395 73.7951 73.1797 73.6984 73.6096 73.9909 74.2738 74.257 74.5424 
217.853 218.258 220.259 222.441 222.909 221.256 220.245 219.785 220.62 221.312 221.657 222.05 221.248 221.571 221.248 222.473 221.587 220.848 219.66 220.676 222.045 218.578 222.35 220.658 219.736 217.385 219.522 220.248 218.428 220.547 221.018 216.456 216.599 217.324 217.354 214.725 218.106 218.016 215.228 214.922 215.966 213.539 209.316 209.616 209.19 206.009 206.452 208.161 209.174 
212.305 213.642 213.855 212.328 212.378 213.147 214.656 213.571 214.688 213.879 214.936 215.322 215.178 216.827 212.684 214.197 214.341 216.637 216.245 217.2 216.97 213.242 214.028 214.617 215.455 215.253 215.784 214.997 214.821 215.371 215.625 215.739 215.362 215.766 215.871 215.978 215.619 216.093 215.575 215.846 216.949 216.564 217.722 216.193 216.257 215.607 217.441 217.882 216.587 
197.129 195.885 195.8 195.668 196.863 198.234 199.442 194.893 196.539 196.868 197.474 197.687 200.243 201.357 196.83 200.287 199.272 199.042 200.743 201.196 200.697 200.563 201.89 197.994 199.034 201.365 203.114 197.957 202.039 201.907 197.208 200.108 201.183 202.405 199.659 201.423 201.335 200.687 199.596 199.603 200.02 200.434 201.696 201.557 202.682 200.077 198.771 199.326 200.328 
188.624 188.89 189.462 188.474 189.163 191.11 193.769 189.549 189.656 188.696 190.701 191.367 192.398 194.58 188.627 188.693 189.129 192.228 192.368 194.152 194.27 188.539 188.552 189.878 190.61 190.951 192.639 191.765 189.92 189.512 189.849 190.742 190.755 192.708 192.709 190.558 189.147 189.723 190.153 190.291 193.633 194 192.146 189.62 189.944 190.026 192.795 194.235 194.205 
163.243 163.1 163.174 164.089 163.914 164.908 166.527 163.972 164.012 163.736 164.675 165.474 165.717 167.154 162.979 163.201 163.308 163.816 165.019 166.499 166.019 162.032 162.26 163.08 163.175 163.834 164.98 165.907 159.307 159.867 161.212 161.881 162.138 163.18 164.586 157.872 158.232 159.844 161.048 161.742 163.044 163.984 158.394 157.824 159.947 161.065 161.731 163.12 163.521 
116.031 117.199 117.837 117.797 117.886 118.695 118.476 114.662 115.525 115.987 116.923 117.976 117.954 117.842 113.094 113.017 114.248 115.697 116.27 116.598 116.948 111.063 111.326 112.613 113.985 114.163 114.499 116.141 106.938 108.896 109.861 111.237 111.439 111.252 112.163 107.005 108.382 108.949 109.099 110.122 110.169 110.213 106.177 107.011 107.357 107.817 108.39 109.685 109.838 
81.2334 81.4965 81.974 82.5434 81.3494 81.6365 81.2074 80.6091 80.7543 81.323 81.5568 81.2566 80.4737 80.174 79.2848 79.532 79.8955 80.468 80.2306 80.4785 79.3978 78.5384 78.3875 78.3696 78.6221 78.93 79.1634 79.1004 76.4638 76.064 76.0518 76.1992 76.2874 76.7025 76.7434 75.7854 75.4683 75.1023 74.9821 74.9439 75.2747 75.5179 75.0417 74.5204 74.5638 74.5729 74.6846 74.6597 74.5643 
70.5424 71.0176 70.7615 70.5369 70.6362 70.8093 70.7439 69.9035 70.1903 70.1558 69.9583 70.1062 70.3911 70.3242 69.1863 69.4758 69.418 69.6767 69.7062 69.8863 69.9852 68.4772 68.8659 68.8569 68.938 69.2817 69.6014 69.5291 68.0618 68.1875 68.4374 68.5473 68.6182 69.0936 69.1841 67.7305 67.6452 67.7447 67.9097 67.9994 68.3776 68.5064 67.4916 67.6077 67.5906 67.7373 67.811 68.1058 68.2179 
65.8582 65.5958 65.3756 65.0957 65.0372 65.076 65.1499 65.9524 65.6808 65.4817 65.2869 65.2207 65.3563 65.4188 65.9693 65.6959 65.619 65.454 65.5043 65.5064 65.6489 65.9773 65.839 65.8621 65.848 65.8542 65.7898 65.827 66.289 66.1364 66.1789 66.0166 65.8686 65.9719 65.9516 66.5756 66.4772 66.3709 66.1142 65.9649 65.9496 65.8881 66.7144 66.6771 66.6719 66.5345 66.3234 66.1802 66.0473 
57.9965 57.2865 55.6252 57.0898 56.8385 57.3491 57.6126 58.2531 57.7727 56.685 56.8849 56.3269 57.5685 57.8659 58.6077 58.2393 58.0453 58.0146 57.5205 58.078 58.1715 59.219 59.1172 58.8988 59.569 59.8333 59.0763 58.8682 59.77 59.769 59.8048 59.9362 59.6539 60.1358 59.4537 59.8036 59.9795 59.7772 59.5106 59.2794 60.5514 60.1957 60.5765 60.3206 60.5296 60.1212 60.829 60.6904 61.9124 
228.916 232.713 234.31 235.121 233.607 235.245 235.369 232.296 232.443 234.369 233.926 232.912 234.21 234.614 234.893 237.142 238.144 237.241 234.174 234.462 232.982 233.49 237.934 239.57 236.837 234.019 235.212 232.207 234.19 238.5 239.48 234.576 230.916 236.436 233.038 235.85 238.462 239.491 236.788 234.134 235.525 237.086 238.702 240.215 240.55 239.391 237.561 239.202 238.172 
220.16 221.382 222.442 222.073 222.23 222.368 222.67 221.744 222.658 222.865 222.93 223.904 224.403 224.431 223.337 224.079 223.201 224.458 224.729 224.69 224.773 223.633 225.596 224.992 225.384 224.716 224.418 224.742 224.336 225.508 226.215 225.312 225.281 224.484 225.184 225.648 225.319 226.194 225.056 226.018 225.025 225.609 226.262 225.985 225.676 225.238 225.766 225.365 224.991 
207.247 207.988 208.153 206.463 207.062 207.475 208.913 208.142 208.51 207.421 208.475 209.579 209.605 210.332 207.713 208.369 208.048 210.287 210.714 211.636 210.607 208.236 208.488 208.941 209.397 209.357 210.298 209.012 209.238 209.337 209.472 209.607 209.487 210.163 210.089 210.26 209.473 209.761 209.486 209.928 211.002 210.945 211.397 209.976 209.982 209.634 211.434 211.617 210.588 
180.991 180.83 181.076 180.87 180.107 178.946 179.71 182.754 181.351 181.032 181.121 180.777 180.43 180.564 182.714 181.659 182.963 182.589 182.895 181.824 180.508 179.805 179.863 181.871 181.652 181.703 179.783 179.044 176.019 175.696 178.319 177.935 177.854 178.326 178.555 175.506 175.757 177.921 178.55 177.916 178.124 178.849 179.071 179.344 180.601 180.953 179.37 179.712 180.744 
138.716 138.203 138.034 137.637 137.802 137.566 137.071 138.479 137.714 137.692 138.818 138.1 138.013 137.328 138.121 136.594 137.098 137.884 137.656 137.37 137.387 137.265 136.454 136.932 137.065 136.775 136.558 136.977 134.742 135.575 136.15 136.626 135.988 135.299 135.479 135.271 135.142 135.539 135.435 135.663 135.012 134.552 135.396 134.468 134.838 135.011 135.123 135.522 135.107 
108.203 107.971 108.08 107.92 107.773 107.991 107.374 108.022 107.574 107.647 108.125 108.296 107.977 107.315 107.399 106.249 107.02 107.865 107.791 107.576 107.281 106.532 105.715 106.343 106.861 106.719 106.577 106.941 104.41 104.822 105.273 105.828 105.34 104.831 105.117 104.851 104.94 105.048 104.926 105.086 104.591 104.217 104.542 103.965 104.465 104.62 104.624 104.921 104.314 
87.8043 88.1006 88.4447 88.2788 88.7332 89.1074 88.4371 87.2423 87.1782 87.3679 88.0114 88.4396 88.7211 87.99 86.562 85.7111 86.44 87.6827 87.8383 87.8527 88.2234 85.6448 85.2713 85.8294 86.6358 86.6217 86.8008 87.3696 84.297 84.8521 85.4963 86.2177 85.978 85.5669 85.9418 85.0305 84.9874 85.1753 85.2131 85.7081 85.2893 84.8624 84.833 84.4227 84.5176 84.7479 85.2075 85.6009 85.0249 
66.6716 67.0628 67.2391 67.3424 67.3509 67.5163 67.3083 66.2526 66.6677 66.9073 66.9075 66.8125 66.9925 66.8429 65.6226 66.0287 66.1773 66.5449 66.5565 66.6478 66.6532 65.3592 65.7584 65.6995 65.7363 66.0508 66.3374 66.1659 65.1833 65.4224 65.4098 65.3324 65.3945 65.6887 65.7971 64.9694 65.1681 64.9761 65.0102 65.1512 65.2762 65.3186 64.8157 64.9056 64.981 65.1135 65.3649 65.4145 65.217 
55.532 54.9906 53.259 54.6602 54.454 55.0167 55.1923 55.5231 55.1969 54.1329 54.3137 53.7341 54.9064 55.1443 55.6622 55.4115 55.1752 55.2842 54.7259 55.2153 55.208 55.9352 56.0484 55.7009 56.309 56.637 55.9251 55.6099 56.2685 56.4024 56.4077 56.429 56.0573 56.6172 55.9371 56.063 56.2517 55.9324 55.7069 55.4083 56.6879 56.2836 56.7201 56.4702 56.5734 56.1398 56.8425 56.6592 57.8895 
52.0735 51.363 49.7285 51.2633 51.0579 51.5276 51.923 52.2784 51.8456 50.7918 50.9891 50.4274 51.5876 52.0309 52.7002 52.3479 52.1218 52.0848 51.484 51.9744 52.2456 53.264 53.2547 52.8781 53.4915 53.6837 52.833 52.8504 53.7481 53.774 53.6863 53.7207 53.4081 53.7949 53.3023 53.6497 53.8097 53.5699 53.311 52.9731 54.2049 53.9319 54.4158 54.1045 54.2978 53.9034 54.5874 54.38 55.6714 
244.579 246.999 247.974 248.672 247.08 248.887 249.077 246.021 246.027 246.972 247.215 245.951 247.053 247.35 247.523 248.919 249.84 248.657 246.242 246.718 245.544 245.894 248.536 250.499 248.424 246.77 247.795 245.342 246.327 249.114 249.696 246.09 244.228 248.49 245.675 246.974 249.035 249.269 247.974 246.362 247.619 248.465 248.512 250.166 250.366 250.577 248.997 250.159 249.205 
231.083 233.049 233.332 233.908 232.679 234.016 234.118 233.575 232.567 233.156 233.175 232.814 233.034 232.997 233.984 235.288 235.604 234.457 233.496 233.322 231.687 232.641 234.47 236.077 234.656 233.173 233.934 231.924 232.818 234.943 235.717 232.442 230.956 234.625 232.173 233.896 235.247 235.407 234.354 233.159 233.483 234.427 234.605 235.097 235.206 235.87 234.189 234.849 233.718 
198.267 198.392 198.976 198.699 197.073 196.155 196.143 200.189 198.59 198.332 198.541 198.16 197.527 197.122 200.186 199.173 200.279 199.954 200.616 199.047 197.341 196.969 196.978 198.913 199.091 199.016 196.885 196.105 192.943 192.388 195.069 194.478 195.05 194.91 194.845 192.812 192.873 195.064 195.498 195.308 194.541 194.966 196.518 196.889 197.79 198.238 196.303 196.329 196.883 
176.191 175.824 175.894 175.7 173.606 172.015 171.869 178.371 176 175.504 176.158 174.265 173.188 172.985 178.249 176.577 177.679 176.664 176.566 174.933 173.048 174.069 173.791 175.35 174.973 174.726 172.057 171.145 168.334 167.894 170.551 169.734 169.274 169.519 169.407 168.073 168.29 170.729 170.88 169.571 169.166 169.538 172.272 172.43 173.53 173.39 170.758 171.154 172.217 
155.245 154.961 154.828 154.072 152.25 150.683 150.424 157.229 155.187 154.73 154.88 152.736 151.789 151.442 156.799 155.364 156.455 155.306 154.734 153.197 151.533 152.86 152.482 154.005 153.402 152.983 150.363 149.157 147.682 147.112 149.712 148.783 147.892 148.092 147.75 146.898 147.169 149.36 149.57 148.053 147.504 147.58 150.417 150.613 151.898 151.7 149.203 149.481 149.982 
112.904 112.395 111.955 111.026 111.373 111.346 110.39 112.566 111.554 111.124 111.857 111.249 111.054 110.205 112.105 110.234 110.311 110.876 110.486 109.972 110.237 111.013 109.703 109.822 110.102 109.536 108.972 109.514 109.319 109.305 109.319 109.478 108.748 107.909 108.142 110.083 109.524 109.31 108.776 108.775 107.913 107.297 109.711 108.748 108.647 108.348 108.229 108.331 107.759 
82.1012 81.9997 81.725 81.4751 81.0183 80.4674 79.9017 81.7426 81.6387 81.4857 80.9575 79.9666 79.7144 79.1032 80.9612 80.6327 80.5088 80.3126 79.5743 79.2738 79.0822 80.5061 79.9785 79.5048 79.3118 79.0519 78.8446 78.418 79.8102 79.3552 78.7749 78.6653 78.4514 78.2632 78.1255 79.4149 79.1945 78.6267 78.4486 78.3173 78.0684 77.9431 78.9279 78.6316 78.5695 78.4764 78.5336 78.1571 77.8825 
48.0039 48.4772 48.7172 49.3401 49.5819 50.0865 50.4373 47.6554 48.0538 48.1649 48.4209 49.1672 49.4889 49.8206 47.3321 47.9442 48.2636 48.515 48.6926 49.2363 49.0302 47.2836 47.8935 48.3183 48.5923 48.7678 49.0097 49.3657 46.9781 47.4817 47.6153 47.9357 48.0989 48.4723 48.8203 46.266 46.8909 47.1591 47.5331 47.8509 48.0648 48.596 46.5208 46.9988 47.1056 47.5005 47.8534 48.2089 48.8659 
35.465 34.7228 33.9959 33.5161 33.1405 32.571 30.8772 35.2316 34.9432 34.4466 33.7607 32.8284 32.2996 30.937 35.1989 34.8205 34.4726 33.9427 33.3857 32.3046 31.0059 34.7438 34.648 34.2328 33.8512 33.2085 32.5954 31.0978 34.9084 34.6939 34.3695 33.6014 33.0017 32.1514 31.1618 34.9634 34.577 34.3977 33.8131 33.0353 32.2317 31.3065 35.1108 34.7818 34.3973 34.021 33.2607 32.4587 31.6502 
28.7264 27.8204 26.175 27.6489 27.4635 27.8183 28.0577 28.7652 28.0925 26.9556 27.2086 26.7074 27.6946 27.9234 28.9504 28.4008 28.0149 28.0493 27.4884 27.8392 27.9499 29.3135 28.9484 28.5033 29.0466 29.2301 28.3833 28.211 29.5292 29.2289 28.9845 29.1034 28.7799 29.1143 28.515 29.2286 29.1281 28.732 28.4755 28.2065 29.3261 29.0347 29.8353 29.288 29.2686 28.8084 29.4571 29.2832 30.525 
248.528 250.706 251.301 251.796 250.384 251.877 252.006 249.967 249.697 250.532 250.449 248.976 249.796 250.068 251.074 252.306 253.435 251.82 248.972 249.317 248.081 249.431 251.577 253.45 251.101 249.243 250.468 247.827 249.807 252.379 252.674 248.808 246.479 251.935 248.536 250.257 252.494 252.194 250.846 248.72 250.581 251.213 250.194 251.978 252.212 252.389 250.548 251.895 250.927 
249.003 249.025 249.327 248.928 248.486 246.812 246.433 248.315 249.449 248.487 249.092 248.811 246.56 246.183 249.46 249.562 248.783 248.844 248.336 246.866 246.198 249.017 249.47 249.171 249.196 248.609 246.714 246.42 249.062 249.338 249.235 248.87 248.88 246.49 245.865 249.375 249.08 248.797 248.645 248.866 246.215 245.385 244.013 244.391 244.231 244.895 244.322 241.693 241.043 
219.879 219.389 217.509 215.684 213.613 165.606 162.474 220.492 219.497 217.302 215.868 214.449 166.102 162.429 220.27 219.414 217.178 215.861 214.165 166.105 162.634 219.292 218.883 216.701 215.258 212.971 165.594 162.802 218.369 217.81 216.598 214.779 213.003 165.572 161.553 218.987 217.832 216.728 214.94 213.119 164.154 159.778 202.746 202.232 200.956 199.22 197.271 147.156 144.432 
173.367 172.756 172.398 171.275 168.068 160.559 158.92 175.48 173.075 171.941 171.468 168.383 161.549 159.99 175.263 173.259 174.214 172.934 171.009 163.193 160.336 170.703 169.693 171.045 170.183 168.736 160.001 157.881 164.664 163.242 165.666 164.102 162.694 157.581 155.711 163.957 163.368 165.588 165.028 162.944 156.811 155.655 167.595 167.679 167.885 167.475 164.294 159.061 159.017 
148.687 147.209 144.644 142.402 141.277 139.816 137.765 147.769 146.144 144.017 142.766 140.155 138.505 137.242 146.509 145.512 142.682 140.093 139.089 137.677 136.001 145.642 144.177 141.411 138.631 137.385 135.789 134.785 144.519 142.771 140.734 137.769 135.111 134.472 133.808 143.01 141.24 138.901 136.696 134.864 133.757 132.691 141.6 139.769 137.854 135.479 133.977 132.71 131.857 
112.362 111.318 109.662 107.364 106.108 104.575 103.359 111.465 110.293 108.729 106.795 104.646 103.515 102.5 110.572 109.033 107.223 105.513 103.745 102.557 101.846 109.221 107.49 105.657 103.915 102.639 101.534 100.724 107.614 106.098 104.36 102.791 101.331 100.607 100.042 106.466 105.143 103.435 101.979 100.695 99.7081 99.242 105.081 103.94 102.456 101.12 100.127 99.2572 98.4666 
57.2769 57.0593 56.9781 57.0986 57.1189 57.097 57.2867 56.8406 56.4181 56.1409 55.8724 55.9464 56.0206 56.1794 56.1765 55.9902 55.8304 55.5205 55.071 55.2582 55.019 55.6628 55.329 55.4949 55.4025 54.9826 54.7113 55.0752 54.7661 54.5468 54.2432 54.3689 54.0593 54.0447 54.2281 53.8085 53.8571 53.7858 53.6987 53.6461 53.613 54.1109 53.7636 53.6014 53.5458 53.5457 53.6243 53.6946 54.2687 
36.8686 36.3702 36.1969 36.4693 36.3513 36.2353 35.4024 36.5401 36.3253 36.0856 35.7192 35.466 35.5047 34.8388 36.183 36.1191 36.173 35.8213 35.3296 35.0753 33.9304 35.8202 35.7335 35.9452 35.9533 35.4348 35.0855 34.4222 35.3271 35.3286 35.1605 35.0899 34.7966 34.4548 33.9435 34.5279 34.8216 34.8789 34.6801 34.4537 34.2229 34.069 34.7606 34.8444 34.7506 34.777 34.6219 34.4664 34.5098 
17.7887 17.2013 17.131 17.5634 17.6085 17.7343 17.2839 17.6918 17.2652 17.0015 17.0815 17.2644 17.3434 16.9153 17.5499 17.3631 17.3463 17.2755 17.1791 17.0811 16.1744 17.4426 17.2737 17.457 17.5183 17.2929 17.0543 16.554 17.2895 17.1156 16.9808 16.9984 16.7908 16.5792 16.2225 16.7646 16.8937 16.8779 16.704 16.5725 16.35 16.2725 17.0738 16.9373 16.8253 16.7574 16.647 16.5277 16.5354 
8.36542 7.50841 6.80505 6.48636 6.20931 5.62393 4.09103 8.04377 7.60787 6.97632 6.47116 5.77589 5.33218 3.94014 7.90762 7.41443 6.90116 6.46614 6.04489 5.15311 3.86795 7.41054 7.09327 6.64011 6.28445 5.73994 5.19759 3.77767 7.34519 6.91984 6.58622 5.99109 5.45636 4.72862 3.77117 7.26349 6.75583 6.57153 5.97756 5.32931 4.64797 3.82361 7.2729 6.81643 6.37587 5.91863 5.25828 4.63829 3.91852 
