3561272
9.66715 8.84465 8.16358 7.86753 7.59422 7.0162 5.61131 9.38319 8.91235 8.29832 7.84891 7.19456 6.7636 5.4848 9.25511 8.74024 8.22648 7.84269 7.45155 6.61586 5.43757 8.80659 8.46556 8.02349 7.67265 7.17543 6.65576 5.32396 8.76277 8.32986 7.98704 7.41788 6.89049 6.21866 5.3534 8.72619 8.21065 7.99817 7.41916 6.80529 6.15235 5.39136 8.73847 8.27104 7.83711 7.38511 6.76351 6.16802 5.50029 
23.5593 22.9713 22.8985 23.2244 23.3075 23.4399 23.2253 23.4934 23.0962 22.7971 22.8579 23.0662 23.1711 23.0126 23.4201 23.2331 23.1504 23.0551 23.0331 22.9896 22.4814 23.4068 23.3131 23.3807 23.4173 23.2493 23.0933 22.8632 23.4335 23.2843 23.1046 23.0988 22.9671 22.7845 22.6996 22.9869 23.1137 23.0564 22.979 22.9523 22.7702 22.8702 23.3365 23.2466 23.1625 23.1672 23.1508 23.031 23.1762 
54.9702 54.0336 52.3524 53.8591 53.5378 54.0107 54.326 55.2093 54.62 53.4295 53.5957 53.0312 54.0458 54.3981 55.7246 55.1892 54.8401 54.7791 54.1665 54.5067 54.6031 56.2019 56.0694 55.5983 56.2801 56.313 55.5158 55.3921 56.7329 56.581 56.5404 56.5471 56.2379 56.6324 56.0634 56.8938 56.9181 56.4861 56.2226 55.8524 57.2377 56.8011 57.7367 57.5057 57.4726 56.8403 57.4716 57.1998 58.5631 
76.5852 76.2392 76.2188 76.4738 76.2532 75.6755 75.9063 77.0285 76.526 76.4445 76.6824 76.4415 76.0012 75.9216 77.1504 76.5966 76.585 76.8944 76.7142 76.2216 76.0912 77.1719 76.6105 76.8246 76.8694 76.7626 76.3584 76.4603 77.6417 77.2883 77.4685 76.8758 76.8506 77.0457 76.9831 78.1734 78.2569 77.9222 77.6561 77.5546 77.9257 77.5372 78.327 78.6063 78.6478 78.5366 78.6687 78.287 78.3066 
92.8799 92.647 92.4818 92.29 92.7059 92.1441 91.3017 94.4972 93.5018 92.3124 92.1444 93.0839 93.2253 92.0219 95.4454 94.5117 93.6069 92.5172 93.5721 93.8369 91.9703 95.4326 94.6068 93.8328 93.0551 94.0795 93.5322 92.6886 95.7242 94.6672 93.99 93.2513 94.9182 93.6212 94.479 96.2432 96.1847 94.4849 93.8384 96.2086 95.03 94.1245 96.3335 97.2418 97.0978 95.734 96.9661 95.4218 96.4731 
97.6139 98.0649 97.8393 97.7496 98.2904 97.8226 96.8536 99.4543 98.8005 97.7412 97.3007 98.4195 98.8078 97.795 100.397 99.9382 98.854 97.616 98.8558 99.4388 97.7844 100.279 99.6735 98.9504 97.8647 99.1597 99.0942 98.2974 100.375 99.5434 98.6535 98.0955 100.011 99.1007 100.059 100.816 100.924 99.0205 98.6989 101.582 100.363 99.7745 100.884 101.901 101.548 100.594 101.913 100.663 102.056 
104.169 104.121 104.67 104.027 104.538 103.888 102.539 105.156 104.653 104.385 104.021 105.133 105.198 103.698 105.53 105.514 105.468 104.181 105.974 106.042 104.523 105.865 105.561 105.041 105.003 106.317 105.72 105.066 106.31 105.556 104.392 104.371 106.743 105.45 106.287 106.434 106.776 105.235 104.47 107.508 106.084 105.319 106.261 106.512 106.223 105.705 107.803 106.802 107.915 
116.015 115.674 116.943 116.135 116.013 115.154 114.649 115.355 115.716 117.162 116.591 116.699 115.762 115.153 114.673 115.437 117.051 116.479 117.641 116.574 116.858 115.193 115.714 115.681 117.294 117.679 116.895 117.438 116.056 116.114 115.065 115.603 117.22 117.12 116.914 116.042 116.612 116.312 115.557 116.655 116.393 116.087 115.889 114.461 113.889 114.794 116.659 117.317 117.41 
120.398 120.315 121.83 121.225 121.222 120.253 119.83 119.28 119.936 121.533 121.651 121.988 121.285 120.889 118.527 119.624 121.376 121.057 122.51 121.888 122.52 118.912 119.931 119.8 121.961 122.892 121.888 122.42 120.014 120.297 118.611 120.215 122.214 122.154 121.538 119.386 120.67 120.233 119.595 121.192 120.928 120.475 119.1 117.958 117.589 118.471 121.21 121.668 122.038 
28.6615 28.3786 28.2313 28.3712 28.405 28.4582 28.1509 28.4305 28.2161 27.9146 27.8325 27.8927 28.0724 27.7931 28.1181 28.0621 27.9339 27.8017 27.7279 27.7208 27.2555 27.9488 27.9235 27.9141 27.9278 27.8488 27.6888 27.4014 27.7347 27.6927 27.4909 27.5271 27.3959 27.2768 27.0835 27.1781 27.373 27.3576 27.2239 27.2811 27.1665 27.1772 27.3939 27.3534 27.2711 27.3477 27.3776 27.3967 27.4395 
45.7338 45.0731 43.647 45.571 45.4881 46.2097 46.7389 45.8544 45.459 44.5538 44.937 44.6848 45.9663 46.568 46.1067 45.9492 45.9453 46.0955 45.5591 46.2122 46.3155 46.5779 46.6706 46.6499 47.4942 47.6998 46.908 47.0167 46.8021 46.9314 46.9783 47.34 47.0921 47.6189 47.2349 46.3454 46.7401 46.6138 46.6389 46.4211 47.7964 47.7773 47.136 47.0267 47.2562 47.095 47.9502 47.9341 49.5631 
52.6604 51.9894 50.5985 52.3436 52.1294 52.8128 53.2277 52.9543 52.5423 51.6347 52.0299 51.6412 52.8908 53.3239 53.3836 53.1275 53.1072 53.277 52.7658 53.3718 53.3777 54.0074 54.0096 54.0611 54.8736 55.0319 54.2893 54.1572 54.4293 54.6271 54.728 54.9623 54.6134 55.0872 54.5212 54.1927 54.6538 54.4833 54.3548 54.1006 55.3898 55.1705 54.9272 54.9299 55.1863 54.9862 55.7893 55.6713 57.1342 
67.6156 66.6826 65.1802 66.3764 65.8958 66.3108 66.495 68.2891 67.8517 66.6098 66.5987 65.9155 66.6647 66.8158 69.709 68.7275 68.5007 68.2427 67.3789 67.4057 67.2485 70.6006 70.2721 69.5349 70.1708 69.7394 68.5379 68.0733 71.3938 71.212 71.136 70.6083 70.1701 70.0529 69.0083 71.9259 71.907 71.3799 71.0788 70.0611 71.0595 70.0963 72.6018 72.5447 72.3741 71.7799 72.1422 71.3034 72.0793 
90.0124 90.2862 89.4724 89.6776 89.0467 88.6358 88.9647 91.5518 91.4827 90.7324 89.939 89.65 89.0582 89.5452 93.1864 92.6282 92.0957 91.1316 90.4321 89.8849 89.7339 93.8361 93.4866 92.4892 91.5778 91.2334 90.817 90.2612 94.7803 94.2701 93.5254 92.4511 92.8608 92.9505 91.8955 95.9945 95.6263 94.3609 94.4929 94.2966 94.0602 93.4208 96.5986 96.6338 95.6125 95.3489 94.87 94.1104 94.4261 
98.9427 99.0377 98.5218 98.2001 98.4948 98.051 96.9921 100.917 100.193 98.7133 98.0314 98.9942 99.2899 98.1458 102.381 101.65 100.365 98.744 99.7276 100.09 98.1563 102.575 101.936 100.753 99.4177 100.472 100.066 98.9773 102.869 101.947 100.868 99.9424 101.789 100.581 101.166 103.599 103.557 101.419 100.967 103.41 102.008 101.09 103.8 104.703 104.096 102.976 104.024 102.452 103.603 
110.859 111.153 110.412 110.281 110.183 110.19 110.235 111.948 111.909 111.332 110.336 110.334 110.304 110.768 112.63 112.429 111.879 111.184 111.02 110.817 110.927 112.848 112.568 112.179 111.424 111.497 111.739 111.715 113.442 113.232 112.707 112.397 112.641 113.121 112.619 114.472 114.261 113.488 113.533 113.693 113.734 113.684 115.144 114.946 114.032 114.268 114.014 114.09 114.29 
121.91 121.031 121.633 120.837 121.02 120.21 119.731 120.811 121.048 121.918 121.422 121.495 121.043 120.66 119.992 120.731 121.759 121.066 122.303 121.403 122.002 120.62 121.417 121.362 122.263 122.282 122.22 122.441 121.737 121.912 121.119 121.84 122.982 122.749 122.295 122.024 122.499 122.167 121.661 122.795 122.517 121.975 121.82 120.526 120.127 121.177 123.23 123.571 123.005 
127.832 129.59 130.3 130.792 132.384 132.256 133.605 129.129 129.766 129.56 130.579 130.783 131.735 132.789 128.967 129.094 128.519 129.712 130.127 130.384 131.237 128.884 128.94 127.789 128.898 131.398 131.144 130.415 128.438 128.153 127.681 128.395 131.585 132.396 130.235 129.924 129.808 129.32 129.573 131.249 133.093 133.522 131.032 130.554 130.42 131.185 132.134 133.269 134.141 
61.0709 61.3578 60.9463 60.5184 60.4794 60.2088 59.9699 60.3867 60.5313 60.3525 59.782 59.4627 59.6149 59.4227 59.5435 59.6132 59.4124 59.2524 59.0039 59.0029 59.1446 58.8827 58.9486 58.6994 58.5503 58.6747 58.7328 58.7765 58.3386 58.378 58.2486 58.0555 58.0673 58.3616 58.4262 57.8923 57.8546 57.8547 57.816 57.8342 57.9595 58.0412 57.6621 57.6044 57.6587 57.8172 57.8896 58.0213 57.9756 
55.7568 55.8835 55.9157 56.1536 56.2986 56.5161 56.8583 55.6484 55.688 55.6897 55.7207 55.9761 56.2785 56.6777 55.3692 55.5229 55.7062 55.7271 55.88 56.2394 56.362 55.3164 55.4918 55.7875 56.0106 56.2246 56.3197 56.7273 55.1711 55.4022 55.5438 55.7951 55.8158 56.1189 56.4796 54.8143 55.2066 55.3217 55.4577 55.7357 55.9587 56.5312 55.0244 55.245 55.3117 55.6311 55.9628 56.3378 56.7962 
65.1635 64.646 63.288 64.4683 64.337 64.9462 65.2083 65.2122 64.8681 64.1539 64.3667 63.9883 64.8846 65.3412 65.5732 65.3108 65.2179 65.399 64.9624 65.4237 65.5277 66.1043 66.0657 65.9176 66.593 66.8288 66.2527 66.1146 66.5127 66.5713 66.6568 66.9033 66.7397 67.1112 66.6713 66.49 66.5116 66.4974 66.5583 66.4041 67.4284 67.1454 67.0839 66.8675 67.1659 67.0062 67.653 67.5258 68.6222 
79.7651 79.8802 80.0492 80.2222 79.9541 80.1157 80.4755 80.5358 80.3308 80.7107 81.1284 81.1616 80.826 81.1685 81.3806 81.2493 81.6077 82.1415 82.0471 81.7753 81.8297 82.3973 82.0936 82.4469 82.703 82.637 82.4215 82.0966 83.0694 82.8614 83.2333 83.5969 83.5813 83.4398 83.3064 83.6421 83.4073 83.6795 83.7789 84.2161 84.1482 83.8879 83.5976 83.7003 83.9993 84.0586 84.3408 84.0847 84.3657 
90.1381 89.8359 89.9383 90.0548 89.7166 89.9121 90.2583 91.3389 90.9685 90.9367 91.1596 91.2683 90.5481 90.9279 93.0614 92.7115 92.7981 92.702 92.1682 91.5396 91.3138 94.6139 94.1966 93.7108 93.6592 93.169 92.4045 91.5728 95.646 94.8072 94.7901 94.7803 94.9716 94.2066 93.236 96.2188 95.5588 95.5985 95.5566 95.6634 95.2607 94.2926 96.3566 96.1162 96.1455 95.7263 95.7041 94.9249 94.8799 
112.703 112.699 111.508 111.095 110.205 108.522 110.974 113.244 113.607 112.977 111.18 110.002 109.227 110.312 113.699 113.995 114.193 112.567 110.875 109.439 109.122 114.165 113.508 113.295 112.907 111.979 110.446 109.454 114.759 113.943 113.412 112.954 112.885 111.879 109.777 115.953 115.953 114.472 114.053 112.816 112.188 110.748 117.194 116.726 115.519 114.528 112.987 111.516 112.14 
126.86 125.661 124.406 124.051 124.471 124.443 124.566 126.292 125.887 125.231 124.647 124.562 125.111 125.26 126.002 125.712 124.992 124.241 124.579 124.42 124.963 126.626 126.982 126.876 125.47 124.496 125.683 125.151 127.554 127.652 127.742 127.381 126.799 126.458 125.852 128.084 127.819 127.439 127.335 127.62 127.443 126.778 127.743 127.578 127.524 127.962 128.487 128.195 126.69 
130.939 131.678 131.517 131.54 132.733 132.326 133.34 131.745 132 131.403 131.441 131.18 131.918 132.665 131.491 131.212 130.62 130.884 131.005 130.741 131.408 131.843 131.76 130.938 130.806 131.767 132.048 131.071 131.597 131.438 131.327 130.823 133.076 133.158 131.42 133.319 132.619 132.047 132.103 133.135 134.239 134.457 134.076 133.359 132.984 133.675 134.293 135.072 134.773 
131.953 133.002 133.004 133.339 135.113 134.893 136.234 132.621 133.05 132.608 133.203 133.411 134.541 135.452 132.149 132.081 131.318 132.092 132.815 132.839 133.816 132.509 132.628 131.609 131.949 133.548 134.052 132.981 132.363 132.139 131.976 132.095 134.78 135.166 133.012 134.171 133.575 133.05 133.426 134.731 136.47 136.779 134.971 134.299 134.196 135.3 136.22 137.136 137.075 
73.4354 73.9097 73.8578 73.5329 73.4975 73.3944 73.2034 72.9325 73.1758 73.1537 72.8811 72.7442 72.8044 72.6693 72.1026 72.2215 72.1652 72.1889 72.0577 71.9422 72.1341 71.3876 71.3193 71.2415 71.3109 71.4957 71.3688 71.3872 70.7217 70.5994 70.6467 70.5644 70.5921 70.7646 70.7849 70.2051 70.22 70.1155 69.9165 69.9423 69.9972 70.1756 69.7473 69.6916 69.6898 69.5915 69.6686 69.6545 69.6173 
74.583 74.8538 74.7915 74.8417 75.0528 75.0669 75.1128 74.1004 74.1761 74.3583 74.366 74.498 74.6112 74.7274 73.6213 73.6706 73.7453 73.9088 73.9033 74.0759 74.3713 73.1139 73.0445 73.0971 73.2258 73.4878 73.6058 73.9237 72.6623 72.5086 72.5359 72.7758 72.93 73.239 73.4368 72.3114 72.0326 72.0146 72.292 72.3859 72.5588 73.0206 71.8842 71.7957 71.8618 72.1079 72.251 72.4054 72.6382 
79.6002 79.9625 80.041 80.1951 80.2458 80.5241 80.8608 79.2685 79.661 79.9013 80.0354 80.2588 80.508 80.802 79.1451 79.2943 79.6844 79.9013 80.0038 80.4772 80.6766 79.0851 79.1418 79.4841 79.8084 80.1833 80.4733 80.7903 79.0271 79.3991 79.6308 79.8554 80.0563 80.3349 80.5282 79.1367 79.3824 79.4855 79.4892 79.6929 79.983 80.3899 79.0282 79.4283 79.3974 79.4687 79.7477 79.9791 80.2869 
91.8208 91.4706 91.5053 91.0071 91.2739 91.613 91.455 91.5522 90.9337 90.9274 91.0901 91.458 91.663 91.603 91.4512 90.4397 90.8699 91.4577 91.4668 91.4206 91.7067 91.2557 90.543 91.0461 91.4295 91.2961 91.1662 91.695 90.8474 90.9907 91.1925 91.4661 91.3261 90.841 91.0291 91.426 91.1282 91.2622 91.0948 91.2711 90.9679 90.6664 91.3199 90.9155 90.9633 90.9536 90.9796 91.152 90.9563 
110.078 109.87 109.46 109.169 108.498 106.953 109.176 110.067 110.427 110.711 109.545 108.231 107.345 108.093 110.208 110.787 111.678 110.62 108.644 107.143 106.803 110.671 110.167 110.304 110.604 109.238 107.542 106.681 110.926 110.222 109.991 109.878 109.416 108.119 106.587 111.732 111.781 110.849 109.998 108.879 108.157 106.844 112.333 111.856 111.223 109.971 108.569 107.036 107.576 
121.53 121.301 120.889 120.275 119.624 117.587 119.242 121.692 122.095 122.468 120.619 118.705 117.579 117.51 121.904 122.649 123.279 121.526 118.675 116.411 115.423 122.344 122.131 121.914 121.628 118.994 116.593 115.256 122.724 122.249 121.555 120.072 118.581 116.675 114.599 123.899 123.972 122.331 120 117.515 116.412 114.698 124.828 124.02 122.118 119.914 117.703 115.599 115.801 
130.752 130.429 129.47 128.835 127.969 125.947 128.078 130.4 130.809 130.481 128.719 126.957 126.566 127.371 130.286 130.838 131.332 129.521 127.11 126.006 126.044 130.416 130.214 130.206 129.849 128.175 126.64 125.906 130.6 130.126 129.663 129.106 128.627 127.238 125.802 131.119 131.075 129.878 129.043 127.901 127.101 125.932 131.786 131.536 130.516 129.242 128.343 126.998 126.978 
137.35 136.39 135.641 135.684 135.71 135.043 135.405 136.343 136.106 136.058 135.81 135.235 135.714 135.991 136.106 135.98 135.745 135.017 134.644 134.958 135.805 136.457 136.897 137.03 135.775 134.536 135.799 135.609 136.735 137.05 137.195 136.726 136.306 135.997 136.139 136.676 136.714 136.389 136.369 136.892 136.805 136.416 135.903 136.371 136.656 136.799 137.784 137.698 136.203 
135.641 137.1 137.554 137.893 138.794 138.343 139.377 136.949 137.405 137.068 137.273 137.001 137.867 138.44 137.054 136.945 136.482 136.845 136.467 136.503 136.784 137.195 136.972 136.103 136.41 137.519 137.151 136.172 136.49 136.288 135.927 135.383 138.198 138.165 136.728 138.082 137.349 136.842 136.965 137.941 139.229 139.768 139.141 138.451 138.14 138.77 139.362 140.326 140.51 
88.1347 88.5258 88.7667 88.7921 88.7917 89.0094 89.1105 87.7389 87.9228 88.2395 88.2722 88.2701 88.4513 88.4678 87.1093 87.1572 87.3028 87.6465 87.7015 87.7221 87.7628 86.2875 86.1773 86.3508 86.5921 86.8583 86.9376 87.0637 85.6244 85.3916 85.5819 85.7686 85.836 86.2282 86.3973 85.2234 85.0753 85.1284 85.1526 85.0973 85.4108 85.6037 84.7178 84.6213 84.722 84.7104 84.8095 84.8452 84.817 
92.989 94.1748 94.9349 95.5071 96.1033 96.9955 97.2222 92.6582 93.8325 94.3608 95.1062 95.7918 96.376 96.6765 92.1168 93.0205 93.6871 94.3614 94.8701 95.5063 95.727 91.4464 92.0446 92.6148 93.3054 94.2014 94.7562 95.1755 91.0103 91.4436 91.811 92.5741 93.2421 94.0583 94.6098 90.6852 91.1238 91.2458 91.6847 92.3079 93.2005 93.9336 90.1357 90.5536 90.8748 91.2908 91.7765 92.7289 93.2333 
91.418 93.1754 93.722 93.8024 94.8393 95.9981 96.1901 90.8987 92.3214 92.7193 93.5929 94.6936 95.7248 96.0651 90.4782 91.3868 92.3454 93.5346 94.087 94.931 95.9283 89.7253 90.8478 91.9121 92.863 93.4395 94.0311 95.5343 88.8316 90.8855 91.4682 92.6008 93.0364 93.3984 94.3006 89.4705 90.851 91.2378 91.7897 92.7212 93.3119 93.7388 89.2365 90.4775 90.8868 91.5753 92.3087 93.4859 94.0716 
105.803 105.851 105.939 105.288 105.383 106.251 105.957 104.96 104.669 104.764 105.138 105.656 105.796 105.581 104.15 103.077 103.719 104.768 104.981 105.058 105.236 102.685 102.042 102.976 103.67 103.785 103.918 105.262 100.386 101.248 101.587 102.241 102.164 102.2 102.783 100.729 101.129 101.231 101.12 101.731 101.794 101.583 100.227 100.157 100.255 100.365 100.832 101.675 101.175 
111.754 111.287 111.126 110.281 110.644 111.094 110.533 111.702 110.912 110.586 110.559 110.848 111.195 110.625 111.485 110.064 110.258 110.925 110.806 110.644 111.036 110.722 109.659 110.206 110.586 110.264 110.186 110.967 109.538 109.691 109.79 110.215 109.893 109.621 109.903 110.265 109.951 109.738 109.587 109.752 109.514 109.004 109.997 109.399 109.103 109.04 109.096 109.604 108.948 
124.865 124.684 123.858 122.833 122.297 120.617 121.814 125.24 125.642 125.725 123.787 121.867 120.858 120.788 125.45 125.918 126.146 124.621 122.004 119.988 119.284 125.565 125.121 124.646 124.419 122.276 120.221 119.017 125.509 124.861 123.95 123.049 121.82 120.357 118.546 126.404 126.201 124.53 122.869 121.119 120.074 118.63 127.11 126.31 124.559 122.688 121.059 119.31 119.159 
147.141 145.599 145.05 144.208 143.386 143.523 143.292 145.847 144.01 143.911 143.896 143.594 143.572 142.776 145.319 145.096 145.538 144.274 143.852 143.81 142.98 146.785 145.708 145.623 145.43 144.338 143.334 142.764 145.927 144.454 144.125 144.002 143.244 143.124 143.766 145.473 143.978 143.267 142.88 142.289 143.017 144.152 144.145 144.522 143.574 142.353 142.286 142.762 143.639 
143.739 143.531 143.465 143.461 142.936 142.472 142.376 143.705 143.608 143.546 143.434 142.666 142.54 142.516 143.933 143.561 143.79 143.252 141.933 142.137 142.105 143.755 143.602 143.945 143.561 142.39 142.215 142.082 143.503 143.643 143.423 142.948 143.069 142.494 142.94 143.557 143.356 142.993 142.7 143.259 142.762 142.715 143.218 143.371 143.135 142.765 143.496 143.462 142.899 
145.154 145.394 145.375 145.62 145.827 145.963 146.47 145.93 145.533 145.822 145.648 146.119 146.161 146.185 145.949 145.237 145.463 145.57 145.979 146.062 145.773 146.596 145.651 145.73 145.588 145.984 145.996 145.78 146.821 146.425 146.938 146.39 146.331 146.39 146.441 147.043 147.036 148.122 147.057 146.659 147.401 147.351 147.756 147.725 147.881 147.619 147.494 147.757 147.959 
138.755 139.132 140.28 140.537 139.546 139.137 139.516 140.251 139.301 139.693 140.242 139.945 139.742 140.16 139.754 139.164 141.094 141.207 141.789 140.809 139.817 136.44 136.67 139.038 139.767 140.282 138.58 138.028 132.479 132.194 135.186 135.463 135.896 136.617 136.761 132.362 132.857 135.516 136.213 135.83 136.093 136.769 135.831 136.274 137.837 138.237 136.712 137.673 138.482 
139.462 141.291 142.021 142.878 143.54 144.159 144.502 139.554 141.623 142.116 142.812 143.561 143.68 143.997 139.085 141.055 141.643 142.575 143.175 143.133 143.542 138.047 140.139 140.947 142.01 142.81 142.745 143.143 137.949 139.723 140.273 141.266 141.991 142.45 142.856 137.932 139.354 140.068 140.729 141.554 142.312 142.631 137.509 139.057 139.849 140.499 141.362 142.142 142.366 
117.305 121.458 123.139 124.711 124.874 127.74 128.872 116.496 121.043 122.355 123.924 125.822 126.345 127.703 115.217 119.507 121.348 122.957 124.347 126.729 125.921 113.983 117.885 119.707 121.176 123.23 125.549 126.982 109.792 114.055 115.041 116.744 118.672 121.401 123.038 108.925 112.812 113.798 115.046 116.921 119.884 121.983 107.504 111.366 112.617 113.954 115.281 118.707 120.884 
117.21 118.494 118.838 118.421 118.636 119.446 119.205 116.504 117.249 117.057 117.891 119.229 119.29 119.055 115.195 115.312 116.083 117.661 118.418 118.753 118.947 113.57 114.121 115.629 116.672 116.967 117.102 118.677 109.914 112.173 113.282 114.534 114.444 114.153 115.047 110.532 111.94 112.483 112.751 113.672 113.499 113.253 97.651 98.5672 98.8578 99.3268 99.7809 100.957 100.878 
120.104 119.601 119.002 118.137 116.726 117.03 116.459 122.004 121.454 120.8 120.183 119.612 118.468 118.137 121.816 120.895 120.046 120.198 119.618 119.126 117.975 120.543 119.69 119.494 119.199 118.751 118.655 119.25 117.799 117.587 116.842 116.585 116.301 116.708 116.72 117.257 117.088 116.375 116.06 115.791 116.157 116.03 116.514 116.443 115.605 115.138 115.243 115.635 114.538 
147.165 145.508 144.415 143.217 142.504 142.603 141.782 148.618 146.564 145.635 145.317 145.403 145.404 144.105 148.175 147.954 147.799 146.126 146.026 146.068 144.403 150.161 148.88 148.483 147.866 146.628 145.338 144.306 149.484 147.649 147.178 146.582 145.485 144.881 145.768 149.291 147.252 145.923 145.435 144.362 144.9 146.125 147.728 148.021 146.502 144.714 144.306 144.835 145.633 
155.494 154.236 156.114 155.264 153.851 154.838 155.269 156.098 155.764 155.689 155.706 153.967 154.318 154.879 156.433 156.833 156.855 155.759 154.357 154.906 155.127 157.814 157.687 157.631 157.045 155.198 153.331 153.428 157.477 155.677 154.026 155.45 154.324 153.467 154.665 158.071 154.928 153.662 155.232 154.539 153.444 154.216 158.798 156.556 156.071 154.133 152.84 152.37 152.516 
153.792 152.622 152.251 151.684 151.264 151.853 151.886 152.764 151.254 151.265 151.715 151.975 151.777 151.137 152.081 151.648 152.795 152.136 152.193 152.109 151.111 153.492 152.352 153.186 153.725 152.758 151.63 151.286 153.378 152.14 152.612 152.203 151.768 151.541 152.682 153.623 152.559 152.338 151.725 151.189 151.92 153.231 152.723 153.344 152.697 151.307 151.4 152.031 152.933 
151.036 151.368 151.372 151.687 152.447 153.346 153.403 151.335 151.653 151.874 152.008 152.87 152.911 152.993 151.246 150.758 151.545 151.87 152.216 152.189 152.455 151.353 150.647 152.164 153.12 152.439 151.928 152.891 152.033 152.075 152.972 152.377 152.412 152.701 153.968 153.201 153.288 153.94 153.101 153.476 153.847 154.408 153.819 153.468 153.489 153.26 153.411 154.237 154.629 
173.945 173.768 174.565 174.75 173.447 172.654 172.905 175.997 174.314 174.553 174.694 174.045 173.473 173.989 175.763 174.582 176.61 176.416 176.675 175.125 174.046 171.945 172.313 174.873 175.493 175.566 173.049 172.302 167.91 167.755 170.758 170.565 170.544 171.328 171.164 168.228 168.548 171.335 171.884 171.026 171.299 171.848 172.51 172.688 174.433 174.557 172.732 173.574 174.742 
184.118 182.443 182.969 183.571 184.013 184.616 185.052 182.553 183.113 183.901 184.242 184.236 186.442 187.025 184.446 187.57 187.138 185.927 188.096 187.557 186.696 186.225 187.773 184.508 185.722 188.397 188.933 183.854 184.752 184.696 181.33 184.481 185.718 186.934 184.365 183.835 184.246 184.969 184.384 184.273 183.75 185.018 185.214 185.811 187.841 185.835 182.722 183.749 185.901 
198.798 198.711 199.239 201.926 203.722 202.236 201.047 198.962 200.288 200.299 200.891 201.409 199.414 199.753 197.226 199.527 199.976 198.077 197.792 198.653 199.857 193.863 196.481 196.996 196.54 195.653 197.745 198.343 193.707 194.644 195.315 191.829 193.655 194.831 194.302 187.889 192.105 191.253 190.871 190.373 192.595 189.535 176.085 177.753 178.188 176.741 176.841 179.234 180.668 
218.007 218.168 218.327 218.326 216.668 215.887 215.582 219.895 220.081 219.667 219.98 220.54 217.924 217.12 217.576 218.117 217.424 218.154 218.253 217.387 214.942 215.494 215.739 215.952 216.336 216.011 214.545 214.623 208.099 208.296 208.476 208.45 208.273 207.75 206.643 205.734 205.991 205.555 205.493 205.582 203.541 201.656 131.075 131.282 131.23 131.366 130.871 127.343 127.694 
189.198 188.736 188.323 188.028 187.822 187.838 188.068 196.619 196.009 194.55 195.129 195.537 195.617 195.578 197.302 197.002 195.72 195.931 196.212 196.284 196.089 197.503 197.768 197.493 197.499 197.324 197.064 196.862 197.514 197.611 197.774 197.253 197.119 196.655 196.448 197.755 197.627 197.412 196.963 196.597 196.25 196.478 181.599 181.539 181.383 181.846 180.796 180.505 180.444 
171.174 170.043 171.989 171.469 170.159 170.142 170.762 175.879 176.187 175.785 175.574 173.739 173.77 174.605 176.794 177.228 176.417 175.477 174.002 174.71 175.166 177.816 178.102 177.302 175.98 174.774 173.265 173.428 177.387 176.462 174.774 175.855 174.664 173.349 173.885 177.766 175.573 174.639 176.378 175.411 173.491 172.776 179.691 177.014 177.048 175.581 173.621 172.22 171.232 
160.164 158.928 160.916 160.386 159.034 159.948 160.753 161.011 160.594 160.414 160.781 159.542 160.084 160.661 161.378 161.834 161.773 160.75 159.795 160.65 160.781 162.997 163.007 162.574 162.04 160.543 158.873 158.981 162.631 161.174 159.586 160.948 160.056 159.076 160.057 162.885 160.164 158.995 160.75 160.013 159.14 159.702 163.641 161.59 161.274 159.609 158.326 157.792 158 
160.13 159.891 161.781 161.542 160.826 161.929 162.887 161.232 161.194 161.659 161.859 161.036 161.919 162.042 162.343 161.933 162.529 162.127 161.123 162.402 161.595 162.263 163.14 163.702 163.308 162.375 161.265 161.273 160.983 161.397 161.538 162.514 162.193 161.499 161.522 161.937 160.638 160.427 162.188 162.713 161.746 161.52 164.155 161.761 162.088 161.115 160.047 160.002 159.756 
157.833 157.804 157.902 158.333 159.021 159.993 161.657 157.922 157.67 158.621 158.719 159.377 160.318 161.405 157.807 157.32 158.042 158.5 159.78 160.551 161.027 158.492 157.787 158.29 158.583 159.732 160.54 161.073 159.459 158.71 159.442 159.355 160.092 160.804 161.758 159.721 159.545 160.481 159.63 160.54 161.663 162.59 160.168 160.126 160.587 160.346 160.441 161.817 162.938 
189.772 187.86 188.207 188.581 188.892 189.465 190.087 188.226 188.436 189.111 189.27 189.187 191.571 192.352 190.439 193.11 192.478 191.132 193.213 192.914 192.002 192.353 193.586 190.123 191.036 193.431 194.195 189.293 190.862 190.679 187.078 189.861 190.974 192.31 189.937 190.066 190.629 191.01 190.182 189.812 189.324 190.724 191.727 192.29 194.087 191.73 188.704 189.471 191.702 
196.661 194.544 194.613 195.424 196.651 197.085 197.166 194.188 195.231 195.937 196.091 196.202 198.136 198.497 195.993 199.359 198.19 196.625 198.413 198.456 198.153 198.856 200.353 196.089 196.855 198.898 200.724 195.96 199.698 199.472 194.621 196.707 198.029 199.201 196.444 197.741 198.323 197.325 196.077 195.986 195.832 195.945 196.894 197.234 198.517 195.685 193.404 194.124 195.937 
206.87 204.312 204.904 206.22 207.713 207.662 207.46 204.5 205.104 205.736 206.036 206.712 208.229 208.438 205.991 209.749 207.779 205.482 207.63 208.217 208.131 207.71 209.612 204.739 205.086 206.915 209.791 205.475 207.441 207.475 202.755 203.727 205.475 207.156 204.77 203.321 205.376 203.79 202.485 202.638 202.875 202.299 201.724 202.109 203.003 200.07 197.829 199.115 201.514 
247.975 247.622 248.139 248.513 248.63 248.284 248.174 247.084 248.049 247.096 248.127 247.993 247.84 247.945 247.831 248.083 247.588 247.35 246.58 247.318 247.669 247.057 247.658 247.489 247.385 246.784 247.101 247.285 247.03 247.022 247.012 245.926 246.326 246.413 246.259 245.972 246.453 245.911 245.69 245.765 245.616 245.092 239.663 240.31 240.434 240.586 240.012 240.129 240.128 
228.644 231.915 232.71 233.557 231.482 232.965 232.887 231.951 232.148 233.291 233.094 231.977 232.71 232.957 233.816 235.689 236.174 235.41 232.804 232.559 231.215 232.237 236.102 237.463 235.528 232.875 233.251 230.967 232.821 236.63 237.428 232.809 230.239 234.257 231.047 234.206 236.492 237.125 234.625 232.557 233.367 234.041 236.608 237.682 237.89 237.186 235.23 236.146 235.035 
214.685 214.209 213.754 213.709 213.41 213.056 212.707 217.257 216.598 215.753 216.172 216.867 216.133 215.565 217.389 217.609 216.65 216.731 217.344 217.208 215.913 218.072 217.832 217.827 218.221 217.586 217.212 216.679 218.518 218.338 219.016 218.456 218.335 217.03 217.016 219.567 219.102 219.174 218.861 218.995 217.136 216.9 220.114 219.33 218.983 219.365 218.473 217.541 216.96 
170.398 170.577 172.741 172.029 171.287 172.304 173.519 172.367 172.715 173.018 173.447 172.592 173.56 173.886 173.771 173.708 174.238 173.99 172.702 174.356 173.341 174.219 175.216 175.28 174.807 173.782 172.837 172.336 172.474 173.043 173.133 174.451 173.761 172.839 172.496 173.295 171.753 171.86 174.018 174.218 173.25 172.28 176.209 173.141 173.567 172.774 171.83 171.404 170.446 
169.284 170.084 169.606 169.386 170.044 170.526 170.711 169.743 168.348 169.006 169.919 171.076 171.981 169.865 171.352 169.017 170.639 170.696 170.876 172.157 168.308 170.157 170.707 171.533 172.343 172.211 172.655 171.074 166.675 169.278 172.95 172.45 172.741 172.264 170.631 167.219 168.453 169.766 170.311 172.065 172.536 171.487 168.79 168.228 168.757 169.734 169.9 170.987 170.761 
166.91 166.935 166.64 166.944 168.046 169.13 170.157 167.181 165.487 166.563 167.577 168.994 170.844 169.386 168.781 166.228 168.126 168.356 168.841 171.054 168.236 167.353 167.746 169.157 169.855 170.121 171.198 170.888 164.216 166.405 170.151 170.16 170.927 171.015 170.228 164.999 165.821 167.309 168.097 170.462 171.551 171.493 166.5 165.54 166.461 167.558 168.153 170.26 170.992 
202.694 202.261 202.246 201.958 201.722 201.636 201.433 202.515 202.276 202.496 202.22 202.221 202.443 202.575 202.975 202.337 202.184 202.543 202.123 202.196 201.864 203.091 203.126 203.032 202.787 202.313 202.423 202.326 203.41 203.84 203.312 202.482 202.836 203.011 202.872 203.932 204.486 203.599 203.143 203.171 202.913 202.888 203.661 203.861 204.149 203.019 203.244 202.938 203.161 
201.56 199.96 200.372 200.509 201.094 201.734 202.05 199.311 200.157 200.67 200.773 201.327 203.89 203.972 201.871 205.437 202.988 201.891 204.268 204.384 203.777 205.097 206.738 201.666 202.161 204.672 206.623 201.902 205.186 205.717 200.504 203.061 204.345 205.462 203.646 204.106 205.021 203.784 202.557 203.217 202.457 203.844 204.103 204.777 205.25 202.813 201.116 201.141 203.143 
240.994 240.63 241.175 241.146 241.361 240.742 240.578 239.864 240.873 240.255 240.848 240.791 240.721 240.471 240.721 240.942 240.678 240.35 239.735 240.457 240.564 240.278 240.775 240.434 240.04 239.895 240.476 240.406 240.369 240.511 240.31 239.355 239.817 240.071 240.236 239.119 239.763 239.221 239.133 239.411 239.6 238.852 237.586 238.742 238.646 238.408 238.362 238.426 238.516 
246.267 248.717 249.769 250.264 248.962 250.517 250.667 247.881 247.866 248.895 248.853 247.738 248.63 248.814 249.529 250.781 251.636 250.445 247.927 248.229 246.976 247.814 250.617 252.059 249.883 248.118 249.186 246.67 248.158 251.286 251.628 247.765 245.357 250.385 247.421 248.85 251.037 251.051 249.55 247.676 249.318 250.037 250.024 251.726 251.904 251.95 250.407 251.685 250.838 
242.898 245.024 245.643 246.13 244.964 246.495 246.784 244.225 244.32 244.882 245.123 243.928 244.784 245.223 245.483 246.902 247.704 246.746 244.323 244.777 243.72 244.3 246.414 248.347 246.679 244.803 245.753 243.671 244.864 246.836 247.406 244.537 242.826 246.503 243.965 245.853 247.175 247.234 246.088 244.7 245.534 246.519 246.954 248.31 248.467 248.634 247.113 248.202 247.182 
223.027 226.152 226.689 226.582 225.262 227.332 228.221 225.995 225.956 226.953 226.974 225.907 226.661 227.755 226.93 229.088 230.499 230.184 227.189 228.013 226.209 226.006 228.753 231.106 229.198 226.931 228.268 225.105 227.248 230.19 231.173 227.444 224.727 229.5 226.107 228.794 230.572 231.258 229.238 227.454 229.366 229.695 232.063 232.293 232.48 231.689 231.183 232.726 230.764 
202.355 203.714 203.919 202.303 203.337 205.022 206.762 203.155 203.336 201.765 203.964 205.434 205.893 207.098 202.024 203.248 203.086 206.455 207.147 208.827 207.152 203.216 203.225 204.537 205.875 205.569 207.092 204.193 205.196 205.201 206.166 207.04 206.313 207.377 206.104 207.39 205.89 206.392 206.351 207.094 208.285 207.651 209.693 207.001 206.87 206.687 209.539 209.842 207.833 
177.535 178.458 178.046 177.305 178.446 179.585 180.681 178.162 176.798 176.945 178.552 180.024 181.532 180.136 179.332 177.187 179.296 180.573 180.248 182.61 178.706 178.006 178.904 180.336 181.219 181.107 182.083 180.028 174.934 177.724 181.627 181.448 181.479 181.824 179.778 176.092 176.619 178.447 179.049 180.885 182.896 181.651 178.636 176.864 177.698 178.391 180.131 181.796 181.023 
177.07 175.552 175.449 176.726 177.871 178.247 178.879 177.174 175.837 176.021 176.896 177.147 178.254 179.168 177.32 175.982 176.597 176.945 177.683 178.531 179.327 177.301 176.721 177.049 177.126 177.545 179.179 179.621 176.975 176.232 176.862 177.608 177.888 178.892 179.844 177.222 176.105 176.592 177.157 178.108 179.122 180.296 177.195 175.942 176.344 177.426 178.224 179.123 179.876 
