3561272
18.7253 18.191 18.093 18.503 18.5501 18.6739 18.4186 18.6344 18.246 17.9646 18.0301 18.2246 18.3213 18.0838 18.5237 18.3225 18.2785 18.2416 18.144 18.075 17.4303 18.438 18.2802 18.4179 18.4818 18.2662 18.0212 17.7764 18.2928 18.1235 17.978 18.0059 17.8254 17.619 17.4757 17.7915 17.9247 17.8948 17.7634 17.6485 17.4498 17.5731 18.1019 17.988 17.8688 17.8526 17.7593 17.6632 17.8443 
38.5138 37.7232 36.4596 37.7503 37.624 38.0126 38.1694 38.4946 37.9583 37.012 37.2118 36.8472 37.7479 37.9759 38.5607 38.2126 37.9281 37.9088 37.4667 37.8349 37.8039 38.7895 38.7053 38.3799 38.8875 39.0361 38.3991 38.2048 38.8792 38.8304 38.6499 38.8075 38.5474 38.849 38.4036 38.429 38.5765 38.4004 38.2435 38.0999 39.0127 38.7703 38.9682 38.664 38.8305 38.6407 39.2686 39.169 40.1555 
59.8947 59.8517 59.7979 60.0048 60.0044 60.2338 60.5447 59.8577 59.809 59.7335 59.7791 60.0684 60.2016 60.4062 59.7396 59.7589 59.8901 59.912 60.1473 60.3839 60.24 59.8632 60.0136 60.1942 60.3866 60.5179 60.5774 60.8016 59.956 60.1271 60.2703 60.3193 60.3736 60.6536 60.8061 59.9801 60.3087 60.3503 60.2508 60.3737 60.6238 60.948 60.2684 60.5684 60.635 60.6269 60.7356 60.8706 61.1509 
73.1405 73.2882 73.2816 73.1843 73.0979 73.0635 72.9771 73.5601 73.6778 73.5734 73.5285 73.4706 73.2897 73.1483 73.9264 73.7952 73.7716 73.8369 73.8064 73.5649 73.4134 74.1756 74.2051 74.0826 74.227 74.2157 73.9334 73.8088 74.3857 74.5198 74.5947 74.3714 74.267 74.252 74.3 74.6547 74.8478 74.7503 74.6573 74.3756 74.4893 74.4681 74.6212 74.9228 74.9089 74.9146 74.8388 74.6531 74.6587 
82.4276 81.989 81.8133 81.7332 81.3074 81.1826 81.105 83.0812 82.9629 82.37 82.1234 81.7615 81.4088 81.3186 84.0625 83.2312 83.1426 82.7266 82.3054 81.9512 81.6847 84.5122 84.1446 83.5613 83.5195 82.8688 82.3181 82.096 84.973 84.7288 84.6535 83.8426 83.4817 83.051 82.7086 85.5623 85.392 84.8334 84.6862 83.9343 83.891 83.4646 85.4657 85.616 85.2372 84.9784 84.8221 84.1447 83.9975 
89.3957 89.2493 89.4297 89.5631 89.2843 89.1646 89.7116 90.5216 90.415 90.2132 90.3556 90.4086 89.6852 90.211 91.8356 91.5048 91.6907 91.6173 91.1858 90.4537 90.4701 93.0047 92.6337 92.4194 92.5171 92.034 91.1591 90.6848 93.8987 93.2696 93.5261 93.3396 93.4154 92.8628 92.1293 94.4307 93.9345 94.0101 94.1724 94.1194 94.0563 93.2 94.5949 94.5127 94.733 94.5295 94.5331 93.8884 94.0267 
95.3691 95.6805 95.436 95.3761 95.8624 95.444 94.6534 97.4197 96.6912 95.4829 95.1252 96.2659 96.573 95.7579 98.7001 98.0841 97.0642 95.7354 96.9046 97.4069 95.7383 98.8109 98.1906 97.2483 96.1953 97.4347 97.224 96.4112 99.1352 98.1418 97.2501 96.647 98.767 97.7752 98.6707 99.7474 99.6662 97.7331 97.5725 100.451 99.1756 98.5275 99.8517 100.915 100.613 99.5444 100.938 99.3994 100.921 
40.9749 40.2001 38.8188 39.8432 39.6237 39.7405 39.559 40.8171 40.2182 39.2662 39.3203 38.7089 39.3915 39.3321 40.8082 40.2873 39.8471 39.8247 39.2533 39.3565 39.2458 40.8467 40.4853 40.057 40.4689 40.4885 39.782 39.328 40.8294 40.5563 40.3031 40.359 40.0073 40.1252 39.4648 40.4431 40.2839 39.9746 39.8002 39.5549 40.2139 39.7876 40.7646 40.2392 40.2452 39.96 40.4766 40.1632 40.8975 
55.3995 54.8221 53.4597 54.8399 54.631 55.1958 55.4345 55.1789 54.6994 53.9057 54.1564 53.7157 54.8556 55.2059 55.0859 54.7763 54.6681 54.8426 54.2976 54.7932 54.9193 55.2098 55.0463 54.9673 55.617 55.8633 55.2665 55.1068 55.2043 55.1794 55.1698 55.3225 55.0339 55.5984 55.0585 54.7298 54.8967 54.6362 54.4397 54.1978 55.3835 55.2468 55.1456 54.939 55.0633 54.7577 55.4496 55.3923 56.6485 
66.7256 66.2612 65.2496 66.1579 65.8516 66.2574 66.3652 66.586 66.2167 65.6916 65.8464 65.2223 66.0083 66.1595 66.5153 66.2252 66.0773 66.2035 65.698 66.0578 66.115 66.5314 66.4626 66.268 66.6577 66.9078 66.4112 66.2426 66.5842 66.5719 66.5932 66.65 66.3319 66.5434 66.227 66.2611 66.3039 66.1606 65.875 65.6978 66.4743 66.2252 66.4829 66.1954 66.423 66.1117 66.55 66.3866 67.1652 
84.2387 84.121 83.9953 83.6194 83.4253 83.4464 83.2206 84.0208 83.737 83.6364 83.5689 83.5393 83.2628 83.0345 83.6878 83.1707 83.267 83.3935 83.416 83.1707 82.9065 83.4346 82.9977 83.1096 83.2113 83.1658 82.9114 82.7646 83.0855 82.9164 83.0095 82.9012 82.6657 82.4679 82.3818 83.2669 83.0737 82.8881 82.5385 82.4048 82.1617 82.0359 83.0354 82.8355 82.6805 82.4095 82.2034 82.175 81.9194 
102.976 102.707 103.649 102.633 102.142 101.364 100.506 102.323 102.566 103.581 102.9 102.593 101.491 100.442 101.801 102.24 103.31 102.641 102.973 101.535 101.196 102.164 102.392 102.12 102.896 102.606 101.2 100.817 102.463 102.492 101.383 101.078 101.724 101.027 100.212 102.04 102.492 101.883 100.779 100.747 99.9531 99.3253 101.529 100.163 99.4762 99.6624 100.584 100.513 100.242 
99.6006 99.7233 99.4493 99.1202 99.2567 98.8214 97.6315 101.169 100.473 99.2961 98.7373 99.7084 99.7564 98.5327 102.196 101.597 100.519 99.1211 100.146 100.607 98.4236 102.126 101.639 100.586 99.4504 100.495 100.106 99.0516 102.062 101.228 100.263 99.4201 101.139 99.925 100.635 102.423 102.507 100.494 100.007 102.533 101.124 100.29 102.382 103.347 102.948 101.75 102.986 101.391 102.604 
99.2825 99.7677 99.4564 99.2388 99.6986 99.2654 98.4453 101.06 100.394 99.3854 98.8823 100.047 100.326 99.3668 101.974 101.638 100.493 99.2737 100.376 100.801 99.1202 101.832 101.262 100.508 99.2803 100.63 100.308 99.5157 101.688 100.893 99.9992 99.5068 101.421 100.784 101.475 102.089 102.115 100.364 100.133 102.938 101.715 101.233 102.058 102.996 102.761 101.811 103.032 101.76 103.209 
82.2448 82.3544 82.274 82.3675 82.7054 83.096 83.1166 81.9599 81.842 82.0167 82.2095 82.4146 82.6777 82.9216 81.7636 81.7107 81.7587 82.0713 82.0541 82.4022 82.7002 81.6572 81.4521 81.3921 81.6328 81.7965 82.2428 82.2872 81.6478 81.3456 81.2707 81.3944 81.6044 81.9778 82.0716 81.756 81.4037 81.2627 81.3847 81.4247 81.5513 81.7673 81.5809 81.3947 81.2046 81.2192 81.335 81.3716 81.4327 
72.0083 71.6959 70.6453 71.7114 71.6239 72.1155 72.2647 71.7193 71.4424 70.977 71.2648 70.8526 71.7758 72.0108 71.7233 71.4955 71.4011 71.5985 71.1536 71.5831 71.8976 71.7186 71.4936 71.3635 71.8645 72.1911 71.8807 71.8721 71.6498 71.595 71.4436 71.7333 71.6421 72.0376 71.7021 71.3064 71.3887 71.0684 70.9747 71.0493 72.0003 71.7617 71.4015 71.1507 71.2531 71.1736 71.8127 71.7874 72.6302 
90.2118 91.1053 91.2842 91.0963 91.1719 91.6752 91.9946 89.9378 90.738 90.9476 90.9558 91.0441 91.6439 91.8194 89.6989 90.2837 90.5844 90.9193 90.9601 91.3064 91.8443 89.0908 89.805 90.1958 90.3828 90.754 90.9946 91.5292 88.8444 89.7573 89.9718 90.2098 90.2926 90.467 90.8937 89.1468 89.7989 89.6205 89.5267 90.0254 90.2471 90.3671 88.8472 89.5576 89.5347 89.5665 89.8409 90.2049 90.4247 
108.628 108.057 108.456 107.535 107.075 106.155 106.383 107.922 108.054 108.718 107.816 107.149 106.523 106.214 107.244 107.565 108.733 107.901 107.804 106.793 106.787 107.375 107.265 107.264 108.011 107.897 106.856 106.71 107.6 107.337 106.401 106.449 107.301 106.557 105.8 107.758 107.879 107.071 106.227 106.339 105.682 104.87 107.675 106.271 105.549 105.584 106.18 105.99 105.759 
118.352 118.035 118.793 117.454 117.029 116.233 115.124 117.501 117.556 118.463 117.812 117.537 116.3 114.975 116.619 116.717 117.967 117.435 117.822 116.379 115.783 116.593 116.722 116.585 117.394 117.078 115.663 115.405 116.37 116.378 115.303 115.156 115.737 114.77 114.01 116.086 116.373 115.66 114.309 114.629 113.638 112.877 115.572 113.992 113.055 113.176 114.304 114.378 113.952 
120.751 120.393 121.446 120.193 119.266 118.247 116.951 119.974 120.348 121.759 120.867 120.355 118.336 116.682 119.313 120.19 121.57 120.495 120.636 118.731 117.4 119.714 120.424 120.051 120.622 119.931 117.946 117.466 119.407 119.83 118.233 117.518 118.032 117.092 115.95 119.12 119.706 118.824 116.766 116.628 115.622 114.798 118.849 116.977 115.629 115.35 116.424 116.221 115.872 
114.291 114.467 114.124 114.083 114.474 113.696 112.314 115.866 115.092 114.109 113.422 114.5 114.209 112.956 116.347 116.07 114.909 113.102 114.062 114.773 112.66 115.452 115.1 114.182 112.597 113.703 113.907 113.145 114.682 113.882 112.843 111.423 113.459 113.017 113.809 113.964 114.687 112.412 111.809 114.291 113.341 112.342 110.29 111.343 110.831 109.529 110.644 109.551 111.106 
104.708 105.143 105.216 105.15 105.561 106.151 106.29 104.811 105.106 105.231 105.307 105.604 105.852 106.227 105.026 105.103 105.149 105.42 105.546 105.664 106.295 104.82 104.881 105.261 105.509 105.518 106.053 106.824 105.068 105.371 105.254 105.59 105.932 106.422 106.678 105.147 105.562 105.662 105.735 105.94 106.612 106.81 104.972 105.474 105.332 105.519 106 106.584 106.47 
105.673 106.893 106.967 107.058 107.577 108.362 108.891 105.668 106.782 107.014 107.106 107.664 108.23 108.843 105.679 106.762 106.924 107.37 107.709 108.162 108.955 105.289 106.469 106.686 107.101 107.467 108.144 109.103 105.352 106.563 106.846 107.34 107.621 108.424 109.054 105.593 106.815 106.893 107.141 107.562 108.524 108.995 105.546 106.862 106.752 107.114 107.664 108.335 108.689 
117.662 119.301 119.3 119.447 120.462 120.157 122.15 118.441 119.92 119.523 119.352 119.111 119.875 120.915 118.161 119.178 119.091 119.287 119.129 118.835 119.677 118.51 119.072 118.36 118.789 120.053 119.782 119.402 118.228 118.775 118.496 118.342 120.671 120.874 119.275 120.005 120.467 119.622 119.774 120.55 121.877 121.889 121.065 121.286 120.89 121.34 121.303 121.838 122.357 
124.802 125.323 124.86 124.491 124.359 123.672 125.948 124.85 126.111 125.774 125.122 124.09 124.384 125.536 124.659 125.761 126.156 125.513 124.561 124.41 125.105 124.377 124.958 125.288 125.551 125.198 124.488 125.206 124.339 124.954 124.932 125.142 125.357 125.016 124.837 125.132 126.129 125.37 125.385 125.333 125.615 125.168 125.669 126.298 126.133 125.653 125.186 125.33 125.861 
155.422 155.279 155.137 154.522 154.776 154.751 155.353 156.129 153.97 154.433 154.822 155.769 156.518 154.915 156.883 154.163 156.445 156.201 156.455 157.264 154.128 154.674 154.633 156.27 157.358 157.121 156.523 155.565 150.261 151.685 155.775 155.307 155.844 155.548 154.195 150.716 151.377 153.506 154.046 155.151 155.819 155.106 153.31 152.341 153.285 154.171 153.916 155.413 155.91 
177.418 175.765 175.55 176.17 175.46 173.604 171.975 177.247 176.672 176.432 176.274 175.576 172.512 171.843 176.417 176.38 176.187 174.513 173.619 173.692 171.754 175.011 175.144 174.774 173.496 171.943 172.695 171.725 173.218 172.757 172.755 169.476 169.394 169.575 168.511 169.143 170.917 169.736 168.538 167.445 168.154 165.591 161.702 161.551 161.393 159.617 159.274 159.762 159.843 
206.697 204.65 204.667 206.414 207.566 204.915 203.286 206.691 205.785 205.083 205.17 205.439 202.737 202.126 204.678 205.102 204.35 201.324 201.056 201.859 201.649 201.377 201.738 201.275 199.258 198.05 200.175 199.888 198.811 198.377 198.93 194.345 195.272 196.625 195.424 192.149 195.044 194.12 193.174 192.019 193.586 189.527 182.004 181.666 181.751 180.067 179.103 180.907 181.006 
126.934 127.206 127.16 127.49 127.396 126.706 127.127 126.887 126.966 127.232 127.141 126.668 127.206 127.68 127.012 127.234 127.441 127.156 126.253 127.075 127.447 126.901 127.468 127.77 127.38 126.907 127.314 127.521 126.77 127.296 127.382 127.344 127.718 127.407 128.173 126.775 126.969 127.026 127.157 127.737 127.543 128.288 126.661 127.419 127.357 127.366 128.348 128.535 128.444 
128.949 130.057 129.975 130.055 131.559 131.581 132.785 129.601 130.056 129.603 129.903 130.217 131.098 131.906 129.303 129.248 128.651 129.328 129.818 129.63 130.603 129.623 129.613 128.826 129.208 130.605 130.981 130.111 129.43 129.266 129.272 129.209 131.611 132.074 130.129 131.113 130.651 130.286 130.424 131.315 133.033 133.446 131.914 131.435 131.115 131.905 132.66 133.566 133.606 
132.212 133.974 134.375 134.951 136.519 137.195 138.863 132.971 134.339 134.344 135.142 135.497 136.847 137.911 132.747 133.806 133.466 134.338 135.061 135.476 136.679 132.786 133.997 133.48 133.917 135.585 135.99 136.189 132.641 133.658 133.624 133.881 136.489 137.314 136.382 134.261 135.08 134.577 134.904 136.539 138.482 139.394 135.163 135.684 135.641 136.458 137.407 138.838 139.481 
155.218 154.584 156.598 156.537 156.532 157.776 159.479 156.593 155.946 156.349 156.574 156.284 157.887 158.675 157.754 156.746 157.259 157.101 156.611 158.169 158.088 157.679 157.862 158.163 158.148 157.857 157.03 157.313 155.884 155.649 155.933 157.146 157.671 157.376 157.283 157.109 155.185 155.241 157.331 158.086 157.903 158.12 159.829 156.857 157.32 157.047 156.106 156.558 156.846 
169.417 169.477 169.466 169.66 170.123 170.555 171.281 170.609 168.599 169.357 170.407 171.055 172.123 170.928 171.639 169.029 171.226 171.445 171.572 172.81 170.04 169.33 169.721 171.49 172.49 172.414 172.057 171.513 165.323 167.125 171.248 170.87 171.163 171.246 170.354 165.731 166.587 168.803 169.506 170.764 171.812 171.816 168.29 167.755 169.115 169.879 169.569 171.471 172.363 
182.987 182.911 182.705 182.311 182.778 182.798 183.177 184.499 182.402 182.877 183.616 184.665 185.356 183.722 185.862 183.285 185.054 185.079 185.251 186.276 182.674 183.855 183.992 185.523 186.425 186.055 185.502 184.579 179.056 180.801 185.374 184.66 184.778 184.316 183.099 179.435 180.223 182.676 183.28 184.407 184.604 183.925 182.28 181.295 182.391 183.407 182.654 183.751 184.233 
240.477 241.956 242.718 243.244 242.143 243.118 242.927 241.657 241.404 242.231 242.246 240.796 241.094 241.341 242.735 243.796 244.493 243.256 240.742 240.913 239.586 241.201 243.293 244.698 242.741 240.859 241.837 239.361 241.376 243.749 244.064 240.275 238.265 242.731 239.805 241.275 243.531 243.286 241.828 240.004 241.596 241.764 238.407 239.785 240.206 240.045 238.492 239.443 238.873 
136.171 136.519 136.618 136.906 136.542 135.37 135.664 135.977 136.415 136.739 136.575 135.604 135.747 136.161 136.086 136.484 136.782 136.342 134.991 135.462 135.843 136.054 136.472 136.851 136.416 135.811 135.83 135.604 135.845 136.343 136.119 135.935 136.256 135.843 136.176 135.459 135.746 135.729 135.649 136.194 135.934 136.199 135.081 136.023 136.164 135.887 136.645 136.82 136.397 
139.291 139.427 139.337 139.478 139.3 138.641 138.688 139.236 139.255 139.328 139.295 138.887 139.093 139.096 139.57 139.771 139.74 139.488 138.725 138.95 138.74 139.31 139.783 139.99 139.646 138.94 139.044 138.762 138.967 139.216 139.35 139.557 139.632 139.153 139.416 139.302 139.297 139.218 139.231 139.627 139.453 139.516 139.518 139.714 139.518 139.458 140.223 140.253 139.697 
149.264 148.913 151.123 150.946 150.558 151.571 152.859 150.455 150.687 150.698 150.646 149.743 150.855 152.044 150.92 151.131 150.91 150.608 150.17 150.843 151.582 151.798 151.953 151.591 150.999 151.08 150.008 149.779 151.662 150.452 148.865 150.138 150.883 150.65 150.579 152.901 150.488 149.589 151.26 151.247 150.997 151.4 154.579 152.299 152.071 151.107 150.22 150.126 150.119 
159.545 158.709 161.005 161.405 160.548 161.559 162.698 160.759 161.117 161.55 161.735 160.496 161.25 162.44 161.335 161.925 161.875 161.44 160.768 161.721 162.685 161.771 162.667 162.593 161.898 161.498 160.666 161.197 161.978 161.432 159.911 161.414 161.224 160.964 161.648 162.665 160.899 160.111 161.81 161.967 161.036 161.375 164.181 162.167 162.313 161.358 160.5 160.213 160.106 
181.639 179.551 180.36 180.88 181.642 182.678 183.756 180.614 181.317 182.153 182.363 182.345 184.891 185.488 183.094 185.485 184.771 183.587 185.142 185.752 185.168 186.317 187.327 183.717 184.569 186.474 187.296 183.181 185.894 185.492 181.629 185.03 185.802 186.215 183.783 185.518 184.645 184.575 184.764 184.637 183.769 184.217 186.459 185.549 186.989 184.921 182.064 182.437 183.766 
220.496 220.853 221.005 220.999 220.942 220.927 221.005 221.329 221.614 221.923 221.615 220.992 221.015 221.082 221.574 222.207 222.678 222.248 220.924 220.936 220.662 221.428 222.388 222.816 222.058 221.337 221.407 220.82 221.827 222.728 222.76 221.417 221.012 221.905 221.126 222.208 222.788 222.46 222.021 221.71 221.66 221.709 222.856 223.326 223.068 222.797 222.568 222.332 221.898 
240.152 241.675 242.348 242.586 241.704 242.602 242.745 241.734 241.73 242.247 242.36 241.84 242.001 242.169 242.468 243.775 243.944 243.288 241.985 241.993 241.047 241.695 243.413 244.518 243.298 241.982 242.396 241.17 242.027 243.705 244.231 241.774 240.495 242.928 241.254 242.707 243.745 243.689 243.022 242.191 242.245 242.663 243.494 244.079 244.054 244.581 243.384 243.558 242.736 
140.351 140.941 140.884 141.181 140.902 139.771 139.567 140.771 141.266 141.336 141.188 140.153 140.177 140.158 141.042 141.51 141.527 141.081 139.445 139.704 139.609 140.89 141.456 141.619 141 139.912 139.947 139.485 140.505 141.013 140.876 140.578 140.772 140.04 140.532 140.357 140.557 140.3 140.399 141.084 140.44 140.654 140.245 140.959 140.836 140.694 141.592 141.46 140.77 
148.949 148.26 148.014 147.307 146.973 147.285 146.708 148.303 147.382 147.218 147.327 147.128 146.916 146.373 148.115 147.983 148.549 147.881 147.468 147.108 146.141 149.203 148.238 148.91 149.304 147.932 146.906 146.175 148.929 147.95 148.259 148.057 147.314 146.729 147.622 149.084 148.127 147.961 147.452 146.758 147.163 148.042 148.308 148.726 148.15 146.893 146.987 147.506 147.888 
152.479 151.575 151.331 150.751 150.453 150.988 150.627 151.771 150.531 150.53 150.823 151.019 150.953 150.147 151.449 151.263 151.994 151.338 151.372 151.035 149.753 152.584 151.746 152.27 152.737 151.759 150.719 150.023 152.466 151.319 151.54 151.568 151.182 150.727 151.575 152.988 151.811 151.469 151.113 150.838 151.152 151.978 152.417 152.67 151.863 150.742 150.884 151.407 151.799 
177.264 174.994 175.911 176.221 176.598 178.03 178.954 175.228 176.185 176.946 177.035 176.709 179.178 180.06 177.501 180.577 179.597 178.078 179.726 180.06 179.715 181.389 182.402 178.423 179.017 180.905 181.716 177.222 181.842 180.941 175.913 179.5 180.253 180.822 178.648 181.328 180.258 179.395 179.251 178.924 178.104 178.927 181.469 180.847 182.014 179.132 176.346 176.704 178.142 
192.865 191.307 191.227 191.534 192.595 193.519 194.325 190.573 191.871 192.332 192.687 192.857 195.169 195.774 192.585 195.745 194.775 193.964 195.721 195.897 195.327 195.99 197.319 193.218 194.196 196.674 198.206 193.178 196.878 196.868 192.221 195.182 196.325 197.236 194.539 196.411 196.387 195.8 194.856 194.821 194.616 195.208 196.479 196.701 197.811 195.26 193.435 193.975 195.16 
201.691 200.348 200.352 200.455 201.477 202.367 203.209 199.875 201.296 201.758 202.222 202.672 204.856 205.466 202.079 205.46 204.188 203.5 205.485 205.62 204.932 205.604 206.847 202.806 203.775 206.137 207.609 202.962 206.419 206.234 201.779 204.646 205.922 206.529 204.142 205.943 205.772 205.128 204.247 204.473 204.027 204.495 206.029 205.975 206.939 204.619 202.88 203.157 204.1 
233.536 235.031 235.539 235.525 234.936 236.057 236.406 234.023 234.254 234.648 234.715 234.364 235.082 235.127 234.806 235.571 236.264 235.867 234.359 234.523 233.753 233.828 235.484 236.578 235.276 234.434 235.191 233.842 234.468 236.217 236.336 233.911 233.446 235.916 234.594 235.194 236.313 235.893 235.124 234.797 235.446 235.787 236.186 237.17 236.858 236.794 236.448 236.631 235.913 
