3561272
209.646 208.256 208.375 208.775 209.556 210.459 211.071 207.881 209.145 209.905 210.214 210.36 212.382 212.595 210.251 213.463 212.357 211.25 212.825 212.664 211.788 213.441 214.861 211.073 211.617 213.667 215.072 210.385 213.879 214.057 209.899 212.076 213.034 214.154 211.556 213.393 213.678 212.951 211.987 212.056 211.367 211.908 212.301 212.652 213.501 211.44 209.328 209.339 210.462 
204.25 203.957 204.287 204.244 203.803 203.491 203.107 205.534 204.999 204.796 204.743 204.563 204.064 203.504 205.314 205.391 205.452 205.016 204.973 204.108 203.344 204.282 204.977 205.402 204.98 204.794 203.888 203.559 203.432 204.132 204.884 203.818 203.657 203.495 203.755 204.155 204.408 204.734 204.764 204.255 203.412 203.733 204.052 204.391 204.083 203.98 203.348 202.541 202.768 
157.273 156.895 158.626 158.31 157.969 158.491 159.235 158.107 158.595 158.375 158.21 157.351 157.961 158.707 158.322 158.765 158.391 157.99 157.391 157.715 158.187 159.152 159.399 158.878 158.286 158.106 157.042 156.892 158.96 158.372 157.04 157.722 158.068 157.615 157.902 159.927 158.201 157.402 158.557 158.288 157.76 158.356 161.541 159.765 159.472 158.362 157.724 157.273 157.229 
135.054 135.273 135.321 134.893 135.675 135.647 135.97 135.775 135.706 135.103 134.85 134.801 135.116 135.27 135.585 135.266 134.713 134.907 134.939 134.375 134.511 135.798 135.41 134.791 134.773 135.651 135.178 134.397 135.46 135.355 135.212 134.71 136.014 135.996 134.708 136.764 136.228 136.011 135.703 135.88 136.604 136.838 137.754 137.155 136.697 136.738 136.863 137.323 137.173 
122.366 123.46 123.462 123.372 124.451 124.33 125.177 123.797 123.995 123.418 123.185 123.282 123.711 124.361 123.801 123.541 123.004 123.348 123.522 123.035 123.392 124.233 123.699 122.855 123.055 124.499 124.173 123.344 123.779 123.579 123.224 122.779 125.217 125.617 123.635 125.627 124.96 124.547 124.529 125.299 126.45 126.59 127.078 126.212 125.661 126.294 126.25 127.038 127.245 
196.596 194.952 195.029 195.479 196.515 197.498 198.23 195.235 195.601 196.478 197.012 197.633 199.903 199.622 197.706 199.582 199.151 198.321 200.187 200.425 198.756 200.235 201.353 198.068 199.28 201.382 202.568 198.035 199.454 199.899 197.23 199.673 200.712 201.269 198.525 199.126 199.157 199.356 198.951 199.471 198.837 199.051 198.776 198.66 199.841 198.399 196.318 196.78 198.064 
183.626 181.617 182.427 182.731 183.068 183.894 184.706 181.834 182.92 183.591 183.602 183.027 185.266 186.082 183.944 186.859 186.035 184.498 185.929 186.032 185.633 187.142 188.389 184.615 185.063 187.087 187.608 183.082 187.252 186.583 182.078 185.336 186.028 186.515 184.172 186.623 185.892 185.317 185.195 184.706 183.844 184.448 187.353 186.93 188.096 185.355 182.569 182.781 184.137 
157.443 156.428 158.496 158.27 156.769 156.972 157.473 158.641 158.422 158.323 157.983 156.54 156.667 157.311 159.034 159.083 159.136 158.024 157.091 157.376 157.589 158.66 159.185 159.382 158.334 157.407 155.832 155.724 157.911 157.01 156.16 157.041 156.164 155.502 156.035 158.449 156.487 156.1 157.535 156.734 155.677 155.789 160.485 158.822 158.824 157.58 156.174 155.665 155.461 
120.468 120.351 121.266 120.939 121.209 121.128 120.602 122.006 121.473 120.681 120.528 121.081 121.728 121.161 122.77 122.458 121.662 120.65 121.5 122.238 120.927 123.121 122.777 122.181 121.253 122.15 121.444 120.601 122.983 121.829 120.773 121.096 122.745 121.425 122.314 123.498 122.591 121.151 121.378 123.779 122.409 122.067 124.09 123.942 123.937 122.769 123.698 122.542 123.375 
102.237 101.733 101.487 101.222 101.008 101.047 101.103 102.753 102.579 102.073 101.588 101.34 101.098 101.281 103.583 102.945 102.843 102.307 101.765 101.535 101.64 104.019 103.622 103.14 102.74 102.343 102.12 101.937 104.331 104.092 103.817 103.298 103.261 102.87 102.34 105.079 104.741 104.208 104.005 103.651 103.568 103.057 105.549 105.31 104.868 104.44 104.235 103.89 103.588 
177.741 176.453 176.335 176.673 178.036 179.361 180.368 175.864 176.215 177.222 177.921 178.528 181.121 181.252 178.569 180.194 179.875 179.194 181.016 181.788 180.364 181.09 182.176 178.988 180.354 182.323 183.931 179.529 180.361 180.916 178.302 181.105 182.238 182.918 179.992 179.705 180.142 180.474 179.955 180.552 180.638 180.898 179.723 179.634 181.21 179.477 177.596 178.785 180.32 
162.754 162.615 162.54 162.466 162.607 162.628 163.247 163.665 161.601 162.165 162.948 163.519 164.196 162.844 164.742 162.085 164.128 164.014 163.98 164.917 161.957 162.734 162.837 164.345 165.241 164.968 164.695 163.683 159.161 160.498 164.334 163.95 164.101 163.842 162.591 159.656 160.137 162.024 162.68 163.67 164.466 163.745 162.13 161.39 162.137 163.02 162.658 163.956 164.227 
121.347 121.144 122.094 121.628 121.591 121.558 121.048 122.946 122.257 121.407 121.294 121.767 122.53 121.791 123.782 123.476 122.554 121.265 122.212 123.269 121.757 124.091 123.743 123.107 121.964 122.743 121.989 121.322 124.026 122.556 121.341 121.733 123.182 121.671 123.204 124.183 123.23 121.307 121.727 124.461 122.732 122.275 124.532 124.574 124.529 122.88 124.001 122.496 123.575 
96.6221 96.3735 96.3691 96.0946 96.3672 96.1978 95.2947 97.7637 97.0373 96.2147 96.109 96.796 97.0652 96.0217 98.6652 97.8753 97.2655 96.3116 97.1109 97.5689 96.0231 98.6554 98.1487 97.5454 96.7527 97.54 97.3038 96.525 98.7888 98.0399 97.5668 97.1472 98.3956 97.1005 97.9924 99.1462 99.1348 97.7642 97.2358 99.2424 98.1356 97.5656 99.053 99.8299 99.8035 98.6589 99.7816 98.4601 99.2626 
88.9426 88.8503 88.7951 88.5639 88.8724 88.631 87.7766 90.2233 89.4347 88.6448 88.3937 89.1235 89.4826 88.5337 91.1347 90.4175 89.7211 88.6859 89.5508 90.1021 88.6404 91.0909 90.5754 89.8761 88.9951 89.9574 89.8139 89.0764 91.203 90.423 89.7609 89.2031 90.67 89.595 90.3337 91.4022 91.3704 89.8666 89.428 91.7056 90.5254 89.8819 91.25 92.0344 91.9742 90.9049 92.0963 90.8707 91.7968 
145.889 147.166 147.1 147.149 148.081 148.826 150.582 146.339 146.364 147.13 147.738 148.686 149.904 149.53 147.688 146.922 148.581 148.926 148.846 150.248 148.34 146.562 147.811 149.06 150.348 150.077 150.485 150.4 144.042 146.738 149.956 150.121 150.487 150.357 149.644 144.761 146.639 148.044 148.639 149.91 150.88 150.493 146.065 146.344 147.204 147.94 148.075 149.457 150.392 
124.82 124.825 125.081 124.413 124.281 123.799 124.274 124.584 124.838 125.547 125.265 124.737 124.067 124.11 124.284 124.782 125.696 125.241 125.269 124.411 124.502 124.383 124.688 124.787 125.595 125.324 124.379 124.726 124.467 124.564 123.926 124.289 125.028 124.703 124.237 124.421 125.007 124.777 124.382 124.625 124.504 124.112 124.485 123.766 123.566 123.671 124.317 124.422 124.665 
98.1106 98.0411 97.694 97.4061 96.9717 96.4067 97.119 97.8066 97.9387 97.7554 97.2743 96.883 96.468 96.7333 97.5911 97.5742 97.6147 97.1482 96.6966 96.261 96.1188 97.4812 97.1137 97.139 97.1314 96.7472 96.4036 96.0679 97.3689 96.9639 96.9428 96.9892 96.7704 96.5268 96.0449 97.5577 97.4733 96.9716 96.8981 96.4855 96.4899 95.9426 97.5932 97.4052 97.2073 96.8923 96.4158 96.03 95.8049 
79.8653 79.7949 79.3264 79.5231 79.8615 79.8915 79.2009 80.8722 80.1461 79.1743 79.1871 79.8743 80.5676 79.796 81.4287 80.8273 80.146 79.4754 80.3395 80.9251 79.6459 81.3765 80.9193 80.393 80.0555 81.1026 80.7145 80.1347 81.346 80.7724 80.3865 80.1241 81.3022 80.6261 81.4334 81.4268 81.5459 80.3833 79.986 81.9373 81.3327 80.8754 81.3079 82.0049 82.1994 81.3082 82.5873 81.5874 82.9054 
59.7694 59.2649 59.1821 59.1563 58.9609 59.1116 59.1791 59.9016 59.6042 59.3295 59.2714 59.1269 59.0401 59.0782 60.2738 59.588 59.6088 59.482 59.1978 59.1395 58.9806 60.4003 60.078 59.7488 59.7783 59.5731 59.3572 59.2767 60.5323 60.2652 60.1823 59.8619 59.7886 59.5065 59.3433 60.6612 60.5154 60.3306 60.1555 59.7951 59.6616 59.443 60.7866 60.6949 60.6812 60.3446 60.2029 59.8299 59.612 
121.521 122.688 123.62 123.209 123.144 123.057 123.008 121.215 122.664 123.94 123.909 123.914 123.146 123.105 121.001 122.794 123.966 123.831 124.42 123.747 124.016 120.922 122.71 122.937 124.125 124.236 123.495 124.181 120.984 122.499 121.533 122.201 123.273 123.26 123.142 120.829 122.641 122.513 121.811 122.649 122.478 122.504 120.503 120.734 120.497 120.746 122.146 122.769 123.355 
108.247 108.973 109.483 108.7 108.331 107.632 107.893 107.57 108.837 109.6 108.802 108.506 107.809 107.588 106.985 108.535 109.466 108.757 108.933 107.932 107.968 107.091 108.094 108.059 108.811 108.784 107.778 107.892 107.104 107.786 106.927 107.007 107.917 107.594 107.173 106.853 108.093 107.448 106.867 107.107 106.85 106.371 106.522 106.538 105.923 106.118 106.786 106.8 106.967 
82.9916 82.5764 81.7706 82.2647 81.9627 82.1271 81.9654 82.659 82.483 82.1862 82.0367 81.7216 81.9497 81.8141 82.4691 82.476 82.7012 82.34 82.2588 82.0715 82.0005 82.7037 82.6047 82.3377 83.0253 83.1649 82.2107 82.0549 82.6407 82.5539 81.9575 82.0913 82.3365 82.475 81.8245 82.1496 82.3723 81.898 81.5882 81.6551 82.2388 81.8255 82.1514 81.6369 81.4729 81.4447 82.3 82.2177 82.9053 
53.8705 53.3681 52.4689 53.2422 53.0199 53.3012 53.3254 53.86 53.4272 52.6941 52.856 52.5891 53.0296 53.1513 53.8419 53.4056 53.1374 53.2383 52.9644 53.042 52.9588 53.9752 53.6796 53.4659 53.8553 53.9614 53.4093 53.1865 54.0262 53.8635 53.7538 53.8372 53.6528 53.8265 53.4434 53.8961 53.8717 53.6388 53.468 53.2504 53.873 53.6697 54.2226 53.9294 53.9616 53.6745 53.9343 53.7673 54.4486 
40.2666 39.5516 38.4287 39.5338 39.4214 39.7913 39.9159 40.1639 39.6368 38.8289 39.038 38.7225 39.5478 39.7317 40.2097 39.8478 39.593 39.6286 39.2487 39.5668 39.5616 40.3293 40.2606 39.9738 40.4172 40.5622 40.0225 39.8196 40.3623 40.2948 40.1659 40.2337 39.9527 40.2763 39.8607 39.9315 40.039 39.8317 39.6525 39.5222 40.3096 40.0574 40.3284 40.0656 40.1817 40.0062 40.6028 40.4766 41.2863 
