3561272
21.6355 21.1304 21.0412 21.4324 21.4621 21.5271 21.3278 21.5144 21.1678 20.8796 20.9514 21.1328 21.1809 21.0057 21.3516 21.2209 21.1748 21.1383 21.0803 21.0253 20.4631 21.2985 21.1878 21.3207 21.3785 21.2099 21.0091 20.7722 21.1955 21.0393 20.8793 20.9239 20.7546 20.6015 20.4984 20.7005 20.8285 20.7921 20.7055 20.6271 20.4645 20.5834 20.9895 20.9322 20.8043 20.7982 20.74 20.6727 20.8508 
44.2084 43.5527 42.505 43.5251 43.352 43.7105 43.8493 44.1406 43.6178 42.8718 43.0472 42.7019 43.5383 43.7103 44.2469 43.7922 43.563 43.584 43.1981 43.5035 43.5385 44.3889 44.2141 43.934 44.303 44.4747 43.9756 43.8051 44.4251 44.3038 44.1753 44.1963 43.9532 44.3249 43.9161 44.0849 44.1972 43.9557 43.7108 43.5384 44.3226 44.1443 44.475 44.1953 44.3324 44.0767 44.6058 44.4747 45.2483 
70.4645 70.2959 70.2637 70.2381 70.2076 70.5856 70.7315 70.6089 70.5966 70.3739 70.2984 70.4651 70.522 70.6638 71.194 70.7124 70.78 70.722 70.5457 70.5489 70.4757 71.5011 71.2359 71.0289 71.2949 71.1093 70.8916 70.8284 71.6637 71.4725 71.5404 71.2497 71.2274 71.0054 70.8538 71.8504 71.85 71.7083 71.5894 71.1656 71.1412 70.9679 71.9117 72.008 72.0076 71.7699 71.6437 71.2598 71.1854 
84.9365 85.0069 84.8684 84.7344 84.545 84.7557 84.8919 85.2357 85.3684 85.1792 84.9171 84.6638 84.651 84.9538 85.9194 85.5874 85.5107 85.176 84.8297 84.746 84.7866 86.0733 85.9455 85.4101 85.2333 85.2113 85.0609 84.9469 86.3001 86.1358 85.9087 85.3957 85.5828 85.4514 85.1499 86.7128 86.5794 86.0455 86.0291 85.7929 85.8054 85.4951 86.8145 86.8569 86.5709 86.3213 86.203 85.7418 85.6844 
96.5093 96.6428 96.3106 96.0211 96.2314 96.6599 96.5565 97.0169 97.2309 96.8945 96.4713 96.5221 96.4756 96.6475 97.9667 97.5746 97.5049 96.9691 96.6167 96.5049 96.539 98.2119 97.9554 97.3964 97.3044 97.1311 97.0021 96.8208 98.2017 98.1229 97.776 97.2977 97.5747 97.4434 97.1027 98.6687 98.542 98.0698 98.1094 97.8976 97.8602 97.4355 98.6633 98.6794 98.4321 98.3703 98.2381 97.8627 97.7283 
108.225 109.232 110.064 109.429 109.47 109.118 108.832 107.668 109.253 110.347 109.692 109.853 109.348 109.141 107.213 109.075 110.347 109.498 110.449 109.869 110.373 107.642 109.121 108.941 110.012 110.369 109.892 110.562 108.101 109.354 108.138 108.445 110.102 110.24 109.937 107.982 109.541 108.904 108.628 109.585 109.509 109.35 107.831 107.759 107.091 108.002 109.503 110.021 110.396 
44.0335 43.2432 41.9046 42.9297 42.6291 42.8059 42.7693 43.8834 43.2572 42.2886 42.3826 41.8165 42.512 42.5322 43.7705 43.2979 42.921 42.8713 42.3514 42.5515 42.4248 43.8391 43.603 43.1848 43.5211 43.5807 42.8969 42.4991 43.9404 43.675 43.4626 43.5045 43.1092 43.3072 42.6967 43.5295 43.4222 43.15 42.9295 42.6853 43.4122 42.9531 43.8701 43.3647 43.4784 43.201 43.6675 43.4083 44.1624 
59.3777 58.7424 57.4421 58.7152 58.486 58.8608 59.0915 59.4584 58.9515 58.1191 58.3073 57.9681 58.7364 59.0274 59.5372 59.1905 59.0418 59.0664 58.6566 59.0448 59.019 59.8512 59.7338 59.5702 60.1789 60.3071 59.662 59.561 60.0224 60.0732 60.0552 60.2481 59.9931 60.3787 59.9276 59.8225 59.9783 59.8248 59.7203 59.5255 60.5634 60.3279 60.3225 60.1846 60.3631 60.1221 60.6864 60.5965 61.7221 
80.2079 80.035 79.5522 79.8152 79.9952 79.8868 79.1696 81.1722 80.3451 79.4577 79.4313 79.9804 80.6621 79.7961 81.7712 81.0995 80.4631 79.7883 80.5795 81.2089 79.8563 81.7079 81.232 80.7449 80.3197 81.3432 81.0274 80.4105 81.7107 81.1252 80.6653 80.4538 81.6015 80.8841 81.5221 81.8363 81.9834 80.695 80.2139 82.1769 81.5527 81.0819 81.8227 82.4827 82.593 81.5276 82.7845 81.854 83.1421 
92.9047 92.4115 92.093 91.7628 91.6362 91.8946 91.8996 93.1097 92.8075 92.42 92.2856 92.1172 91.9332 91.9358 93.5724 92.8177 92.8618 92.771 92.4188 92.0535 91.9788 93.8591 93.2967 92.9745 93.1038 92.8858 92.3761 92.2975 93.9556 93.5831 93.4843 93.2768 93.3194 92.759 92.4762 94.404 94.096 93.852 93.6707 93.3319 93.1655 92.7077 94.5288 94.2902 94.1598 93.7056 93.5538 93.2581 93.048 
110.852 111.882 112.552 112.077 112.2 112.275 112.56 110.466 111.826 112.659 112.374 112.566 112.627 112.671 110.023 111.657 112.676 112.327 113.069 112.847 113.367 110.003 111.493 111.773 112.479 112.904 112.53 113.41 110.292 111.49 111.035 111.469 112.672 112.84 112.95 110.312 111.884 111.585 111.414 112.408 112.671 112.881 110.17 110.605 110.486 110.948 112.285 113.163 113.781 
116.011 116.525 117.441 116.602 116.777 116.307 115.909 115.153 116.294 117.332 116.899 117.209 116.624 116.244 114.481 115.784 117.331 116.875 117.814 117.087 117.42 114.667 115.8 116.146 117.391 117.647 117.049 117.486 114.759 116.024 115.344 115.86 117.086 116.835 116.609 114.732 116.211 115.969 115.441 116.237 115.902 115.783 114.499 114.221 113.767 114.624 116.18 116.701 116.823 
102.005 101.737 101.297 100.821 100.088 98.7406 100.715 101.655 101.863 101.498 100.327 99.4557 98.9602 99.835 101.156 101.519 101.718 100.794 99.6641 98.6833 98.6464 100.989 100.452 100.491 100.49 99.7995 98.7182 98.3331 101.134 100.213 99.9837 100.024 99.8767 99.2272 98.1612 101.441 101.285 100.426 100.114 99.4411 99.305 98.1185 101.874 101.433 100.953 100.253 99.2656 98.31 98.4868 
83.8808 83.6331 82.946 83.3027 83.6218 83.4958 82.4351 85.1696 84.0907 82.8348 82.7627 83.5778 84.3406 83.1926 85.8388 85.1358 84.1815 83.2231 84.1701 84.8972 83.096 85.7902 85.2055 84.5252 83.909 85.1362 84.5507 83.5624 85.7039 84.9072 84.2945 83.9819 85.4194 84.4186 85.132 85.6456 85.7191 84.2568 83.6777 86.226 85.2966 84.5552 85.6135 86.3624 86.4509 85.2461 86.8806 85.5424 87.1901 
99.1362 99.0346 98.7658 98.3569 98.6935 98.3737 97.312 100.408 99.5651 98.5394 98.3762 99.2176 99.3478 98.1056 101.085 100.453 99.5286 98.6978 99.7451 100.039 98.3233 101.076 100.492 99.81 99.0239 100.038 99.642 98.8005 101.001 100.308 99.6976 99.2754 100.689 99.5973 100.376 101.311 101.362 99.982 99.5101 101.798 100.512 99.8758 101.277 102.174 101.954 100.801 101.961 100.796 101.737 
112.955 112.717 112.536 112.311 112.717 112.896 112.198 113.924 112.708 111.948 112.097 113.225 113.886 112.738 114.433 113.944 113.428 112.616 113.907 114.523 112.784 114.718 114.077 113.844 113.238 114.189 113.677 113.172 114.655 113.723 113.255 113.061 114.672 113.565 114.915 114.848 114.813 113.424 112.9 115.456 114.692 114.844 114.51 115.732 115.692 114.234 115.533 114.944 116.693 
150.783 151.047 150.785 150.646 151.245 151.998 152.919 151.562 149.847 150.499 151.257 152.413 153.532 152.529 152.653 150.361 152.577 152.73 153.115 154.225 151.591 150.63 150.927 152.837 153.661 153.696 153.672 153.298 146.684 148.242 152.302 152.365 153.042 153.324 152.495 147.24 148.117 150.283 151.164 152.776 153.84 153.865 149.632 149.178 150.427 151.457 151.335 153.314 154.181 
132.713 133.453 134.419 133.794 134.087 133.682 133.904 132.069 133.223 134.315 134.06 134.562 134.324 134.126 131.43 132.9 134.235 134.079 135.216 134.753 135.453 131.645 133.052 133.528 134.862 134.998 134.213 135.297 131.906 133.282 132.869 133.382 134.684 134.513 134.506 131.677 133.45 133.639 133.109 133.846 133.943 134.162 131.525 131.476 131.351 132.158 133.794 134.562 135.145 
121.622 121.018 120.155 119.625 119.177 117.844 120.008 120.954 121.19 120.735 119.239 118.466 118.396 119.225 120.244 120.679 120.602 119.249 118.363 117.52 117.625 120.184 119.985 120.029 119.633 118.563 118.126 117.588 120.355 119.724 119.7 119.762 119.233 118.326 117.043 121.008 121.044 119.978 119.591 119.011 118.646 117.064 121.066 120.736 120.412 119.876 119.005 117.865 117.462 
123.353 122.973 122.588 121.937 121.305 120.239 120.995 123.46 123.611 123.379 122.367 121.182 120.27 120.595 123.486 123.672 123.687 122.916 121.526 120.37 119.877 123.455 123.21 123.059 122.816 121.68 120.691 119.972 123.359 122.985 122.73 122.2 121.479 120.812 119.854 123.804 123.602 123.047 122.129 121.072 120.655 119.688 124.244 123.895 123.09 122.058 121.188 120.272 119.937 
121.562 121.106 120.981 120.47 120.733 120.585 119.255 122.662 121.309 120.464 120.644 121.341 121.499 119.944 123.227 122.534 121.943 120.808 121.794 122.287 119.915 123.554 122.71 122.221 121.501 122.254 121.578 120.372 123.316 122.184 121.624 120.99 122.29 121.018 122.335 123.635 123.217 121.543 120.778 123.173 121.884 121.793 123.147 124.205 123.706 121.995 123.295 122.345 123.645 
158.136 157.836 157.567 157.376 157.481 157.919 158.132 159.074 156.93 157.378 157.977 158.578 159.127 157.648 160.058 157.599 159.522 159.404 159.324 160.037 157.026 158.348 158.474 159.726 160.43 160.27 159.856 158.693 154.709 156.039 159.592 159.085 159.297 159.171 158.158 155.395 155.65 157.444 158.059 159.072 159.626 159.368 157.746 157.175 157.725 158.269 157.959 159.397 159.828 
181.376 179.818 179.666 180.023 181.343 182.81 183.921 179.436 179.491 180.554 181.234 182.07 185.025 185.055 182.089 183.799 183.843 182.961 185.035 185.799 184.024 184.559 185.577 182.481 183.939 186.046 187.517 182.782 183.002 183.446 181.102 183.927 185.141 186.134 183.164 182.365 182.76 183.376 182.871 183.463 183.724 184.319 183.003 183.168 185.031 183.199 180.868 182.355 184.325 
171.613 171.96 171.754 171.73 172.274 172.66 173.3 173.386 171.387 171.919 172.891 174.158 175.244 173.874 174.887 172.066 174.366 174.503 174.978 176.284 172.831 172.478 172.58 174.592 175.749 175.623 175.507 174.654 167.645 169.285 174.06 173.901 174.532 174.285 173.279 168.293 168.905 171.546 172.669 174.24 174.811 174.458 170.92 170.049 171.337 172.907 172.409 174.015 174.568 
130.733 131.605 131.564 131.394 132.233 131.452 133.211 131.569 132.211 131.818 131.306 130.684 131.152 132.083 131.347 131.554 131.25 131.131 130.675 129.977 130.547 131.632 131.409 130.645 130.95 131.725 131.215 130.211 131.337 130.884 130.65 130.186 132.248 132.244 130.229 132.883 132.382 131.769 131.489 131.797 133.057 132.905 134.02 133.243 132.886 133.18 133.081 133.386 133.521 
141.032 140.586 140.355 140.29 140.421 140.529 140.541 140.805 140.841 140.889 141.109 140.513 140.599 140.706 140.536 140.35 140.242 140.048 139.975 139.984 140.156 140.359 140.6 141.014 140.859 139.928 140.544 140.07 140.588 140.696 141.009 141.248 140.808 140.499 140.401 141.014 140.694 140.804 140.826 141.216 141.106 140.578 140.784 140.596 140.726 140.838 141.447 141.483 140.512 
154.478 153.684 155.635 155.492 154.524 154.828 155.29 155.374 155.831 155.919 155.717 154.153 154.213 154.998 155.677 156.114 155.933 155.445 154.366 154.716 155.271 156.046 156.649 156.693 155.919 155.146 153.952 153.986 156.297 155.735 154.516 155.375 154.569 154.05 154.501 156.83 155.105 154.679 155.858 155.238 153.903 153.869 158.228 156.317 156.213 155.073 154.165 153.289 152.771 
185.516 183.357 183.365 183.674 184.438 185.42 185.906 182.925 183.628 184.217 184.78 184.637 186.78 187.184 184.646 187.531 186.796 185.726 187.373 187.531 186.637 188.316 189.29 185.327 186.319 188.42 189.65 184.59 189 188.557 184.076 186.87 187.74 188.536 185.969 188.269 188.048 187.347 186.303 186.018 185.846 186.737 187.453 187.96 188.863 186.177 184.077 184.699 186.348 
190.804 189.115 188.954 189.368 190.608 191.499 192.143 189.215 189.939 190.846 191.098 191.562 194.094 194.015 191.776 193.981 193.778 192.508 194.378 194.876 193.176 194.459 195.645 192.182 193.344 195.689 197.021 192.169 193.476 193.777 190.974 193.761 194.94 195.544 192.681 192.972 193.081 193.39 192.954 193.301 192.882 193.353 192.836 192.719 194.267 192.417 190.086 191.027 192.447 
209.344 208.248 208.378 208.736 209.43 210.54 211.23 207.871 208.859 209.612 210.14 210.303 212.435 212.713 210.324 213.296 212.24 211.346 212.774 212.722 211.776 213.299 214.63 211.16 211.745 213.406 214.971 210.171 213.637 213.973 209.98 211.851 212.556 214.088 211.044 213.087 213.549 213.031 211.967 211.898 211.385 211.656 212.735 213.189 214.191 212.374 210.07 210.158 211.218 
134.249 135.438 135.552 135.93 137.337 137.245 138.403 135.201 135.671 135.318 135.652 135.656 136.764 137.273 135.04 134.969 134.237 134.57 134.815 134.835 135.585 135.091 135.376 134.306 134.362 135.749 136.176 134.961 134.694 134.742 134.394 134.049 136.95 137.09 135.328 136.591 135.93 135.197 135.554 137.053 138.565 138.807 137.344 136.678 136.482 137.55 138.514 139.465 139.147 
146.925 147.001 149.039 149.026 148.643 149.109 150.207 148.194 148.949 148.946 148.796 147.659 148.263 149.426 148.8 149.384 148.905 148.636 147.768 148.201 149.074 149.258 149.872 149.382 148.87 148.751 147.755 147.561 149.146 148.528 146.975 148.045 148.75 148.31 148.211 150.26 148.363 147.624 149.118 149.196 148.675 148.906 151.989 149.766 149.699 149.092 148.462 148.107 147.867 
159.294 158.502 160.745 160.568 159.436 160.117 160.823 160.355 160.754 160.684 160.7 159.136 159.454 160.37 160.843 161.246 160.929 160.255 159.131 159.808 160.469 161.227 161.824 161.664 160.862 160.026 158.859 159.131 161.497 160.791 159.106 160.336 159.91 159.123 159.859 162.28 160.336 159.316 160.881 160.56 159.357 159.398 163.796 161.556 161.319 160.075 159.11 158.42 158.004 
178.183 177.245 179.389 179.338 178.539 178.88 179.451 179.08 179.59 179.526 179.104 178.02 178.411 179.185 179.409 180.093 179.702 178.898 178.046 178.5 179.386 180.229 181.008 180.662 179.605 179.046 177.672 178.148 180.526 180.1 178.591 179.488 178.932 177.977 178.887 181.191 179.408 178.556 179.971 179.252 177.803 178.156 180.729 178.644 178.434 177.035 175.946 174.885 174.651 
208.304 206.65 206.875 207.257 207.964 208.923 209.457 205.935 206.959 207.778 208.084 208.174 210.168 210.365 208.249 211.306 210.256 209.045 210.695 210.44 209.53 211.48 212.886 208.975 209.482 211.574 212.97 208.047 211.957 212.224 207.897 210.044 210.935 212.109 209.35 211.46 211.771 210.908 209.792 209.779 209.222 209.779 210.285 210.686 211.484 209.195 207.128 207.143 208.412 
234.826 235.964 236.425 236.513 236.011 236.525 236.677 235.985 236.258 236.636 236.492 236.234 236.381 236.367 236.703 237.783 237.779 237.132 236.274 236.066 235.457 236.259 237.573 238.252 237.3 236.545 236.627 235.88 236.451 237.785 238.083 236.151 235.513 237.037 236.219 237.038 237.747 237.63 237.135 236.661 236.523 236.945 235.859 236.319 236.137 236.258 235.554 235.459 234.829 
