3561272
95.8497 95.6384 95.3694 95.4339 95.9508 95.7805 95.0806 97.0367 96.2311 95.2801 95.2892 96.0149 96.5644 95.7402 97.8296 97.0946 96.4649 95.6685 96.4783 96.9491 95.7309 97.8563 97.2666 96.7113 96.248 97.2091 96.5879 95.9254 97.8615 97.1256 96.8091 96.4149 97.731 96.5329 97.1028 97.98 98.0365 97.0015 96.6412 98.4493 97.5994 97.0062 98.1036 98.7074 98.6694 97.7241 98.9875 97.776 98.8544 
160.536 159.987 160.159 160.702 161.831 162.438 162.827 159.588 161.166 161.558 161.933 162.669 164.623 164.618 161.598 164.648 163.762 162.798 164.965 165.024 164.276 164.177 165.931 162.8 163.326 165.768 166.669 163.296 164.368 165.173 161.952 163.992 165.511 165.764 164.442 164.132 165.157 164.414 163.877 164.906 164.136 164.526 164.129 165.458 166.188 164.401 163.404 163.136 164.654 
191.46 189.645 189.761 190.31 191.423 192.072 192.848 190.03 190.698 191.257 191.71 192.099 194.074 194.295 191.936 194.267 193.251 192.487 194.468 194.248 193.805 194.866 195.633 192.119 193.025 195.402 196.425 192.455 195.101 194.813 191.295 193.548 194.818 195.456 193.315 194.775 194.545 194.265 193.639 193.749 193.228 193.789 194.385 194.337 195.056 193.399 191.648 191.697 193.09 
80.0644 80.7585 80.7547 80.7857 81.0736 81.1352 80.8155 80.6822 81.1365 80.625 80.6126 81.114 81.4456 81.1743 81.1097 81.4725 81.2968 80.8566 81.5113 81.8465 81.1769 81.0361 81.6513 81.3244 81.191 81.7885 81.6072 81.5488 80.9052 81.5258 81.3681 81.1848 82.1341 81.5742 82.2343 81.1309 82.0271 81.3453 81.2535 82.6578 82.2146 81.9408 81.1788 82.5091 82.6297 82.1258 82.934 82.3557 83.0469 
119.904 120.292 120.075 120.126 120.468 120.888 121.355 119.974 120.388 120.14 120.34 120.503 120.881 121.39 119.974 120.565 120.533 120.835 120.887 120.867 121.469 120.151 120.738 120.902 121.282 121.217 120.901 121.434 120.119 120.742 121.146 121.165 121.327 121.416 121.627 120.297 120.788 121.225 121.31 121.452 121.947 122.102 120.546 121.026 121.12 121.361 121.659 121.879 122.269 
177.551 176.917 177.607 178.116 178.809 179.976 180.922 176.772 178.483 179.189 179.623 179.766 181.592 182.075 178.757 181.648 180.933 180.33 181.865 182.048 181.625 180.942 183.027 180.127 180.984 182.753 183.754 180.625 180.978 182.186 179.092 181.445 182.377 182.938 181.503 181 181.572 181.356 181.33 181.593 181.049 181.591 181.134 181.684 182.609 180.982 179.332 179.539 180.789 
77.1531 76.8792 76.4181 76.5092 76.2685 76.3862 76.4748 77.3122 77.0532 76.6418 76.6288 76.326 76.4057 76.4426 77.3516 77.1635 76.9484 77.0416 76.6714 76.418 76.3997 77.5829 77.4595 77.3987 77.4578 77.2286 76.6961 76.6188 77.6826 77.5242 77.4889 77.532 77.199 77.1827 76.9297 77.7739 77.7542 77.6361 77.405 77.1408 77.3775 77.0834 77.983 77.809 77.9273 77.6045 77.689 77.4652 77.6173 
111.69 112.433 113.251 113.034 112.671 113.361 113.865 112.236 113.077 113.208 113.264 112.97 113.15 113.499 112.66 113.376 113.481 113.468 113.231 113.572 113.501 112.554 113.898 114.001 113.883 113.47 113.328 113.505 112.113 113.259 113.225 113.643 113.571 113.491 113.729 112.574 112.972 113.092 113.685 113.842 113.707 113.702 113.342 113.493 113.819 113.513 113.286 113.344 113.296 
153.423 152.977 154.466 154.151 153.592 154.479 155.288 154.647 154.259 154.441 154.563 153.989 154.5 154.778 155.475 154.919 155.045 154.882 154.198 154.943 154.597 155.314 155.694 155.888 155.853 154.932 154.173 154.224 154.567 154.485 154.446 155.28 154.991 154.315 154.35 155.181 153.79 154.001 155.238 155.31 154.733 154.547 156.662 154.853 155.245 154.676 153.907 153.87 153.794 
