3561272
73.2627 73.2331 73.6074 73.6791 72.8744 72.7132 73.9689 161.649 162.007 162.605 162.935 162.674 161.981 163.518 162.489 162.952 163.117 163.227 163.763 164.609 164.472 166.611 167.227 166.869 167.955 168.783 168.8 168.452 166.716 167.235 167.393 168.349 169.561 169.247 169.18 167.465 167.412 166.787 168.426 169.972 169.723 169.191 167.533 167.362 167.393 168.563 169.498 169.043 168.474 
136.883 137.793 137.809 138.599 139.198 140.011 139.252 150.379 148.782 149.136 149.372 150.181 150.584 150.487 148.588 149.041 149.062 149.664 150.467 150.796 150.402 150.553 149.112 150.202 150.432 150.884 151.048 151.456 151.489 149.808 151.25 151.481 150.823 151.204 151.16 151.218 150.942 152.637 152.983 152.604 152.296 152.031 153.463 152.377 152.1 152.952 152.947 152.987 151.995 
151.421 151.91 151.381 151.727 151.959 152.323 153.725 151.855 151.043 152.308 151.85 152.566 152.627 153.428 152.19 150.887 151.846 151.805 153.262 153.061 152.605 154.134 152.693 152.142 152.442 153.823 153.079 152.712 156.062 155.411 155.957 154.132 154.087 154.077 154.913 156.765 156.298 158.489 155.439 154.793 156.293 156.91 157.262 157.648 158.364 157.118 155.681 156.5 157.921 
156.386 156.172 155.837 155.929 156.326 156.669 156.518 156.362 156.929 157.139 157.333 157.341 156.678 156.521 155.9 155.58 156.438 156.958 156.422 156.04 156.581 156.298 155.478 157.23 158.897 157.184 156.175 156.865 157.865 157.726 158.627 158.082 157.714 157.316 158.068 159.498 159.222 158.959 158.406 158.469 157.844 157.684 160.199 158.96 158.684 158.589 158.514 158.262 157.6 
162.508 162.06 161.759 162.34 161.889 161.672 162.537 162.892 162.38 162.427 163.037 162.698 162.557 162.666 162.826 162.592 162.26 162.608 162.849 162.756 162.908 163.115 163.065 162.689 162.87 162.884 162.868 162.768 164.097 163.764 164.004 164.578 164.418 163.621 163.373 164.146 163.674 163.61 163.987 164.218 163.557 163.243 164.407 164.036 164.421 164.36 164.204 163.702 163.491 
168.12 167.823 167.795 168.028 167.366 166.9 167.162 168.419 168.044 168.056 168.462 167.833 167.574 167.365 168.503 168.143 167.922 168.22 168.239 167.728 167.822 168.845 168.908 168.546 168.536 168.628 168.336 167.895 169.275 169.268 169.032 169.401 169.346 168.612 168.042 169.492 169.327 169.09 168.97 169.248 168.583 168.254 169.897 169.344 169.042 169.007 169.058 168.653 168.455 
176.327 176.089 175.755 175.73 175.265 174.92 174.567 176.695 176.395 176.144 176.462 175.562 175.113 174.736 176.763 176.468 176.5 176.475 175.968 175.117 175.209 176.925 177.059 176.745 176.523 176.29 175.818 175.237 176.613 176.909 176.498 176.536 176.294 175.928 175.314 176.845 176.801 176.545 176.102 176.037 175.901 175.496 177.004 176.557 176.287 175.993 176.03 175.858 175.972 
188.99 186.833 186.568 187.408 188.559 189.206 189.518 186.55 187.493 188.228 188.638 188.63 190.551 190.856 188.62 191.506 190.577 189.643 191.391 191.032 190.402 192.053 193.279 189.198 190.215 192.326 193.498 188.467 192.631 192.65 188.104 190.947 191.708 192.461 189.479 192.03 191.889 191.358 190.268 190.047 189.667 190.217 191.785 191.748 192.946 190.721 188.346 188.705 190.234 
194.281 192.205 192.171 192.662 193.396 194.235 194.194 191.753 192.445 192.943 193.299 193.647 196.202 196.633 194.407 197.844 195.722 194.844 196.573 196.738 196.338 197.728 199.274 194.39 195.253 197.119 198.871 194.194 197.792 198.317 193.085 195.91 196.701 197.848 195.752 197.173 198.067 196.667 195.309 195.386 194.621 196.148 197.02 197.121 198.13 195.294 193.245 193.489 195.646 
200.876 198.211 198.316 199.755 201.151 201.036 200.746 198.132 198.677 199.341 199.825 200.221 202.197 202.526 199.939 203.717 201.99 199.769 201.626 202.395 202.193 202.284 204.002 199.426 199.78 201.191 204.167 199.627 202.47 202.232 197.388 198.622 200.137 201.767 199.303 199.066 200.88 199.057 197.459 197.338 197.596 197.42 197.584 197.86 199.002 195.469 193.102 194.508 196.977 
218.864 215.994 216.788 220.353 221.694 218.641 216.292 218.895 216.756 216.136 216.936 217.892 216.247 216.319 217.15 218.736 216.762 213.556 212.748 215.442 216.777 212.222 214.242 212.982 211.183 208.95 213.679 214.849 210.62 210.938 210.623 204.778 206.626 209.217 210.172 202.342 208.033 204.759 203.438 202.96 205.294 202.944 188.17 188.232 187.683 184.515 184.506 187.705 190.806 
238.848 236.405 236.774 240.139 242.415 239.651 237.958 238.561 237.827 238.024 238.491 238.781 236.215 236.035 236.328 237.188 237.746 233.716 233.393 235.609 236.104 232.254 233.111 233.381 231.674 229.825 233.903 234.39 231.516 230.189 231.214 225.365 227.342 229.232 227.622 222.374 226.591 224.718 223.631 222.537 224.431 217.742 104.154 103.972 103.793 101.756 101.265 101.939 103.5 
136.301 136.762 136.51 136.892 137.29 137.49 136.779 145.738 144.296 144.268 144.522 145.127 144.788 144.49 144.63 144.78 144.379 144.793 144.925 144.881 144.484 146.042 144.76 145.457 145.244 145.272 145.516 145.371 146.416 145.096 146.197 146.294 145.544 145.658 144.775 146.337 146.216 147.223 147.166 146.627 146.17 145.388 148.41 147.626 146.86 147.124 146.9 146.59 145.48 
145.254 145.499 144.858 145.138 145.271 145.561 146.232 146.512 145.233 145.867 145.534 146.192 146.286 146.17 146.146 144.934 145.745 145.85 146.661 146.727 145.975 148.15 146.114 146.1 146.235 147.183 146.82 146.2 149.248 147.571 148.366 147.27 147.231 146.995 146.728 149.7 148.975 151.509 149.014 147.847 148.684 148.652 151.399 151.185 151.251 150.178 149.076 149.34 150.154 
149.805 150.08 149.386 148.972 149.597 150.022 149.51 150.306 150.45 150.35 150.006 150.361 149.725 149.376 149.825 148.838 149.754 149.797 149.58 149 148.952 150.44 148.759 150.132 151.317 150.257 148.789 149.061 151.254 150.438 151.326 150.215 149.652 149.276 150.036 152.801 152.153 152.893 151.148 150.671 150.485 150.463 153.894 152.702 152.184 151.495 151.156 151.237 151.113 
153.196 153.543 152.632 151.878 152.225 152.451 151.988 153.421 153.76 153.774 153.308 153.246 152.184 151.629 152.496 151.735 152.858 152.905 152.237 151.309 151.03 152.707 151.634 153.146 154.238 152.637 151.074 151.354 153.902 153.237 154.484 152.935 152.217 151.998 152.812 155.81 154.805 155.493 153.658 152.84 153.013 153.236 156.591 155.362 154.859 154.087 153.383 153.485 153.659 
158.317 156.815 156.33 155.849 155.462 156.07 155.821 157.069 155.652 155.381 155.875 156.311 156.279 155.446 156.212 156.18 157.207 156.418 156.422 156.374 155.381 157.894 156.8 157.95 158.766 157.241 155.672 155.496 157.645 156.173 156.913 156.843 156.302 155.66 157.149 158.239 156.828 156.256 156.08 155.61 155.959 157.427 157.232 157.58 156.793 155.546 155.773 156.336 156.933 
162.29 161.654 163.818 163.651 162.349 162.908 163.902 163.54 163.948 163.788 163.606 162.104 162.652 163.62 164.118 164.636 164.162 163.27 162.41 163.042 163.94 164.751 165.415 165.013 163.724 162.93 161.655 161.954 164.286 163.439 161.913 163.504 162.74 161.929 162.37 164.76 162.633 161.894 163.76 163.346 161.867 161.716 166.402 164.201 164.365 162.977 161.681 160.734 160.254 
179.428 178.878 178.738 179.492 179.503 178.841 178.682 179.842 179.578 179.103 179.381 179.056 178.622 178.513 179.786 179.549 179.215 179.347 179.351 178.746 178.499 179.682 180.24 179.889 179.463 179.561 179.104 178.502 179.415 180.2 179.983 179.76 179.465 179.272 178.819 179.985 179.682 179.584 179.44 179.391 179.447 179.512 180.04 179.691 179.342 179.495 179.74 179.472 179.308 
189.458 189.008 188.381 188.998 189.375 189.035 188.793 189.843 189.863 189.334 189.501 189.336 188.897 188.808 189.896 189.708 189.428 189.815 189.652 189.2 188.844 189.593 189.884 189.68 189.699 189.765 189.449 188.752 189.425 189.953 189.892 189.74 189.652 189.399 188.989 190.153 190.184 189.95 189.925 189.415 189.22 189.301 190.063 190.107 190.006 189.844 190.106 189.537 189.487 
195.756 194.342 194.299 194.432 195.555 196.809 197.903 193.405 194.849 195.189 195.913 196.233 198.532 199.363 195.259 198.524 197.499 197.393 199.312 199.575 198.722 198.775 199.996 196.164 197.293 199.586 201.234 195.868 200.066 199.946 195.377 198.299 199.139 200.305 197.241 199.578 199.386 198.802 197.715 197.674 197.976 198.167 199.819 199.559 200.802 198.319 196.852 197.315 198.231 
210.765 211.021 211.182 211.139 209.727 209.19 208.65 210.829 210.313 209.822 209.992 209.891 210.34 210.327 211.516 212.088 209.942 210.542 210.225 210.216 210.543 210.604 211.391 210.124 209.969 209.635 209.938 210.542 210.056 211.177 210.161 209.356 209.635 209.965 211.554 210.262 211.673 210.203 209.349 210.257 209.376 210.719 210.501 211.017 210.34 209.335 209.863 209.064 210.219 
223.144 222.127 222.318 224.353 224.885 222.555 221.562 222.989 222.52 222.364 222.782 222.946 220.921 220.85 222.104 222.727 222.246 219.847 219.609 220.418 221.029 218.992 219.92 219.973 218.855 217.585 219.89 220.577 218.484 217.553 217.935 213.979 215.677 216.416 216.113 213.018 215.352 213.899 212.961 212.762 214.17 210.949 210.614 210.646 210.546 209.065 208.358 209.734 211.19 
237.132 240.433 240.673 242.385 240.123 242.16 241.707 239.718 238.047 239.883 239.057 237.364 238.216 237.978 240.843 242.533 244.098 241.03 237.405 237.875 235.698 237.574 241.16 243.859 239.652 237.605 239.891 235.907 238.07 241.935 242.196 235.536 232.521 241.097 236.087 238.347 241.956 241.786 239.588 235.885 238.77 240.133 227.105 229.35 229.695 229.405 226.125 227.899 227.275 
141.643 140.917 140.707 140.177 139.52 138.89 138.594 141.967 141.067 140.473 140.446 140.184 139.58 139.107 142.456 141.482 140.731 140.316 139.908 139.518 139.515 142.81 142.189 141.387 140.694 140.198 140.303 139.577 142.429 142.286 141.878 141.391 140.838 140.463 139.12 142.455 142.416 142.108 141.529 140.711 140.127 139.144 142.833 142.757 141.957 141.309 140.905 140.359 139.975 
143.306 143.179 143.01 143.132 143.31 143.285 143.131 144.268 143.598 143.333 143.32 143.494 143.097 142.965 144.304 143.763 143.366 143.424 143.306 143.143 143.041 144.577 143.744 143.7 143.522 143.456 143.458 143.19 144.303 143.555 143.736 143.987 143.652 143.543 142.915 144.234 144.024 144.321 144.158 144.024 143.757 143.161 145.058 144.59 144.094 143.979 144.217 143.876 143.265 
145.703 145.99 145.685 145.439 145.504 145.286 145.612 146.503 145.984 146.132 145.492 145.712 145.655 145.421 146.626 145.504 145.502 145.426 145.721 145.546 145.037 146.957 146.25 145.646 145.444 145.797 145.411 144.762 147.015 146.543 146.844 146.077 145.977 145.914 145.671 147.801 147.107 147.937 146.546 146.046 146.633 146.739 148.248 147.748 147.719 146.966 146.584 146.872 147.578 
152.011 151.133 150.702 149.837 149.749 150.414 149.929 151.173 150.129 149.71 149.939 150.344 150.262 149.484 150.364 150.212 151.085 150.203 150.028 149.806 148.895 151.404 150.238 150.996 151.64 150.261 148.955 148.91 150.74 149.505 149.72 149.526 149.084 148.881 150.632 151.412 149.861 148.985 148.576 148.403 149.095 150.767 150.089 150.029 149.111 148.021 148.422 149.283 150.251 
156.608 155.492 157.657 157.069 155.676 156.648 157.396 157.2 156.886 156.825 156.662 155.681 156.5 156.996 157.429 158.052 158.121 156.903 156.049 156.918 156.961 158.64 158.947 158.805 157.812 156.436 154.802 154.922 157.984 156.524 155.105 156.417 155.513 154.926 156.27 158.591 155.533 154.396 156.096 155.395 154.875 156.017 159.217 157.142 156.859 154.983 153.897 153.656 154.199 
158.923 157.57 159.956 159.553 158.159 159.341 160.135 159.159 159.012 159.132 159.021 157.883 158.808 159.667 159.771 160.496 160.498 159.105 158.426 159.369 159.746 161.366 161.463 161.183 160.323 159.123 157.491 157.787 160.83 159.175 157.237 158.816 157.999 157.448 159.002 161.267 158.287 156.859 158.553 158.142 157.431 158.536 161.989 159.861 159.391 157.463 156.474 156.23 156.72 
165.514 165.508 167.781 167.358 166.349 167.154 168.187 167.172 166.916 167.311 167.298 166.487 167.85 167.895 168.703 168.066 169.064 168.232 167.326 168.767 167.439 167.864 168.894 169.542 169.022 168.331 166.97 166.465 164.936 165.377 166.024 167.262 166.933 166.316 166.299 165.662 164.348 164.828 167.237 167.307 166.238 166.25 168.889 166.594 167.309 166.615 165.028 165.014 165 
195.564 197.018 197.207 195.921 196.685 198.134 200.072 195.946 196.921 195.55 197.369 198.016 198.779 200.367 194.665 195.822 196.038 199.302 199.172 200.642 199.924 194.88 195.777 196.41 197.099 197.56 198.757 196.556 196.754 197.377 197.236 197.445 197.316 199.01 197.892 197.408 196.505 197.063 197.196 197.436 200.266 199.698 199.212 197.327 197.552 197.34 200.365 201.186 199.667 
204.935 206.899 207.285 205.036 205.217 207.177 209.256 205.177 206.177 205.032 206.537 207.017 207.628 209.708 204.213 205.074 205.305 208.611 208.409 209.712 209.495 204.519 205.103 205.654 206.445 207.013 208.167 206.44 206.208 207.054 206.728 206.83 207.203 208.851 207.95 206.936 206.78 207.433 207.105 207.479 210.247 209.3 209.335 207.684 207.797 207.157 210.199 211.015 209.331 
214.345 215.686 215.97 214.328 214.555 215.468 217.164 214.439 214.849 214.053 215.245 216.264 216.437 217.443 213.342 214.474 214.404 216.836 217.411 218.206 217.588 213.843 214.428 215.11 216.076 216.139 217.038 215.584 215.402 215.5 215.933 215.947 216.57 217.29 216.676 216.342 215.515 216.189 215.854 217.178 218.562 217.707 217.92 216.048 216.547 216.501 218.569 218.907 217.533 
233.011 236.051 236.859 238.013 235.483 237.531 237.514 235.007 233.963 235.437 235.264 233.806 234.495 235.053 235.577 237.381 238.473 236.642 234.191 233.979 232.732 232.817 236.166 238.728 236.049 234.64 236.015 233.071 232.972 236.967 237.71 232.596 230.938 237.012 233.574 233.84 236.943 237.347 235.513 233.431 235.778 236.782 236.55 238.432 239.047 239.44 236.868 238.559 237.688 
240.547 244.401 245.367 246.345 244.114 246.104 246.042 243.296 242.136 244.025 243.544 241.673 242.294 242.747 244.033 246.271 248.112 245.273 241.987 242.134 239.969 241.144 244.905 248.349 244.354 242.297 244.243 239.882 241.698 245.99 246.694 240.486 237.616 245.508 240.456 242.523 245.773 245.884 243.789 240.401 243.612 244.75 245.301 247.142 247.652 248.243 245.359 247.405 246.094 
139.308 138.376 137.723 137.218 136.656 135.469 134.077 139.054 138.198 137.758 137.229 136.244 135.492 135.102 139.381 138.646 137.886 137.524 136.278 135.435 135.191 139.275 138.759 138.119 137.484 136.404 135.677 135.036 138.755 138.281 137.985 137.184 136.153 135.69 134.899 138.426 138.308 138.248 137.122 136.082 135.513 134.812 139.012 138.71 137.92 137.041 136.485 135.67 134.986 
139.773 139.53 139.517 139.473 138.924 138.192 138.109 139.791 138.94 139.231 138.734 137.891 137.745 137.811 140.052 139.265 138.83 138.694 138.309 138.315 138.24 139.859 139.574 138.958 139.079 138.65 138.266 137.632 139.596 139.29 138.781 139.106 138.608 138.569 138.074 138.911 139.008 139.101 139.059 138.831 138.855 138.155 139.118 138.74 138.733 138.76 138.624 138.758 138.169 
135.556 136.867 136.981 137.112 138.892 138.825 140.024 136.585 137.342 136.822 136.961 136.811 138.151 138.793 136.233 136.166 135.244 135.77 135.775 135.886 136.747 136.338 136.476 135.235 135.283 136.574 137.033 135.738 135.791 135.62 135.336 134.818 137.953 138.048 136.184 137.743 136.98 136.073 136.407 138.131 139.573 139.865 138.446 137.834 137.483 138.421 139.594 140.376 139.923 
143.157 144.244 144.706 144.604 144.619 143.959 143.66 144.331 144.518 144.79 144.216 144.118 144.105 143.913 143.472 143.373 143.29 143.72 143.561 143.319 143.064 142.36 143.078 142.875 142.701 142.608 142.524 142.314 141.982 142.495 142.99 142.664 142.529 143.426 143.204 142.401 142.216 142.127 141.934 142.122 143.331 143.596 142.172 141.216 141.346 141.85 141.941 142.807 143.059 
152.287 150.943 150.711 150.462 150.209 151.098 151.143 150.707 149.036 149.109 149.845 150.467 151.032 150.672 149.753 150.135 151.223 150.092 150.766 151.15 150.058 151.768 150.702 151.047 151.525 150.795 150.011 149.901 151.105 149.47 149.363 149.657 149.115 149.263 151.269 150.532 148.939 148.178 148.04 148.076 149.508 151.733 148.547 149.237 148.888 147.557 148.057 149.723 151.496 
161.414 161.448 163.847 163.663 162.597 163.484 164.813 163.061 162.783 163.403 163.675 162.807 164.056 164.359 164.618 164.009 165.235 164.454 163.495 165.021 163.804 163.711 164.822 165.711 165.3 164.379 163.047 162.861 160.783 161.228 162.044 163.425 162.949 162.436 162.559 161.558 160.289 160.837 163.122 163.438 162.615 162.545 164.861 162.567 163.35 162.67 160.986 161.222 161.326 
169.077 170.256 170.4 170.28 170.277 170.757 171.62 170.537 168.74 169.742 170.839 171.92 173.495 171.817 172.273 169.693 172.83 172.757 173.081 174.654 170.027 168.6 169.962 172.491 173.841 173.823 173.548 171.951 162.481 165.404 171.24 170.796 171.363 171.778 170.577 162.917 164.806 167.966 169.397 171.185 172.279 172.011 166.729 166.918 168.871 170.331 170.063 172.196 172.736 
178.251 179.545 179.603 179.011 179.287 179.317 179.534 179.617 177.838 178.644 179.421 180.626 181.693 179.53 181.275 178.847 181.584 181.381 181.672 182.808 178.148 177.959 179.243 181.383 182.32 182.664 182.051 180.064 172.294 175.296 180.384 179.817 180.551 180.6 179.036 172.814 174.636 177.535 178.85 180.116 180.648 180.397 176.526 176.802 178.277 179.474 178.798 180.509 180.932 
207.919 208.892 209.375 207.078 208.401 210.196 212.77 209.921 210.008 208.939 210.645 212.817 213.377 214.786 208.327 209.409 209.667 213.073 214.473 216.569 214.998 209.338 209.71 210.923 212.084 212.443 214.541 211.96 211.9 212.083 212.754 213.095 213.206 215.077 214.133 213.51 212.373 213.232 213.072 214.594 216.425 216.079 215.792 213.141 213.515 213.6 216.884 217.608 215.786 
223.062 222.151 222.281 222.122 222.62 223.437 224.018 222.961 221.609 221.401 221.717 223.607 223.842 223.87 222.347 222.399 221.893 222.698 225.288 225.588 224.443 222.984 223.009 223.701 224.689 225.229 225.897 225.228 224.086 224.129 225.852 225.787 226.299 226.23 227.281 226.042 225.662 226.473 226.28 227.886 226.253 227.286 226.79 226.297 226.217 227.155 227.237 226.951 226.829 
235.059 234.477 234.885 234.552 234.785 235.283 235.858 235.565 234.405 233.829 234.388 236.456 236.125 235.869 234.993 235.096 233.874 234.993 237.35 237.008 236.278 235.305 235.363 235.391 236.505 236.638 236.977 236.702 235.574 235.402 236.899 236.818 237.313 237.352 237.704 236.914 236.424 237.084 236.981 238.603 237.425 237.78 237.254 236.418 236.574 237.8 237.83 237.464 237.262 
247.359 249.373 250.258 250.994 249.419 251.102 251.115 248.575 248.192 249.124 249.31 247.922 248.893 248.999 249.668 250.939 252.032 250.444 248.093 248.59 247.123 247.708 250.132 252.252 249.765 248.408 249.94 247.237 248.039 250.997 251.65 247.633 245.658 250.894 247.956 248.654 251.13 251.105 249.911 247.957 249.657 250.651 250.065 252.075 252.43 252.824 250.783 252.16 251.308 
135.63 134.652 133.903 133.162 132.488 131.352 130.221 135.465 134.401 133.992 133.132 132.065 131.492 131.201 135.753 134.93 134.174 133.503 132.368 131.639 131.346 135.865 135.17 134.339 133.473 132.351 131.602 131.247 135.487 134.821 134.229 133.325 132.304 131.758 131.395 134.981 134.76 134.554 133.672 132.46 131.76 131.51 135.541 135.024 134.469 133.735 133.055 132.357 131.751 
132.516 133.556 133.311 133.437 134.954 134.252 135.376 133.312 133.753 133.151 133.202 132.898 133.937 134.541 132.899 132.767 131.975 132.287 132.25 132.077 132.746 133.17 133.309 132.176 131.929 132.994 133.376 132.081 132.788 132.604 132.383 131.58 134.373 134.446 132.338 134.575 133.826 133.198 133.247 134.474 135.871 136.113 135.337 134.773 134.267 135.168 136.079 136.571 136.163 
132.142 133.387 133.335 133.722 135.647 135.411 136.792 133.076 133.545 133.039 133.292 133.211 134.986 135.67 132.64 132.385 131.454 131.959 132.183 132.579 133.565 132.996 133.161 131.913 131.781 133.17 133.909 132.529 132.703 132.589 132.279 131.615 135.05 135.198 133.168 134.91 134.091 133.085 133.529 135.316 136.976 137.484 135.587 135.038 134.771 135.989 137.185 138.144 137.687 
133.377 134.63 134.558 134.938 136.792 136.791 138.303 134.147 134.731 134.341 134.74 134.779 136.563 137.307 133.473 133.465 132.728 133.338 133.535 133.91 135.085 133.831 134.016 132.903 132.851 134.313 135.22 134.255 133.578 133.467 133.276 132.665 136.021 136.347 134.541 135.558 134.713 133.84 134.213 136.056 137.969 138.456 135.914 135.456 135.312 136.449 137.637 138.956 138.631 
135.851 136.762 137.391 138.312 138.926 138.799 139.801 135.34 136.271 136.597 138.846 138.725 139.703 141.779 135.676 136.523 136.504 137.746 138.571 139.777 141.611 135.319 136.235 136.522 138.26 139.398 139.797 141.066 135.937 136.037 135.307 139.414 139.704 140.436 140.082 135.051 136.428 136.551 136.885 139.461 140.652 140.066 134.799 136.23 137.433 137.231 138.891 140.319 140.602 
146.137 146.73 147.749 148.726 149.682 153.321 158.055 146.056 146.918 147.889 150.401 150.692 154.893 159.904 145.728 147.096 147.965 149.268 151.462 155.315 159.113 144.989 146.247 147.165 149.867 151.438 155.008 159.397 145.591 145.418 146.792 149.466 151.706 154.823 159.704 145.12 145.947 147.206 148.695 152.352 157.832 160.135 145.362 146.041 147.923 149.582 154.15 158.825 159.32 
163.757 165.408 165.974 166.307 167.142 169.359 171.935 165.14 163.707 165.329 167.149 168.897 172.081 172.374 166.657 164.706 168.334 168.786 170.203 173.376 170.57 162.776 164.635 168.027 169.966 170.97 172.038 172.592 156.776 160.123 166.601 167.092 168.815 170.681 171.277 157.346 159.981 163.848 165.742 168.929 172.084 173.014 161.325 161.89 164.705 166.907 167.726 172.017 173.266 
170.428 169.205 171.334 171.91 173.182 178.354 183.323 178.074 178.21 179.547 181.288 183.064 189.242 194.397 178.832 179.071 178.582 179.942 183.137 189.4 193.11 177.042 177.238 177.658 180.749 184.123 189.508 192.784 178.337 176.825 177.949 180.427 185.194 189.21 194.183 177.425 176.989 178.366 181.51 186.542 191.862 194.893 177.428 176.638 178.918 182.197 188.54 192.804 192.503 
197.803 195.238 195.142 192.208 195.481 196.86 199.781 209.572 207.697 206.623 207.425 208.523 210.317 211.707 211.529 210.911 210.334 210.643 211.919 212.272 213.125 212.768 212.147 212.706 212.9 214.069 213.944 214.357 214.312 214.393 214.282 214.898 215.817 215.415 215.494 214.674 215.347 214.654 214.475 214.951 215.441 215.905 214.631 215.622 214.823 214.561 215.166 215.419 215.246 
223.437 220.983 220.732 219.846 219.488 220.305 221.949 227.251 224.266 223.074 223.47 227.004 226.325 225.942 225.903 225.436 224.025 225.631 229.864 229.576 226.642 228.223 226.649 227.468 229.431 228.469 229.166 227.378 230.215 228.105 231.195 231.798 230.645 230.363 231.023 233.502 231.652 232.469 231.877 233.786 230.22 230.664 234.046 232.428 230.887 232.337 233.365 231.907 231.343 
245.991 246.738 247.854 247.463 247.174 247.881 248.353 245.806 247.796 247.009 247.675 247.891 248.935 249.308 248.45 248.831 247.751 249.118 248.205 248.695 249.269 248.528 249.962 248.998 249.514 248.564 248.027 248.547 248.702 249.551 249.806 249.748 248.865 248.25 248.574 249.389 249.49 249.858 249.111 249.427 248.261 248.675 248.547 249.723 249.423 248.865 249.107 248.794 248.566 
254.186 253.805 254.103 253.738 253.581 253.631 254 253.113 254.412 253.405 254.26 254.131 254.441 254.525 254.481 254.414 254.1 254.519 253.438 253.989 254.436 254.822 254.689 254.228 254.436 253.964 253.66 253.975 254.67 254.265 254.337 254.685 254.274 254.405 254.205 254.394 254.443 254.271 254.432 254.618 254.214 253.887 253.024 254.148 253.999 254.303 254.426 254.083 253.761 
130.568 129.505 128.954 128.667 127.857 127.265 126.74 130.699 129.659 129.33 128.52 127.564 127.267 127.088 131.028 130.343 129.719 128.834 127.696 127.435 126.986 131.584 130.768 130.091 129.01 128.384 128.091 127.397 131.53 131.144 130.317 129.35 128.866 128.459 128.154 131.696 131.476 130.88 129.733 129.14 128.392 128.948 132.529 131.747 131.005 130.72 130.045 129.392 129.283 
128.185 127.999 127.856 127.465 127.656 127.588 127.931 128.64 128.027 127.937 127.37 127.566 127.657 127.636 128.507 128.03 127.856 127.598 127.602 127.789 127.788 128.635 128.248 128.243 128.029 127.952 128.035 127.98 129.102 128.704 128.486 128.501 128.178 128.212 128.106 128.828 128.698 128.768 128.864 128.449 128.132 128.35 129.073 128.778 128.744 128.739 128.629 128.448 128.77 
129.897 131.21 131.051 131.331 133.185 133.043 134.282 130.864 131.335 130.679 130.914 131.012 132.571 133.107 130.321 130.17 129.234 129.804 130.014 130.087 130.982 130.707 130.894 129.657 129.483 130.922 131.393 130.134 130.371 130.21 130.112 129.181 132.422 132.637 130.463 132.429 131.476 130.709 130.964 132.416 134.142 134.61 133.081 132.419 131.899 133.081 134.109 134.876 134.725 
126.872 127.501 127.895 128.561 129.147 129.312 129.868 126.654 126.99 127.043 128.486 128.932 129.992 131.263 126.876 127.102 126.64 127.844 128.462 129.731 131.088 126.335 127.013 127.327 128.515 129.595 129.815 130.4 127.068 127.044 126.575 129.59 129.954 130.194 129.755 126.471 127.428 127.49 128.146 129.865 129.968 129.658 126.282 127.103 128.043 128.117 129.476 129.597 130.207 
126.956 128.209 129.267 130.424 131.274 131.692 132.668 126.615 127.69 128.655 131.058 131.866 133.171 134.839 126.911 127.987 128.327 130.058 131.348 132.937 134.721 126.323 127.79 128.392 130.396 132.295 133.024 133.832 126.833 127.363 127.15 131.514 132.492 133.536 132.843 126.201 127.871 128.111 129.133 132.043 132.898 132.47 125.94 127.599 129.102 129.358 131.724 132.488 133.169 
126.714 129.33 131.241 133.339 136.077 138.943 142.462 125.79 128.414 130.332 134.543 136.255 139.571 144.443 126.214 128.737 130.091 132.785 135.906 140.097 144.728 125.549 127.993 129.775 133.162 136.62 139.574 144.089 126.326 127.584 127.734 134.647 137.178 140.744 142.966 125.715 128.609 129.79 131.514 137.014 141.558 143.191 125.491 128.392 130.616 131.791 135.856 140.946 143.315 
130.131 135.309 140.039 144.84 151.174 165.835 176.506 129.692 135.426 139.898 145.321 152.417 167.736 179.25 128.213 134.527 138.641 143.415 152.207 166.99 177.062 126.002 131.961 137.447 143.516 151.533 165.803 175.959 125.573 130.351 135.632 141.168 150.801 164.27 175.296 124.557 130.422 135.117 141.277 151.333 166.451 175.333 124.61 129.484 135.387 141.534 152.643 166.588 172.883 
154.818 150.979 153.935 151.321 160.482 170.557 181.271 162.531 160.393 160.671 165.683 171.903 178.911 185.89 164.008 164.64 166.856 170.183 176.482 183.608 187.498 164.592 164.939 168.968 171.896 177.968 184.403 190.102 159.732 160.547 163.988 167.715 172.938 179.245 183.897 158.897 161.391 163.762 166.544 170.984 177.498 183.208 156.188 158.422 161.252 164.295 168.244 174.729 179.979 
170.951 163.155 163.183 157.755 163.892 167.43 173.571 190.287 185.045 182.895 185.619 185.914 189.432 191.866 192.884 191.052 190.342 190.616 191.401 193.268 194.662 195.281 192.932 193.719 193.541 193.839 194.96 196.097 196.483 194.727 195.771 195.648 195.836 195.817 196.541 197.125 197.169 196.879 196.326 195.848 196.777 196.962 197.31 196.823 196.785 196.408 196.014 196.435 196.925 
205.927 209.976 213.77 212.373 211.726 212.018 211.961 210.786 215.052 215.149 214.311 214.075 215.664 215.808 218.423 219.597 217.134 220.116 216.842 216.354 217.123 218.994 226.174 221.465 221.067 216.052 214.409 213.817 220.558 225.049 224.947 222.075 216.994 214.872 213.662 223.728 223.111 225.598 220.345 218.156 216.139 216.673 224.641 224.335 223.096 217.838 218.711 218.327 217.44 
222.302 226.971 231.365 229.733 227.508 228.078 227.665 227.163 231.398 231.789 230.85 231.491 232.736 232.397 234.419 235.228 232.419 236.633 233.862 232.023 233.453 235.698 242.389 237.207 237.345 231.579 228.912 229.199 236.65 240.748 241.212 238.717 233.052 231.457 229.486 239.51 239.222 242.015 236.512 234.969 232.775 232.122 240.642 240.744 238.813 233.772 235.667 234.587 232.871 
247.405 248.556 249.817 249.393 249.328 248.851 248.287 247.279 250.034 249.296 249.749 249.029 249.688 249.284 250.828 251.261 250.398 251.418 249.063 249.717 249.625 250.916 253.078 251.672 251.388 249.943 249.146 248.455 251.283 252.613 252.42 251.781 250.129 249.137 248.36 252.215 252.052 252.622 251.227 250.682 249.257 249.461 251.129 252.304 252.156 250.559 250.716 250.216 249.498 
123.464 123.237 122.914 122.471 121.8 119.948 122.118 123.742 124.268 124.817 123.04 121.092 120.032 120.278 124.039 124.796 125.693 123.935 121.329 119.19 118.46 124.573 124.341 124.412 124.158 121.867 119.774 118.617 125.334 124.924 124.308 123.152 121.742 120.095 118.359 126.869 126.92 125.338 123.221 120.888 119.873 118.689 128.102 127.298 125.422 123.211 121.198 119.386 119.866 
123.952 123.639 123.49 123.19 123.002 122.674 122.527 124.245 123.934 123.817 123.22 122.994 122.693 122.396 124.358 124.105 123.785 123.332 123.329 123.007 122.542 124.649 124.325 124.098 123.666 123.658 123.535 123.076 124.766 124.6 124.264 123.924 123.79 123.758 123.518 125.061 124.682 124.369 123.905 123.761 123.557 123.564 125.401 124.926 124.488 124.317 123.917 123.774 123.623 
119.712 119.369 120.455 119.544 119.37 118.482 118.015 119.283 119.591 120.77 119.881 119.964 119.292 118.426 118.711 119.375 120.737 119.953 121.123 119.976 120.081 119.213 119.743 119.716 120.904 121.289 120.414 120.583 120.092 120.206 119.081 119.426 120.913 120.722 120.29 120.025 120.559 120.13 119.47 120.163 119.752 119.344 120.012 118.417 117.812 118.578 120.271 120.609 120.629 
118.088 118.285 118.412 118.488 118.623 119.126 119.592 118.128 118.363 118.425 118.564 119.064 119.406 119.728 118.026 118.477 118.604 118.938 119.406 119.591 119.766 117.926 118.502 118.949 119.052 119.546 119.63 120.105 117.99 118.229 118.822 119.264 119.621 120.019 120.519 118.165 118.534 118.935 119.178 119.676 120.309 120.525 118.238 118.468 118.917 119.306 119.531 120.031 120.482 
117.893 118.955 119.74 120.755 121.428 121.837 122.734 117.641 118.863 119.4 121.456 121.984 122.997 124.486 118.231 119.185 119.163 120.587 121.655 122.955 124.624 117.521 118.829 119.614 121.16 122.745 123.29 124.039 118.139 118.578 118.508 122.412 123.262 123.815 123.337 118.033 119.533 119.839 120.804 123.154 123.553 123.163 117.802 119.412 120.691 120.905 122.69 123.091 123.634 
100.94 104.282 105.833 107.672 109.469 112.527 113.98 100.651 103.905 105.44 107.138 109.482 112.285 113.792 100.174 103.331 105.008 106.654 108.872 112.243 113.854 99.7749 103.057 104.692 106.367 108.376 111.784 113.749 99.6522 102.935 104.102 105.976 108.058 111.337 113.374 99.9187 103.198 104.174 105.678 107.927 111.301 112.961 99.9044 103.324 104.306 105.708 107.757 110.9 112.562 
97.7272 103.775 106.544 109.646 110.911 117.432 121.194 96.788 102.86 105.713 108.322 112.315 115.94 119.926 95.9981 101.297 104.785 107.214 110.872 117.025 118.195 95.1449 99.8105 103.018 105.397 109.437 115.22 119.629 89.6787 94.7833 96.2653 99.237 103.368 110.066 114.26 88.538 92.9956 95.0818 97.5287 101.826 108.697 113.697 86.7891 91.3202 93.2158 96.2504 99.774 107.348 112.17 
137.534 140.507 141.658 142.986 143.164 146.798 148.391 134.166 137.586 138.714 140.823 142.164 144.026 145.5 129.976 134.241 135.827 136.859 138.461 143.308 142.652 126.613 129.352 131.756 133.044 134.865 138.658 141.119 117.235 119.525 120.786 122.548 124.574 128.501 130.612 113.601 115.775 116.953 118.053 120.188 124.394 126.559 110.126 112.275 112.715 113.814 115.374 119.824 122.234 
162.562 159.405 158.724 155.724 156.819 158.081 160.04 164.306 162.034 160.41 161.919 161.597 160.414 160.737 163.05 162.244 161.548 161.532 161.131 161.301 159.406 161.076 160.038 159.986 159.517 159.967 159.727 160.028 154.906 154.233 154.095 153.744 153.778 153.647 153.553 152.124 152.529 151.942 151.252 150.406 150.334 150.633 149.484 149.238 149.094 148.762 147.543 146.975 147.355 
170.321 168.712 167.325 166.735 165.445 164.488 162.958 169.766 168.664 167.6 167.39 164.99 163.669 163.065 169.214 168.709 167.478 166.027 163.905 163.076 162.042 168.793 167.758 166.296 164.841 162.844 161.686 161.189 168.092 167.397 166.045 164.398 162.72 160.916 160.564 166.887 166.32 165.344 164.063 161.756 160.252 159.014 166.275 165.318 164.48 162.988 161.105 159.387 158.542 
177.464 182.069 185.294 184.014 183.213 178.153 176.792 181.216 185.315 185.334 184.062 183.961 180.495 179.295 187.972 188.683 185.847 188.637 185.452 180.127 180.035 187.827 194.459 189.495 188.461 183.887 177.433 175.963 188.79 192.952 192.309 189.113 184.082 177.69 175.317 191.404 190.456 192.517 187.223 184.906 178.212 178.192 191.817 191.264 189.983 184.692 185.276 179.931 178.362 
188.474 187.629 183.912 181.548 180.077 109.213 102.31 188.43 187.273 184.011 181.367 178.896 108.589 103.078 187.845 186.967 183.48 181.121 178.217 107.516 103.996 187.516 186.508 182.746 180.397 178.022 107.172 103.377 187.072 185.864 182.252 179.865 177.367 107.216 103.486 186.66 183.964 182.107 179.939 177.42 107.002 103.686 186.028 183.249 181.758 179.926 177.597 107.022 103.478 
121.042 120.931 120.762 120.468 119.717 117.707 119.51 121.337 121.938 122.677 121.066 118.599 117.062 116.992 121.781 122.855 123.795 121.965 118.499 115.858 114.239 122.529 122.487 122.439 122.158 118.829 115.765 114.022 123.373 123.155 122.331 120.497 118.512 115.933 113.703 125.36 125.459 123.505 120.199 117.282 115.697 114.166 126.762 125.552 123.075 120.255 117.536 115.003 115.496 
118.525 117.969 118.867 117.699 117.184 115.349 115.623 117.812 118.391 119.811 118.29 117.445 116.145 115.39 117.178 118.179 120.063 118.509 118.592 116.56 116.339 117.862 118.159 118.062 119.406 118.786 117.089 116.858 118.846 118.802 117.312 117.31 118.387 117.435 116.069 119.32 119.922 118.775 117.329 117.132 116.288 115.125 119.718 117.937 116.545 116.424 117.291 116.848 116.85 
115.569 115.071 115.936 114.866 114.474 113.653 112.894 114.899 115.221 116.276 115.383 115.234 114.304 113.441 114.353 115.044 116.443 115.497 116.354 115.116 114.9 114.968 115.388 115.115 116.25 116.453 115.237 115.211 115.573 115.659 114.221 114.326 115.837 115.478 114.881 115.601 116.067 115.339 114.406 115.14 114.657 114.102 115.471 113.951 113.079 113.805 115.285 115.541 115.388 
112.071 111.589 112.743 111.916 111.681 111.116 110.723 111.418 111.965 113.062 112.63 112.776 112.123 111.533 110.897 112.05 113.576 112.946 113.996 112.863 113.141 111.757 112.37 112.382 113.828 114.336 113.436 113.8 112.621 112.848 111.763 112.402 114.239 113.973 113.355 112.741 113.493 113.117 112.505 113.576 113.167 112.659 112.826 111.295 110.804 111.887 113.593 114.224 114.27 
98.2419 98.8416 99.8023 100.785 101.078 101.918 102.914 98.7254 99.1374 100.149 101.434 102.619 102.265 103.094 99.1074 100.312 101.151 102.229 102.811 102.874 103.382 100.258 100.505 101.352 102.028 102.877 103.084 103.074 100.778 100.474 101.215 102.984 104.152 104.599 104.552 101.003 101.073 101.916 102.772 104.709 105.111 105.018 100.894 101.306 102.237 102.833 103.593 103.941 104.779 
88.1413 89.3195 90.4834 91.8321 92.5327 93.6788 94.7048 88.045 89.3183 90.396 91.6642 92.6618 93.2681 94.3181 88.2153 89.068 90.3514 91.4022 92.3864 93.3955 93.9844 88.2917 88.9136 90.102 91.0834 92.2635 93.3026 94.4927 88.1654 88.8406 89.3979 90.7399 92.1507 93.3091 94.3864 88.5242 88.9749 89.732 90.5933 91.9634 93.327 94.4897 88.2785 89.1594 89.8204 90.867 91.5929 93.1127 94.3461 
83.5544 86.3766 87.6535 88.9092 90.1521 92.5343 93.6863 82.9513 85.8849 86.9655 88.1916 89.6257 91.6064 93.0785 82.5094 84.9954 86.2847 87.456 88.5672 90.8349 91.908 82.2789 84.3602 85.0546 86.1429 87.7643 89.9778 91.5471 81.7134 83.9196 83.9944 85.0411 86.7431 89.2891 91.0394 81.4955 83.3139 83.5685 84.4675 86.0001 88.729 90.6013 81.0165 83.1469 83.4923 84.4719 85.4281 88.2262 90.202 
100.583 101.946 102.737 103.666 102.243 102.974 103.624 98.587 99.8241 100.54 101.305 102.109 100.598 101.369 96.3902 96.9756 98.193 98.8751 99.3199 99.8778 98.2693 94.0835 94.2428 95.0146 95.583 96.7402 97.2371 98.3084 87.9663 88.4331 88.3437 89.0635 90.0877 91.446 92.4953 85.5508 85.7591 86.0118 86.2197 87.161 88.5041 90.2946 83.2453 83.4446 83.5612 84.228 84.5733 86.1569 87.823 
121.941 122.183 121.805 122.005 122.471 122.131 121.39 118.263 118.519 118.742 119.728 119.525 119.097 118.547 114.053 113.94 114.697 115.395 114.956 115.081 114.995 109.915 109.308 109.787 110.614 111.173 111.527 111.911 106.211 105.721 105.768 106.456 107.327 107.957 108.655 102.048 102.48 102.547 102.656 103.568 104.423 105.09 99.3526 99.3729 99.5267 99.4946 99.405 100.239 101.307 
113.349 113.081 112.482 111.845 111.735 111.591 110.879 111.836 111.616 111.184 110.634 110.345 110.03 109.603 110.077 109.741 109.348 109.003 108.172 108.1 107.943 108.384 107.615 107 106.783 106.434 106.223 106.241 106.509 105.784 105.195 104.887 104.524 104.408 104.299 104.267 104.003 103.59 103.106 102.659 102.466 102.381 102.967 102.373 102.14 101.66 100.969 100.814 100.932 
85.9117 85.5152 84.0613 82.7555 82.356 81.0801 80.0462 85.1677 84.5777 83.5098 82.2209 81.0019 80.2351 79.4847 84.025 83.1636 82.2536 81.5524 80.3856 79.5177 79.1404 83.2751 82.2544 81.0932 80.2515 79.5167 78.8182 78.4264 82.2088 81.062 80.3198 79.5257 78.5259 77.959 77.9781 81.034 79.4967 79.2874 79.1862 78.3366 77.4789 77.1261 80.5821 79.3358 78.9118 78.725 78.1235 77.4101 76.9046 
76.6143 76.198 75.0474 73.2612 72.5177 69.5393 67.5143 76.0921 75.449 74.4909 72.882 71.4296 69.2272 67.1525 75.1366 74.5647 73.5556 72.7529 71.1229 68.7428 67.231 74.5028 74.1356 73.0905 72.3919 71.355 69.0091 67.1321 73.6633 73.227 72.7714 72.1997 71.382 69.0682 67.3218 73.0366 72.5658 71.9883 71.4332 70.8472 68.7883 67.2298 73.0373 72.1868 71.7063 71.1511 70.4924 68.2711 66.9344 
116.652 116.659 116.554 116.169 115.725 113.974 115.546 117.007 117.654 118.327 116.918 114.76 113.521 113.404 117.473 118.353 119.341 117.937 114.827 112.219 111.222 117.656 117.653 117.864 117.923 114.82 112.27 111.484 118.559 118.392 117.778 116.397 114.74 112.774 110.827 120.183 120.608 119.057 116.364 113.754 112.855 111.196 121.156 120.497 118.474 116.064 114.088 112.037 112.163 
110.327 109.619 109.536 108.458 108.815 109.129 108.305 110.581 109.46 109.007 109.068 109.138 109.279 108.692 110.582 108.584 108.881 109.667 109.429 108.796 109.299 109.583 108.234 108.997 109.699 109.128 108.609 109.547 108.873 109.017 109.129 109.611 109.13 108.462 108.491 110.113 109.704 109.484 109.084 109.214 108.859 107.844 110.22 109.431 108.967 109.074 109.203 109.617 108.449 
111.789 111.253 112.285 111.108 110.694 109.884 109.199 111.244 111.429 112.549 111.67 111.474 110.737 109.803 110.598 111.167 112.682 111.821 112.502 111.248 111.402 110.727 111.047 111.005 112.457 112.585 111.552 111.916 111.492 111.609 110.014 110.327 111.977 111.792 111.131 111.446 111.983 111.172 110.281 111.114 110.799 110.215 111.054 109.497 108.577 109.368 111.43 111.805 111.4 
99.7091 100.029 100.478 100.766 100.75 101.054 101.567 100.26 100.479 100.981 101.53 101.973 101.548 102.104 100.542 101.506 102.108 102.572 102.328 101.963 102.199 101.475 101.509 101.954 102.377 102.791 102.383 101.912 101.756 101.487 101.666 102.706 103.297 103.309 102.945 101.877 101.736 101.89 102.246 103.532 103.53 103.342 101.694 101.596 102.047 102.38 102.809 102.911 103.296 
89.0751 89.8191 91.0081 92.0769 92.3683 92.9722 93.9316 90.0618 90.514 91.4992 93.0099 94.1032 93.5859 94.5502 90.6115 92.2006 93.1618 94.4529 94.4325 94.2209 94.8268 92.0795 92.3951 93.4369 94.4576 95.1078 94.9569 94.6286 92.7679 92.4623 93.4766 95.4124 96.4584 96.7022 96.3035 93.0411 92.8404 93.7225 94.708 96.823 97.0229 96.8269 93.0084 93.0232 94.1177 94.7251 95.7281 95.8156 96.4732 
83.9812 84.6867 85.5932 86.5556 87.0922 87.7562 88.5549 84.3688 84.7019 85.7308 87.0075 88.2064 87.9358 88.7045 84.6149 85.5917 86.4407 87.5879 88.1277 88.2669 88.8187 85.5738 85.7584 86.4067 87.2367 88.1349 88.3686 88.4193 86.1182 85.7307 86.3713 87.8115 89.0541 89.4559 89.5425 86.1765 85.9525 86.6633 87.5439 89.2054 89.5567 89.7965 86.0257 86.3167 87.128 87.4947 88.3577 88.5423 89.3103 
79.6016 80.4058 81.187 81.9167 82.5016 83.2995 84.075 79.5199 80.4186 81.1731 81.8972 82.736 83.2572 84.0811 79.6475 80.2134 81.111 81.8784 82.5243 83.2169 83.7215 79.7778 80.0844 80.6464 81.4641 82.3702 83.0027 83.9343 79.5611 79.816 80.1713 80.9671 81.991 83.0902 84.0337 79.6277 79.9848 80.4273 80.9587 81.9731 83.0829 84.1051 79.5184 80.1582 80.6814 81.3023 81.958 83.0464 83.9146 
77.0072 77.1847 77.6581 78.6502 79.123 79.88 79.9587 76.6407 76.8846 77.4316 77.9992 78.2292 79.0266 79.2641 75.8261 76.1439 76.6525 77.3514 77.6652 78.3585 78.9367 75.5478 75.6853 75.7891 76.2712 76.8256 77.551 77.9862 75.1053 74.9119 75.0878 75.5466 76.1277 76.7268 77.2022 74.8008 74.7692 74.5361 74.9521 75.4997 75.9021 76.4029 74.3015 74.1488 74.3762 74.7927 75.5308 75.721 75.8237 
78.4684 79.6147 79.8219 80.2318 80.8178 81.417 81.4276 76.9652 77.9284 78.304 78.5424 79.3234 80.0029 79.9812 75.202 76.1707 76.4339 76.9529 77.2424 78.1304 78.4203 73.5156 74.2258 74.4671 74.8908 75.7263 76.513 76.9879 71.9005 72.6006 72.7947 73.2136 73.8219 74.9572 75.3221 70.2951 71.2577 71.4198 71.6323 72.3283 73.1901 73.6248 69.1768 69.973 70.3134 70.5457 70.8889 71.6996 71.9712 
75.8821 76.2011 75.7711 75.6813 76.0846 76.1105 75.6748 74.5559 74.8463 74.772 74.5799 74.5315 74.6798 74.5628 73.0258 73.1703 73.2702 73.5522 73.3769 73.45 73.8471 71.9044 71.8341 71.8278 72.0446 72.2543 72.4151 72.7108 70.7292 70.3886 70.5925 70.9054 70.8593 71.1603 71.7151 69.5986 68.8687 69.24 69.9497 70.2358 70.1882 70.3583 69.0877 68.6442 68.6913 69.3111 69.5392 69.8124 69.7829 
67.6242 67.6744 67.2188 66.6755 66.5557 66.2228 65.9393 67.1051 67.0118 66.6417 66.2121 65.8841 65.7845 65.5785 66.3203 66.2467 66.001 65.9857 65.5747 65.4232 65.4734 65.9303 65.8102 65.588 65.5259 65.3328 65.218 65.1033 65.4825 65.1069 65.194 65.1654 64.7596 64.6444 64.8118 64.8609 64.283 64.4049 64.6947 64.4676 64.127 64.0619 64.8192 64.2896 64.2533 64.5011 64.3521 64.1347 63.939 
64.9835 64.7542 63.8301 62.7879 62.5977 61.5805 60.9311 64.3912 63.9931 63.3164 62.3072 61.3401 61.136 60.6136 63.3153 62.7943 62.3722 62.0859 61.2271 60.7355 60.6595 62.6831 62.3128 61.8216 61.4962 61.1642 60.8601 60.5534 62.0947 61.5124 61.5429 61.2418 60.8217 60.6488 60.8118 61.6516 60.5896 60.6392 60.9739 60.7185 60.411 60.371 61.735 60.813 60.5934 60.9475 60.7678 60.5475 60.4016 
107.358 106.528 106.361 105.122 105.325 105.564 104.127 107.569 105.978 105.079 105.359 105.717 105.546 104.239 107.452 105.174 105.233 106.032 105.786 105.008 105.013 106.803 105.33 105.956 106.335 105.826 104.741 105.033 105.671 106.043 106.756 106.981 106.128 104.792 104.089 107.356 106.897 107.031 106.286 106.49 105.401 103.737 107.977 106.609 106.276 106.107 105.791 106.128 104.881 
101.797 101.75 101.868 101.157 102.031 101.997 100.508 103.218 101.902 101.051 101.067 102.373 103.149 101.594 103.863 102.407 101.789 101.368 102.779 103.263 101.875 103.246 102.069 101.943 101.495 102.545 102.423 102.314 102.869 102.186 101.596 101.533 103.111 101.742 103.229 103.521 103.536 101.917 101.283 104.322 102.866 102.046 103.247 103.957 103.916 102.768 104.513 103.394 104.242 
102.721 102.477 102.375 101.607 101.835 101.892 101.637 102.792 102.014 101.798 101.937 102.074 102.241 101.929 102.384 101.123 101.622 102.168 102.134 101.82 102.286 101.491 100.7 101.442 101.875 101.736 101.499 102.049 100.742 100.897 101.104 101.433 101.056 100.674 101.056 101.626 101.18 100.911 100.686 101.055 100.699 100.213 101.645 100.826 100.573 100.62 100.656 101.099 100.743 
94.4778 94.2084 94.4116 94.4774 94.1418 93.5674 94.1365 94.5927 94.075 94.1238 94.2723 94.0122 93.7885 94.0644 93.9312 93.5138 93.9078 94.2883 93.892 93.3857 93.309 93.4074 92.5769 93.3991 93.4147 93.6018 92.917 93.1661 93.3404 92.9824 93.2945 92.8557 92.9184 93.0313 92.7882 93.2822 93.2782 93.1709 92.6878 92.8282 93.3561 92.9358 93.1461 93.0002 93.3203 93.1836 93.4978 93.3212 93.4004 
86.8662 87.2351 87.8345 88.4319 88.4742 88.5079 88.8435 87.321 87.3894 88.1046 88.9287 89.1927 88.4914 88.8497 87.6137 88.2021 88.7282 89.3622 89.1716 88.7574 88.8909 88.3582 88.2033 88.7303 89.0198 89.1949 88.8129 88.3314 88.5185 88.1449 88.6894 89.5358 89.8512 89.4983 89.1974 88.4789 88.2669 88.7546 88.9528 89.7087 89.4292 89.4126 88.3182 88.2095 88.6655 88.567 88.8091 88.5768 89.0446 
80.7015 80.7824 81.1298 81.3784 81.6067 81.7444 81.8095 80.8283 80.9636 81.193 81.4563 81.4936 81.5436 81.7418 80.9485 81.0811 81.3937 81.4761 81.6564 81.668 81.8346 80.9949 81.0393 81.3069 81.5589 81.9428 81.8491 81.9944 81.0501 80.8918 81.2224 81.6494 82.057 82.1822 82.2354 81.3986 81.2032 81.3895 81.5404 81.9264 82.1639 82.374 81.4114 81.524 81.4987 81.4934 81.9079 82.0344 82.2795 
75.4596 75.6238 75.8829 76.4254 76.5898 76.8346 76.8257 75.4405 75.6013 75.9505 76.3464 76.5189 76.8698 76.9369 75.2206 75.4206 75.8919 76.2781 76.6001 76.8049 77.0241 75.3362 75.3963 75.7091 76.0864 76.4761 76.613 76.8494 75.3279 75.206 75.4023 75.8899 76.3132 76.5579 76.7414 75.3993 75.4387 75.3564 75.5838 76.0346 76.3183 76.7056 75.4395 75.4758 75.477 75.73 76.3536 76.4559 76.6745 
69.0289 69.3771 69.781 70.4782 70.5184 70.8626 70.8247 69.0358 69.4405 69.9044 70.1249 70.183 70.7972 70.7066 68.8076 69.2702 69.7061 70.0018 70.3089 70.8807 70.9521 68.8856 69.3409 69.6263 69.8927 70.2647 70.7047 70.9262 69.0342 69.1427 69.4723 69.8422 70.1265 70.6357 70.7838 69.2044 69.5786 69.5955 69.6793 69.9226 70.3829 70.6217 69.1721 69.474 69.6577 69.8848 70.3672 70.5352 70.5847 
58.394 57.9975 56.5381 58.4312 58.321 59.0235 59.1307 58.3028 58.13 57.4188 57.7549 57.2156 58.6678 58.8798 58.2434 58.2513 58.2687 58.4662 57.947 58.6619 58.8456 58.4936 58.7565 58.6133 59.327 59.7291 59.1789 59.0207 58.5879 58.9389 58.9797 59.2425 59.1221 59.7438 59.0755 58.2676 58.754 58.5411 58.3708 58.2246 59.637 59.2918 58.7093 58.6178 58.9537 58.7752 59.7443 59.6743 60.8953 
59.0721 60.0986 60.2072 60.4162 60.8413 61.2275 61.1576 58.1608 59.0509 59.241 59.1961 59.6886 60.166 60.0697 56.9747 57.9994 58.0541 58.333 58.5762 59.1063 59.2638 56.1194 56.9552 57.1219 57.2861 57.8476 58.3088 58.5214 55.4444 56.2369 56.2208 56.5341 56.9293 57.5528 57.7264 54.7686 55.5922 55.6595 55.8229 56.3635 56.9035 56.9843 54.53 55.19 55.2941 55.5339 55.8826 56.4673 56.5265 
46.4816 46.6059 46.2982 46.2749 46.3673 46.5266 46.1724 45.9841 46.2403 45.9517 45.7595 45.6672 45.804 45.6467 45.4319 45.4566 45.5207 45.4281 45.3172 45.2496 45.39 44.9001 44.8968 44.8957 45.0487 44.8888 45.1338 45.1096 44.6159 44.4586 44.6271 44.677 44.741 44.8797 45.0157 44.5644 44.1978 44.2335 44.6226 44.8151 44.9868 44.7648 44.6219 44.6587 44.5772 44.736 45.1019 45.2735 44.9956 
37.0993 35.9428 34.9088 34.1316 33.6182 32.6161 29.8365 36.6103 35.9609 35.0573 34.1265 32.9356 32.258 29.5574 36.2452 35.6888 34.8987 34.2259 33.4173 32.007 29.5309 35.4799 35.3101 34.7369 34.0822 33.1986 32.2878 29.4522 35.3167 34.9908 34.6739 33.7533 32.8668 31.6917 29.5532 35.307 34.6339 34.3669 33.4329 32.4422 31.412 29.5043 35.3603 34.627 33.9508 33.2765 32.035 31.0826 29.5012 
99.2431 99.745 99.1436 98.8182 99.1712 98.484 97.1592 101.319 100.376 99.08 98.1735 99.2016 99.5103 98.2402 102.519 101.787 100.298 98.6038 99.7473 100.284 98.2483 102.421 101.745 100.504 98.7664 99.9689 99.9799 98.9117 102.529 101.692 100.254 99.1346 101.072 100.283 101.181 103.22 103.291 100.753 100.224 103.042 101.561 101.063 103.339 104.351 103.56 102.33 103.483 101.891 103.356 
99.1163 99.0737 98.9604 98.2922 99.0649 98.7814 97.3874 100.647 99.3325 98.177 98.1212 99.4451 100.082 98.5146 101.416 99.9867 99.1474 98.4779 99.9145 100.417 98.7973 101.106 99.9777 99.5802 98.976 100.056 99.7374 99.1961 100.732 99.8998 99.3876 99.1498 100.575 98.9715 100.428 101.388 101.225 99.5565 98.884 101.865 100.114 99.2753 101.31 101.927 101.79 100.524 101.928 100.785 101.842 
96.2293 96.0753 95.8886 95.5035 95.7645 95.1353 94.2817 97.7936 96.5862 95.4723 95.1391 96.0114 96.3332 94.9754 98.5561 97.3405 96.5226 95.3774 96.4055 96.6839 94.6272 98.354 97.2147 96.6359 95.6708 96.664 95.8976 95.0805 98.5162 97.3273 96.6307 95.6031 97.1869 95.7505 96.726 98.7766 98.7153 96.9257 96.0039 98.4961 97.1564 96.2178 98.6146 99.6022 99.5425 97.9762 99.471 97.5846 98.7706 
91.4275 91.1549 91.0227 91.0443 90.5658 89.8855 90.3554 91.6374 91.182 91.0879 91.0836 90.5621 90.0763 90.1096 91.3985 90.7824 90.9544 91.053 90.4748 89.7434 89.4923 91.1011 90.2187 90.7481 90.5253 90.2447 89.5224 89.6313 91.0373 90.7113 90.9649 90.1567 89.6777 89.6046 89.4887 91.1517 91.2171 91.1368 90.3444 89.8132 89.9907 89.6201 91.2193 91.214 91.2212 90.7711 90.4062 90.1493 90.0458 
87.2928 87.021 87.0332 86.9711 86.6135 86.2056 86.5913 87.6234 87.0206 86.9703 87.0471 86.6957 86.2899 86.321 87.6183 86.822 87.032 87.2175 86.7387 85.9441 85.6701 87.5775 86.4978 87.081 86.8691 86.6653 85.7977 85.764 87.5906 87.2563 87.5803 86.7975 86.5493 86.3117 85.9404 87.8363 87.9119 87.9434 87.2665 86.8293 86.9269 86.3823 87.8712 87.8943 88.1121 87.7513 87.5929 87.1481 87.0705 
78.3285 78.5961 78.6702 78.8238 78.7047 78.2413 78.1021 79.0819 79.3369 79.2077 79.4167 79.1161 78.8175 78.4514 79.9878 79.7889 79.7804 80.0549 79.5619 79.0887 78.9873 80.3267 80.2452 80.3082 80.6024 80.2132 79.5835 79.3479 80.6282 80.8783 81.2663 80.8402 80.3244 79.9062 79.8433 81.3567 81.4668 81.1515 81.2484 80.3573 80.1842 80.3854 80.9272 81.3118 81.0277 81.2763 81.3564 80.6565 80.8918 
71.9139 72.0081 71.824 71.7178 71.796 71.6174 71.7223 72.2987 72.1522 72.0712 71.9659 72.1385 72.087 72.2873 72.7972 72.5407 72.6335 72.3056 72.5775 72.4264 72.7099 73.0007 72.9009 72.9916 72.9888 73.0509 72.772 73.0613 73.2574 73.0613 73.1096 73.2776 73.2859 73.2924 73.4884 73.8286 73.6497 73.5052 73.5088 73.6665 73.6983 74.0012 74.0892 74.1033 73.8158 73.8503 74.0368 74.0473 74.3806 
58.5919 57.9207 56.328 57.9131 57.6393 58.2282 58.4575 58.8922 58.4598 57.4811 57.6906 57.0713 58.3722 58.77 59.3399 58.9586 58.7782 58.8316 58.3151 58.8478 59.0392 59.9086 59.8628 59.5847 60.2539 60.4499 59.7129 59.5545 60.3784 60.4341 60.4407 60.5455 60.1804 60.6399 59.9577 60.3645 60.6031 60.2741 60.0001 59.6014 60.8716 60.5415 61.0965 60.8041 60.9806 60.5761 61.3371 61.125 62.3694 
54.1144 53.5881 52.0571 53.6904 53.5929 54.1397 54.3989 54.1987 53.9393 53.0793 53.3241 52.8875 54.1053 54.4582 54.5133 54.4405 54.3367 54.3967 53.8828 54.4813 54.6156 55.0354 55.2712 55.0212 55.7004 56.0486 55.3266 55.1554 55.5218 55.7395 55.7429 55.8985 55.65 56.1797 55.5649 55.3796 55.6837 55.5171 55.3407 55.1125 56.4723 56.1353 56.074 55.9112 56.1556 55.8528 56.6328 56.5219 57.8587 
46.2418 45.6052 44.0717 45.9972 45.9391 46.8124 47.1433 46.3133 45.9534 44.9985 45.3692 45.0646 46.4559 46.9358 46.5108 46.3865 46.3461 46.4033 45.8397 46.4983 46.5626 46.8935 47.0108 46.9284 47.7827 47.9809 47.2067 47.1863 47.075 47.3227 47.2665 47.6523 47.3752 47.8698 47.3118 46.5481 47.0735 46.8805 46.8096 46.6666 48.0642 47.8802 47.326 47.2542 47.5074 47.3131 48.2651 48.2308 49.7983 
24.4751 23.234 22.2664 21.7677 21.3391 20.6048 18.2003 24.0674 23.4966 22.6159 21.7884 20.6582 20.0323 17.9352 23.9315 23.2474 22.5283 21.705 21.039 19.6441 17.7758 23.1704 22.7257 22.0754 21.5281 20.5742 19.7978 17.6209 23.1271 22.4609 22.0407 21.1604 20.2928 19.1198 17.6093 23.0868 22.3053 22.0072 21.2004 20.1937 19.1928 17.8093 23.1111 22.5389 21.8754 21.1443 20.1797 19.2696 18.0912 
10.5326 9.69669 8.98552 8.67503 8.3903 7.79167 6.0824 10.2348 9.73483 9.12578 8.62558 7.97696 7.54338 5.90923 10.1097 9.59446 9.04924 8.63834 8.23755 7.37999 5.85779 9.66852 9.29417 8.84771 8.45953 7.96599 7.43672 5.73668 9.62424 9.16904 8.79508 8.2053 7.6781 7.02467 5.76509 9.58447 9.02232 8.78263 8.19171 7.57935 6.9355 5.81021 9.57752 9.08597 8.6143 8.15088 7.51417 6.92469 5.89487 
98.3599 98.8286 97.2518 97.0518 96.2854 95.463 95.4219 100.034 99.6205 98.1766 96.3883 96.1684 95.8597 96.2455 101.537 100.954 99.2607 97.5424 96.9631 96.5931 96.3253 101.889 101.517 99.9979 97.8993 97.6698 97.8187 97.2645 102.735 102.505 100.948 99.0682 99.3916 100.044 99.047 104.336 103.95 101.831 101.8 101.482 101.07 100.754 105.488 105.258 103.303 103.232 102.128 101.515 101.751 
96.3953 96.7193 96.0396 95.6461 95.9166 95.1777 93.8975 98.7021 97.7077 96.256 95.1823 96.1642 96.4536 95.1967 100.49 99.4326 97.9417 96.0091 97.0334 97.455 95.2513 100.761 99.9353 98.4566 96.6952 97.7466 97.4065 96.1444 101.3 100.255 98.7528 97.4027 99.3601 98.1443 98.7928 102.2 102.132 99.5132 98.9259 101.528 99.8267 99.028 102.394 103.453 102.67 101.292 102.406 100.454 101.886 
90.9492 90.246 89.796 89.3095 89.0377 88.6297 88.3905 92.3367 91.5532 90.8534 90.1056 89.5161 89.0271 88.7269 94.1975 92.9616 92.4449 91.4607 90.7106 89.7818 89.3309 95.6118 94.856 93.9076 93.2843 92.1103 91.1196 90.4447 97.0921 96.2051 95.8698 94.6615 93.6862 92.58 91.8805 98.0175 97.3713 97.0365 96.1081 94.9668 94.2899 93.2437 98.4041 98.2901 97.7093 96.8597 96.0072 95.3211 94.9454 
88.976 88.0671 87.7367 87.5167 86.8984 86.2042 86.9143 89.8337 88.7732 88.138 87.8961 87.4771 86.8095 86.8086 90.5407 88.7067 89.0093 88.8084 88.0232 86.6883 86.1037 90.9553 89.1832 89.4903 89.1714 88.4261 86.8738 86.8887 91.8894 90.9637 91.12 89.4332 89.0637 88.5452 87.6094 92.7424 92.4784 92.2425 91.0659 90.1213 90.4111 89.0459 93.1096 93.1921 93.2449 92.4986 92.3157 91.2867 90.8853 
79.067 79.2904 79.4047 79.5754 79.4258 79.0186 78.8336 80.4226 80.7804 80.5048 80.7157 80.2624 80.1661 79.5381 82.2062 81.8368 81.5731 82.0047 81.195 80.7357 80.5691 83.1165 82.8168 82.8197 83.1099 82.2073 81.5567 81.3494 83.7018 84.091 84.6791 83.8045 82.7005 82.2991 82.4436 84.8085 85.2191 84.9258 84.999 83.4235 83.2673 83.3146 84.276 84.9906 84.9205 85.4469 85.2677 84.239 84.3765 
74.5196 74.7356 74.7776 74.9658 74.9814 74.5611 74.4954 76.1271 76.3153 76.0888 76.2625 75.7397 75.8864 75.4846 78.0323 77.5289 77.3773 77.8398 77.0768 76.7885 76.9582 78.953 78.8021 78.7837 79.1568 78.5104 77.9413 77.906 79.9314 80.352 80.7416 80.0764 79.2908 79.0573 79.2369 81.5 81.6451 81.1402 81.4944 80.313 80.3451 80.4231 80.9259 81.6494 81.604 82.3083 82.5658 81.6511 81.8564 
69.8091 69.9526 69.7948 69.8967 69.6526 69.0919 69.1809 71.0029 71.2492 70.7433 70.7376 70.4778 70.4922 70.2772 72.5294 71.9918 71.6922 71.953 71.5918 71.4436 71.607 73.182 72.9795 72.8923 73.2168 72.7636 72.3119 72.4585 74.0589 74.1869 74.5374 73.8465 73.1942 73.1341 73.3681 75.3229 75.4763 74.8257 75.0287 74.042 74.1468 74.3885 75.0476 75.6809 75.3239 75.7462 76.0453 75.263 75.4882 
60.4181 60.1307 59.8321 59.738 59.4859 59.4602 59.6652 60.7294 60.5061 60.1596 59.9594 59.8096 59.8053 60.0918 61.3477 60.9731 60.7312 60.4894 60.4914 60.5779 60.6644 61.8845 61.7688 61.4184 61.2518 61.2038 61.2555 61.3026 62.74 62.4083 62.3026 61.9589 61.804 61.8932 61.9133 63.5621 63.3125 62.988 62.7827 62.5138 62.6016 62.5263 64.037 64.0239 63.7594 63.3629 63.1676 63.1378 63.1236 
49.2473 48.4509 46.8654 48.81 48.5755 49.3589 49.8714 49.4731 48.9706 47.9204 48.2919 47.9388 49.2512 49.8776 49.9133 49.63 49.5308 49.6068 49.0458 49.7026 49.6947 50.5404 50.5609 50.4244 51.2235 51.4473 50.5878 50.5531 50.9214 51.0694 51.0742 51.2823 50.9291 51.4416 50.8139 50.5857 51.0186 50.8077 50.6116 50.2702 51.6723 51.4592 51.5359 51.3682 51.6001 51.2283 52.0201 51.9127 53.5027 
36.1845 35.8917 36.2636 37.0191 37.1278 37.6367 38.4085 36.3004 36.0574 36.0962 36.4535 37.0843 37.3365 38.1275 36.2714 36.3871 36.7345 36.8965 36.9766 37.3367 37.3479 36.5739 36.6514 37.2027 37.4813 37.4539 37.4752 38.1854 36.6182 36.6495 36.6778 36.9961 37.0086 37.2208 37.8469 36.0783 36.5277 36.5546 36.7164 36.8902 37.1285 38.0436 36.6433 36.7356 36.6993 36.9 37.1766 37.4288 38.4988 
15.1999 15.1452 15.3941 16.0477 16.2361 16.7168 17.2564 15.2759 15.227 15.2976 15.6072 16.1623 16.4675 17.0135 15.2408 15.4114 15.7553 15.9285 15.986 16.3379 16.3252 15.41 15.5245 16.0111 16.3391 16.3203 16.3546 16.909 15.3394 15.4622 15.5831 15.9448 16.036 16.1706 16.6122 14.8339 15.383 15.5386 15.73 15.9112 16.05 16.715 15.2165 15.4909 15.6532 15.8411 16.1 16.2886 17.0069 
6.42537 5.50163 4.7826 4.39785 4.07947 3.43305 1.80124 6.09934 5.58632 4.96297 4.42553 3.6385 3.14676 1.67655 5.9516 5.42877 4.87975 4.39166 3.95831 2.98234 1.60838 5.45106 5.09889 4.61859 4.18325 3.62629 3.04071 1.50266 5.39046 4.94146 4.55821 3.88838 3.28515 2.50053 1.50121 5.2949 4.71387 4.51866 3.84299 3.13425 2.36851 1.52095 5.27554 4.73564 4.24318 3.76166 2.98263 2.29639 1.58527 
