3561272
141.155 141.886 142.498 144.222 144.63 144.401 144.777 140.916 140.293 142.024 142.738 142.684 143.188 143.907 140.298 140.069 140.444 142.096 142.36 143.147 143.609 139.321 139.635 139.886 141.786 142.454 142.287 142.33 139.59 139.586 139.486 141.248 141.474 142.855 142.916 137.75 138.649 139.383 140.354 141.739 143.138 142.877 137.527 137.696 138.331 139.902 140.554 142.289 142.151 
143.033 143.366 143.487 144.191 144.975 145.454 145.357 144.383 143.6 143.765 144.073 145.079 145.127 145.202 143.451 143.439 143.428 143.873 144.433 144.666 144.834 143.948 143.003 143.515 143.76 144.122 144.551 145.023 143.936 143.017 143.608 144.189 144.336 144.515 144.683 143.615 143.516 144.231 144.546 144.978 144.713 144.528 144.245 143.564 143.544 144.195 144.652 144.91 144.43 
144.885 145.156 144.736 144.766 144.972 145.129 144.56 146.851 145.595 145.302 144.943 145.225 144.905 144.621 146.238 145.953 145.331 144.99 145.094 144.871 144.632 146.935 145.644 145.608 145.251 145.043 144.971 145.031 147.3 145.725 145.884 145.984 145.502 145.265 145.003 146.994 146.251 146.608 146.733 146.448 145.907 145.317 148.231 147.075 146.291 146.391 146.43 146.369 145.241 
147.191 147.446 146.302 145.852 145.698 135.753 133.657 155.649 154.042 153.35 152.214 152.314 141.606 140.365 154.537 154.324 153.344 152.64 152.502 141.916 140.489 155.969 154.317 154.234 153.378 152.827 142.436 141.604 156.375 154.36 154.578 154.219 153.287 142.568 141.542 156.011 154.972 155.43 155.31 154.772 143.701 142.016 157.702 156.085 154.978 154.994 154.781 144.217 142.15 
196.998 194.46 193.654 193.574 193.657 165.111 164.108 194.415 195.055 194.962 194.459 193.809 166.6 165.749 197.122 199.405 197.475 195.822 196.881 167.403 165.776 200.694 201.211 196.375 196.483 197.881 169.874 164.074 201.188 200.673 195.68 197.779 197.673 168.67 164.876 200.421 199.884 199.138 197.407 196.225 166.1 165.554 200.037 199.914 200.508 197.23 194.239 165.342 165.541 
194.169 191.719 191.546 192.304 192.853 192.671 191.885 191.652 191.636 191.807 192.285 192.715 194.76 194.745 194.323 197.851 195.301 194.335 195.773 195.329 194.572 197.609 199.409 194.001 194.517 196.327 197.438 192.547 197.451 198.39 192.782 195.546 196.103 196.63 194.449 196.825 197.785 196.126 194.958 195.211 193.544 195.157 196.678 196.83 197.618 194.786 192.811 192.476 194.39 
198.947 195.978 196.11 198.045 199.645 199.481 199.187 196.146 196.735 197.26 197.813 198.193 200.035 200.523 198.005 201.577 200.008 197.748 199.438 200.372 200.08 200.268 202.024 197.35 197.616 199.16 202.033 197.45 200.315 200.135 195.289 196.525 198.011 199.538 196.858 196.767 198.501 196.699 195.245 195.036 195.281 195.119 195.165 195.485 196.577 193.085 190.845 192.259 194.633 
217.81 216.217 217.191 219.651 220.631 218.257 216.501 218.196 217 216.606 216.999 217.54 216.094 216.232 216.716 218.183 216.68 213.826 213.482 215.618 216.45 213.016 214.421 214.022 212.42 210.81 214.428 214.923 212.323 211.941 211.859 207.119 208.903 210.366 210.648 205.241 209.379 207.174 206.177 205.685 207.23 204.951 202.605 203.17 202.655 200.686 200.312 202.649 204.367 
229.935 232.093 232.651 234.245 232.871 233.719 233.637 231.856 231.071 232.71 232.222 230.497 230.159 230.763 231.828 234.188 235.814 232.811 229.572 230.053 228.838 229.209 232.158 234.965 231.912 229.512 231.382 228.697 229.635 232.59 233.372 227.473 225.695 231.216 227.425 228.259 231.904 231.64 229.774 227.297 229.36 229.03 229.84 231.409 231.854 231.272 228.918 230.941 230.008 
242.604 245.646 246.921 247.555 245.874 247.745 247.945 244.514 244.544 245.866 245.81 244.233 245.229 245.783 246.158 247.948 249.307 247.877 244.517 244.946 243.518 244.196 247.538 249.987 247.425 245.331 246.457 243.269 244.935 248.33 249.019 244.611 242.028 247.467 243.591 245.881 248.233 248.484 246.802 244.471 246.325 247.064 247.246 249.537 250 249.829 247.984 249.623 248.344 
248.49 250.705 251.26 251.84 250.44 252.006 252.258 249.853 249.631 250.532 250.488 248.91 249.848 250.225 250.989 252.306 253.543 251.912 248.878 249.324 248.164 249.309 251.512 253.54 251.19 249.277 250.511 247.895 249.741 252.356 252.64 248.781 246.44 252 248.602 250.272 252.549 252.188 250.82 248.774 250.639 251.409 251.511 253.276 253.485 253.69 251.917 253.369 252.381 
140.025 140.316 140.58 141.888 142.355 142.188 142.161 139.57 138.698 139.991 140.274 140.272 140.978 141.396 139.175 138.806 138.768 140.042 140.237 141.076 141.43 138.706 138.77 138.846 140.234 140.723 140.581 140.122 138.805 138.959 138.898 140.082 139.952 141.146 140.929 137.527 138.592 139.02 139.499 140.377 141.477 140.943 137.039 137.143 137.899 139.001 139.353 140.479 140.21 
141.074 141.199 141.675 142.661 142.755 142.659 143.022 141.12 140.393 141.278 141.831 141.844 142.325 142.669 141.397 140.913 140.728 141.627 141.836 142.42 142.73 141.284 141.304 141.296 142.16 142.597 142.617 142.203 141.491 141.653 141.485 142.506 142.379 143.158 142.557 140.6 141.548 141.863 142.226 142.646 143.436 142.832 140.677 140.953 141.221 141.897 142.017 143.021 142.742 
140.697 141.217 141.262 141.855 142.858 144.015 144.778 145.375 144.379 144.545 145.026 145.947 146.466 147.535 144.627 144.945 144.917 145.227 146.033 146.812 147.729 145.676 144.675 145.542 145.655 146.008 146.714 148.571 145.853 144.996 145.875 146.761 146.664 147.289 148.488 145.795 145.877 146.881 147.149 147.965 148.771 149.069 147.158 146.332 146.3 147.14 147.712 149.056 148.944 
150.554 149.713 149.736 149.966 149.406 151.677 154.156 159.575 159.085 158.705 159.676 158.587 162.122 164.59 159.722 159.838 159.165 159.286 159.971 162.463 164.522 160.343 161.009 160.615 161.148 161.546 163.743 165.021 161.115 160.988 161.397 161.372 162.288 163.32 165.691 160.731 160.865 161.156 161.452 162.663 165.2 166.594 160.99 160.843 161.613 161.738 165.053 166.583 165.624 
171.709 171.889 170.842 171.291 172.199 171.835 171.088 174.079 172.436 173 174.169 174.99 175.158 172.372 175.584 173.143 175.173 175.479 175.14 175.553 171.037 174.49 175.534 176.553 177.041 176.776 176.534 174.236 170.944 174.233 178.03 177.132 177.139 176.098 173.656 171.927 173.198 174.769 175.245 176.841 176.736 175.099 173.451 172.84 173.623 174.714 174.779 175.552 174.539 
185.935 183.816 184.051 184.912 185.382 185.788 186.356 184.326 184.572 185.294 185.744 185.548 187.695 188.239 186.478 188.87 188.682 187.452 189.407 188.878 187.904 188.605 189.636 186.404 187.652 189.958 190.305 185.344 187.164 186.85 183.655 186.59 187.473 188.461 185.677 186.312 186.509 187.145 186.388 185.903 185.573 186.463 187.575 188.186 190.099 187.893 184.696 185.643 187.559 
190.639 190.672 191.11 191.6 191.513 190.752 189.604 191.067 190.908 190.268 190.573 190.896 191.201 190.786 191.315 192.154 190.514 190.991 190.896 191.046 190.895 190.505 191.861 190.753 190.489 190.676 190.618 190.26 190.117 191.543 190.466 190.101 190.411 190.606 191.092 190.368 191.1 189.827 189.519 190.159 189.881 191.439 190.151 190.289 189.543 189.096 190.04 189.733 190.725 
208.391 207.587 207.737 208.57 209.612 208.278 207.444 208.384 208.508 208.42 208.302 208.438 207.515 207.18 207.615 208.203 207.999 206.942 206.762 207.355 207.274 206.367 207.09 206.605 206.023 205.723 206.767 206.648 206.27 206.45 206.289 203.93 205.118 205.073 205.107 203.57 205.206 204.357 203.914 203.513 203.834 203.14 202.511 202.355 202.276 201.329 201.202 201.777 202.607 
217.719 219.399 221.016 220.473 220.219 219.917 219.794 218.873 220.347 220.774 220.293 220.798 220.979 220.854 220.929 221.916 221.009 222.032 221.384 221.084 221.266 221.057 223.726 222.491 222.256 221.176 220.692 220.559 221.912 223.49 223.704 222.084 221.466 220.743 220.435 222.723 222.759 223.653 221.971 221.989 221.388 221.25 223.194 223.756 223.598 221.883 222.172 221.725 221.285 
232.419 235.253 236.303 236.644 235.788 236.953 237.122 235.45 235.369 236.609 236.036 235.813 236.393 236.469 237.111 238.727 239.243 238.599 236.544 236.4 235.041 236.143 239.463 240.299 238.519 236.308 236.948 234.708 236.755 240.056 240.716 236.737 234.21 238.319 235.686 238.338 239.998 240.527 238.492 236.73 237.761 238.589 240.387 240.953 241.199 240.69 239.23 240.027 239.29 
248.087 248.612 249.833 249.737 249.684 249.994 249.984 247.663 249.487 248.789 249.614 249.968 250.838 250.672 250.279 250.435 249.369 250.457 249.864 250.607 250.758 250.18 251.684 250.342 250.549 249.993 249.778 249.858 250.182 251.222 251.375 250.956 250.236 250.041 250.054 250.735 250.793 251.168 250.463 250.551 249.999 250.265 249.777 250.679 250.435 250.137 250.206 250.08 249.982 
133.611 134.71 134.573 134.996 136.908 137.053 138.424 134.477 134.738 134.362 134.669 134.792 136.464 137.149 133.93 133.614 132.519 133.417 134.195 134.33 135.284 134.246 134.345 133.079 133.451 135.03 135.826 134.227 134.26 133.936 133.755 133.477 136.475 137.216 134.6 136.174 135.567 134.871 135.242 136.719 139.002 138.938 137.034 136.241 136.054 137.416 138.218 139.361 138.994 
139.611 139.604 139.946 140.279 141.047 141.744 143.503 139.392 139.283 139.624 140.982 141.047 141.856 143.521 139.522 139.742 140.148 141.049 141.652 142.629 143.924 139.956 140.121 140.796 141.45 141.947 142.659 144.606 140.042 140.382 140.766 142.237 142.319 143.368 144.493 140.465 141.29 141.703 141.534 142.598 144.661 145.103 140.846 141.34 141.773 141.964 142.239 144.809 145.566 
144.972 145.355 146.206 146.924 147.737 151.573 156.355 145.197 145.551 146.169 148.587 148.717 153.377 158.503 145.072 146.178 146.624 147.852 149.919 154.092 158.119 144.406 145.695 146.749 148.912 150.535 153.95 158.61 145.104 145.41 146.778 149.056 151.207 154.492 159.209 145.029 146.193 147.523 148.722 152.236 157.84 160.206 145.389 146.231 148.08 149.546 153.952 158.556 158.821 
160.185 160.719 159.937 159.508 160.229 161.508 161.962 160.128 158.47 159.315 160.417 161.941 163.516 161.28 161.101 159.124 162.013 161.691 161.778 163.67 159.559 160.657 160.945 163.155 164.35 163.617 163.299 162.406 157.145 159.33 163.625 162.91 163.205 162.983 162.783 158.185 159.126 160.658 160.812 162.488 163.93 164.493 159.149 159.207 159.894 160.085 160.425 162.789 163.633 
168.682 169.382 169.144 169.064 168.958 168.812 169.097 170.104 167.968 168.488 169.393 170.157 171.077 168.943 171.512 168.768 171.264 171.159 171.361 172.134 167.771 168.617 169.538 171.47 172.304 172.244 171.368 169.574 162.984 165.741 170.885 170.204 170.479 170.177 168.49 163.428 165.116 167.943 168.869 170.069 170.652 169.866 166.971 166.975 168.517 169.407 168.649 170.238 170.454 
171.144 172.017 171.717 171.451 171.138 170.771 170.792 172.545 170.498 171.239 172 172.668 173.03 170.716 174.049 171.209 174.027 173.594 173.411 174.026 169.278 170.496 171.648 173.846 174.536 174.316 173.304 171.254 164.826 167.768 172.809 172.005 172.246 171.89 169.918 165.685 167.245 169.749 170.671 171.795 172.074 171.143 169.181 169.158 170.434 171.315 170.221 171.754 171.998 
179.898 180.263 180.68 180.721 179.685 178.811 178.82 181.738 180.538 180.46 180.674 179.987 179.49 179.653 181.362 180.72 181.993 181.585 181.964 180.777 179.829 178.619 179.147 180.473 180.783 181.13 179.123 178.366 175.411 175.381 177.303 177.29 177.414 177.63 177.772 175.296 175.717 177.455 178.129 177.418 177.201 178.176 178.289 178.499 179.265 179.669 178.317 178.675 179.881 
197.982 198.374 198.108 197.397 197.598 197.43 197.186 198.014 198.191 197.897 197.597 197.709 197.906 197.584 197.893 198.102 197.556 197.595 197.929 197.56 197.529 197.89 198.229 197.888 197.569 197.6 197.835 197.412 198.304 198.52 197.948 197.33 197.719 198.018 198.2 198.217 198.24 197.977 197.725 197.815 197.832 198.148 198.471 198.46 198.219 197.889 198.238 197.649 198.036 
208.983 209.848 209.781 208.236 208.718 209.312 210.688 209.691 210.108 209.431 210.122 210.954 211.023 211.799 209.028 209.975 209.813 211.681 211.838 212.512 211.983 209.793 210.24 210.49 211.053 210.993 211.725 210.748 211.046 211.581 211.471 211.326 211.432 211.847 212.076 212.075 211.812 211.991 211.84 212.056 212.695 212.686 213.633 212.275 212.283 211.76 213.236 213.04 212.42 
218.195 220.085 221.74 221.489 221.243 221.774 222.194 220.998 222.082 222.091 222.365 224.072 225.071 224.982 224.061 224.294 222.672 225.003 225.931 225.664 225.546 224.355 227.488 225.902 226.444 225.036 224.836 225.001 225.211 227.306 228.132 227.084 225.95 225.435 226.166 227.784 227.012 228.278 226.095 227.039 225.887 226.894 228.559 228.013 227.29 225.931 226.995 226.542 226.603 
236.74 235.446 235.387 235.216 235.079 235.844 236.796 238.045 235.564 234.379 235.043 238.369 238.451 237.712 237.832 236.864 234.736 236.393 240.225 240.285 238.305 238.708 237.776 237.701 239.183 238.858 239.715 238.847 239.373 238.059 239.656 240.184 239.793 239.664 241.098 241.625 240.091 240.601 240.065 241.663 239.058 240.673 231.863 230.322 229.243 230.829 230.931 229.483 229.667 
131.304 132.503 132.329 132.747 134.964 135.08 136.537 132.031 132.686 132.043 132.757 133.047 134.752 135.686 131.613 131.433 130.196 131.105 132.166 132.299 133.601 131.926 132.224 130.854 131.114 133.032 133.964 132.492 131.847 131.721 131.475 131.566 134.925 135.355 132.504 134.156 133.561 132.656 132.976 134.959 136.868 136.863 134.99 134.367 134.237 135.472 136.657 137.576 137.184 
133.804 134.632 134.35 134.551 136.406 136.404 137.488 134.563 134.695 134.093 134.529 134.694 136.002 136.68 134.088 133.572 132.573 133.428 134.113 134.025 134.892 134.313 134.292 133.12 133.269 134.736 135.331 134.106 134.063 133.804 133.755 133.193 135.969 136.424 134.176 136.224 135.417 134.748 134.868 136.112 137.974 138.119 137.032 136.126 135.723 136.817 137.546 138.391 138.191 
151.536 150.327 149.663 149.051 149.091 150.054 150.172 149.956 148.393 148.508 149.202 149.677 150.012 149.57 149.089 148.813 150.499 149.711 149.748 150.037 149.356 151.094 149.351 151.016 151.846 150.42 148.877 149.448 150.853 149.287 150.009 149.57 148.93 148.934 151.308 151.559 149.978 149.9 148.728 148.346 149.807 152.215 150.402 150.771 150.042 148.59 148.6 150.265 151.915 
154.35 153.238 152.633 151.973 151.796 152.567 152.07 153.11 151.587 151.484 151.957 152.567 152.803 151.752 152.185 151.94 153.452 152.638 152.903 152.76 151.411 154.241 152.686 154.049 155 153.654 151.765 151.465 153.973 152.36 153.311 152.782 152.249 151.878 153.749 154.72 153.137 153.124 152.136 151.474 152.744 154.647 153.697 154.171 153.306 151.705 151.815 152.894 154.38 
162.118 162.323 161.464 160.766 161.083 161.553 161.388 161.957 160.092 160.54 161.258 162.446 163.178 160.5 163.144 160.806 163.034 162.506 162.283 163.416 158.796 162.322 162.564 164.121 164.893 164.017 163.339 161.551 158.803 160.8 164.581 163.707 163.738 162.871 161.764 159.759 160.331 161.358 161.61 162.751 163.409 162.961 160.742 160.6 160.791 160.742 160.742 162.16 162.279 
167.708 167.664 168.118 168.145 166.488 165.478 165.763 169.537 167.824 167.809 167.97 167.278 166.627 166.665 169.445 168.353 169.911 169.207 169.556 168.131 167.06 166.564 166.624 168.343 168.593 168.45 166.107 165.564 163.086 162.369 164.982 164.965 164.801 164.831 164.728 162.809 163.098 165.29 165.81 165.11 165.026 165.254 166.489 166.966 168.034 168.227 166.251 166.691 167.659 
163.67 162.956 165.122 164.876 163.718 164.416 165.408 164.613 165.134 165.266 165.305 163.516 163.896 164.974 165.188 165.9 165.391 164.643 163.565 164.188 165.025 165.942 166.55 166.075 165.038 164.107 162.989 163.218 166.309 165.369 163.482 164.767 164.031 163.375 163.854 166.832 164.666 163.63 165.127 164.692 163.326 163.164 168.477 166.021 165.976 164.628 163.231 162.134 161.941 
187.546 188.895 189.391 187.669 188.036 190.228 192.357 188.347 188.824 188.128 189.626 189.86 190.751 192.864 187.511 188.105 188.311 190.801 191.17 192.573 192.831 187.904 187.99 188.693 189.467 189.829 191.707 190.481 189.417 189.255 189.43 189.909 189.848 191.666 191.565 189.757 189.281 189.981 190.1 190.224 192.541 192.392 191.267 189.442 189.913 190.081 192.258 193.239 192.741 
200.839 202.563 202.607 200.558 200.704 202.434 204.796 202.506 203.587 202.448 204.009 204.324 205.041 207.068 201.737 202.897 203.128 206.284 205.866 206.73 206.846 202.26 202.841 203.946 204.797 204.481 205.501 203.926 204.405 204.665 204.91 204.976 204.541 206.335 205.527 205.126 204.63 205.114 204.456 204.921 207.622 206.491 207.188 205.616 205.881 205.01 207.727 208.163 206.846 
208.437 209.1 209.412 207.506 208.282 210.79 214.275 211.895 210.996 209.121 211.513 214.061 214.592 216.918 210.47 210.789 210.291 214.595 216.281 218.409 217.07 211.22 210.874 212.229 214.266 214.444 216.655 214.345 213.967 213.116 214.244 215.216 214.901 216.844 216.738 216.771 214.38 215.491 215.144 216.429 218.481 218.459 209.386 205.723 206.06 206.365 209.566 210.591 209.372 
238.303 237.691 237.004 237.507 236.668 236.984 236.904 238.72 238.291 237.456 237.86 238.253 238.243 238.02 238.45 238.108 237.275 237.401 238.152 237.937 238.024 237.71 237.601 237.321 237.423 237.286 236.97 237.692 235.124 234.952 235.442 235.137 235.424 234.944 234.641 234.189 234.158 233.803 233.526 234.534 232.557 231.476 137.415 136.958 136.596 137.016 137.091 134.17 134.5 
130.259 131.532 131.421 131.561 133.429 133.452 134.813 131.096 131.725 131.17 131.618 131.806 133.123 134.107 130.797 130.698 129.61 130.447 131.298 131.267 132.418 130.896 131.105 130.028 130.312 132.212 132.777 131.504 130.677 130.467 130.454 130.616 133.471 133.938 131.363 132.766 132.116 131.503 131.801 133.275 135.067 135.261 133.681 132.882 132.562 133.621 134.701 135.514 135.385 
132.845 132.913 133.033 133.062 133.205 132.695 132.618 132.808 132.586 132.573 133.232 132.896 132.826 133.492 133.005 132.512 131.98 132.529 132.304 132.506 133.247 132.546 132.376 132.088 132.384 132.843 132.31 132.262 132.419 132.069 131.33 132.942 132.554 132.507 131.483 131.61 131.935 131.768 131.525 132.298 131.652 131.248 131.519 131.76 131.807 131.474 131.984 131.333 131.279 
142.89 143.353 143.133 142.012 141.555 140.197 138.898 144.529 143.929 143.607 142.276 141.717 141.063 140.068 143.893 143.051 142.161 141.993 141.118 140.007 139.364 142.484 142.669 141.834 140.296 139.847 138.943 138.38 141.396 141.484 141.891 140.36 139.347 139.904 138.945 142.077 140.885 140.571 139.414 138.191 138.943 139.256 141.825 140.288 139.252 139.155 138.629 138.194 138.262 
151.942 150.723 150.017 148.869 148.409 148.862 148.257 150.844 149.225 148.817 148.944 149.022 148.805 147.766 150.109 149.706 150.724 149.434 149.082 148.776 147.462 151.755 149.999 150.852 151.169 149.442 147.736 147.257 151.093 149.396 149.834 148.979 147.967 147.474 149.014 151.532 149.594 149.207 148.017 147.03 147.784 149.51 150.282 150.337 149.266 147.508 147.392 148.207 149.219 
147.224 147.584 147.542 147.363 147.056 145.999 145.74 148.505 148.379 147.975 147.431 147.322 146.744 146.155 148.183 148.071 147.813 147.441 147.279 146.552 145.638 147.553 148.252 147.933 147.028 146.634 146.005 145.179 146.745 147.358 148.061 147.3 146.823 146.777 145.96 147.247 146.91 147.073 146.892 146.401 146.833 146.656 147.508 146.529 146.768 146.958 146.663 146.557 146.528 
154.711 154.003 156.192 156.125 154.872 155.13 156.278 155.492 156.088 156.305 156.225 154.386 155.112 156.141 156.246 156.82 156.489 155.565 153.863 155.101 155.965 156.668 157.467 157.157 155.928 154.679 153.656 154.031 156.764 156.009 153.984 155.186 154.938 154.002 155.024 157.385 155.094 153.718 155.564 155.635 154.139 154.385 158.608 156.74 156.682 155.149 154.314 153.452 153.012 
157.464 156.836 159.504 159.318 158.356 159.706 160.938 158.394 158.848 159.348 159.47 157.979 158.814 160.279 158.835 159.409 159.373 158.845 158.152 159.309 160.389 159.524 159.959 159.859 159.185 158.543 158.003 158.722 159.667 158.438 157.066 158.699 158.318 158.03 159.108 160.184 157.824 157.075 158.898 159.017 158.027 158.444 161.511 159.034 159.269 158.317 157.383 156.989 157.129 
159.709 159.11 161.782 161.734 161.479 163.65 165.439 161.304 162.137 162.614 163.144 162.069 163.793 165.795 162.008 162.81 162.908 162.931 162.567 164.258 165.726 162.669 163.516 163.818 163.385 163.01 163.12 163.901 162.892 161.945 160.818 162.684 162.603 163.24 164.542 163.236 161.283 160.946 163.008 163.38 163.008 163.922 164.913 162.82 163.428 162.69 162.06 162.005 162.701 
179.61 181.393 182.939 180.413 183.223 188.594 194.39 185.664 186.912 185.821 189.416 191.539 194.918 199.871 185.037 186.791 187.879 193.063 194.257 198.267 200.184 185.712 186.691 189.191 191.566 192.989 196.507 196.255 188.267 189.089 190.574 192.438 193.341 197.092 197.46 189.547 189.583 191.123 191.864 193.359 199.103 199.235 191.79 190.304 191.747 192.01 196.561 200.308 199.89 
166.537 161.782 161.97 157.686 163.947 167.655 172.793 180.181 176.944 174.824 176.739 178.934 181.895 183.755 180.934 180.055 179.43 179.794 181.944 183.017 184.632 180.964 179.925 181.072 181.434 182.675 183.136 184.492 178.769 178.055 179.187 179.865 180.656 180.959 181.128 178.391 179.003 178.862 178.555 178.812 180.082 180.391 175.984 176.5 177.002 177.252 176.954 177.656 178.567 
186.79 186.417 185.682 185.798 184.008 182.87 182.053 186.291 185.9 185.644 185.311 186.535 183.468 182.719 181.839 181.234 182.572 182.48 182.028 181.953 179.319 177.375 176.447 177.043 178.14 178.642 179.036 179.47 168.392 167.559 167.645 168.066 169.36 170.419 170.999 162.863 163.749 163.911 163.87 164.916 166.597 167.622 88.9157 88.8241 89.1225 89.0341 89.2106 90.5518 92.4461 
125.898 126.353 126.451 126.524 126.822 126.901 127.449 126.093 126.213 126.236 126.754 127.134 127.511 128.161 126.329 126.237 125.973 126.528 126.945 127.501 128.218 125.847 126.182 126.352 126.878 127.713 128.014 128.145 126.289 126.183 125.951 127.77 127.984 128.295 127.687 125.874 126.467 126.509 126.7 127.555 127.614 127.42 125.918 126.389 126.676 126.507 127.34 127.474 127.727 
128.305 128.1 127.913 127.708 127.97 127.971 127.913 128.554 127.622 127.359 127.135 127.528 127.735 128.028 128.241 127.504 127.142 127.35 127.321 127.603 127.724 128.272 127.736 127.602 127.612 127.473 127.171 127.442 128.641 127.878 127.562 127.514 127.249 127.311 127.44 127.967 127.598 127.657 127.624 127.326 127.156 127.396 127.813 127.236 127.031 127.049 127.024 126.648 127.301 
130.829 131.597 132.279 131.791 131.813 131.699 130.172 131.926 131.64 132.904 132.819 131.347 129.762 128.275 132.337 132.541 132.852 132.512 129.92 127.949 126.472 132.771 133.191 132.635 131.62 128.133 126.385 125.43 133.343 133.598 132.497 129.955 127.058 125.487 125.074 133.481 133.097 132.188 128.317 126.137 124.536 124.677 133.105 132.06 129.7 127.059 125.789 124.304 124.735 
137.829 138.16 137.798 136.704 135.766 134.335 133.399 139.511 138.965 138.307 136.745 135.899 135.345 134.149 139.178 138.745 137.651 136.652 135.772 134.701 133.572 138.503 138.855 137.507 135.549 134.736 134.167 133.06 137.772 138.317 138.026 136.055 135.236 135.136 134.134 138.535 137.871 137.17 135.822 134.465 134.813 135.275 138.632 136.903 136.037 136.081 135.331 135.096 135.097 
135.023 135.08 134.68 134.707 133.754 132.031 132.157 134.867 134.976 134.761 134.07 132.698 133.019 132.976 135.297 135.618 135.478 133.978 131.909 132.535 132.213 135.286 136.068 135.85 134.219 132.944 132.718 132.184 135.102 135.785 134.896 134.005 134.125 133.122 133.801 134.966 135.146 134.32 134.083 134.719 133.763 134.117 134.693 135.522 135.338 134.785 135.736 135.394 134.525 
131.544 131 130.261 129.998 129.033 126.429 129.167 130.991 131.471 131.115 129.378 127.739 127.674 128.648 130.687 131.424 132.189 130.111 127.753 127.312 127.439 130.953 130.858 131.035 130.601 129.254 127.981 127.642 131.265 130.895 130.46 130.016 130.134 128.719 128.086 132.097 132.17 130.893 130.771 130.133 129.496 128.65 132.718 132.906 132.537 131.729 131.032 129.941 129.734 
145.18 145.041 147.555 147.647 146.69 147.292 148.462 145.905 147.181 147.769 147.81 146.036 147.223 148.461 146.675 147.975 148.07 147.42 145.83 147.286 148.249 147.323 148.629 148.667 147.659 146.864 146.042 146.543 147.396 147.067 145.263 146.77 147.012 146.479 147.829 148.097 146.46 145.356 147.471 147.911 146.79 147.263 149.454 148.2 148.319 147.134 146.773 146.327 145.987 
109.232 113.615 116.369 118.37 120.78 124.358 126.882 110.448 114.736 117.511 119.759 122.298 125.207 128.227 110.76 114.227 117.52 119.909 122.758 125.974 127.853 111.306 114.678 117.566 120.033 123.021 126.479 128.945 111.092 114.971 117.04 119.729 122.946 126.391 129.276 111.712 115.417 117.197 119.352 122.595 126.601 129.721 111.776 115.532 117.451 119.712 122.459 127.125 130.236 
101.817 105.501 107.142 106.655 112.83 119.275 123.484 110.615 115.239 115.422 118.278 122.246 128.368 130.996 110.705 116.91 117.816 120.019 123.891 129.162 131.353 110.797 116.475 118.675 121.046 124.564 129.284 131.639 111.045 116.85 118.87 121.371 124.485 129.368 131.197 111.202 117.936 119.027 120.99 123.681 129.215 131.162 110.375 117.241 118.562 120.398 123.139 128.144 130.395 
102.65 105.71 105.953 106.94 106.402 107.557 108.289 103.825 106.918 107.317 107.749 110.166 109.468 110.057 100.067 103.549 104.573 105.182 106.385 108.359 107.149 96.6729 99.6368 100.683 102.094 103.721 105.309 106.918 91.5419 94.4342 95.082 96.407 98.3814 100.457 101.635 88.1247 91.6133 92.3956 93.2585 95.2844 97.793 99.0195 85.6821 89.0333 89.6355 90.5168 92.0883 94.498 96.2807 
133.569 133.824 132.893 132.426 130.187 128.26 127.037 127.721 127.38 127.06 125.968 126.428 123.373 121.879 119.984 119.788 120.191 119.974 118.943 118.673 116.015 112.656 111.522 111.575 112.139 112.553 112.729 113.427 101.204 100.281 99.598 99.6119 100.983 102.084 102.857 93.7453 94.4725 94.0362 93.5019 94.4567 96.0626 97.0615 85.0533 84.9919 85.2836 84.9434 84.7096 85.9435 87.5883 
122.114 122.154 122.141 122.139 122.127 122.229 122.472 122.37 122.438 122.354 122.13 122.395 122.551 122.562 122.37 122.417 122.222 122.319 122.717 122.971 122.962 122.191 122.294 122.6 122.648 123.036 123.313 123.267 122.261 122.192 122.543 122.815 123.048 123.436 123.444 122.469 122.288 122.432 122.559 122.727 123.28 123.374 122.463 122.347 122.394 122.452 122.666 123.05 123.223 
119.827 119.806 121.281 120.427 120.409 119.486 118.405 119.577 119.92 121.872 121.347 121.154 119.752 118.218 119.006 119.856 121.98 121.361 121.711 119.851 119.332 119.745 120.552 120.404 121.714 121.084 119.554 119.506 120.683 120.939 119.443 118.988 119.972 119.331 118.834 120.515 121.163 120.427 118.418 118.653 117.775 117.505 120.316 118.537 117.029 116.955 118.4 118.447 118.762 
118.57 120.256 121.79 122.329 122.932 123.087 120.442 120.184 120.878 123.559 124.268 122.553 120.309 117.658 121.412 122.77 123.682 123.906 120.967 117.701 114.916 122.212 123.663 123.492 122.886 118.185 115.42 113.683 123.071 124.145 123.122 119.812 116.179 113.729 113.254 124.313 124.348 122.904 117.184 114.33 112.645 112.806 124.085 122.832 119.635 115.842 113.995 112.053 112.524 
118.585 119.379 119.935 119.512 119.12 119.226 116.872 119.511 119.683 120.82 120.814 119.009 117.155 114.883 120.536 121.318 121.334 120.845 118.202 115.558 113.141 121.14 122.254 121.828 120.779 116.751 114.21 112.472 122.052 122.842 122.188 119.482 115.984 113.599 112.482 123.198 123.226 122.226 117.708 115.151 113.169 112.593 123.452 122.111 119.576 116.419 114.852 113.253 113.152 
118.594 117.746 116.093 115.521 114.239 111.773 114.325 118.852 118.967 117.54 115.044 113.427 112.586 113.611 119.669 119.5 119.304 116.542 114.259 112.898 112.516 120.292 119.515 118.389 117.406 115.831 114.09 113.229 120.846 120.115 119.115 117.708 117.33 115.867 113.667 122.456 122.483 120.559 119.881 117.824 116.884 114.88 124.055 123.466 122.078 121.036 118.847 116.713 116.564 
120.199 119.529 118.433 117.938 116.752 114.13 116.808 119.839 120.261 119.45 117.446 115.719 115.51 116.363 119.888 120.52 120.81 118.617 116.006 115.289 115.111 120.279 120.056 120.074 119.372 118.088 116.448 115.717 120.846 120.3 119.774 119.252 119.366 117.806 116.599 122.016 122.176 120.771 120.403 119.616 118.824 117.169 122.954 123.187 122.435 121.281 120.43 118.916 118.586 
110.99 110.813 110.452 110.256 109.896 108.46 111.425 110.869 111.669 111.592 110.412 109.462 109.286 110.781 110.915 111.599 112.816 111.799 110.519 109.757 109.825 111.543 111.155 111.714 112.324 112.002 111.064 110.886 112.017 111.64 111.698 112.179 112.722 112.146 111.145 113.64 113.855 113.124 113.284 112.712 112.972 111.93 114.887 114.84 114.502 114.09 113.086 112.739 113.395 
81.3147 82.773 83.2384 84.2775 85.8694 88.5577 89.4297 81.7693 83.4106 84.1403 85.2749 86.6095 89.0148 90.1879 82.1108 84.0836 85.1721 86.4527 87.4729 89.8502 90.3957 83.2731 84.9993 86.065 87.2136 88.5664 90.8613 91.7207 84.168 85.7617 86.512 87.9889 89.3341 91.5299 92.5321 85.1516 86.9289 87.5286 88.7668 90.072 92.2222 93.1489 86.1259 87.7731 88.2971 89.4571 90.6113 92.8901 93.7892 
66.6981 70.3719 71.3716 72.6163 73.7547 76.4447 77.7475 67.6885 71.4726 72.3412 73.3178 74.8729 77.2608 78.6193 67.8465 71.5183 72.7035 73.6051 74.9299 77.6832 78.3948 68.2 71.8827 72.9939 74.1475 75.6974 78.0478 79.3975 68.5174 72.2083 72.9495 74.2826 75.8797 78.6095 79.8004 69.2444 72.6143 73.3772 74.4006 76.0933 79.0335 80.3606 69.6712 73.2339 73.7593 74.9174 76.329 79.4429 81.0078 
59.7948 59.6175 57.9469 59.5409 59.5973 60.4808 60.6203 59.2805 59.1324 58.2366 58.372 57.9318 59.8148 59.901 58.6918 58.7833 58.5485 58.6728 58.0826 59.2053 59.3853 58.3846 58.5863 58.2891 58.9653 59.5336 59.2801 59.2979 57.8901 58.2364 58.1749 58.4545 58.413 59.6692 59.1453 57.078 57.63 57.4184 57.2795 57.4071 59.4465 59.2487 57.3376 57.3385 57.6053 57.3979 58.5263 59.1064 60.5572 
76.1838 77.1222 76.5663 76.1068 74.4178 73.7216 73.2091 73.2404 73.6702 73.5834 72.9437 72.9978 71.1311 70.4681 69.816 70.1873 69.8592 69.9376 69.5471 69.7003 67.7778 66.6024 66.745 66.2766 66.2018 66.6525 67.1034 67.3826 61.585 61.9589 61.5013 61.3863 61.8083 62.6706 62.911 58.9329 59.8049 59.4718 59.1894 59.7084 60.4274 60.6826 57.2125 57.7406 57.6456 57.5469 57.6281 58.3686 58.6413 
117.449 116.785 117.832 116.783 116.627 115.988 115.415 116.815 116.985 118.271 117.445 117.393 116.69 115.814 115.989 116.442 118.132 117.469 118.361 117.21 117.543 116.162 116.365 116.384 117.863 118.171 117.351 117.94 116.751 116.798 115.443 115.827 117.609 117.627 117.236 116.741 117.309 116.684 115.862 116.651 116.504 116.211 116.411 115.059 114.171 114.88 116.773 117.466 117.25 
115.715 115.288 116.403 115.409 115.147 114.084 113.184 115.004 115.372 116.644 115.789 115.797 114.69 113.711 114.25 114.959 116.579 115.631 116.707 115.479 115.437 114.85 115.201 115.027 116.54 116.724 115.507 115.582 115.499 115.524 113.974 114.116 115.824 115.451 114.846 115.135 115.56 114.895 113.924 114.678 114.247 113.782 114.792 113.095 112.215 113.024 114.657 114.981 115.046 
104.886 105.078 105.914 105.154 105.651 104.845 102.883 106.091 105.545 105.799 105.326 106.242 105.917 103.593 106.616 106.573 106.796 105.316 106.826 106.368 104.061 106.902 106.74 106.01 105.897 106.616 105.421 104.34 107.443 106.739 105.028 104.338 106.487 104.605 105.436 107.604 107.949 105.703 103.851 106.839 104.688 103.922 107.238 107.147 106.177 104.725 107.005 105.488 106.831 
101.236 101.291 99.6388 99.3529 98.7197 97.7253 97.435 102.433 102.002 100.574 98.6402 98.2141 97.5063 97.5544 103.743 102.643 101.308 99.4407 98.4473 97.7782 97.3211 103.929 103.203 101.296 99.6029 98.7651 98.1543 97.5862 104.201 103.643 102.087 99.9481 99.7898 99.7281 98.5169 105.087 104.506 102.517 102.101 101.041 100.471 99.7845 105.771 105.282 103.398 102.999 101.667 100.493 100.324 
99.448 99.4789 97.8727 97.2912 96.2939 95.6288 95.2984 100.805 100.585 98.9033 96.888 96.3406 95.6835 95.7157 102.569 101.778 100.23 98.1277 97.1393 96.3901 95.6732 103.086 102.792 101.067 98.8663 98.1742 97.459 96.5053 103.948 103.699 102.399 100.217 100.054 99.9012 98.3762 105.396 105.043 103.277 102.834 101.832 101.215 100.247 106.423 106.079 104.3 103.804 102.675 101.566 101.379 
105.711 104.987 103.286 102.555 101.48 99.1284 101.913 106.321 106.467 104.918 102.217 100.781 100.104 101.365 107.44 107.005 106.731 104.066 101.824 100.402 100.252 108.13 107.026 105.852 105.084 103.598 101.79 100.946 108.884 107.871 106.844 105.457 105.21 103.823 101.608 110.595 110.405 108.382 107.916 105.896 105.043 102.961 111.939 111.498 110.023 108.883 106.73 104.471 104.66 
82.8825 82.4687 81.849 81.5524 81.8527 82.0254 82.196 83.6733 83.2584 82.6775 82.4689 82.6692 82.7392 82.9164 84.5256 84.3573 84.0765 83.8222 83.7174 83.5606 83.6068 85.6669 85.3845 85.1824 84.8376 84.6856 84.552 84.4977 86.5731 86.1875 85.8892 85.8745 85.7329 85.4474 85.4617 87.5694 87.2624 87.0275 86.9156 86.8575 86.5353 86.177 88.2542 88.1309 87.689 87.6955 87.5159 87.2137 86.9638 
69.2805 69.4693 69.4444 69.6246 69.9784 70.6977 71.2319 69.6574 69.8686 69.9489 70.2245 70.5954 71.1602 71.7963 70.0425 70.3419 70.7016 71.0836 71.3615 71.8756 72.1686 70.8001 71.1619 71.5235 72.0299 72.3015 72.726 72.9556 71.6861 71.9718 72.3152 72.7862 73.0723 73.3808 73.649 72.6296 72.8071 73.1631 73.5116 73.7322 73.9702 74.165 73.3755 73.5968 73.8221 74.2233 74.3293 74.5178 74.7689 
56.5623 55.8662 54.1569 55.9277 55.9347 56.8492 57.207 56.8686 56.5023 55.466 55.8188 55.4154 57.0421 57.4828 57.3893 57.1842 57.0706 57.1534 56.6774 57.5605 57.7448 58.1902 58.3135 58.0469 58.8711 59.2116 58.6008 58.4997 58.8697 59.0504 59.1238 59.3092 59.1289 59.8016 59.2169 58.9864 59.3166 59.1734 59.0675 58.8517 60.457 60.1168 59.9709 59.7566 60.0777 59.8008 60.6673 60.7005 62.0839 
52.8141 52.4059 50.764 52.5209 52.4205 53.1026 53.3506 52.9034 52.7358 51.7168 52.0291 51.6386 53.0225 53.3364 53.1472 53.1777 52.9674 53.0598 52.6069 53.2631 53.3578 53.635 53.919 53.6547 54.4097 54.8164 54.0638 53.8812 53.9651 54.314 54.352 54.6195 54.45 55.0014 54.3196 53.8075 54.2871 54.1622 54.0096 53.91 55.3443 54.8801 54.5712 54.5301 54.7864 54.5313 55.4674 55.4594 56.7204 
46.5415 45.2136 42.9789 44.1704 43.7697 43.6381 42.4182 46.1364 45.2091 43.7283 43.4304 42.106 43.0711 41.9277 45.9544 45.0168 44.3434 44.0348 42.8986 42.6824 41.6316 45.6173 45.0054 44.1594 44.4752 44.3709 43.0747 41.6207 45.3077 44.8908 44.3954 43.9828 43.3017 43.3005 41.6601 44.5993 44.2933 43.7838 42.9698 42.28 43.2377 41.9654 45.0758 44.1728 43.9789 43.1857 43.4541 42.8514 43.4806 
111.51 111.25 111.302 110.998 111.192 111.996 111.98 111.638 111.574 111.561 111.332 111.119 111.585 111.958 111.9 111.45 111.26 111.49 111.327 111.356 112.074 111.162 110.785 111.095 111.443 111.166 111.457 112.463 111.105 111.157 110.921 111.2 111.458 111.955 112.261 111.421 111.471 111.34 111.402 111.628 112.406 112.527 110.931 111.29 111.117 111.404 111.984 112.563 112.031 
104.814 104.713 105.238 104.439 104.9 104.361 102.992 105.759 105.147 104.984 104.489 105.526 105.712 104.153 106.08 105.865 105.966 104.682 106.355 106.432 104.887 106.066 105.658 105.127 105.169 106.538 105.89 105.379 106.246 105.621 104.152 104.034 106.654 105.499 106.318 106.253 106.764 104.949 104.119 107.304 105.875 105.196 105.834 106.213 105.863 105.173 107.569 106.665 107.782 
97.7139 98.1259 98.2872 98.1449 98.737 98.4563 97.5248 99.4678 98.647 98.0371 98.0778 99.3681 99.5299 98.422 100.356 100.007 99.2728 98.4065 99.6825 100.168 98.4509 100.61 99.8903 99.361 98.7034 99.9457 99.5563 98.5216 100.626 99.4728 98.8215 98.8197 100.643 99.345 100.386 100.528 100.349 98.9085 98.5176 101.718 100.251 99.6201 100.115 101.02 101.219 100.063 101.576 100.103 101.567 
96.1981 96.1819 96.013 95.6569 95.9268 95.2793 94.2761 97.7028 96.6039 95.5678 95.2656 96.1609 96.4526 95.1134 98.4152 97.4315 96.51 95.455 96.6483 96.985 94.9137 98.1757 97.2014 96.7136 95.7746 96.9838 96.3671 95.4128 98.211 97.041 96.3774 95.6726 97.3913 96.0999 97.1684 98.3771 98.3326 96.5498 95.7531 98.6087 97.207 96.5141 98.1482 99.0672 99.0186 97.5858 99.0483 97.5927 98.9266 
91.3963 91.5126 90.3358 89.9697 89.2926 88.6496 88.6857 92.4454 92.3612 91.329 89.8732 89.3248 88.7959 89.1301 93.9248 93.1564 92.3278 90.803 89.8904 89.1968 88.8466 94.2688 93.8944 92.5022 91.2336 90.5587 89.935 89.3447 94.5601 94.3403 93.441 91.7262 91.6901 91.6553 90.6503 95.5489 95.3235 93.9915 93.7214 92.8975 92.4655 91.8983 96.0961 96.0753 94.7805 94.4063 93.4627 92.5128 92.5431 
80.8901 80.9058 80.6663 80.3594 79.9571 79.2878 79.1379 81.7269 81.9072 81.4112 80.9964 80.4203 79.963 79.6437 83.1502 82.555 82.1541 81.9213 81.1555 80.4309 80.3501 83.5499 83.1521 82.7088 82.5114 82.0045 81.1865 80.8746 84.1227 83.863 83.7698 82.9859 82.4443 82.0027 81.825 84.9392 84.5732 83.8987 83.7132 82.7866 82.5664 82.6404 84.3217 84.6079 84.0891 84.0982 83.9721 83.2513 83.4328 
74.2744 73.8951 73.324 72.7179 72.5301 72.2724 72.3117 74.4884 74.0369 73.5065 73.0546 72.9252 72.7106 72.834 74.852 74.2004 73.9142 73.4205 73.1945 72.7444 72.8931 74.8883 74.3546 74.0795 73.9022 73.4996 73.0622 72.9549 74.9906 74.5674 74.3086 74.0823 73.7967 73.5524 73.3211 75.3725 74.9221 74.5768 74.2533 74.0124 73.7208 73.634 75.4176 75.2263 74.8263 74.6328 74.256 73.8101 73.9544 
66.9186 66.6573 66.1729 65.7113 65.6064 65.5767 65.5585 66.9498 66.6888 66.4061 66.0346 65.7778 65.8022 65.9099 67.0512 66.6502 66.4963 66.3293 66.212 66.186 66.3202 67.1308 66.9847 66.7774 66.6219 66.5567 66.6326 66.568 67.5434 67.2535 67.2313 66.9147 66.6802 66.795 66.8458 67.9648 67.5273 67.3602 67.2356 66.9204 66.8925 66.8916 68.2108 67.9873 67.8529 67.765 67.4624 67.3491 67.3257 
58.6533 58.4393 58.1693 57.8955 57.712 57.7598 57.9158 58.7298 58.6519 58.3467 57.9785 57.9262 58.0376 58.1765 58.918 58.7267 58.5392 58.271 58.3012 58.3077 58.4274 59.1475 59.1382 58.9066 58.8634 58.7649 58.7511 58.6545 59.7474 59.5723 59.4504 59.1116 59.0054 59.0712 58.9944 60.1896 60.0595 59.9134 59.6754 59.3992 59.3858 59.2932 60.4786 60.4414 60.3802 60.2129 59.9849 59.7736 59.6843 
44.3468 42.9568 40.8118 42.2222 41.8713 42.1209 41.4987 44.4864 43.6104 42.1015 42.0496 40.9716 42.0041 41.5487 44.8609 44.0399 43.4655 43.1707 42.2818 42.2192 41.5899 45.1116 44.713 43.9833 44.3607 44.2506 42.9957 41.9625 45.4065 45.1422 44.7067 44.3289 43.6598 43.6355 42.3794 45.1523 44.9268 44.4676 43.7425 43.0265 43.9707 43.057 45.8908 45.0854 45.009 44.3029 44.5936 43.9631 44.9039 
16.2743 14.9365 13.8739 13.2387 12.6528 11.5667 8.351 15.929 15.268 14.3805 13.448 12.1122 11.2869 8.25937 15.8865 15.1504 14.3522 13.5755 12.8358 11.2044 8.25933 15.206 14.747 14.0495 13.3512 12.3757 11.3786 8.15745 15.115 14.6269 14.0535 12.875 11.849 10.5617 8.19694 15.1285 14.2559 13.9953 12.8094 11.6005 10.4091 8.25836 15.0913 14.3176 13.4957 12.6977 11.348 10.2721 8.40303 
106.85 106.338 106.54 105.9 106.613 107.49 107.212 106.833 106.032 105.909 106.586 107.065 107.687 107.675 106.823 105.277 105.989 107.299 107.211 106.858 108.034 105.908 104.86 105.844 106.827 106.576 106.653 108.333 105.081 105.555 105.945 106.851 106.771 106.673 107.21 106.464 106.437 106.466 106.403 107.167 107.231 106.75 106.486 106.096 105.973 106.327 106.842 107.752 107.031 
98.2797 98.9075 99.7027 100.448 100.614 101.028 101.713 98.9617 99.2083 100.049 101.245 102.014 101.551 102.128 99.4 100.456 101.158 102.064 101.951 101.825 102.299 100.418 100.545 101.17 102.006 102.167 102.09 101.881 100.75 100.627 101.225 102.587 103.094 103.03 102.894 100.873 100.647 101.234 101.89 103.354 103.329 103.379 100.679 100.722 101.292 101.858 102.635 102.547 103.104 
94.4213 94.7297 95.2038 95.4511 96.0348 95.7682 95.1764 96.1266 95.3491 94.9158 95.338 96.6969 96.9663 96.0753 96.9039 96.6681 96.2072 95.7402 97.0278 97.5707 96.0116 97.0774 96.4099 96.2797 95.8068 97.2763 96.9655 96.2055 97.2583 96.1997 95.8467 96.1241 98.1871 97.0227 98.0113 97.3321 97.3057 96.0407 95.8748 99.3151 98.0855 97.4846 97.0298 98.0462 98.4034 97.4421 99.1927 97.9682 99.5108 
89.4883 89.7751 90.1172 90.5894 90.4786 90.3313 90.9474 89.9672 89.8462 90.2984 90.8861 91.0792 90.5148 90.8686 90.1165 90.2788 90.6246 91.2239 91.1067 90.6148 90.7844 90.6114 90.173 90.6118 90.8299 91.0141 90.577 90.4848 90.8452 90.183 90.6711 91.0522 91.2861 91.2598 91.1614 90.9342 90.6289 90.9423 90.8756 91.4973 91.6017 91.3512 90.8296 90.7881 91.1729 91.0382 91.2512 91.0354 91.3359 
85.7499 85.8185 85.9145 86.0821 85.882 85.5833 85.6576 85.8834 85.7926 85.9815 86.2374 86.0395 85.5282 85.4111 85.9844 85.6244 85.8446 86.1996 85.9012 85.388 85.1092 85.9022 85.5188 85.6406 85.7777 85.8435 85.2838 85.2068 86.1053 85.7247 85.9123 85.433 85.5622 85.5281 85.453 86.3073 86.1099 85.9672 85.859 85.4914 85.6204 85.5182 86.1481 86.1414 86.1633 85.9739 86.0082 85.6902 85.7323 
79.2293 79.4492 79.581 79.6994 79.4954 79.0241 78.9735 79.6805 79.8737 79.8532 80.0072 79.7436 79.3818 79.1379 80.5091 80.0968 80.0354 80.3289 79.9199 79.3975 79.3832 80.6149 80.2982 80.1398 80.5268 80.248 79.6028 79.5512 80.536 80.5438 80.8096 80.4583 80.1467 79.9709 79.9862 80.8938 81.0125 80.7283 80.8238 80.2515 80.2395 80.4477 80.2075 80.6917 80.6592 80.9389 81.0604 80.5079 80.7174 
73.0126 73.0562 73.0756 73.2125 72.9361 72.4323 72.0596 73.4721 73.5496 73.4058 73.3588 72.8777 72.7085 72.2691 73.8186 73.4385 73.3796 73.618 73.1573 72.9493 72.8888 73.7933 73.5534 73.4505 73.647 73.4074 73.051 73.0751 73.935 73.8311 73.9771 73.6905 73.2868 73.1607 73.1882 74.2377 74.0749 73.685 73.7289 73.1098 73.1393 73.3311 73.6398 73.8883 73.678 73.8686 74.1353 73.6079 73.7124 
64.4283 64.3784 64.119 63.885 63.7857 63.5195 63.3478 64.1043 64.0865 63.9542 63.6905 63.4745 63.4372 63.4575 63.7269 63.5688 63.5753 63.6397 63.5396 63.5148 63.5763 63.57 63.5495 63.5882 63.6408 63.6333 63.7115 63.6068 63.6993 63.4903 63.6695 63.6236 63.4686 63.6231 63.6981 63.7083 63.331 63.4196 63.5613 63.42 63.4551 63.5505 63.8536 63.6642 63.5301 63.6894 63.6236 63.5964 63.7316 
46.88 46.7599 46.8342 47.1895 47.3649 47.747 48.2397 46.9348 46.7992 46.7655 46.8702 47.2909 47.5643 48.1257 46.8877 46.9377 47.1534 47.2523 47.2592 47.6112 47.649 47.1106 47.3139 47.6608 47.8018 47.7621 47.7988 48.3303 47.3077 47.3779 47.4354 47.5453 47.414 47.5523 48.0755 46.9097 47.1469 47.2142 47.3822 47.3601 47.4307 48.1828 47.3478 47.4055 47.4806 47.6887 47.7718 47.8816 48.6507 
20.8193 20.7373 20.6133 20.6162 20.5683 20.4812 20.8327 20.7492 20.7276 20.5746 20.3572 20.4142 20.4417 20.8135 20.6754 20.5373 20.5064 20.3847 20.379 20.3673 20.8686 20.7446 20.6268 20.4901 20.4997 20.4497 20.4008 20.8378 20.9072 20.7154 20.6103 20.5159 20.5297 20.4802 20.9094 20.9443 20.8411 20.7445 20.7417 20.7297 20.6409 21.0814 21.0623 21.0059 20.9131 20.8584 20.9274 20.8598 21.2695 
6.65395 5.75022 5.02895 4.65579 4.34264 3.72105 2.13718 6.37591 5.8486 5.21501 4.68758 3.91803 3.46011 2.03969 6.23904 5.70642 5.13782 4.67208 4.24077 3.30894 1.97495 5.7517 5.38322 4.90932 4.48753 3.93764 3.37544 1.8834 5.68382 5.23865 4.85926 4.22188 3.61719 2.85713 1.87415 5.60654 5.03992 4.84889 4.18543 3.50875 2.73843 1.90912 5.59485 5.06718 4.58891 4.12082 3.37487 2.70386 1.98374 
104.201 104.039 104.284 103.831 104.813 105.522 104.948 104.074 103.255 103.351 104.433 105.257 105.92 105.554 103.857 102.273 103.268 104.818 105.244 105.312 106.306 103.175 102.161 103.3 104.55 104.458 104.652 106.061 102.007 102.57 103.475 104.6 104.429 104.031 104.85 103.45 103.159 103.557 103.816 104.634 104.388 103.973 103.536 102.662 102.881 103.569 104.121 104.892 104.633 
100.066 99.8265 100.584 100.37 101.105 101.592 101.477 100.01 99.402 99.4744 100.851 101.717 102.141 102.22 99.5112 98.5715 99.8239 101.619 101.682 101.591 102.568 98.9322 98.2403 99.7524 101.182 101.323 101.441 102.629 97.9771 98.9486 99.902 101.268 101.103 100.806 101.273 99.135 99.2132 99.4762 99.8974 101.062 100.807 100.323 99.2999 98.6248 99.0052 99.8624 100.263 101.032 100.772 
90.5736 91.2815 92.3398 93.3372 93.772 94.2123 94.9318 91.0845 91.3714 92.4982 93.8477 94.6713 94.2652 94.9587 91.1229 92.207 92.9497 94.1903 94.5303 94.5423 95.0106 91.7633 91.7792 92.6742 93.3697 94.093 94.4115 94.2423 92.0136 91.6681 92.3098 93.9315 94.7041 94.9821 95.0203 91.8108 91.5992 92.3141 93.0949 94.6276 94.9431 94.9747 91.4198 91.4629 92.3569 92.8145 93.6548 93.6453 94.4412 
89.4858 89.5279 89.946 90.3335 90.3062 90.2205 90.5958 89.3289 89.1552 89.4906 89.9818 90.0257 89.9223 90.0868 88.7087 88.4297 88.8931 89.4958 89.4655 89.3971 89.396 88.1465 87.5041 88.2632 88.5238 88.7982 88.7045 89.0836 88.1086 87.6536 87.9657 87.8953 88.1556 88.4357 88.5923 87.8711 87.7095 87.7387 87.654 87.7692 88.3397 88.1453 87.7282 87.5701 87.805 87.7549 88.0044 88.0008 88.1557 
84.8289 84.962 85.2604 85.3186 85.2957 85.4175 85.3589 84.4488 84.4565 84.7614 85.1147 85.1379 85.0014 84.9216 84.2201 84.1404 84.1832 84.5401 84.6125 84.5025 84.5013 83.9549 83.4805 83.6092 83.8257 83.9308 83.9509 83.9454 83.3233 83.0042 83.333 83.3463 83.2911 83.3602 83.578 82.9464 82.8531 83.1198 83.016 82.8102 82.958 82.9524 82.7795 82.5966 82.7425 82.6818 82.635 82.5522 82.543 
78.3905 78.6279 78.8841 79.1557 79.0542 78.9822 78.7178 78.5527 78.6717 78.8472 79.1019 78.9008 78.7865 78.4122 78.6382 78.4367 78.5424 78.9753 78.7086 78.5365 78.5295 78.4837 78.2426 78.1422 78.5291 78.4497 78.1732 78.2029 78.3191 78.0711 78.1984 78.0325 77.8911 77.8255 77.942 78.3078 78.03 77.7145 77.8768 77.3202 77.4345 77.617 77.6632 77.5926 77.4956 77.6601 77.8706 77.4571 77.479 
72.5161 72.3552 72.539 73.112 72.7842 72.7494 72.4619 72.5542 72.4333 72.5878 72.6505 72.1087 72.3023 72.1335 71.9601 71.9942 72.2537 72.3508 72.2451 72.3216 72.3427 71.9464 71.7793 71.8821 72.0253 71.9581 71.9693 71.979 71.5449 71.3629 71.4172 71.6995 71.6464 71.6762 71.6256 71.3692 71.3935 71.1598 71.1233 71.2372 71.2961 71.4093 71.1037 70.9699 70.9398 71.0427 71.4207 71.2449 71.1953 
52.3189 52.2507 52.6353 53.4264 53.471 53.9189 54.1227 52.4162 52.3324 52.5089 52.7771 52.9738 53.4119 53.6812 51.9993 52.2749 52.7411 53.0212 52.9694 53.4496 53.2021 52.2089 52.3844 53.0006 53.2264 53.2169 53.3428 53.6853 52.0164 52.1112 52.3035 52.7185 52.673 52.805 53.1242 51.4119 51.814 51.824 52.0354 52.1675 52.3116 52.9061 51.6207 51.694 51.8232 52.0951 52.461 52.6692 53.185 
37.3441 37.1661 37.471 38.216 38.3935 38.9185 39.2709 37.2805 37.2676 37.3393 37.5696 38.0934 38.377 38.8306 37.2429 37.4212 37.8536 37.8622 37.8332 38.1843 38.0308 37.3677 37.4754 38.0227 38.3638 38.2161 38.2862 38.697 37.326 37.3466 37.4387 37.7929 37.9149 38.0618 38.3417 36.8119 37.2484 37.2607 37.5477 37.7467 38.0259 38.5034 37.2845 37.5676 37.555 37.6916 38.0832 38.3576 38.9976 
20.3742 20.188 20.3887 21.0223 21.2079 21.7327 22.1516 20.3866 20.2822 20.2537 20.5125 21.0565 21.3271 21.8125 20.351 20.4431 20.7166 20.7754 20.7809 21.0629 21.0756 20.395 20.4404 20.8842 21.1877 21.0754 21.1106 21.6347 20.3538 20.3022 20.4662 20.8133 20.8816 20.9929 21.3692 19.976 20.3256 20.4051 20.6439 20.7922 20.9919 21.5408 20.3745 20.5854 20.6837 20.7914 21.099 21.2948 21.9212 
4.87468 4.77701 4.63727 4.72255 4.71744 4.70358 4.57509 4.65991 4.63649 4.53251 4.50563 4.54293 4.50325 4.38919 4.53356 4.47504 4.45934 4.43971 4.40522 4.35274 4.31576 4.39733 4.35981 4.32387 4.39136 4.35903 4.32635 4.24523 4.42933 4.2808 4.31856 4.35753 4.37971 4.34766 4.24545 4.41959 4.37849 4.34401 4.42523 4.42172 4.41163 4.30941 4.482 4.50482 4.50627 4.45403 4.53601 4.50933 4.38116 
