3075644
57.1507 56.7707 56.7354 56.2668 56.4463 56.4653 56.9582 57.2459 56.5558 57.321 57.1988 56.866 56.7506 57.3803 57.893 57.1977 57.3576 57.5563 57.5171 57.4682 57.7841 58.4596 57.8934 57.6017 57.7004 58.0735 58.2736 58.0022 58.9843 58.5501 58.0304 57.5348 58.2157 58.0316 57.6895 59.5097 59.2216 58.2885 57.9906 58.3428 58.048 57.5883 59.3995 58.3125 58.2524 58.7512 59.0288 58.7707 58.7967 
54.5391 54.4933 54.4583 54.3344 54.7058 54.6113 54.5581 54.9692 54.9263 55.3522 54.8573 55.049 54.768 54.696 55.9591 55.7649 55.9224 55.7131 55.5876 55.5676 55.7953 56.7847 56.697 55.9807 55.6653 56.0559 56.3007 56.2877 56.9922 56.9166 55.8267 55.7474 56.2629 56.1058 56.2061 56.7128 56.4113 55.9222 55.912 56.0743 56.0685 55.4682 56.4049 56.0144 55.8737 55.7246 56.2982 56.0553 55.7257 
53.8702 53.6265 53.4894 53.237 53.4614 53.2025 52.9532 54.1376 53.899 54.2099 53.5659 53.6702 53.2645 53.0054 55.1129 54.6097 54.6521 54.3481 54.1104 54.0185 54.1057 55.8649 55.4745 54.5156 54.0959 54.4223 54.6106 54.5909 55.871 55.5351 54.1541 54.009 54.5114 54.2529 54.3406 55.3513 54.7902 54.0217 53.9217 54.0277 54.0131 53.2319 54.8177 54.2317 53.8629 53.4958 53.9795 53.7514 53.4654 
52.8028 50.7201 49.0074 48.0462 47.5691 47.1844 47.0732 52.308 50.5332 49.0401 48.0752 47.4822 46.9495 46.5466 52.3712 50.1552 48.9218 48.0671 47.5333 47.0545 47.0614 53.0945 50.4209 48.7796 48.0418 47.7484 47.372 47.4788 53.217 50.5872 49.3025 48.5355 48.194 47.9759 47.6031 53.7222 50.6869 49.671 49.0037 48.5411 48.5126 48.1573 54.251 51.2721 49.8832 49.2286 48.8928 48.6346 48.7117 
52.9855 43.9017 37.4492 34.564 33.7309 33.0626 32.4738 50.8362 43.9952 37.7892 34.9477 33.7727 32.9895 32.2376 51.3877 42.0574 37.5064 34.9444 33.7395 32.9593 32.0842 52.1957 42.7211 36.6684 34.6 33.621 32.3903 31.9465 51.675 42.0849 36.9999 34.4613 33.6522 32.4881 31.7239 51.6554 41.601 36.9157 34.5406 33.4607 32.8423 31.9483 53.7676 41.6429 36.4876 34.3789 33.6347 32.7978 32.0511 
35.214 30.7996 27.7266 26.3682 25.9956 25.6029 25.1769 34.5806 31.0966 28.1011 26.7378 26.2823 25.7737 25.3391 34.9058 30.3825 28.1548 26.9788 26.4177 25.9046 25.3848 35.8159 30.7651 27.9994 27.0418 26.5736 25.986 25.5752 35.6973 30.7789 28.3573 27.1177 26.7584 26.2596 25.822 36.0079 30.7043 28.6006 27.4525 26.8412 26.5103 26.0435 37.2771 30.9859 28.5754 27.7129 27.2405 26.8374 26.4392 
18.6223 18.3355 17.9408 17.7011 18.1364 18.2793 17.8848 18.864 18.4516 18.0338 17.875 17.9427 18.0175 17.9969 18.6757 18.3961 18.2949 18.2897 18.0601 17.9711 17.8389 18.8197 18.5007 18.5233 18.3411 18.3334 18.2379 17.8707 18.8083 18.8803 18.6104 18.3681 18.3409 18.416 18.2838 19.0667 18.9723 18.8649 18.6759 18.6151 18.5251 18.4224 19.4878 19.0454 18.9995 19.1925 19.181 18.8785 18.5418 
3.25474 3.13906 3.11879 3.10857 3.14065 3.14524 3.52049 3.24105 3.13634 3.02142 3.06879 3.12351 3.12731 3.47175 2.99529 3.01304 3.00651 2.96094 3.09908 3.05665 3.44704 2.93408 2.91867 2.9244 2.95753 2.96388 3.01541 3.43573 2.89536 2.83298 2.93101 2.97303 2.96323 2.90119 3.43976 2.85814 2.81695 2.9571 2.966 2.97583 2.93031 3.37198 3.03154 3.01911 3.05835 3.12995 3.16887 3.14792 3.5305 
0.709565 0.661655 0.548801 0.546896 0.539867 0.492643 0.457835 0.671025 0.540113 0.512393 0.491939 0.499393 0.464673 0.413871 0.583058 0.537281 0.457817 0.507262 0.484367 0.427502 0.414128 0.580043 0.503523 0.489486 0.484442 0.512834 0.464998 0.409767 0.643604 0.532089 0.508309 0.552468 0.507015 0.510012 0.47805 0.655952 0.574523 0.56362 0.593787 0.617331 0.536621 0.513557 0.752638 0.663003 0.645562 0.670177 0.685791 0.648975 0.5758 
4.26523 4.01023 3.76734 3.60254 3.47908 3.41489 3.38445 4.25275 4.07218 3.78359 3.64731 3.51425 3.41519 3.38074 4.42887 4.09759 3.85042 3.71165 3.52112 3.4079 3.36228 4.45285 4.26338 3.91686 3.75195 3.56062 3.44607 3.38753 4.54211 4.31681 4.09661 3.76375 3.59422 3.54673 3.50822 4.50784 4.38554 4.11739 3.90465 3.69406 3.61816 3.56292 4.59198 4.46194 4.25466 3.9861 3.83227 3.67637 3.6076 
90.7232 89.2058 84.8868 81.3058 78.2628 76.0996 74.4136 90.7693 88.618 85.9625 80.8706 78.7461 76.1525 74.0514 90.327 88.5153 84.717 81.5082 78.1612 76.7312 74.9016 90.327 88.3005 84.9135 82.6251 78.8151 77.0774 75.6442 90.7211 89.0867 85.9689 82.5274 79.1386 77.1405 75.5668 91.2883 90.2372 86.215 83.3914 79.6731 77.3785 75.7836 91.0554 89.2645 87.1755 84.3566 81.3262 78.1234 76.7087 
152.735 149.997 145.74 140.192 135.52 131.841 129.465 153.59 150.046 145.418 141.578 135.743 132.163 130.408 151.993 149.87 145.071 140.597 136.464 132.685 130.141 150.816 150.48 145.264 141.947 136.282 133.582 130.62 152.576 150.774 147.652 144.056 138.341 132.656 131.176 153.671 152.447 149.219 146.018 139.1 134.63 133.167 155.774 151.688 148.289 145.896 141.53 136.676 133.231 
145.262 144.025 139.344 135.281 131.573 129.37 128.408 187.025 184.825 183.031 177.375 175.567 172.922 171.107 186.544 185.209 181.763 178.55 175.514 174.257 172.674 186.454 184.853 182.129 180.117 176.395 174.719 173.577 186.496 185.596 182.845 180.271 176.861 174.654 173.229 187.325 187.171 183.257 181.027 177.66 175.206 173.362 187.392 186.187 184.904 182.504 179.729 176.205 174.286 
124.661 124.711 124.74 121.907 121.375 121.793 122.305 222.857 221.313 222.154 222.936 222.227 221.321 221.354 225.671 223.308 223.727 224.551 223.872 222.608 222.77 226.545 225.019 225.154 225.298 224.88 222.467 223.197 225.038 225.145 225.43 224.667 223.47 223.657 222.921 225.518 225.623 224.835 225.039 225.032 224.996 224.893 226.089 227.002 226.329 225.553 225.998 225.365 224.288 
179.392 177.954 174.372 170.618 167.322 165.017 163.994 217.383 215.765 213.047 209.845 206.378 203.778 202.842 218.395 216.415 213.227 210.276 207.038 204.734 203.043 218.434 216.987 213.581 210.024 207.332 204.674 203.287 218.081 216.743 213.917 210.65 207.868 205.132 203.617 217.327 216.557 214.474 211.296 208.88 206.09 203.737 217.514 216.343 214.001 211.755 209.778 207.553 204.816 
220.651 217.536 208.777 199.353 193.595 186.912 183.305 221.567 218.076 211.481 203.586 193.783 187.683 184.431 221.445 217.351 210.155 203.359 194.266 188.244 183.912 220.621 217.423 208.982 200.187 194.373 187.154 183.366 220.007 214.382 208.403 200.146 193.394 186.598 183.434 219.694 213.459 211.073 201.628 194.073 187.962 184.273 220.611 215.483 209.587 203.063 197.94 193.266 187.216 
58.842 58.5438 58.4679 57.9583 57.9157 58.0184 58.6147 58.8416 58.1656 58.7049 58.6821 58.1878 58.2674 58.9528 59.044 58.5023 58.5541 58.8522 58.8665 58.788 59.0855 59.4377 58.9585 59.0121 59.2679 59.4737 59.5498 59.2842 60.1264 59.7487 59.7914 59.2863 59.7077 59.6468 59.1946 61.022 60.924 60.2559 59.9464 60.1573 59.9285 59.7641 61.289 60.518 60.5344 61.0655 61.0851 60.9332 61.0836 
61.2265 60.6508 60.1475 59.886 60.141 60.9638 61.682 60.2543 59.9636 60.5115 60.1839 60.3406 60.8934 61.1856 61.0279 60.6775 60.4478 60.7056 60.7718 60.9185 60.5173 61.9857 61.3199 61.3669 61.1673 60.9662 61.4223 61.1038 61.4051 61.3035 61.2459 60.9745 60.604 61.144 61.4146 61.5363 60.006 61.5859 61.3013 61.1689 61.3625 62.0209 61.059 59.9833 61.0171 61.4043 61.5027 62.1126 62.3445 
55.9476 55.8128 55.5798 55.3256 55.12 54.9603 54.913 55.433 55.2609 55.1634 54.8033 54.4847 54.4172 54.2929 54.8603 54.7253 54.5985 54.5122 54.1939 53.9012 54.1012 54.4051 54.33 54.2249 54.0873 53.9782 53.8314 53.9154 54.1498 54.0684 53.9389 53.8706 53.7427 53.7258 53.602 54.0584 53.8368 53.8632 53.7495 53.7178 53.795 53.7299 54.1127 53.9593 53.8593 53.8351 53.6941 53.7969 54.0797 
50.9387 50.7613 50.8834 51.1555 50.9877 50.6281 49.9504 50.7757 50.6356 50.7553 50.7759 50.5947 50.2997 49.7463 50.5215 50.3689 50.2717 50.2106 50.0421 49.6718 49.3162 50.4525 50.3779 49.9178 49.7391 49.2436 48.9312 48.9676 50.6275 50.5188 50.0912 49.4511 49.2189 48.6688 48.8796 50.2512 50.5047 50.041 49.6064 49.1253 48.7745 48.5705 50.2875 50.5859 50.0304 49.6702 49.3337 49.1552 48.8253 
43.2703 42.1373 41.2825 40.6297 40.0401 39.9272 40.2069 43.0731 42.1725 41.3204 40.809 40.5033 40.1454 40.1569 42.8581 42.069 41.4267 41.0742 40.9053 40.6818 40.3732 43.6245 42.3438 41.3912 41.1577 41.0423 40.6683 40.3516 43.7064 42.5945 41.6039 41.3372 41.0829 40.8343 40.9858 43.0781 42.2137 41.8079 41.4438 41.2052 41.28 41.3632 43.5006 42.3666 41.901 41.6821 41.3458 41.2505 41.3605 
31.5027 31.2255 31.1031 31.0496 31.0664 31.1444 31.0962 31.806 31.5208 31.2242 31.2534 31.2352 31.2186 31.182 31.9145 31.8095 31.5877 31.5573 31.4947 31.4661 31.2223 32.1745 31.9809 31.8733 31.7785 31.6768 31.8079 31.4602 32.4169 32.3413 32.1362 32.0339 32.0354 31.9251 31.7999 32.6613 32.6476 32.5268 32.42 32.3677 32.1478 32.0234 33.0795 32.9714 32.9244 32.8965 32.7341 32.4504 32.2248 
19.6672 19.252 19.1968 19.1732 19.3115 19.2487 19.8792 19.6247 19.3407 19.0157 19.0042 19.1507 19.0917 19.5086 19.0293 19.0055 19.1179 18.9415 19.0166 18.7836 19.3179 18.882 18.816 18.8048 18.9046 18.7568 18.6862 19.2246 18.8187 18.6284 18.7586 18.7324 18.6951 18.5577 19.3049 18.8286 18.5509 18.776 18.7577 18.5866 18.5347 19.098 19.1597 19.0154 18.9668 19.1409 19.0989 18.9715 19.4092 
14.8802 13.8875 13.6073 13.4569 13.7325 13.5567 14.0681 14.7048 13.7418 13.1626 13.2201 13.2856 13.237 13.4685 13.7877 13.2927 13.0769 12.8958 13.0191 12.6556 13.152 13.3994 12.9128 12.6053 12.5398 12.4183 12.3402 12.8497 13.3017 12.5003 12.3794 12.2996 12.1024 11.9671 12.8086 13.0031 12.3805 12.2476 12.146 11.9892 11.8085 12.3393 13.4516 12.6381 12.4271 12.3968 12.4423 12.2509 12.4784 
4.68363 3.89419 3.51569 3.34526 3.25044 3.14433 3.45491 4.7875 4.3786 3.61552 3.35376 3.24339 3.10275 3.31846 5.202 4.40571 4.09749 3.48639 3.24979 3.01062 3.28089 5.30007 4.94892 4.08866 3.91966 3.35245 2.97176 3.22161 5.56117 4.94511 4.74546 4.02193 3.71973 3.11194 3.27914 5.65967 5.22106 4.84728 4.60784 3.83568 3.52714 3.42342 5.96292 5.59398 5.22072 4.77625 4.53839 3.83406 3.82301 
73.8637 66.9047 58.5395 54.3219 51.6366 49.3023 47.8262 73.026 65.8224 58.9707 54.9187 51.3667 49.0483 47.9192 73.3004 67.0519 58.5456 54.4791 51.0389 48.7499 47.3945 74.0393 66.4546 58.8229 54.4061 51.3697 48.892 46.7526 73.7401 66.7573 58.8972 54.4641 51.1489 49.085 47.3801 73.5134 64.8974 58.9607 54.1818 51.1199 48.5631 46.8359 73.0469 65.4908 59.2709 54.4218 50.5153 48.5111 46.654 
156.404 152.346 146.048 140.019 134.746 127.115 121.701 157.052 152.798 144.864 141.143 134.665 126.865 122.359 155.829 152.53 145.128 139.394 134.903 126.832 121.226 154.489 153.657 144.872 140.077 133.919 126.973 121.326 156.038 153.645 147.197 141.759 135.627 125.713 121.679 156.686 152.739 148.179 143.589 136.044 127.641 123.409 158.249 151.528 146.652 142.796 137.692 129.147 123.257 
172.489 169.744 165.574 160.248 155.51 151.277 148.271 172.927 169.452 164.806 160.85 155.061 151.225 148.91 170.76 168.957 164.481 159.504 155.32 151.509 148.502 169.231 168.805 163.901 160.174 154.541 151.964 148.807 170.42 168.837 165.573 161.692 156.166 150.547 148.81 171.269 170.118 166.604 163.183 156.419 151.929 150.238 172.897 168.679 165.163 162.86 157.863 153.184 149.902 
177.901 175.444 172.473 167.951 164.079 160.954 159.047 178.969 175.804 172.052 169.887 164.591 161.263 160.066 177.264 176.094 172.736 169.115 165.622 161.769 159.359 176.258 176.574 172.44 169.474 164.68 162.257 159.546 178.019 177.096 174.384 171.161 166.185 161.133 160.548 179.169 178.488 176.06 173.413 167.586 163.662 162.723 181.469 177.793 175.016 173.425 169.438 165.736 163.037 
184.338 182.386 185.505 185.199 181.851 177.546 183.124 198.824 200.599 202.403 200.499 197.924 195.891 199.309 202.116 200.721 197.253 197.687 197.847 197.065 197.503 202.662 201.463 198.82 200.604 199.412 199.33 198.429 203.975 202.53 198.938 198.234 198.634 200.251 199.473 205.995 203.829 203.089 203.821 202.824 201.113 199.043 205.096 204.823 203.636 203.52 203.912 201.143 202.24 
198.403 198.126 197.568 196.473 195.577 194.616 194.998 200.814 200.637 199.791 198.971 197.487 196.309 196.287 201.79 201.32 200.567 200.091 198.616 197.265 196.893 202.671 202.302 201.345 200.452 199.702 198.026 197.825 204.193 203.42 202.634 201.581 200.571 199.816 199.369 203.693 203.96 203.275 202.927 202.03 200.585 200.362 203.425 203.274 203.008 203.158 202.535 201.815 201.613 
206.735 205.462 201.727 198.101 195.608 193.073 191.645 206.839 205.341 202.26 198.868 195.141 192.515 192.128 207.895 206.254 202.69 199.548 195.583 192.947 191.724 208.454 207.154 203.235 199.831 196.412 193.804 192.335 208.728 207.38 204.892 201.427 197.755 194.806 193.464 208.295 207.723 205.952 202.424 199.028 196.064 193.672 208.539 207.285 204.993 202.396 199.935 197.595 195.079 
63.4399 63.0764 62.7212 61.738 61.9022 62.678 63.8105 63.6634 63.3636 63.1339 62.517 62.8238 62.9248 63.2587 64.0151 63.5951 63.4275 63.2179 63.19 62.371 62.3948 64.0747 64.0877 63.5624 63.123 63.3501 63.4929 63.3117 64.1429 64.6342 64.0491 63.8671 63.3662 63.9054 64.1724 64.7684 64.2486 64.8003 64.779 64.8257 64.9533 65.2621 65.0718 64.6369 65.1485 65.4814 65.3035 65.7366 65.4689 
64.9563 64.2742 63.5877 63.4881 63.7164 64.4387 64.7369 63.772 63.5985 63.4365 63.152 63.4939 64.2251 63.8572 63.8327 63.2781 63.0099 63.4167 63.5925 63.6352 62.7422 64.0572 63.6037 64.0166 63.8121 63.5513 63.6879 63.2798 63.5208 63.512 63.7763 63.6674 63.1924 63.5923 63.8775 63.6002 62.0898 64.2068 64.1236 63.8453 63.9204 64.8738 63.0568 62.6932 64.0728 64.2191 64.1425 64.9032 64.8635 
62.2512 61.8058 61.4111 61.4647 61.5501 62.1938 62.3781 60.9136 60.9429 61.2254 60.8876 61.0932 61.5816 61.348 60.9248 60.8925 60.6209 60.8125 60.7723 60.7376 60.1814 61.3254 60.8531 60.9239 60.6532 60.1644 60.4425 60.2785 60.3083 60.3107 60.3964 60.1665 59.6013 60.0527 60.5404 59.8924 58.5825 60.4633 60.2319 59.9073 60.1187 60.9169 59.2819 58.7816 59.6752 59.8077 59.7569 60.4059 60.5217 
63.4886 62.4111 61.2711 61.2538 59.7533 59.6492 58.8807 61.6563 59.7177 59.2266 58.664 57.0249 56.3622 55.9958 58.2903 57.4742 56.0715 55.5132 54.4624 53.7859 54.5919 56.236 55.0851 54.4655 52.8977 52.281 52.8112 52.6578 53.6958 53.1597 52.1295 51.3937 50.4857 50.4063 51.013 50.7958 50.086 49.8396 48.9115 48.8566 48.6531 49.0799 48.6636 47.5413 46.995 47.5001 48.3293 48.6106 48.5434 
46.6073 46.8055 46.9199 47.2631 47.2458 47.3574 46.981 46.5434 46.8976 47.0172 47.1374 47.3627 47.2833 46.9164 46.2877 46.8481 46.8571 46.9382 47.1116 47.0848 46.7112 46.5821 46.9917 46.519 46.5454 46.483 46.3871 46.4303 46.8473 47.2191 46.6641 46.3861 46.6092 46.3453 46.7622 46.0744 46.9694 46.6916 46.5639 46.5658 46.5623 46.5892 46.091 46.8988 46.6302 46.5923 46.647 46.7372 46.4756 
39.5492 39.2871 39.0952 38.949 38.5384 39.0196 39.4289 39.1069 39.0663 38.8247 38.651 38.686 38.863 39.0087 38.4809 38.7194 38.7116 38.6913 38.7022 38.7288 38.8069 38.6932 38.5936 38.3463 38.4651 38.5356 38.4082 38.1402 38.5769 38.6592 38.2829 38.3548 38.4964 38.4829 38.6561 37.6944 38.072 38.3393 38.3664 38.3361 38.6314 38.8584 37.6954 38.0355 38.2947 38.4448 38.2701 38.3425 38.551 
37.9556 37.2561 36.5672 36.0071 36.0728 35.4426 35.1039 36.0695 35.2415 34.6026 33.9687 33.5472 33.5653 33.0053 33.922 33.0147 32.4567 32.3236 31.7222 31.6418 31.3756 32.0852 31.0456 30.3508 30.1738 30.1532 30.1793 29.9965 30.4872 29.6455 28.9258 28.5269 28.9876 29.0672 28.973 29.3896 28.657 28.1054 27.8531 27.9548 28.0454 28.0588 29.0238 28.0325 27.6085 27.415 27.2993 27.0666 27.0009 
23.9253 21.542 20.2682 19.6242 19.393 18.8197 19.2096 22.72 20.9488 19.0534 18.2667 18.0109 17.6007 17.5714 22.0816 20.0515 18.9309 17.662 17.0978 16.4319 16.7711 21.4035 19.8001 18.0876 17.2904 16.2961 15.5725 15.9324 20.9072 18.972 17.9617 16.7927 16.0678 15.0919 15.3716 20.3688 18.4819 17.5294 16.7217 15.5935 14.8899 14.7939 20.5032 18.6974 17.4191 16.599 16.0585 14.9161 14.9094 
101.097 93.6683 86.8551 82.2362 79.4221 77.0927 75.0708 99.8792 92.3013 86.6381 82.154 78.491 75.9739 74.0425 100.647 93.6593 85.8163 81.214 77.5391 74.5322 72.5259 100.887 92.8038 86.4578 80.8623 77.1942 73.9205 71.0987 100.172 92.6237 86.1376 81.2971 76.7026 73.607 71.1827 99.2698 92.0988 86.0845 80.7108 77.0369 72.9186 70.1724 99.2503 92.0881 85.752 80.5259 76.5264 72.5339 69.953 
168.899 158.271 145.302 137.245 130.936 122.312 116.254 168.288 157.805 146.123 137.868 130.613 121.193 115.377 170.119 160.945 146.172 137.778 130.476 120.527 114.466 172.096 160.848 148.42 138.879 131.593 120.421 113.346 172.198 162.261 149.231 139.803 131.704 120.795 113.941 171.766 160.166 149.657 139.37 132.088 119.287 112.437 170.55 160.202 149.709 139.679 131.563 119.442 112.721 
186.054 178.854 169.276 162.435 156.132 147.571 140.334 185.869 178.386 170.617 163.497 156.342 145.904 138.841 185.843 180.261 170.992 162.863 155.899 145.362 138.275 186.764 178.672 171.149 162.2 155.744 145.222 137.427 185.424 178.371 170.141 161.9 154.651 144.534 137.918 184.603 177.699 169.612 160.582 154.3 143.213 136.155 183.585 177.238 168.104 159.993 151.566 142.19 135.139 
194.472 192.278 188.98 186.225 183.297 178.034 174.935 195.901 193.854 189.768 187.655 184.248 177.713 175.286 194.876 192.842 189.631 186.926 183.842 177.887 175.956 193.045 191.934 189.147 186.312 183.411 179.23 174.966 192.94 192.32 189.009 186.488 183.43 178.62 174.913 192.795 192.577 189.967 188.892 185.477 180.312 176.162 192.01 190.995 189.91 188.862 184.927 179.189 176.23 
198.652 196.912 199.858 199.203 196.218 192.364 196.398 196.886 198.257 199.584 197.768 195.244 192.965 195.224 199.18 197.88 194.674 194.552 194.437 193.169 193.348 199.278 198.046 195.085 196.144 195.065 195.033 193.503 199.706 198.499 195.014 193.376 193.578 195.007 194.007 202.017 199.73 198.717 198.562 197.667 196.037 194.093 201.286 200.797 199.233 198.583 198.422 195.727 196.805 
198.452 197.455 200.721 200.527 198.296 194.377 199.539 196.038 198.106 200.31 199.114 196.804 195.005 198.413 198.505 197.577 195.049 196.169 196.29 195.99 196.701 199.397 198.137 195.877 198.038 197.333 198.08 197.394 200.931 199.246 195.981 195.441 196.28 198.318 198.19 203.627 201.181 200.443 201.043 200.302 199.199 197.851 202.511 202.46 201.2 200.71 201.38 199.237 200.447 
198.162 196.779 199.132 198.887 197.146 193.84 198.274 196.624 197.683 199.095 197.635 196.094 194.571 197.32 199.43 198.02 194.919 195.802 196.225 195.364 196.126 200.215 198.814 196.282 198.652 197.512 197.888 197.196 201.566 199.993 197.087 196.712 197.027 199.048 198.637 202.837 200.886 200.703 201.207 200.35 199.317 197.852 201.751 201.736 200.95 200.504 200.977 199.12 200.369 
194.689 193.974 193.711 192.679 190.757 192.046 191.23 195.34 194.439 194.322 194.575 193.547 191.998 192.387 196.334 195.917 194.895 194.53 194.79 194.965 193.188 196.425 198.323 196.637 195.828 196.458 197.165 195.334 200.012 196.56 195.671 197.014 197.336 199.279 196.716 200.513 199.163 199.814 198.578 196.189 198.701 196.176 200.058 199.767 197.027 196.522 196.948 196.027 196.843 
64.8858 64.6151 64.343 63.5899 63.922 64.2497 64.9632 65.6361 65.4404 64.6831 64.2536 64.7484 64.7381 64.6674 65.7393 65.0231 65.0809 64.9107 65.0198 64.1249 64.0257 65.0651 65.6387 65.0107 64.6758 65.1905 65.0225 64.705 65.8904 66.4739 65.7356 65.4786 65.4598 65.5215 65.5933 66.5581 66.8713 66.3689 66.3629 66.5117 66.2691 66.3708 66.7576 67.2237 67.2998 67.3107 67.1218 67.1637 66.5338 
66.2573 65.8512 65.3989 64.5018 64.6649 65.3077 66.0943 66.2239 65.966 65.4814 64.8491 65.2502 65.3461 65.2868 66.2235 65.6803 65.4568 65.268 65.2192 64.2791 64.1213 65.7064 65.8 65.3332 64.8276 65.0015 65.0103 64.7612 65.5098 66.0487 65.4802 65.2668 64.8047 65.2558 65.4986 65.8979 65.3749 65.9569 65.9764 65.9471 66.0039 66.2755 65.8622 65.7253 66.2441 66.4022 66.2274 66.6179 66.2099 
73.054 71.4659 69.9448 69.7375 68.3495 68.0608 67.2857 70.7984 68.4307 67.4108 66.6631 65.0303 64.4566 63.9117 67.2914 65.4592 63.8951 63.28 62.1743 61.4583 61.9503 64.4074 62.9396 62.4184 60.5076 59.9428 60.38 60.0155 61.7783 60.844 59.6792 58.6749 58.0199 57.8679 58.2192 59.2908 57.805 57.3161 56.3407 56.4524 55.9299 56.428 56.6865 55.2012 54.7728 55.1243 55.9596 56.09 55.9826 
68.3638 67.5624 66.3848 66.4158 65.0684 65.1952 64.4303 66.3751 64.6494 64.1319 63.5566 62.0402 61.5656 61.2266 62.8165 62.2252 60.7122 60.1183 59.0956 58.644 59.5576 60.4798 59.5134 58.8359 57.1564 56.6505 57.4268 57.3991 57.6272 57.2964 56.2748 55.4247 54.5891 54.717 55.4038 54.722 54.1276 53.718 52.6451 52.6453 52.5439 53.0446 52.267 51.2876 50.6189 51.0154 51.9578 52.3163 52.2331 
61.9949 62.0089 60.7246 60.6342 59.4373 62.353 61.9916 59.9241 59.134 58.5028 58.0593 56.969 59.1256 59.0618 56.4076 56.8664 55.429 54.9649 54.4672 56.6082 57.6675 54.4554 54.4221 53.7249 52.405 52.4024 55.5935 55.3848 51.7828 52.43 51.3043 50.8996 50.5873 53.1813 53.9711 48.5469 49.0297 48.9308 48.2576 48.7603 51.3907 52.0543 46.3283 46.4133 46.1069 46.7779 48.0623 50.9343 51.0893 
56.9067 59.2276 59.0749 58.9725 59.5608 67.7529 67.4566 53.7706 55.622 55.4504 55.4998 56.1238 64.5163 64.0885 49.4956 51.8314 51.2609 51.5411 51.8545 59.4362 60.3843 45.9353 47.5765 47.3143 47.3714 48.1113 55.6035 55.6059 42.8443 44.6189 44.0203 44.2338 45.3372 52.6066 52.6942 40.2466 42.1519 41.8216 41.8251 42.9073 50.0186 50.1103 38.5922 40.3516 40.2573 40.2221 40.5372 47.8061 47.6205 
110.692 111.014 109.58 109.11 104.684 105.318 105.781 101.226 102.128 100.346 97.9186 97.982 97.8106 96.7899 90.8805 92.1337 91.9328 90.8559 89.4621 91.1396 90.4116 83.9929 82.4267 82.5018 82.4305 82.6093 82.6259 84.0956 66.9538 67.0635 64.8876 64.4333 66.1715 68.0563 67.6524 61.6826 58.1787 58.5268 56.9643 56.9348 60.8267 61.2895 53.1732 53.3908 49.7966 50.6205 48.9547 51.2586 53.6182 
148.027 145.169 142.37 139.424 137.858 135.636 133.622 144.671 141.391 138.906 136.066 133.744 132.298 129.942 141.217 137.533 134.457 132.327 129.784 128.057 126.368 137.464 133.758 130.313 127.992 126.357 124.694 123.336 133.607 129.768 126.608 124.112 122.819 121.645 120.482 130.372 126.513 123.65 121.146 119.272 118.231 117.36 83.6373 79.2868 76.2521 73.9993 72.3802 70.9632 70.3327 
172.229 168.897 165.896 162.207 159.104 157.304 155.231 172.678 169.599 165.895 162.103 158.776 156.989 154.317 174.154 171.219 166.026 162.278 158.985 156.176 154.08 175.093 171.627 167.729 163.574 159.798 156.094 153.825 175.362 172.551 168.132 163.762 160.009 156.598 151.84 174.468 171.908 168.417 163.204 159.82 152.968 149.333 173.804 170.946 167.639 163.247 159.705 150.732 149.087 
196.156 190.975 184.413 179.043 174.398 170.799 167.229 195.828 190.06 185.161 179.546 175.147 170.471 166.674 195.622 191.773 184.833 179.509 174.686 169.181 165.522 196.323 191.22 186.138 179.844 175.054 169.289 165.081 196.396 192.211 186.263 180.223 174.802 170.027 166.107 195.269 190.599 185.134 178.678 172.83 167.838 164.691 194.609 190.78 184.655 179.068 171.39 166.949 163.992 
210.779 209.35 207.879 205.569 202.429 196.552 193.491 213.078 211.632 209.474 205.953 203.192 195.834 193.03 212.428 210.914 208.439 204.82 201.38 195.839 195.243 211.053 211.195 208.094 204.244 201.918 197.309 194.105 210.76 212.104 207.801 204.048 201.675 198.152 194.625 210.808 211.212 208.079 206.139 203.955 199.774 195.032 208.879 210.226 208.266 207.38 202.605 196.071 194.406 
208 207.538 206.619 205.772 205.155 204.162 203.698 209.302 208.902 207.329 206.386 205.561 203.628 203.775 209.201 208.423 207.079 206 204.724 203.196 204.425 208.06 207.863 206.952 205.618 204.992 204.388 203.918 207.65 208.186 207.139 206.109 205.85 205.203 204.25 207.4 208.361 207.832 207.78 207.644 206.865 205.623 206.841 207.519 207.958 208.212 207.117 205.64 205.435 
206.745 206.484 206.141 205.752 205.426 205.125 205.502 206.936 207.052 206.665 206.113 205.975 205.903 205.904 206.647 206.313 205.535 205.371 205.234 205.27 205.59 206.015 205.891 205.219 204.626 204.88 205.207 204.661 205.903 205.749 205.092 204.612 205.057 205.293 205.108 206.428 206.74 205.732 204.952 205.447 205.46 205.762 205.842 206.72 206.389 205.248 205.573 205.192 205.543 
200.708 200.301 202.517 202.46 201.25 199.019 201.788 199.536 200.77 202.362 201.607 200.742 199.743 201.421 201.391 200.887 199.214 199.667 200.061 200.061 200.399 202.095 201.207 199.537 201.028 200.74 201.558 200.851 202.542 201.567 199.56 199.115 200.042 201.675 201.359 203.688 202.356 201.89 202.248 202.151 201.722 201.221 202.897 203.125 202.335 201.847 202.527 201.138 202.632 
196.101 195.739 195.67 195.479 195.248 195.454 194.499 196.758 195.998 196.345 196.638 196.627 195.861 195.485 197.237 196.49 196.339 196.68 197.058 197.573 196.312 197.016 197.493 196.791 197.102 197.328 198.283 197.26 198.602 196.631 195.758 196.798 197.623 198.917 198.004 198.131 197.545 197.658 197.376 196.656 198.233 197.871 197.768 197.769 196.862 196.49 196.872 196.875 197.551 
193.988 193.263 192.628 192.035 191.12 192.078 191.178 194.774 193.472 193.07 193.525 193.367 192.233 191.952 195.511 194.865 193.736 193.955 194.828 194.811 193.203 195.755 196.836 195.56 195.627 195.663 196.741 195.2 198.675 195.877 194.942 195.976 196.185 198.323 196.438 198.669 197.391 198.154 197.036 195.306 197.725 195.901 197.793 197.515 196.157 195.448 195.38 195.282 196.142 
65.343 65.3525 65.3494 64.811 65.1425 65.6607 66.5774 66.3782 66.5026 66.2374 65.8343 66.4118 66.3777 66.7056 67.2831 66.9868 67.1407 66.8233 66.956 66.2085 66.5006 67.4699 68.0055 67.2451 66.9846 67.4621 67.4178 67.0766 68.1452 68.8072 68.1111 67.9479 67.7515 67.8612 67.9433 68.5435 68.9416 68.553 68.3977 68.5104 68.362 68.5428 68.7722 69.1124 68.902 69.0899 69.0573 68.9754 68.5859 
70.9696 70.4296 69.9685 69.9597 70.2245 69.8117 69.4631 70.5427 70.3242 69.681 69.525 69.8187 69.8786 69.2197 70.5877 69.4015 69.3195 69.362 69.6023 69.4269 68.5907 69.7938 69.7019 69.6785 69.383 69.4463 69.1096 68.615 70.1866 69.9132 69.4584 68.8799 69.36 69.0479 68.6955 70.6141 70.0901 69.5269 69.2777 69.4311 68.8981 68.8713 70.0435 70.3142 70.246 69.9295 69.8856 69.6447 69.2983 
75.0711 74.8235 74.6653 74.2013 73.9439 73.8595 72.7447 74.2604 74.3019 74.5006 73.6159 73.2805 73.4955 72.1713 73.9879 74.0184 74.0031 72.9978 72.7208 72.0634 71.3838 74.4744 74.3066 74.4161 72.7515 71.7995 71.3418 70.848 74.019 73.8519 72.82 71.2868 71.4542 71.242 71.3577 73.3663 72.925 72.5187 71.6097 72.0722 71.242 70.6679 72.7533 72.3418 72.0351 71.551 71.9655 71.5194 70.9651 
74.6958 73.6893 72.835 72.7877 71.4694 71.4528 70.76 73.534 71.6011 70.7674 69.9256 68.3459 68.0302 67.708 70.5188 69.7201 67.9305 66.9235 65.7451 65.393 66.239 68.0696 66.5262 65.4384 64.0186 63.6696 64.157 63.9541 64.499 63.7453 62.087 62.0369 61.2351 61.3051 61.5231 61.1461 60.0566 59.5119 58.766 59.1419 58.8221 59.1141 58.7295 57.6877 56.8637 56.9397 57.8889 58.2676 58.1915 
81.1275 83.154 83.5097 84.2143 85.1963 89.3545 89.367 78.8878 80.8929 80.8927 81.4938 82.7963 86.9643 87.0646 76.1324 78.2086 78.4125 78.7816 79.6577 84.4019 84.5418 73.8936 75.5105 75.7862 76.1277 77.1639 81.4594 81.7887 71.4775 73.1238 73.0236 73.4833 74.3789 78.6548 79.0436 69.1467 70.865 70.7418 70.7989 71.7581 76.0194 76.4244 67.2333 68.7679 68.8577 69.1081 69.5636 73.7678 73.9651 
121.925 123.089 123.899 124.032 122.115 127.197 126.975 115.524 117.354 117.729 118.565 119.254 121.87 121.059 106.678 109.594 111.284 112.029 113.077 117.084 116.536 100.464 100.285 102.24 103.956 104.577 109.527 110.174 85.8881 86.8405 86.2126 87.3927 89.0489 94.1888 95.5221 79.1194 79.2434 80.147 79.317 79.898 86.004 86.7712 72.2545 73.3688 73.1733 73.9407 73.1141 77.6168 79.0788 
175.182 175.924 175.735 175.184 172.47 170.228 170.142 168.886 169.647 169.759 168.45 168.296 164.878 164.051 159.892 161.955 161.88 161.325 160.443 160.117 157.456 152.744 151.659 152.455 152.695 152.717 151.167 152.126 134.965 135.556 134.008 134.002 135.103 135.072 135.113 126.566 124.576 125.436 124.045 124.134 125.489 125.694 63.1799 63.5068 61.8592 62.9427 61.1896 61.7341 63.1847 
225.979 225.965 225.626 225.27 222.542 220.967 220.826 225.155 225.138 224.711 224.126 224.061 219.959 219.604 222.6 223.743 223.506 222.931 222.727 221.556 218.436 221.214 220.742 221.657 221.41 221.09 219.671 219.432 210.928 210.77 210.408 210.156 210.131 209.881 207.442 208.192 207.289 207.443 206.929 206.774 204.57 202.664 47.2688 47.2151 46.4436 46.5378 45.8167 41.7174 41.9583 
231.294 231.921 231.253 229.686 227.837 226.348 224.557 233.058 232.454 231.343 229.757 228.684 225.248 224.169 232.827 232.116 231.473 228.299 227.739 223.315 221.814 233.046 233.193 230.096 230.294 227.318 225.525 222.777 233.377 231.421 232.711 230.859 228.755 226.691 220.121 232.184 227.45 229.931 227.796 227.378 223.488 218.11 181.076 178.528 178.996 177.998 176.048 172.802 166.818 
230.46 230.383 231.815 229.896 226.648 222.704 219.554 231.184 230.466 232.096 228.241 225.947 222.453 217.971 231.193 231.834 231.395 226.86 223.77 220.645 218.566 232.093 234.69 231.251 226.405 223.348 220.103 218.478 232.639 235.416 231.438 226.497 223.064 221.653 219.661 232.941 232.006 228.897 225.73 223.201 220.811 217.474 232.973 233.902 229.256 227.589 223.134 216.626 216.034 
227.162 227.821 228.869 227.051 224.582 222.361 221.221 227.626 227.69 228.308 225.364 223.346 221.358 220.394 227.749 228.627 227.724 224.606 221.519 220.7 220.85 227.758 229.344 228.087 224.649 221.705 220.306 221.09 227.727 229.931 228.433 224.324 222.34 221.569 222.622 228 228.29 226.946 224.91 223.235 223.79 223.096 228.141 228.849 226.459 226.148 224.244 222.565 222.302 
217.986 217.485 218.104 216.807 217.11 214.332 215.268 217.378 218.107 218.086 216.554 215.977 214.223 215.214 216.719 217.233 216.688 216.282 215.265 213.992 214.702 216.351 216.465 216.514 216.043 214.754 213.635 214.596 216.44 216.366 216.618 216.378 215.177 214.249 215.627 215.82 215.946 216.519 216.307 215.882 215.972 216.383 214.471 215.207 216.061 216.841 216.32 216.48 216.417 
209.246 213.904 210.121 209.225 210.904 210.732 209.836 208.258 211.234 210.401 211.794 212.599 211.361 209.999 210.003 210.001 212.161 212.942 211.831 209.008 210.39 210.004 208.972 210.362 212.058 210.357 209.962 211.445 209.952 208.827 209.763 209.508 208.383 210.003 211.165 209.375 211.899 210.654 208.738 208.126 208.747 209.918 209.797 213.332 209.979 211.001 208.436 209.141 209.606 
200.046 200.502 201.054 201.613 202.502 204.372 203.893 200.806 201.746 204.06 203.6 202.835 204.45 205.284 201.503 203.239 204.837 203.339 203.174 202.776 205.486 201.747 201.094 203.439 202.5 202.883 202.076 204.812 201.322 200.188 201.434 202.69 203.208 202.889 205.028 201.747 202.098 202.656 201.844 201.239 200.045 202.075 203.362 203.33 202.557 200.229 200.604 199.354 201.209 
195.599 195.085 195.401 196.216 196.743 195.472 194.651 195.788 194.859 195.118 196.524 196.98 196.774 195.727 195.902 195.636 195.861 197.022 197.472 197.14 195.75 195.535 195.803 196.141 197.551 197.537 197.438 196.308 195.654 195.49 195.403 196.606 197.067 196.999 196.609 195.292 195.359 195.05 195.781 196.335 196.337 196.924 194.903 194.765 195.256 195.141 195.679 196.268 196.845 
190.735 193.272 191.877 190.41 191.522 191.629 191.769 188.842 192.459 190.407 191.844 193.693 192.765 191.659 189.518 190.376 190.892 190.824 193.366 194.065 193.585 191.052 191.464 192.333 192.323 190.86 191.926 192.678 194.544 193.144 192.71 194.443 192.688 193.97 193.768 196.155 194.119 195.994 195.866 192.066 193.689 195.528 197.291 195.957 195.099 192.611 192.026 193.517 194.879 
67.9777 68.1128 68.4114 69.2686 69.7132 70.0786 70.7781 68.9022 69.3594 69.8243 70.2706 71.1294 71.3925 71.8786 70.7459 70.7426 71.3692 71.5972 72.3205 73.0451 73.1241 72.2733 72.841 72.6775 73.088 73.5967 73.9037 73.5836 73.5484 73.8031 73.6663 73.5892 74.2072 74.2515 74.3772 73.9896 74.4014 73.9614 73.3417 74.0146 73.9874 74.7262 73.7541 74.4411 73.9157 74.3711 74.7261 74.3949 74.6109 
74.2987 74.2932 74.2472 73.872 73.6219 73.455 72.4861 73.8886 74.0939 74.4491 74.0321 73.8939 74.0999 72.8304 73.8086 74.2866 74.5055 73.8962 74.214 73.7456 73.109 74.895 75.1975 75.5784 74.4663 74.2491 73.896 73.1978 74.9816 75.415 74.864 74.0025 74.5175 74.3404 74.4707 74.9228 75.1286 75.1962 74.7315 75.4221 74.8032 74.4202 74.9093 75.1226 75.363 75.2195 75.822 75.5652 75.1226 
76.3648 76.4516 76.5433 76.0564 75.7115 75.347 73.8795 76.7047 76.9584 77.0026 76.093 75.6781 75.832 74.2757 76.4419 77.2346 77.2456 76.03 75.6532 74.9665 74.1648 76.9782 77.0561 77.0943 75.9444 75.3319 74.537 73.8819 76.5577 76.6767 75.2864 74.6821 75.0086 74.4763 74.3861 75.5556 75.7542 75.4057 74.7089 75.4421 74.3794 73.6663 75.2178 75.7896 75.6043 74.8111 75.049 74.5377 73.9383 
76.2518 76.3606 76.7412 76.426 76.3393 76.3878 75.0406 76.4754 76.7915 77.0735 76.4119 76.0694 76.5317 74.875 76.2158 77.131 77.2633 76.2221 75.8412 75.2468 74.5776 76.8486 76.9694 76.8935 75.788 75.2506 74.5042 73.8618 75.9746 76.1856 74.8104 74.2262 74.6079 74.239 74.225 74.484 74.8842 74.606 74.0033 74.8032 73.8026 73.1924 73.9057 74.5086 74.4614 73.7254 74.2077 73.9641 73.156 
79.6904 79.904 80.8172 81.0117 81.0739 81.6101 81.25 80.7691 80.8831 80.6051 80.3632 80.2303 81.4958 81.0496 80.4473 81.1957 80.6808 80.1032 79.7721 80.6491 80.8272 79.4562 78.8513 77.901 78.6041 79.1869 79.2802 79.1943 77.1093 76.8753 75.8467 77.0487 77.2587 77.6343 77.2684 74.9081 75.0696 74.7477 74.9949 75.4027 75.8768 75.8109 74.0258 75.081 74.7908 74.0431 73.9127 74.6343 74.5787 
108.262 108.671 109.089 109.058 109.284 108.994 108.563 103.736 104.544 104.532 105.176 105.591 105.22 104.405 98.0086 99.1708 100.169 100.477 101.03 101.161 101.109 93.6887 93.3032 94.3751 95.1894 95.2583 96.0749 96.5033 89.0727 89.074 88.6966 89.3966 89.878 90.5761 91.6482 84.7269 84.9826 84.9869 84.4767 84.6042 85.6719 86.4674 79.6199 79.6259 79.8633 79.9062 79.29 79.7728 80.4703 
170.504 170.752 171.013 170.929 168.596 167.71 167.216 167.052 167.814 167.486 168.062 168.751 165.042 163.339 161.725 162.996 164.053 164.807 165.47 165.006 162.002 157.926 157.314 159.006 160.173 160.382 160.518 160.502 145.812 145.825 145.817 146.397 147.232 147.982 148.592 141.218 141.493 141.859 140.934 141.252 142.408 142.814 70.8363 70.899 70.7728 70.8206 70.746 70.6586 71.3692 
240.515 238.018 238.863 237.523 238.936 239.327 240.692 238.79 236.078 235.865 238.969 241.876 238.705 240.822 238.757 239.432 239.558 240.648 242.547 239.052 240.074 240.989 242.402 244.011 241.266 243.169 247.593 243.151 241.818 237.588 241.558 239.549 241.705 240.797 236.405 240.012 237.234 239.131 242.853 240.746 233.541 232.619 190.079 191.203 192.439 196.512 190.822 187.626 182.53 
252.012 252.559 254.061 254.016 254.469 253.609 253.37 254.336 254.401 253.519 253.998 253.796 252.278 252.997 254.266 253.464 253.326 252.068 252.485 250.385 250.955 254.541 254.141 251.077 253.791 252.143 252.785 251.061 254.121 251.198 253.345 253.608 253.096 253.346 247.585 253.985 248.818 251.974 251.615 253.929 251.228 245.908 244.293 241.295 242.953 243.12 244.494 242.57 236.089 
252.638 252.284 252.598 252.388 251.49 250.632 250.694 252.796 252.78 252.735 252.21 251.42 250.464 250.444 252.642 253.012 252.533 252.163 251.229 250.632 250.387 252.644 252.876 252.626 252.294 251.246 250.674 250.285 252.554 252.598 252.352 251.995 251.051 250.606 250.016 252.497 252.222 252.015 252.025 251.42 251 250.355 252.674 252.336 252.018 251.913 251.496 251.07 250.409 
235.033 235.333 237.072 235.375 235.665 231.26 231.835 234.748 235.61 236.296 234.546 233.647 229.917 230.961 234.074 234.719 234.704 234.392 232.464 230.247 230.65 234.044 234.253 234.27 234.478 232.217 229.844 230.796 233.905 233.781 234.146 233.889 231.492 230.167 231.597 232.914 232.339 233.363 233.662 232.279 232.366 232.486 231.493 231.426 231.946 234.475 233.656 234.007 233.911 
216.635 221.71 219.02 218.732 219.545 218.178 217.885 215.051 217.936 218.329 221.701 221.901 218.549 217.145 218.567 219.265 221.68 223.654 220.72 216.919 217.829 218.213 217.651 219.625 220.922 219.547 218.688 219.042 217.396 216.989 219.063 218.467 217.322 218.11 218.064 217.155 219.994 220.117 218.495 216.66 216.542 216.312 217.354 221.803 218.587 219.934 216.64 217.38 217.083 
208.634 213.233 210.047 209.624 211.695 212.333 211.512 207.567 211.356 212.114 213.37 213.494 212.585 211.821 209.615 211.076 214.415 214.554 213.253 209.688 212.261 210.218 208.819 211.504 212.857 211.625 210.315 213.185 209.918 208.198 209.814 210.295 209.049 210.358 212.647 209.402 211.94 211.682 209.259 207.935 207.547 209.325 210.656 214.258 210.878 210.883 208.135 208.292 209.229 
201.468 207.117 203.079 203.203 206.08 207.347 205.995 200.792 204.767 205.707 207.998 208.438 207.808 207.026 203.376 205.238 209.351 209.623 208.257 204.384 207.487 204.269 202.353 205.952 207.734 206.402 204.947 208.578 203.7 201.407 203.656 204.86 203.296 204.994 207.591 203.182 206.237 206.034 203.408 201.509 200.849 203.219 205.004 208.704 204.451 204.657 201.626 201.537 203.295 
191.125 193.147 191.242 192.708 195.151 193.591 191.728 189.658 193.479 192.102 193.361 194.905 194.636 194.008 191.049 191.641 192.432 193.89 193.753 191.906 194.469 191.302 190.027 191.117 193.181 191.835 189.086 190.67 191.742 190.101 190.012 192.584 192.918 190.058 191.116 193.898 190.122 191.158 193.639 191.189 188.862 194.08 194.627 192.983 192.191 192.213 190.568 191.306 195.022 
188.958 191.799 190.346 188.704 190.559 189.933 190.694 186.256 190.668 188.176 190.109 192.304 191.323 190.033 186.653 188.164 188.566 189.052 191.836 191.878 191.626 188.68 188.848 189.99 190.522 188.838 189.539 190.42 192.263 191.607 191.292 193.112 190.716 191.656 191.712 194.558 192.325 194.379 194.395 190.608 191.183 193.629 195.576 194.417 193.963 191.158 190.922 192.197 193.476 
74.2801 74.6542 74.8539 75.1385 75.1991 75.0952 75.2364 74.7807 74.9574 74.5545 74.5237 75.8609 76.0142 76.0171 75.2968 75.2638 74.6051 75.3706 76.7536 77.1567 77.0099 75.8977 76.4006 76.2747 77.2325 78.261 78.3447 77.8067 76.0892 76.6589 77.2419 78.1696 79.1845 79.3207 79.4093 77.3124 77.5282 78.0637 78.9096 79.8476 80.3253 80.4989 78.2728 78.6176 79.2768 79.8042 80.2029 80.8737 81.3539 
78.199 78.5247 78.5501 78.2138 77.8601 76.9699 77 78.3966 78.474 78.3426 78.0442 78.5427 78.1138 77.9294 77.5612 78.1217 78.2359 78.3433 78.8868 78.8831 78.6381 77.1334 77.575 78.4493 78.7582 79.3448 78.9827 78.9967 77.26 77.6824 78.076 78.6657 79.1591 79.0924 79.1692 77.8967 77.964 78.2784 78.3498 78.759 79.0044 79.2705 77.733 78.234 78.6113 78.7726 78.8153 78.8214 79.2343 
79.5056 79.7662 79.5761 78.7758 78.2903 77.6168 76.1556 79.1248 79.3518 79.6412 78.866 78.4373 78.215 76.5226 78.2149 79.1105 79.4876 78.5271 78.264 77.5621 76.7013 78.813 79.3044 80.0434 78.5034 77.7755 77.0466 76.6461 79.0487 79.3283 78.5311 77.4959 77.7094 77.1791 77.4015 78.4528 78.4996 78.5576 77.681 78.1328 77.2938 76.8112 77.6726 77.8817 78.209 77.7231 78.0492 77.474 77.0296 
79.9257 80.3781 81.2123 80.9567 80.6141 79.935 79.4443 81.3643 81.708 81.462 80.8652 80.5951 80.4812 79.8042 81.0414 81.9821 81.697 81.0261 80.5009 80.4005 79.9401 80.0258 79.9418 79.5275 79.9636 80.2986 79.2776 79.082 78.5296 78.6945 77.6325 78.8051 78.7412 78.1688 77.6718 76.9398 77.344 77.1808 77.2309 77.369 76.8119 76.415 76.2768 77.4485 77.376 76.4128 75.9826 75.7352 75.3932 
94.09 93.8817 93.9514 93.7272 93.5832 93.4688 93.1177 92.9597 92.7818 92.9175 92.7218 92.4695 92.6262 92.2539 91.7944 92.1131 91.9716 91.4191 91.2989 91.201 91.3339 91.0983 90.8747 90.9092 90.2453 89.9113 89.8239 89.6225 89.5047 89.0046 89.308 88.0466 87.9033 87.8827 87.9733 87.8626 87.424 87.2619 86.5185 85.9015 86.4064 86.7607 86.1715 86.0839 85.9548 85.5504 85.2088 85.0839 85.2583 
114.483 115.168 117.342 117.828 117.658 116.569 115.234 113.925 114.778 116.254 116.204 116.345 116.108 115.102 112.218 112.89 113.745 114.287 115.316 113.761 114.052 110.394 111.375 112.166 111.451 112.692 111.48 112.538 110.123 110.168 110.111 108.21 108.459 109.84 110.076 108.934 107.803 107.857 106.435 105.575 107.774 107.977 106.851 106.364 106.471 106.159 105.889 106.198 106.42 
208.835 205.936 206.52 205.181 206.586 207.021 208.324 205.618 202.968 202.618 205.482 209.05 206.116 207.487 204.777 205.437 205.113 206.822 208.578 205.926 206.636 205.816 207.15 209.528 205.885 208.507 212.339 208.393 205.43 202.317 205.363 203.173 205.581 204.527 201.342 202.916 202.191 202.84 206.452 203.578 196.468 196.907 201.223 203.507 203.965 207.945 201.775 197.859 195.019 
234.12 231.189 231.93 230.474 231.972 232.136 233.53 231.667 228.89 228.16 231.501 235.037 232.276 233.712 231.891 232.41 231.387 233.387 235.553 232.929 233.707 233.699 234.793 236.821 233.514 236.276 240.306 236.342 234.186 230.671 233.758 231.883 234.251 233.445 230.552 232.438 231.453 232.161 236.315 233.435 226.103 226.506 231.499 233.711 234.553 238.502 232.084 228.055 225.236 
243.431 240.344 241.285 239.49 240.438 241.172 243.328 240.806 237.61 237.551 239.927 244.788 241.839 243.46 241.364 241.67 240.1 242.581 245.265 242.009 243.446 242.765 244.756 245.859 242.162 245.551 248.874 245.286 242.862 240.141 242.898 240.379 244.258 242.456 240.542 240.715 240.519 241.043 244.577 243.589 235.688 236.188 240.27 243.443 243.834 247.941 241.66 238.795 236.34 
252.729 251.554 251.119 252.971 253.704 253.458 253.812 253.721 253.379 252.883 253.638 253.274 253.877 253.599 254.429 254.306 253.646 253.855 252.764 253.524 253.382 254.342 254.453 253.759 253.539 252.493 252.832 253.349 254.161 254.226 254.031 253.375 252.649 253.863 253.605 254.231 254.215 253.933 252.694 253.053 253.583 253.375 253.985 253.758 253.663 253.441 252.997 253.102 252.956 
244.601 245.453 246.549 246.558 245.357 244.891 245.288 244.457 244.28 245.198 247.167 246.738 245.089 244.747 246.565 247.164 246.748 247.889 246.202 245.171 244.857 245.853 246.322 246.633 245.599 246.15 246.125 244.593 245.152 245.731 246.765 245.822 246.318 245.93 244.121 246.13 246.139 246.447 246.559 245.788 245.001 243.528 245.745 246.62 245.99 245.432 245.075 244.715 244.367 
226.164 227.404 229.915 229.809 228.184 226.514 226.845 224.992 225.316 227.318 230.771 230.038 226.389 225.683 228.35 229.554 229.534 231.716 228.778 226.299 225.863 227.194 227.757 228.351 226.893 228.497 228.147 225.801 225.907 226.923 229.459 227.853 228.857 227.994 225.566 227.306 227.964 229.114 228.803 227.293 226.195 223.978 225.981 228.317 227.827 226.679 225.605 226.136 225.549 
211.041 217.515 214.294 212.121 213.645 214.028 213.177 210.524 211.692 213.107 217.121 216.77 215.815 213.767 213.14 213.047 215.914 217.544 215.442 215.336 216.089 213.289 212.947 212.866 213.12 213.614 215.836 217.065 213.138 212.607 213.264 212.221 212.575 214.852 214.801 213.567 216.469 215.647 213.658 212.578 211.861 211.716 214.208 218.855 213.543 214.981 212.021 212.984 213.058 
196.398 197.435 196.371 198.724 200.551 200.095 197.591 195.909 198.945 199.403 199.536 199.555 200.121 200.306 197.333 198.518 199.509 200.197 198.607 196.108 199.875 196.84 195.175 196.385 197.849 197.731 194.109 196.295 195.413 193.572 193.825 196.098 197.595 194.125 195.654 196.603 193.542 194.139 196.284 195.065 191.637 196.008 197.098 195.933 194.807 195.231 193.839 193.362 197.12 
190.75 190.986 189.624 191.857 193.568 190.848 188.731 189.842 191.763 190.601 191.97 192.519 191.791 191.082 190.713 190.468 190.529 193.01 191.683 189.268 190.427 189.72 189.051 189.007 191.702 191.312 188.029 187.429 189.418 188.3 187.629 189.728 191.215 187.771 187.565 190.945 187.385 187.002 189.911 189.49 186.859 190.584 190.126 188.977 188.285 189.925 188.96 189.244 192.107 
189.139 191.12 188.795 189.916 191.941 189.883 188.245 187.435 191.468 189.275 190.175 191.767 190.814 190.021 188.702 188.898 189.064 190.777 190.376 188.443 190.516 188.888 187.733 188.16 190.252 188.532 185.857 186.733 189.963 188.385 187.975 189.926 189.911 187.116 187.609 192.335 188.05 188.834 191.434 188.95 186.968 191.625 192.402 190.93 190.072 190.519 188.859 189.614 193.025 
79.1812 78.9453 79.062 79.2194 79.5211 80.0188 80.3865 79.6411 79.3927 79.6313 79.963 80.2017 80.4671 80.7309 80.4652 80.3298 80.4794 80.753 80.9868 81.0074 81.0391 81.2811 81.2364 81.4471 81.8177 81.9153 81.8434 81.9795 82.1951 82.1738 82.3806 82.6734 82.8935 82.7711 82.8641 83.1756 83.1155 83.2819 83.5063 83.6471 83.4408 83.4946 83.5439 83.718 83.7473 84.0327 84.0592 83.9354 84.0432 
80.7855 80.9394 81.1069 81.4474 81.8914 82.3376 82.6891 80.5273 80.7748 80.9673 81.1105 81.9676 82.2829 82.8313 80.7549 80.9681 81.083 81.4302 81.9836 82.5814 83.0415 81.185 81.424 81.6809 82.151 82.5552 82.6699 83.461 81.5767 81.5068 81.8145 82.6911 83.3335 83.5882 83.9704 81.5865 81.3842 81.9382 82.4776 83.275 83.6809 83.995 81.2338 81.4412 81.8099 82.2804 82.7002 82.9051 83.45 
83.2972 83.7312 83.973 83.5203 83.2269 82.7503 82.8126 83.2746 83.602 83.8373 83.5968 83.6232 83.2503 83.0058 82.5891 83.1983 83.4846 83.4333 83.237 83.3677 83.0802 81.9725 82.327 83.1726 83.1194 82.8587 82.4138 82.88 81.9499 82.0712 82.1842 82.3573 82.3038 82.1248 82.3563 81.6153 81.6091 81.9381 81.6522 81.6181 81.5682 81.5388 80.8086 81.0124 81.4799 81.2594 80.9797 80.6467 80.6724 
86.442 86.6366 87.1168 87.3876 87.6833 88.4401 88.6713 85.9521 86.6174 86.8942 86.9818 87.2693 87.5977 87.4427 86.4796 86.6641 86.5046 86.3773 86.2456 87.1798 86.9885 86.2883 86.5806 86.483 86.1944 85.5252 85.4668 86.3497 85.9802 85.9035 85.4729 85.3343 85.1403 85.2783 85.68 84.7894 85.048 85.171 84.8768 84.8079 84.7731 84.3926 84.1274 84.3785 84.429 83.9203 83.454 82.9719 82.7464 
96.5006 97.0338 98.2396 98.3197 98.1839 98.5583 98.2932 96.0996 97.034 97.8737 97.6749 97.8095 98.1564 97.4875 96.2965 96.6505 96.5871 96.6507 96.8298 97.0234 96.6436 95.3222 95.9894 96.0052 95.4782 95.4397 94.8333 95.5771 94.7937 94.7618 94.4049 93.5265 93.4491 93.9003 94.3521 93.5376 93.4902 93.5477 92.9402 92.5017 93.0565 92.7365 92.8493 92.7204 92.8755 92.3682 91.897 91.526 91.2772 
126.248 127.145 129.335 129.941 130.155 129.392 128.477 126.077 127.099 128.6 128.699 129.157 128.876 128.385 124.572 125.104 126.217 127.134 128.109 127.128 127.292 122.639 123.661 124.479 124.485 125.9 124.989 126.282 122.43 122.681 122.556 121.793 122.214 123.683 124.195 121.676 121.063 120.983 120.175 119.953 121.945 122.144 120.237 119.822 119.883 119.923 120.033 120.742 121.093 
168.187 169.146 171.152 171.684 171.502 170.741 170.146 167.928 168.816 169.679 170.091 170.903 170.671 170.405 166.696 166.737 167.288 168.531 170.122 169.463 169.363 165.074 165.386 165.977 166.705 168.529 167.615 168.525 165.329 164.96 164.907 164.684 165.482 166.941 167.723 165.066 164.094 163.838 163.785 163.861 165.541 165.855 164.051 163.968 163.979 163.961 164.263 164.706 165.228 
229.419 226.094 225.57 222.574 224.527 226.742 229.123 224.971 223.872 221.216 222.703 228.11 225.926 227.76 226.181 224.912 224.183 226.683 229.474 227.752 227.563 226.62 228.349 229.295 225.782 229.967 232.789 230.288 227.878 224.26 226.263 223.422 228.884 227.448 224.46 225.119 224.418 224.481 228.669 228.617 219.679 219.734 224.193 228.802 228.729 233.48 226.563 222.859 219.876 
242.907 241.663 241.861 242.467 241.237 243.289 245.85 242.756 240.621 240.477 239.495 246.5 246.911 246.894 244.91 242.84 237.937 241.437 244.788 244.335 246.656 241.95 243.276 239.271 239.425 242.91 241.28 242.363 239.41 239.818 239.717 237.816 243.897 242.27 244.991 237.253 239.383 238.241 235.889 243.969 241.459 240.195 235.672 239.182 237.99 238.27 238.505 240.938 241.538 
251.379 250.652 250.911 250.746 249.993 251.299 253.137 251.017 250.163 250.557 249.598 252.671 253.208 253.441 251.935 251.563 249.695 251.116 252.178 252.076 253.247 250.819 252.149 250.342 249.898 251.402 250.874 251.072 250.025 250.75 250.117 249.018 252.133 251.392 252.542 248.937 250.347 249.645 248.498 252.598 251.263 250.673 248.29 250.588 249.868 249.903 250.047 251.066 251.6 
243.873 242.345 240.48 244.569 245.007 245.115 245.829 246.289 245.557 244.506 246.055 244.836 246.357 246.189 247.738 247.701 246.808 246.485 244.388 247.067 245.943 248.074 247.458 246.622 245.771 244.293 245.193 245.951 247.632 247.745 248.047 246.364 245.323 247.698 247.109 247.674 247.992 248.305 244.063 245.752 247.808 247.669 248.366 247.908 248.424 246.165 246.377 246.636 247.185 
218.908 226.301 228.537 220.018 220.756 225.094 229.676 225.6 225.534 228.115 227.351 225.33 228.074 229.559 230.756 227.64 222.783 219.919 226.767 232.723 230.77 231.352 230.714 218.908 215.21 225.733 230.672 228.338 228.266 228.905 224.76 223.428 226.521 229.039 225.403 228.378 227.869 228.626 228.356 226.344 228.063 226.267 229.977 229.455 229.723 225.439 222.437 228.659 229.586 
213.909 215.737 217.231 212.807 213.321 214.847 214.824 215.897 211.751 215.016 216.404 214.729 217.544 216.81 215.051 213.419 213.815 213.395 213.109 220.303 219.945 215.018 216.164 211.837 208.67 212.312 217.866 219.527 215.566 216.583 213.772 212.103 215.312 216.65 216.018 216.902 216.686 216.186 216.06 217.132 214.95 213.565 217.366 218.215 214.706 214.992 215.475 215.092 215.574 
203.045 204.728 206.003 201.402 202.446 203.674 203.681 205.008 201.006 203.889 205.161 203.806 206.486 205.689 204.091 202.423 202.539 202.502 202.122 209.043 208.678 203.7 204.855 200.833 198.161 201.186 206.674 207.846 204.042 205.094 202.172 201.162 204.025 204.971 204.174 205.22 204.704 204.218 204.582 205.419 202.969 201.386 205.216 205.887 202.65 203.646 204.059 203.092 203.212 
187.971 187.596 186.05 187.894 188.802 187.024 185.283 187.439 189.288 187.444 187.964 188.309 187.881 187.15 188.263 188.057 187.189 189.054 187.769 186.141 186.301 186.961 186.431 186.062 188.296 187.96 184.711 184.162 186.37 185.176 185.237 187.289 187.8 184.112 184.045 188.682 184.907 184.3 187.866 186.089 183.751 186.073 188.326 187.646 186.059 188.33 186.081 185.575 187.964 
182.407 181.759 181.487 181.403 181.419 181.294 180.933 182.837 182.738 182.341 182.426 181.828 181.308 181.191 182.862 182.778 182.795 182.905 181.994 181.376 181.311 182.916 183.485 183.247 182.865 182.509 181.953 181.341 183.685 184.431 183.867 183.338 182.919 182.539 182.136 184.927 184.387 184.211 183.757 183.409 183.032 182.653 185.744 184.801 184.55 184.228 184.213 183.751 183.641 
83.5739 83.4273 83.3735 83.1351 83.1876 83.6774 83.7669 83.9686 83.9114 83.8997 83.8172 83.8339 83.9915 84.2151 84.9995 84.8841 84.6827 84.6221 84.631 84.6384 84.7181 85.9101 85.7406 85.701 85.5532 85.5497 85.486 85.4491 86.6191 86.4984 86.4997 86.3993 86.3185 86.1099 86.1976 87.4371 87.1947 87.2736 87.3181 87.1321 87.0732 86.9048 87.818 87.8017 87.8535 87.8727 87.7955 87.6537 87.6595 
83.4498 83.5421 83.8976 84.6353 85.1438 85.6402 86.3212 83.5414 83.8772 84.4234 85.065 85.5757 85.9469 86.3916 83.8181 84.181 84.4629 85.1553 85.9831 86.3872 86.7792 84.5064 84.5154 84.9333 85.6131 86.2501 86.7866 87.2297 84.8007 84.5385 84.9339 85.9229 86.8531 87.2923 87.7602 85.4044 85.2826 85.7654 86.3134 87.1541 87.6419 87.9937 85.7542 86.0918 86.3207 86.9638 87.4032 87.7794 88.2604 
85.6489 85.9546 86.4267 87.1124 87.6493 88.0273 88.7205 85.255 85.4965 86.0637 86.6033 87.1563 87.3318 88.0458 84.9884 85.2286 85.8087 86.352 86.7892 87.5376 88.3128 85.0013 85.1119 85.7795 86.1961 86.636 87.1386 88.3883 85.2723 85.3099 85.6106 86.3056 86.8999 87.7102 88.303 84.8727 84.901 85.3744 85.6775 86.7253 87.5429 87.8839 83.928 84.2485 84.7431 85.26 85.7524 86.1208 86.7062 
89.1636 89.7972 90.6267 91.007 91.1076 91.7518 92.1132 88.6783 89.3592 90.1119 90.8371 91.0982 91.3387 91.4281 89.1486 89.5567 89.7055 90.3348 90.4136 91.2178 91.0721 88.7843 89.2089 89.4253 89.645 89.5501 90.0245 90.3905 88.2793 88.4483 88.4101 88.4689 88.717 89.3057 89.6871 87.4204 87.8439 88.0179 88.2263 88.6668 88.6846 88.5334 87.2149 87.2031 87.8989 87.8199 87.7765 87.6491 87.8017 
100.492 100.79 101.556 102.015 102.507 102.675 102.624 99.3916 99.6565 100.595 101.668 102.105 102.192 102.082 98.7479 98.8176 99.7659 100.833 101.106 101.309 101.507 98.2398 98.2944 99.0362 99.6578 100.126 100.382 100.513 97.2407 97.3201 97.4101 97.8256 98.6095 99.0746 99.332 96.4125 96.5658 96.3963 96.7055 97.458 98.1362 98.318 95.7047 95.4422 95.6399 95.8781 96.5765 96.8447 97.3653 
123.613 124.782 127.25 128.193 128.426 128.197 127.676 123.621 124.748 126.602 127.332 127.904 128.097 127.815 122.395 123.177 124.625 126.142 127.399 126.749 127.136 121.042 122.275 123.612 124.032 125.709 125.034 126.52 121.382 121.803 122.108 121.811 122.629 124.232 125.018 121.151 120.753 121.003 120.727 120.962 123.135 123.737 120.236 120.185 120.711 120.916 121.383 122.32 122.969 
185.987 185.773 183.506 181.244 183.519 186.929 188.064 181.862 187.183 182.115 180.407 182.201 184.389 184.589 183.354 180.4 181.793 183.304 183.981 187.777 184.512 181.038 181.024 180.289 181.591 184.061 183.006 185.728 182.671 181.795 180.182 180.069 183.98 185.099 183.921 180.988 180.887 180.258 181.73 185.136 183.118 182.983 179.767 183.476 182.782 184.486 184.016 182.938 182.887 
211.45 211.092 208.631 206.141 208.198 211.431 212.134 207.712 212.427 206.904 205.345 206.785 208.925 208.786 209.555 206.265 206.949 208.148 208.879 212.119 208.952 207.108 206.705 205.65 206.964 209.188 207.824 210.451 209.271 207.492 205.786 205.715 209.673 210.202 208.816 207.837 207.193 206.108 207.879 211.022 208.387 207.579 206.689 210.182 209.283 210.584 209.564 207.979 207.501 
225.614 224.877 223.166 219.478 220.804 224.929 226.665 221.519 225.102 220.599 217.802 221.851 224.25 223.781 223.555 220.086 219.719 221.879 223.459 226.423 224.065 220.673 221.602 219.256 220.399 223.536 221.571 223.631 222.044 221.479 219.866 219.017 225.092 224.262 223.548 220.025 220.988 220.072 220.858 226.901 223.051 221.419 218.708 223.836 222.531 224.252 223.514 222.841 222.229 
240.195 237.772 237.402 240.376 241.367 241.969 242.973 241.365 240.16 239.658 242.505 241.575 244.348 243.058 241.049 241.9 242.129 244.102 242.049 244.953 243.687 240.984 242.615 242.596 245.446 243.163 243.883 243.829 241.856 243.258 244.572 244.714 243.729 245.415 244.248 243.07 244.697 245.421 243.491 244.386 246.076 245.2 243.869 245.273 246.209 245.899 245.341 246.967 246.174 
228.425 233.729 234.964 228.17 229.175 233.212 237.341 233.295 235.132 235.386 233.14 232.636 235.496 236.597 236.429 234.907 230.704 228.544 235.451 238.737 236.399 237.548 236.985 228.292 228.345 235.513 237.678 234.66 235.763 236.329 233.701 233.771 235.149 237.057 234.49 235.795 235.968 237.276 236.963 235.745 238.095 237.453 237.96 237.304 239.652 236.109 233.168 238.699 239.422 
222.048 227.879 228.4 222.383 223.807 228.775 233.316 228.808 230.63 230.62 227.942 228.137 230.351 232.813 232.847 230.578 225.438 221.779 230.607 233.045 231.427 233.549 233.026 221.419 219.798 229.19 231.457 229.791 231.024 231.916 227.696 226.144 227.371 230.727 229.747 230.449 230.706 230.798 229.343 227.063 230.882 232.109 232.454 231.433 232.845 227.925 224.444 232.009 233.597 
210.549 217.195 218.819 210.231 211.908 216.936 221.347 217.534 217.352 219.388 217.266 216.06 219.747 221.614 221.078 217.935 213.312 209.97 217.58 223.872 222.344 221.906 221.619 209.134 206.351 216.582 221.392 220.154 219.516 220.294 214.915 213.895 216.894 219.917 217.854 219.266 218.695 218.848 218.584 216.972 219.069 218.601 220.881 219.817 220.236 216.502 213.756 220.065 221.112 
183.01 181.312 181.177 181.255 180.78 181.452 181.884 183.142 182.564 181.36 181.538 181.413 182.233 181.512 182.435 182.656 181.066 181.953 182.194 183.349 180.437 181.351 182.097 181.403 182.443 183.576 182.983 181.835 181.279 181.23 181.959 183.808 183.146 181.827 181.741 183.193 181.796 180.999 183.169 181.655 181.618 180.295 183.179 183.274 181.305 183.158 182.21 180.828 180.56 
180.58 178.723 178.581 178.296 177.351 177.204 177.777 180.653 180.168 178.794 178.696 177.852 177.937 177.327 180.139 180.261 178.827 179.393 179.145 179.376 176.579 178.958 179.776 178.991 179.898 180.781 179.692 177.986 178.623 178.995 179.519 180.985 179.844 178.146 177.764 180.84 179.309 178.035 179.79 177.972 177.95 175.99 181.33 180.746 178.718 179.897 178.633 177.396 176.67 
176.335 175.836 175.052 174.922 174.396 174.076 172.237 174.339 175.149 174.35 173.963 174.853 174.235 175.052 174.314 173.867 174.808 175.059 176.122 175.093 175.135 176.452 174.754 175.616 175.816 176.108 173.417 175.447 175.266 174.313 175.594 176.722 176.487 174.886 175.917 176.598 175.57 174.994 175.381 175.115 175.374 175.343 178.215 177.153 174.247 172.753 174.322 176.75 176.578 
87.3657 87.0923 86.9554 87.152 87.3117 87.4576 87.5784 87.758 87.81 87.7409 87.8148 87.6631 87.6705 87.611 88.4098 88.3786 87.8668 87.947 88.2029 88.2245 88.2635 89.5019 88.9917 88.6378 88.4645 88.4834 88.629 88.7316 89.9573 89.2408 88.8406 89.0164 89.2027 88.9576 89.1308 90.5771 90.0227 89.8947 89.6106 89.5479 89.5471 89.4881 90.797 90.9318 90.4385 90.4592 90.0779 89.994 90.108 
87.3798 87.3572 87.7121 88.2652 88.8328 89.3001 89.7101 87.6873 88.0899 88.3682 88.9702 89.2567 89.4437 89.7506 87.9933 88.3784 88.4596 88.8544 89.7077 90.0982 90.3447 88.9805 88.9005 89.0757 89.276 90.0423 90.599 90.9421 89.4447 89.02 89.0988 89.9691 90.9402 91.1231 91.5216 90.0764 89.7744 90.0053 90.4261 91.247 91.7933 91.9572 90.4454 90.7606 90.7542 91.3292 91.6824 92.1357 92.7796 
89.4204 90.264 90.8539 91.7457 92.0524 92.2476 92.7303 89.4462 89.7244 90.3134 91.8871 92.2638 92.1829 92.9375 89.5086 90.1097 90.4732 91.6903 92.3605 93.1374 93.59 89.8659 90.0798 90.5666 91.3139 92.0434 93.2907 93.5759 89.8727 89.9586 90.0997 91.097 92.2571 93.2076 93.6083 89.897 90.079 90.2952 90.9859 92.4102 92.796 93.283 89.5981 89.8671 90.8175 91.4688 92.0072 92.6447 93.575 
92.6524 93.262 93.9815 94.6107 94.9723 95.2285 95.5176 92.2 92.4281 93.075 94.5033 94.907 94.8824 95.7546 92.207 92.6464 93.2561 94.1771 94.6239 95.4493 95.8316 92.2966 92.51 92.9321 93.5966 94.2231 95.3917 95.459 92.231 92.503 92.4833 93.1941 94.1184 94.8474 94.9995 91.9975 92.1469 92.1452 93.0467 94.1679 94.3665 94.6705 91.6494 91.6369 92.4296 93.1089 93.823 94.1495 95.0093 
97.4734 98.4765 99.354 99.9648 100.528 101.09 101.261 97.0015 97.387 98.4284 100.012 100.594 100.887 101.645 96.8486 97.7073 98.3961 99.6809 100.278 101.189 101.652 96.8241 97.1862 97.8355 98.7806 99.5579 100.818 101.276 96.4669 96.9421 97.1048 97.9401 99.0219 100.102 100.662 96.0941 96.5698 96.7968 97.6427 98.8297 99.2855 99.975 95.7061 95.793 97.0497 97.6753 98.4619 98.8042 99.9222 
113.11 117.43 119.086 121.088 123.188 125.048 126.329 112.58 117.335 118.724 120.708 124.1 125.671 126.603 112.038 116.027 117.747 120.76 123.301 125.6 126.662 112.154 115.791 117.245 120.119 122.981 124.784 125.704 111.189 115.573 117.259 119.387 121.721 123.87 125.819 110.672 115.245 116.747 118.493 121.134 123.922 125.883 110.514 114.697 116.336 118.379 121.374 123.664 125.805 
138.828 142.618 144.684 146.732 148.686 150.918 152.921 138.302 142.241 144.051 146.316 149.819 151.867 152.975 137.6 140.783 142.868 146.665 149.712 152.258 153.452 137.696 140.966 142.643 145.922 149.584 151.778 152.742 136.792 140.644 142.805 145.31 148.274 151.168 153.163 136.311 140.42 142.386 144.499 147.331 150.85 153.261 136.362 140.566 142.8 144.789 147.865 151.011 153.133 
197.801 197.835 195.708 193.438 195.877 199.233 200.232 193.764 199.213 194.216 192.573 194.745 197.114 196.894 195.913 192.897 194.285 196.099 197.042 200.707 197.391 194.234 194.354 193.625 194.914 197.645 196.714 199.032 196.347 195.626 194.239 194.226 198.49 199.349 197.873 194.717 194.813 194.466 196.1 199.721 197.967 197.433 193.733 197.495 197.146 199.084 198.987 197.664 197.356 
205.876 206.617 207.234 207.511 207.922 208.417 208.226 205.964 206.245 206.765 207.441 208.14 208.869 208.668 206.42 206.706 207.19 208.12 208.959 209.081 209.018 207.126 207.437 207.843 208.801 209.438 209.766 209.615 208.122 208.223 209.528 210.036 210.949 210.733 210.482 208.649 208.706 209.46 209.968 210.963 211.455 210.621 208.846 208.759 209.124 210.021 211.197 211.528 211.039 
205.416 206.136 208.472 207.47 207.271 207.975 207.806 205.174 204.984 205.81 207.453 209.043 210.198 209.541 204.362 205.572 205.891 207.459 208.157 210.167 208.976 207.852 208.041 207.898 209.446 208.805 210.281 209.076 207.303 209.818 210.845 209.875 210.735 211.569 210.348 207.551 210.496 211.937 211.739 213.135 212.964 212.032 208.963 210.758 211.924 213.722 214.463 214.151 212.882 
222.081 223.167 223.041 223.475 224.026 224.511 225.684 221.341 222.109 222.249 223.245 224.206 225.205 226.052 222.106 223 222.904 224.1 226.159 226.346 226.092 223.355 224.19 224.53 226.302 227.385 227.338 227.324 225.467 226.239 227.562 228.144 228.566 228.969 228.631 227.358 227.324 228.509 228.784 229.392 230.283 230.537 227.339 227.25 227.928 228.995 229.812 230.384 230.686 
208.561 212.395 214.142 209.932 213.457 220.79 227.788 214.38 214.56 216.116 214.832 217.019 222.052 227.454 218.34 214.608 211.802 209.566 219.733 225.097 226.682 219.823 217.217 209.098 208.962 218.932 224.281 225.57 217.962 216.285 214.001 214.544 218.138 223.962 225.413 217.345 215.288 216.907 217.651 218.251 224.383 227.938 218.809 215.357 218.696 216.746 215.473 225.025 228.762 
181.696 181.873 180.973 182.83 183.579 185.646 185.135 181.511 181.087 181.253 183.646 184.255 186.043 185.818 182.036 182.044 182.547 184.202 184.997 186.229 185.499 182.631 183.521 183.427 184.376 185.521 186.341 185.896 183.405 184.615 183.971 184.528 186.155 187.41 187.571 183.465 183.34 183.529 185.14 186.32 187.391 187.857 183.515 183.008 184.108 186.216 186.455 186.685 186.897 
173.224 173.253 173.019 173.235 173.935 174.289 174.348 173.702 173.378 173.366 173.792 174.311 174.836 174.873 173.372 173.3 173.61 174.238 174.616 174.978 175.051 173.963 173.93 174.004 174.661 175.061 175.645 175.347 173.786 174.42 174.289 174.781 175.446 175.571 175.76 173.987 174.146 174.568 174.662 175.245 175.621 175.785 173.372 173.546 174.276 175.01 175.342 175.374 175.42 
173.36 172.987 172.388 172.324 172.077 171.758 169.875 171.553 172.099 171.566 171.459 172.382 171.902 172.504 171.545 171.02 171.963 172.356 173.778 172.569 172.841 174.155 172.141 173.009 173.226 173.62 171.138 173.265 172.816 171.835 173.071 174.269 174.032 172.561 173.829 173.681 172.989 172.8 173.065 172.943 173.065 173.366 174.895 174.095 171.662 170.294 171.937 174.223 174.051 
173.369 173.526 172.693 172.484 172.291 171.748 169.65 171.361 172.007 171.862 171.647 172.393 171.573 172.491 171.514 170.465 172.51 172.527 173.632 171.807 172.735 174.186 171.998 173.072 172.738 172.838 170.419 172.728 172.859 172.07 172.566 172.973 173.173 172.097 173.354 173.438 172.598 172.294 171.756 172.191 172.402 173.48 174.732 173.301 171.074 168.755 170.822 174.071 174.077 
91.255 90.6309 90.7795 90.1093 90.2585 90.1132 90.102 91.7426 91.5426 91.4617 91.0071 90.4278 90.1281 90.0527 92.3083 91.9414 91.6234 91.1954 90.8068 90.4186 90.199 92.6422 92.2695 91.9463 91.31 91.0712 90.6817 90.5765 92.7158 92.4761 92.1393 91.6496 91.1448 90.7026 90.5734 93.2091 92.8469 92.4454 91.9279 91.5953 91.3257 90.9399 93.6557 93.1757 92.7599 92.4197 92.0307 91.8574 92.0291 
90.5655 90.1383 90.1219 90.3668 90.6933 90.6807 90.8614 91.3679 91.2618 91.2205 91.3777 91.1628 90.9748 91.0161 91.9278 91.7963 91.5081 91.5718 91.8535 91.832 91.7355 93.1641 92.7153 92.4027 92.1042 92.2435 92.4034 92.517 93.6629 92.8101 92.541 92.9024 93.2672 93.2122 93.2583 94.3233 93.8082 93.6371 93.4596 93.7739 93.7723 93.8193 94.7257 94.876 94.2959 94.4121 94.1564 94.3533 94.8209 
91.6957 91.3196 91.9884 91.9873 92.7828 93.2448 93.8286 92.8249 92.6703 92.7677 93.0579 93.3876 93.5524 94.1007 93.5889 93.4481 93.6256 93.4358 93.8394 94.3061 94.3676 94.2873 94.1254 94.3517 94.0603 94.596 94.8527 95.1198 94.69 94.7834 94.9865 95.2219 95.5616 95.4724 95.5927 95.7321 95.6926 95.5969 95.9585 96.6462 96.6404 96.6181 96.4601 96.4364 96.2559 96.6433 97.0076 97.2565 97.9957 
94.8156 95.3841 96.0138 96.3741 96.7573 97.2322 97.6232 94.8584 94.9853 95.6028 96.7478 97.15 97.3096 98.4012 95.3615 95.8474 96.2326 97.0694 97.5829 98.4497 98.8779 95.8131 96.0808 96.4878 97.0163 97.5354 98.8391 99.0103 96.1296 96.3578 96.5334 97.2215 97.848 98.7659 99.0549 96.3009 96.4276 96.5546 97.6178 98.5115 98.6616 99.094 96.2359 96.3821 97.2216 97.8454 98.4925 98.9538 99.7662 
96.643 98.753 99.578 100.524 102.151 103.781 104.841 96.149 98.9115 99.763 100.456 102.428 103.924 105.315 96.6004 99.2962 100.058 100.568 102.125 104.065 105.026 97.2495 99.3096 99.8505 100.675 102.04 103.851 105.055 97.4557 99.4533 99.946 101.056 102.65 103.891 105.298 98.0215 99.8409 100.239 101.689 103.243 104.675 105.867 98.0615 100.358 100.467 101.93 103.656 105.114 106.484 
103.466 109.554 111.756 114.348 117.299 120.586 122.709 103.388 109.467 111.52 114.176 117.545 120.8 123.098 103.348 109.675 111.654 114.111 117.388 120.912 123.258 103.575 109.549 111.637 114.247 117.43 120.829 123.492 103.669 109.713 111.671 114.495 117.559 120.83 123.329 104.166 110.301 112.086 114.566 117.718 121.056 123.427 104.605 110.856 112.593 114.747 117.938 121.03 123.32 
121.417 126.728 128.426 130.869 133.634 138.433 141.646 121.773 126.585 128.982 131.811 134.548 138.293 141.267 121.505 126.82 128.504 131.576 135.475 139.72 139.796 122.127 127.641 129.154 132.187 136.1 140.341 140.823 123.151 128.717 130.648 132.329 136.306 139.727 141.208 123.333 128.64 130.474 133.476 136.991 139.34 140.764 122.663 129.159 131.005 133.434 136.823 139.79 141.207 
157.077 160.596 162.195 163.787 165.423 167.513 168.791 157.138 160.387 161.889 163.851 166.12 168.372 169.386 157.503 160.481 162.131 163.923 166.702 169.018 169.741 157.64 160.994 162.051 164.131 166.644 169.099 169.936 157.725 161.015 162.724 164.63 167.226 169.334 170.327 158.112 161.363 163.239 165.047 166.839 169.521 170.685 158.636 161.842 163.503 165.059 167.202 169.609 170.864 
168.155 169.246 170.706 171.066 171.428 171.234 170.043 166.865 166.839 169.155 169.814 171.737 171.651 170.717 167.332 167.822 169.28 168.892 169.466 169.531 170.237 167.293 167.272 170.843 172.231 170.281 170.638 166.912 166.894 168.991 170.676 172.278 173.259 172.68 170.726 167.403 170.237 171.808 173.44 173.842 174.242 170.689 169.042 170.294 171.315 172.326 171.645 171.821 168.831 
177.408 178.973 180.989 181.574 181.277 182.509 182.142 176.705 177.351 178.572 180.542 183.445 184.728 185.32 176.329 177.161 177.495 178.796 180.607 182.807 182.593 180.031 179.348 179.097 179.91 180.216 182.083 182.239 178.383 181.119 181.943 180.517 181.715 183.411 182.806 178.239 181.319 182.561 181.745 182.998 183.83 183.58 179.267 181.33 182.013 183.842 184.717 184.759 183.995 
180.326 180.168 183.023 184.91 187.066 190.682 192.968 180.187 179.255 181.22 184.131 188.382 191.721 194.855 180.277 180.066 181.09 182.936 186.617 191.159 193.832 183.561 181.719 183.253 184.3 186.386 190.95 194.041 182.361 182.86 184.977 185.077 188.304 192.408 194.571 182.099 183.224 185.735 186.561 190.338 193.046 195.861 182.933 183.045 185.385 188.538 190.84 193.794 195.768 
156.76 153.693 158.893 164.69 173.803 186.14 197.119 156.749 153.046 159.162 165 174.517 186.548 197.91 156.707 153.206 159.862 165.002 174.292 187.479 199.071 156.644 153.215 160.161 166.635 174.968 187.549 199.728 156.641 152.296 159.432 166.52 175.846 188.124 199.039 156.897 152.744 159.099 165.851 175.947 188.684 199.669 156.73 153.056 159.587 165.669 175.164 187.861 199.05 
161.782 160.052 161.134 162.608 165.679 171.155 176.12 162.049 160.04 161.92 163.479 166.569 172.053 177.112 162.167 159.771 162.151 164.131 167.584 172.946 177.371 162.806 160.437 162.93 165.111 168.415 173.415 177.923 162.999 160.889 163.311 166.007 169.691 174.188 178.353 163.13 160.662 163.222 166.127 170.04 174.318 178.546 162.876 160.283 163.415 166.6 169.176 173.536 177.816 
167.238 167.042 167.38 167.461 168.057 167.643 167.508 167.659 167.338 167.609 167.688 167.82 167.947 167.794 166.916 167.096 167.333 167.509 168.108 168.338 168.704 168.012 168.043 168.185 168.109 168.425 168.882 169.178 168.685 168.798 168.818 169.396 168.777 169.099 170.025 169.323 169.416 169.507 169.791 169.871 169.496 169.793 168.788 169.205 169.52 169.578 169.776 169.215 169.623 
167.497 167.215 167.35 167.009 167.238 166.568 166.654 168.215 167.77 167.715 167.204 166.957 166.751 166.595 167.944 167.563 167.62 166.878 167.236 167.078 167.627 168.719 168.657 168.139 167.468 167.771 167.993 168.381 169.189 169.164 168.626 168.856 167.784 167.818 169.106 170.004 169.804 169.178 169.09 168.845 168.021 168.535 169.597 169.566 169.669 168.955 168.441 167.632 167.879 
170.295 170.391 169.714 169.409 169.388 168.648 166.615 168.37 169.021 169.031 168.494 169.151 168.233 169.096 168.279 167.694 169.349 169.076 170.366 168.632 169.951 171.047 169.239 170.298 169.554 169.721 167.437 170.102 170.419 169.294 169.919 170.535 170.063 169.113 170.929 170.912 170.456 169.966 169.674 169.888 169.48 170.579 172.019 171.022 168.978 166.726 168.667 171.023 170.802 
97.4522 96.3688 95.6012 95.2986 94.7594 93.9694 92.9268 97.3587 96.5138 95.7254 95.2899 94.708 93.7765 92.9223 96.9849 96.0213 95.7206 95.5389 94.5991 94.0055 93.1543 96.5654 95.6046 95.235 95.4725 94.5239 94.5208 93.6095 96.9183 96.0621 95.893 95.9369 95.4922 94.1585 93.5203 97.4459 96.5209 96.4075 96.0323 95.0473 94.6204 93.5093 97.5615 96.625 96.0033 95.849 95.3149 94.9372 94.1968 
95.2879 94.5622 94.3572 93.9077 93.828 93.6557 93.7102 96.1413 95.5898 95.1179 94.7958 94.3929 94.0058 93.94 96.6924 96.2766 95.8653 95.4022 95.0498 94.6788 94.2788 97.2906 96.989 96.6335 95.9847 95.706 95.2775 95.1708 97.7079 97.4329 97.1477 96.7399 96.3456 96.0546 95.7018 98.2965 98.008 97.5794 97.1797 97.0563 96.7481 96.2932 98.8561 98.4181 98.0849 97.8086 97.503 97.4247 97.5418 
97.898 97.5067 97.1477 97.3686 97.4556 97.8066 97.9375 98.6606 98.1837 97.3796 97.4711 98.0749 98.2092 98.1258 99.5044 99.2316 99.0116 98.8037 98.9714 99.4024 99.1601 100.628 100.333 100.196 99.977 99.6897 99.8197 99.9868 101.745 101.426 101.315 101.117 101.03 101.134 101.215 102.463 102.137 101.983 101.853 102.05 101.945 102.086 103.089 102.674 102.437 102.397 102.314 102.606 102.794 
101.039 100.905 101.338 101.973 102.14 101.769 102.186 101.522 101.031 101.609 102.119 102.648 102.761 102.853 102.679 102.974 103.299 102.788 103.142 104.419 104.612 103.779 103.228 104.127 103.094 103.416 104.673 104.758 104.112 104.08 105.184 105.064 105.541 105.778 105.561 104.58 105.087 106.015 106.456 107.375 107.482 107.024 105.458 105.932 106.251 106.849 106.991 108.479 108.282 
106.409 106.628 107.183 107.542 108.159 108.834 109.592 106.967 107.254 107.738 108.225 108.866 109.592 110.316 107.692 108.199 108.439 108.963 109.83 110.685 111.195 108.433 108.768 109.318 109.919 110.698 111.803 112.28 109.42 109.811 110.231 111.114 111.835 112.702 113.295 110.344 110.88 111.306 111.977 112.712 113.577 114.026 111.005 111.704 112.073 112.728 113.253 114.131 114.728 
115.449 117.824 118.321 119.425 120.71 123.461 125.513 116.043 118.105 119.009 120.212 121.313 123.426 125.554 116.271 118.857 119.358 120.508 122.505 124.763 124.709 116.883 119.59 120.264 121.433 123.396 125.887 126.342 118.325 120.913 121.634 122.37 124.378 125.942 127.054 119.171 121.407 122.087 123.753 125.607 126.415 127.03 118.893 121.966 122.703 123.82 125.348 126.856 127.539 
121.602 123.577 124.293 125.494 127.041 130.21 132.527 122.257 123.545 124.981 126.573 127.797 130.156 132.56 122.446 124.432 125.198 126.711 129.127 131.659 131.579 122.913 125.144 126.063 127.71 130.115 132.758 133.146 124.109 126.199 127.411 128.474 131.004 133.024 133.59 124.749 126.698 128.02 129.879 131.759 132.926 133.462 124.657 127.705 128.822 130.033 131.624 133.278 133.98 
141.974 142.788 143.654 144.467 145.384 145.923 145.782 140.936 140.841 143.334 144.088 145.058 145.494 145.24 141.438 141.893 143.63 143.406 144.219 144.465 145.113 139.763 140.525 144.657 146.673 145.481 145.954 142.029 140.677 142.046 143.787 146.489 147.606 147.039 145.405 141.818 143.617 145.047 147.783 147.788 148.158 145.016 142.709 144.08 145.212 146.042 145.009 145.654 143.181 
152.101 152.914 153.634 154.308 155.283 154.806 154.005 150.497 150.517 152.963 153.358 155.096 155.015 154.113 151.059 151.125 153.399 152.723 153.289 153.101 153.958 149.342 149.496 153.938 156.053 154.296 154.212 150.21 149.897 151.085 152.86 155.783 156.47 155.751 154.065 151.105 153.024 154.493 156.526 156.078 157.124 154.011 152.563 153.391 154.344 154.659 153.191 153.921 151.726 
157.129 158.313 159.753 160.365 160.87 160.929 159.825 155.515 155.549 158.111 158.997 161.246 161.32 160.561 155.705 156.211 157.88 157.517 158.36 158.681 159.543 155.334 155.277 158.972 160.671 158.996 159.45 155.877 154.886 157.087 158.575 160.398 161.42 161.215 159.22 155.551 158.633 160.062 161.662 161.808 162.475 159.11 157.126 158.781 159.883 160.703 159.451 159.882 157.09 
149.653 151.065 151.73 153.327 155.522 156.33 157.213 147.927 149.691 151.394 152.966 156.133 157.875 158.446 147.866 148.289 150.56 151.917 153.972 156.453 156.487 148.7 149.121 150.766 152.543 154.39 156.061 156.45 148.753 149.76 151.101 152.636 153.607 155.346 156.04 148.684 150.704 151.827 151.832 152.398 154.495 155.758 148.268 150.67 151.275 151.86 152.346 153.559 154.603 
147.066 145.917 147.641 149.81 153.122 157.177 161.268 147.153 145.887 147.751 149.853 153.236 157.138 161.154 147.405 145.94 147.882 149.57 153.149 157.792 161.26 147.347 145.76 148.284 150.069 153.217 157.658 161.546 147.16 145.487 147.82 150.448 153.652 158.079 161.502 147.05 145.509 147.831 150.123 154.108 158.324 162.09 146.971 145.269 147.646 150.026 153.264 157.967 161.903 
153.265 153.61 155.145 154.823 154.878 155.822 155.842 153.63 154.172 155.304 154.895 155.216 155.347 156.717 153.187 153.27 154.124 155.061 156.006 156.281 156.934 153.287 153.918 154.399 155.622 156.244 156.99 157.891 153.649 154.576 155.225 155.634 156.602 157.562 158.545 154.294 154.461 155.508 155.914 157.547 159.165 159.259 153.94 154.757 155.597 155.726 157.028 158.695 159.194 
158.689 159.205 159.857 160.259 160.694 160.704 160.52 158.461 159.359 159.964 160.269 160.618 160.381 159.803 158.786 158.871 159.993 160.27 160.857 160.706 159.869 158.494 159.354 159.773 159.976 160.403 161.127 161.58 159.545 159.626 160.473 160.268 161.077 161.496 162.006 161.12 160.603 160.04 160.41 161.923 161.974 162.257 161.52 161.571 161.141 160.551 161.953 162.083 163.645 
158.595 158.852 159.464 160.379 162.175 162.956 162.623 159.76 159.771 160.135 161.595 162.277 162.174 161.985 159.748 160.927 161.512 161.226 162.121 162.177 162.192 161.246 162.076 160.807 160.413 160.943 162.428 163.063 163.066 162.8 161.434 160.768 160.219 161.95 165.316 163.944 163.526 162.646 162.504 162.379 162.1 164.052 162.558 163.619 162.892 160.6 159.319 159.808 163.051 
164.365 164.001 163.784 163.695 163.356 163.281 163.601 164.467 164.19 164.213 164.042 163.505 163.174 163.097 164.956 164.5 164.876 164.035 163.913 163.142 163.11 164.709 164.941 164.912 163.851 163.931 163.764 163.505 164.966 165.147 164.558 163.894 163.766 163.522 163.669 165.325 164.781 164.11 163.748 163.847 163.336 164.077 165.423 164.872 164.448 163.703 163.531 163.308 163.453 
101.413 100.093 99.0542 98.568 97.9519 96.8878 95.7447 101.06 100.019 99.0002 98.5331 97.8185 96.7305 95.6444 100.23 99.2762 98.9268 98.6611 97.6418 96.8297 95.6163 99.6678 98.3758 98.2632 98.5801 97.3454 97.3487 95.9504 100.036 99.0519 98.7961 98.9494 98.3035 96.8303 95.8744 100.45 99.3273 99.136 98.8452 97.785 97.3699 95.7731 100.479 99.0213 98.5604 98.482 97.9798 97.3773 96.2318 
100.933 100.103 99.3653 99.5111 99.3437 99.0954 98.3169 100.976 100.21 99.3882 99.4728 99.5845 98.9785 98.1202 100.713 100.08 99.9128 99.9672 99.38 99.1773 98.3656 100.632 99.7127 99.6627 100.186 99.3148 99.5903 98.8754 101.192 100.383 100.374 100.87 100.719 99.6695 99.077 101.865 100.773 100.869 100.863 100.399 99.99 99.144 101.784 100.761 100.345 100.417 100.416 100.207 99.6937 
105.363 105.62 105.834 106.496 105.735 105.395 105.413 104.685 105.524 105.165 106.067 105.95 106.01 105.7 105.703 106.246 106.378 106.106 106.074 106.612 106.961 107.124 106.07 105.706 105.585 105.535 106.655 106.961 106.291 105.433 106.595 106.911 107.002 106.536 106.858 105.601 106.781 107.894 107.081 107.939 107.584 106.349 106.783 106.772 107.483 107.636 107.374 106.996 106.469 
106.246 106.239 106.909 107.467 107.537 107.258 107.644 106.824 106.271 107 107.55 107.736 108.032 107.687 107.77 108.196 108.532 108.007 108.145 109.152 109.327 108.772 108.423 109.109 108.151 108.124 109.212 109.256 109.101 109.218 110.02 109.809 110.027 110.232 109.98 109.382 110.031 110.841 110.981 111.556 111.385 111.054 110.156 110.581 110.939 111.199 111.21 112.245 111.973 
112.02 112.155 112.775 113.172 113.42 113.195 113.83 112.528 112.16 112.837 113.406 113.802 114.025 114.042 113.214 113.713 114.12 113.942 114.248 115.299 115.692 114.18 114.146 114.942 114.072 114.438 115.638 115.944 114.678 114.876 115.679 115.687 116.159 116.416 116.739 115.063 115.667 116.476 116.556 117.313 117.591 117.543 115.636 116.195 116.593 116.822 116.998 118.288 118.337 
119.309 119.548 119.663 119.78 119.919 120.322 121.044 120.08 119.803 119.872 119.936 120.44 120.911 121.249 120.377 120.384 120.317 120.704 121.148 121.577 121.816 120.551 120.789 121.035 121.27 121.798 122.385 122.659 121.369 121.411 121.474 122.047 122.342 122.682 123.019 121.77 121.836 122.115 122.391 122.686 123.089 123.454 122.315 122.333 122.472 122.621 123.007 123.404 123.684 
124.45 124.674 124.588 125.06 125.572 126.859 127.953 124.927 124.814 125.199 125.322 125.741 126.913 127.83 124.881 125.114 125.092 125.551 126.64 127.503 127.309 125.018 125.426 125.873 126.507 127.243 128.282 127.903 125.844 126.017 126.475 127.127 127.821 128.39 128.03 126.531 126.238 126.53 127.498 128.149 128.081 127.985 126.157 126.706 126.91 127.436 127.842 128.199 127.98 
129.757 129.948 130.232 130.811 131.466 131.739 131.895 130.09 130.111 130.317 131.071 131.671 131.937 132.158 130.119 130.35 130.836 131.507 132.031 132.366 132.479 130.342 130.586 131.219 131.691 132.257 132.704 132.849 130.66 130.882 131.454 132.164 132.477 132.85 132.824 130.772 130.941 131.647 132.065 132.325 132.692 133.117 131.091 131.327 131.916 132.18 132.471 132.809 133.384 
142.492 143.159 143.756 144.361 145.167 144.681 144.024 141.554 141.396 143.228 143.639 144.5 144.354 143.679 141.965 142.051 143.582 143.182 143.444 143.086 143.918 140.444 140.785 144.159 145.778 144.413 144.12 141.009 140.654 141.878 143.017 145.601 146.325 145.415 143.843 141.794 143.326 144.287 146.204 146.25 146.628 143.995 142.982 143.575 144.471 145.044 144.039 144.627 142.411 
140.8 141.314 142.04 142.453 143.542 144.162 144.614 140.118 140.811 141.787 142.355 143.803 144.706 145.1 139.926 140.179 141.451 142.174 143.194 144.145 144.198 140.52 140.578 141.431 142.591 143.437 144.142 144.228 140.837 141.134 141.71 142.676 143.213 144.014 144.224 140.826 141.521 142.222 142.314 142.637 143.698 144.153 140.776 141.426 142.313 142.457 142.689 143.499 143.816 
143.416 143.524 143.447 143.608 144.099 144.602 144.831 143.032 143.048 143.487 143.696 144.146 144.797 145.217 142.436 142.495 142.847 143.373 143.783 144.095 144.52 141.626 142.484 143.088 143.239 143.641 143.332 143.963 141.374 142.031 142.457 142.948 143.429 143.696 143.683 141.659 142.158 142.351 142.404 143.795 144.137 144.144 141.855 142.094 142.527 142.834 143.79 144.003 144.102 
145.495 145.628 146.494 146.425 146.659 147.277 147.269 145.686 145.942 146.432 146.43 146.788 146.664 147.509 145.789 145.644 145.952 146.387 146.87 146.912 147.243 145.8 145.925 146.045 146.665 146.83 147.109 147.734 145.561 146.104 146.291 146.454 146.774 147.319 148.001 145.768 146.004 146.416 146.375 147.344 148.227 148.024 145.462 145.865 146.294 146.193 146.94 147.743 147.844 
150.331 150.061 149.33 149.693 149.511 149.483 150.648 149.201 148.94 148.533 149.251 148.881 149.067 149.689 149.191 148.28 148.103 147.976 149.795 150.381 149.374 149.418 149.204 149.196 148.378 149.719 149.212 150.145 149.747 149.904 150.596 149.789 150.91 150.472 150.522 149.752 149.069 149.034 149.058 150.248 150.027 149.758 150.014 149.213 148.313 148.753 149.957 150.529 151.182 
152.215 152.961 153.959 155.276 157.547 158.457 157.587 152.93 153.598 154.336 156.44 157.478 157.149 156.706 153.195 154.461 155.793 155.918 157.055 157.1 155.88 154.065 155.549 154.471 154.356 154.573 156.63 157.356 156.321 156.225 154.888 153.605 153.731 155.922 159.862 157.721 156.702 155.418 155.169 155.62 156.067 158.361 156.031 156.967 155.888 152.968 152.224 153.456 158.042 
153.929 154.581 155.643 157.065 159.497 160.821 160.394 154.995 155.751 156.279 158.433 159.536 159.661 159.433 155.54 157.044 158.19 157.737 158.815 159.289 158.607 156.628 158.204 156.658 156.3 156.702 158.849 159.695 158.92 158.921 157.058 155.81 155.835 157.955 162.287 160.109 159.225 157.845 157.593 157.681 157.831 160.748 158.329 159.464 158.517 155.373 153.896 154.936 159.908 
156.584 156.766 157.334 158.276 160.043 161.004 160.808 157.657 157.767 158.21 160.588 160.181 159.999 160.049 157.55 158.828 159.439 159.254 159.566 159.709 159.354 158.707 159.734 158.274 157.802 158.136 159.577 159.937 160.493 160.149 158.452 157.471 157.381 158.8 162.137 161.056 160.304 159.28 158.971 158.653 158.633 160.918 159.685 160.476 159.667 157.169 155.559 156.36 159.768 
104.281 102.423 100.89 100.339 99.6026 98.5613 96.9342 103.757 102.17 100.624 100.186 99.473 98.1954 96.9163 103.018 101.416 100.862 100.455 99.2462 98.4177 96.979 102.554 100.588 100.291 100.53 99.0731 99.1719 97.3646 102.879 101.488 100.998 101.175 100.584 98.367 97.1003 103.453 101.943 101.724 101.11 99.8446 98.9395 96.9926 103.796 101.719 101.132 100.799 99.9453 98.7337 97.4172 
108.591 108.707 107.428 106.82 105.82 105.034 106.071 107.131 107.716 106.874 106.102 105.703 105.639 105.83 107.486 107.546 107.231 107.017 106.753 106.864 107.123 108.627 107.31 107.165 107.148 106.011 106.763 106.741 107.703 106.878 107.885 108.012 107.181 105.845 106.067 106.375 107.303 107.34 106.505 106.726 106.021 105.015 106.401 106.385 106.28 106.13 106.106 105.038 104.091 
109.684 110.263 110.141 110.62 109.886 109.81 110.066 108.113 109.757 109.488 109.917 109.705 109.829 109.934 109.142 109.688 109.853 109.547 109.486 109.867 110.506 109.963 109.197 108.587 109.304 109.115 109.846 110.421 108.829 108.16 109.258 109.834 109.787 109.223 109.95 108.03 108.917 110.132 109.584 109.905 109.161 108.569 108.93 108.578 109.368 109.899 109.874 108.361 107.976 
111.647 111.844 112.3 112.792 112.242 112.185 112.271 110.513 111.607 111.469 112.475 112.348 112.372 112.335 111.237 111.833 112.129 112.188 112.419 112.748 113.272 112.328 111.595 111.316 111.557 111.819 112.856 113.106 111.122 110.574 111.899 112.661 112.696 112.221 112.5 110.227 111.517 113.088 112.582 113.158 112.765 111.623 111.287 111.439 112.663 113.023 112.401 111.792 111.369 
115.719 116.22 116.54 116.646 116.702 117.276 117.764 116.098 116.262 116.526 116.86 117.095 117.552 117.497 116.109 116.626 116.539 116.967 117.24 117.702 118.048 116.119 116.783 116.985 117.278 117.575 117.963 118.051 116.379 116.615 117.193 117.287 117.447 117.868 118.194 116.967 117.015 117.39 117.494 117.52 117.731 117.952 117.403 117.36 117.705 117.707 117.723 117.783 118.236 
121.657 121.935 121.935 121.912 121.613 121.505 121.789 121.802 122.008 122.024 121.658 121.596 121.561 121.551 121.794 121.924 121.674 121.896 122.019 121.978 121.601 121.494 121.924 121.995 122.032 121.878 121.815 121.61 121.759 121.639 121.875 121.946 121.752 121.879 121.797 122.1 121.884 121.622 121.491 121.529 121.672 121.575 122.052 121.883 121.64 121.308 121.132 121.082 121.038 
126.13 126.234 126.232 126.172 126.017 125.834 126.127 126.594 126.372 126.323 125.915 126.081 126.046 125.995 126.402 126.291 126.146 126.035 126.142 126.125 126.121 126.104 126.021 126.217 126.142 126.255 126.463 126.452 126.257 126.07 126.314 126.471 126.333 126.633 126.273 126.368 126.23 126.194 126.172 125.969 126.077 126.114 126.606 126.514 126.066 125.842 125.68 125.724 125.87 
130.069 130.164 130.262 130.627 130.508 130.089 130.426 130.448 130.341 130.416 130.318 130.024 130.018 130.275 130.287 130.199 130.233 130.225 130.04 130.155 130.336 130.076 130.26 130.264 130.224 130.245 130.432 130.311 129.9 130.098 130.188 130.449 130.639 130.65 130.207 130.137 130.297 130.191 130.262 130.345 130.148 130.502 130.484 130.513 130.381 130.47 130.453 130.328 130.34 
132.972 133.114 133.423 133.712 133.984 133.561 133.758 133.214 133.146 133.462 133.801 133.647 133.604 133.993 133.002 133.263 133.651 133.987 133.936 134.154 134.222 132.879 133.208 133.582 133.926 133.954 134.302 134.397 132.776 133.051 133.49 133.927 134.15 134.383 134.41 133.088 133.273 133.638 133.733 134.023 134.237 134.557 133.385 133.478 133.815 133.865 134.031 134.397 134.568 
138.958 138.958 138.928 138.858 138.922 138.962 139.307 138.723 138.39 138.928 138.892 138.541 139.23 139.612 137.962 137.789 138.192 138.429 138.519 138.835 139.042 136.965 137.654 138.175 138.487 138.49 138.007 138.358 136.728 137.209 137.635 137.984 138.311 138.342 138.144 137.095 137.461 137.609 137.387 138.271 138.565 138.697 137.381 137.311 137.649 137.908 138.517 138.688 138.642 
142.189 142.048 141.792 141.507 141.412 141.669 141.667 141.575 141.424 141.906 141.599 141.269 141.702 142.104 140.521 140.725 141.105 141.389 141.123 141.214 141.711 139.521 140.432 141.303 141.473 140.992 140.331 140.889 139.481 139.818 140.164 140.437 140.463 140.671 140.721 139.974 139.804 140.046 139.757 140.65 140.996 141.202 140.164 140.084 140.225 140.133 140.72 140.665 141.049 
145.464 144.891 144.245 144.313 144.103 143.85 144.433 144.603 144.272 144.22 144.244 143.774 144.053 144.287 144.036 143.547 143.317 143.26 143.784 144.076 143.926 143.415 143.667 143.934 143.504 143.818 142.952 143.61 143.167 143.56 143.938 143.736 144.216 143.734 143.673 143.328 143.37 143.369 143.025 143.977 143.824 143.662 143.558 143.264 143.026 143.321 143.967 143.903 144.388 
150.335 149.657 148.312 148.588 147.501 147.014 148.308 148.999 148.226 147.401 147.752 146.471 146.524 147.238 148.629 147.53 146.667 146.024 147.612 148.32 147.221 148.991 148.313 147.873 146.625 147.924 146.936 147.672 149.284 149.259 149.458 148.11 149.188 148.283 148.12 148.964 147.902 147.79 147.245 147.699 147.174 146.807 148.939 147.84 146.46 146.58 147.154 147.389 147.864 
152.777 152.004 150.983 151.467 150.448 149.849 151.122 151.04 150.521 149.996 150.544 149.035 149.059 149.325 150.971 150.025 149.509 148.438 150.106 150.472 149.02 151.321 151.014 150.699 148.807 149.924 148.733 149.695 152.123 152.164 152.341 150.455 151.216 150.189 150.411 151.929 150.916 150.448 149.741 150.145 149.372 149.131 152.201 150.949 149.352 149.453 149.964 150.224 150.584 
153.185 153.434 154.05 154.663 156.154 157.15 156.834 154.492 154.339 154.64 156.732 156.182 156.259 156.217 154.322 155.133 155.613 155.484 155.826 156.181 155.579 155.612 156.124 154.666 154.339 154.499 155.715 155.946 157.282 156.67 154.95 153.946 153.436 155.052 158.307 157.719 156.778 156.124 155.86 155.025 155.086 157.168 156.189 156.917 156.571 154.29 152.183 152.945 156.242 
158.737 158.436 158.244 157.958 157.497 157.035 157.046 158.938 158.8 158.58 158.941 157.424 156.925 156.643 158.936 158.825 158.45 157.914 157.088 156.834 156.618 159.03 159.043 158.532 157.794 157.255 156.79 156.524 159.185 158.98 158.412 157.807 157.483 156.604 156.627 159.121 158.557 158.265 157.741 157.332 156.719 156.904 159.011 158.726 158.61 157.932 157.418 157.035 156.878 
108.636 107.735 105.621 104.391 103.506 102.466 103.161 107.692 106.649 105.361 103.83 103.076 102.791 102.854 107.989 106.932 106.003 105.182 104.478 104.19 104.047 108.973 107.183 106.966 106.098 104.229 104.136 103.602 108.593 107.74 107.71 106.881 105.494 103.553 103.021 107.867 107.904 106.932 105.797 105.156 103.819 102.722 107.963 107.093 106.245 105.625 104.826 103.437 102.172 
111.114 111.12 109.114 108.403 108.054 107.291 108.733 109.634 109.555 109.088 107.556 107.553 107.622 108.058 110.103 109.854 109.39 108.75 108.389 108.998 109.326 110.532 109.506 109.721 109.528 108.123 108.362 108.754 109.927 109.743 110.455 110.144 109.318 107.882 108.238 109.082 109.272 108.989 108.799 108.58 107.528 107.635 108.389 108.452 107.813 107.865 108.441 107.329 106.741 
112.228 112.368 111.12 110.546 109.902 109.399 110.287 110.707 111.294 110.673 109.906 109.725 109.754 109.958 111.15 111.099 111.026 110.779 110.653 110.974 111.234 111.993 110.686 110.615 111.058 110.158 110.811 110.965 110.98 110.419 111.199 111.656 111.144 109.945 110.266 109.864 110.746 110.813 110.428 110.677 109.961 109.4 109.656 109.899 109.689 109.984 110.237 109.141 108.632 
114.385 113.996 113.393 113.369 113.304 113.446 114.042 113.462 113.53 113.588 113.267 113.296 113.189 113.436 113.936 113.922 113.591 113.164 113.188 113.396 113.285 113.774 113.163 113.102 113.782 113.686 113.094 113.289 113.373 113.441 113.657 114.03 113.885 113.244 112.965 113.268 112.898 113.469 114.087 113.525 112.299 112.569 113.22 112.632 113.029 113.974 114.049 112.613 112.321 
118.728 119.167 119.178 118.556 117.407 116.989 116.924 118.627 118.092 117.331 116.357 115.638 115.273 115.621 118.29 117.765 116.188 115.026 115.171 116.241 115.775 117.702 118.311 118.126 115.958 115.308 115.796 116.143 118.134 119.317 118.775 117.399 116.139 116.701 116.716 118.219 118.143 116.864 116.377 115.109 115.981 115.909 118.037 117.564 116.348 115.4 114.755 114.935 115.451 
121.907 122.162 121.765 121.345 120.813 120.274 119.708 121.994 122.1 122.035 121.311 120.759 120.437 119.334 121.92 122.067 121.804 121.464 120.667 120.125 119.377 122.186 122.098 121.673 121.34 120.622 120.064 119.509 121.985 121.901 121.67 121.018 120.405 120.063 119.578 122.415 122.029 121.587 120.942 120.353 119.947 119.163 122.566 121.955 121.549 120.928 120.444 119.905 119.425 
125.612 125.536 125.389 125.156 124.343 123.521 123.466 125.927 126.122 126.172 124.876 123.945 123.622 123.143 125.951 125.867 125.718 124.706 123.911 123.583 122.825 126.107 126.007 125.597 124.64 123.959 123.521 122.823 126.163 125.892 125.575 124.686 124.289 124.017 122.993 126.138 125.995 125.345 124.699 123.968 123.544 122.888 126.112 125.851 125.35 124.557 123.941 123.224 122.791 
129.91 129.379 128.623 128.001 128.436 127.419 127.05 130.472 129.939 130.097 127.21 128.144 127.23 127.075 131.096 130.793 130.13 128.164 128.398 126.971 127.274 131.809 131.728 130.458 128.509 128.392 127.156 127.614 131.501 130.821 130.782 128.873 128.329 127.881 127.787 130.599 130.45 129.998 129.455 127.98 127.913 127.829 130.674 130.309 129.978 129.183 127.906 127.596 127.87 
134.041 134.105 133.928 133.962 133.225 132.402 132.868 134.53 134.035 134.054 133.775 132.752 132.391 132.777 134.295 133.673 133.772 133.253 132.461 132.408 132.209 133.73 133.877 133.369 132.565 132.217 132.138 131.866 133.305 133.627 133.486 132.434 132.421 132.384 131.479 133.287 133.503 133.238 132.558 132.155 132.125 131.833 133.661 133.183 133.087 132.481 132.184 131.938 131.742 
138.071 136.53 137.11 137.58 134.931 134.478 134.145 136.689 135.903 137.807 138.179 136.508 135.468 133.573 137.734 136.32 136.397 135.755 135.09 134.406 132.783 136.693 137.152 135.951 133.792 133.764 134.885 134.513 137.716 137.644 136.502 133.69 134.502 135.579 132.941 134.699 136.084 135.262 133.064 132.409 134.343 133.26 132.934 133.31 133.933 133.387 133.58 132.894 132.89 
141.87 141.793 141.343 140.864 140.286 139.967 139.846 141.317 140.973 141.265 140.685 140.051 140.098 140.068 140.467 140.052 140.226 139.91 139.597 139.421 139.584 139.198 139.733 140.247 139.667 139.215 138.371 138.626 138.788 139.198 139.527 139.007 138.654 138.445 138.213 138.865 139.168 139.03 138.026 138.382 138.613 138.656 138.998 138.792 138.593 138.248 138.476 138.193 138.512 
144.082 144.007 143.915 143.152 142.587 141.873 141.361 144.313 144.054 143.683 142.991 142.53 141.74 141.245 144.372 143.928 143.36 142.671 142.019 141.797 141.59 143.946 143.558 143.113 142.6 142.261 142.345 141.928 143.766 143.548 143.08 142.567 142.441 142.363 141.679 143.703 143.278 143.054 142.582 142.28 141.723 141.469 143.246 143.409 142.913 142.254 141.966 141.424 141.558 
149.408 148.268 146.885 146.976 145.713 145.066 146.536 148.217 147.249 146.243 146.274 144.833 145.082 145.349 148.197 146.817 145.679 144.457 146.117 146.782 145.536 148.993 147.86 147.005 144.918 146.598 145.51 146.011 149.15 148.878 148.819 147.148 148.189 146.976 146.422 148.637 147.627 147.192 146.46 146.45 145.603 145.067 148.728 147.658 145.856 146.246 146.25 146.179 146.26 
150.3 149.981 149.725 148.464 148.078 148.358 148.424 150.955 150.128 149 147.557 147.614 148.075 148.236 151.305 150.739 149.708 148.368 147.925 147.819 147.591 153.034 150.754 149.955 150.187 149.019 148.106 146.877 153.48 152.135 151.208 151.319 149.809 148.52 147.612 153.454 152.6 152.17 152.271 149.614 148.529 148.201 153.271 152.729 152.398 151.971 150.456 149.702 149.247 
153.316 152.876 153.035 151.977 151.499 151.632 152.131 153.705 152.515 152.725 151.922 151.027 151.555 151.585 154.01 152.93 152.215 151.842 152.055 152.069 151.524 154.509 153.659 152.975 152.394 152.567 151.875 151.239 155.01 154.636 153.875 152.991 151.67 151.748 151.884 155.097 154.848 155.157 154.699 153.141 152.433 152.821 155.976 155.42 155.989 156.094 154.104 153.376 153.201 
144.892 144.206 144.306 143.215 142.426 142.26 142.596 157.448 156.218 156.433 156.455 154.501 154.954 154.634 157.235 156.218 155.51 155.697 155.347 155.466 154.555 158.081 157.209 156.4 155.948 156.404 155.844 154.992 158.417 157.657 157.039 156.433 155.536 155.496 155.423 158.495 158.018 158.148 157.765 156.374 155.674 155.963 159.262 158.475 159.154 158.984 157.165 156.297 156.108 
106.552 105.333 104.613 104.469 104.145 104.25 103.616 106.654 105.403 104.676 104.285 103.879 103.715 103.712 106.769 105.923 105.179 104.271 103.561 103.338 103.688 107.209 106.519 105.651 104.343 103.368 103.003 103.018 106.855 106.477 105.622 104.693 103.751 102.733 102.193 107.277 106.842 106.056 104.877 104.304 103.133 102.179 107.746 107.233 106.37 105.33 104.279 103.295 102.545 
110.229 110.077 108.577 107.592 107.204 106.617 107.143 109.62 109.222 108.464 107.145 106.863 106.681 106.779 109.783 109.236 108.661 108.121 107.624 107.547 107.68 110.134 109.12 109.058 108.577 107.096 107.19 107.17 109.545 109.172 109.459 109.025 107.958 106.585 106.634 108.911 109.084 108.481 107.881 107.541 106.664 106.241 108.366 108.389 107.355 106.98 107.086 106.453 105.719 
113.093 112.71 111.756 111.154 110.764 110.303 110.795 112.285 111.928 111.969 110.673 110.249 109.784 110.148 113.147 112.492 111.8 110.545 110.03 110.064 109.987 112.963 111.813 111.247 111.055 110.401 109.698 109.89 112.645 112.194 111.892 111.259 110.725 110.069 110.246 112.627 111.849 111.609 111.503 110.575 109.458 109.851 112.165 111.574 110.943 111.277 111.602 110.134 109.831 
117.547 117.588 117.55 116.729 115.3 114.948 114.939 117.628 116.606 115.53 114.435 113.655 113.238 113.668 117.567 116.495 114.559 113.123 113.248 114.173 113.669 116.951 116.993 116.558 114.174 113.451 113.954 114.157 117.221 118.302 117.409 116.092 114.578 114.862 114.637 117.169 117.081 115.737 115.191 113.647 114.18 113.999 117.059 116.586 115.18 114.192 113.479 113.285 113.534 
118.516 119.214 119.062 118.336 116.779 116.072 115.763 118.742 117.91 117.198 115.846 114.944 114.541 114.309 118.588 117.901 116.092 114.482 113.987 114.992 114.496 118.428 118.82 118.136 115.355 114.335 114.857 114.896 118.906 119.895 119.077 117.07 115.45 115.904 115.571 119.508 119.138 117.387 116.372 114.761 115.488 114.879 119.708 118.886 117.193 115.647 114.885 115.015 115.072 
121.316 121.233 120.451 119.205 117.32 116.156 115.769 121.808 120.799 119.216 117.045 115.295 114.467 114.424 122.428 121.049 118.544 116.192 115.176 115.498 114.299 122.352 122.441 121.158 117.856 115.867 115.361 115.109 122.915 123.84 122.56 119.898 117.451 116.988 116.304 123.208 123.084 121.004 119.357 116.954 117.159 116.222 122.915 122.501 120.65 118.708 117.045 116.755 116.644 
128.141 125.9 123.561 121.5 122.291 121.304 120.102 129.607 127.839 126.814 120.556 122.213 121.02 119.956 132.706 130.846 128.006 123.713 124.065 120.435 119.931 135.055 133.684 130.232 126.818 125.311 121.185 121.05 134.744 132.871 131.632 128.044 125.633 123.107 122.37 133.629 132.905 131.322 129.465 126.172 124.915 123.3 133.149 132.61 131.395 129.476 126.056 124.952 124.198 
130.558 128.958 126.977 126.14 126.845 125.449 124.922 132.026 130.831 130.807 124.779 126.412 125.039 124.953 134.597 133.418 131.393 127.298 127.254 124.613 124.975 136.938 136.589 133.128 128.983 128.041 124.831 125.337 136.598 135.04 134.22 129.682 128.892 127.423 126.431 134.66 134.097 132.797 131.82 128.719 128.326 127.347 134.421 133.619 133.277 131.709 129.016 128.024 127.804 
136.188 133.845 133.744 133.965 131.93 130.884 129.936 134.935 133.813 135.834 134.018 133.682 131.898 129.617 137.168 135.531 134.705 132.929 132.991 130.749 129.293 137.527 137.893 135.358 131.955 131.986 131.652 131.801 138.542 137.802 136.202 132.255 132.898 133.243 130.851 134.646 135.908 134.531 132.508 131.079 132.684 131.547 132.663 133.103 133.519 132.936 132.202 131.276 131.138 
138.006 136.283 136.655 137.227 134.136 133.55 133.008 136.707 135.685 137.454 137.79 135.943 134.536 132.265 138.088 136.16 135.977 135.117 134.335 133.16 131.355 137.306 137.583 135.895 133.258 133.109 133.927 133.528 138.433 138.432 136.874 133.545 134.227 134.99 132.107 135.1 136.712 135.419 132.944 132.085 133.872 132.506 133.361 133.597 133.934 133.168 133.259 132.47 132.274 
139.078 137.565 137.9 138.131 135.205 134.467 133.63 137.488 136.715 138.691 138.777 136.87 135.401 133.069 139.041 137.478 137.357 136.376 135.522 134.515 132.958 138.678 138.885 137.424 134.749 134.543 135.521 135.384 139.58 139.582 138.001 134.841 135.755 136.505 134.15 136.428 137.925 136.668 134.437 133.728 135.375 134.346 134.591 135.248 135.552 134.96 135.235 134.392 133.999 
142.708 142.265 141.766 140.942 139.894 138.967 138.085 142.987 142.293 141.807 140.822 139.907 138.886 138.169 143.38 142.551 141.812 140.657 139.86 139.043 138.621 143.45 142.743 142.154 140.948 140.067 139.595 139.11 143.325 142.844 142.286 141.365 140.553 139.868 139.206 143.397 142.946 142.069 141.158 140.258 139.705 139.053 143.134 142.976 141.944 141.109 140.188 139.847 139.556 
145.769 145.363 144.677 143.117 142.599 142.45 141.952 146.536 145.731 144.112 142.14 142.435 142.383 142.27 147.156 146.807 145.606 143.311 142.047 141.731 141.995 149.08 146.529 145.359 145.469 143.682 142.823 141.569 149.447 147.908 146.987 147.435 145.793 143.443 141.853 149.436 148.557 147.707 147.776 144.763 142.93 141.935 148.635 148.499 147.589 146.938 145.372 144.325 143.352 
147.097 146.597 145.811 144.49 144.282 144.687 144.318 147.982 146.926 145.135 143.171 143.981 144.435 144.697 148.887 148.834 147.651 144.98 143.968 143.53 144.115 152.266 148.867 147.713 148.248 145.647 144.345 142.826 152.875 150.893 149.693 150.412 148.199 145.326 143.666 152.873 151.951 150.902 151.033 147.023 145.319 144.051 152.271 151.883 150.923 150.407 148.249 147.295 146.211 
140.199 139.785 139.352 137.792 137.567 138.055 138.246 153.087 152.135 150.752 148.913 149.362 150.507 150.726 153.687 153.339 152.042 150.278 149.937 150.073 150.127 156.614 153.558 152.554 153.144 151.824 150.851 149.479 157.161 155.486 154.472 155.084 152.936 151.26 150.199 157.047 156.472 156.07 156.405 152.615 151.151 150.825 157.12 156.528 156.473 156.268 154.011 153.015 152.42 
13.1508 12.6085 12.4816 12.219 11.8398 11.5233 11.7912 178.136 177.821 178.143 178.175 177.838 178.848 178.485 180.709 179.158 177.949 178.528 178.429 179.712 179.574 183.352 182.36 181.55 183.352 182.979 182.676 181.745 181.101 180.587 181.136 182.339 183.16 181.169 180.007 180.839 180.32 179.159 179.906 181.868 179.691 179.783 181.097 179.75 177.764 178.857 179.066 178.878 179.312 
