3561272
17.7818 17.2338 17.1413 17.5675 17.6018 17.7164 17.4412 17.7157 17.3089 17.021 17.1019 17.2957 17.3617 17.0938 17.5893 17.3983 17.3587 17.3202 17.2187 17.1155 16.3926 17.4899 17.346 17.5036 17.5674 17.3338 17.0798 16.7887 17.3353 17.1716 17.0412 17.0598 16.8632 16.6551 16.4932 16.8276 16.9664 16.9569 16.8082 16.6689 16.4663 16.5704 17.1496 17.0416 16.933 16.8791 16.7743 16.6764 16.8514 
36.0757 35.2033 33.8384 35.2766 35.1418 35.5658 35.638 36.0302 35.4223 34.4403 34.719 34.3073 35.2417 35.4304 36.0708 35.6611 35.4092 35.4645 34.9638 35.2857 35.2069 36.3091 36.1126 35.8749 36.4597 36.5607 35.8064 35.5378 36.4095 36.3059 36.1241 36.3114 35.9723 36.2236 35.6619 35.937 36.0439 35.7981 35.6317 35.4182 36.3529 36.0886 36.5412 36.1605 36.2249 35.9979 36.6296 36.4597 37.5319 
52.2042 52.3083 52.323 52.5725 52.623 52.9461 53.2644 51.889 51.9613 51.909 51.8889 52.2261 52.6067 52.9011 51.5957 51.7876 51.8609 51.9603 52.0228 52.4687 52.4688 51.5198 51.7343 51.9771 52.1066 52.2744 52.5052 52.8043 51.3758 51.5471 51.5868 51.649 51.7306 52.1778 52.4105 50.8603 51.2935 51.3377 51.3051 51.4941 51.8197 52.2597 50.9419 51.2752 51.3574 51.5103 51.7313 52.0391 52.4747 
70.2979 70.2854 70.0789 69.879 69.6427 69.3246 69.1701 69.6927 69.4612 69.3507 69.0906 68.8379 68.7607 68.6059 69.0045 68.6533 68.5535 68.3856 68.2665 68.1995 68.4015 68.4352 67.9846 67.7795 67.7149 67.7912 67.7422 67.7225 67.9306 67.4619 67.3066 67.1968 67.119 67.2655 67.1998 67.4928 67.1101 66.8158 66.6641 66.6459 66.7202 66.7863 67.0236 66.7835 66.5274 66.4289 66.5804 66.5241 66.5113 
83.2254 83.2762 83.2153 83.0431 82.8024 82.6811 82.6146 82.3892 82.1149 82.2808 82.2069 81.8363 81.9121 81.8381 81.6107 81.2667 81.2005 81.2188 80.8508 81.002 81.2267 80.6348 80.1718 79.904 79.8281 79.9955 79.9977 80.2351 79.8143 79.2395 79.0984 79.0411 79.0659 79.1458 79.234 79.1905 78.5879 78.2814 78.1555 78.146 78.2313 78.4001 78.6053 78.1158 77.8361 77.8051 77.8136 77.6931 77.8075 
95.8145 96.0987 96.1852 96.096 96.0018 96.1746 96.1078 94.8682 94.7635 95.1652 95.2421 95.1838 95.2097 95.1532 93.8323 93.8262 93.9339 94.0825 93.9943 94.272 94.2195 92.8173 92.5235 92.4968 92.4638 92.9135 92.9968 93.0807 91.8573 91.5461 91.376 91.526 91.6074 91.7027 91.9193 91.1422 90.8511 90.5778 90.5111 90.6487 90.6574 90.9437 90.3765 90.0155 89.9258 90.0739 90.1021 89.9475 90.0389 
102.484 102.604 102.799 102.775 101.315 101.319 101.151 101.91 101.625 101.909 101.959 101.774 100.389 100.231 100.951 100.822 100.63 100.793 100.574 100.779 99.3811 99.9563 99.6037 99.5592 99.3793 99.36 99.4321 99.5533 97.7675 97.5091 97.1997 97.0758 96.8792 96.7112 97.0009 96.7377 96.5296 96.1938 95.8787 95.8556 95.655 95.7597 95.9239 95.5132 95.3833 95.3055 95.1442 94.7156 94.6652 
109.436 111.391 113.164 113.851 114.255 114.714 112.506 110.752 111.637 114.459 115.593 114.064 111.847 109.517 111.341 112.897 114.188 114.656 111.914 108.966 106.476 111.349 113.17 113.585 113.112 108.741 106.55 105.09 112.123 113.317 112.577 109.626 106.283 104.39 104.201 113.106 113.165 111.954 106.86 104.368 102.885 103.284 112.729 111.547 108.757 105.179 103.828 102.095 102.665 
40.7371 39.8724 38.4989 39.6433 39.4918 39.8223 39.6357 40.7732 40.246 39.2513 39.4283 38.8664 39.6308 39.5985 40.9953 40.5186 40.1624 40.1951 39.7197 39.8241 39.6491 41.2055 40.9832 40.5983 41.2049 41.2721 40.5425 39.9715 41.463 41.2748 41.152 41.2696 41.0031 41.0741 40.3421 41.2451 41.2175 41.0362 40.8359 40.5671 41.3727 40.8289 41.8384 41.4493 41.5656 41.1748 41.6144 41.3769 42.1466 
52.6566 52.1415 50.7708 52.3099 52.197 52.8476 53.19 52.9093 52.6507 51.7849 52.0784 51.6942 52.898 53.2961 53.3491 53.148 53.0732 53.2453 52.7104 53.3075 53.3309 53.822 53.9763 53.9274 54.6469 54.8869 54.1743 54.0947 54.2139 54.4978 54.6307 54.7876 54.5076 55.0032 54.5039 54.1116 54.533 54.4252 54.2786 53.9863 55.2001 55.0387 54.8364 54.8019 55.1228 54.9058 55.5854 55.4557 56.7928 
63.1252 62.5949 61.4342 62.392 62.1709 62.5453 62.6437 63.2281 62.8315 62.1635 62.2593 61.8884 62.5604 62.7658 63.4079 63.1412 62.9485 63.0198 62.6293 62.893 62.8639 63.8441 63.7586 63.5249 64.0105 64.1643 63.6239 63.4638 64.1183 64.2287 64.1958 64.2548 64.0499 64.3969 64.0001 64.1038 64.2599 64.1077 63.9768 63.8516 64.7105 64.4648 64.5567 64.4497 64.6723 64.4713 64.9217 64.8391 65.6394 
72.0352 72.0708 71.942 71.7735 71.6761 71.7313 71.8219 71.8127 71.7982 71.7573 71.557 71.4234 71.7234 71.7789 71.4431 71.4467 71.3931 71.3493 71.3874 71.5938 71.7974 71.2472 71.2325 71.1574 71.1899 71.3348 71.4578 71.6467 71.018 70.9925 71.0714 71.0142 71.0446 71.3624 71.413 70.8722 70.9234 70.8283 70.7685 70.9434 71.1465 71.3027 70.7367 70.8944 70.8913 70.8361 71.0721 71.3086 71.3294 
96.9931 96.6697 97.3088 96.5011 96.2499 95.5848 94.926 96.1107 96.247 97.2002 96.5782 96.5634 95.793 95.0648 95.2058 95.6415 96.9319 96.1615 96.869 95.9649 96.0612 95.4449 95.5135 95.3633 96.4073 96.6011 95.5558 95.6884 95.5606 95.4352 94.3126 94.6122 95.7866 95.5046 94.9462 95.2859 95.4276 94.8131 94.1901 94.6936 94.3287 94.1029 94.9112 93.5604 92.7963 93.3473 94.7455 94.9907 94.9698 
111.859 112.261 112.376 112.6 112.15 111.621 111.952 111.172 111.499 112.124 111.913 111.327 111.964 111.962 110.75 111.186 111.579 111.258 110.214 111.141 110.932 110.203 110.532 110.66 110.19 110.195 110.218 110.316 109.111 109.317 108.909 108.847 109.503 109.163 109.875 108.454 108.42 107.805 108.074 108.993 108.803 109.396 107.502 108.125 108.062 107.936 108.905 109.055 108.872 
123.009 124.361 125.292 125.432 124.497 124.574 123.419 122.953 123.508 125.347 125.611 124.702 122.434 121.216 122.502 123.517 124.225 124.552 123.065 121.587 119.091 122.053 122.776 122.904 122.872 120.687 119.281 118.404 120.052 120.703 120.161 118.703 116.765 115.979 116.023 119.924 120.07 119.403 116.614 115.449 114.703 115.021 118.968 118.479 117.147 115.314 114.656 113.98 114.121 
124.151 126.061 127.78 128.226 126.636 126.77 124.38 125.508 126.356 129.329 130.822 128.067 123.903 121.227 126.426 127.723 128.724 129.175 125.775 122.776 118.216 126.536 128.211 127.971 127.212 122.672 120.174 118.481 125.183 126.118 125.103 121.858 118.17 116.026 115.536 125.885 125.771 124.433 119.129 116.043 114.159 114.436 125.283 124.02 120.832 116.968 115.171 113.274 113.821 
92.1684 92.2282 92.281 91.8529 92.6821 92.4895 91.2592 93.7823 92.8581 91.7791 91.8555 93.1883 93.8721 92.4662 94.8231 93.7283 92.9743 92.407 93.8699 94.4754 92.882 94.5931 93.7718 93.4923 92.9854 94.2587 94.0323 93.422 94.4551 93.7779 93.4444 93.2222 94.9514 93.4641 94.896 95.1712 95.2431 93.721 93.2229 96.1595 94.6406 94.0165 94.9056 95.8429 95.9402 94.7992 96.4002 95.1247 96.465 
70.0398 69.5377 68.4505 69.4978 69.3899 69.8409 70.0039 70.4432 70.1449 69.4359 69.6676 69.2963 69.9651 70.2118 71.1056 70.6716 70.5414 70.7403 70.2446 70.3532 70.3585 71.7238 71.4732 71.2647 72.018 72.1202 71.393 71.1249 72.184 72.2103 72.2709 72.3433 72.1989 72.3443 71.8052 72.4183 72.573 72.3752 72.2877 71.9657 72.8536 72.4216 72.9038 72.8508 73.0977 72.8233 73.1425 72.9277 73.8592 
78.0095 77.7587 77.6021 77.5536 77.3175 77.4538 77.7616 78.7281 78.6298 78.3525 78.3027 78.267 77.8726 78.0459 79.7704 79.3772 79.3983 79.3359 78.9777 78.5466 78.2481 80.6441 80.5315 80.1497 80.1428 79.7892 79.2506 78.817 81.5747 81.2929 81.3307 80.8625 80.8796 80.5137 79.9688 82.3347 82.1084 82.0072 81.8409 81.5553 81.3798 80.8021 82.6653 82.6929 82.7185 82.309 82.0979 81.5073 81.398 
94.4594 94.1344 94.5316 93.8232 93.441 92.6203 91.9998 94.2867 94.3844 95.0184 94.1989 94.0942 93.1411 92.5711 93.9634 94.2649 95.228 94.3895 94.9928 93.8152 93.6565 94.6406 94.6867 94.3498 95.075 95.0784 94.1512 94.1375 95.1731 95.2807 93.9916 93.9229 95.1998 94.9086 94.2395 95.5268 95.7863 94.8919 94.3561 94.9025 94.4554 94.0435 95.6383 94.4816 93.4719 94.0084 95.115 95.2497 95.1648 
118.032 117.356 117.888 116.661 116.015 113.901 114.368 117.137 117.591 118.576 116.827 116.023 115.048 114.609 116.283 117.236 118.909 117.114 117.058 115.384 115.531 116.855 117.103 116.844 117.956 117.649 115.826 115.672 117.575 117.36 115.591 115.57 117.38 116.292 114.935 117.82 118.02 116.687 115.718 116.031 115.179 114.06 118.01 116.214 114.761 114.881 116.099 115.842 115.844 
127.22 127.036 127.571 126.525 126.056 124.343 123.879 126.305 126.837 127.793 126.56 125.988 125.065 124.456 125.522 126.272 127.537 126.292 126.152 125.131 125.325 125.593 125.953 125.826 126.329 126.153 124.985 124.804 125.603 125.808 124.487 124.329 125.555 125.072 124.586 125.331 125.43 124.651 123.816 124.484 124.025 123.827 124.862 123.755 122.751 123.069 124.792 124.989 124.674 
142.507 143.031 143.084 143.15 142.011 140.258 140.348 141.946 142.354 143.013 143.068 141.049 140.843 140.505 141.815 142.07 142.201 141.604 139.661 140.173 139.637 141.093 141.464 141.256 140.339 139.669 139.32 138.776 139.634 139.773 138.898 138.203 138.57 138.176 138.583 138.737 138.36 137.567 137.545 138.176 137.671 137.873 137.462 138.239 137.858 137.173 138.067 138.008 137.309 
157.169 157.966 158.996 159.145 157.718 156.681 156.62 159.362 158.19 159.286 160.373 158.293 157.162 156.945 159.712 158.882 160.821 160.672 159.773 157.701 156.292 156.878 157.104 158.73 158.908 157.636 154.993 154.013 152.932 152.819 154.959 154.115 152.874 152.717 152.573 152.889 153.132 155.05 154.15 152.496 151.951 152.397 156.193 156.34 156.541 155.708 153.402 153.478 154.592 
98.1548 98.2559 98.3421 97.9284 98.8296 98.7716 97.6238 99.6618 98.7239 97.7922 97.8385 99.2453 99.8796 98.7131 100.53 99.5416 98.8458 98.2588 99.7768 100.408 98.9939 100.207 99.3463 99.1088 98.7007 100 99.9197 99.5031 100.026 99.277 98.8661 98.8363 100.604 99.2688 100.703 100.493 100.532 99.1579 98.694 101.72 100.476 99.817 100.262 101.144 101.226 100.183 101.762 100.823 102.033 
96.6814 96.5449 96.4387 95.9245 96.4921 96.273 95.1915 98.2294 97.3587 96.2458 96.1212 97.187 97.573 96.281 99.4556 98.3168 97.6584 96.7377 97.8402 98.1809 96.5487 99.4989 98.6056 98.0797 97.431 98.4096 97.8713 97.0647 99.4996 98.6615 98.2493 97.8205 99.4293 97.8306 98.7469 100.326 100.2 98.7222 98.0904 100.639 99.0769 98.1422 100.148 100.882 100.929 99.5811 100.92 99.4688 100.564 
90.9449 91.3996 90.7218 90.8148 90.499 90.3656 90.6088 92.0881 92.356 91.6925 91.036 91.1865 90.612 91.0085 93.3805 93.2386 92.9236 92.1933 91.8207 91.2229 90.8779 94.2086 94.1368 93.2869 92.712 92.4844 92.0734 91.5968 95.0656 94.9973 94.3403 93.5579 93.9882 94.1104 93.2071 96.2317 96.2047 95.2089 95.4517 95.1844 95.1837 94.4859 96.8249 97.0927 96.3352 96.326 95.7866 95.3025 95.4548 
108.781 108.032 106.737 106.204 105.17 103.31 105.779 109.342 109.439 108.282 106.249 104.948 104.212 105.359 110.141 109.986 109.973 107.914 106.109 104.672 104.378 110.852 110.086 109.16 108.713 107.678 106.068 105.081 111.772 110.673 109.971 108.892 109.026 107.915 105.801 113.289 113.049 111.417 111.09 109.546 108.904 106.998 114.622 114.313 113.046 111.987 110.211 108.323 108.589 
120.944 120.226 120.297 119.002 118.268 115.781 116.263 120.238 120.537 121.181 119.274 118.398 116.713 116.612 119.331 120.173 121.791 119.893 119.815 117.749 117.807 120.153 120.069 119.685 120.71 120.343 118.481 118.296 120.95 120.649 118.859 118.676 120.277 119.445 117.817 121.674 121.895 120.457 119.429 119.411 118.561 117.224 122.317 120.303 118.468 118.839 119.57 119.133 119.232 
134.427 134.001 133.077 132.701 131.954 129.203 131.704 134.018 134.524 134.191 132.225 130.788 130.373 131.245 133.828 134.402 134.793 132.971 130.908 129.913 130.058 133.683 133.423 133.428 133.059 132.225 130.76 130.182 133.621 133.066 132.746 132.193 132.475 131.438 130.207 134.406 134.215 133.029 132.753 131.992 131.555 130.404 135.038 135.006 134.152 133.064 132.193 131.122 131.197 
163.458 163.587 163.891 163.901 162.599 161.27 161.725 165.235 163.909 163.798 163.791 163.03 162.302 162.692 165.203 164.207 165.519 164.815 164.838 163.545 163.048 162.461 162.482 164.098 164.02 163.871 161.961 161.324 158.519 158.478 160.744 160.444 160.093 160.59 160.385 158.415 158.628 160.714 161.155 160.267 160.438 160.662 161.549 161.934 162.81 162.874 161.373 161.939 162.748 
171.222 171.324 171.966 172.231 170.719 169.68 170.173 173.304 171.656 171.992 173.008 171.353 171.051 171.388 173.285 171.987 173.739 173.43 173.438 172.347 171.454 169.927 169.927 171.848 172.193 172.292 170.363 169.725 165.814 165.455 168.122 168.129 168.042 168.535 168.338 165.675 165.96 168.508 169.127 168.092 168.194 168.535 169.481 170.009 171.415 171.612 169.276 170.072 171.383 
103.861 103.903 103.952 103.554 104.352 104.368 103.194 105.196 104.417 103.585 103.601 104.777 105.455 104.179 106.071 105.208 104.615 104.058 105.389 105.893 104.49 105.699 105.037 104.864 104.37 105.497 105.342 105.012 105.367 104.87 104.517 104.447 106.031 104.908 106.319 105.903 106.093 104.825 104.36 107.248 106.026 105.421 105.646 106.459 106.647 105.734 107.34 106.385 107.332 
106.942 108.149 108.29 108.311 108.644 109.283 109.642 107.26 108.751 108.905 108.917 109.181 109.464 109.883 107.711 108.915 109.242 109.388 109.593 109.861 110.453 107.538 108.741 109.263 109.67 109.828 110.258 111.085 107.819 109.228 109.4 109.899 110.085 110.71 110.872 108.322 109.762 109.911 110.164 110.472 111.19 110.998 108.333 109.917 109.868 110.215 110.631 111.477 111.354 
101.068 101.253 101.349 101.673 101.612 102.166 102.794 102.053 102.331 102.205 102.538 103.138 102.786 103.161 103.182 103.48 103.775 103.854 103.652 103.441 103.311 104.404 104.595 104.631 104.682 104.578 104.126 103.678 105.338 105.252 105.715 105.803 106.089 106.158 105.259 105.886 106.306 106.651 106.613 106.788 107.062 106.238 106.273 106.939 107.198 106.895 107.305 107.036 107.059 
112.121 113.229 112.88 113.532 113.598 113.698 113.998 114.38 114.71 114.351 113.852 114.39 114.679 115.361 114.84 115.658 115.314 114.691 114.86 115.265 115.298 115.413 115.661 115.572 114.729 115.222 115.892 116.203 116.117 116.515 115.96 115.839 116.596 117.873 117.492 116.837 117.739 117.105 117.752 118.213 118.734 118.761 117.995 118.711 117.886 118.739 118.574 118.94 119.266 
133.059 131.276 130.777 130.816 130.807 129.912 133.109 133.642 132.434 132.122 130.883 130.531 130.899 132.79 133.433 132.693 133.173 132.105 131.511 131.265 131.829 133.987 132.114 132.562 132.867 132.627 132.4 132.53 134.36 132.272 132.734 132.907 133.358 133.103 132.301 135.242 134.487 134.257 134.229 133.513 133.71 132.765 136.692 135.566 135.063 134.659 133.602 133.124 134.055 
162.788 162.326 161.783 161.856 162.032 161.135 161.01 163.62 163.026 162.627 162.249 162.098 161.307 161.126 163.216 163.133 162.819 162.581 162.294 161.421 161.233 163.323 163.168 163.068 162.48 162.456 161.896 161.391 162.745 162.721 162.801 162.562 162.384 162.353 161.669 162.83 162.749 162.654 162.742 162.414 162.42 162.298 163.667 163.059 162.421 162.429 162.495 162.298 162.338 
180.489 180.153 179.837 180.262 180.236 179.873 179.453 180.657 180.445 179.988 180.326 180.499 180.455 180.046 180.897 181.127 180.431 180.497 180.709 180.593 180.367 180.963 181.387 181.033 180.638 180.78 180.929 180.59 180.7 181.505 180.779 180.437 180.673 180.839 180.952 181.179 181.462 181.092 181.012 180.813 180.87 181.28 181.428 181.437 181.307 180.99 181.308 181.114 181.673 
181.869 182.176 182.878 182.503 181.565 181.123 181.822 183.984 182.704 182.268 182.819 182.431 182.467 183.108 183.708 182.769 184.222 184.632 184.725 184.242 183.272 181.011 181.307 183.35 183.567 183.63 182.307 181.122 178.021 177.928 180.284 180.169 180.085 181.003 180.498 178.215 178.471 180.957 181.317 180.547 181.531 181.414 182.022 182.341 183.643 183.563 182.601 183.435 184.109 
118.261 119.229 119.346 119.448 119.701 120.154 120.616 118.649 119.669 119.869 119.811 120.009 120.205 120.584 118.937 119.786 119.912 120.256 120.337 120.5 121.02 118.542 119.694 120.086 120.331 120.376 120.658 121.611 118.8 119.976 120.223 120.588 120.526 121.012 121.601 119.011 120.188 120.382 120.591 120.863 121.414 121.715 119.149 120.235 120.273 120.718 121.145 121.632 121.642 
120.264 121.662 122.099 122.522 122.838 123.227 123.753 120.496 122.275 122.524 123.225 123.507 124.074 124.735 120.91 122.489 122.64 123.152 123.705 124.233 124.951 120.762 122.497 122.989 123.663 124.497 124.7 125.158 120.897 122.371 122.541 124.403 124.765 125.305 125.153 120.92 122.951 123.261 123.607 124.765 125.194 125.152 120.883 122.793 123.687 123.819 124.822 125.252 125.457 
124.526 126.178 126.694 127.489 128.203 129.602 131.152 126.765 128.767 129.011 130.142 130.869 131.765 133.136 127.021 129.256 129.849 130.451 131.202 132.664 133.878 127.29 129.492 130.363 131.142 131.719 132.923 134.678 127.782 129.814 130.371 131.873 132.415 133.616 134.728 128.102 130.34 130.98 131.449 132.582 134.292 135.001 128.576 130.624 130.982 131.428 132.597 134.605 135.374 
135.84 135.342 136.592 137.958 139.162 142.267 145.116 140.334 140.202 141.047 142.499 144.23 147.07 149.843 140.745 140.945 141.726 142.906 145.063 147.866 149.873 141.041 141.591 142.961 144.29 145.718 148.219 150.32 141.796 141.634 143.479 144.713 146.706 148.897 150.967 141.785 142.162 143.769 144.977 147.255 149.92 151.742 142.25 142.871 144.376 145.488 147.817 150.342 151.366 
159.505 158.314 158.896 160.396 161.776 163.41 164.296 163.1 161.487 162.068 163.249 164.337 165.516 166.763 162.488 161.687 162.719 163.698 164.833 165.942 166.743 162.852 161.63 163.127 163.854 164.666 165.939 167.033 163.283 161.718 163.046 164.243 165.255 166.323 167.201 163.089 162.172 163.592 164.555 165.606 166.644 167.63 164.162 162.598 163.016 164.225 165.39 166.751 167.377 
198.663 196.764 197.08 198.415 199.387 199.085 198.992 198.481 197.51 197.441 197.978 198.497 198.353 199.132 197.77 197.995 197.504 196.715 197.204 198.307 199.409 196.854 196.618 196.292 196.117 195.857 198.134 199.204 196.49 195.679 195.75 193.741 195.335 196.504 197.747 193.319 194.857 193.69 193.508 193.651 194.851 194.874 188.799 188.469 187.802 186.818 187.58 189.166 190.917 
200.989 201.641 201.711 200.446 200.93 201.246 201.8 201.3 201.645 200.642 201.523 201.96 201.667 202.179 200.858 201.439 201.103 202.943 202.711 203.169 202.358 201.054 201.339 201.568 201.819 201.604 202.13 200.963 201.939 202.041 201.584 201.634 201.877 202.256 201.881 202.428 202.138 202.008 201.98 202.118 202.939 202.754 203.59 202.551 202.18 201.787 203.639 203.488 202.747 
203.954 204.799 205.017 203.928 203.597 204.501 204.995 204.695 205.015 203.824 205.432 205.91 206.136 206.631 204.305 205.086 204.413 206.662 206.893 207.374 206.461 204.212 205.03 205.468 205.911 205.959 206.535 205.023 205.577 206.463 206.254 205.739 206.053 206.408 205.993 206.559 206.441 206.701 206.096 206.365 207.357 206.743 207.652 206.907 206.941 206.574 208.102 207.989 207.124 
129.118 130.319 130.334 130.662 132.358 132.415 133.69 130.152 130.685 130.17 130.568 130.698 131.921 132.619 129.844 129.671 128.595 129.333 129.995 129.842 130.784 130.037 130.167 128.944 129.037 130.756 131.203 130.11 129.828 129.669 129.396 129.123 132.116 132.517 130.26 131.801 131.279 130.463 130.634 132.115 133.919 134.208 132.534 131.828 131.779 132.971 133.744 134.527 134.318 
132.058 133.056 133.447 133.728 133.981 134.387 134.919 132.161 133.374 133.619 134.151 134.278 134.576 135.267 132.399 133.518 133.458 133.859 134.093 134.723 135.475 132.338 133.606 133.695 134.332 134.641 135.119 135.631 132.459 133.526 133.411 134.895 135.13 135.281 135.24 132.401 133.879 133.96 134.166 135.033 135.232 135.127 132.597 133.823 134.445 134.386 135.099 135.413 135.511 
143.139 143.395 143.382 143.415 143.69 144.222 144.71 143.41 143.531 143.51 144.05 144.28 144.471 145.019 143.555 143.461 143.217 143.844 144.296 144.621 144.597 143.39 143.727 143.661 144.215 144.597 144.742 144.599 143.803 143.812 143.689 144.652 144.875 144.967 144.68 143.709 144.123 144.397 144.101 144.961 145.167 145.136 143.972 144.517 144.985 144.311 144.911 145.348 145.551 
154.225 153.222 155.551 155.569 154.704 156.218 157.273 154.785 155.13 155.398 155.732 154.83 155.771 156.825 155.418 156.165 156.35 155.759 155.072 156.27 157.081 156.552 156.934 157.278 156.984 155.817 154.809 155.499 156.59 155.556 154.17 155.767 155.458 155.063 156.624 157.356 155.091 154.214 155.865 155.907 155.373 156.329 158.365 156.474 156.45 155.074 154.507 154.423 154.752 
179.026 178.568 178.551 178.771 179.597 180.206 180.405 179.069 177.672 178.318 179.034 180.143 181.112 179.728 179.754 178.081 179.533 179.189 179.276 181.186 178.53 178.276 178.959 179.839 180.443 180.202 181.22 180.627 175.725 177.351 180.777 179.379 180.368 180.356 179.437 175.117 176.124 176.927 177.207 179.077 180.138 179.351 173.057 172.293 172.752 172.907 173.556 175.436 175.787 
202.052 200.046 200.033 200.883 202.245 202.578 203.019 199.44 200.744 201.557 201.638 201.715 203.528 204.06 201.353 204.862 203.824 202.192 203.878 204.003 203.654 204.644 205.946 201.648 202.499 204.487 206.151 201.639 205.143 204.662 200.197 202.643 203.9 204.63 202.02 203.255 203.674 202.854 201.766 201.76 201.217 201.46 200.494 200.651 201.813 199.118 196.678 197.262 198.794 
223.994 225.995 226.521 226.881 225.637 226.4 226.139 225.93 225.559 226.28 226.123 225.296 225.31 225.492 226.276 228.073 228.043 226.678 225.56 225.233 224.095 224.909 226.908 228.266 226.505 225.501 226.326 224.675 225.062 227.381 227.67 224.007 223.02 226.378 224.762 225.025 227.14 226.867 225.794 224.166 224.882 225.719 223.184 224.267 224.018 224.111 222.518 223.453 222.703 
236.43 236.621 237.256 236.718 236.718 237.029 237.401 236.212 237.028 236.325 237.327 237.501 237.466 237.464 237.034 237.279 236.895 237.943 237.33 237.774 237.328 237.049 237.429 237.637 237.806 237.206 237.369 237.125 237.562 237.505 237.698 237.481 237.698 237.406 237.364 238.262 237.778 237.812 237.641 238.495 237.795 237.379 237.916 238.161 237.796 238.01 238.62 237.905 237.223 
132.441 133.463 133.237 133.332 135.132 135.378 136.606 133.342 133.478 132.824 132.975 133.14 134.543 135.172 132.783 132.398 131.391 131.875 132.331 132.363 133.351 133.294 133.183 131.856 131.821 133.162 133.757 132.669 133.102 132.757 132.63 131.856 134.734 135.016 132.802 135.147 134.208 133.503 133.621 134.722 136.55 136.89 136.119 135.019 134.661 135.764 136.448 137.338 137.065 
137.061 138.04 137.797 137.557 138.861 138.913 139.705 138.052 138.116 137.544 137.584 137.446 138.319 138.741 137.747 137.307 136.39 136.869 137.143 136.767 137.084 137.873 137.789 136.651 136.736 137.885 137.929 136.627 137.632 137.318 137.098 136.66 138.85 138.895 136.865 139.273 138.628 138.126 137.992 138.838 140.18 140.225 140.151 139.402 139.344 139.732 140.124 140.89 140.508 
151.776 150.875 152.598 152.106 151.226 152.295 152.864 152.434 152.393 152.33 152.164 151.08 151.641 152.307 152.905 153.217 153.145 152.436 151.463 152.061 152.413 153.867 154.004 154.009 153.489 152.242 151.085 151.204 153.779 152.71 151.373 152.577 151.858 151.158 152.278 154.437 152.311 151.596 152.848 152.286 151.396 151.84 155.505 153.609 153.54 151.983 151.017 150.661 150.619 
159.152 158.701 160.359 159.574 158.773 159.838 160.398 159.976 159.659 159.767 159.611 158.989 159.801 159.588 160.913 160.533 160.922 160.161 159.233 160.348 159.048 161.021 161.775 162.038 161.5 160.32 159.047 158.619 159.887 159.974 159.949 160.678 160.004 158.975 159.133 160.677 159.069 158.652 160.195 160.271 159.313 159.215 162.383 160.31 160.423 159.194 158.057 157.933 157.636 
179.702 177.581 178.44 178.743 179.294 180.635 181.474 177.618 178.628 179.494 179.589 179.358 182.044 182.425 180.272 183.228 182.553 180.826 182.112 182.776 181.81 184.047 185.404 181.378 181.998 183.678 184.469 179.592 183.819 183.546 178.962 182.435 183.067 183.414 180.769 183.359 182.515 181.73 181.624 181.653 180.658 181.141 183.702 182.806 184.136 181.382 178.43 178.661 179.898 
193.768 192.596 192.375 192.82 193.702 194.817 195.155 192.155 192.766 193.994 194.057 194.341 196.973 196.544 194.856 197.654 197.4 195.534 196.861 197.419 195.141 197.654 199.63 195.99 196.557 198.394 200.021 194.244 196.943 198.271 195.165 196.879 197.433 198.856 194.882 196.082 197.255 196.943 195.706 195.719 195.703 195.899 194.946 195.292 196.77 194.515 191.66 192.806 193.887 
213.874 212.81 212.947 213.686 214.539 215.725 216.405 212.549 213.729 214.793 214.823 214.801 217.185 217.651 215.075 218.496 217.85 216.317 217.338 217.568 216.768 218.148 219.922 216.36 216.642 218.234 220.023 214.969 218.833 219.262 215.04 216.962 217.263 219.467 216.023 218.323 218.861 218.279 217.018 216.644 216.462 217.205 218.351 218.889 220.185 218.157 215.438 216.03 217.094 
243.977 246.052 246.845 247.332 245.942 247.44 247.577 245.932 245.829 246.511 246.878 246.012 246.736 246.881 247.22 248.425 248.923 248.089 246.26 246.345 245.134 245.722 248.233 249.708 247.972 246.515 247.24 245.084 246.105 248.841 249.299 245.811 244.084 248 245.468 246.884 248.725 248.717 247.461 246.022 247.006 247.545 247.891 249.343 249.5 249.844 248.238 249.039 248.163 
