2717000
160.547 159.228 157.534 155.92 154.355 151.237 149.131 147.896 160.635 159.632 157.992 156.015 153.835 150.651 149.204 148.099 160.325 159.445 158.172 156.099 154.315 150.939 149.101 147.766 160.368 159.345 157.815 156.243 154.513 150.914 148.73 147.4 160.814 159.592 157.982 156.2 154.395 150.836 148.697 147.512 160.846 159.642 157.7 156.066 153.997 150.633 148.544 147.524 160.565 159.458 157.67 156.166 154.173 150.386 148.618 147.841 160.236 159.25 157.32 155.912 154.091 150.517 148.656 148.023 
155.062 153.927 152.56 151.318 151.076 151.385 150.752 149.403 154.716 154.61 153.962 152.569 150.635 151.718 152.542 152.685 154.65 154.072 154.024 153.399 151.545 151.795 153.032 152.04 154.041 153.978 155.006 153.427 152.405 152.534 152.67 151.886 153.993 153.655 154.244 153.524 154.502 154.386 152.734 152.033 156.098 154.964 155.428 154.506 154.329 154.693 153.793 154.019 157.477 156.236 157.161 156.657 154.877 154.585 155.327 155.496 157.015 156.492 157.609 157.36 156.309 155.37 154.406 154.313 
148.95 149.165 148.076 148.178 147.469 146.938 146.926 147.224 149.197 149.146 148.45 148.405 147.685 147.204 146.694 146.729 148.782 148.728 149.143 149.255 148.64 148.111 147.511 147.688 148.981 149.036 149.219 149.327 149.374 148.742 148.378 147.999 150.336 150.046 149.788 149.622 149.794 149.34 148.594 148.292 150.116 149.793 149.563 149.322 149.551 149.213 148.368 148.169 150.127 150.197 149.725 149.309 149.189 148.685 148.68 148.698 150.142 150.366 150.049 149.299 149.017 148.977 148.604 148.677 
147.189 147.283 146.106 146.104 146.096 145.751 145.67 145.274 147.254 147.417 146.673 146.397 145.936 145.322 145.495 145.153 147.252 146.827 146.873 146.931 146.148 145.602 145.252 145.638 146.851 146.841 147.448 147.575 147.063 146.132 146.182 145.891 147.55 147.945 147.925 147.769 147.392 146.608 146.401 145.886 147.35 147.279 147.074 147.076 147.412 146.693 145.874 145.788 147.308 146.954 146.752 146.989 146.813 146.491 146.011 146.245 147.317 147.062 147.256 147.189 146.179 146.285 146.405 146.451 
154.05 151.044 148.47 145.934 142.863 138.433 133.698 130.738 152.328 151.974 149.281 145.928 141.979 136.993 132.016 128.381 153.076 151.304 148.151 145.296 141.765 134.955 131.53 129.816 153.502 151.34 148.356 144.562 142.577 137.485 132.971 131.274 154.619 153.002 147.761 144.457 143.325 139.128 134.821 129.988 152.841 152.157 148.92 143.468 141.71 136.602 134.257 130.917 150.922 148.514 146.301 144.12 141.159 137.356 133.884 131.393 151.828 149.154 147.669 143.691 140.501 135.158 132.265 129.557 
168.243 162.034 147.658 137.473 129.125 111.021 92.9913 84.0172 170.283 159.632 148.312 138.827 128.444 113.755 98.4409 81.7816 170.813 160.996 149.54 140.143 131.195 111.861 101.215 86.4775 170.708 160.648 152.677 140.628 134.543 116.283 99.3995 89.535 170.893 162.685 152.656 142.882 131.168 118.33 103.714 88.9407 171.457 161.37 151.987 141.498 135.869 114.24 105.636 92.9241 171.329 163.814 151.695 142.273 134.124 119.693 101.539 94.0494 172.182 164.246 155.915 142.15 133.626 117.361 104.438 92.4103 
136.221 133.925 130.47 128.093 125.456 118.741 114.394 112.12 136.776 133.664 130.133 127.109 126.053 121.16 116.822 111.502 137.94 134.773 131.952 128.192 127.889 120.835 116.435 111.335 138.6 136.077 133.79 130.167 129.242 120.445 115.126 111.809 138.207 137.3 135.506 131.867 127.741 121.186 115.987 112.122 138.745 136.897 134.792 131.336 127.683 121.681 116.926 114.063 138.791 136.228 133.938 130.742 128.789 123.977 117.932 114.366 137.879 136.928 135.03 130.459 128.952 122.56 118.987 113.839 
124.194 123.447 123.43 123.302 122.481 122.292 121.942 121.387 124.356 123.725 123.044 122.238 123.154 123.878 123.39 121.334 125.231 124.407 124.141 122.981 124.44 123.956 122.068 120.127 125.869 125.762 125.492 124.938 125.29 122.758 121.171 119.832 125.622 126.812 127.287 126.253 124.646 123.413 121.651 120.809 125.91 126.583 126.609 126.042 124.017 125.171 122.215 122.169 125.936 124.961 125.604 125.215 125.572 126.305 123.926 122.151 124.997 125.904 126.029 125.339 125.847 125.479 124.823 122.296 
120.687 120.376 120.496 121.3 120.401 119.75 119.413 119.552 120.958 120.454 120.235 119.969 120.755 121.457 121.111 119.857 121.992 121.095 121.683 120.788 121.701 121.628 120.078 118.845 122.213 122.194 122.605 122.713 121.863 120.117 118.944 118.134 122.326 123.563 124.066 123.993 121.705 120.586 119.052 118.972 122.343 123.368 124.207 123.756 121.692 122.755 120.027 120.216 122.603 121.836 122.569 122.154 122.759 123.805 121.845 120.332 121.752 122.364 123.537 122.795 123.479 123.297 122.988 120.744 
114.979 114.901 114.427 114.506 114.344 114.491 114.687 114.916 115.271 115.177 115.048 114.955 114.806 114.952 115.176 115.508 115.869 115.967 115.969 116.038 115.807 115.808 115.918 115.745 116.396 116.826 116.835 116.671 116.507 116.51 116.501 116.172 117.474 117.518 117.559 117.453 117.422 117.199 117.203 116.964 118.038 117.926 117.958 118.036 118.108 117.931 117.823 117.733 118.687 118.663 118.239 118.491 118.616 118.222 118.087 117.943 119.015 118.919 118.766 118.81 118.95 118.824 118.444 118.223 
108.243 108.282 108.033 108.362 108.378 108.494 108.755 109.099 109.013 108.927 109.098 109.171 109.243 109.223 109.509 109.782 110 110.127 110.178 110.255 110.078 110.237 110.355 110.548 110.766 111.027 111.247 111.253 111.207 111.314 111.726 111.753 111.925 111.785 112.355 112.534 112.679 112.642 112.834 112.687 113.17 113.215 113.563 113.586 113.804 113.766 113.61 113.338 114.378 114.633 114.718 114.804 114.806 114.822 114.631 114.23 114.981 115.252 115.491 115.63 115.41 115.417 115.446 115.139 
102.345 102.628 103.152 103.68 103.614 103.614 103.951 104.692 103.503 103.809 104.41 104.654 104.458 104.276 104.636 105.393 104.61 105.011 105.319 105.292 105.099 105.208 105.408 106.144 105.989 105.84 106.091 106.394 106.343 106.385 106.967 107.681 106.79 106.533 107.246 107.739 107.796 108.22 108.938 109.201 108.682 108.916 109.716 109.691 109.871 110.081 110.182 110.252 110.418 111.126 111.837 111.908 111.646 111.848 111.649 111.288 111.121 112.234 112.69 113.09 112.951 112.909 113.128 112.975 
160.31 158.973 157.194 155.755 155.798 155.891 154.982 153.503 159.701 159.538 158.606 157.219 154.96 155.998 156.891 156.902 159.569 158.957 158.44 157.747 155.454 155.662 156.879 155.564 158.59 158.335 159.49 157.289 156.006 156.023 156.232 155.574 158.175 157.387 158.055 157.124 157.942 157.71 156.187 155.395 160.224 158.726 158.966 158.19 157.909 157.716 156.77 157.118 161.452 159.852 160.83 160.449 158.575 157.803 158.393 158.729 160.71 159.707 160.811 160.737 159.563 158.45 157.515 157.54 
156.626 155.729 154.581 153.616 153.766 154.408 154.018 152.87 156.259 156.38 156.166 155.195 153.432 154.638 155.946 156.461 156.105 155.877 155.651 155.361 153.974 154.581 156.206 155.416 155.496 155.455 156.619 154.992 154.586 155.114 155.787 155.453 155.268 154.8 155.72 155.179 156.712 157.057 156.094 155.643 157.455 156.341 157.394 156.841 157.004 157.727 157.214 157.58 158.928 157.96 159.327 159.381 158.083 158.354 159.242 159.493 158.551 158.217 159.734 159.973 159.613 159.286 158.587 158.495 
153.186 152.504 152.021 151.424 151.423 152.008 151.885 150.825 152.411 152.52 153.078 152.351 151.024 152.145 153.679 153.799 152.53 152.366 153.028 153.135 153.083 153.049 153.722 153.338 152.781 152.797 153.85 152.412 152.331 152.588 153.689 153.751 151.673 151.715 152.886 152.273 153.094 154.178 153.492 153.283 153.971 152.77 153.857 153.783 153.124 153.713 153.637 154.009 155.606 154.201 155.617 156.454 154.988 154.652 155.506 155.415 155.412 153.971 155.988 156.948 156.657 155.813 155.492 155.182 
150.075 148.111 148.612 148.348 147.076 147.435 146.191 144.862 147.54 149.171 149.163 148.117 146.221 145.222 143.328 142.395 147.959 148.134 147.558 147.161 145.034 143.582 142.101 143.087 148.615 148.537 147.406 146.127 144.765 144.826 143.552 144.075 149.732 149.738 146.442 145.159 145.946 145.899 144.735 142.879 147.757 149.14 147.611 144.131 143.544 144.164 143.788 142.894 145.719 144.542 144.905 144.674 143.619 144.1 144.206 143.232 146.155 144.939 145.35 144.754 143.271 142.131 141.952 141.423 
148.233 146.371 146.817 146.176 144.932 145.528 144.064 142.21 145.974 147.679 147.594 146.007 144.195 143.059 141.186 140.319 146.634 146.731 145.849 144.924 142.923 141.019 139.7 140.582 147.011 146.844 145.517 144.022 142.862 142.475 141.297 141.387 147.981 148.083 144.683 143.437 144.222 143.749 142.342 140.011 145.885 147.348 145.74 142.447 141.885 142.112 141.443 140.206 143.721 142.645 142.888 142.783 141.4 141.882 141.778 140.496 144.376 143.182 143.349 142.578 140.763 139.987 139.641 139.074 
147.909 145.671 144.984 143.723 141.696 139.249 136.982 134.802 145.855 146.799 145.463 143.386 140.865 137.372 134.457 133.114 146.572 146.079 144.435 142.29 140.103 135.342 133.525 133.68 147.164 146.323 144.171 141.544 140.409 137.082 134.963 134.671 148.003 147.236 143.23 141.116 141.443 138.229 135.98 133.257 145.994 146.455 144.366 140.126 138.839 136.205 135.113 133.461 144.003 142.542 141.935 140.556 138.529 136.097 135.412 133.601 144.467 142.852 142.456 140.107 138.07 134.455 133.461 132.049 
133.041 133.29 132.51 131.805 131.417 131.549 130.309 129.043 134.085 134.156 132.233 131.78 131.982 130.799 130.384 128.456 134.121 133.257 131.788 131.115 130.439 130.388 129.637 128.328 133.186 132.979 132.545 131.137 130.479 130.287 129.967 128.632 132.548 132.123 132.19 131.693 130.135 131.191 129.41 128.985 132.395 132.006 131.696 131.394 130.984 130.321 129.495 129.089 132.768 132.824 132.13 131.143 130.853 130.557 130.087 130.064 132.905 132.817 132.241 131.573 130.714 129.927 129.492 129.967 
123.771 123.452 123.635 124.426 123.728 122.708 122.094 121.957 123.92 123.436 123.347 123.104 123.927 124.174 123.355 122.139 125.041 123.931 124.503 123.434 124.42 124.105 122.291 121.097 125.187 124.723 125.108 125.179 124.313 122.403 121.011 120.306 124.733 125.917 126.32 126.074 123.675 122.491 120.835 120.805 124.894 125.64 126.281 125.626 123.291 124.232 121.629 121.975 124.837 124.089 124.769 123.998 124.336 125.408 123.503 122.042 123.576 124.371 125.401 124.465 124.939 124.602 124.49 122.326 
119.302 119.723 119.687 121.185 120.113 118.9 118.432 118.55 119.236 119.082 119.695 120.225 119.237 118.863 118.957 119.13 119.274 118.727 120.229 120.094 118.683 118.758 118.786 118.919 118.522 118.231 119.443 120.246 117.44 117.748 117.617 117.487 118.721 118.997 118.747 120.004 117.507 117.431 117.374 118.025 118.05 118.554 120.003 119.722 118.54 118.258 118.098 118.559 117.764 117.667 117.831 117.532 118.149 118.35 118.199 118.256 117.381 117.038 118.72 118.235 119.057 118.707 119.09 118.859 
115.448 115.967 115.979 117.445 116.586 115.371 115.033 115.268 115.604 115.556 116.221 116.665 115.921 115.558 115.502 115.753 116.017 115.52 116.941 116.743 115.369 115.642 115.669 115.64 115.198 115.155 116.24 116.946 114.429 114.849 114.97 114.775 115.677 115.916 115.758 117.001 114.707 114.524 114.504 115.107 115.203 115.807 117.07 116.773 115.617 115.316 115.222 115.463 115.107 115.055 115.277 114.928 115.352 115.607 115.628 115.485 114.962 114.489 116.177 115.761 116.231 115.931 116.402 116.147 
107.989 108.162 107.95 108.038 108.094 107.967 108.023 108.166 108.279 108.454 108.517 108.543 108.237 108.248 108.214 108.368 108.772 108.949 108.95 108.889 108.575 108.648 108.692 108.552 109.308 109.458 109.269 109.028 108.921 108.831 108.837 108.963 109.808 109.723 109.543 109.44 109.397 109.277 109.19 109.2 110.106 110.024 110.053 109.904 109.803 109.704 109.532 109.432 110.319 110.275 110.222 110.183 110.001 109.98 109.849 109.482 110.598 110.643 110.536 110.347 110.241 110.047 109.977 109.832 
102.222 102.173 102.551 102.423 102.542 102.614 102.551 102.838 102.667 102.734 102.971 102.862 102.897 102.887 102.972 103.235 102.912 103.174 103.247 103.074 103.058 103.12 103.368 103.633 103.377 103.406 103.446 103.393 103.668 103.725 104.083 104.222 103.676 103.476 103.569 103.986 104.486 104.608 104.966 104.751 104.301 104.039 104.152 104.383 104.958 105.279 105.36 105.115 104.609 104.708 104.785 104.963 105.363 105.7 105.606 105.33 104.735 105.222 105.244 105.44 105.779 105.727 105.923 105.931 
168.352 168.255 166.346 165.318 164.879 164.022 163.861 164.931 167.629 168.977 168.555 164.422 162.353 162.692 161.753 161.897 168.1 169.25 168.069 164.889 160.513 161.809 162.166 163.048 167.004 166.532 166.143 165.625 164.072 163.994 164.845 164.032 167.047 165.862 164.283 166.555 164.95 165.395 165.877 164.053 167.589 166.443 164.842 164.567 164.024 164.878 165.637 160.936 166.536 166.628 166.905 165.427 164.686 165.282 165.294 164.05 165.2 163.819 165.646 164.034 163.912 164.425 165.803 165.355 
158.302 157.591 156.898 156.377 156.842 157.611 157.461 156.605 157.377 157.417 158.185 157.545 156.227 157.502 159.259 159.369 157.542 157.188 157.704 158.207 158.048 158.177 159.067 158.376 157.625 157.242 158.522 157.033 157.295 157.69 159.086 159.005 156.288 155.999 157.404 156.711 158.016 159.368 159.102 158.735 158.633 157.318 158.552 158.873 158.232 158.874 159.001 159.398 160.4 159.063 160.859 161.882 160.336 159.886 160.746 160.925 160.433 158.801 160.886 161.961 161.664 161.012 160.955 160.655 
154.073 153.96 154.39 154.852 155.284 154.777 154.923 155.384 153.227 152.409 153.729 154.615 154.207 153.934 154.901 154.49 152.727 152.474 153.824 155.376 156.677 155.804 154.56 154.897 154.31 154.419 154.441 153.849 154.566 153.887 154.671 155.476 153.345 153.782 154.627 153.384 151.986 153.789 154.52 154.919 154.981 153.778 153.759 154.226 152.069 152.584 153.67 153.629 154.82 153.919 153.977 155.517 155.156 154.163 153.854 153.726 154.567 152.629 154.067 155.887 156.382 155.106 155.163 154.784 
152.733 152.626 152.432 151.85 152.379 151.955 150.841 151.543 151.624 151.216 151.685 151.385 151.162 151.811 151.34 150.806 152.107 151.906 150.982 151.533 151.485 152.67 151.201 149.829 152.65 152.673 151.292 150.725 151.275 150.974 150.793 150.421 150.749 151.091 150.079 150.991 150.167 149.964 150.798 151.363 151.631 151.013 149.209 150.531 149.69 149.633 150.725 150.222 151.911 151.469 150.111 150.613 150.628 150.639 151.469 149.894 151.152 149.66 149.447 151.009 150.6 149.809 149.567 151.163 
148.517 146.561 147.302 146.838 145.539 146.115 144.867 143.556 145.981 147.597 147.656 146.504 144.861 144.005 142.129 141.336 146.359 146.67 146.019 145.444 143.592 142.215 141.016 141.939 147.123 147.085 145.821 144.491 143.249 143.233 142.19 142.828 148.13 147.99 144.73 143.566 144.416 144.283 143.216 141.544 146.118 147.313 145.85 142.625 142.155 142.672 142.439 141.499 144.068 142.969 143.378 143.204 142.085 142.506 142.796 141.645 144.646 143.408 143.822 143.33 141.881 140.808 140.714 140.034 
136.719 136.92 136.671 136.037 135.804 136.459 135.828 135.521 137.401 137.621 136.146 135.814 136.435 136.018 136.248 135.529 137.256 136.935 135.718 135.327 135.436 135.592 135.732 135.442 136.857 136.973 136.479 135.637 135.53 135.647 135.859 135.716 136.715 136.117 136.03 136.183 135.634 136.485 135.401 135.591 136.386 136.01 135.862 135.977 136.311 135.981 135.396 135.127 136.708 136.79 136.524 136.171 136.133 136.072 136.117 135.95 137.128 137.199 136.879 136.651 136.084 135.931 135.797 136.154 
132.401 132.292 132.463 131.638 131.296 131.247 130.064 129.998 133.451 132.713 131.913 131.394 131.554 130.911 129.958 130.288 133.318 132.724 132.156 131.416 130.983 130.74 130.635 130.371 132.759 132.182 132.214 132.035 131.845 131.98 131.855 131.335 131.17 131.672 132.037 131.731 131.533 132.115 131.732 131.675 131.982 132.02 131.8 131.516 131.495 131.452 130.815 130.734 132.932 133.114 132.262 131.756 131.69 131.491 131.036 130.597 131.85 132.309 132.794 132.921 132.048 131.434 131.075 131.107 
124.264 125.315 125.643 125.066 125.283 125.822 125.606 124.632 124.686 124.855 124.619 125.111 125.485 125.635 124.778 124.221 125.545 125.66 125.014 124.657 125.63 126.328 124.923 124.973 126.014 127.012 126.16 124.78 125.685 127.094 126.182 125.878 125.038 125.95 126.101 125.011 125.372 128.028 126.989 125.117 124.961 124.631 125.428 125.548 125.803 125.687 124 122.752 125.117 124.607 124.711 125.991 126.115 125.25 124.508 123.757 124.829 124.946 124.836 125.813 126.852 126.339 124.974 125.79 
117.353 117.825 118.054 119.715 118.724 117.424 117.124 117.221 117.578 117.611 117.914 118.624 117.944 117.809 117.97 118.121 117.495 117.223 118.315 118.462 117.318 117.664 117.777 117.941 116.486 116.378 117.306 118.598 115.76 116.311 116.474 116.441 116.504 117.046 116.893 118.139 115.537 115.439 115.7 116.571 115.609 116.592 118.119 117.814 116.292 116.105 116.356 117.044 115.283 115.447 115.868 115.579 116.031 116.766 116.907 116.726 114.875 114.584 116.592 116.268 116.937 117.019 117.533 117.212 
108.161 109.236 110.341 109.437 107.449 106.175 106.27 106.092 108.813 109.73 109.39 108.198 107.852 105.435 106.834 106.408 108.51 109.393 108.506 106.865 107.238 105.818 107.975 108.2 107.906 108.595 107.714 106.813 107.377 106.992 108.039 108.843 108.223 107.439 107.436 107.572 107.534 108.484 107.992 108.117 108.919 108.613 107.918 108.889 109.03 109.285 107.622 107.697 109.665 109.145 106.706 106.755 108.454 108.059 107.762 107.626 108.868 108.597 107.677 106.831 108.67 107.74 107.427 107.682 
103.975 104.016 104.105 103.746 103.638 103.463 103.328 103.267 104.34 104.331 104.249 103.897 103.654 103.636 103.429 103.399 104.48 104.404 104.195 103.991 103.719 103.574 103.64 103.542 104.613 104.451 104.1 103.993 103.898 103.651 103.629 103.567 104.616 104.321 104.073 104.137 104.241 103.706 103.52 103.334 104.693 104.315 104.1 103.991 103.843 103.723 103.53 103.323 104.555 104.219 103.993 103.757 103.615 103.633 103.523 103.286 104.399 104.171 104.081 103.856 103.681 103.382 103.514 103.463 
99.1559 99.4931 99.7049 99.6153 99.5807 99.4712 99.4335 99.5868 99.5328 99.8005 99.8197 99.8054 99.8058 99.8819 99.772 99.976 99.7437 99.9778 99.8704 99.9348 100.054 100.208 100.344 100.354 100.088 100.053 100.004 100.119 100.334 100.455 100.478 100.697 100.03 100.051 100.062 100.501 100.714 100.722 100.854 100.909 100.19 100.096 100.278 100.608 100.683 100.861 101.116 101.331 100.28 100.252 100.48 100.61 100.641 100.884 101.178 101.226 100.189 100.4 100.602 100.926 100.986 100.99 101.186 101.479 
170.211 170.471 168.644 168.067 167.876 167.811 167.917 169.729 169.454 170.867 170.856 166.949 165.554 166.172 165.951 165.927 170.098 170.89 170.289 168.015 164.271 165.43 166.282 166.934 169.252 168.129 168.291 168.458 167.457 167.935 168.958 168.123 168.953 167.496 166.182 168.971 168.032 169.204 170.316 168.068 169.459 168.177 166.907 167.261 167.033 168.489 169.615 165.034 168.72 168.694 169.407 168.229 167.303 168.226 168.68 167.84 167.408 166.041 167.982 166.576 166.359 167.071 168.876 168.745 
167.128 167.571 166.017 165.793 166.044 166.351 166.878 168.817 166.435 167.96 168.277 164.7 163.712 164.74 164.903 165.192 167.176 168.07 167.837 166.199 162.96 164.424 165.296 166.33 166.623 165.676 165.911 166.763 166.519 167.164 168.451 167.734 166.313 165.178 164.349 167.696 167.036 168.536 169.871 167.921 167.007 165.826 165.297 166.308 166.285 168.259 169.535 164.834 166.017 166.187 167.622 167.078 166.729 168.041 168.523 167.644 165.022 164.039 166.145 165.329 165.783 167.091 168.854 168.577 
159.608 159.784 159.607 159.35 160.221 159.989 159.156 159.898 158.88 158.552 159.081 158.853 158.894 159.805 159.718 159.273 159.535 159.095 158.415 159.44 159.684 160.611 159.409 157.893 160.018 159.837 158.891 158.666 160.271 159.653 159.556 158.689 157.965 158.511 158.071 159.387 158.946 158.721 159.587 159.991 158.922 158.358 157.171 159.255 158.137 158.608 159.522 159.278 159.273 159.234 158.525 159.323 159.078 159.292 160.301 158.984 158.802 157.4 157.379 159.1 158.735 158.421 158.408 160.215 
157.383 156.859 156.332 155.915 156.607 156.297 155.638 156.347 156.433 155.996 155.8 155.781 155.765 156.785 156.16 155.577 156.558 156.254 155.178 155.754 154.744 157.018 156.076 154.387 156.198 156.457 155.637 155.569 155.584 156.133 155.55 155.091 154.941 155.259 154.507 155.879 155.186 154.668 155.541 156.528 155.689 155.223 153.977 155.003 154.706 155.029 156.012 156.281 155.826 155.557 154.641 154.392 154.817 155.54 156.579 155.842 155.04 154.378 153.899 154.991 154.899 154.594 154.51 156.284 
147.805 147.868 147.819 147.262 148.038 148.281 147.989 148.791 147.258 147.183 147.432 147.216 147.732 148.943 148.469 148.742 147.624 147.5 146.474 146.98 147.034 148.805 148.586 147.688 147.244 147.311 146.553 146.757 147.6 148.159 148.125 148.089 145.764 146.074 145.42 147.255 147.474 147.07 147.901 149.016 146.466 146.46 145.269 146.55 147.051 147.479 148.405 148.538 146.929 147.223 146.319 146.278 146.668 147.626 149.023 148.356 146.593 146.368 145.76 146.508 146.276 146.419 146.784 149.111 
135.288 135.224 135.674 135.293 135.15 135.514 135.227 135.795 135.829 135.233 135.222 135.026 135.427 135.583 135.342 136.296 135.368 135.386 135.336 135.141 135.325 135.48 136.019 136.513 135.082 135.01 135.4 135.843 136.254 136.81 136.902 137.175 134.1 134.607 135.346 135.62 136.259 136.849 137.134 137.363 134.827 134.939 135.353 135.506 135.903 136.508 136.337 136.169 135.45 135.627 135.476 135.693 136.024 136.371 136.423 136.15 134.73 135.14 135.961 136.568 136.351 136.278 136.522 136.481 
126.529 127.195 127.842 127.191 127.251 127.924 127.646 127.247 127.008 126.766 126.887 127.226 127.633 127.874 126.882 127.158 127.475 127.634 127.35 126.991 127.783 128.361 127.331 127.798 127.813 128.604 128.084 127.221 128.171 129.726 129.079 128.879 126.583 127.689 128.001 127.305 128.006 130.399 129.92 128.284 126.997 126.957 127.59 127.771 128.275 128.417 126.929 125.782 127.405 126.943 126.892 128.277 128.563 127.934 127.263 126.513 126.6 126.956 127.238 128.402 129.209 128.856 127.813 128.421 
121.67 122.509 123.186 122.573 122.757 123.146 122.995 122.228 122.047 121.884 122.159 122.462 122.929 123.57 122.232 122.326 122.584 122.973 122.67 122.474 123.414 124.134 122.872 123.108 123.141 124.055 123.357 122.68 123.722 125.492 124.549 124.217 121.722 123.116 123.586 122.538 123.461 125.982 125.647 123.573 121.981 122.011 123.026 123.166 123.496 123.627 122.064 120.608 122.336 121.876 121.908 123.532 123.658 123.157 122.333 121.067 121.264 121.795 122.178 123.53 124.467 124.247 122.952 123.367 
110.979 112.422 113.715 112.703 110.941 110.075 110.338 109.733 111.513 112.496 112.106 111.302 111.494 109.645 110.636 110.13 111.374 112.524 111.411 109.958 111.149 110.366 111.838 112.311 111.061 112.492 111.136 109.939 111.227 111.866 112.644 113.376 111.018 110.985 111.181 110.856 111.329 113.761 113.177 112.178 111.69 111.461 111.413 112.691 113.053 113.449 111.247 110.539 112.453 111.701 109.571 110.743 112.659 112.093 111.566 110.906 111.339 111.371 110.588 110.604 113.113 112.39 111.555 112.025 
105.96 106.897 107.973 106.82 104.631 103.336 103.402 103.243 106.758 107.717 106.757 105.362 105.239 102.972 104.332 103.842 106.044 107.185 105.706 104.177 104.691 103.327 105.415 105.582 105.228 106.207 104.961 104.179 104.644 104.335 105.518 106.094 105.54 104.969 105.14 105.025 104.82 105.803 105.39 105.387 106.286 106.181 105.562 106.507 106.362 106.698 105.175 105.206 107.075 106.656 104.022 104.195 105.885 105.755 105.498 105.184 106.2 106.097 105.072 104.246 105.972 105.345 105.031 105.039 
100.971 101.9 102.9 102.015 100.254 98.9636 98.8563 98.6105 101.743 102.5 102.04 100.943 100.814 98.5219 99.5877 99.0986 101.477 102.241 101.405 99.8418 100.307 98.9923 100.925 101.05 101.074 101.738 101.046 100.076 100.705 100.389 101.329 102.041 101.351 100.726 100.895 101.146 101.11 101.97 101.49 101.438 102.124 101.898 101.377 102.534 102.676 102.782 101.36 101.307 102.927 102.441 100.435 100.536 102.075 101.615 101.431 101.343 102.189 102.125 101.339 100.753 102.256 101.409 101.23 101.562 
96.1481 96.4157 96.4698 96.3812 96.3782 96.2835 96.2075 96.4199 96.4252 96.6573 96.4467 96.3675 96.6397 96.775 96.6199 96.8788 96.5901 96.7542 96.6056 96.6865 96.8924 97.01 97.2675 97.324 97.0573 97.0611 97.1169 97.0986 97.3665 97.4483 97.5323 97.6068 97.1149 97.0955 97.2927 97.7542 97.9699 97.794 97.808 97.7341 97.3043 97.1795 97.3969 97.8451 97.981 98.0873 98.2519 98.3706 97.2741 97.3741 97.6374 97.8939 98.0973 98.3038 98.515 98.5731 97.309 97.473 97.8586 98.2148 98.3333 98.446 98.6069 98.8376 
177.35 178.059 175.854 175.342 174.7 173.404 173.452 174.744 176.138 178.158 177.773 174.649 172.805 171.901 170.674 171.568 176.376 176.774 176.467 175.052 171.376 171.536 171.627 173.839 175.183 174.672 174.142 174.512 173.612 174.047 174.892 174.334 174.932 174.755 173.356 175.315 173.397 174.942 175.906 173.811 175.188 175.632 173.869 173.317 172.744 174.256 175.598 171.398 175.367 175.573 176.228 174.391 173.918 175.471 175.206 174.282 173.111 172.213 175.302 174.395 174.439 174.58 175.299 174.66 
171.377 172.426 172.18 172.779 173.512 174.589 174.724 175.998 171.126 172.081 172.873 173.12 173.899 173.836 174.711 174.555 171.139 171.096 172.635 174.537 175.031 174.193 174.369 174.166 172.067 170.671 172.395 173.96 174.914 175.15 175.665 175.575 171.699 171.145 172.125 173.171 173.927 175.286 176.817 175.82 171.598 171.499 172.734 173.94 174.253 175.186 175.69 175.224 171.048 170.901 172.831 174.142 173.726 173.805 174.06 174.627 171.436 170.781 171.855 173.177 172.722 173.332 173.654 173.638 
169.896 170.141 169.75 169.09 169.608 170.048 170.122 169.86 169.832 170.598 170.515 169.901 169.937 170.214 170.23 169.963 169.793 170.334 171.138 171.182 170.472 170.657 170.066 170.02 170.589 170.697 171.079 171.307 171.251 171.193 170.994 171.272 171.04 170.925 171.226 171.643 171.063 171.234 171.247 171.556 171.181 170.834 171.668 172.074 171.917 172.123 171.253 170.876 169.757 169.036 170.419 171.48 172.22 172.374 171.273 170.378 169.977 169.041 169.851 171.002 171.514 172.081 171.382 169.853 
166.06 165.794 165.09 164.292 164.299 163.621 162.632 161.87 166.241 165.838 165.204 164.251 164.195 163.995 163.55 162.173 166.605 166.024 164.788 164.571 163.565 164.238 163.428 160.873 166.088 166.398 165.281 164.961 165.069 164.219 163.448 160.96 165.24 165.663 165.158 165.756 165.217 163.398 163.794 162.737 165.754 165.833 164.742 165.05 164.481 164.009 164.035 162.399 166.101 166.129 164.961 164.554 164.236 164.365 164.319 162.036 165.276 164.85 164.173 164.428 163.66 163.851 162.763 162.619 
150.51 150.658 150.748 150.996 151.232 151.909 152.77 153.107 150.877 151.099 151.435 151.8 151.964 152.667 153.194 153.416 150.913 151.063 151.129 151.915 152.232 153.013 153.201 153.4 150.738 151.068 151.442 151.862 152.342 153.166 153.426 154.047 150.712 150.912 151.793 152.267 152.373 153.336 153.837 154.613 151.257 151.21 152.079 152.354 152.291 153.308 153.778 154.2 151.618 151.902 152.425 152.435 152.355 152.962 153.436 154.292 152.123 152.487 152.684 152.838 153.083 153.19 153.686 154.46 
136.892 137.251 137.927 138.645 139.198 139.849 140.647 141.491 137.115 137.338 137.904 138.663 139.519 139.975 140.841 141.701 137.023 137.52 137.915 138.69 139.773 140.352 141.109 141.851 136.846 137.39 138.209 138.922 139.82 140.863 141.521 142.069 136.978 137.51 138.411 139.05 139.836 140.858 141.68 142.221 137.291 137.69 138.499 138.918 139.745 140.687 141.445 141.7 137.366 137.888 138.454 139.049 139.647 140.613 141.243 141.908 137.57 138.036 138.55 139.059 139.673 140.402 141.172 141.879 
128.28 128.582 129.45 129.494 129.571 130.404 130.498 131.005 128.722 128.514 129.137 129.335 130.007 130.316 130.169 130.896 128.111 128.626 129.005 129.249 129.55 129.983 130.129 130.577 127.535 127.726 128.461 129.16 129.878 130.895 130.81 130.605 125.862 127.068 128.096 128.465 129.448 130.451 130.718 130.709 126.143 126.796 127.545 127.934 128.705 129.541 129.453 129.278 126.287 126.911 126.973 127.475 128.166 128.886 128.701 128.637 125.182 126.127 126.989 127.748 127.979 128.095 128.132 128.319 
114.751 115.71 116.435 116.406 116.852 118.014 118.664 117.994 114.342 114.737 115.603 116.334 116.873 118.079 117.423 117.3 114.951 115.643 115.746 115.774 117.009 118.314 117.334 117.825 115.301 116.603 116.001 115.212 116.756 118.724 118.173 118.326 114.264 115.406 115.635 115.088 116.442 118.979 118.719 116.972 113.892 113.953 114.784 115.28 116.024 116.214 115.062 113.841 113.512 113.123 113.445 115.241 115.683 115.335 114.943 114.344 112.968 113.152 113.111 114.447 116.123 116.253 115.534 116.445 
105.579 105.465 105.367 105.209 104.903 105.511 105.981 105.953 105.343 105.643 104.851 104.724 104.836 106.009 106.37 106.212 104.279 105.253 104.182 104.773 104.99 105.766 105.8 105.589 103.495 104.454 103.73 104.274 104.037 104.546 104.742 104.579 103.048 103.686 104.121 103.631 103.451 103.653 103.929 104.067 102.372 103.108 103.419 103.339 102.807 103.106 103.627 103.795 102.287 102.626 102.018 102.619 102.661 103.609 103.787 103.478 102.14 102.328 101.76 102.028 102.372 103.4 103.333 102.973 
100.259 101.03 102.107 101.1 98.7462 96.6963 96.4067 96.1335 100.786 101.369 100.883 99.5366 98.6634 95.4271 96.4566 96.169 100.36 101.154 99.9695 97.8539 97.8386 95.7695 97.4482 97.9695 99.5916 100.261 98.9388 97.2237 97.6586 97.0701 98.0169 98.8704 99.3967 98.3017 98.0079 97.7497 97.3994 98.4446 98.0228 97.7869 99.9735 99.0871 98.0228 98.8301 98.905 99.0187 97.4289 97.002 100.707 99.6478 96.7055 96.553 98.2005 97.7009 97.2281 96.8519 99.222 98.938 97.4665 96.6162 98.1752 97.2148 96.8789 97.0109 
89.2643 89.7795 90.4454 90.7528 90.2689 90.2757 90.2037 90.5253 90.3396 90.5391 90.6324 91.6594 91.4631 92.0314 91.1403 90.4934 91.8941 91.6094 90.9733 90.6032 90.7991 91.9143 91.9143 90.2856 92.4658 91.981 91.7352 91.4474 91.1291 91.777 91.7454 90.694 92.7162 91.78 91.369 91.6996 92.7284 93.0202 91.7308 89.5567 92.2223 91.6175 90.9781 90.7238 91.7587 93.2699 92.5075 88.922 92.4375 92.3408 91.542 91.6408 92.5154 92.3514 90.3293 89.3272 92.7842 92.5941 91.9894 91.6343 90.7398 90.6724 89.7193 89.1951 
90.0047 90.1838 90.0663 90.0746 89.4718 89.35 90.1335 90.0992 90.0724 90.2915 90.8658 90.3754 90.2339 90.3231 91.5059 91.8728 90.0885 90.8577 91.918 90.7832 91.4811 91.5378 92.2803 92.795 90.5514 91.4808 92.3877 92.1266 92 92.0954 92.3842 93.036 90.3911 92.2765 92.8006 93.1189 92.9966 93.4253 92.3984 92.7732 91.4022 92.1813 93.3109 93.6577 93.4446 93.3797 92.6582 93.5825 92.4472 93.2519 93.785 94.033 94.4788 94.1646 93.9274 94.1554 93.5302 93.567 94.1562 94.3573 94.9457 95.3304 94.9165 94.833 
190.332 191.2 189.979 191.193 190.345 187.886 187.558 187.321 189.211 189.788 189.344 191.611 191.3 187.746 186.276 187.432 188.02 186.661 187.642 190.429 191.347 188.267 187.105 188.724 187.45 186.994 186.994 187.424 188.109 188.263 187.951 187.803 187.15 188.559 188.444 186.768 185.615 186.809 187.674 186.887 186.454 189.314 187.205 186.076 185.458 185.36 186.898 188.755 188.96 189.641 188.903 186.745 186.142 186.987 187.054 188.328 187.402 187.819 189.735 189.817 189.18 187.657 186.231 186.954 
187.604 188.863 187.796 188.318 187.952 186.807 186.704 186.192 186.62 187.967 187.789 189.118 188.608 186.743 185.445 186.53 186.24 185.492 186.63 188.489 188.852 187.314 185.918 187.604 185.964 186.198 186.246 186.758 187.495 187.429 187.43 187.401 186.022 187.675 187.876 186.725 185.791 186.823 187.465 187.241 186.33 188.606 187.603 186.523 186.34 186.062 186.766 187.951 187.983 188.052 188.264 187.05 187.238 187.897 187.084 187.898 186.736 186.9 188.541 189.336 188.961 187.968 186.671 186.521 
184.164 183.772 183.523 182.555 181.739 181.086 180.793 179.837 184.735 184.432 184.121 182.718 182.795 181.664 181.655 180.573 184.746 184.536 184.299 183.57 182.631 181.468 181.015 179.913 184.681 184.936 184.287 183.829 183.226 181.499 181.032 179.381 184.379 184.616 184.529 183.888 183.536 181.881 181.445 180.228 184.866 185.158 184.178 183.922 183.693 182.457 181.48 179.915 184.94 185.173 184.522 184.238 183.97 182.794 181.595 179.893 184.545 184.51 184.815 184.007 183.045 182.929 181.358 179.364 
177.98 177.655 176.789 176.024 175.229 174.707 174.487 173.42 178.389 178.133 177.761 176.37 176.1 175.215 175.559 174.307 178.974 178.469 177.994 177.055 176.114 175.652 175.128 173.375 178.704 179.185 178.321 177.612 176.987 175.535 174.941 172.923 178.986 178.945 178.974 178.16 177.585 175.911 175.877 174.262 179.837 179.491 178.785 178.173 177.788 176.724 176.004 174.028 179.907 179.531 178.384 178.003 177.766 176.952 175.75 173.715 179.124 178.904 178.504 177.684 177.138 177.442 175.671 173.393 
170.361 169.305 168.976 169.252 169.557 170.197 171.344 171.226 171.112 169.822 170.164 169.434 170.522 170.894 172.872 172.562 171.767 170.107 170.414 170.233 171.079 171.475 172.638 171.596 171.55 171.573 171.011 171.284 171.986 171.326 172.141 170.732 171.443 171.023 172.148 171.44 172.464 172.002 172.974 171.855 172.291 171.66 171.544 171.259 172.356 173.033 173.594 171.577 172.63 171.793 170.846 171.316 172.224 172.723 172.685 171.206 171.407 170.786 170.842 170.656 171.086 172.819 172.087 170.728 
137.191 138.883 139.719 141.45 142.963 145.002 146.828 147.81 136.978 138.602 139.684 141.224 142.866 144.783 146.676 147.469 136.714 138.24 139.162 140.985 142.803 145.06 146.512 147.191 136.263 137.921 138.901 140.485 142.428 144.548 145.986 146.732 135.493 137.291 138.569 139.812 141.855 144.322 145.625 146.52 134.912 136.34 138.01 139.415 141.126 143.496 145.086 145.466 134.544 136.202 137.534 138.941 140.677 142.684 144.068 144.924 134.528 136.193 137.261 138.666 140.351 141.97 143.143 143.847 
109.602 111.192 112.288 113.68 115.085 116.915 118.049 119 108.736 110.314 111.439 113.131 114.629 116.179 117.423 118.047 107.506 109.157 110.288 111.977 113.521 115.213 116.312 117.118 106.111 107.465 108.731 110.276 112.038 113.755 115.069 115.886 104.396 106.161 106.999 108.54 110.657 112.228 113.367 114.361 103.37 104.53 105.775 106.968 108.819 110.503 111.791 112.718 102.346 103.331 104.319 105.585 107.117 108.944 110.228 111.138 101.477 102.737 103.403 104.451 106.32 107.767 108.921 109.771 
96.7908 97.3279 97.6145 99.0527 100.294 101.627 102.357 102.307 96.2641 96.931 97.4349 98.4143 99.6948 100.883 101.59 101.418 95.2406 96.0048 96.5682 97.5941 98.4309 99.7378 100.479 100.519 94.2972 94.8691 95.4554 96.115 97.3806 98.4161 99.0846 99.2654 93.1045 93.7833 94.04 94.6672 96.0422 96.8791 97.3561 97.8646 91.839 92.4394 92.883 93.3858 94.4055 95.1311 95.6022 95.905 90.6864 91.3234 91.5119 92.0327 93.1287 93.8109 94.3132 94.6609 89.9883 90.4162 90.4255 90.8611 92.1166 92.6282 93.0909 93.615 
91.433 91.3276 91.8736 92.3586 91.4802 90.2426 89.5726 89.1689 91.2812 91.0139 91.5512 91.7819 90.153 88.5989 88.2134 88.3921 91.3131 91.2696 91.0427 90.5026 89.5477 88.3356 87.5692 88.1427 90.9107 90.8676 89.8757 88.2447 88.1682 87.8809 87.8189 87.989 89.3163 88.1939 87.5665 86.8809 86.2716 86.6619 87.0429 86.705 88.2925 86.6624 86.3485 86.0215 85.5253 85.1815 85.6469 85.0545 87.4912 86.6473 85.841 85.4019 84.8149 84.6653 84.3912 84.1869 85.5876 85.3963 85.0504 84.8041 84.6807 84.4002 84.0764 83.7108 
88.9115 89.1983 89.9193 90.3448 89.2816 88.3704 88.0931 88.2287 89.7864 89.7089 89.7938 90.9064 89.7127 89.362 88.2663 87.7756 91.1272 90.8211 89.7695 89.2823 88.8515 89.2407 88.7843 87.4022 91.4273 90.774 89.9898 88.9595 88.517 89.0091 88.7267 87.9102 90.8632 89.4293 88.5359 88.3048 88.9607 89.5238 88.4308 86.208 90.0124 88.685 87.5269 86.8305 87.657 89.3515 88.5444 84.7963 90.2765 89.4713 87.9109 87.7257 88.3367 88.2845 86.0811 84.7974 89.8936 89.4851 88.2934 87.5343 86.533 86.2532 85.2532 84.5036 
88.3142 88.3309 89.034 89.4891 88.3256 87.596 87.6906 87.7021 89.1388 88.9898 89.4496 90.23 89.102 88.933 88.3275 87.9859 90.2249 90.0925 89.58 88.9472 88.7149 89.1932 88.971 87.9805 90.6654 90.2654 89.8559 89.0283 88.6682 89.0973 89.0821 88.6277 90.2462 89.4885 88.8864 88.784 89.3713 90.017 88.9138 87.0893 89.8446 88.939 88.3243 87.7898 88.4762 90.0577 89.2558 85.9841 90.4967 89.9699 88.9392 88.8738 89.5741 89.4829 87.4457 86.2621 90.4683 90.1894 89.3304 88.8805 88.2685 88.0697 86.9856 86.2249 
86.0793 86.6726 87.3719 87.9448 87.0321 87.0792 87.7739 88.0016 86.9749 87.367 87.9655 88.931 88.7005 89.3606 89.3671 89.0478 88.4013 88.5974 88.7477 88.0709 88.7033 89.9859 90.4823 89.3442 89.103 89.0625 89.4706 89.3708 89.1657 90.0172 90.4367 89.9615 89.2458 89.4319 89.3293 89.9356 90.9864 91.8284 90.3834 88.7045 89.4312 89.3607 89.3882 89.2667 90.3036 92.1262 91.1167 88.3201 90.3626 90.8089 90.3824 90.5246 91.8462 91.7156 89.7715 88.9226 91.2935 91.3098 91.0881 90.7767 90.5895 90.6857 89.6146 89.0941 
200.532 201.431 199.935 200.757 200.161 199.04 198.75 197.95 200.016 200.631 199.51 200.865 200.478 198.598 197.607 198.102 199.191 197.772 198.207 199.827 200.46 199.059 197.953 199.129 198.176 198.316 198.18 198.384 198.842 198.69 198.765 198.652 198.172 199.219 199.451 198.093 197.228 197.914 198.71 198.389 198.023 199.839 198.787 197.088 196.955 197.189 198.041 199.36 200.477 200.579 200.036 198.108 197.433 198.335 198.335 199.56 199.16 199.457 199.961 200.213 199.471 198.516 198.078 198.918 
197.64 197.637 197.821 197.621 197.528 197.519 197.517 197.148 197.693 197.553 197.393 197.561 197.628 197.722 196.99 197.158 197.355 197.728 197.768 197.65 197.344 197.672 197.302 197.431 197.493 197.301 197.817 197.747 197.565 197.945 197.772 197.567 197.54 197.677 197.812 197.933 197.852 197.974 197.798 197.909 197.481 197.915 197.811 197.705 197.661 197.398 197.549 197.879 197.644 198.174 198.54 198.443 197.937 197.534 198.036 197.751 197.905 198.258 198.814 198.821 198.274 197.467 197.509 197.764 
193.646 193.679 194.073 194.218 193.941 193.831 194.224 194.143 193.558 194.012 194.093 194.021 193.761 194.155 193.997 194.196 194.1 194.736 194.335 193.772 193.298 193.748 193.719 193.92 194.388 194.452 194.339 193.913 193.744 193.95 193.869 194.088 194.557 194.66 194.296 194.374 194.213 194.205 194.244 194.478 194.622 194.932 194.439 194.266 194.742 194.654 194.273 194.198 194.633 194.895 195.208 195.128 195.323 195.261 194.774 194.347 194.67 194.925 195.667 195.48 195.317 195.019 195.029 194.225 
188.175 187.003 186.862 186.378 186.425 186.696 187.246 186.49 188.921 187.765 187.548 186.522 187.116 187.035 188.07 187.209 188.96 188.026 187.663 187.093 187.024 187.262 187.664 186.299 189.051 188.701 188.201 187.92 187.686 187.115 187.078 185.56 189.081 188.528 189.068 188.321 188.559 187.693 187.786 186.46 189.774 189.401 188.933 188.585 188.775 188.889 188.772 186.714 189.827 189.586 188.884 189.022 189.194 188.726 188.358 186.666 188.978 188.792 188.929 188.354 188.042 188.939 188.376 186.451 
167.076 167.374 168.833 170.634 173.84 178.408 182.495 183.978 167.686 168.02 169.871 171.528 174.272 179.001 183.535 184.86 168.677 169.444 170.505 171.737 174.463 179.631 183.771 184.96 169.568 170.466 171.583 172.803 175.243 179.454 183.507 185.344 169.975 170.821 172.346 173.329 176.191 180.463 184.476 185.486 169.978 170.444 172 173.554 176.512 181.409 185.265 185.773 170.129 170.983 172.261 173.871 176.963 181.281 184.801 185.802 170.775 171.303 172.42 174.235 177.416 181.172 184.663 185.742 
94.2228 96.6701 99.3413 102.08 107.359 113.422 118.217 119.799 94.6758 96.917 99.308 102.335 106.468 113.017 118.401 120.329 94.7269 96.7431 99.7043 102.736 106.66 112.964 118.626 119.646 94.8682 96.8509 99.4382 102.54 107.454 112.869 117.994 118.645 94.4986 97.1389 99.512 101.999 107.451 113.54 117.951 119.462 94.4873 96.9981 99.4634 102.049 106.485 112.785 117.395 119.239 95.0854 96.9126 98.9076 101.621 106.432 111.865 116.742 118.577 95.2615 96.7833 98.4749 101.65 106.124 111.85 117.149 119.485 
83.4045 83.4977 83.6257 84.5077 85.1381 86.9382 87.8192 88.3424 82.936 83.128 83.184 83.9314 84.7888 85.8363 86.9516 87.5473 82.1229 82.3565 82.7714 83.3607 83.8912 85.0772 86.1033 86.8181 81.7104 81.8404 82.0596 82.282 83.3416 84.3591 85.3599 85.7309 81.1003 81.3379 81.5646 81.8334 82.9233 83.9829 84.5738 84.9324 80.3684 80.5794 81.0055 81.4133 82.4701 83.29 84.1885 84.2448 79.7864 80.2437 80.684 81.3105 82.1079 82.5051 83.3623 83.7172 79.8318 80.2014 80.4271 80.9564 81.7567 82.1041 82.6112 82.7648 
81.4722 81.7192 82.7495 84.3088 84.9264 85.8573 85.6816 85.3824 81.9466 82.3022 83.5695 84.4476 84.8197 85.1584 85.6224 85.278 82.4926 82.1749 83.3392 83.6136 83.8492 84.5722 84.798 85.0086 82.2848 81.9257 82.174 81.9927 83.0542 83.4595 84.3451 84.3221 81.8285 80.8763 81.1655 81.456 81.8344 82.7179 83.2876 83.715 80.7391 80.0672 81.1454 81.3274 81.2545 80.6839 81.8894 82.1235 79.004 79.7933 80.5025 80.445 80.3575 80.0088 80.1298 81.0752 77.9656 78.3544 79.1183 79.7894 80.5306 80.4314 79.7184 79.788 
81.1314 81.7645 82.8224 84.0595 84.462 85.07 84.6363 83.5902 81.5091 82.2504 83.5059 84.0343 84.1273 84.1115 84.3189 83.2841 82.2569 81.85 82.9977 83.0933 83.0355 83.2882 83.0173 82.6443 81.7966 81.3215 81.4606 81.0604 81.855 81.9873 82.282 81.7998 81.3287 80.1335 80.2698 80.3288 80.2317 80.6065 80.576 80.6884 80.0072 78.9265 80.1459 79.9641 79.2325 77.8101 78.7055 79.1349 78.0514 78.3213 78.8595 78.4489 78.1324 77.5016 77.4408 78.4426 76.4969 76.6246 77.2222 77.7334 78.0807 78.009 77.3772 77.3241 
86.9057 86.5942 86.9208 87.1233 85.9794 84.379 83.6339 83.2166 87.0097 86.4462 86.8385 86.6047 84.8673 83.1553 82.6754 82.7654 87.3435 87.0046 86.6528 85.7537 84.5011 83.0713 82.2238 82.637 87.2613 86.9847 85.8843 84.1675 83.6399 83.0733 82.7471 82.653 86.2553 84.9642 84.2372 83.2733 82.2774 82.3759 82.5644 81.9705 85.7087 83.9567 83.482 82.7228 81.9464 81.3609 81.7088 80.9076 85.2467 84.3003 83.302 82.4468 81.7318 81.398 80.8152 80.4566 83.5759 83.3078 82.7931 82.2584 81.8702 81.2427 80.6582 80.0927 
84.6728 85.0021 85.6505 86.0618 85.191 85.083 85.2803 85.4441 85.5071 85.6438 85.7281 86.7028 86.3716 86.6824 85.943 85.3219 86.9557 86.6135 85.9685 85.5738 85.4794 86.701 86.6399 84.9612 87.2757 86.761 86.3794 86.2807 85.9719 86.623 86.5064 85.4293 87.4831 86.5808 86.1781 86.3946 87.3171 87.844 86.52 84.4988 87.4448 86.5546 86.0059 85.5276 86.4987 88.3788 87.6001 84.0219 87.8894 87.6938 86.8118 86.9442 88.0379 88.0473 85.8883 84.5144 88.3309 88.2944 87.6168 87.1544 86.6793 86.5496 85.4592 84.595 
82.1817 82.0051 82.2813 82.3544 81.6352 81.5366 82.3621 82.7801 83.1947 83.2617 83.7425 83.3567 83.3606 83.0972 84.5662 85.2357 83.9814 84.6659 85.9487 84.5037 85.0531 85.0198 85.8651 87.0588 85.0911 85.4492 86.5892 86.5023 85.7137 86.1536 86.5334 87.3007 85.4912 87.0343 87.305 87.7745 87.1826 87.6123 86.4885 86.9917 86.5268 87.5734 88.4109 88.3469 88.0362 87.8979 86.6539 87.8373 87.8246 88.8029 89.2092 89.0525 89.0317 88.5695 88.1583 88.644 88.833 88.8074 89.1622 88.8848 89.445 89.4108 89.0891 88.8203 
215.333 215.304 214.521 214.404 214.67 215.3 214.483 214.035 215.34 214.885 214.386 214.565 214.614 214.96 214.323 213.806 215.022 214.813 215.24 215.343 214.828 215.004 214.975 214.639 215.148 214.662 215.107 215.325 214.865 214.727 214.758 214.932 215.269 214.983 214.92 214.956 214.831 214.674 215.047 215.206 214.764 214.729 214.71 214.124 214.841 214.913 214.866 214.963 215.588 215.187 214.685 214.282 214.295 214.203 214.724 214.412 215.657 215.24 214.72 214.564 214.107 214.092 214.199 214.739 
208.872 209.297 209.128 209.307 209.012 209.292 209.168 208.803 208.841 209.165 208.918 209.035 208.779 209.021 208.845 208.742 209.113 209.161 209.282 208.885 208.431 208.754 208.588 208.785 208.875 209.194 209.519 209.336 209.115 209.168 209.361 209.409 209.221 209.324 209.927 209.647 209.58 209.583 209.782 209.975 209.13 209.087 209.888 209.364 209.454 209.421 209.625 209.466 209.619 209.462 209.554 209.674 209.257 209.312 209.962 209.727 209.737 209.838 209.522 209.759 209.637 209.125 209.73 209.933 
204.1 204.35 204.318 204.52 204.278 204.273 204.187 204.351 204.368 204.703 204.679 204.572 204.158 204.442 204.247 204.763 204.829 204.816 205.109 204.785 204.011 204.699 204.929 205.182 205.028 204.415 204.573 204.539 204.232 204.888 204.547 204.718 205.068 204.72 204.793 205.071 205.056 205.526 204.771 204.777 204.777 205.429 205.009 205.747 205.572 205.721 205.24 204.961 204.811 205.363 206.047 206.367 206.051 205.378 205.487 204.982 204.801 205.282 206.366 206.196 205.937 205.61 205.708 205.031 
196.271 195.668 195.636 195.875 195.613 195.324 195.632 196.05 200.586 200.66 200.539 200.5 200.053 199.456 199.462 199.554 201.377 201.526 200.937 200.289 199.975 199.923 199.951 200.039 201.749 201.226 200.962 200.721 200.21 200.136 200.315 200.554 202.282 201.519 201.704 201.326 200.846 200.551 200.696 200.652 202.088 201.881 201.738 201.323 201.135 201.343 201.237 200.639 202.319 201.94 201.505 201.229 201.342 201.784 201.118 200.323 202.113 202.033 201.818 201.379 201.014 201.527 201.516 200.369 
112.995 113.107 114.093 114.466 116.11 118.103 119.49 119.841 140.043 140.322 140.419 140.868 141.978 144.312 146.149 146.449 140.103 140.412 141.026 141.786 143.009 144.591 146.538 145.992 140.605 140.429 141.149 141.72 143.402 145.128 146.655 145.367 140.371 140.539 141.563 141.582 143.129 145.019 146.826 146.946 140.433 140.968 141.39 141.624 142.735 145.113 146.775 147.242 140.528 140.588 140.833 141.409 143 144.743 146.07 146.782 140.207 140.113 140.215 141.034 142.239 144.072 146.716 147.939 
72.9843 74.3165 74.6228 74.8018 76.0859 77.7261 79.0222 79.4295 73.1357 74.3346 74.4258 74.9005 75.7357 77.494 79.076 79.774 72.8161 74.0879 74.4597 74.9089 75.7922 77.5232 79.4185 79.2435 72.9176 74.0131 74.4286 74.5906 76.2663 78.0646 79.2562 78.5251 73.0538 74.2809 74.6942 74.9312 76.4264 78.7728 79.7318 79.4756 72.9498 74.4466 74.7106 75.1922 76.7483 78.0995 79.3198 79.4423 73.1628 74.4734 74.7404 75.7345 77.0206 78.0004 79.0097 79.4149 73.7106 74.4905 74.8374 75.8561 77.0578 77.8321 79.4615 80.3454 
74.2521 74.3785 74.6973 74.8691 75.428 76.2302 76.5282 76.7915 74.2741 74.3584 74.5592 74.9404 75.1932 75.9176 76.5279 77.0393 74.0872 74.3038 74.5728 74.9028 75.1237 75.8859 76.5435 76.5636 74.1722 74.1576 74.478 74.5031 75.3252 75.8094 76.2607 75.8447 74.2577 74.3349 74.5748 74.669 75.3547 76.0563 76.3909 76.511 74.1692 74.6382 74.6226 74.7028 75.2635 75.6417 76.0099 76.4272 74.2777 74.5907 74.6451 74.7862 75.3135 75.3462 75.6737 76.0971 74.6644 74.4942 74.4133 74.7698 75.1297 75.187 75.9397 76.5915 
76.2966 76.4366 76.5113 76.8705 77.0558 77.8476 78.1227 77.793 75.8067 76.2323 76.3765 76.4474 76.6051 77.0209 77.5446 77.2649 75.8106 75.6093 75.7602 76.051 76.0382 76.4113 76.5625 76.1119 75.3783 74.9881 74.7532 74.7027 75.2686 75.4955 75.5152 75.0647 75.7076 75.0296 74.821 74.4991 74.8027 74.853 74.223 74.0284 75.0889 74.516 74.7819 74.3896 73.67 73.0744 73.0197 73.3458 74.3408 73.9877 73.8213 73.209 73.4921 73.1434 73.4389 73.6692 73.7811 73.4143 73.1236 73.4083 73.524 73.4769 73.6815 73.8424 
78.1477 78.5834 79.5035 80.3446 80.1796 80.6038 80.1734 79.1819 78.2969 78.8725 80.1622 80.1358 79.7841 79.7662 79.9093 78.8918 78.9656 78.4119 79.3026 79.093 78.7724 78.8927 78.641 78.1078 78.4529 77.8547 77.5832 77.0673 77.6048 77.4468 77.7092 77.1596 77.9808 76.6736 76.5949 76.3888 75.9862 76.2468 76.1239 76.0512 76.5462 75.4252 76.5137 76.1867 75.034 73.5429 74.3677 74.4554 74.6701 74.875 75.3649 74.6033 74.0142 73.2106 73.099 73.8658 73.0753 73.3193 73.7294 74.1337 74.0751 73.7757 73.0725 72.8183 
78.2 78.4236 78.3254 77.9951 77.3587 77.1818 77.1796 76.5063 77.6477 78.1648 78.0596 77.2838 76.7836 76.5308 76.5032 75.7282 77.8422 77.5063 77.1693 76.6506 76.0824 75.9616 75.5584 74.5804 77.1039 76.7446 76.1636 75.8529 75.6472 75.2039 74.5799 73.9446 77.2764 76.6755 76.3236 75.6374 75.1547 74.64 73.6019 73.2667 77.0374 76.0724 76.2628 75.3283 74.1043 73.318 73.0366 73.2388 76.366 75.8123 75.2959 74.3733 74.3855 73.9878 73.7909 73.6764 75.433 75.3763 74.9365 74.6322 74.4985 74.3861 74.4877 74.324 
76.4326 75.6273 76.1753 75.9357 75.3698 75.2616 74.9077 75.7812 77.973 77.5811 77.0356 76.5303 76.5092 75.8364 76.2489 76.6294 79.4994 79.139 78.7288 77.7002 77.1111 76.8918 77.184 78.0611 80.7853 79.7634 79.5019 79.2388 78.032 78.4076 78.1083 78.4359 81.6279 80.662 80.3227 80.2366 79.2343 78.8482 78.214 78.532 81.6766 81.6891 81.3419 80.6871 80.3418 79.7792 78.8309 79.1825 81.9852 82.0243 81.9629 81.5854 80.5378 80.2674 79.6258 79.9969 81.8545 81.7542 81.5957 80.9317 80.4235 79.8965 80.0878 79.4401 
76.1959 75.449 76.6272 76.5243 75.9633 76.135 75.9778 77.3675 78.4243 78.397 77.6765 77.6819 78.0218 77.2265 77.7444 78.6434 80.5509 80.5849 80.3802 79.3489 79.009 79.0252 79.5607 80.9622 82.3141 81.3431 81.422 81.2876 80.1448 81.003 81.0889 81.6472 83.4853 82.569 82.4963 82.679 81.6873 81.5692 81.0542 81.826 83.4902 83.84 83.7073 83.3253 83.2472 82.8718 81.946 82.791 84.0644 84.3894 84.5829 84.3961 83.4131 83.1531 82.8109 83.7451 84.148 84.1958 84.1475 83.5451 83.3844 82.9002 83.2853 82.8401 
225.75 226.442 225.918 225.187 225.68 226.206 225.154 226.049 225.207 225.965 225.885 225.94 225.74 226.038 225.565 226.407 226.932 225.924 226.665 226.717 226.658 225.885 226.711 226.748 226.339 226.625 226.627 226.639 226.923 226.54 226.596 226.856 226.147 227.303 226.542 225.806 226.511 226.624 226.622 226.578 225.946 226.267 226.056 225.598 226.91 227.289 226.716 225.919 226.175 226.235 225.646 225.33 225.601 226.177 226.509 226.151 226.519 225.418 225.418 225.671 225.433 225.532 226.428 227.251 
221.858 222.694 222 222.129 221.654 221.817 220.863 220.813 221.656 222.083 222.508 222.669 222.229 222.323 221.015 221.087 222.347 222.48 223.205 223.141 222.434 222.523 222.111 221.556 222.786 223.03 223.424 222.891 222.561 222.556 221.886 221.384 223.413 223.708 223.437 222.73 222.764 222.747 221.973 221.43 223.26 223.266 223.006 223.251 223.027 222.838 222.387 221.596 223.352 223.561 223.615 223.34 222.848 222.28 222.642 222.002 223.236 223.509 223.451 222.864 223.132 222.614 222.21 222.275 
211.513 212.03 212.226 213.114 212.75 212.945 213.504 214.074 215.013 215.544 216.132 216.366 215.936 216.266 216.658 217.24 216.224 216.016 216.584 216.251 216.047 217.024 216.91 217.087 216.042 216.069 216.162 215.775 215.934 216.621 216.335 216.529 216.075 216.144 216.194 215.695 215.869 216.649 216.483 216.432 215.999 216.041 215.796 216.579 216.734 217.169 216.877 216.389 215.652 215.797 217.004 217.265 216.704 216.876 217.065 216.456 215.557 215.506 216.846 216.669 216.96 217.148 217.074 216.209 
183.46 184.332 184.475 185.226 184.736 184.986 185.959 186.904 207.647 208.766 208.637 208.364 207.438 208.142 208.895 209.596 208.414 208.737 209.713 209.767 209.21 210.575 210.576 210.049 208.614 208.424 208.724 209.251 209.542 210.697 209.62 208.238 208.209 208.025 208.371 208.973 209.752 210.357 209.074 208.465 208.308 209.299 208.21 209.983 210.135 210.964 209.768 209.397 207.508 208.579 211.22 210.924 210.521 210.29 210.08 209.294 207.236 206.732 209.306 209.259 209.778 210.577 210.351 209.038 
42.375 43.4831 43.2803 43.0861 42.9862 43.474 44.4417 44.8413 168.28 170.728 169.016 169.679 170.207 170.627 170.688 170.856 168.622 171.737 171.792 172.832 172.986 171.176 171.072 170.904 168.975 171.817 171.916 171.902 172.602 172.937 173.228 171.802 168.244 170.843 171.265 171.631 171.95 172.141 173.41 172.232 168.161 170.29 170.037 171.06 172.188 172.704 173.223 171.713 167.033 169.135 169.82 171.094 172.179 172.851 172.134 171.407 166.836 169.491 169.943 170.923 171.774 171.459 172.077 172.483 
53.4785 54.6416 54.9194 54.9521 55.8311 56.5332 57.0965 57.0877 64.9541 66.0144 66.0687 66.1703 66.6415 67.8432 68.4229 68.5896 65.0318 66.2006 66.419 66.6845 66.934 67.8527 68.9093 68.3573 65.2399 66.119 66.4736 66.6171 67.5222 68.4536 69.0165 68.0837 65.3554 66.3548 66.6326 66.6948 67.5051 68.8033 69.3284 69.175 65.4343 66.7089 66.5399 66.765 67.7705 68.5435 69.2428 69.1013 65.6586 66.4924 66.3704 67.1604 67.9909 68.7301 68.9528 69.0281 65.7949 66.3714 66.471 67.2539 68.0517 68.5733 69.2796 69.711 
68.4593 68.9825 68.9114 69.0804 69.3794 70.3966 71.2418 71.6007 68.209 68.744 68.6455 68.9083 69.2799 70.0653 70.9549 71.4267 67.7809 68.5015 68.6282 68.8088 69.1837 70.0312 71.0525 71.2377 67.6764 68.4163 68.4301 68.3708 69.1069 70.2303 70.863 70.9807 67.7858 68.407 68.4648 68.5547 69.2709 70.482 70.88 70.787 67.6375 68.2088 68.3234 68.6969 69.7978 70.581 71.1321 70.7314 67.5757 68.3035 68.5394 69.4064 69.9706 70.5337 71.0644 70.7304 68.2015 68.7372 69.0714 69.4252 70.1486 70.5696 70.8373 70.6235 
70.3784 70.0865 70.0117 70.2394 70.4121 70.8114 71.011 71.1461 69.9274 69.635 69.716 69.7127 69.8543 70.2141 70.4231 70.5765 69.1867 69.1956 69.0896 69.1601 69.1536 69.3787 69.6289 69.7779 68.771 68.5445 68.4615 68.2881 68.4791 68.3817 68.4666 68.687 68.4516 68.0733 67.7839 67.6516 67.5927 67.6053 67.6139 67.8797 67.8823 67.4542 67.2515 67.206 67.0813 67.0742 67.1382 67.0174 67.752 67.056 66.8647 66.8039 66.785 66.5748 66.4458 66.4285 67.5818 67.0645 66.56 66.4749 66.3744 66.1619 65.9651 66.1137 
73.1772 73.5104 73.4824 73.4736 73.2936 73.4716 73.4905 73.0527 72.2805 72.8417 73.1065 72.7922 72.5868 72.7167 72.7302 72.0923 71.9089 71.8152 71.8232 71.8627 71.6534 71.5647 71.3788 70.5056 70.8717 70.7278 70.3836 70.1997 70.2786 70.011 69.7208 69.2705 70.6292 70.1279 69.7772 69.2707 69.1302 68.7826 68.0568 67.8462 69.5796 68.9968 69.1379 68.546 67.4725 66.5987 66.4803 66.8526 68.6562 68.1051 67.7569 66.7684 66.7213 66.4424 66.5886 66.7529 67.5043 67.1907 66.6051 66.6205 66.3528 66.2846 66.5545 66.7891 
70.8105 70.4807 70.1969 69.8985 69.7034 69.3721 68.8478 68.6678 70.08 70.0028 69.7153 69.4281 69.2566 69.004 68.7847 68.4989 69.4319 69.3868 69.3952 69.1791 68.9875 68.395 68.4268 68.1124 69.6292 69.7279 69.1597 68.8056 68.4639 68.1092 68.0675 67.9903 69.7655 69.4374 68.7399 68.3392 68.0938 67.8364 67.8745 67.8614 69.4884 68.9605 68.5287 68.0814 67.8521 67.7692 67.7586 67.6707 69.1947 68.8323 68.5396 67.9854 67.7557 67.5794 67.4873 67.3357 68.9126 68.7853 68.5555 68.3161 67.9195 67.611 67.5413 67.2051 
67.9835 67.7806 67.1806 66.8786 65.4587 65.3059 65.338 65.4494 67.7375 66.2373 67.0353 67.531 66.82 65.2428 65.2453 65.0959 67.0356 66.341 66.0634 66.5915 66.9588 66.4025 65.6611 65.094 67.6844 67.8899 67.6465 67.6888 67.605 66.8374 65.4419 64.4464 68.3591 68.6011 68.4703 68.4502 68.2396 67.5574 65.5698 64.3762 68.8818 69.2114 69.3235 68.6811 68.6578 67.5533 66.2942 65.2185 68.8749 69.1384 69.6545 69.8062 69.5934 68.7794 67.319 66.4854 69.0081 69.3747 70.0306 70.1581 69.9177 69.4722 68.7194 67.817 
69.5432 69.2298 70.3603 70.4026 70.5269 70.8129 70.4451 71.5033 72.0025 72.1966 71.8181 71.8123 72.2627 71.8321 72.4324 73.0606 74.3279 74.5873 74.533 73.8842 73.6576 73.5892 74.208 75.6928 76.4855 75.8007 75.9833 75.9009 74.906 75.8994 76.0428 76.8467 77.8554 77.2772 77.1061 77.3558 76.6301 76.669 76.5494 77.2816 77.738 78.837 78.6435 78.4361 78.4927 78.0154 77.1562 78.1379 78.5617 79.2817 79.7637 79.6641 78.4173 78.2144 77.9495 79.0989 78.6968 79.0002 79.3384 78.9265 78.3555 77.9709 78.4621 78.2176 
235.546 236.944 236.843 236.295 235.487 235.144 234.711 234.566 235.086 235.791 235.839 237.037 235.858 235.486 234.517 234.279 236.337 236.099 236.772 237.262 235.873 235.306 235.547 234.961 236.481 236.662 237.583 236.952 235.834 235.691 234.726 234.378 236.98 236.984 235.756 235.623 237.198 237.142 235.567 234.014 237.53 237.156 235.305 235.026 236.478 236.652 235.396 234.007 237.689 235.846 235.46 234.785 235.733 236.1 234.723 234.279 237.196 235.13 235.566 235.327 235.784 234.964 234.231 234.467 
239.375 239.851 240.078 239.895 238.168 236.71 233.799 236.041 236.378 239.963 238.534 240.282 239.696 237.616 233.227 237.522 236.991 240.25 238.735 240.604 239.365 237.492 234.05 235.785 238.603 241.039 238.281 240.209 238.328 236.446 234.595 234.334 239.753 240.556 236.783 235.859 236.886 236.68 235.044 233.192 241.254 238.763 239.49 236.253 235.54 237.359 239.442 233.042 240.807 240.247 237.702 238.064 233.497 238.668 239.684 232.481 241.05 236.889 235.017 237.174 235.88 239.201 239.712 235.438 
223.061 224.18 224.187 224.675 224.086 223.51 223.755 223.377 223.376 224.647 225.808 225.481 224.889 224.835 224.937 225.119 224.271 224.972 226.139 226.383 226.015 226.9 226.811 226.184 224.589 225.106 225.518 225.515 225.564 225.747 225.087 224.57 225.233 225.323 224.928 224.122 224.305 224.949 223.838 222.417 225.426 225.59 224.414 225.23 224.534 225.256 224.202 223.225 224.229 224.639 226.928 226.291 225.661 225.571 224.881 224.088 224.25 223.71 225.474 225.132 226.421 226.48 225.093 223.925 
225.842 225.256 225.575 225.963 226.411 224.524 225.654 226.171 232.357 232.079 231.166 231.319 231.72 231.153 231.134 231.903 232.939 232.835 231.692 231.099 232.033 232.126 231.39 232.089 231.85 232.838 232.322 230.573 231.264 231.583 231.17 231.309 231.808 232.014 232.23 230.369 230.141 231.322 231.256 230.638 232.275 232.332 231.899 230.566 231.177 231.234 231.237 230.655 232.607 232.718 232.074 231.85 231.659 230.763 229.992 230.067 155.115 155.47 154.926 155.12 154.68 153.611 152.593 153.292 
33.4192 33.6298 33.6761 33.83 33.9377 34.0607 33.6331 33.1044 50.9187 50.9346 50.1502 50.0715 50.2331 50.4907 49.8015 49.6599 50.6928 50.7954 50.6193 50.6041 50.2591 49.5278 49.0917 49.1304 50.7063 50.5909 50.4611 50.161 50.134 49.8356 50.1301 48.8109 49.8394 50.1165 49.987 49.7442 49.5262 49.7863 49.7072 49.8336 49.7788 50.0592 49.6284 49.3759 49.6192 49.9476 50.3961 49.6559 49.605 49.3752 49.3548 49.819 49.7884 50.2207 50.0616 49.985 49.7884 49.7621 49.7032 50.5091 50.4302 50.3042 50.1738 49.7842 
34.0561 34.888 34.7243 34.7324 34.9036 35.2918 35.5799 35.4854 33.9255 34.669 34.6761 34.6565 34.8671 35.4608 35.6344 35.619 33.9315 34.6568 34.5898 34.639 34.7537 35.3519 35.7571 35.5058 34.2234 35.009 34.7187 34.6443 35.0872 35.6914 36.2108 35.6716 34.3217 35.2705 35.0446 34.8353 35.1147 36.1877 36.1885 35.9491 34.7949 35.5688 35.2533 35.2307 35.8314 36.3427 36.8943 35.9085 34.9419 35.4953 35.3255 36.0206 36.2383 36.8306 36.9762 36.4972 35.3715 35.9014 35.9768 36.6172 37.0158 37.2592 37.2374 36.6228 
44.7629 44.5344 44.3405 44.3647 44.4246 44.6803 44.6362 44.3083 44.731 44.3181 44.3004 44.1879 44.2878 44.487 44.3905 44.4648 44.621 44.3667 44.1224 44.1983 44.1488 44.299 44.2135 44.2932 44.8534 44.3966 44.2888 44.1177 44.2946 44.1537 44.3939 44.2439 44.9114 44.5021 44.2623 44.2631 44.26 44.3341 44.2244 44.3953 45.4068 44.9476 44.5837 44.4834 44.6283 44.7616 44.9471 44.568 45.8576 44.9441 44.7216 44.8434 44.7319 44.9547 44.8445 44.7152 46.1462 45.5272 45.0462 45.1239 45.0345 45.0282 44.929 44.6643 
57.1136 56.499 55.6912 55.2127 55.2074 55.2997 55.2373 55.2205 56.7696 56.0859 55.2669 54.7521 54.8944 54.9376 54.7348 54.7604 56.4948 55.6778 54.6633 54.1697 54.3625 54.3162 54.2468 54.2323 56.3979 55.6831 54.5338 53.7553 53.8354 53.6358 53.584 53.5756 56.2328 55.5084 54.2679 53.2068 53.313 53.2942 53.0726 53.0997 56.3412 55.0287 54.0085 53.1809 53.0763 53.0433 52.8653 52.7399 56.3031 55.1374 53.7971 53.1155 52.7861 52.5965 52.1334 51.9645 56.3066 55.4221 54.1575 53.0552 52.5871 52.0707 51.7169 51.5478 
61.8671 61.7923 61.6419 61.5747 61.7053 61.7309 61.5076 61.7877 60.6125 60.6685 60.7258 60.8625 61.0308 60.9111 60.8633 61.1697 59.1837 59.513 59.8744 60.0176 60.2027 59.8705 60.0631 60.1769 59.4042 59.5589 59.2673 58.9768 59.0543 59.0656 59.1469 59.3217 59.5052 59.0441 58.4086 58.2339 58.2912 58.2971 58.3794 58.6719 59.0514 58.3315 57.9599 57.7884 57.6963 57.7379 57.9135 57.9795 58.8635 58.0292 57.7337 57.4094 57.2717 57.2605 57.1797 57.2449 58.6883 58.1662 57.5862 57.4148 57.1246 57.1318 57.0181 56.8914 
63.8089 63.7242 63.0438 62.5863 61.3633 61.4906 61.6956 61.7832 63.7075 62.3135 63.1209 63.4638 62.8145 61.8136 61.7459 61.5455 62.8382 62.3586 62.1233 62.696 63.1956 62.7429 62.0924 61.5573 63.2702 63.6956 63.4146 63.3588 63.4081 62.9146 61.8309 60.9598 64.0768 64.1404 63.7538 63.659 63.6815 63.324 61.7486 60.7177 64.1759 64.4506 64.3784 63.7022 63.912 63.0552 61.9455 61.2982 63.9842 64.1632 64.3244 64.4179 64.3932 63.5058 62.3238 62.0957 63.6716 63.9158 64.4504 64.5973 64.4398 64.1419 63.6896 63.1368 
65.3069 65.2008 64.6511 64.4201 63.3558 63.2693 63.2442 63.4438 65.0882 63.646 64.557 65.2009 64.6991 63.2733 63.3898 63.2829 64.2816 63.7249 63.675 64.3633 65.0082 64.4255 63.8081 63.3128 65.1755 65.5286 65.3326 65.3906 65.4515 64.9115 63.6069 62.6142 66.0124 66.3149 66.0647 66.1692 66.1023 65.5798 63.7591 62.5076 66.4614 66.8975 66.9741 66.492 66.5176 65.4808 64.2968 63.2438 66.4591 66.6994 67.2931 67.4749 67.2087 66.5031 65.1451 64.4023 66.5533 66.8938 67.5734 67.8286 67.538 67.1838 66.4667 65.6221 
64.6058 64.7259 64.2566 64.1448 63.1348 63.048 63.0441 63.2572 64.572 63.3099 64.3339 65.1201 64.649 63.1047 63.2229 63.1509 64.0607 63.6331 63.6559 64.4445 65.0486 64.621 63.9291 63.492 65.084 65.5131 65.495 65.7004 65.7628 65.3206 63.8233 62.8921 66.1119 66.6594 66.5774 66.7024 66.6987 66.2939 64.2931 63.0716 66.8182 67.5432 67.7968 67.3718 67.3645 66.3538 65.2129 64.1408 67.051 67.4873 68.2838 68.5889 68.3252 67.6264 66.306 65.5654 67.3651 67.7251 68.6759 69.0679 68.8309 68.5837 67.8387 67.0392 
250.149 250.705 251.213 251.068 249.847 249.782 248.878 248.594 248.902 250.482 247.051 251.122 250.708 249.854 246.501 249.318 249.108 250.61 248.615 250.279 249.849 248.492 246.396 249.237 250.043 250.663 248.586 250.972 249.909 249.474 247.697 248.533 247.345 249.166 248.76 249.168 249.996 250.046 249.125 248.392 251.585 250.387 250.297 249.077 249.395 249.879 250.818 248.298 251.357 250.441 249.475 249.837 247.113 250.327 250.719 248.143 251.324 248.756 248.599 249.813 249.033 250.268 250.157 249.085 
249.06 250.143 250.073 250.118 246.927 245.212 242.951 245.363 245.147 249.992 247.539 250.666 249.012 246.377 241.593 246.092 244.84 250.213 247.652 250.416 247.772 246.397 241.608 243.625 247.597 250.502 247.419 250.117 246.833 244.85 241.849 241.565 249.341 249.216 244.731 244.579 246.503 245.901 243.476 240.773 251.101 247.808 248.557 244.025 243.219 245.644 248.61 240.756 251.001 249.304 246.145 246.589 241.012 247.867 248.747 239.4 250.837 245.534 242.791 245.303 243.932 248.565 248.7 242.609 
245.738 246.303 246.519 246.858 244.851 243.133 240.572 243.492 241.895 246.605 244.142 246.984 246.664 244.046 239.184 244.926 241.556 246.51 244.298 246.893 245.397 244.31 239.537 242.513 243.985 246.948 243.901 246.681 243.818 242.142 240.047 240.613 246.154 246.135 242.054 241.242 242.493 242.164 240.898 239.473 247.848 244.56 246.199 241.215 240.174 242.616 246.502 239.106 247.307 246.101 243.216 243.725 237.931 244.55 246.477 236.949 220.121 215.206 212.55 215.302 213.667 218.721 219.396 213.138 
219.01 218.766 218.469 218.404 218.291 217.713 217.465 217.115 218.117 217.708 217.418 217.515 216.835 216.643 216.062 215.785 216.846 216.219 216.061 215.581 215.314 214.665 213.692 213.575 215.012 214.564 214.222 213.374 212.827 212.493 211.93 211.729 213.201 212.633 212.268 211.45 210.629 210.407 210.651 210.323 210.108 209.558 208.828 208.44 208.278 208.342 208.11 207.712 208.2 207.634 207.455 206.706 206.868 206.788 206.608 206.452 66.0279 65.0596 64.7915 64.2305 63.8394 63.9314 63.8258 63.9196 
73.3506 72.6704 72.8642 72.3823 71.499 70.8914 70.3702 70.0678 71.7311 71.3633 71.3863 71.3549 70.7223 69.7926 69.2863 69.0517 70.5705 70.4698 70.4529 70.2566 69.698 68.8569 67.9408 67.8612 70.1355 70.1018 69.5357 69.0322 68.5597 68.183 67.3372 66.7875 69.7229 69.4271 68.8661 68.2368 67.539 67.1827 66.7321 66.3694 68.5891 68.5558 68.105 67.584 66.8774 66.2817 65.7169 65.4251 67.8388 67.415 67.5325 67.076 66.234 65.302 65.1741 65.2616 21.9319 21.4639 21.3408 21.391 20.4346 19.894 19.3442 19.4309 
30.6422 30.2573 29.9229 29.7232 29.4023 29.3827 29.0639 28.6328 30.2494 29.5177 29.3552 29.0783 28.8739 28.7435 28.2811 28.1007 29.7249 29.2391 28.7562 28.618 28.2054 27.9903 27.4821 27.3534 29.5925 28.9405 28.5186 28 27.8403 27.4945 27.4575 26.9924 29.0911 28.6998 28.1863 27.7527 27.2991 27.393 27.1569 27.1497 29.1048 28.7585 28.1623 27.7174 27.5798 27.5064 27.6637 27.0907 29.0903 28.3811 28.1392 28.0396 27.663 27.6844 27.6024 27.4702 29.1928 28.7058 28.3564 28.5576 28.1563 27.9471 27.8229 27.5013 
4.91493 4.7825 4.66107 4.6674 4.67874 4.72256 4.7864 4.79243 4.91533 4.74577 4.70389 4.70593 4.69686 4.7443 4.81364 4.78848 4.91888 4.75941 4.70491 4.75138 4.7463 4.77953 4.7953 4.79479 4.952 4.80764 4.74942 4.75166 4.81169 4.85119 4.82851 4.80671 4.97092 4.9009 4.83887 4.78199 4.80886 4.84243 4.85253 4.8546 5.12761 5.0341 5.00681 4.9711 4.97531 4.95572 5.02111 4.98122 5.17082 5.10927 5.05986 5.04175 4.99861 4.97636 5.03452 5.09232 5.27873 5.18697 5.1257 5.0956 5.07833 5.10339 5.28449 5.22333 
44.0382 43.1717 42.3025 41.7981 41.6837 41.745 41.7195 42.0187 43.8878 42.765 41.9861 41.4793 41.4041 41.3744 41.2891 41.623 43.8401 42.7671 41.6738 41.1491 41.1359 40.9839 40.9884 41.2767 43.8301 42.762 41.749 40.8803 40.8211 40.7352 40.6547 40.955 43.8603 42.7944 41.7191 40.809 40.7024 40.6856 40.5784 40.815 44.2732 42.9404 42.0807 41.2258 40.9583 40.8403 40.8264 40.9932 44.6189 43.3178 42.1447 41.3955 40.9791 40.8251 40.5845 40.8904 44.7513 43.7615 42.6224 41.4968 41.0563 40.7427 40.7432 40.8028 
52.9029 52.9648 52.4911 52.079 51.8818 52.1621 52.5445 52.8994 53.0782 53.0219 52.8715 52.2547 52.1766 52.5758 52.5626 52.9023 53.0363 53.1466 52.9145 52.5422 52.4429 52.6048 52.6471 52.8664 52.7336 53.1091 52.7615 52.2655 52.3728 52.572 52.5974 52.8416 53.2126 53.0756 52.4557 51.9007 52.2677 52.7555 52.7192 53.0458 53.196 52.9527 52.728 52.2068 52.4643 52.7181 52.7365 53.2641 53.2984 53.1598 52.4847 52.2493 52.4922 52.2501 52.3855 53.2731 52.7455 52.6128 52.5496 52.244 52.4268 52.6648 53.0872 53.4063 
57.0718 57.2408 56.8182 56.3688 56.2965 56.5682 56.774 57.174 57.1038 57.1439 57.1392 56.6795 56.6473 56.9441 56.8317 57.2056 56.6631 57.0592 57.292 57.04 57.0666 56.9247 56.9785 57.2123 56.5356 57.305 57.0996 56.6522 56.7116 56.9167 57.0667 57.2515 57.3223 57.2321 56.6736 56.354 56.6221 57.1611 57.2004 57.5034 57.1699 57.0061 56.9114 56.6537 56.9013 57.2012 57.1995 57.8283 57.2811 57.1493 56.7112 56.5809 56.9797 56.6504 56.6985 57.6841 56.7326 56.7102 56.8242 56.7942 56.9939 57.3242 57.6743 57.9072 
62.4326 62.3813 61.6721 61.219 59.9692 60.1035 60.3714 60.5411 62.5442 61.0775 61.9193 62.2455 61.5924 60.577 60.5167 60.4041 61.8366 61.3185 61.1482 61.6628 62.1265 61.7185 61.0237 60.5568 62.3419 62.7452 62.5227 62.5182 62.5038 62.0524 60.8953 59.9588 63.3321 63.3995 63.0458 62.9588 63.0128 62.676 60.9895 59.8918 63.6239 63.9414 63.9599 63.3298 63.5243 62.5942 61.4162 60.7063 63.6149 63.8193 64.0137 64.156 64.1882 63.2412 62.0401 61.7824 63.3848 63.6247 64.2662 64.4961 64.3331 64.0773 63.5872 63.0033 
59.0521 59.8284 59.3485 58.8092 58.8269 58.6543 58.6105 58.2902 58.7247 60.1022 59.7935 59.3498 59.2161 59.3858 59.2867 59.2653 59.4861 60.3488 60.3637 60.0297 59.7188 60.0722 59.6261 59.8614 60.0128 61.3213 61.1016 60.6871 60.6055 60.4097 59.407 59.0779 61.408 62.4915 62.3157 61.7269 61.177 61.5134 60.6667 60.4886 62.9228 63.8134 63.3606 62.8683 62.4286 62.2248 62.1226 61.5131 63.8895 64.5752 64.2938 63.5734 62.5495 62.6696 62.416 62.1101 63.9931 64.9984 64.6904 64.4388 63.7921 63.0673 62.8121 62.5114 
254 254.619 254.873 254.726 253.664 254.247 254.833 253.383 254.017 254.155 250.503 254.885 254.32 254.228 252.347 253.217 254.155 254.237 252.55 253.722 253.539 252.644 251.675 253.757 254.359 253.837 252.98 254.52 253.878 254.275 252.688 253.537 250.376 252.136 253.59 254.267 255.023 254.987 254.494 254.051 255.026 254.665 253.932 253.991 254.39 254.414 254.2 254.161 255.035 253.91 253.973 254.063 253.019 254.521 254.043 254.193 254.7 254.071 254.272 254.235 254.3 253.939 253.047 253.727 
254.093 254.259 254.429 254.461 253.247 253.079 252.032 252.11 252.607 254.245 250.095 254.757 254.543 253.413 249.552 252.894 252.549 254.481 251.828 253.94 253.741 251.995 249.441 252.623 253.653 254.232 251.463 254.531 253.381 252.806 250.914 251.913 250.405 252.368 252.06 252.423 252.988 252.84 252.263 251.771 254.936 253.68 254.134 252.362 252.104 252.975 254.365 251.533 254.839 254.351 253.132 253.359 249.79 253.794 254.597 251.143 254.853 252.723 251.802 252.937 252.084 254.007 253.843 252.299 
252.01 252.084 252.281 252.416 251.832 251.09 251.974 250.949 252.151 251.679 251.7 252.385 251.889 251.793 251.835 252.358 252.195 252.161 252.569 252.595 251.635 251.345 250.431 252.563 252.161 252.063 252.182 252.463 250.793 250.481 251.1 252.571 252.28 252.258 252.778 252.444 250.587 249.51 249.995 252.595 251.218 251.295 252.276 251.899 251.105 249.91 250.116 251.079 251.362 252.169 252.484 250.499 250.702 251.78 250.963 250.093 246.002 247.939 247.824 245.084 244.968 246.705 246.977 245.597 
145.41 145.172 145.474 145.532 145.531 144.854 144.535 144.431 145.037 144.688 144.82 144.995 144.75 144.317 144.122 144.211 144.609 144.274 144.389 144.172 143.991 143.611 143.309 143.58 143.865 143.998 143.735 143.519 143.01 142.775 142.823 143.071 143.361 143.075 143.235 142.901 142.464 142.082 142.503 142.497 142.538 142.194 142.037 141.848 141.422 141.151 141.287 141.387 141.625 141.48 141.464 141.033 140.937 140.395 140.421 139.586 41.5073 42.5439 42.4282 42.3144 41.8459 41.5153 40.6562 40.7117 
27.7423 27.2444 26.9674 26.4785 26.2059 25.5067 25.3662 25.1971 26.3161 25.4561 25.0873 24.7214 24.129 23.7896 23.2067 23.5429 24.7842 23.984 23.2565 22.7718 22.331 21.8183 21.447 21.5935 23.307 22.5495 21.7777 20.896 20.3237 20.1265 19.8115 20.121 21.9729 21.0078 20.3232 19.6674 18.8576 18.7149 18.9555 19.1613 20.7647 19.8391 19.0867 18.6009 18.1488 17.7742 17.8514 18.2818 19.775 19.0026 18.4443 17.9175 17.5363 17.2183 16.9916 17.3678 16.3803 15.6648 15.1472 14.6434 14.1319 14.1293 13.8204 13.9737 
4.02152 4.00103 3.88621 3.81714 3.80226 3.83678 3.9197 3.9254 3.87313 3.77445 3.76019 3.66425 3.64387 3.65533 3.67325 3.74385 3.75493 3.684 3.62167 3.60191 3.54798 3.53645 3.49307 3.52811 3.62794 3.59513 3.51114 3.44044 3.44217 3.42733 3.41897 3.42591 3.56132 3.50832 3.47782 3.3895 3.32009 3.33898 3.36377 3.34851 3.53882 3.49582 3.41021 3.37872 3.33551 3.26877 3.31544 3.30682 3.54506 3.46781 3.42663 3.36706 3.31262 3.27297 3.28318 3.30282 3.56936 3.44522 3.42199 3.41379 3.30788 3.30501 3.47623 3.40682 
0.918052 0.827752 0.680305 0.64797 0.646112 0.655123 0.725216 0.781891 0.838116 0.678591 0.636542 0.533151 0.533522 0.560314 0.57172 0.671288 0.748111 0.628689 0.563129 0.542869 0.48331 0.493025 0.505052 0.57103 0.689644 0.593575 0.52868 0.460028 0.444659 0.43175 0.468374 0.52974 0.65622 0.555131 0.514783 0.469365 0.4306 0.45171 0.4736 0.532613 0.790432 0.706864 0.642118 0.606867 0.564697 0.578517 0.61374 0.660163 0.821452 0.738059 0.679695 0.618881 0.576707 0.597862 0.616234 0.680583 0.829876 0.754753 0.693109 0.634357 0.599928 0.61619 0.833409 0.808872 
4.00054 3.95032 3.88131 3.89591 3.88409 3.8704 3.89528 3.92946 3.97023 3.88688 3.85904 3.85435 3.82764 3.86208 3.91426 3.9475 3.98159 3.92243 3.85097 3.86196 3.85949 3.89203 3.91354 3.9607 4.02293 3.96518 3.89309 3.87017 3.92214 3.93479 3.92357 3.96759 4.03056 3.99952 3.9074 3.86084 3.91163 3.92302 3.92594 3.99468 4.05246 4.00049 3.93856 3.90944 3.9223 3.94473 3.97611 4.00418 4.06557 4.05999 3.98876 3.95417 3.91644 3.96003 4.01765 4.08566 4.08872 4.04305 4.00153 3.96055 3.98619 3.99243 4.23076 4.20525 
46.0111 46.1611 46.2099 46.2569 46.3056 46.2937 46.3654 46.8395 45.9081 45.8693 46.0444 46.1473 46.1612 46.1336 46.2772 46.701 45.8764 45.934 45.9702 46.0604 46.0981 46.0794 46.2375 46.6323 45.9317 45.9114 45.9915 45.9096 46.0858 46.0832 46.1824 46.5893 46.1 46.0273 46.0069 46.0119 46.0594 46.1665 46.2796 46.5813 46.3081 46.3433 46.378 46.367 46.2632 46.3284 46.5149 46.7426 46.6067 46.7241 46.7673 46.7008 46.6167 46.7084 46.7974 47.0998 46.8682 46.908 47.0133 46.8619 46.8601 47.0556 47.1632 47.3423 
54.104 54.3766 53.9263 53.3622 53.02 53.3707 53.74 53.768 54.5858 54.6775 54.5245 53.7414 53.5736 54.0684 53.887 53.9668 54.6905 55.0202 54.9343 54.4666 54.2412 54.3361 54.228 54.3277 54.3267 55.0786 54.7919 54.3719 54.3222 54.518 54.5178 54.5287 55.01 55.0668 54.5375 54.1346 54.3969 54.9632 54.8605 55.0422 54.9466 54.9671 54.9905 54.6555 54.9547 55.1839 55.1894 55.6237 55.2011 55.2954 54.8163 54.7884 55.2388 54.7242 54.865 55.6943 54.6247 54.6835 54.9047 55.0058 55.2812 55.5023 55.9053 56.0951 
56.2557 56.2447 55.5085 54.8609 54.5301 53.9873 53.8429 53.6119 55.7382 56.0541 55.7531 55.1111 54.6466 54.5264 54.1937 54.0961 56.3303 56.1154 56.0623 55.3859 54.8504 54.7703 54.289 54.4841 56.4965 56.8852 56.3732 55.6796 55.2724 54.7504 53.6879 53.6567 57.3075 57.3987 57.2772 56.391 55.539 55.4498 54.5961 54.6662 58.3873 58.4416 57.9214 57.3479 56.5086 55.9054 55.791 55.4096 58.9438 58.9408 58.6219 57.8154 56.6816 56.2164 55.94 55.9254 59.0339 59.223 58.9125 58.5872 57.7037 56.6849 56.4107 56.4443 
56.9419 56.9617 55.7105 54.6154 54.0231 52.8065 52.527 52.0726 55.9045 56.8472 56.1783 55.1365 54.3434 53.9318 53.2367 53.1294 57.043 56.7976 56.7931 55.7505 54.6484 54.6018 53.6837 53.8869 57.482 58.2461 57.4676 56.4017 55.5423 54.7078 52.5554 52.3075 59.0715 59.2989 59.1835 57.5511 56.0714 55.8957 54.1779 54.1497 61.1724 60.9558 59.9907 58.8582 57.5358 56.5808 56.1444 55.3981 61.9157 61.6775 61.0179 59.5915 57.5422 56.6741 56.1128 56.0011 61.8864 62.0153 61.3249 60.7484 59.3108 57.2049 56.7153 56.6815 
