2717000
252.019 252.188 252.638 252.388 250.797 251.055 249.943 249.729 250.789 252.265 248.62 252.622 252.365 251.387 247.552 250.259 250.879 252.942 250.578 251.792 251.474 249.708 247.324 250.16 251.727 252.594 250.143 252.49 251.065 250.384 248.665 249.532 248.868 250.849 250.188 250.574 251.051 250.953 250.3 249.36 253.079 251.943 251.763 250.513 250.121 250.926 252.122 249.229 253.05 252.717 251.351 251.558 248.065 251.414 251.858 248.883 253.075 251.32 250.299 251.226 250.376 251.55 251.185 249.879 
241.404 242.435 242.538 242.419 240.395 239.31 236.917 238.735 238.611 241.981 240.572 242.945 241.996 240.2 235.974 239.347 238.829 242.337 240.958 242.953 241.16 239.943 236.736 238.112 240.806 243.101 241.099 242.669 240.449 238.901 236.868 236.756 242.125 242.536 238.931 238.628 240.11 239.819 237.953 235.971 243.427 241.264 241.365 238.345 238.496 240.007 241.734 235.889 243.48 242.247 239.809 239.973 236.379 240.963 241.631 235.22 243.292 238.942 237.469 239.369 238.345 241.315 241.522 237.775 
227.538 228.458 227.825 227.579 227.543 227.123 225.727 226.192 227.273 228.072 228.338 228.626 228.295 228.07 226.437 227.071 229.079 228.372 229.535 229.393 229.246 228.062 228.015 227.744 228.568 229.167 229.415 228.994 228.875 227.979 227.722 227.835 228.791 230.218 229.277 228.083 228.042 227.85 227.227 226.893 228.851 229.358 228.489 228.38 228.568 228.638 228.162 227.029 228.843 229.214 228.596 228.281 227.84 228.201 228.278 227.591 228.939 228.549 228.632 228.224 228.019 227.974 228.378 228.345 
215.79 216.749 215.961 216.25 216.045 215.725 215.125 215.009 216.844 217.208 216.85 217.14 216.664 216.771 215.889 216.041 217.207 217.116 217.699 217.56 216.884 217.026 216.812 216.708 217.158 217.444 218.036 217.68 217.388 217.25 216.903 217.085 217.941 218.195 217.907 217.518 217.725 217.68 217.028 216.749 217.778 218.097 217.797 217.781 218.27 218.167 217.492 216.819 218.156 218.001 218.093 218.104 218.204 217.919 217.718 216.992 218.067 217.777 217.963 217.742 218.076 217.929 217.807 217.32 
206.796 207.06 206.837 207.628 207.086 207.608 207.963 207.887 208.115 208.29 208.225 208.721 208.328 208.751 209.104 209.622 208.487 208.257 208.889 208.561 208.342 209.912 209.968 210.132 208.277 208.139 208.759 208.737 208.763 209.719 209.446 209.802 208.33 208.084 208.704 208.88 209.302 209.68 209.449 209.529 208.21 208.419 208.774 209.066 209.124 209.529 209.538 209.537 208.341 208.601 209.625 209.82 209.3 209.229 209.986 209.478 208.219 208.242 208.723 208.964 208.969 209.239 209.917 209.693 
187.702 187.809 188.206 189.513 190.622 193.319 194.645 195.896 189.063 188.859 189.764 190.675 191.697 193.484 196.352 196.669 189.31 188.347 189.92 191.558 192.715 194.289 196.647 196.78 189.789 187.932 189.259 191.087 192.804 194.979 196.236 196.754 189.59 188.091 189.274 190.936 192.817 195.187 197.193 196.83 189.378 188.921 189.965 191.822 192.893 194.629 195.85 196.282 190.084 189.852 191.567 192.737 192.877 193.55 195.403 196.171 190.605 189.727 190.596 191.696 192.414 193.895 195.541 196.404 
161.319 161.656 161.778 163.682 165.901 169.707 171.881 173.864 160.749 160.773 162.094 163.568 165.501 168.636 172.393 172.872 161.448 159.962 161.769 164.996 167.529 168.757 171.837 171.809 161.708 159.601 161.884 164.708 167.393 169.916 172.324 172.58 161.251 159.796 161.502 163.909 167.021 169.917 172.962 172.506 161.862 160.918 162.399 164.778 166.409 169.447 172.023 172.939 162.682 162.493 164.057 165.178 165.87 167.61 170.562 172.881 162.975 162.953 162.963 164.36 165.336 168.111 170.341 172.129 
156.391 155.436 155.206 155.51 156.93 159.603 160.545 160.622 155.675 155.54 156.502 156.562 156.613 159.305 162.347 163.245 156.16 155.379 156.089 157.228 157.951 159.524 162.334 162.034 155.762 154.823 156.623 156.756 157.684 159.72 161.908 162.258 154.895 154.021 155.512 155.914 158.824 160.977 161.768 161.942 156.498 155.286 157.161 157.663 158.997 161.463 162.384 163.164 158.374 157.389 159.557 160.286 159.691 161.435 163.693 164.489 158.498 158.001 159.483 160.223 160.724 162.022 163.36 163.656 
152.063 152.674 153.43 153.633 154.4 154.372 154.645 155.019 151.7 151.266 152.958 153.583 153.134 153.317 154.835 155.102 151.822 151.564 153.091 154.523 156.831 155.689 154.895 155.429 153.146 153.308 153.657 153.43 155.177 154.338 155.486 155.928 152.099 152.988 154.058 153.275 152.822 154.635 155.003 155.129 154.089 153.297 153.353 154.069 152.239 153.23 154.138 153.9 154.471 154.234 154.001 155.773 155.298 154.511 154.302 154.001 154.576 152.924 154.25 155.849 156.373 155.751 155.79 155.691 
130.583 130.051 130.558 131.496 131.962 132.056 133.15 134.699 154.594 154.688 154.915 156.5 156.887 157.293 157.765 157.422 154.116 154.599 155.526 156.964 156.311 157.443 157.642 157.944 154.793 155.526 156.511 156.365 154.984 156.471 156.979 158.318 155.009 155.334 155.728 154.569 154.053 155.692 157.438 159.022 155.177 155.182 154.977 154.243 154.791 156.087 157.619 158.255 154.81 154.4 154.635 154.913 155.88 156.671 157.052 157.728 154.136 153.899 154.587 156.249 156.812 156.323 157.259 157.205 
9.06538 9.16912 9.29224 9.2327 9.17662 9.26669 9.7283 10.4613 176.503 178.389 175.46 176.425 177.607 177.52 176.392 176.418 177.474 179.62 179.49 180.971 180.616 177.606 176.169 176.263 177.25 179.581 179.672 180.178 179.914 179.908 179.831 177.935 176.943 178.934 178.782 178.549 178.344 178.535 179.036 178.251 176.097 177.496 177.069 176.924 177.538 178.329 178.166 177.463 174.147 175.659 176.44 176.87 177.687 177.957 176.786 176.414 172.97 175.435 175.792 176.408 176.825 175.833 175.521 176.137 
253.527 253.855 254.145 254.089 252.7 252.772 252.052 251.936 252.018 253.753 249.611 254.357 254.035 253.067 249.488 252.491 251.981 254.019 251.439 253.442 253.043 251.674 249.03 252.134 253.244 253.833 251.33 254.15 252.824 252.499 250.433 251.378 250.057 251.867 251.702 252.091 252.843 252.914 252.272 251.447 254.522 253.166 253.543 251.927 251.828 252.77 254.148 251.224 254.433 253.509 252.431 252.827 249.527 253.593 254.25 250.889 254.294 252.022 251.215 252.349 251.811 253.703 253.515 252.059 
247.124 247.073 247.681 247.536 247.279 247.393 246.851 245.73 247.029 247.191 245.122 247.899 248.399 247.632 245.543 246.293 247.701 247.722 246.542 247.176 247.955 246.514 245.567 247.128 247.908 247.708 246.368 247.582 247.46 247.31 246.386 246.866 244.829 246.734 247.84 247.742 247.282 247.021 247.015 247.145 248.213 247.843 247.712 248.104 247.727 247.348 247.365 246.971 248.194 248.081 248.136 247.878 246.358 247.075 247.218 247.54 248.029 247.944 248.218 248.068 247.72 247.229 246.732 247.506 
221.584 222.348 222.181 222.359 222.337 221.725 221.05 220.831 221.525 221.996 222.185 222.531 222.255 222.264 221.228 220.865 222.162 222.189 222.507 222.99 222.654 222.334 221.651 221.31 222.833 222.698 223.087 223.016 222.958 222.413 221.915 221.693 223.375 223.418 223.252 222.497 222.63 222.405 221.988 221.614 223.406 223.35 223.262 222.888 223.699 223.342 222.889 221.884 223.726 223.188 223.303 222.761 223.156 223.383 223.14 222.372 223.55 222.845 223.307 222.819 223.094 223.247 223.125 222.776 
203.351 203.767 203.076 203.767 203.214 202.593 202.554 202.682 203.628 203.942 203.408 203.857 203.477 203.156 202.238 202.947 203.932 203.364 203.551 203.512 203.463 203.427 202.297 202.978 203.427 203.561 203.601 202.977 202.989 203.186 202.861 203.1 203.359 204.047 204.191 203.216 202.938 203.258 203.287 203.418 203.728 204.708 203.926 203.509 203.317 203.573 204 204.06 204.601 204.942 204.815 204.447 203.616 204.229 204.276 204.413 204.064 204.762 205.261 205.082 204.422 204.333 204.598 204.34 
198.401 198.488 198.506 198.621 198.463 198.566 198.721 198.81 199.499 199.443 199.227 199.256 199.047 199.161 199.114 199.491 199.403 199.484 199.625 199.323 199.021 199.633 199.877 200.147 199.562 199.071 199.513 199.731 199.811 200.036 200.072 200.314 199.624 199.429 199.652 199.996 200.292 200.352 200.555 200.44 199.599 199.676 199.818 199.599 200.048 200.278 200.299 200.041 199.996 199.72 200.173 200.183 200.319 200.337 200.3 199.57 200.109 199.985 200.378 200.382 200.144 200.055 200.369 199.735 
182.119 181.943 182.143 182.708 182.465 183.109 183.795 184.129 181.979 181.891 182.075 182.592 182.837 183.558 184.179 184.435 182.018 181.952 182.287 182.709 183.109 184.087 184.546 184.561 182.481 182.125 182.436 182.723 183.414 184.31 184.569 184.79 182.45 182.203 182.572 183.064 183.618 184.221 184.921 184.778 182.49 182.334 182.829 183.058 183.566 184.261 184.924 184.894 182.774 182.585 183.034 183.451 184.063 184.511 184.83 184.85 182.68 182.451 183.004 183.596 183.666 184.142 184.487 184.545 
162.869 161.974 161.501 161.269 162.144 163.988 164.405 164.121 162.567 162.423 162.743 162.423 162.093 163.911 166.193 166.387 162.344 161.919 162.381 163.005 162.728 163.899 165.931 165.358 161.999 161.44 162.63 162.231 162.735 164.376 165.65 165.851 161.469 160.916 161.982 162.172 164.025 165.412 165.989 165.865 162.9 161.941 163.398 163.82 164.404 165.788 166.218 166.853 164.529 163.421 165.089 165.725 165.12 166.176 167.486 167.847 164.635 163.955 165.306 165.826 165.931 166.771 167.307 167.283 
156.055 155.477 154.913 154.279 154.569 155.235 155.157 154.369 155.551 155.444 155.915 155.178 153.864 155.123 156.785 157.264 155.207 155 155.44 155.775 155.569 155.789 156.758 156.531 155.176 155.145 156.145 154.979 155.351 155.904 156.914 156.96 154.213 154.081 155.485 154.937 156.26 157.528 156.862 156.573 156.668 155.574 156.97 157.046 156.33 157.348 157.158 157.599 158.279 157.494 159.004 159.748 158.553 158.658 159.239 159.197 158.232 157.207 159.24 160.204 160.205 159.685 159.162 159.011 
152.868 152.411 152.182 151.9 152.077 152.585 152.724 152.375 152.147 152.217 152.829 152.434 151.603 152.519 153.852 154.311 151.961 152.079 152.683 152.876 152.953 153.441 154.284 154.32 152.487 152.606 153.484 152.29 152.268 152.944 154.07 154.45 151.727 151.908 152.954 152.09 152.73 153.979 153.928 154.043 153.395 152.673 153.847 153.458 153.014 153.796 154.025 154.273 154.656 153.867 155.089 155.722 154.623 154.745 155.274 155.336 154.529 153.668 155.481 156.41 156.223 155.504 155.493 155.303 
149.53 149.901 150.451 150.694 151.202 150.991 151.382 152.168 148.903 148.656 150.041 150.662 150.21 150.288 151.686 151.298 147.932 147.949 149.401 151.055 152.174 151.669 150.954 151.905 149.503 149.823 150.025 149.53 150.096 149.718 150.876 152.528 148.484 149.21 150.144 149.164 148.325 150.218 151.091 152.009 150.382 149.547 149.62 150.069 148.369 149.252 150.355 150.744 150.906 149.944 149.989 151.69 151.461 150.619 150.204 150.571 150.414 148.618 150.167 152.108 152.555 151.149 151.487 151.792 
124.667 124.786 125.18 126.381 127.479 127.737 129.108 131.206 151.602 152.138 152.555 154.507 155.318 155.866 156.669 156.321 150.397 151.403 152.712 154.877 154.056 155.635 156.258 156.747 150.728 152.4 153.793 154.052 152.581 154.551 155.568 157.103 150.757 152.255 152.815 151.988 151.893 153.871 155.864 157.851 151.386 152.117 152.197 151.949 152.774 154.108 155.82 157.316 150.767 151.136 151.748 152.29 153.858 154.754 155.299 156.772 149.855 150.243 151.548 153.47 154.553 154.147 155.188 155.581 
252.201 252.187 252.359 252.347 251.84 252.306 252.22 250.915 252.305 252.252 248.898 252.346 252.54 252.194 250.072 251.326 252.324 252.413 250.586 251.485 252.218 250.861 249.766 251.929 252.413 252.057 250.562 252.189 252.19 252.291 251.162 251.785 248.52 250.589 252.054 252.245 252.236 252.103 252.1 252.138 252.714 252.433 252.379 252.405 252.332 252.185 252.094 252.01 252.573 252.531 252.556 252.442 251.076 252.037 251.947 252.194 239.726 239.908 239.848 239.688 239.707 239.41 238.421 239.158 
223.505 223.824 223.783 223.389 223.387 222.734 222.875 222.102 223.173 224.061 223.797 223.344 223.741 222.458 222.476 222.333 223.143 223.253 223.036 223.11 223.129 222.845 222.704 222.307 223.878 223.363 223.766 223.254 222.58 222.407 221.835 221.466 224.496 223.806 224.438 223.577 222.349 221.871 221.598 221.855 224.732 223.407 224.019 223.746 223.375 222.344 222.106 221.303 224.326 223.437 223.749 222.655 222.367 221.276 221.202 220.879 222.948 223.033 222.955 222.002 222.323 221.645 220.889 220.211 
189.822 189.949 188.92 188.588 188.073 187.322 187.328 187.891 189.493 190.437 190.227 187.519 186.526 186.432 185.516 186.007 190.132 190.413 189.386 187.771 185.143 185.739 185.646 186.823 189.674 189.154 188.069 187.694 186.876 187.354 187.954 187.319 189.316 188.933 187.709 188.471 187.16 188.082 188.796 187.752 189.811 189.585 188.071 187.701 187.355 188.245 189.031 185.952 189.58 190.37 190.627 189.038 188.264 188.948 188.99 188.475 188.618 188.321 190.194 189.02 188.836 188.451 189.075 189.013 
192.789 193.315 192.549 192.47 192.227 191.044 191.214 191.224 192.883 193.137 192.745 192.828 192.744 191.23 190.493 191.537 192.823 192.131 192.02 192.586 192.58 191.467 190.736 191.889 192.493 192.412 191.99 191.979 192.052 191.752 191.621 191.769 192.642 193.469 193.428 192.484 191.801 192.018 192.269 192.058 193.014 194.726 193.327 192.569 192.505 192.136 192.567 192.816 194.737 195.275 194.727 193.386 193.176 193.179 192.793 193.174 194.115 194.569 195.725 195.147 194.318 193.684 192.753 192.585 
189.242 189.285 188.798 189.307 188.983 188.095 188.174 188.115 189.134 189.222 188.789 189.49 189.313 188.381 187.436 188.238 189.038 188.391 188.351 189.156 189.341 188.928 188.143 188.522 189.027 188.887 188.696 188.804 188.901 188.86 188.642 188.491 188.84 189.447 189.68 189.118 188.513 188.6 188.973 188.662 189.055 190.365 189.683 188.855 188.555 188.453 188.969 189.014 189.594 189.998 190.218 189.684 189.257 189.241 188.762 189.033 188.991 189.325 190.558 190.924 190.058 189.449 188.867 188.603 
174.48 174.297 174.124 173.907 174.009 173.927 173.899 173.891 174.457 174.514 174.659 174.743 174.851 174.232 174.269 174.275 174.172 174.569 174.897 175.006 174.729 174.77 174.661 174.277 174.578 174.769 175.351 174.922 174.946 175.131 175.115 175.024 174.945 175.514 175.546 175.302 174.964 175.013 175.764 175.271 174.848 174.989 175.32 175.387 175.299 175.143 175.415 175.221 174.942 174.859 175.555 175.721 175.671 175.704 175.36 174.939 175.396 175.337 176.304 176.277 176.167 176.078 175.798 175.027 
163.923 163.659 162.748 162.335 162.411 162.21 161.815 160.116 164.106 163.997 163.202 162.909 162.644 162.535 162.503 160.785 164.125 163.959 163.69 163.595 162.789 162.732 162.637 160.527 163.909 164.089 164.171 163.537 163.39 163.583 162.916 160.996 164.633 164.558 164.594 164.427 163.802 163.64 163.488 161.365 165.217 164.985 164.575 164.251 163.679 163.586 163.556 161.844 165.177 165.001 164.714 164.147 163.618 163.302 163.27 162.066 165.01 164.969 164.961 164.871 164.348 163.874 163.096 162.099 
154 151.75 151.999 151.368 150.203 150.946 149.722 147.735 151.574 153.446 153.393 151.755 149.643 149.176 147.624 147.064 152.164 152.473 151.842 150.838 148.743 147.439 146.586 147.277 152.489 152.558 151.712 149.965 148.937 149.224 148.301 148.264 153.358 153.403 150.695 149.617 151.106 151.008 149.365 147.091 151.933 153.293 152.522 149.206 148.695 149.398 148.664 147.915 150.475 149.465 150.556 150.4 148.641 149.298 149.77 148.668 151.124 150.121 151.23 150.503 148.67 147.825 147.342 146.841 
148.211 148.569 148.847 148.465 148.251 148.04 148.1 148.304 148.023 148.22 148.814 148.392 147.933 147.487 148.065 147.891 147.598 148.065 148.805 149.053 149.779 148.756 148.092 148.551 148.861 149.124 149.099 148.666 149.18 148.468 148.929 149.114 148.77 149.069 149.412 148.893 148.377 149.136 148.951 148.67 149.839 149.032 149.002 149.312 148.317 148.345 148.269 147.861 150.071 149.631 149.249 150.29 149.779 148.888 148.46 148.177 150.089 148.984 149.607 150.312 150.301 149.402 149.271 149.42 
144.742 144.674 144.836 145.342 145.778 146.159 146.846 147.463 144.032 144.411 144.75 145.384 145.969 146.31 146.916 146.741 143.43 144.054 144.467 145.369 145.42 146.252 146.61 147.191 144.004 144.559 145.218 145.325 144.807 145.721 146.129 147.248 144.295 144.599 145.05 144.9 144.804 145.849 146.257 147.147 144.507 144.377 144.868 144.785 145.052 145.908 146.57 146.93 144.445 144.308 144.969 145.102 145.435 145.764 146.144 146.907 144.597 144.354 144.9 145.516 146.01 145.483 146.095 146.507 
138.634 139.886 140.621 140.388 141.311 143.237 144.47 145.222 137.949 139.439 140.574 141.527 141.711 143.968 145.716 146.566 137.221 138.739 139.637 140.347 141.493 142.117 144.667 146.855 138.049 138.827 139.286 139.957 142.02 142.587 143.922 147.25 137.733 137.755 138.355 140.255 141.923 142.99 143.508 145.467 137.321 137.368 138.056 139.304 140.271 142.328 142.763 144.043 138.203 138.275 138.937 139.647 139.883 140.838 142.368 143.405 138.118 139.324 139.202 139.566 140.434 140.889 142.978 143.322 
240.848 240.792 240.797 240.922 240.61 240.209 239.951 239.578 240.392 240.312 240.189 240.3 240.015 239.705 239.359 239.055 239.896 239.475 239.531 239.291 239.325 238.88 238.231 238.014 238.737 238.563 238.49 238.463 238.286 237.917 237.556 237.04 236.973 237.501 237.388 237.35 237.106 236.846 236.759 236.098 233.949 233.82 234.164 234.368 234.011 234.011 234.041 233.263 232.286 232.07 232.218 232.188 232.272 231.229 230.994 229.333 62.0743 63.2555 63.0954 63.2901 63.1123 61.9987 60.3665 60.0163 
192.636 192.8 191.435 190.793 190.061 189.294 189.462 190.661 191.847 193.289 193.034 189.103 187.632 187.645 186.957 187.541 192.309 193.344 192.153 189.356 185.727 186.591 186.97 188.431 191.774 191.072 190.079 189.61 188.281 188.259 188.845 188.521 191.266 190.142 188.297 190.107 188.555 188.86 189.386 188.33 191.554 190.049 188.271 187.797 187.503 188.687 189.069 185.121 189.868 189.863 189.965 188.095 187.605 188.501 188.364 187.395 164.358 163.37 164.925 163.023 163.287 163.414 164.26 163.762 
172.679 172.754 170.917 169.336 168.757 167.794 167.457 169.064 171.856 172.813 172.474 167.717 165.779 166.733 165.95 166.122 173.142 173.661 171.371 168.334 163.735 165.775 166.031 166.214 171.867 171.269 169.611 169.304 168.181 167.574 168.114 166.855 170.7 169.775 167.525 170.404 168.952 168.415 169.051 167.887 171.298 170.088 167.715 168.064 167.69 168.69 169.443 164.886 170.473 170.669 170.037 168.416 168.083 169.119 169.574 167.469 168.574 167.182 168.447 166.836 166.652 167.348 168.024 168.568 
178.922 178.88 177.258 176.745 176.201 174.946 174.877 175.634 178.775 179.474 178.847 176.026 174.759 174.147 173.204 173.807 179.178 179.074 178.207 176.594 173.552 173.689 173.661 174.88 178.489 178.109 176.872 176.725 175.542 175.351 175.86 175.301 178.168 177.905 176.602 177.73 176.127 176.368 176.744 175.561 178.648 178.956 176.968 176.41 175.744 176.242 176.796 173.59 178.645 179.141 179.213 177.532 176.721 177.106 176.702 176.184 177.185 176.606 178.645 177.415 176.891 176.868 176.942 176.524 
177.245 177.1 176.265 175.261 175.117 174.573 174.561 174.93 177.612 177.476 177.447 176.182 176.262 175.228 174.705 175.396 177.748 177.439 177.789 177.304 176.463 175.444 174.614 174.751 177.636 178.195 178.324 178.047 177.503 175.405 175.278 175.01 177.825 178.031 178.853 178.033 177.803 176.086 176.112 175.772 178.549 178.321 178.282 177.851 177.735 176.774 176.248 175.291 177.762 177.185 176.995 177.355 177.501 176.643 175.704 174.652 176.841 176.328 176.586 176.519 176.122 176.656 175.017 173.894 
174.252 173.707 172.418 171.511 171.598 171.439 170.366 168.278 174.244 174.257 173.542 172.748 172.262 171.543 170.645 168.284 174.447 173.859 174.44 174.012 173.178 172.562 170.888 168.618 175.447 174.629 174.692 174.713 173.807 172.784 171.65 169.672 175.81 175.034 175.282 175.034 173.882 173.237 172.318 170.249 175.508 175.122 175.779 175.243 174.702 174.05 172.255 169.36 173.652 171.924 173.165 174.627 175.076 173.939 171.506 168.903 173.463 171.517 172.266 174.045 174.013 173.476 171.926 168.329 
160.519 157.362 155.436 153.44 150.849 147.05 143.002 139.578 158.635 158.557 156.463 153.54 150.3 145.687 141.195 137.596 159.224 157.839 155.438 152.859 149.691 143.697 140.612 138.669 159.677 158.098 155.571 152.038 150.131 145.981 142.193 140.143 160.785 159.596 154.902 152.023 151.232 147.432 143.921 139.068 158.943 158.851 156.184 151.165 149.344 144.981 143.169 139.812 157.069 155 153.623 151.775 149.007 145.635 143.085 140.16 157.767 155.552 154.75 151.491 148.585 143.853 141.341 138.455 
150.387 148.481 148.632 147.912 146.575 147.009 145.579 142.965 148.274 149.902 149.593 147.854 145.865 144.704 142.58 140.914 148.961 148.947 148.136 147.144 144.895 142.91 141.333 141.416 149.164 149.054 147.937 146.517 145.316 144.663 143.379 142.377 150.567 150.62 147.357 146.039 146.764 146.154 144.63 141.276 148.559 149.964 148.369 145.037 144.472 144.546 143.63 141.628 146.42 145.476 145.589 145.453 144.073 144.388 144.146 142.121 147.029 145.981 146.114 145.322 143.426 142.556 142.052 140.711 
147.46 145.651 146.18 145.719 144.474 145.058 143.881 142.288 145.317 147.08 146.938 145.472 143.916 143.041 141.083 140.414 146.019 146.383 145.597 144.748 143.107 141.417 140.066 140.944 146.642 146.61 145.42 144.174 143.22 142.986 141.787 141.736 147.784 147.769 144.728 143.704 144.642 144.335 142.861 140.688 145.681 147.098 145.875 142.768 142.349 142.688 142.046 140.801 143.656 142.922 143.404 143.224 141.935 142.383 142.544 141.186 144.482 143.467 143.902 143.072 141.513 140.682 140.312 139.654 
139.983 140.164 140.377 140.19 140.166 140.573 140.708 140.892 139.79 140.101 140.154 140.08 140.293 140.373 141.012 141.143 139.64 140.111 140.024 140.083 140.413 140.323 140.781 141.189 140.044 140.272 140.312 140.285 140.649 140.683 140.85 141.272 140.58 140.244 140.183 140.464 140.829 140.977 140.934 141.01 140.428 139.994 140.099 140.383 140.709 141.059 141 140.591 140.72 140.418 140.456 140.784 140.843 140.931 141.089 140.866 140.91 140.775 140.611 140.679 140.887 140.885 141.217 141.039 
136.843 137.3 137.693 137.771 138.166 138.969 139.508 140.174 136.492 136.827 137.105 137.688 138.081 138.95 140.136 140.985 136.238 136.912 136.939 137.224 138.116 138.419 139.948 141.05 136.535 137.016 137.25 137.374 138.384 138.873 139.504 140.846 136.88 136.689 136.992 137.516 138.215 139.03 139.445 140.09 136.442 136.346 136.673 137.171 137.361 138.57 139.067 139.217 136.395 136.472 136.852 137.231 137.335 137.945 138.841 139.199 136.729 137.016 136.942 137.019 137.691 138.075 138.885 138.946 
199.435 199.305 199.248 199.402 199.314 199.178 198.799 198.928 197.775 197.683 197.812 197.842 197.808 197.671 197.316 197.377 195.472 195.038 195.511 195.669 195.55 195.38 194.997 195.055 192.942 192.77 192.618 192.797 192.747 192.306 192.23 192.209 190.049 190.226 190.135 189.85 189.735 189.75 189.698 189.341 186.032 186.023 185.951 185.706 185.57 185.725 185.834 185.701 182.68 182.457 182.128 181.76 182.074 181.709 181.698 181.661 66.0636 65.5666 65.248 65.1387 64.942 64.4255 64.5817 64.7242 
163.414 163.537 162.887 161.849 162.151 160.976 159.313 159.658 162.09 162.199 161.843 161.17 160.185 161.645 159.628 158.754 162.448 161.883 160 159.834 158.278 160.581 158.785 155.44 160.14 160.562 159.402 158.969 158.99 158.313 156.796 154.652 157.368 157.994 156.84 158.662 157.807 155.803 155.756 155.994 157.418 157.195 154.792 156.115 155.736 154.858 155.239 155.258 156.47 156.301 154.167 154.093 154.361 154.183 155.026 153.07 151.348 150.004 148.878 149.508 148.488 148.133 147.556 149.999 
163.895 163.97 162.083 160.801 160.298 159.41 158.71 159.88 163.323 164.375 163.434 159.492 157.746 158.311 157.34 156.969 164.361 164.728 162.42 159.783 155.709 157.753 157.698 157.424 163.24 162.591 161.067 160.572 159.386 159.281 159.614 158.426 162.079 161.153 159.09 161.873 159.85 159.831 160.044 159.125 162.458 161.197 159.007 159.288 158.705 159.611 160.26 156.22 161.647 161.693 161.235 159.527 159.15 160.222 160.551 158.888 160.41 158.916 159.996 158.732 158.28 158.493 159.38 160.133 
151.691 151.047 150.556 149.19 149.033 148.077 146.441 146.915 151.331 150.23 149.923 148.798 148.094 148.334 146.879 147.109 152.128 151.286 149.629 149.108 147.557 148.606 147.243 145.513 151.203 151.049 149.727 149.541 149.579 148.72 147.8 146.349 148.717 149.441 148.597 149.95 149.423 147.691 147.914 148.205 150.023 149.849 147.838 148.847 148.565 147.87 147.724 147.349 150.772 150.736 148.563 148.294 148.471 148.193 148.646 147.021 149.059 148.484 147.909 148.469 147.466 146.99 146.04 147.827 
155.739 155.503 154.693 153.667 153.639 153.474 152.433 151.76 156.093 156.072 155.361 154.942 154.186 153.481 152.393 151.703 155.957 155.655 156.218 155.662 154.703 154.192 152.598 152.038 156.591 155.868 155.944 156.011 154.977 154.231 153.544 153.189 156.746 155.921 156.148 156.066 155.08 154.391 153.624 153.35 156.899 156.355 156.394 155.912 155.519 154.889 153.531 152.454 155.01 153.53 154.097 155.162 155.512 154.52 152.713 151.608 154.8 153.312 153.262 154.55 154.292 153.91 152.709 151.078 
166.199 162.663 155.532 150.392 145.749 134.735 125.632 122.247 167.327 161.875 155.855 151.105 146.189 136.683 128.46 121.063 167.368 162.564 157.03 152.024 147.808 136.08 130.093 123.474 167.621 162.683 158.506 151.831 148.966 138.142 129.465 125.045 167.7 163.246 158.373 152.984 147.486 138.846 131.593 124.939 168.044 162.324 158.099 152.82 149.547 136.76 132.304 126.579 168.502 164.313 158.543 153.558 149.117 139.296 130.521 126.991 169.186 165.052 160.531 153.462 149.361 138.638 132.026 126.334 
173.546 166.466 151.469 140.618 130.536 111.481 92.4193 81.5423 175.38 163.887 151.645 141.461 130.427 114.656 98.0341 79.2542 175.423 165.445 153.29 143.21 133.806 113.236 101.494 84.2196 175.727 165.036 155.547 143.11 136.416 117.726 99.4839 87.3087 175.56 166.26 155.352 145.405 132.952 119.5 103.567 86.9459 175.806 165.465 155.746 144.176 137.14 115.063 105.843 90.8475 175.94 168.383 155.774 145.025 135.739 120.213 101.805 91.7598 177.058 168.845 159.381 144.429 135.942 118.543 104.218 89.9849 
145.225 142.336 141.358 139.872 137.469 134.761 131.635 129.454 143.351 143.594 141.867 139.175 137.031 133.936 129.987 127.301 144.569 143.343 141.236 138.6 136.911 132.037 128.71 127.644 145.43 144.156 141.689 138.954 137.706 133.341 129.726 128.686 146.035 145.761 141.855 139.264 138.634 135.078 131.341 127.825 144.338 145.113 142.885 138.232 136.175 133.92 131.018 128.923 142.393 140.516 139.97 138.399 136.506 134.861 132.162 129.375 142.609 141.381 141.065 138.218 136.194 132.571 130.564 127.636 
137.593 137.35 137.133 136.716 136.549 136.266 135.846 135.316 137.905 137.732 137.381 136.72 136.58 136.012 135.665 135.299 138.283 137.88 137.52 137.11 136.721 136.101 135.616 135.244 138.356 138.204 137.999 137.552 137.347 136.642 136.206 135.746 138.79 138.606 138.109 137.775 137.429 137.083 136.681 136.11 138.962 138.604 138.322 138.033 137.944 137.237 136.793 136.191 139.141 138.66 138.47 138.242 137.927 137.594 137.127 136.473 139.129 138.816 138.694 138.535 137.896 137.673 137.457 136.988 
134.761 134.688 134.816 135.089 135.191 135.227 135.194 135.09 135.112 134.876 134.65 134.747 135.117 135.084 135.251 135.665 135.394 135.245 134.742 134.841 135.488 135.355 135.278 135.396 135.551 135.42 135.176 135.192 135.474 135.615 135.28 135.308 135.665 135.416 135.319 135.381 135.565 135.883 135.685 135.674 135.73 135.4 135.484 135.672 135.775 135.917 136.029 135.796 135.596 135.578 135.993 135.986 136.016 136.185 136.262 136.296 135.795 135.663 136.028 136.084 136.139 136.103 136.179 136.068 
131.696 132.043 132.841 133.055 133.108 134.036 134.987 135.975 131.714 131.787 132.058 132.876 133.359 134.433 135.61 136.903 131.889 132.198 132.253 132.267 133.621 133.981 135.339 136.688 132.573 132.772 132.738 132.864 134.284 134.825 135.153 136.381 132.795 132.366 132.501 133.578 134.508 134.987 135.323 135.8 132.483 132.26 132.586 133.465 134.191 135.001 135.077 135.508 132.839 132.787 133.235 133.794 133.996 134.539 135.204 135.694 132.878 133.4 133.697 133.988 134.001 134.584 135.346 135.225 
112.491 113.55 114.012 113.73 114.487 114.913 115.055 114.639 110.074 110.879 111.822 112.232 112.988 112.897 113.771 112.915 107.77 108.386 109.101 110.568 109.967 110.326 110.545 110.379 106.024 105.987 105.855 106.597 107.342 107.309 106.567 106.584 102.136 101.84 101.696 102.407 104.144 103.434 101.71 101.162 98.3993 98.3558 97.9961 97.9626 97.9359 98.7895 96.404 95.6236 93.8502 93.6531 93.5403 93.4721 93.6886 93.9943 92.6918 91.1687 84.5755 84.1558 83.922 84.0996 84.2837 85.2252 85.2011 84.3963 
133.094 134.245 133.57 133.125 132.808 133.348 131.94 130.997 133.844 134.873 132.345 132.057 132.722 131.684 131.584 128.891 132.213 131.727 129.682 129.246 128.794 129.5 128.892 127.362 129.538 129.534 128.829 127.201 126.793 127.116 126.958 125.91 126.951 126.78 126.858 126.254 124.418 125.927 124.033 124.183 124.892 124.445 124.423 123.955 123.692 122.86 122.198 122.047 123.384 123.392 122.584 121.728 121.472 121.461 120.96 121.504 122.224 121.802 121.266 120.825 119.596 119.085 118.844 119.85 
143.26 143.078 142.515 141.193 141.104 140.519 138.623 138.824 143.077 142.401 141.645 140.623 140.027 140.434 138.984 138.409 143.631 142.961 140.82 140.361 138.934 140.404 139.229 136.827 142.372 142.08 140.757 140.358 140.633 140.468 139.39 137.601 139.622 140.378 139.452 140.82 140.079 139.124 138.951 139.039 140.363 140.392 138.627 139.499 139.153 138.685 138.393 137.969 141.016 141.153 139.24 138.805 139.027 139.074 139.399 137.831 139.583 139.037 138.555 139.288 138.251 137.603 136.945 138.746 
133.709 133.582 133.561 132.508 131.698 131.755 130.344 130.097 134.551 134.027 133.155 132.508 132.285 131.274 130.202 130.206 134.199 133.711 133.21 132.48 131.55 131.155 130.788 130.478 133.321 132.82 132.799 132.735 132.115 132.371 132.251 131.645 131.433 132.109 132.566 132.262 131.658 132.263 131.805 131.687 132.362 132.414 131.946 131.515 131.459 131.312 130.542 130.283 133.114 133.25 132.048 131.589 131.558 131.251 130.663 130.201 131.872 132.231 132.573 132.74 131.744 130.977 130.543 130.753 
129.096 128.771 129.035 128.396 127.811 127.636 126.683 126.753 129.384 128.764 128.77 128.306 128.006 127.32 126.256 126.937 129.086 128.978 129.018 128.385 127.644 127.302 126.963 127.041 128.526 128.125 128.212 128.395 128.243 128.379 128.229 127.921 126.969 127.518 127.855 127.67 127.885 127.963 128.154 127.914 127.907 127.857 127.353 127.172 127.212 127.379 126.995 126.877 128.459 128.438 127.46 127.278 127.281 127.234 126.924 126.394 127.12 127.497 127.676 128.012 127.455 127.046 127.07 126.986 
123.095 122.758 122.216 121.531 120.642 119.944 118.644 117.001 123.257 122.796 122.103 121.339 120.687 119.6 118.744 116.903 122.788 122.366 121.645 120.707 120.045 119.245 118.365 116.863 122.367 121.8 121.247 120.287 119.523 118.832 118.163 116.607 122.122 121.449 120.526 119.728 119.118 118.376 117.639 116.48 121.844 120.929 119.868 119.03 118.579 117.797 117.152 116.343 121.152 120.36 119.539 118.901 118.062 117.416 116.666 115.824 120.557 120.004 119.262 118.712 117.808 117.181 116.572 115.841 
132.291 130.029 126.282 123.329 120.388 113.162 108.184 105.722 132.945 129.568 125.695 122.302 120.758 115.604 110.667 104.841 133.887 130.604 127.217 123.134 122.586 115.258 110.46 104.955 134.585 131.673 128.988 125.137 123.873 114.644 108.664 105.294 134.054 132.761 130.505 126.716 122.3 115.267 109.577 105.547 134.649 132.181 129.597 125.83 122.35 115.84 110.619 107.326 134.567 131.562 128.628 125.158 123.227 118.27 111.582 107.691 133.643 132.359 129.979 125.094 123.422 116.949 113.006 107.352 
124.518 123.503 123.221 122.978 122.111 121.457 120.778 119.981 124.613 123.907 122.833 121.862 122.734 123.052 122.075 119.712 125.575 124.676 124.079 122.692 123.843 122.94 120.761 118.458 126.095 125.991 125.454 124.633 124.762 121.73 119.948 118.431 125.995 127.08 127.458 126.192 124.077 122.532 120.394 119.257 126.311 127.049 127.088 126.18 123.467 124.393 121.144 120.666 126.36 125.214 125.885 125.247 125.299 125.9 123.243 120.752 125.642 126.1 126.178 125.326 125.613 125.097 124.069 121.05 
125.555 124.83 124.782 124.592 124.146 123.848 123.429 123.395 125.874 125.245 124.551 123.901 124.814 125.475 124.706 123.477 126.919 126.067 125.716 124.621 126.07 125.57 123.85 122.524 127.701 127.486 127.141 126.725 127.068 124.669 123.157 122.409 127.368 128.424 128.896 128.058 126.713 125.518 123.892 123.486 127.779 128.348 128.399 127.861 126.126 127.223 124.506 124.528 127.915 127.052 127.748 127.142 127.516 128.401 126.333 124.614 127.007 127.779 128.13 127.494 128.031 127.719 127.167 124.752 
123.682 124.426 124.983 124.873 125.182 125.493 125.581 124.913 124.022 123.938 124.251 124.852 125.31 125.786 124.941 124.888 125.094 125.209 125.028 124.833 126.028 126.604 125.307 125.498 125.987 126.906 126.151 125 126.276 127.696 126.699 126.485 125.392 126.406 126.537 125.582 126.257 128.524 128.03 125.931 125.455 125.278 126.347 126.562 126.801 126.67 125.321 124.05 125.857 125.12 125.556 127.13 127.201 126.263 125.526 124.726 125.493 125.595 125.76 126.99 127.927 127.413 126.237 126.899 
123.707 124.043 125.159 126.062 126.813 127.773 129.456 130.287 124.772 124.576 125.026 126.38 127.844 128.896 129.716 131.124 125.522 125.414 125.82 126.631 128.232 129.002 129.044 129.998 125.715 126.014 126.94 127.435 128.393 129.619 128.977 128.804 125.745 126.238 126.952 127.906 128.944 129.827 129.764 129.954 126.088 126.434 127.216 128.384 129.249 129.774 130.244 131.046 126.209 126.737 127.775 128.216 129.015 129.419 129.761 130.868 126.514 127.075 127.757 128.33 128.756 128.929 128.903 129.624 
96.1025 97.4398 97.8512 97.4354 98.3151 99.1005 99.5581 98.7845 93.6363 94.5449 95.3243 95.6881 96.2979 96.3799 97.2229 96.2041 91.0138 92.2421 92.0991 93.4147 93.0126 93.2479 93.6995 93.1595 89.4016 89.1683 88.99 89.1845 90.0927 90.3637 89.5843 89.6429 85.5679 85.4997 84.8502 85.4932 87.008 86.6524 85.0402 84.4622 82.2502 82.5814 82.2133 81.7926 81.9701 82.7589 80.6639 79.5796 78.8444 78.5284 78.23 78.1024 78.2096 78.5832 77.4447 75.6785 75.1276 75.1901 74.2822 74.3368 74.2654 75.3989 75.4795 74.2777 
92.6143 93.1199 93.2473 93.0427 93.2136 93.1768 92.9513 92.4554 91.3334 91.6469 91.9568 92.0184 92.1539 91.8684 91.8857 91.0653 90.0004 90.2586 90.4391 90.8042 90.2381 90.1877 90.0859 89.4877 88.6562 88.6286 88.4104 88.4526 88.5981 88.4172 87.7854 87.5014 86.6174 86.2952 86.0801 86.2295 86.8605 86.1502 85.2979 84.8458 84.8412 84.6915 84.2995 84.2855 84.0366 83.9892 82.7622 82.1632 82.8472 82.505 82.3562 82.0318 82.1526 81.9054 81.264 80.1635 81.0272 80.5735 80.1132 80.265 79.9274 80.1597 79.9677 79.3106 
107.449 108.56 108.018 107.497 107.228 108.137 107.169 106.011 108.754 109.818 107.561 107.217 107.639 107.04 107.367 104.886 108.491 107.891 105.955 105.715 105.22 105.959 105.703 104.11 106.88 106.622 106.082 104.958 104.624 105.098 104.926 103.752 105.949 105.564 105.973 105.674 103.953 105.147 103.134 103.006 104.89 104.444 105.092 104.769 103.967 102.958 102.18 102.026 104.644 104.705 104.391 103.487 103.353 103.108 103 103.207 104.714 104.496 104.102 104.228 103.253 102.607 102.402 103.316 
103.104 103.222 104.088 104.475 104.319 104.495 103.781 103.207 103.45 103.381 104.373 104.38 104.144 103.772 103.406 103.206 103.794 103.55 104.352 103.912 103.464 103.546 103.338 103.201 103.223 102.886 102.985 102.883 103.421 103.582 103.84 103.314 101.853 101.737 102.115 102.401 102.521 103.029 103.243 103.078 101.504 101.207 101.886 101.976 101.865 101.368 101.81 101.828 100.874 101.44 101.598 101.373 101.281 101.02 100.909 101.234 99.4926 99.962 100.709 101.359 101.422 101.152 100.747 100.616 
102.551 102.824 103.186 103.365 103.424 103.537 103.44 103.702 102.389 102.85 103.066 103.443 103.767 103.787 103.614 103.57 101.962 102.465 102.92 102.843 102.961 103.057 103.249 103.172 101.631 101.785 102.214 102.415 102.47 102.61 103.111 102.77 101.739 101.714 101.652 102.071 102.441 102.45 102.577 102.482 101.508 101.585 101.396 101.647 101.788 102.007 102.326 102.431 100.92 100.935 100.963 101.196 101.436 101.315 101.771 101.82 100.625 100.819 100.832 101.154 101.334 101.107 101.234 101.615 
93.8955 94.2064 94.9584 95.3971 94.8916 94.922 94.9025 94.9917 94.5526 94.7837 95.1359 95.9367 95.8829 96.6081 95.6628 94.8137 95.5074 95.3582 94.8151 94.7853 95.07 96.3581 96.1983 94.5339 95.7384 95.1973 95.0353 94.8964 94.9972 95.6522 95.564 94.9059 95.5105 94.6394 94.2581 94.5635 95.7541 96.1553 94.9329 93.4 94.8175 94.1317 93.7795 93.5368 94.5219 96.1835 95.3314 92.3957 94.8513 94.526 94.0062 94.253 95.0439 95.1097 93.3034 92.2541 95.0346 94.7377 94.2853 94.147 93.5637 93.4084 92.5759 92.0294 
103.136 102.877 102.335 101.456 100.723 100.005 99.3457 98.1431 103.292 103.035 102.255 101.145 100.636 100.087 99.2961 97.9479 103.207 102.954 102.022 100.994 100.565 99.8804 99.3027 97.9401 102.888 102.5 102.021 100.785 100.211 99.4783 98.9155 97.8404 102.667 102.028 101.444 100.731 100.032 99.1745 98.5357 97.561 102.502 101.653 100.845 100.164 99.6919 98.744 98.2384 97.5898 101.97 101.246 100.063 99.6809 99.2052 98.5112 98.3305 97.6501 101.442 100.638 99.7746 99.3854 99.0239 98.729 98.1112 97.63 
117.521 116.819 116.566 116.028 115.322 114.927 114.401 114.207 117.647 117.031 116.083 115.125 115.886 116.422 115.513 114.01 118.477 117.69 117.118 115.738 116.963 116.417 114.614 113.105 119.153 118.918 118.44 117.768 117.701 115.24 113.815 112.911 119.046 119.829 120.115 119.133 117.511 115.864 114.126 113.587 119.606 119.788 119.503 118.717 116.882 117.742 114.747 114.533 119.68 118.547 118.571 117.905 118.11 118.906 116.711 114.91 118.835 119.177 119.125 118.17 118.449 118.215 117.495 114.916 
119.947 120.374 120.531 119.96 119.855 120.111 119.97 119.12 120.022 119.817 119.869 120.012 120.037 120.443 119.32 118.656 120.919 120.942 120.613 120.162 120.814 121.021 119.46 119.352 121.661 122.673 121.764 120.319 120.912 121.89 120.886 120.52 121.229 122.151 122.074 120.816 121.048 122.903 122.223 120.042 121.295 120.976 121.748 121.668 121.429 121.012 119.354 117.827 121.51 120.527 120.541 121.89 121.778 120.496 119.621 118.482 121.322 120.916 120.757 121.57 122.389 121.641 120.368 120.906 
120.027 120.863 121.151 120.727 120.854 121.267 121.463 120.643 120.268 120.157 120.542 120.924 121.093 121.697 120.867 120.69 121.107 121.406 121.307 121.129 122.118 122.653 121.281 121.454 122.006 123.115 122.44 121.416 122.315 123.619 122.567 122.253 121.432 122.458 122.62 121.627 122.296 124.301 123.834 121.808 121.382 121.11 121.944 122.193 122.456 122.316 121.054 119.621 121.501 120.832 120.954 122.441 122.61 121.71 121.045 120.179 121.021 121.069 120.994 122.079 123.278 122.844 121.659 122.199 
119.597 120.827 121.524 122.154 122.171 122.209 122.411 121.803 119.753 119.795 120.653 121.756 122.048 122.57 121.638 121.782 120.849 120.944 121.772 121.623 122.31 123.295 121.857 122.505 121.326 122.462 122.508 121.864 121.743 123.832 122.977 122.901 120.671 122.183 122.264 122.134 121.816 124.423 123.96 122.197 120.324 120.685 122.64 122.841 122.701 122.489 120.878 119.79 120.3 119.738 120.462 122.087 122.456 121.825 121.151 120.447 119.804 119.939 120.989 122.074 123.633 123.229 122.204 122.939 
64.7459 65.022 64.8309 64.3093 64.4343 64.6851 64.7529 64.6157 63.0698 62.8043 62.9646 62.8761 62.9974 62.7683 62.8914 62.744 61.2124 61.3859 61.1143 61.5366 60.9728 60.7507 60.742 60.6509 60.1566 59.6459 59.3178 59.2013 59.1894 58.9303 58.2518 58.3994 58.1874 57.4537 56.8554 56.9266 57.3065 56.7214 55.8172 55.8488 56.3142 56.0797 55.3491 55.0071 54.6548 54.8922 53.5791 53.0957 54.8737 54.0313 53.6311 53.0054 52.8527 52.8751 52.1614 51.1189 53.1588 52.4642 51.4099 51.4013 50.9923 51.3936 51.215 50.7919 
71.2451 71.2026 70.6992 70.3951 69.8993 70.2825 70.1923 69.4283 70.3945 70.1884 69.949 69.4174 68.9147 68.8231 68.8496 68.3008 69.7103 69.0294 68.2941 68.0722 67.6947 67.4368 67.1164 66.3537 68.5873 67.5211 66.6867 65.996 65.9962 65.8633 65.3396 64.7768 67.915 66.6802 65.8731 65.0571 64.5946 64.2073 63.6456 63.3317 66.5111 65.2488 65.0921 64.2786 63.2961 62.387 62.2494 62.3844 65.6954 64.362 63.7476 62.782 62.644 62.2035 62.3128 62.4129 64.7602 63.9421 62.9568 62.6364 62.3102 62.1237 62.3498 62.1656 
75.8727 76.2523 76.7674 77.1718 76.9909 77.1271 76.799 76.027 75.9567 76.3501 77.0724 77.0082 76.6465 76.4387 76.4217 75.6352 76.1837 75.9096 76.468 76.1926 75.8749 75.8764 75.5725 74.9894 75.5682 75.2618 75.1138 74.704 75.006 74.8722 74.9118 74.283 75.0428 74.3195 74.2832 74.1521 73.874 73.9004 73.8448 73.7127 73.9229 73.3295 74.0555 73.8593 73.1683 72.162 72.6579 72.7881 72.6664 72.8464 73.2888 72.796 72.406 71.8767 71.8382 72.27 71.745 71.8005 72.0319 72.3873 72.3017 72.0103 71.6625 71.3686 
80.151 80.6354 81.5334 82.4061 82.583 82.9958 82.7198 82.2126 80.3414 80.9165 82.113 82.4144 82.5098 82.5593 82.8196 82.1608 80.7483 80.7085 81.7235 81.7495 81.7152 81.9317 81.8846 81.6695 80.3432 80.2033 80.3517 80.177 80.8918 80.9034 81.3724 81.02 80.139 79.4238 79.4819 79.7214 79.7809 80.0581 80.131 80.2638 79.0862 78.5145 79.4244 79.4243 79.0636 78.1212 78.8724 79.1885 77.7061 78.0935 78.5864 78.2995 78.2755 77.8059 77.8542 78.5557 76.6971 76.9325 77.3699 77.8772 78.2126 78.0411 77.668 77.6892 
84.8142 85.1806 86.3606 87.32 87.1253 87.3011 87.3263 87.4536 85.6414 85.9617 86.7466 87.9651 87.948 88.7388 88.247 87.5029 86.6802 86.5304 86.5353 86.6767 86.983 88.4045 88.4971 87.2378 86.8454 86.2574 86.3186 86.3337 86.8646 87.6673 88.0079 87.4898 86.5973 85.614 85.5121 85.9886 87.1672 88.0451 87.4466 86.1965 85.6918 85.2505 85.1826 85.0313 86.0156 87.5455 87.4113 84.9692 85.5473 85.5857 85.358 85.5827 86.515 86.6217 85.178 84.6928 85.5541 85.564 85.2876 85.4477 85.2298 85.308 84.6415 84.2459 
88.1838 88.4332 89.3208 89.8788 89.5239 89.6631 89.6838 89.9995 88.7723 89.0212 89.4725 90.635 90.6382 91.3512 90.5289 89.8446 89.6062 89.6424 89.2949 89.4284 89.718 90.893 90.9401 89.5587 89.9243 89.4437 89.5228 89.4337 89.583 90.3197 90.5103 89.8049 89.9059 89.0933 88.7359 89.1092 90.2786 90.8613 89.8491 88.232 89.1697 88.8322 88.4288 88.1345 89.1901 90.8997 90.1994 87.1854 89.1747 89.0154 88.5174 88.8294 89.7863 89.745 88.17 87.1155 89.2995 89.2227 88.723 88.7189 88.3938 88.1765 87.2699 86.7876 
90.6343 90.5707 91.3535 91.7183 90.5435 89.7453 89.6434 89.644 91.3862 91.2289 91.3803 92.245 91.1804 90.9359 89.8707 89.4736 92.4801 92.219 91.2161 90.8722 90.499 90.9654 90.5995 89.3126 92.8166 92.1217 91.5049 90.5761 90.3311 90.7576 90.6182 90.0311 92.3295 90.9175 90.2151 89.9942 90.6154 91.0961 90.155 88.2292 91.4856 90.2698 89.4161 88.7211 89.5282 91.1788 90.4782 86.8674 91.7559 90.9361 89.8202 89.8008 90.4246 90.2804 88.199 86.8915 91.3974 90.9798 90.1996 89.8297 89.0031 88.5034 87.4347 86.7016 
102.055 101.823 101.632 101.157 100.635 100.299 100.068 100.204 102.171 102.053 101.626 101.001 100.559 100.274 100.121 100.163 102.41 102.172 101.587 100.971 100.72 100.379 100.107 100.094 102.281 102.052 101.537 101.022 100.752 100.415 100.186 100.162 102.233 101.682 101.369 101.068 100.777 100.266 100.086 99.8432 102.207 101.674 101.271 100.838 100.583 100.219 99.8217 99.7054 101.934 101.503 100.916 100.615 100.388 100.196 100.138 99.9528 101.874 101.296 100.907 100.656 100.406 100.407 100.172 100.062 
111.453 111.3 110.995 110.804 110.437 110.653 110.782 111.053 111.395 111.333 111.298 111.028 110.583 110.819 111.067 111.1 111.451 111.527 111.457 111.334 111.071 111.096 111.141 111.114 111.605 111.695 111.585 111.694 111.387 111.098 111.006 110.82 111.777 111.676 111.558 111.541 111.452 110.935 111.013 110.984 111.773 111.514 111.334 111.158 111.124 111.112 111.065 110.965 111.739 111.405 111.152 110.893 110.984 110.99 110.908 110.834 111.688 111.201 111.203 111.018 111.06 110.94 111.005 111.055 
117.354 118.428 118.967 119.26 118.908 118.849 118.953 118.531 117.509 117.661 118.322 118.869 118.754 119.293 118.587 118.536 118.336 118.754 119.169 119.014 119.352 120.248 118.859 119.246 118.765 120.06 119.779 119.259 118.907 120.579 119.716 119.593 118.27 119.661 119.784 119.221 118.707 120.903 120.499 118.843 117.851 118.195 119.806 119.791 119.292 119.056 117.665 116.409 117.719 117.246 117.646 119.168 119.258 118.712 118.087 117.122 117.303 117.323 118.187 119.03 120.377 120.026 119.072 119.622 
115.498 116.512 116.681 118.769 118.315 117.524 117.673 117.841 115.459 115.974 117.071 117.978 117.693 117.68 118.284 118.896 115.786 115.717 117.892 118.244 117.133 117.847 118.381 118.983 115.09 115.416 117.177 118.649 116.164 117.014 117.453 117.632 115.693 116.269 116.358 118.411 116.391 116.47 116.921 117.896 115.001 116.028 117.866 118.079 117.253 117.283 117.668 118.338 114.743 115.221 115.817 115.875 116.672 117.548 117.984 118.121 114.461 114.588 116.688 116.546 117.736 118.04 118.608 118.543 
5.06175 4.93917 4.70353 4.59978 4.60124 4.58434 4.63085 4.57177 4.91868 4.60964 4.4963 4.39125 4.29253 4.27334 4.24407 4.23936 4.62256 4.43854 4.18905 4.16138 4.07955 3.99503 3.93777 3.90068 4.47642 4.16043 4.02195 3.82211 3.8102 3.7895 3.65215 3.65507 4.30415 4.00389 3.76386 3.65825 3.53075 3.55709 3.57534 3.57488 4.16163 3.84081 3.66788 3.54826 3.52402 3.50568 3.54788 3.55326 4.19891 3.81064 3.63457 3.53651 3.47118 3.49552 3.4934 3.55622 4.18652 3.89468 3.65031 3.52726 3.48984 3.47595 3.67966 3.60424 
47.6668 47.1607 46.4288 45.8623 45.4651 45.1318 44.9995 44.9194 47.395 46.7808 46.203 45.671 45.3441 45.0131 44.7625 44.6657 47.1381 46.4037 45.9026 45.4531 45.1262 44.8682 44.6515 44.3137 46.7503 46.3732 45.5859 45.0921 44.7665 44.5953 44.4035 44.0339 46.5343 45.9678 45.3469 44.6443 44.4051 44.2534 44.2468 44.0393 46.397 45.7481 45.1422 44.7309 44.3804 44.1958 44.0432 43.9129 46.4016 45.7802 45.0473 44.5287 44.2937 44.0502 43.9251 43.8162 46.4637 45.8494 45.1485 44.6853 44.271 44.0301 43.9534 43.8059 
60.2817 60.4464 59.9978 59.5616 59.3715 59.5275 59.6469 59.4095 60.4442 60.5146 60.4794 59.8485 59.6274 59.8569 59.7841 59.5409 60.4717 60.5015 60.4143 60.1758 59.8546 59.7859 59.6903 59.3531 60.3197 60.413 60.0684 59.7789 59.715 59.6208 59.4724 59.2296 60.7648 60.4521 59.9145 59.4845 59.5026 59.581 59.3073 59.2131 60.6077 60.2327 60.0513 59.5939 59.4477 59.2446 59.1341 59.365 60.4967 60.2496 59.6232 59.2443 59.3637 58.9919 59.0234 59.4321 60.1745 59.8921 59.6164 59.4285 59.4207 59.4427 59.6452 59.5795 
69.4488 69.391 69.2361 69.2824 68.4044 68.642 68.8448 68.8499 69.4292 68.1667 69.3757 70.0224 69.466 68.6725 68.9697 68.5857 68.7757 68.1445 68.2663 68.9322 69.5782 69.444 69.0378 68.5005 69.25 69.3252 69.1534 69.1768 69.7284 69.3924 68.7166 67.7606 69.5218 69.3065 69.2065 69.3824 69.5166 69.3978 68.2932 67.2662 69.46 69.557 69.6924 69.3 69.5356 68.4495 67.8322 67.2356 68.9629 69.3177 69.7003 69.7824 69.765 68.9643 67.8026 67.6701 68.7884 69.142 69.5852 69.8104 69.7194 69.4226 68.851 68.3137 
75.564 75.7504 76.1102 76.3272 76.8832 77.2484 77.3714 77.5915 75.6189 75.8206 76.1619 76.4341 76.7973 77.2346 77.642 77.8329 75.4978 75.8776 76.2899 76.5212 76.6261 76.9917 77.486 77.5475 75.5262 75.6869 76.0486 76.223 76.6803 76.8457 77.1574 76.9476 75.6846 75.8862 75.885 76.0677 76.4586 76.8575 77.0905 77.2308 75.6585 76.053 76.0061 76.0113 76.3542 76.6332 76.7918 76.9925 75.7302 75.8925 75.8799 75.9977 76.3993 76.3765 76.5049 76.6748 75.7787 75.7393 75.737 75.9749 76.2376 76.1849 76.55 76.9396 
85.3804 85.3384 86.2574 86.7737 85.6956 85.0574 85.0003 85.0747 86.1645 85.9966 86.2799 87.2675 86.191 86.2443 85.3758 84.9231 87.3064 86.9905 86.1077 85.9162 85.5713 86.2565 85.9826 84.6496 87.7253 86.9992 86.4162 85.7236 85.6102 86.0817 85.9675 85.2913 87.2581 85.9679 85.3292 85.1456 85.8966 86.6629 85.7924 83.8871 86.5222 85.5518 84.7353 84.0839 84.8772 86.6531 86.0269 82.5587 86.9329 86.3547 85.2593 85.2794 85.9898 85.9361 83.8773 82.6108 86.6838 86.4978 85.7325 85.3509 84.657 84.3057 83.338 82.6687 
90.281 89.6328 89.537 89.5851 88.2713 86.5119 85.9741 86.0532 90.415 89.5829 89.3727 89.2118 87.3842 85.4296 84.8518 85.6462 90.7299 90.5303 89.6564 88.7049 87.4224 85.7176 84.8176 85.4328 90.833 90.7305 89.4724 87.6346 86.808 86.2001 85.5977 85.6281 89.8319 88.9304 88.1055 86.9424 85.8588 85.7466 85.8776 85.155 89.6469 88.1013 87.2435 86.4362 85.7365 85.3145 85.5035 84.6607 89.7273 88.5459 87.1646 86.4091 85.8537 85.6496 85.2603 84.6113 88.3096 87.9378 87.0435 86.4219 86.1082 85.5532 85.1222 84.6156 
92.4005 92.2377 92.1504 92.1031 90.5887 88.8384 88.8 88.7969 92.4972 92.0977 92.218 91.8482 89.922 88.0726 88.3873 89.2778 92.7309 92.9406 92.8989 91.3176 90.5885 89.0478 88.7336 89.6753 92.9792 93.4119 92.7127 91.1443 90.2668 89.7816 89.4802 89.774 92.0994 92.2792 91.6823 90.9454 90.0501 90.1362 89.639 89.2738 92.3773 91.3729 91.0672 90.5809 89.9869 89.745 89.3331 89.0912 93.0597 92.355 91.3668 90.7495 90.4632 90.1437 89.4916 89.2271 92.3285 91.894 91.481 90.7953 90.6071 90.4102 90.0035 89.7413 
102.717 102.634 102.663 102.367 101.909 101.972 102.087 102.442 103.269 103.418 102.816 102.609 102.235 102.733 102.805 102.942 102.911 103.539 102.653 103.101 103.025 103.248 102.941 102.832 103.139 103.683 102.842 103.183 102.757 102.771 102.615 102.533 103.271 103.647 103.886 103.324 102.92 102.685 102.829 102.786 103.261 103.711 104.024 103.779 103.029 103.113 103.357 103.381 103.51 103.711 103.626 103.769 103.467 104.069 104.115 103.735 103.733 103.854 103.919 103.888 103.68 104.314 104.243 103.785 
107.321 108.592 109.687 109.08 107.248 106.276 106.684 106.667 108.126 109.373 108.914 107.971 107.97 106.03 107.781 107.585 107.695 109.16 108.181 107.133 107.764 106.798 109.069 109.519 107.228 108.465 107.644 107.268 107.927 107.918 109.124 109.96 107.756 107.392 107.937 108.15 108.223 109.373 109.189 109.441 108.508 108.689 108.454 109.67 109.877 110.472 109.287 109.395 109.576 109.456 107.276 107.726 109.506 109.817 109.732 109.417 108.916 109.17 108.451 107.911 109.926 109.642 109.408 109.506 
112.163 112.94 113.102 115.102 114.576 114.016 114.316 114.787 112.284 112.756 113.463 114.48 114.229 114.543 115.084 115.807 112.321 112.585 114.084 114.841 113.836 114.77 115.328 115.978 111.705 112.195 113.412 114.992 112.697 113.807 114.597 114.854 112.181 113.022 113.345 114.952 112.886 113.466 114.19 115.142 111.574 112.886 114.898 115.109 114.101 114.298 114.871 115.652 111.528 112.118 112.823 113.247 113.905 115.177 115.553 115.709 111.45 111.842 114.016 114.025 115.179 115.717 116.31 116.04 
2.25442 2.14411 2.01882 1.92942 1.88313 1.85262 1.91626 1.95029 2.14955 2.00251 1.93027 1.81457 1.77215 1.77922 1.75352 1.85848 2.06837 1.95651 1.89201 1.82765 1.75073 1.72137 1.69008 1.72197 2.0254 1.95387 1.86434 1.76611 1.70763 1.68972 1.67841 1.71485 2.02419 1.90898 1.84895 1.76131 1.70431 1.70315 1.71603 1.7022 2.16699 2.08034 1.97413 1.92745 1.85003 1.84877 1.85526 1.85388 2.21296 2.1132 2.02436 1.94948 1.88581 1.87261 1.86149 1.87553 2.24857 2.14861 2.06593 2.00566 1.91684 1.91141 2.08721 2.03756 
13.2708 13.2638 13.2516 13.2647 13.301 13.3845 13.4649 13.4196 13.2917 13.1929 13.2479 13.2659 13.269 13.3576 13.4297 13.4218 13.2862 13.2437 13.2476 13.2897 13.2676 13.3118 13.2807 13.3122 13.3772 13.2628 13.2437 13.2633 13.3231 13.3306 13.271 13.2888 13.4913 13.349 13.3127 13.2448 13.2498 13.3133 13.3136 13.2987 13.536 13.4286 13.3469 13.308 13.3276 13.348 13.4073 13.42 13.5576 13.4997 13.4316 13.3976 13.3737 13.396 13.4679 13.5273 13.6571 13.5324 13.5403 13.5068 13.4617 13.5536 13.7382 13.6868 
58.4051 58.3025 57.7867 57.4041 56.3368 56.4416 56.8146 57.0007 58.2551 56.9225 57.793 58.2522 57.6237 56.752 56.8842 56.7668 57.4711 56.9703 56.8237 57.4403 57.9893 57.6269 57.1213 56.7105 58.0768 58.2922 58.0597 58.0928 58.2091 57.8381 56.9603 56.1958 58.8483 58.7162 58.4241 58.4004 58.4467 58.1071 56.8282 55.7885 59.0216 59.2326 59.0647 58.5294 58.743 57.9167 56.9204 56.3252 58.9451 59.0997 59.2126 59.2857 59.2993 58.5096 57.4016 57.1186 58.8775 59.1656 59.5608 59.6253 59.4417 59.1712 58.7086 58.154 
63.4643 63.4659 62.98 62.7098 61.6711 62.0442 62.5227 62.6881 63.3718 62.0371 63.0593 63.5236 63.0278 62.3864 62.681 62.5541 62.578 62.2299 62.1215 62.7881 63.4587 63.2827 62.9944 62.589 63.1642 63.5697 63.3986 63.4954 63.808 63.5981 62.8139 62.0803 64.0304 64.0517 63.7783 63.8632 64.0492 63.9573 62.7146 61.6714 64.1814 64.5207 64.4286 63.9531 64.5143 63.837 62.887 62.1607 64.1324 64.4016 64.5293 64.8689 65.1358 64.5497 63.4403 63.0425 63.9944 64.4935 65.0419 65.1897 65.2956 65.2 64.7038 64.0708 
67.859 67.8204 67.4183 67.2483 66.2863 66.4171 66.6069 66.7723 67.7473 66.4775 67.3801 67.9541 67.4308 66.4575 66.7434 66.5647 67.1095 66.608 66.415 67.0965 67.7375 67.5295 67.0696 66.5738 67.7535 68.0361 67.9119 68.032 68.2788 67.8659 66.798 65.871 68.3844 68.6427 68.5342 68.6494 68.6584 68.3681 66.8316 65.6049 68.6653 69.2473 69.273 68.784 68.9644 68.1414 67.0879 66.1627 68.6845 69.1018 69.516 69.7229 69.6145 69.0033 67.7653 67.1131 68.767 69.3217 69.8697 70.0557 69.8279 69.5388 68.9707 68.2329 
76.1161 75.8563 75.6022 75.5105 74.952 74.8312 74.952 74.9265 75.8936 75.7219 75.3854 75.1991 74.9254 74.5236 74.5944 74.732 76.2896 75.9607 75.5392 75.1333 74.5909 74.6323 74.5546 74.4618 76.3657 76.3107 75.8655 75.6654 75.2084 74.986 74.7323 74.4907 76.7527 76.62 76.4878 76.1382 75.63 75.5811 75.1442 74.8532 77.6102 77.0664 77.0413 76.5758 76.1792 76.1209 76.0226 75.6206 77.9275 77.8025 77.44 77.2758 77.3079 77.2345 76.7399 76.2158 78.1133 78.3104 78.1078 77.7796 77.8765 77.6589 77.2981 76.6407 
85.7721 85.2096 85.2826 85.2377 83.6988 82.0742 81.9945 82.1398 86.2872 85.6427 85.5576 85.2349 83.5984 81.8181 82.0719 82.9431 86.8193 86.9229 86.6995 85.2719 84.47 83.0798 82.7606 83.8703 87.4572 87.4997 87.0382 85.5677 84.4308 84.0971 83.8555 84.3669 86.8872 86.8251 86.3347 85.6362 84.4758 84.5946 84.1386 83.954 87.2291 86.4105 86.127 85.5594 84.9223 84.679 84.097 84.0275 88.0834 87.664 86.8564 86.3504 85.7818 85.49 84.7147 84.4948 87.5217 87.2642 87.0455 86.4251 86.2589 85.7625 85.3383 84.899 
86.9608 87.5783 87.2029 87.1923 86.5719 86.4352 87.2893 87.4799 87.411 87.6612 88.0412 87.6347 87.3503 87.225 88.6159 89.2134 88.1586 88.723 89.889 88.1389 88.7682 88.7048 89.3525 89.9651 88.7818 89.9057 90.5944 90.278 89.4072 89.5642 89.6402 89.837 88.976 90.985 91.2744 91.7098 91.4254 91.6274 90.386 90.0064 90.4478 91.0389 91.7672 92.0373 91.7684 91.58 90.8507 91.2295 91.6582 92.6601 92.4877 92.2219 92.7508 92.4285 91.9287 92.0566 92.8167 92.8811 93.0166 92.4953 92.7978 93.3358 92.9571 92.7658 
97.3343 98.6782 99.6304 98.9464 96.9796 95.8269 96.3137 96.1184 98.1071 99.1379 98.9553 97.8871 97.8703 95.5645 97.6583 97.4076 97.9568 99.1546 98.985 96.8607 97.8732 96.6497 99.163 99.803 97.6485 98.9131 98.741 97.8863 98.4193 98.39 99.7078 100.648 98.1488 98.4724 98.8962 99.5259 99.6457 101.013 100.016 100.095 99.6384 99.8891 99.8343 101.207 101.487 101.897 99.9934 100.361 101.15 101.285 99.3236 99.3872 101.415 101.058 100.672 100.779 101.079 101.147 100.586 99.7192 101.629 101.162 100.99 101.386 
103.423 104.46 105.624 104.982 103.202 102.227 102.56 102.603 104.437 105.413 104.776 103.9 104.09 102.159 103.715 103.468 103.953 105.367 104.196 103.184 103.905 102.886 105.036 105.479 103.59 104.789 103.831 103.375 104.126 104.157 105.595 106.415 104.152 103.771 104.366 104.606 104.7 106.133 106.001 106.067 105.132 105.404 105.251 106.604 106.77 107.449 106.219 106.147 106.371 106.405 104.393 104.884 106.736 106.95 106.732 106.499 105.943 106.318 105.708 105.27 107.114 106.799 106.594 106.631 
105.134 106.473 107.914 107.574 106.103 105.354 105.737 105.662 105.904 107.139 107.222 106.518 106.803 104.729 106.424 106.27 105.834 107.039 106.665 105.454 106.195 105.161 107.807 108.467 105.442 106.644 106.167 105.616 106.755 106.84 108.562 109.615 106.057 105.678 106.125 106.823 107.488 109.113 109.177 109.296 107.132 107.18 106.951 108.588 109.512 110.277 109.118 109.198 108.184 108.223 106.251 106.799 109.099 109.315 109.267 109.19 107.708 108.21 107.542 106.99 109.377 108.98 108.998 109.392 
5.41071 5.35821 5.29805 5.32243 5.33436 5.42354 5.48857 5.45326 5.34629 5.25066 5.25236 5.22629 5.25818 5.29744 5.35707 5.36572 5.27989 5.22663 5.17365 5.20035 5.16067 5.20291 5.20516 5.23628 5.22474 5.14886 5.13464 5.12408 5.15753 5.13268 5.17361 5.17394 5.17195 5.13019 5.12911 5.11915 5.06881 5.11309 5.11682 5.16474 5.29151 5.23738 5.19406 5.17692 5.18836 5.18014 5.2572 5.24072 5.31796 5.23434 5.2242 5.22426 5.16627 5.19606 5.21574 5.2671 5.34178 5.24717 5.24189 5.25021 5.16975 5.20526 5.39848 5.33881 
33.7247 33.5901 33.6371 33.6389 33.4646 33.4419 33.3161 33.2714 33.2441 33.1678 33.2517 33.2634 33.242 33.1532 33.0201 33.1635 33.1332 33.093 33.0779 33.0577 32.8595 32.8796 32.6531 32.7193 33.31 33.2619 33.1229 32.9338 32.9087 32.7416 32.8983 32.6633 33.371 33.3698 33.2289 32.975 32.8704 32.926 32.7137 32.822 33.8169 33.8458 33.5188 33.2578 33.0875 33.0298 33.1291 32.7806 33.9547 33.7913 33.786 33.7574 33.2744 33.1509 33.1216 33.1489 34.1904 34.0621 33.9977 34.1775 33.7221 33.4923 33.3804 33.226 
47.0111 47.3038 46.9897 46.7911 46.7754 47.2311 47.7546 47.9674 47.0897 47.2096 47.2406 46.8986 46.9705 47.4886 47.7326 48.0156 47.0398 47.4317 47.3687 47.2117 47.2348 47.4865 47.8354 47.9423 47.0041 47.5025 47.3557 47.0941 47.3419 47.7531 47.8949 48.0568 47.5226 47.6786 47.3417 47.0616 47.3328 48.1263 48.1317 48.3303 47.6113 47.8046 47.6237 47.4381 47.9227 48.2901 48.5889 48.6691 47.8354 47.9851 47.6487 47.9501 48.299 48.392 48.6011 49.0057 47.5797 47.7741 48.0356 48.2428 48.6797 49.082 49.2703 49.2822 
62.3311 62.5454 61.98 61.8466 60.9854 61.1268 61.499 61.9669 62.0468 60.9716 61.92 62.6997 62.3625 61.2806 61.6505 61.7541 61.2246 61.0647 60.9822 61.7875 62.7144 62.5235 62.2311 61.8122 62.0672 62.7625 62.5854 62.7101 63.113 63.0703 61.9996 61.1653 62.8552 63.5122 63.2941 63.4677 63.6996 63.64 62.0623 60.9007 63.2697 64.0983 64.1623 63.8272 64.2207 63.461 62.5607 61.5536 63.2939 63.9897 64.5207 64.9892 64.9611 64.5279 63.3617 62.6817 63.4112 64.1734 64.9567 65.333 65.3779 65.2171 64.6539 63.8649 
65.0584 65.7174 65.5755 65.6665 66.0883 66.1984 66.2904 66.4426 65.1657 65.8085 65.7287 65.8182 66.1761 66.1522 66.4711 66.7413 65.5336 66.2897 66.2845 66.1634 66.3883 66.6228 67.0611 67.1552 65.9563 66.9212 66.8266 66.6944 66.9078 67.474 67.2289 67.2417 66.64 67.8524 67.593 67.4984 67.6876 68.4811 68.1428 68.0248 67.3009 68.2582 68.4113 68.4657 68.7239 69.0421 69.1617 68.7612 67.6933 68.5906 69.0101 69.4767 69.4342 69.865 69.8344 69.4477 68.0717 68.709 69.3375 69.8216 70.1256 70.3171 70.2216 69.8696 
70.2336 70.0721 70.7129 70.5863 70.5485 70.507 70.038 70.8882 71.9372 72.254 71.6193 71.5588 71.9223 71.2116 71.4965 71.967 73.6296 73.8869 73.6195 72.956 72.8293 72.7995 73.0139 73.9239 75.2427 74.9004 74.8395 74.6372 73.7418 74.4119 74.1053 74.417 76.3707 76.2097 75.942 75.9266 75.1481 75.1516 74.4262 74.7406 76.4927 77.3272 77.112 76.7161 76.4479 76.0708 75.2713 75.6653 77.007 77.7152 78.0034 77.7581 76.4823 76.4799 76.1063 76.5915 77.2087 77.3843 77.55 77.2191 76.6301 76.2757 76.5556 76.0965 
75.8224 75.05 75.7445 75.9184 75.7708 76.0307 75.8822 77.2875 78.0957 77.6984 77.1982 77.1816 77.7269 77.3388 77.9103 78.85 80.373 80.2917 79.9778 79.0056 78.8855 79.0488 79.8059 81.2028 82.4706 81.4146 81.3866 81.1723 80.0097 81.1816 81.3687 82.2452 83.7823 82.8774 82.6476 82.9199 82.0691 82.0154 81.9228 82.3845 84.0513 84.4574 84.1664 83.7291 83.6498 83.0941 82.4225 83.2905 84.6428 84.9351 85.0111 84.4809 83.5205 83.46 83.2538 84.156 84.7115 84.5009 84.3873 83.752 83.4209 82.9755 83.5154 83.1631 
82.9691 83.1851 83.3295 83.3949 82.7553 82.7954 83.6431 84.2458 84.1897 84.3665 84.6189 84.2927 84.2576 84.1985 85.9298 86.7835 85.3777 85.991 87.046 85.4555 86.2068 86.3149 87.523 88.8343 86.6356 87.0766 88.1653 88.0579 87.2445 87.9116 88.3272 89.1055 87.1392 88.7477 89.1213 89.7662 89.384 89.854 88.6152 89.1031 88.4636 89.4775 90.1656 90.4466 90.3249 90.1302 88.9034 90.1866 89.8962 91.0059 91.3394 91.1454 91.1005 90.7972 90.3757 91.0913 91.0681 91.0285 91.4468 91.0126 91.2657 91.6067 91.5849 91.3771 
90.7484 90.9061 91.1663 91.4479 91.879 92.4281 92.675 93.0544 91.5024 91.5338 91.5676 91.9135 92.5076 93.4472 93.6385 93.9841 92.3247 92.4939 92.4337 92.8479 93.5068 94.1422 94.598 94.7362 93.1378 93.3211 93.5079 93.8196 94.4573 94.9434 95.23 95.5669 93.8113 94.1506 94.6151 95.0366 95.6207 96.0396 96.207 96.2986 94.9785 95.3045 95.8329 96.1744 96.5606 97.0471 97.132 97.2002 95.9238 96.3689 96.9534 97.0254 97.2771 97.6116 97.8427 97.6213 96.5015 97.041 97.3603 97.7627 97.9777 98.099 98.2036 98.0502 
101.273 102.455 104.231 103.505 101.72 100.753 100.924 100.933 102.214 103.299 103.248 102.317 102.485 100.263 101.889 101.647 102.103 103.235 102.607 101.191 102.01 100.739 103.349 103.883 101.751 102.786 102.259 101.5 102.688 102.634 104.23 105.24 102.294 101.805 102.262 102.86 103.455 105.091 105.013 105.079 103.622 103.584 103.22 104.823 105.658 106.415 105.057 105.07 104.876 104.841 102.693 103.092 105.455 105.338 105.298 105.124 104.257 104.783 104.021 103.45 105.744 105.003 105.039 105.487 
102.876 102.914 104.181 104.441 104.872 105.692 106.072 106.558 103.096 103.326 104.315 104.763 105.188 105.88 106.29 106.71 103.265 103.857 104.437 104.914 105.447 105.785 106.627 107.057 103.645 104.488 104.67 104.936 105.999 106.515 107.375 107.769 103.893 104.371 104.629 105.351 106.61 107.669 108.505 108.391 104.34 104.53 104.909 105.885 107.233 108.009 108.749 108.808 104.623 105.201 105.464 106.267 107.534 108.1 108.401 108.635 104.869 105.607 105.784 106.285 107.432 107.659 108.29 108.69 
