2717000
236.878 237.236 237.22 237.368 236.802 236.445 235.424 235.047 236.637 237.323 235.748 237.793 238.067 237.27 234.639 235.575 236.963 237.67 236.909 237.615 237.435 236.325 234.702 235.815 237.393 238.185 237.058 237.763 237.202 236.441 235.537 235.713 236.276 237.793 237.531 237.157 236.999 236.767 236.429 235.97 238.314 237.858 237.616 237.439 237.383 237.14 237.526 235.752 238.299 238.22 237.599 237.979 236.312 237.017 237.39 236.027 233.379 232.794 232.644 233.05 232.534 232.486 232.326 231.794 
216.818 216.824 216.991 216.774 215.767 213.351 212.367 211.864 219.707 220.068 218.733 219.69 219.49 216.792 214.602 214.804 219.75 220.603 219.475 219.403 218.998 216.652 214.922 215.072 220.328 220.77 219.858 219.828 219.409 216.745 215.621 215.204 219.384 220.456 219.956 219.87 219.533 216.843 216.094 215.595 220.706 220.542 219.966 219.572 219.469 217.21 216.962 215.522 220.741 220.703 220.029 219.797 218.508 217.055 216.787 215.798 220.584 219.901 219.911 219.816 219.135 217.138 217.02 216.074 
158.478 157.951 157.286 157.034 156.421 152.709 151.199 151.017 164.995 164.299 164.003 163.935 163.142 159.664 158.406 157.836 165.353 164.539 164.133 164.076 163.3 160.204 159.02 157.8 164.935 165.013 164.962 164.182 164.041 160.238 159.37 158.326 164.759 165.149 164.732 164.579 164.143 160.162 159.349 158.905 165.258 165.074 164.489 164.389 163.766 160.343 159.485 158.816 165.849 165.698 165.155 164.855 164.01 160.494 159.945 159.211 165.596 165.235 164.909 164.566 163.982 160.347 159.697 159.991 
130.931 130.331 130.102 129.694 129.184 126.893 126.219 125.922 136.42 135.794 135.077 134.675 134.958 132.745 132.431 131.686 136.826 136.133 135.509 134.732 135.289 133.07 131.997 131.264 136.92 136.542 136.312 135.93 135.941 132.854 132.062 131.234 136.529 136.877 137.054 136.674 135.907 133.131 132.045 131.611 136.943 136.913 136.64 136.414 135.674 133.896 132.049 131.971 137.28 136.662 136.576 136.303 136.322 134.316 132.948 132.15 136.707 136.92 137.066 136.638 136.685 134.408 133.788 132.349 
122.71 123.019 123.36 123.354 123.361 123.315 123.134 122.883 125.757 125.368 125.415 125.795 126.283 126.524 125.662 125.524 126.649 126.351 126.204 125.957 127.021 127.11 125.548 125.567 127.123 127.632 127.162 126.489 126.964 127.208 126.078 125.795 126.584 127.423 127.639 126.821 126.667 127.776 126.651 125.282 126.792 126.709 127.315 127.251 126.694 126.947 124.994 124.087 127.143 126.403 126.612 127.463 127.471 126.875 125.907 124.852 126.293 126.61 126.843 127.26 128.103 127.59 126.784 126.355 
215.335 215.525 215.723 215.549 215.213 215.067 215.205 214.906 215.991 216.363 215.093 215.847 216.084 215.468 214.478 215.24 215.925 216.641 215.703 215.619 215.36 215.204 214.489 215.354 216.263 216.49 215.813 216.011 215.678 215.34 215.031 215.194 215.403 216.141 216.042 215.929 215.826 215.229 215.347 215.361 216.381 216.247 216.024 215.85 215.93 215.307 215.88 215.081 216.293 216.296 216.12 216.16 215.316 215.227 215.665 215.413 212.667 212.364 212.868 213.038 212.451 212.122 212.336 211.724 
191.398 191.4 191.093 191.215 190.722 189.905 189.523 189.351 192.699 192.536 192.284 191.642 191.141 190.758 189.809 189.738 192.464 192.575 192.679 191.891 190.8 190.774 190.249 189.849 192.081 192.459 192.719 192.084 191.75 191.149 190.969 190.535 192.133 192.613 192.723 192.634 192.22 191.34 191.354 190.92 192.436 192.502 192.593 192.26 192.032 191.627 191.675 190.461 192.463 192.732 193.019 192.968 192.399 191.767 191.792 190.942 188.102 188.489 189.032 188.79 188.382 187.505 187.84 187.316 
159.152 158.978 158.52 157.906 157.122 154.366 154.055 153.538 162.645 162.499 161.738 160.715 159.84 157.272 156.966 156.469 162.482 162.799 161.888 160.695 159.591 157.843 157.408 156.736 162.528 162.223 162.068 161.393 160.912 158.349 158.033 157.098 162.458 162.24 161.938 162.295 161.873 158.566 158.264 157.709 162.709 162.407 162.032 161.677 161.578 158.788 158.364 157.251 162.813 162.595 162.32 161.888 161.407 158.981 158.398 157.71 162.673 162.215 162.641 162.168 161.749 159.144 158.894 158.028 
118.804 119.237 119.272 118.898 118.686 118.529 118.335 118.056 121.443 121.201 121.127 121.107 120.953 120.73 120.277 120.455 121.772 121.633 121.43 121.117 121.316 121.177 120.589 120.843 122.038 122.373 122.058 121.356 121.456 121.698 121.17 120.991 121.808 122.211 122.11 121.69 121.876 122.135 121.558 120.764 121.963 121.738 122.18 122.281 122.01 121.526 120.707 119.921 122.179 121.959 121.889 122.367 122.131 121.269 120.918 120.447 121.91 121.815 121.899 122.22 122.499 121.956 121.49 121.614 
112.584 113.79 114.868 114.067 112.564 111.625 111.564 111.148 113.23 113.876 113.615 112.759 113.073 111.459 112.227 111.659 113.327 113.947 113.231 111.721 112.831 111.979 113.161 113.252 113.102 114.002 113.166 112.076 113.011 113.184 113.787 114.132 113.139 113.068 113.366 113.196 113.24 114.904 114.217 113.516 113.87 113.643 113.665 114.679 114.831 115.367 113.084 112.635 114.705 113.96 112.284 112.964 114.776 114.412 113.651 112.931 113.71 113.787 113.361 113.2 115.232 114.53 113.976 113.895 
163.809 162.061 162.592 162.408 161.6 162.293 161.455 160.129 161.865 163.311 163.334 162.138 161.005 160.292 158.852 158.446 162.265 162.503 162.136 161.504 159.857 158.55 157.628 158.796 162.558 162.784 161.733 160.777 159.786 159.907 159.253 159.672 163.572 163.632 161.372 160.445 161.054 160.941 160.198 158.539 161.541 162.891 162.262 159.477 159.019 159.477 159.333 158.47 159.741 159.134 159.87 160.007 158.879 159.185 159.682 158.624 156.589 155.837 156.548 156.185 154.835 153.994 153.925 153.436 
161.237 161.262 161.412 161.538 161.414 161.491 161.779 161.636 162.297 162.452 162.342 161.651 161.491 161.65 161.719 161.673 162.052 162.551 162.452 161.92 161.176 161.875 161.938 161.724 162.023 162.129 162.316 162.276 162.133 162.364 162.414 162.198 162.064 161.973 162.113 162.61 162.541 162.123 162.44 162.233 161.806 161.816 162.053 161.979 161.913 162.025 162.447 161.687 161.796 161.777 162.295 162.272 162.052 162.349 162.59 162.2 161.723 161.578 162.401 162.15 162.142 162.291 162.801 162.098 
115.288 115.289 115.168 115.208 115.102 114.485 114.614 114.599 115.543 115.499 115.708 115.293 115.175 114.867 115.194 115.308 115.5 115.771 116.125 115.623 115.487 115.356 115.499 115.538 115.714 116.069 116.441 116.125 115.991 115.688 115.63 115.822 115.908 116.323 116.546 116.716 116.501 115.824 115.697 115.897 116.155 116.187 116.71 116.795 116.504 115.956 115.829 115.962 116.512 116.902 117.059 116.976 116.775 116.409 116.397 116.21 116.92 116.887 117.031 117.113 117.202 116.716 116.549 116.623 
96.1706 97.0542 97.7534 97.1135 96.0663 95.3828 95.3249 95.0882 96.6634 97.2469 97.0424 96.1912 96.2911 94.9878 96.0103 95.6836 96.4372 97.1031 96.5256 95.497 95.9281 95.26 96.9703 97.1332 96.3445 96.8719 96.4013 95.7856 96.2082 96.2493 97.274 97.7336 96.6959 96.2186 96.2989 96.5849 96.7528 97.5147 97.3873 97.4258 97.1151 96.9092 96.6372 97.5524 98.0314 98.3283 97.3027 97.1837 97.6635 97.5516 96.1409 96.2703 97.5835 97.5482 97.3601 97.1942 97.315 97.3521 96.9837 96.5898 97.7528 97.3896 97.3479 97.3386 
83.6149 84.0254 84.0841 83.686 82.2116 81.7498 81.9683 81.9044 83.775 82.9 83.5308 83.7289 83.3721 81.7032 82.2111 81.8487 83.0391 82.8255 82.4347 82.5116 83.4038 82.7042 82.9274 82.6749 83.4534 83.9043 83.4749 83.1189 83.5736 83.4234 83.064 82.5521 83.9794 83.7252 83.7729 83.8144 83.9671 84.2723 82.9469 81.6754 84.3039 84.4215 84.4523 84.4699 84.7384 84.1943 82.5867 81.7268 84.4848 84.4701 83.9846 84.3727 85.0761 84.3488 83.2306 82.5964 84.1988 84.4775 84.5927 84.5996 85.2812 84.7486 84.1262 83.7823 
147.115 145.222 145.695 145.274 144.234 144.927 143.762 142.501 145.051 146.522 146.417 145.093 143.723 142.991 141.24 140.698 145.491 145.641 144.951 144.195 142.691 141.359 140.283 141.127 145.897 145.751 144.496 143.37 142.462 142.542 141.565 141.815 146.769 146.572 143.78 142.816 143.717 143.442 142.435 140.605 144.587 145.712 144.702 141.749 141.171 141.677 141.424 140.638 142.643 141.581 141.945 141.975 140.833 141.397 141.688 140.675 142.702 141.449 141.952 141.232 139.929 139.216 139.005 138.631 
130.869 129.253 130.171 130.082 128.843 129.52 128.5 127.284 129.111 130.762 131.112 130.094 128.689 128.125 126.349 125.682 129.759 130.181 129.707 128.934 127.626 126.466 125.337 126.002 130.335 130.383 129.305 128.217 127.519 127.714 126.773 127.075 131.34 131.132 128.579 127.912 128.877 128.794 127.619 125.552 129.075 130.318 129.358 126.703 126.379 127.292 126.922 125.465 127.299 126.624 127.083 127.153 126.332 127.014 126.925 125.483 127.615 126.635 127.029 126.568 125.398 124.819 124.418 123.726 
82.7335 82.9201 83.0814 83.3062 83.4433 83.61 83.6302 83.5286 82.966 83.1538 83.534 83.4823 83.4358 83.7026 83.9599 83.7923 83.1458 83.5623 83.7104 83.5945 83.6571 83.8351 83.9814 83.9485 83.3654 83.5893 83.6189 83.732 83.7147 83.7504 83.7518 84.0122 83.5168 83.6918 83.6013 83.7492 83.7148 83.8594 83.8808 84.0766 83.3838 83.5363 83.4793 83.5873 83.6683 83.7003 83.7349 83.9404 83.4243 83.6623 83.6955 83.7402 83.771 84.015 83.9853 83.8751 83.7945 83.9373 83.9972 83.8739 84.1254 84.2624 84.1476 83.8528 
64.0102 63.9573 63.5695 63.3934 62.716 62.829 63.1306 63.191 63.8546 62.8267 63.4832 63.7971 63.4472 62.8617 63.1234 62.9873 63.1585 62.8266 62.6366 63.0435 63.5535 63.3714 63.1293 62.9232 63.6536 63.7548 63.5879 63.5135 63.6489 63.3939 62.8883 62.3832 64.0614 63.9938 63.8269 63.7906 63.8136 63.5101 62.6592 61.8382 64.1908 64.2992 64.1777 63.8032 63.9561 63.3455 62.678 62.2026 64.0881 64.2523 64.3908 64.3464 64.3145 63.9036 63.1277 62.7362 64.214 64.3963 64.599 64.6063 64.4155 64.2578 63.9005 63.3433 
63.591 63.7757 63.7944 63.4634 62.0424 61.729 61.946 61.9045 63.6344 62.6535 63.3603 63.6136 63.2313 61.6316 62.2802 61.9471 62.9068 62.635 62.221 62.4162 63.1895 62.5258 62.9007 62.5783 63.2461 63.5094 63.1487 63.0873 63.5429 63.162 62.933 62.4651 63.9675 63.5403 63.5387 63.7594 63.8243 63.9242 62.8059 61.8551 64.5276 64.582 64.3153 64.3201 64.7287 64.2007 62.8781 62.2464 64.7195 64.7609 64.2216 64.406 65.115 64.5384 63.4951 63.0431 64.5066 64.8277 64.9484 64.8074 65.2631 64.7933 64.3 63.8624 
129.946 128.082 128.751 128.435 126.873 127.301 126.113 124.857 128.049 129.536 129.484 128.41 126.649 125.863 123.66 123.006 128.881 129 127.915 126.947 125.409 124.162 122.883 123.458 129.513 129.154 127.607 126.152 125.217 125.372 124.282 124.412 130.223 129.729 126.633 125.648 126.709 126.646 125.129 122.635 127.877 128.826 127.484 124.275 124.063 125.101 124.414 122.366 126.013 124.982 124.928 124.844 123.939 124.49 124.056 122.467 125.878 124.687 124.89 124.111 122.515 121.667 121.1 120.417 
92.4411 92.3266 92.7434 93.0144 92.1911 91.7474 91.5027 91.3218 93.0421 92.9287 93.0646 93.5199 92.6186 92.5466 91.6887 91.0036 93.6802 93.3652 92.6094 92.2309 91.9588 92.395 91.9426 90.7934 93.6847 92.9879 92.3727 91.7814 91.6463 91.9257 91.5481 91.2191 93.1205 92.0645 91.4269 91.2742 91.6575 92.0079 91.2544 89.9935 92.1674 91.3342 90.672 90.2208 90.5747 91.5842 91.2575 88.9712 92.055 91.4639 90.6798 90.7018 91.0007 90.9332 89.677 88.7422 91.7146 91.427 90.7982 90.3716 90.0316 89.8172 89.1164 88.5434 
72.3522 72.3626 72.7359 73.012 72.4193 72.3259 72.4931 72.5426 72.8188 72.622 72.8379 73.3213 72.7295 72.9524 72.6232 72.3614 73.2423 72.9962 72.3985 72.1682 72.1491 72.7102 72.623 72.0465 73.3852 72.7564 72.4504 71.9367 71.9497 72.3707 72.2901 72.2592 73.0143 72.3364 71.8263 71.7307 72.0579 72.4853 72.0256 71.0984 72.5395 71.9829 71.4526 71.0032 71.4462 72.3856 72.1003 70.3293 72.7756 72.3045 71.7918 71.6467 71.9649 71.9852 70.8767 70.2144 72.8787 72.5243 71.8816 71.597 71.2489 71.1632 70.5622 70.0172 
32.3916 32.3895 32.3069 32.3046 32.3417 32.437 32.4911 32.3922 32.2784 32.152 32.1988 32.0725 31.9694 32.0865 32.2169 32.2241 32.1775 32.1489 31.9491 31.947 31.8607 31.8377 31.922 31.9435 32.1642 32.0445 31.8325 31.7846 31.8094 31.7371 31.6996 31.876 32.1238 32.0002 31.7651 31.6287 31.5207 31.6864 31.7567 31.8452 32.1509 32.093 31.8418 31.688 31.6997 31.7471 31.911 31.8903 32.1187 32.1628 32.0162 31.8716 31.7263 31.7782 31.81 31.8151 32.1955 32.2218 32.0912 31.9702 31.7964 31.7871 31.9016 31.7367 
37.4088 37.221 36.6771 36.5058 35.6584 35.7641 36.1219 36.179 37.1529 35.8896 36.5625 37.0178 36.5661 35.7947 35.9678 35.8835 36.4066 35.7741 35.5824 36.2254 36.6733 36.4442 36.0176 35.6508 36.7802 36.7269 36.5685 36.6758 36.8525 36.5219 35.789 35.0796 37.2191 37.0071 36.8925 36.9391 36.9105 36.5596 35.5226 34.61 37.4267 37.5014 37.3547 36.9523 37.1015 36.3688 35.6236 34.999 37.3351 37.3344 37.4744 37.5975 37.5118 36.9781 36.0948 35.6971 37.348 37.4785 37.7597 37.8147 37.5854 37.3443 36.953 36.4233 
