2717000
100.453 101.367 102.37 101.632 99.793 98.3889 98.3019 98.0848 101.401 102.149 101.577 100.479 100.359 97.8424 99.0713 98.6112 101.189 101.931 100.951 99.4068 99.7812 98.3523 100.47 100.629 100.876 101.474 100.56 99.5942 100.277 99.9277 101.03 101.699 101.344 100.524 100.623 100.853 100.793 101.852 101.39 101.284 102.302 102.013 101.45 102.448 102.717 103.047 101.495 101.385 103.132 102.737 100.572 100.549 102.378 102.081 101.838 101.613 102.418 102.329 101.743 101 102.633 101.845 101.743 101.877 
90.0129 90.5276 91.2469 91.6839 91.2892 91.2654 91.2309 91.401 91.0387 91.3411 91.5484 92.6204 92.4247 93.0254 92.2217 91.5302 92.6414 92.4561 91.8226 91.7661 92.0106 93.1777 93.1318 91.481 93.2282 92.8532 92.5497 92.3925 92.3139 93.009 92.9245 91.93 93.4302 92.5584 92.2416 92.5382 93.608 94.0216 92.8208 90.7782 93.0502 92.3831 91.8245 91.574 92.563 94.2848 93.6198 90.1998 93.2925 93.0788 92.4205 92.4774 93.2867 93.3581 91.573 90.5957 93.6003 93.3431 92.9489 92.5184 91.7544 91.6993 90.9569 90.2488 
87.5009 88.0255 88.7273 89.192 88.778 88.9319 89.0589 89.3314 88.4731 88.7894 88.9749 90.1372 89.9487 90.5282 89.8552 89.283 90.0352 89.842 89.308 89.1169 89.3874 90.584 90.4527 88.9267 90.49 90.1784 89.9063 89.6557 89.4933 90.313 90.2242 89.169 90.6626 89.8111 89.4597 89.745 90.7945 91.2813 90.0367 87.902 90.2254 89.5938 88.9478 88.6767 89.8544 91.4849 90.6543 87.0548 90.4583 90.3156 89.4337 89.5581 90.4988 90.4986 88.4698 87.3087 90.7417 90.4678 89.8395 89.4787 88.616 88.6763 87.7391 86.9866 
86.9085 87.0283 87.7668 88.3045 87.1778 86.4974 86.4087 86.3276 87.6348 87.619 87.8692 88.9183 87.7647 87.5926 86.6304 86.0448 88.8788 88.5734 87.6394 87.4357 87.0184 87.4863 86.9896 85.5951 89.1808 88.4895 87.7152 86.8689 86.6754 87.146 86.8846 86.0658 88.7807 87.3458 86.5538 86.2435 86.9917 87.5743 86.4281 84.3302 87.868 86.6367 85.7904 85.0208 85.7259 87.2902 86.5247 82.8995 88.0262 87.3421 86.1508 85.8812 86.5064 86.4284 84.3516 83.0752 87.534 87.2849 86.3758 85.7838 84.902 84.5385 83.5606 82.8186 
72.7202 72.7513 72.5805 72.6438 71.3773 71.5609 71.6451 71.248 72.5082 71.2367 72.5944 73.1989 72.3753 71.1863 71.2878 70.6108 71.7157 70.8963 70.9712 71.6442 72.0292 71.5452 70.735 70.0036 71.86 71.715 71.4429 71.3059 71.6174 71.0388 70.0062 68.8891 71.919 71.3788 71.2423 71.2518 71.0047 70.562 69.1199 67.9576 71.2088 71.1099 71.5028 70.8891 70.7252 69.1679 68.4065 67.5984 70.1867 70.4998 71.0381 70.9489 70.6999 69.7361 68.4818 68.1446 69.5417 69.9987 70.5705 70.7913 70.5549 70.1289 69.2766 68.567 
67.2445 67.1157 66.6541 66.3588 65.1503 65.2701 65.5597 65.3265 66.7958 65.3985 66.3574 66.7605 66.0444 65.0525 65.2483 64.8221 65.7765 65.1234 64.7324 65.4508 65.9255 65.5612 64.9931 64.196 66.0935 65.976 65.5981 65.6277 65.873 65.3054 64.2934 63.2501 66.4693 66.138 65.792 65.7479 65.6766 65.168 63.6665 62.5404 66.2672 66.3035 66.2259 65.5034 65.4957 64.3932 63.3314 62.6182 65.9553 65.8649 66.0241 65.9486 65.8626 65.074 63.872 63.3934 65.6812 65.8914 66.0182 66.0815 65.8054 65.3442 64.881 64.2421 
59.779 59.7751 59.1215 58.7052 57.5197 57.635 58.0226 58.008 59.3811 57.9208 58.7411 59.2231 58.5079 57.5402 57.7756 57.466 58.2093 57.7182 57.1885 57.9009 58.5189 58.1422 57.7306 57.0125 58.5828 58.7453 58.2903 58.1875 58.5159 58.1972 57.1883 56.2177 58.9057 58.9135 58.4261 58.412 58.4038 58.1964 56.8243 55.5714 58.7393 59.069 58.8031 58.2078 58.5694 57.7411 56.7559 55.7514 58.5723 58.6721 58.7987 59.0809 59.0513 58.4684 57.2352 56.6111 58.5421 58.9369 59.1049 59.2009 59.1267 58.8318 58.2634 57.525 
12.3558 12.2487 12.0625 12.0054 12.0347 12.0111 12.1495 12.1105 12.1917 12.0241 11.953 11.8907 11.8518 11.8628 11.9348 12 11.9672 11.8858 11.754 11.7973 11.7352 11.756 11.8052 11.8005 11.9464 11.7685 11.7019 11.609 11.6627 11.6683 11.6735 11.7158 11.9573 11.7418 11.596 11.5438 11.5636 11.608 11.6242 11.6771 12.1107 11.873 11.7451 11.6662 11.6571 11.6825 11.7515 11.7887 12.2308 11.9433 11.7975 11.7466 11.6372 11.6609 11.6818 11.8055 12.2234 11.9923 11.8291 11.7515 11.7187 11.7007 11.8979 11.8389 
4.73119 4.66157 4.50488 4.44989 4.43852 4.49139 4.59053 4.59956 4.63248 4.46031 4.41846 4.31186 4.29942 4.33418 4.36972 4.45251 4.53303 4.4007 4.30688 4.28838 4.22818 4.23317 4.20483 4.25389 4.41512 4.33452 4.24807 4.16297 4.15423 4.14206 4.16753 4.19214 4.35523 4.26444 4.23669 4.14361 4.0675 4.1041 4.14201 4.14328 4.48066 4.41746 4.30785 4.26795 4.22161 4.19279 4.27181 4.25161 4.52126 4.43048 4.37093 4.29031 4.24377 4.24546 4.26235 4.28569 4.57422 4.45038 4.39557 4.37104 4.26113 4.2943 4.49733 4.4121 
104.044 104.929 105.927 105.109 103.163 101.858 101.863 101.737 104.956 105.862 105.156 104.063 103.882 101.66 102.961 102.494 104.516 105.649 104.383 103.094 103.535 102.306 104.323 104.457 104.125 104.924 103.899 103.256 103.787 103.522 104.664 105.234 104.573 103.946 104.174 104.256 104.168 105.15 104.776 104.719 105.511 105.35 104.787 105.797 105.763 106.173 104.805 104.687 106.43 105.946 103.785 103.861 105.461 105.404 105.247 104.907 105.757 105.648 105.05 104.323 105.881 105.242 105.068 104.987 
101.856 102.799 103.81 103.148 101.435 100.245 100.335 100.151 102.64 103.535 103.087 102.036 102.043 99.6201 101.013 100.675 102.461 103.294 102.42 100.864 101.333 100.069 102.247 102.627 102.019 102.667 101.926 100.993 101.731 101.423 102.686 103.586 102.504 101.758 101.946 102.301 102.27 103.318 102.91 102.998 103.421 103.184 102.727 103.8 104.088 104.399 102.884 102.887 104.3 103.849 101.743 101.785 103.541 103.403 103.245 103.045 103.514 103.519 102.686 102.07 103.781 103.257 103.194 103.316 
90.7971 91.0113 91.7896 92.2291 91.2757 90.6255 90.455 90.5639 91.6039 91.6351 91.8633 92.9027 91.9036 91.7786 90.746 90.3087 92.8921 92.6726 91.8108 91.4161 91.1786 91.8049 91.422 90.1835 93.2366 92.656 92.0261 91.2164 90.954 91.4756 91.3419 90.7481 92.8267 91.6313 90.9957 90.9027 91.5786 92.0753 91.0748 89.1274 92.0755 90.9968 90.1834 89.7051 90.4814 92.0566 91.3462 87.8407 92.3761 91.6847 90.6832 90.6378 91.1888 91.1571 89.1679 87.9823 92.0619 91.7857 90.9625 90.5412 89.6807 89.4174 88.5295 87.7684 
89.9892 89.8305 90.2481 90.5611 89.5452 88.0897 87.386 87.1059 90.1302 89.7183 90.0413 90.1077 88.4627 86.7159 86.1936 86.4582 90.2639 90.0824 89.8146 89.0478 87.9541 86.5396 85.7237 86.2473 90.0678 89.8781 88.9802 87.2352 86.9188 86.4074 86.0767 86.1052 88.7373 87.624 87.03 86.1587 85.3759 85.5019 85.6135 85.2286 87.9924 86.2748 86.0073 85.5641 84.9322 84.1834 84.539 83.8398 87.2172 86.3904 85.5498 85.025 84.3451 83.881 83.4342 83.0627 85.3928 85.2039 84.7838 84.5014 84.213 83.7485 83.0945 82.6621 
82.0724 81.874 82.2429 82.686 81.9867 81.0777 80.6027 80.2546 82.0597 81.8275 82.2213 82.3459 81.2377 80.0684 79.8681 80.0731 82.1523 82.1627 82.0934 81.5601 80.8125 79.8901 79.4132 79.8059 81.9989 81.9739 81.3073 80.1627 80.018 79.6561 79.6267 79.7705 81.2563 80.42 79.9333 79.3117 78.7169 78.9045 79.1147 79.1395 80.6687 79.4921 79.3806 78.94 78.3455 77.8764 78.3052 78.1641 80.1542 79.6531 79.0891 78.5949 78.0987 77.8202 77.5822 77.6053 78.9691 78.7868 78.6252 78.4887 78.2798 77.7519 77.4798 77.1364 
70.0839 70.2274 69.9189 69.8495 68.8073 69.006 69.2743 69.2772 69.9274 68.7144 69.7824 70.4137 69.9028 68.9988 69.2415 68.8798 69.066 68.6865 68.5622 69.1545 69.8755 69.6743 69.2615 68.6565 69.4075 69.7603 69.551 69.556 69.9626 69.6352 68.7881 67.8097 69.7192 69.7973 69.6329 69.7832 69.753 69.5665 68.3566 67.2099 69.5905 70.008 70.0444 69.6198 69.9462 68.9804 68.1711 67.3121 69.1784 69.6917 70.0412 70.3175 70.3797 69.7377 68.4965 68.0021 69.0434 69.6976 70.1591 70.4177 70.4239 70.134 69.5167 68.7436 
60.7121 61.0285 60.8587 60.7752 60.9497 61.2205 61.557 61.5028 60.5697 60.8015 60.8083 60.7116 60.8036 61.2203 61.5635 61.6546 60.3241 60.8271 60.6431 60.6791 60.8809 61.1609 61.6114 61.4965 60.4212 60.7981 60.6272 60.5286 60.9108 61.2076 61.3392 61.4092 60.7174 60.9038 60.4404 60.4266 60.6741 61.3542 61.3976 61.3853 60.7952 61.0094 60.6781 60.6451 61.0245 61.4089 61.5421 61.4107 61.1174 61.1814 60.7745 60.979 61.1488 61.3297 61.3982 61.3942 61.1266 61.3047 61.0844 61.1622 61.4041 61.5285 61.7026 61.416 
49.6616 50.1512 49.8263 49.6443 49.8161 50.1004 50.3735 50.4552 49.8268 50.1729 49.9941 49.8139 49.9218 50.2447 50.4408 50.5939 49.9121 50.3862 50.2985 50.0875 50.2539 50.3953 50.6459 50.6254 49.8382 50.5338 50.4022 50.138 50.3281 50.7819 50.7549 50.7531 50.302 50.8154 50.5385 50.3307 50.4324 51.1321 51.144 51.0293 50.4482 50.9586 50.7953 50.7372 51.0357 51.3337 51.5969 51.4396 50.8199 51.2305 51.01 51.1805 51.3371 51.5833 51.6522 51.7093 50.8291 51.2472 51.3372 51.4822 51.7377 52.093 52.1736 51.9467 
13.7215 13.6806 13.5285 13.5574 13.6352 13.6943 13.832 13.8829 13.6533 13.5289 13.5441 13.5086 13.5424 13.5862 13.6429 13.7617 13.6277 13.5479 13.5283 13.5086 13.4409 13.4915 13.4797 13.5745 13.64 13.5229 13.4599 13.4092 13.4142 13.4463 13.4299 13.4872 13.7085 13.5629 13.4981 13.364 13.3255 13.3865 13.4512 13.4863 13.9011 13.776 13.6303 13.5618 13.528 13.5247 13.6412 13.7064 13.9124 13.8632 13.7462 13.6289 13.5762 13.5792 13.6649 13.752 13.9941 13.8769 13.8706 13.7674 13.647 13.7135 13.9266 13.8978 
108.357 109.139 110.055 109.194 107.089 105.985 106.192 106.12 109.169 109.986 109.228 108.113 107.751 105.621 107.223 106.894 108.681 109.812 108.513 107.169 107.563 106.285 108.342 108.652 108.256 109.138 108.105 107.369 107.763 107.442 108.703 109.327 108.845 108.193 108.428 108.481 108.333 109.281 108.9 108.978 109.695 109.568 109.081 110.164 110.238 110.514 108.946 108.943 110.78 110.355 107.955 108.285 110.049 109.939 109.529 109.124 110.21 110.067 109.26 108.544 110.304 109.719 109.431 109.232 
111.247 111.792 111.863 113.007 112.318 111.622 111.515 111.786 111.45 111.723 112.188 112.578 112.137 112.145 112.262 112.641 111.789 111.787 112.708 112.799 112.023 112.509 112.606 112.9 111.271 111.473 112.212 113.07 111.261 111.761 112.017 112.147 111.613 112.042 112.184 113.264 111.466 111.438 111.645 112.183 111.224 111.937 113.162 113.279 112.208 112.018 112.073 112.427 111.188 111.222 111.688 111.694 111.979 112.608 112.653 112.5 111.018 110.906 112.413 112.313 112.76 113.007 113.392 113.018 
104.336 104.715 104.977 105.296 105.383 105.723 105.96 106.309 104.174 104.475 104.995 105.079 105.301 105.71 106.008 106.104 104.124 104.544 104.845 104.978 105.295 105.614 105.932 106.17 104.224 104.507 104.744 105.049 105.235 105.389 105.604 106.107 104.374 104.393 104.723 105.162 105.526 105.571 105.646 105.934 104.311 104.403 104.766 105.055 105.46 105.443 105.415 105.585 104.37 104.606 104.678 104.954 105.096 105.343 105.364 105.286 104.291 104.631 104.575 104.571 104.782 105.23 105.221 105.237 
96.4313 96.4508 96.8011 97.1629 96.5634 95.5135 95.2192 95.4817 96.0919 95.8344 96.1458 96.5231 95.4983 94.4317 94.031 94.5907 95.5493 95.8598 95.7336 95.3882 94.8542 93.999 93.6563 94.3508 95.0916 95.3278 94.7795 93.7335 93.6537 93.6267 93.793 94.169 93.6714 93.3295 92.8579 92.4538 92.213 92.5804 93.0919 93.0441 92.9235 92.0063 91.8729 91.7234 91.5256 91.639 92.188 92.0339 92.6464 91.8028 91.3013 91.2335 91.0854 91.1383 91.1797 91.136 91.2581 91.223 90.8434 90.6031 90.7936 90.5189 90.5189 90.6291 
86.8792 87.2884 88.0801 88.8585 89.2144 89.6556 89.4315 89.2294 86.9092 87.2626 88.2068 88.6734 88.98 89.1512 89.3847 89.029 87.0857 87.0496 87.9427 87.8751 88.1902 88.5859 88.7273 88.6725 86.6787 86.6933 87.0667 86.9607 87.5848 87.9611 88.4398 88.1589 86.3132 85.9881 86.1676 86.5402 86.8355 87.3079 87.7058 87.673 85.648 85.2951 86.1031 86.2992 86.3608 85.8836 86.7479 86.9472 84.4895 84.9186 85.4324 85.4465 85.6677 85.4261 85.5919 86.1575 83.9368 84.1356 84.5398 84.9869 85.6701 85.6552 85.228 85.2884 
80.0561 80.057 80.201 80.341 80.6494 80.7685 80.8646 81 79.9413 80.0718 80.0562 80.2137 80.4489 80.7296 81.0201 81.1503 79.8734 80.0417 80.1499 80.2176 80.3248 80.7411 80.9965 81.0957 79.9881 80.1427 80.2678 80.3654 80.5414 80.6178 80.8191 80.8369 80.092 80.1681 80.1863 80.3769 80.5101 80.7203 80.8969 80.98 80.2181 80.4738 80.3813 80.4188 80.5842 80.902 80.9276 81.2045 80.46 80.6106 80.5296 80.6599 80.9031 81.0633 80.9879 81.1095 80.8099 80.7503 80.6947 80.93 81.0797 81.1278 81.4101 81.453 
74.5729 74.9578 74.8065 74.8222 74.6758 74.7043 75.2652 75.2772 74.5982 74.9128 75.2386 74.9685 74.8791 75.1573 76.2108 76.4213 74.638 75.2944 75.9386 75.1545 75.8317 75.9848 76.7034 77.1393 74.9291 75.757 76.2373 76.1418 76.1983 76.5023 76.7356 77.2111 75.0632 76.6675 76.6789 76.8938 76.8869 77.6047 77.0528 77.1824 75.8774 76.8983 77.2407 77.3642 77.4879 77.7399 77.362 77.863 76.8192 77.7738 77.983 78.0787 78.4637 78.6052 78.4345 78.4692 77.6621 78.1129 78.3824 78.428 79.0268 79.5287 79.3634 79.1499 
63.1019 62.8096 63.1201 63.1096 63.182 63.3446 63.2752 63.9241 64.181 64.0907 63.8975 63.8367 63.9734 63.938 64.149 64.5853 65.3158 65.2605 65.2218 64.8316 64.7301 64.7727 65.0201 65.6413 66.2316 65.7404 65.7845 65.6648 65.2518 65.6874 65.6848 66.0529 66.8946 66.4204 66.2669 66.21 65.9066 66.07 66.0575 66.3652 67.0176 67.1249 66.903 66.7384 66.8057 66.7481 66.4647 66.9208 67.4695 67.607 67.4926 67.3205 66.8649 66.8405 66.7974 67.3295 67.5312 67.4181 67.5125 67.2652 67.0033 66.9314 67.1366 67.0176 
54.3623 54.4417 54.364 54.3189 54.4841 54.3958 54.2192 54.4109 54.5493 54.5175 54.5211 54.5071 54.5558 54.2573 54.2903 54.4855 54.912 54.891 54.9204 54.7718 54.6926 54.6446 54.4883 54.5766 55.3565 55.3543 55.3406 55.2166 54.9876 55.0019 54.5402 54.4183 55.7484 56.0259 55.8692 55.6538 55.4716 55.5125 55.0979 55.0147 56.244 56.3869 56.3656 56.1757 55.9028 55.7908 55.7754 55.6158 56.5055 56.635 56.9175 56.6878 56.3034 56.3367 56.2424 56.029 56.8007 56.6468 56.9867 57.0822 56.8273 56.7739 56.6558 56.5042 
118.645 118.478 118.604 119.057 118.173 117.746 117.634 117.85 118.99 118.625 118.355 118.062 118.617 119.364 119.139 118.196 119.853 119.301 119.565 118.77 119.692 119.694 118.294 117.286 120.112 120.15 120.299 120.472 119.749 118.264 117.261 116.565 120.12 121.275 121.762 121.566 119.601 118.591 117.278 117.229 120.119 121.07 121.748 121.446 119.569 120.487 118.046 118.144 120.264 119.659 120.311 120.067 120.585 121.746 119.972 118.495 119.488 120.049 121.196 120.622 121.293 121.354 121.073 118.802 
118.391 119.3 119.579 119.88 119.599 119.531 119.533 118.974 118.432 118.471 118.984 119.593 119.504 119.764 119.032 118.973 119.317 119.415 119.91 119.82 120.088 120.507 119.201 119.559 119.648 120.712 120.615 120.036 119.702 120.883 119.901 119.795 119.467 120.276 120.42 120.217 119.779 121.467 120.688 119.277 119.076 119.01 120.354 120.558 120.3 119.961 118.476 117.312 119.109 118.56 118.753 119.939 120.142 119.593 118.941 117.948 118.587 118.549 119.154 119.846 121.119 120.86 120.047 120.276 
115.654 116.626 117.011 118.763 118.487 117.961 117.956 118.243 115.5 115.835 116.942 117.877 117.963 118.167 118.411 118.75 115.426 115.369 117.351 117.752 117.267 118.018 118.437 118.951 114.507 114.671 116.187 117.584 116.012 117.002 117.424 117.668 114.403 115.024 115.28 117.218 115.703 116.081 116.596 117.318 113.473 114.397 116.126 116.533 116.092 116.163 116.542 117.096 113.065 113.373 114.2 114.32 115.042 115.873 116.229 116.524 112.48 112.75 114.64 114.661 115.611 115.94 116.502 116.573 
110.996 111.87 112.281 112.958 113.822 115.039 115.859 116.163 110.341 110.959 111.807 112.299 113.201 114.425 115.371 115.516 109.428 110.18 110.911 111.778 112.472 113.532 114.464 114.818 108.504 109.241 109.944 110.849 111.676 112.636 113.384 113.715 107.761 108.299 108.686 109.548 110.714 111.576 112.154 112.612 106.795 107.052 107.625 108.514 109.536 110.249 111.01 111.359 105.892 106.453 106.719 107.396 108.326 109.14 109.898 110.574 105.396 106.065 106.084 106.38 107.474 108.206 108.813 109.611 
107.508 108.014 108.273 108.585 109.429 110.081 110.47 110.393 107.039 107.588 107.73 108.332 109.174 109.671 110.033 109.958 106.17 106.892 107.309 107.886 108.375 109 109.29 109.309 105.535 106.02 106.41 107.077 107.573 108.236 108.751 108.61 105.082 105.525 105.481 106.287 106.681 107.194 107.749 107.71 104.262 104.587 105.118 105.503 105.703 106.403 106.913 107.041 103.591 103.807 104.221 104.613 105.149 105.601 106.178 106.432 103.357 103.612 103.739 104.237 105.023 105.061 105.391 105.85 
99.5517 99.8595 99.8319 99.7753 99.3834 99.3722 100.134 100.004 99.3079 99.6675 100.108 99.6784 99.691 99.9594 101.16 101.243 99.09 99.7804 100.584 99.7002 100.364 100.57 101.324 101.761 99.2711 100.032 100.687 100.614 100.577 100.854 101.2 101.552 99.2882 100.562 100.726 101.188 101.356 101.767 101.233 101.219 99.8135 100.289 101.061 101.38 101.321 101.44 100.965 101.703 100.678 101.294 101.55 101.693 102.201 101.947 101.811 101.92 101.335 101.486 101.535 101.696 102.386 102.597 102.452 102.675 
88.1655 88.1952 88.2569 88.221 87.6569 87.6534 88.4217 88.5199 88.9238 89.0627 89.4465 88.8341 88.6844 88.789 90.2473 90.6243 89.6419 90.1236 90.9603 89.7138 90.1418 90.2951 91.3247 92.2928 90.5944 90.7651 91.6002 91.4587 90.9524 91.3074 91.816 92.7511 90.7597 92.026 92.2962 92.709 92.3475 92.945 92.1964 92.7023 91.6065 92.5185 93.2383 93.4405 93.2758 93.3712 92.3872 93.4581 92.9322 93.7785 94.0702 94.1713 94.2891 94.063 93.6507 94.1664 94.0652 94.0847 94.3601 94.2713 94.6906 94.9063 94.6895 94.5753 
80.433 80.4574 80.6014 80.5604 80.1481 80.2268 80.7586 81.2847 81.4605 81.4755 81.81 81.4197 81.3493 81.3224 82.5985 83.3657 82.3428 82.8563 83.7474 82.4896 83.0416 83.0671 83.943 85.021 83.4208 83.6569 84.5772 84.3422 83.8549 84.3066 84.7216 85.5706 83.8665 85.1344 85.3743 85.7604 85.3762 85.7728 84.9848 85.6413 84.8123 85.6037 86.2952 86.4259 86.307 86.2144 85.3514 86.5762 86.16 86.9454 87.3519 87.3165 87.2392 87.0792 86.7898 87.4339 87.1098 87.1686 87.5896 87.4536 87.8858 87.98 87.7418 87.7507 
82.588 82.0688 82.5472 82.4097 82.1984 82.3662 82.1279 83.2663 84.2628 84.0198 83.5855 83.343 83.5961 83.2607 83.6367 84.3181 85.8038 85.6056 85.3482 84.7094 84.6989 84.6944 84.9527 85.83 87.187 86.3443 86.314 86.0332 85.487 86.0215 85.7724 86.3232 87.8841 87.1986 86.9562 86.7573 86.2986 86.2139 85.9756 86.6646 87.7497 87.8922 87.6115 87.1856 87.0355 86.7317 86.2773 86.8657 88.0061 88.1599 88.0885 87.5885 86.6667 86.6325 86.629 87.2421 88.1826 87.8034 87.5071 87.0177 86.6102 86.2812 86.6567 86.3923 
121.955 122.309 122.685 122.257 121.981 122.206 122.023 121.231 122.041 121.785 121.797 121.914 122.483 123.16 121.807 120.693 123.393 123.263 122.936 122.131 123.741 123.9 121.392 120.626 124.439 125.51 124.54 123.007 123.971 124.038 122.215 121.456 123.71 125.192 125.397 123.788 123.636 125.089 123.381 121.099 123.768 123.728 124.552 124.369 123.501 123.768 120.694 119.216 123.964 122.846 123.162 124.383 124.388 123.723 121.826 120.009 122.896 123.36 123.314 124.035 125.185 124.484 123.047 122.352 
122.586 123.183 123.697 123.542 123.229 123.162 122.814 122.291 122.783 122.558 122.862 123.196 123.761 124.165 122.724 122.075 123.878 123.737 123.845 123.169 124.588 124.876 122.65 122.376 124.406 125.279 124.806 123.923 124.518 125.133 123.464 122.982 123.506 124.909 125.31 124.245 124.004 125.565 124.335 122.393 123.673 123.707 124.604 124.464 123.899 124.179 121.733 120.524 123.572 122.536 123.048 124.14 124.323 124.034 122.469 120.968 122.276 122.826 123.332 124.016 125.191 124.775 123.667 123.131 
123.901 124.863 125.555 125.365 125.753 126.328 126.505 126.101 123.897 124.009 124.569 125.328 125.794 126.46 125.853 126.018 124.526 125.021 125.14 125.142 126.382 126.998 126.125 126.842 125.177 126.422 125.961 125.23 126.526 127.994 127.163 127.484 124.684 125.332 125.679 125.261 126.268 128.518 127.997 126.24 124.612 124.164 125.032 125.419 125.939 126.04 124.694 123.45 124.572 124.061 124.273 125.844 125.945 125.304 124.929 124.142 124.022 124.41 124.359 125.427 126.742 126.491 125.653 126.158 
143.542 142.015 142.884 142.746 142.153 143.335 142.478 141.13 141.182 143.148 143.59 142.592 141.459 141.155 139.614 139.152 141.447 142.016 141.687 141.376 140.111 138.966 138.021 139.487 141.697 141.808 140.914 140.116 139.732 140.152 139.437 140.058 142.199 142.557 139.728 139.311 140.737 140.978 139.973 138.306 139.985 141.725 140.791 137.99 137.873 138.839 138.789 138.062 137.81 137.185 138.002 138.122 137.258 138.199 138.696 138.076 138.371 137.769 138.407 137.852 136.715 136.048 136.102 136.067 
140.175 140.459 140.774 140.718 140.987 140.832 140.942 141.139 139.749 139.646 140.214 140.467 140.33 140.28 140.963 140.588 139.173 139.386 139.897 140.87 141.423 140.944 140.412 140.739 139.688 139.984 139.996 139.95 140.073 139.962 140.489 140.719 139.302 139.433 139.753 139.335 138.677 139.697 140.157 140.168 139.911 138.968 138.944 139.356 138.494 138.655 138.981 138.695 139.903 139.218 139.041 139.843 139.741 138.883 138.729 138.573 139.499 138.55 139.037 139.708 140.011 138.907 138.943 138.972 
139.619 139.215 138.642 138.026 138.354 138.772 138.604 137.931 139.276 139.6 139.486 138.716 138.237 138.849 139.594 139.632 139.366 139.649 139.427 139.164 138.629 139.151 139.747 139.574 139.274 139.432 139.771 139.193 138.771 139.322 139.74 139.681 139.318 138.956 139.207 139.003 139.655 140.05 139.748 139.676 140.331 139.637 140.269 139.925 139.876 140.501 139.966 140.113 141.391 140.812 141.469 141.351 140.758 140.861 141.07 141.013 141.531 141.208 141.589 141.645 141.6 141.127 140.765 140.949 
121.676 121.818 121.817 121.833 121.54 121.486 122.326 122.092 121.68 121.892 122.6 122.081 121.932 122.383 123.618 123.779 121.644 122.288 123.176 122.26 122.904 123.158 123.888 124.456 122.137 122.769 123.595 123.403 123.313 123.658 124.325 124.868 122.211 123.581 123.942 124.438 124.423 125.013 124.429 124.82 123.475 123.768 124.714 125.248 125.045 125.207 124.616 125.457 124.81 125.345 125.656 125.92 126.222 125.757 125.604 125.888 125.766 125.94 126.025 125.899 126.587 126.758 126.341 126.541 
124.019 123.628 124.196 124.533 125.265 126.579 126.862 127.835 125.479 125.185 125.205 125.278 126.038 126.835 128.214 128.721 126.772 126.298 126.413 126.492 127.195 127.839 129.184 130.036 128.057 127.034 127.316 127.522 127.985 129.268 130.073 130.999 128.466 127.745 128.047 128.31 128.819 129.808 130.392 131.087 128.333 128.181 128.614 128.998 129.469 130.449 130.653 131.21 128.93 128.607 129.195 129.466 129.129 129.757 130.42 131.491 129.328 128.585 128.696 128.6 128.8 129.236 130.357 130.375 
137.401 137.493 137.469 136.945 136.78 137.223 137.432 137.981 137.77 137.7 137.502 137.303 137.097 137.581 137.988 138.415 137.865 137.898 137.85 137.773 137.793 137.993 138.484 138.2 138.32 138.367 138.718 138.05 138.341 138.368 138.295 138.385 138.578 138.77 138.995 138.465 138.562 138.75 138.927 139.056 139.05 138.818 138.966 138.526 138.597 139.047 139.382 139.367 139.284 139.143 139.074 138.605 138.493 138.767 139.226 139.252 139.43 139.192 138.9 138.574 138.53 138.678 138.629 138.515 
127.06 126.369 126.681 126.32 125.549 125.268 124.586 124.655 127.306 126.604 126.15 125.387 126.36 126.758 125.615 124.564 127.995 127.393 127.142 125.776 127.147 126.685 124.939 123.431 128.449 128.104 127.807 127.652 128.039 126.2 124.841 123.885 127.344 128.753 129.38 128.454 127.394 126.407 125.019 124.498 128.267 128.919 128.738 128.066 126.611 127.799 124.901 124.856 128.57 127.773 127.952 127.564 127.86 128.893 126.589 124.882 126.598 127.839 128.488 128.091 128.156 127.987 127.45 125.194 
127.815 128.276 128.681 127.979 127.777 127.959 127.206 126.557 128.133 127.852 127.867 128.005 128.168 127.871 126.384 126.311 128.739 128.726 128.315 127.809 128.341 128.472 126.961 126.957 128.98 129.684 129.083 127.943 128.575 129.79 128.727 128.242 127.818 128.747 128.962 127.9 128.229 130.376 129.482 127.61 128.299 127.941 128.399 128.22 128.245 128.056 126.425 125.152 128.729 128.174 127.767 128.827 128.72 127.664 126.757 125.776 127.756 127.988 128.004 128.946 129.415 128.675 127.586 128.074 
141.835 140.052 140.997 140.468 139.245 139.966 138.472 137.232 142.104 143.597 143.806 142.453 141.046 140.289 138.133 137.916 142.501 142.856 142.383 141.431 139.877 138.322 137.415 138.516 142.966 142.78 141.703 140.804 140.221 140.378 139.416 139.686 143.428 143.625 140.894 140.267 141.683 141.54 140.47 138.428 141.769 143.307 142.079 139.151 138.953 139.623 139.187 138.222 140.073 139.289 139.572 139.703 138.665 139.334 139.428 138.182 140.1 139.483 140.367 139.939 138.406 137.677 137.42 136.918 
149.134 147.469 148.387 148.142 147.011 147.639 146.719 145.569 146.719 148.348 148.823 147.751 146.139 145.448 143.967 143.524 147.144 147.374 147.249 146.839 145.643 144.013 142.866 144.206 148.042 148.082 147.045 145.776 145.185 145.12 144.512 145.114 148.81 149.025 146.327 145.318 146.207 146.458 145.452 143.616 147.014 148.466 147.323 144.371 143.726 144.419 144.271 143.335 145.136 144.235 144.687 145.063 143.927 144.31 144.527 143.542 145.693 144.422 145.328 145.028 143.67 142.716 142.633 142.25 
152.002 150.071 150.488 149.82 148.935 149.432 147.727 146.414 149.451 151.103 151.21 149.639 147.924 147.426 145.371 144.859 150.3 150.505 149.52 148.76 146.929 145.921 144.391 144.963 150.726 150.753 149.29 147.881 147.11 147.074 145.849 145.824 151.156 151.407 148.176 147.585 148.513 147.978 146.772 144.951 149.495 151.017 149.477 146.55 145.861 146.369 146.047 145.031 147.832 147.002 147.189 147.02 145.719 146.339 146.831 145.339 148.234 147.094 147.61 147.122 145.43 144.372 143.877 144.176 
154.872 154.301 154.066 153.661 153.704 153.858 153.456 153.001 154.267 154.369 154.579 154.158 153.626 154.103 154.468 154.645 154.211 154.13 154.458 154.544 154.201 154.327 154.512 154.464 154.269 154.463 154.982 154.339 153.903 154.347 154.79 154.67 153.949 153.708 154.542 154.132 154.431 154.898 154.631 154.561 155.369 154.399 155.118 155.001 154.515 154.652 154.599 154.8 156.484 155.829 156.425 156.602 155.734 155.245 155.545 155.478 154.749 154.432 155.006 155.24 155.123 154.472 154.064 154.128 
158.797 157.887 157.617 157.618 158.531 159.703 159.693 157.868 158.711 158.349 158.701 158.361 158.145 159.336 160.729 159.628 158.739 158.294 158.494 158.608 158.297 159.253 160.616 159.159 158.425 158.169 158.66 158.52 158.508 159.494 160.333 159.394 157.925 157.72 158.406 158.408 159.52 160.219 160.395 159.162 159.116 158.501 159.533 159.493 159.542 160.693 160.903 159.974 160.184 159.62 160.627 160.841 160.302 160.875 161.531 160.808 160.257 159.945 160.731 160.744 160.894 161.211 161.494 160.541 
168.055 168.108 168.444 168.933 169.949 171.363 172.176 172.665 169.381 169.322 169.832 170.446 171.098 172.418 173.294 173.587 169.142 168.991 169.649 170.677 171.548 172.566 173.262 173.401 169.919 169.165 169.937 170.669 171.753 172.928 173.767 174.278 169.633 169.219 170.072 170.696 171.804 173.065 174.06 174.019 169.992 169.387 170.41 171.253 172.012 173.624 174.182 174.185 170.428 170.122 170.993 171.498 172.049 173.014 173.616 174.006 170.742 170.708 171.121 171.214 171.603 172.55 173.454 173.614 
178.975 179.101 179.161 179.751 180.156 181.548 181.75 182.117 179.873 179.727 179.904 180.442 180.813 181.598 182.638 182.789 180.142 179.572 180.157 180.583 181.074 181.83 183.069 183.296 180.452 179.74 180.125 180.964 181.649 182.654 183.399 184.009 180.504 180.108 180.763 181.29 182.021 183.188 183.99 184.108 180.191 180.067 181.127 181.555 181.963 182.937 183.736 183.598 180.935 180.548 181.526 181.953 182.022 182.375 183.405 183.323 181.484 180.862 181.202 181.67 182.093 182.362 183.497 183.214 
141.368 140.393 136.84 134.328 132.155 125.344 120.754 117.912 142.922 141.063 136.499 134.291 132.78 125.464 122.048 117.125 143.197 140.523 136.62 133.92 131.645 124.813 122.078 117.848 142.368 140.153 137.973 134.025 132.204 125.511 122.194 118.893 141.722 139.801 137.891 135.182 131.441 126.856 122.19 119.244 141.461 139.257 137.496 134.85 133.118 125.161 122.709 119.848 141.968 140.782 137.738 134.908 132.999 126.358 122.691 121.042 142.645 140.99 138.846 135.437 132.958 125.603 122.56 121.082 
131.47 131.179 131.088 130.108 129.307 129.35 127.801 127.619 135.59 134.771 133.691 132.899 132.968 131.953 130.574 130.566 135.213 134.778 133.928 133.018 132.217 131.701 131.239 130.79 134.635 133.975 133.673 133.566 133.207 133.321 132.959 132.053 132.685 133.236 133.678 133.255 132.902 133.619 132.973 132.473 133.693 133.779 133.478 133.038 132.986 132.859 131.92 131.389 134.525 134.749 133.777 133.389 133.261 133.128 132.263 131.636 133.127 133.684 134.52 134.698 133.447 132.807 132.342 132.369 
132.692 133.023 132.985 132.674 132.372 132.809 132.445 132.254 142.115 142.274 140.996 141.014 141.429 141.179 141.43 140.877 142.082 141.772 140.845 140.588 140.665 141.051 141.468 140.987 141.764 141.819 141.681 141.027 141.125 141.418 141.702 141.404 141.758 141.494 141.74 141.822 141.182 142.168 141.35 141.47 141.376 141.303 141.565 141.464 141.52 141.555 141.091 141.132 141.804 142.034 141.862 141.639 141.439 141.708 141.783 141.862 142.249 142.281 142.39 142.244 141.767 141.753 141.818 142.209 
150.572 148.838 149.411 149.011 148.045 148.626 147.399 146.44 150.649 152.342 152.431 151.038 149.573 149.275 147.303 146.846 151.551 151.725 150.786 150.163 148.489 147.655 146.386 146.801 151.997 152.046 150.507 149.234 148.872 149 147.866 147.759 152.5 152.849 149.489 149.215 150.389 149.875 148.937 147.291 150.444 152.174 150.603 148.137 147.741 148.35 148.315 147.407 148.676 148.03 148.189 148.215 147.204 148.168 148.869 147.496 149.074 147.931 148.417 148.161 146.684 145.972 145.638 146.085 
156.805 157.181 156.959 156.208 156.272 155.397 154.447 155.452 156.028 155.684 155.913 155.676 155.024 155.684 154.93 154.674 156.339 155.911 155.002 155.606 155.352 156.281 155.101 153.572 156.449 156.522 155.44 154.909 155.51 155.106 154.737 153.911 154.569 155.294 154.726 155.349 154.299 153.825 154.689 155.119 155.408 155.074 153.56 154.43 153.43 153.122 154.138 153.968 155.422 155.146 153.759 153.972 153.962 153.925 154.522 153.295 152.615 151.202 151.117 152.485 152.128 151.458 151.057 152.573 
168.706 168.45 167.595 166.552 166.801 166.441 165.012 163.952 168.242 167.991 167.554 166.555 165.868 166.719 166.146 164.879 168.825 168.408 166.91 166.626 165.358 166.625 166.075 163.051 167.628 167.854 166.957 166.46 166.343 165.986 165.198 162.586 165.926 166.243 165.593 166.505 166.611 164.995 165.14 163.889 167.035 166.943 165.543 165.87 165.534 165.12 165.395 163.976 167.446 167.354 166.351 165.831 165.506 165.651 166.45 163.99 151.144 150.477 150.158 150.681 149.932 149.667 148.812 149.198 
181.113 181.376 180.789 180.558 180.4 180.092 180.014 179.02 182.747 182.651 182.13 181.504 181.668 181.534 181.096 180.15 182.761 182.357 182.248 182.196 181.542 180.994 180.479 179.302 182.101 182.462 182.533 182.31 181.776 180.958 180.354 178.976 181.764 181.902 182.352 181.7 181.754 180.949 180.64 179.204 182.323 182.329 181.815 181.552 181.425 181.004 180.727 179.096 181.781 182.029 181.471 181.202 181.095 180.799 180.093 178.686 179.673 180.17 179.826 179.141 178.726 179.079 178.205 176.875 
198.817 198.965 198.767 199.296 199.65 200.291 199.843 199.128 201.777 201.417 201.542 201.864 202.015 202.407 202.189 200.978 201.974 201.432 201.875 202.183 202.08 202.456 202.713 201.429 202.268 201.859 202.143 202.374 202.629 202.885 202.877 202.025 202.391 202.11 202.689 202.356 202.76 203.038 203.244 201.87 202.196 201.947 202.516 202.304 202.616 203.086 203.102 201.656 202.706 202.11 202.356 202.745 202.79 202.841 202.698 201.475 202.559 202.443 202.509 202.45 202.583 202.543 202.657 201.838 
206.159 206.371 206.715 206.961 206.748 207.161 207.013 206.619 208.642 208.67 208.817 208.937 209.008 209.09 209.004 208.885 208.86 209.215 209.224 208.913 208.923 209.333 209.885 209.838 209.16 209.042 209.373 209.519 209.287 209.575 209.899 209.97 209.375 209.429 209.841 209.804 209.689 209.952 210.09 209.912 209.252 209.53 209.811 210.101 210.085 210.046 210.102 209.816 210.313 210.094 210.523 210.28 210.354 209.85 209.985 209.748 210.69 210.61 210.843 210.74 210.792 210.136 210.24 209.819 
168.801 162.145 148.14 137.66 128.16 109.544 90.6314 81.8824 170.707 159.25 148.061 138.322 127.972 113.102 96.701 79.4542 171.106 160.997 149.309 139.567 130.908 111.078 99.829 84.125 171.307 160.483 151.758 139.289 133.309 115.322 97.3788 87.2534 171.335 161.772 151.429 141.743 129.722 116.762 101.056 86.5157 171.653 160.963 151.032 140.067 133.923 111.88 103.04 89.9863 171.884 164.11 151.398 140.924 132.293 116.956 98.5518 90.5678 172.986 164.679 155.25 140.67 132.121 114.992 100.92 88.5701 
144.145 143.025 139.574 137.2 135.226 128.922 124.895 122.205 151.957 150.02 145.48 143.339 141.783 134.933 132.138 127.731 151.866 149.31 145.638 143.16 140.772 134.447 131.825 128.236 150.847 148.877 147.156 143.696 141.702 135.061 131.971 129.062 150.302 148.621 147.073 144.691 141.037 136.262 132.01 129.486 150.158 148.101 146.49 144.063 142.498 134.876 132.431 130.021 150.329 149.193 146.528 144.202 142.202 135.931 132.495 131.22 151.184 149.401 147.624 144.591 142.105 135.431 132.539 131.213 
151.222 150.829 149.063 148.351 147.835 146.933 147.173 148.369 165.219 166.068 165.281 161.358 159.978 159.995 159.858 159.965 166.139 166.666 165.864 163.339 159.552 159.802 160.675 161.506 165.813 165.175 164.697 164.305 162.898 162.7 163.423 162.423 166.17 165.115 163.51 165.195 163.804 164.201 164.788 163.39 165.993 165.332 164.028 163.822 163.392 164.499 165.229 161 165.395 165.516 166.185 164.799 163.984 165.157 165.29 163.843 164.564 163.555 165.545 164.271 164.281 165.047 165.874 164.764 
165.305 165.602 165.096 166.023 165.693 164.669 165.36 165.467 173.951 174.258 174.251 175.546 175.151 173.677 173.621 174.701 173.832 172.874 173.908 175.419 175.938 174.381 174.455 175.328 173.943 173.829 173.86 173.673 174.399 174.899 175.375 175.088 174.371 175.345 175.283 173.95 173.206 174.381 175.67 175.342 173.977 175.921 174.804 174.036 173.854 174.137 175.388 176.34 175.786 176.158 175.688 174.694 174.501 175.529 175.652 176.58 174.462 174.708 175.961 176.38 176.269 175.763 175.108 175.526 
183.658 183.451 183.306 183.063 183.023 182.224 181.586 182.363 183.948 183.629 183.044 182.687 182.531 183.031 182.088 182.424 184.081 183.935 182.474 182.408 182.027 183.335 182.263 181.119 183.544 183.741 182.697 182.166 182.804 182.986 182.265 181.302 182.448 183.025 181.803 182.99 182.904 181.853 182.397 182.913 182.744 182.954 181.576 182.349 182.305 181.992 182.665 182.502 182.719 183.003 182.386 182.433 182.217 182.206 183.09 182.254 164.928 164.603 164.715 165.307 164.723 164.51 164.222 165.37 
211.508 212.592 211.725 211.45 211.022 210.613 210.581 210.538 211.712 212.421 211.659 211.582 211.289 210.906 210.298 210.617 211.502 211.434 211.317 211.269 210.77 210.022 209.815 210.089 210.419 210.466 210.937 210.57 209.856 209.556 209.345 209.62 209.84 210.054 210.067 209.732 209.466 209.015 209.036 209.274 209.168 208.962 208.981 208.892 208.533 208.469 208.432 208.376 207.772 207.919 207.489 207.438 206.818 206.761 206.79 206.826 160.868 160.962 160.38 160.04 159.797 159.959 160.021 159.863 
216.127 216.856 216.075 215.878 215.448 214.795 213.887 213.64 217.514 217.622 217.386 216.928 216.804 216.26 215.094 214.627 218.264 217.531 218.024 217.847 217.309 215.959 215.178 214.029 217.508 218.137 218.076 217.599 217.267 215.875 215.118 213.757 217.577 218.274 217.803 216.637 216.86 215.95 215.287 213.934 217.92 217.964 217.093 216.538 217.04 216.423 215.772 213.674 217.301 217.457 216.798 216.587 216.266 215.947 215.391 213.666 202.946 202.675 202.955 202.132 201.851 201.934 200.96 200.092 
223.14 223.942 223.991 224.081 223.748 223.192 222.941 222.505 225.477 225.743 226.033 226.628 226.502 225.813 224.82 224.107 225.913 226.048 226.394 226.703 225.887 225.73 225.119 224.344 226.306 226.806 227.453 226.39 225.57 225.378 224.632 224.343 226.679 226.863 226.749 225.779 226.147 225.935 225.035 224.584 227.207 226.79 225.963 225.926 226.165 226.138 225.428 224.434 227.328 226.36 226.256 225.789 225.948 225.99 225.033 224.768 226.776 226.495 226.583 225.941 226.001 225.333 224.676 224.427 
238.995 238.915 239.011 239.178 238.409 238.512 237.073 236.778 238.842 239.461 237.297 239.854 240.12 239.357 236.167 237.479 238.918 240.011 238.726 239.519 239.347 238.172 236.62 237.905 239.586 240.307 238.695 240.036 239.264 238.73 237.753 237.99 237.905 239.503 239.348 239.241 239.105 239.058 238.87 238.021 240.44 239.802 240.017 239.479 239.046 239.207 239.915 237.775 240.907 240.506 239.756 240.371 238.088 239.423 239.691 237.479 240.736 240.031 239.258 240.002 239.597 239.745 239.239 238.328 
164.82 160.729 151.249 144.898 139.501 126.491 115.073 108.843 166.422 159.446 151.541 145.582 138.955 127.815 118.423 107.789 166.395 160.105 152.878 146.382 140.337 126.872 119.795 110.447 165.838 159.463 154.791 146.746 142.484 129.499 118.929 112.262 165.988 160.74 154.668 148.187 140.662 130.546 121.337 112.166 166.244 159.753 153.791 146.814 143.198 127.828 122.095 114.342 166.084 161.255 153.445 147.285 141.877 130.868 119.71 115.106 166.809 161.422 156.074 147.258 141.39 129.526 121.489 114.105 
163.349 162.979 160.266 158.783 158.087 156.943 156.458 157.024 163.051 164.008 162.833 157.97 155.574 155.08 154.547 154.169 163.801 164.155 162.586 159.03 153.85 154.727 154.662 155.809 162.473 161.532 161.24 160.448 158.08 157.207 157.831 156.729 162.591 161.5 159.873 161.564 159.242 158.976 159.334 157.183 162.951 161.659 159.991 159.415 158.718 159.502 159.384 154.397 162.014 161.6 161.933 160.389 159.373 160.337 159.515 158.086 160.939 159.284 161.197 159.932 158.922 159.426 160.583 159.613 
166.828 166.737 164.566 163.847 163.339 162.129 162.196 162.923 171.688 172.734 171.983 168.616 166.58 166.086 165.612 165.968 172.167 172.54 171.666 169.44 165.416 165.857 166.075 167.537 171.285 170.614 170.312 169.854 168.358 167.995 168.812 168.189 171.494 170.902 169.6 170.871 168.741 169.164 169.967 168.469 171.806 171.526 169.712 169.104 168.474 169.389 170.02 166.499 171.663 171.74 171.946 170.148 169.414 170.691 170.43 169.595 170.472 169.349 171.603 170.529 170.015 170.341 171.124 170.731 
183.334 182.968 181.852 181.801 181.237 180.265 180.506 181.386 183.406 184.012 183.56 181.399 180.278 179.984 179.349 180.049 183.656 184.044 183.4 181.869 179.436 179.992 179.962 181.129 183.342 183.051 182.591 181.983 181.361 181.628 182.13 181.709 183.509 183.268 182.133 182.98 181.912 182.334 183.162 182.281 183.868 183.908 182.479 182.064 181.775 182.525 183.375 180.896 183.991 184.332 184.772 183.638 183.001 183.575 183.768 183.215 183.085 182.581 184.615 183.965 183.495 183.519 184.157 183.619 
196.255 196.445 195.937 196.485 196.124 195.177 195.29 195.083 196.483 196.874 196.586 197.361 196.815 195.831 195.037 195.899 196.193 195.863 195.909 196.488 196.659 196.259 195.594 196.188 195.952 195.797 195.679 195.282 195.651 196.145 195.94 195.904 195.901 196.438 196.415 195.788 195.189 195.572 196.092 195.984 196.002 197.095 196.251 195.675 195.492 195.641 196.194 196.728 197.019 197.576 197.229 196.587 196.19 196.277 196.222 196.865 195.924 196.397 197.32 197.432 196.627 196.293 196.101 196.103 
214.971 215.602 215.033 214.447 214.422 214.079 213.771 214.768 214.688 215.731 215.123 215.13 214.549 214.68 213.875 215.387 216.122 215.267 215.695 215.579 215.685 215.066 215.184 215.691 215.611 215.308 215.149 215.257 215.637 215.35 214.929 215.147 215.423 216.066 214.898 214.678 215.133 214.887 214.494 214.605 215.574 215.637 214.747 214.214 215.052 215.387 214.939 214.429 214.655 215.109 214.702 214.474 214.289 214.558 215.029 214.838 196.494 195.686 196.253 196.387 195.735 195.932 196.894 197.067 
231.418 234.171 233.565 233.056 232.026 231.483 232.185 232.52 231.231 232.818 232.308 234.113 232.022 231.622 231.889 232.22 233.206 232.197 233.297 233.942 231.805 231.66 232.522 232.582 232.776 232.567 233.919 232.954 231.496 231.892 230.862 231.353 233.066 232.671 231.428 231.272 233.596 233.56 231.555 231.262 234.201 233.139 231.128 230.551 232.406 233.23 231.562 230.997 233.174 231.216 230.624 229.808 230.776 232.101 231.162 231.202 232.781 230.322 230.688 230.547 230.705 230.299 230.663 230.735 
245.007 245.385 245.457 245.55 244.573 244.263 243.081 243.039 244.417 245.516 242.922 246.232 246.237 245.388 241.866 243.61 244.446 245.673 244.258 245.688 245.694 244.353 241.868 243.431 245.426 246.176 244.483 245.987 245.443 244.88 243.133 243.394 243.465 245.161 244.905 244.636 245.011 244.91 244.224 243.477 246.59 245.637 245.832 244.698 244.941 245.211 245.648 243.156 246.52 246.003 245.118 245.419 243.16 245.57 245.899 243.356 246.256 244.566 244.326 244.93 244.543 245.475 245.071 244.343 
251.658 251.8 252.315 252.158 250.96 250.966 250.072 249.732 250.367 251.919 248.533 252.523 252.55 251.408 247.888 250.422 250.448 252.533 250.172 251.732 251.463 249.971 247.644 250.357 251.68 252.474 250.046 252.411 251.101 250.504 248.804 249.565 248.817 250.779 250.424 250.688 250.942 250.763 250.205 249.52 252.801 251.64 251.72 250.665 250.227 250.733 252.013 249.284 252.885 252.249 251.127 251.359 248.163 251.292 251.88 249.198 252.834 251.019 250.19 251.118 250.449 251.785 251.484 250.106 
