2717000
137.384 135.664 136.342 136.089 135.044 134.31 133.024 131.678 135.788 137.369 137.368 136.165 134.924 133.196 131.206 130.499 136.547 136.686 136.212 135.235 134.175 131.676 130.103 130.845 137.107 137.115 136.006 134.826 134.202 132.831 131.427 131.532 137.933 138.121 135.543 134.539 135.414 133.816 132.207 130.34 136.147 137.624 136.567 133.563 132.866 132.407 131.544 130.697 134.389 133.573 134.084 133.875 132.696 132.205 132.162 130.952 134.197 133.579 134.061 133.27 131.926 130.229 129.961 129.31 
103.264 103.228 103.021 103.043 103.114 102.806 102.394 102.246 103.448 103.333 103.057 102.917 103.301 103.385 102.899 102.455 103.779 103.628 103.447 103.031 103.647 103.501 102.762 102.147 104.035 103.904 103.796 103.646 103.766 103.116 102.543 102.138 103.935 104.117 104.256 103.942 103.727 103.268 102.506 102.207 104.045 104.044 103.94 103.781 103.338 103.524 102.628 102.574 104.122 103.931 103.821 103.685 103.602 103.749 103.158 102.495 103.717 103.981 103.986 103.617 103.781 103.665 103.536 102.629 
53.0212 53.0934 53.0403 53.1724 53.2565 53.1975 53.164 53.1226 53.1035 53.0571 53.1046 53.187 53.1321 53.3156 53.2694 53.1503 53.1856 53.0957 52.92 52.9557 52.9849 53.2037 53.2755 53.1449 53.3453 53.1238 53.0296 52.8976 52.9755 53.1359 53.0813 53.1581 53.3094 53.1034 52.987 52.8211 53.0145 53.1968 53.0668 52.7994 53.1998 53.1298 52.9563 52.7608 52.8566 53.2149 53.2316 52.813 53.179 53.2383 53.0787 52.9369 52.9136 53.0188 52.9242 52.7263 53.3287 53.3415 53.1296 52.9945 52.836 52.8872 52.9315 52.7508 
42.0365 41.9408 41.5138 41.3701 40.6092 40.7644 41.077 41.0503 41.8324 40.647 41.4065 41.8543 41.4327 40.731 40.9013 40.7517 41.1554 40.6561 40.4554 41.0654 41.5099 41.2913 40.8826 40.4975 41.576 41.5823 41.4034 41.504 41.6608 41.3281 40.6338 39.9591 42.0093 41.8499 41.6842 41.7519 41.683 41.3811 40.42 39.5248 42.1931 42.3139 42.107 41.7207 41.921 41.2379 40.5276 39.8949 42.0448 42.1546 42.2893 42.3906 42.343 41.8414 40.9802 40.5615 42.0833 42.2926 42.5858 42.6352 42.4119 42.1985 41.8076 41.238 
149.628 147.419 147.73 147.181 145.676 144.653 143.057 141.526 148.399 149.422 148.854 147.426 145.945 143.685 141.394 140.649 149.18 148.939 147.998 146.499 145.158 142.483 140.328 140.939 149.612 149.135 147.823 146.278 145.207 143.608 141.933 141.675 150.369 150.127 147.354 146.141 146.489 144.504 142.779 140.866 148.743 149.674 148.254 145.069 144.067 143.166 142.05 141.183 147.133 145.967 145.938 145.515 144.034 143.194 142.676 141.407 147.149 145.972 146.07 145.007 143.408 141.371 140.701 139.93 
132.983 131.277 131.678 131.298 130.113 129.559 128.447 127.095 132.396 133.69 133.632 132.38 130.704 129.087 127.402 126.68 132.827 132.955 132.4 131.415 129.807 127.631 126.572 127.058 133.286 133.168 132.03 130.733 129.802 128.871 127.89 127.975 134.055 133.932 131.405 130.3 131.006 129.735 128.51 126.74 132.05 133.113 132.163 129.345 128.681 128.325 127.904 126.837 130.399 129.786 129.869 129.751 128.551 128.129 128.063 126.909 130.715 129.772 130.031 129.184 127.849 126.485 126.084 125.533 
81.4025 81.2862 80.9111 80.5462 79.5514 79.6235 79.8115 79.7637 81.4765 80.3271 80.8631 81.1303 80.4099 79.8826 79.9271 79.7631 81.0437 80.4563 80.0134 80.3291 80.646 80.5566 80.3121 79.7596 81.6358 81.4496 81.0958 81.0732 81.0066 80.7716 80.1859 79.4749 82.1498 81.7851 81.3801 81.372 81.3872 81.1485 80.1664 79.1584 82.0626 81.9393 81.6243 81.2262 81.4328 81.0975 80.2603 79.2127 81.9882 82.1087 81.8304 82.0068 81.9938 81.5052 80.3724 79.6352 82.0442 82.206 82.4018 82.2233 81.9885 81.7092 81.102 80.2809 
63.6304 63.6155 63.4723 63.2355 62.0788 61.9517 62.1274 62.1007 63.6262 62.8009 63.2032 63.2693 62.8568 61.7626 62.2398 61.9986 63.0259 62.6672 62.1214 62.1613 62.7188 62.3109 62.5131 62.331 63.2 63.2589 62.7947 62.5981 62.931 62.6113 62.3823 62.2115 63.5596 63.1748 63.0572 63.1285 63.1003 63.0554 62.2094 61.5401 63.8939 63.819 63.5122 63.4159 63.6333 63.1719 62.2435 61.6835 63.9348 63.8444 63.4301 63.4618 63.8715 63.4497 62.6191 62.1859 63.778 63.8878 63.8123 63.6515 63.9258 63.6177 63.1503 62.6518 
180.604 178.933 179.429 178.852 177.49 176.913 175.558 173.824 180.041 181.486 181.346 180.18 178.798 176.696 174.52 173.659 180.687 181.135 180.587 179.483 177.69 175.167 173.426 174.038 180.85 181.33 180.112 178.677 177.631 176.279 175.007 174.799 181.414 182.162 179.55 178.569 178.793 177.194 175.714 174.041 179.986 181.432 180.114 177.851 177.093 176.039 175.311 174.116 178.43 178.115 178.157 177.973 176.641 175.709 175.524 174.617 176.44 175.515 175.796 175.294 173.776 171.829 171.409 170.832 
165.686 165.42 164.945 164.514 163.86 163.281 163.176 162.813 168.504 168.145 167.258 166.417 165.831 165.227 165.234 165.036 168.069 167.978 167.162 166.342 165.385 165.466 165.252 164.967 168.182 167.752 167.507 166.949 166.408 165.934 165.811 165.273 168.206 167.751 167.538 167.49 167.013 165.956 166.151 165.633 167.891 167.43 167.375 167.055 166.751 166.15 166.157 165.358 167.894 167.54 167.39 167.395 166.904 166.429 166.136 165.494 167.538 166.961 167.316 167.077 166.668 166.146 166.125 165.074 
113.098 113.552 113.974 113.563 112.607 112.446 112.585 112.546 116.74 117.055 116.835 116.233 116.075 115.167 116.238 116.034 116.418 116.829 116.144 115.549 115.502 115.227 116.622 116.671 116.224 116.457 116.045 115.607 115.828 115.95 116.731 117.192 116.372 116.007 116.121 116.314 116.237 116.713 116.756 116.68 116.145 116.039 116.122 116.696 116.859 117.166 116.531 116.119 116.491 116.393 115.632 115.778 116.627 116.681 116.467 116.1 116.443 116.219 116.142 116.02 116.781 116.467 116.272 116.018 
87.4643 87.8397 87.9847 87.4673 86.0415 85.9842 86.3326 86.3044 87.6528 86.8722 87.4874 87.4908 87.1025 85.8468 86.5646 86.3149 86.983 86.8549 86.314 86.2824 87.1793 86.701 87.116 87.0367 87.3241 87.7284 87.2074 86.9641 87.4591 87.3624 87.1795 86.8904 87.7648 87.5437 87.4959 87.7746 87.8599 88.0781 87.1489 86.1999 87.9656 88.0243 87.9946 88.3004 88.6818 88.174 86.7783 86.0422 88.1362 88.0045 87.6065 88.0735 88.8397 88.3116 87.3758 86.8076 87.8808 88.0357 88.2237 88.2835 89.069 88.7286 88.1895 87.7207 
224.292 224.234 224.202 224.166 223.4 222.769 221.985 221.593 224.869 225.01 223.624 224.541 224.638 223.751 221.625 222.156 224.998 225.397 224.543 224.436 224.035 223.5 221.843 222.495 225.279 225.678 224.904 224.909 224.419 223.606 222.706 222.562 224.551 225.454 225.16 224.895 224.598 223.848 223.376 223.024 225.87 225.608 225.057 224.763 224.635 224.186 224.187 222.899 225.873 225.761 225.272 225.265 223.997 224.007 224.026 223.236 222.055 221.634 221.703 221.785 220.982 220.443 220.503 219.777 
196.954 197.237 197.228 197.137 196.873 196.802 196.551 196.226 200.45 200.652 200.262 200.511 200.642 200.095 199.389 199.528 200.257 200.741 200.49 200.728 200.077 199.794 199.442 199.658 200.345 201.07 200.714 200.774 200.5 199.934 199.818 199.872 200.188 201.037 201.065 200.922 200.544 200.095 200.096 200.043 200.501 200.63 200.639 200.835 200.797 200.386 200.519 199.817 200.404 200.718 200.703 200.982 200.502 200.223 200.424 200.064 197.441 197.435 198.103 198.301 198.058 197.521 197.745 197.089 
142.355 143.149 143.323 143.186 143.002 143.27 143.386 143.263 144.351 144.357 144.195 144.136 144.169 144.493 144.311 144.634 144.522 144.735 144.433 144.303 144.417 145.058 144.693 145.293 145.104 145.602 145.194 144.971 145.133 145.709 145.334 145.501 145.097 145.296 145.427 145.272 145.467 146.319 146.204 145.21 144.795 144.707 145.38 145.296 145.368 145.65 144.983 143.965 144.792 144.434 144.611 145.455 145.459 145.299 145.238 144.439 144.137 144.072 144.729 145.192 145.706 145.478 145.447 145.111 
111.125 112.079 112.951 112.44 111.26 110.81 110.738 110.64 113.308 113.884 113.619 113.005 113.348 111.736 112.627 112.452 113.286 113.985 113.227 112.16 112.959 112.276 113.55 114.092 112.927 113.71 112.952 112.206 112.878 113.322 114.083 114.842 112.96 112.591 112.917 113.035 113.098 114.601 114.309 113.983 113.346 113.022 113.186 114.099 114.343 114.687 113.215 112.967 113.886 113.276 111.933 112.44 113.921 113.802 113.672 113.328 113.357 113.056 112.666 112.566 114.447 113.875 113.556 113.988 
