2717000
92.8568 92.33 92.032 92.0617 92.0039 92.1319 92.2414 92.3643 94.0384 93.6733 93.2725 93.2378 93.2636 93.3199 93.4771 93.7709 95.4874 95.0523 94.8258 94.8179 94.8498 94.6541 94.8419 94.9709 97.0537 96.7887 96.4437 96.3664 96.4555 96.3119 96.4515 96.486 98.6813 98.5101 98.4091 98.3334 98.4048 98.2549 98.0798 98.5113 100.471 100.497 100.446 101.045 100.854 100.947 100.639 100.278 102.519 102.587 102.916 102.741 102.765 102.596 102.53 102.024 103.259 103.549 104.047 104.23 103.911 103.721 103.772 103.269 
97.9351 97.3529 97.2793 97.3413 97.3005 97.0913 96.8634 97.3153 98.3725 98.0389 97.8757 97.9431 97.856 97.984 97.815 97.8235 99.0043 98.9314 98.5872 98.348 98.2979 98.2512 98.6518 98.5292 100.086 99.7987 99.5988 99.412 99.3671 99.0157 99.0768 99.2316 100.969 100.836 100.465 100.421 100.289 99.9734 100.103 100.199 101.694 101.552 101.245 101.408 101.287 101.352 101.333 101.084 102.622 102.578 102.742 102.727 102.296 102.304 102.274 101.886 103.023 103.15 103.419 103.549 102.804 102.869 102.93 102.539 
102.25 102.272 102.334 102.197 101.933 101.82 101.58 101.666 102.677 102.539 102.767 102.517 102.147 102.107 101.969 102.013 102.952 102.982 102.995 102.766 102.435 102.33 102.332 102.356 103.63 103.356 103.29 103.318 103.109 102.857 102.73 102.894 104.074 103.666 103.696 103.98 103.693 103.589 103.417 103.206 104.914 104.593 104.851 104.607 104.217 104.087 103.802 103.483 105.617 105.567 105.739 105.347 104.704 104.579 104.23 103.833 105.574 105.752 105.999 105.799 105.189 104.933 104.906 104.72 
105.311 106.316 107.436 106.607 104.528 103.136 103.193 103.126 106.147 107.073 106.741 105.486 105.231 102.611 104.086 103.621 106.152 107.023 106.195 104.334 104.706 103.312 105.493 105.815 105.821 106.46 105.637 104.694 105.296 104.966 106.209 107.13 106.507 105.637 105.867 106.166 106.12 107.254 106.767 106.813 107.916 107.572 107.083 108.19 108.365 108.62 106.743 106.684 109.192 108.784 106.566 106.538 108.274 107.84 107.26 106.897 108.596 108.673 107.821 107.053 108.71 107.675 107.325 107.41 
112.456 112.098 111.368 110.86 110.431 110.073 109.701 109.603 112.759 112.527 112.126 111.391 110.808 110.637 110.37 109.898 113.582 113.524 112.951 112.137 111.587 111.199 110.823 110.371 114.263 114.139 113.779 113.094 112.251 111.751 111.361 111.219 115.056 114.52 114.556 113.906 113.359 112.78 112.456 112.092 115.708 115.378 115.427 114.91 114.209 113.692 113.214 112.455 116.36 116.372 116.136 115.596 115.061 114.467 113.957 113.213 116.777 116.727 116.515 115.927 115.396 114.972 114.567 113.913 
118.961 119.743 119.96 120.332 119.909 119.485 119.091 118.351 119.159 118.97 119.485 120.027 119.73 119.769 118.621 118.153 120.263 120.154 120.639 120.146 120.253 120.583 118.964 118.912 120.751 121.618 121.39 120.412 119.649 121.031 119.852 119.47 120.371 121.421 121.27 120.591 119.72 121.621 120.717 118.875 120.062 120.04 121.53 121.315 120.552 119.998 118.214 116.774 120.111 119.256 119.622 120.787 120.768 119.739 118.775 117.529 119.487 119.265 120.097 120.742 121.828 120.999 119.918 120.077 
121.845 122.36 122.565 122.009 121.839 122.038 121.603 120.692 121.956 121.577 121.512 121.551 122.212 122.88 121.298 120.024 123.24 123.1 122.675 121.68 123.489 123.673 120.921 120.232 124.261 125.276 124.239 122.671 123.653 123.766 121.727 121.08 123.3 124.767 124.948 123.239 123.22 124.641 122.904 120.526 123.504 123.395 124.081 123.816 122.985 123.201 120.052 118.342 123.608 122.337 122.68 123.824 123.742 123.126 121.271 119.323 122.549 122.997 122.785 123.379 124.535 123.928 122.387 121.625 
123.307 123.771 124.044 123.514 123.275 123.327 122.896 122.014 123.382 123.057 123.127 123.089 123.753 124.26 122.615 121.349 124.662 124.446 124.08 123.04 124.715 125.054 122.279 121.443 125.711 126.605 125.534 123.914 124.955 125.208 123.134 122.432 124.66 126.158 126.295 124.505 124.35 126.031 124.296 121.848 124.682 124.59 125.324 124.992 124.155 124.417 121.189 119.629 124.751 123.483 123.852 125.063 124.996 124.349 122.312 120.402 123.601 124.133 124.052 124.68 125.858 125.114 123.438 122.806 
128.017 127.338 127.275 126.88 126.193 125.63 124.973 124.836 128.037 127.386 126.692 125.921 126.752 127.027 125.881 124.564 128.893 127.926 127.437 126.071 127.431 126.9 124.732 123.273 129.109 128.711 128.198 127.577 127.935 125.79 124.139 123.257 128.687 129.35 129.575 128.582 127.368 126.139 124.382 123.793 129.096 129.349 128.854 128.204 126.546 127.405 124.686 124.631 129.007 128.024 128.196 127.609 127.63 128.369 126.348 124.866 127.814 128.601 128.503 127.641 127.907 127.581 127.132 124.827 
133.649 133.358 133.366 132.331 131.596 131.492 129.726 129.5 134.822 133.904 132.807 131.996 132.095 130.891 129.377 129.305 134.454 133.891 133.028 132.018 130.975 130.512 130.125 129.342 133.698 132.961 132.721 132.51 132.115 132.284 131.893 130.846 131.315 132.19 132.602 132.234 131.573 132.484 131.735 131.286 132.228 132.552 132.337 131.811 131.672 131.492 130.359 129.883 133.363 133.823 132.599 131.85 131.821 131.65 130.763 130.122 131.812 132.36 133.089 133.429 132.036 131.247 130.679 130.903 
135.44 135.807 135.415 134.903 134.273 134.481 133.398 132.457 136.986 137.28 134.792 134.402 134.97 133.79 133.609 131.788 137.118 136.183 133.906 133.322 133.142 133.209 132.484 131.385 136.217 135.896 134.769 133.593 133.162 133.234 132.935 131.816 135.468 134.986 135.046 134.707 132.81 134.19 132.071 131.871 135.091 134.52 134.384 134.292 133.997 133.17 132.169 131.756 134.944 135.164 134.885 134.13 133.647 133.499 133.053 133.091 135.479 135.308 135.051 134.916 133.263 132.683 132.51 133.192 
137.169 137.953 137.695 137.027 136.48 136.954 136.121 135.402 138.394 139.18 136.958 136.753 137.111 136.519 136.795 135.016 138.54 138.044 136.07 135.527 135.389 135.547 135.74 134.891 138.254 137.95 137.156 135.848 135.671 135.724 135.584 135.147 137.711 136.863 137.03 136.679 135.26 136.46 134.694 134.777 136.773 136.239 136.351 136.016 135.666 135.386 134.48 133.999 136.875 136.852 136.645 135.883 135.406 135.45 134.954 134.77 137.514 137.242 136.905 136.65 135.565 134.956 134.664 134.84 
141.458 141.298 141.308 141.051 139.927 138.974 138.157 137.478 142.167 141.876 141.45 140.888 139.714 138.483 138.204 137.746 142.43 142.018 141.174 140.521 139.33 138.488 138.02 137.676 142.182 141.68 140.938 140.205 139.264 138.67 137.751 137.733 142.313 141.573 140.973 139.842 138.878 138.345 137.454 137.529 142.295 141.501 140.492 139.701 139.138 138.37 137.749 137.64 141.827 141.219 140.609 139.856 138.964 138.106 137.469 137.327 142.057 141.423 140.615 139.623 139.092 138.322 137.646 137.306 
148.316 146.562 146.943 146.093 144.782 144.834 143.188 140.84 146.285 148.158 147.977 146.102 143.685 141.969 140.17 139.008 147.336 147.029 146.12 144.836 142.063 139.894 138.354 139.331 147.341 147.071 145.915 144.108 142.564 141.507 140.159 140.072 148.551 148.797 145.441 143.456 143.943 143.06 141.552 138.981 146.562 147.941 146.185 142.561 141.853 141.792 140.794 139.743 144.205 142.815 142.89 142.941 141.384 141.703 140.946 139.898 144.597 143.157 143.57 142.919 140.403 139.559 139.276 138.438 
95.5805 95.3016 94.9616 94.5239 94.3278 93.8001 93.1826 93.2074 96.1181 95.8806 95.4376 94.9426 94.7431 94.6814 93.9745 93.5316 96.7705 96.4763 95.9553 95.4635 95.1669 94.8155 94.7471 94.092 97.5037 97.1374 96.8852 96.4151 96.0729 95.4763 95.19 94.8836 98.2272 97.8838 97.5647 97.1273 96.8583 96.3473 96.0536 95.6331 98.6755 98.4127 97.9338 98.0135 97.6908 97.293 97.0334 96.4585 99.3891 99.1743 99.0958 98.9258 98.4909 98.0586 97.7023 97.2282 99.9115 99.6799 99.6253 99.5448 98.7808 98.6328 98.2848 97.7579 
99.1249 99.3747 99.239 98.7278 98.2992 97.8749 97.7179 97.631 99.4185 99.6407 99.2748 98.7846 98.4083 98.2091 97.8741 97.7595 99.5658 99.5407 99.1744 98.8051 98.6005 98.2905 98.2009 97.9297 99.7167 99.4984 99.2542 99.0099 98.8597 98.3965 98.1588 98.0809 99.7505 99.5344 99.1238 99.2519 99.0332 98.4084 98.2302 97.89 99.8183 99.4048 99.0629 99.132 98.8745 98.5232 98.5221 98.2538 99.8448 99.5094 99.1738 99.1743 98.9114 98.5266 98.5135 98.4299 99.4871 99.384 99.3281 99.2734 99.0217 98.743 98.405 98.7388 
103.069 104.136 105.132 104.333 102.682 101.406 101.409 101.184 103.662 104.64 104.194 103.126 103.135 100.852 102.056 101.562 103.279 104.146 103.382 101.876 102.385 101.218 103.272 103.475 102.756 103.439 102.755 101.957 102.636 102.381 103.485 104.241 103.042 102.411 102.462 102.881 102.95 103.896 103.543 103.546 103.657 103.417 102.859 103.995 104.286 104.721 103.288 103.267 104.405 103.903 101.782 101.884 103.577 103.446 103.166 103.072 103.678 103.558 102.743 102.146 103.762 103.011 102.9 103.275 
105.675 106.706 107.777 106.861 104.961 103.722 103.844 103.423 106.226 107.2 106.853 105.582 105.365 102.987 104.307 103.66 105.927 106.819 105.957 104.203 104.548 103.252 105.369 105.518 105.262 106.05 105.272 104.266 104.908 104.611 105.72 106.505 105.708 104.945 105.019 105.32 105.393 106.454 105.925 105.827 106.512 106.232 105.574 106.699 107.017 107.251 105.576 105.353 107.353 106.846 104.458 104.47 106.361 105.981 105.58 105.376 106.555 106.384 105.473 104.638 106.39 105.468 105.413 105.741 
109.454 110.657 111.821 111.779 109.389 107.575 107.641 107.618 110.08 111.119 110.893 110.053 109.696 107.099 108.655 108.355 109.713 110.519 110.355 108.897 108.759 107.596 109.798 110.193 108.614 109.479 109.287 109.061 108.373 108.384 109.72 110.54 109.164 108.787 108.984 109.918 108.722 109.842 109.522 110.009 109.715 109.994 110.187 111.288 110.928 111.205 109.644 109.909 110.457 110.068 107.974 108.099 110.306 110.391 110.167 109.967 109.553 109.431 109.542 108.654 110.852 110.13 110.186 110.308 
117.418 117.877 117.774 119.48 118.564 117.391 116.839 116.796 117.393 117.399 117.934 118.475 117.736 117.437 117.478 117.44 117.661 117.22 118.697 118.569 117.155 117.233 117.276 117.371 116.902 116.762 118.129 118.981 115.823 116.105 116.161 116.034 117.404 117.539 117.311 118.713 116.028 115.64 115.74 116.399 116.646 117.327 118.785 118.401 116.965 116.593 116.556 116.801 116.396 116.286 116.496 116.121 116.639 116.909 117.008 116.803 116.145 115.587 117.483 116.931 117.596 117.499 117.873 117.479 
120.189 121.204 121.648 122.074 121.734 121.45 121.21 120.273 120.299 120.303 121.068 121.695 121.481 121.64 120.615 120.166 121.272 121.232 121.866 121.482 121.617 122.284 120.81 121.023 121.702 122.624 122.385 121.54 121.016 122.59 121.647 121.397 121.031 122.309 122.112 121.651 120.899 123.054 122.48 120.639 120.663 120.768 122.36 122.221 121.594 121.2 119.574 118.308 120.577 119.782 120.101 121.421 121.672 120.746 119.859 118.811 119.929 119.744 120.558 121.401 122.831 122.085 121.016 121.47 
124.768 124.343 124.641 124.722 124.288 124.127 123.996 124.001 124.945 124.834 124.342 123.918 125.069 125.821 125.306 124.066 125.942 125.49 125.391 124.349 125.986 125.713 124.167 123.003 126.449 126.364 126.355 126.036 126.651 124.624 123.401 122.726 126.039 127.092 127.826 127.023 126 124.928 123.554 123.217 126.542 127.138 127.18 126.718 125.155 126.346 123.928 124.3 126.543 125.594 126.341 126.137 126.502 127.4 125.465 124.182 125.557 126.434 126.671 126.273 126.781 126.607 126.206 124.132 
130.335 130.091 130.444 129.659 129.143 129.148 127.909 127.991 130.94 130.233 130.271 129.663 129.446 128.879 127.747 128.478 130.716 130.636 130.707 129.922 129.256 128.913 128.888 128.79 130.55 130.052 130.286 130.483 130.342 130.606 130.505 130.238 128.867 129.817 130.186 129.915 130.122 130.474 130.821 130.653 130.055 130.477 130.157 129.751 129.926 130.125 129.689 129.507 131.169 131.352 130.392 130.177 130.334 130.26 129.597 129.038 129.682 130.163 130.905 131.337 130.757 130.214 129.674 129.619 
133.116 132.576 133.017 132.279 131.829 131.787 130.664 130.805 133.615 132.648 132.611 131.972 132.059 131.521 130.336 131.266 133.427 133.21 133.225 132.492 131.998 131.416 131.428 131.557 132.87 132.448 132.678 133.065 133.116 133.232 132.996 132.786 131.1 132.022 132.534 132.524 132.983 133.242 133.32 133.068 132.726 133 132.694 132.338 132.629 132.722 132.151 131.794 133.739 133.974 132.874 132.754 132.841 132.748 132.452 131.867 132.036 132.698 133.406 133.753 133.11 132.797 132.816 132.686 
135.974 135.871 136.227 135.277 134.849 135.352 134.338 134.355 136.745 136.343 135.616 134.981 135.309 134.853 134.28 134.344 136.396 136.445 135.806 135.122 134.635 134.463 134.774 134.594 136.002 135.764 135.914 135.823 135.804 136.082 136.028 135.443 134.05 134.935 135.588 135.605 135.3 136.318 135.897 135.612 134.887 135.106 135.333 135.113 135.073 135.506 134.565 133.978 135.769 136.292 135.61 135.115 135.196 135.466 134.888 134.407 134.681 135.294 136.037 136.38 135.48 135.265 134.908 135.032 
139.625 139.669 140.076 139.351 138.946 139.404 139.602 139.729 139.162 139.525 139.368 139.126 138.769 139.54 140.282 140.818 138.965 139.37 138.696 137.922 138.489 138.342 140.136 141.031 139.606 139.504 138.887 138.32 138.985 138.901 139.354 140.961 139.543 138.725 138.437 138.793 139.026 138.881 139.165 139.39 138.725 137.759 137.639 137.702 137.669 138.338 138.362 138.101 138.392 137.818 137.833 137.758 137.296 137.813 138.382 137.565 138.409 138.193 137.891 137.711 137.89 138.229 138.709 137.705 
147.36 145.668 146.344 145.614 144.159 144.718 143.494 141.873 144.907 146.936 146.917 145.419 143.352 142.608 140.944 140.362 145.72 145.989 145.072 143.939 142.159 140.286 139.593 140.805 146.348 146.187 144.623 143.036 142.329 142.072 141.104 141.721 147.421 147.165 143.849 142.759 143.859 143.409 142.106 139.89 144.947 146.283 144.858 141.553 140.867 141.5 140.833 139.669 142.831 141.706 142.021 141.898 140.494 141.082 141.096 139.72 143.367 142.235 142.538 141.735 140.098 139.322 139.115 138.248 
149.296 147.354 147.665 146.785 145.516 145.743 144.35 142.065 147.237 149.005 148.738 146.882 144.63 143.185 141.335 140.208 147.996 147.756 146.839 145.574 143.165 141.17 139.567 140.594 148.123 147.949 146.823 145.075 143.622 142.756 141.437 141.326 149.06 149.656 146.301 144.543 145.053 144.099 142.764 140.218 146.994 148.534 146.951 143.496 142.728 142.603 141.755 140.734 144.751 143.423 143.703 143.791 142.23 142.586 142.106 141.028 145.188 143.813 144.361 143.825 141.4 140.568 140.316 139.723 
94.5206 94.7197 94.58 93.9708 93.1731 92.7172 92.4471 92.4413 95.1097 95.2259 94.8354 94.1237 93.4512 93.0883 92.6835 92.4977 95.694 95.4687 94.8526 94.3411 94.0493 93.4519 93.0951 92.8484 95.6099 95.3124 94.8634 94.6173 94.3758 93.8386 93.4462 93.2111 95.523 95.2891 95.0978 94.879 94.5928 94.1176 93.699 93.1987 95.9454 95.615 95.2833 95.1695 94.841 94.3102 93.982 93.9024 95.9632 95.7131 95.4167 95.3033 95.1242 94.4071 94.3153 94.3021 95.8653 95.8625 95.5583 95.3542 95.3346 95.0262 94.4264 94.596 
92.5572 92.9146 93.6883 93.946 93.2563 93.0085 92.9116 93.0526 93.434 93.724 93.8986 94.716 94.2906 94.6881 93.7064 93.0132 94.4577 94.3484 93.5943 93.4473 93.5485 94.5876 94.5494 93.0581 94.7619 94.0507 93.8299 93.6075 93.5941 94.153 94.1381 93.6497 94.4773 93.5184 93.1797 93.5435 94.4143 94.8567 94.0055 92.3591 93.6124 93.0887 92.5924 92.3573 93.294 94.9722 94.5024 91.5989 93.6887 93.4679 92.8983 93.0546 93.8613 93.9625 92.5409 91.7012 93.8931 93.8675 93.1548 93.1105 92.6085 92.6446 91.8568 91.5653 
100.431 100.848 100.951 100.71 100.65 100.783 101.023 100.983 100.406 100.816 100.778 100.602 100.556 100.721 100.617 100.835 100.294 100.544 100.368 100.186 100.218 100.401 100.568 100.658 99.8473 99.923 99.896 99.9884 100.129 100.212 100.23 100.467 99.4013 99.4674 99.444 99.9164 100.134 100.038 100.066 100.028 99.0121 99.0017 98.9352 99.1787 99.3188 99.4709 99.7387 99.8323 98.7374 98.5302 98.5265 98.6892 98.7945 98.9131 99.3449 99.5641 98.2919 98.2378 98.2708 98.6834 98.8812 98.8743 99.1295 99.7793 
105.349 106.316 107.461 106.687 104.663 103.603 103.912 103.849 105.944 107.032 106.271 105.238 105.27 103.208 104.724 104.472 105.142 106.455 105.211 104.034 104.65 103.651 105.801 106.254 104.186 105.341 104.367 103.926 104.632 104.58 105.936 106.777 104.317 103.988 104.465 104.76 104.888 106.081 105.891 106.057 105.058 105.172 104.723 106.031 106.315 106.932 105.677 105.849 105.822 105.563 103.257 103.646 105.683 105.944 105.924 105.851 105.076 105.131 104.226 103.797 105.811 105.484 105.509 105.842 
111.036 110.865 110.795 110.627 110.105 110.531 111.098 111.239 111.115 111.332 110.591 110.586 110.354 111.35 111.733 111.768 110.161 111.303 110.237 111.034 111.073 111.565 111.494 111.366 109.805 110.87 110.154 110.862 110.587 110.78 110.831 110.668 109.713 110.307 110.876 110.423 110.315 110.294 110.641 110.622 109.484 110.09 110.356 110.4 109.987 110.228 110.968 110.886 109.477 109.788 109.451 110.069 110.215 111.173 111.625 111.199 109.602 109.805 109.69 109.845 110.268 111.292 111.368 110.85 
115.342 115.868 116.085 117.556 116.517 115.723 115.751 115.994 115.349 115.506 115.969 116.593 115.934 116.154 116.614 117.021 115.283 115.109 116.298 116.751 115.62 116.228 116.557 117.049 114.475 114.687 115.599 116.961 114.458 115.028 115.473 115.526 114.853 115.483 115.487 116.796 114.468 114.529 114.974 115.732 114.172 115.204 116.657 116.583 115.403 115.374 115.667 116.388 113.918 114.195 114.317 114.41 115.027 116.073 116.336 116.268 113.794 113.589 115.338 115.128 116.075 116.511 116.961 116.766 
118.995 119.279 119.297 119.749 119.77 120.326 121.057 121.158 119.439 119.549 119.492 119.835 120.06 120.747 121.563 121.977 119.331 119.668 119.98 120.505 120.779 121.046 121.593 122.038 119.307 119.767 120.345 120.904 121.465 121.391 121.713 121.58 119.759 120.105 120.833 121.206 121.436 121.488 122.058 122.048 119.961 120.286 121.08 121.591 121.467 121.594 122.379 122.846 120.161 120.132 120.698 121.209 121.779 121.717 122.066 122.213 120.814 120.651 120.708 121.338 121.892 122.119 121.993 122.295 
123.038 122.942 123.297 123.752 124.002 124.701 125.652 126.075 123.75 123.591 123.668 124.213 124.803 125.513 126.336 126.973 124.049 123.956 124.325 124.991 125.561 125.937 126.147 126.656 124.262 124.581 125.118 125.469 126.243 126.541 126.585 126.193 124.651 125.322 125.946 126.155 126.268 126.827 127.093 127.042 124.721 125.347 126.181 126.807 126.615 126.871 127.437 128.256 124.827 124.897 126.037 126.643 127.226 126.992 126.84 127.236 125.679 125.662 126.004 126.769 127.09 126.694 126.55 127.195 
128.941 128.866 129.016 129.611 129.805 130.096 130.261 130.529 129.427 129.336 129.396 129.913 130.29 130.437 130.712 131.371 129.517 129.647 130.023 130.605 131.023 130.98 131.171 131.576 129.576 129.993 130.467 130.834 131.536 131.686 131.817 131.851 130.051 130.49 130.991 131.115 131.487 131.941 132.174 132.337 130.513 130.954 131.418 131.894 131.731 132.04 132.588 133.022 130.801 130.709 131.597 132.312 132.587 132.294 132.538 132.616 131.424 131.417 131.745 132.316 132.558 132.253 132.478 132.842 
135.503 135.4 135.476 135.076 134.894 135.481 134.714 135.233 135.997 135.247 135.262 135.005 135.093 135.017 134.553 135.537 135.396 135.656 135.985 135.952 135.742 135.538 135.856 136.25 135.295 135.429 135.92 136.684 137.093 137.358 137.543 137.505 134.261 135.291 135.899 136.427 137.133 137.683 137.822 137.86 135.649 136.094 136.258 136.439 137.063 137.64 136.835 136.534 137.089 137.442 136.939 136.954 137.518 137.75 137.477 136.913 135.827 136.569 137.355 137.809 137.875 137.968 137.775 137.686 
140.743 140.613 140.87 140.998 141.267 141.55 141.791 141.98 140.77 140.798 140.704 140.722 141.556 141.838 142.091 142.236 140.609 140.95 141.046 141.204 141.914 142.098 142.42 142.706 140.751 141.201 141.445 141.85 142.036 142.349 142.639 142.755 141.127 141.35 141.568 142.047 142.253 142.623 142.541 142.705 141.589 141.468 141.819 142.177 142.45 142.689 142.763 142.794 141.654 141.708 141.935 142.133 142.321 142.512 143.152 143.335 142.174 142.136 142.284 142.208 142.53 142.894 143.337 143.668 
145.62 144.898 144.758 145.063 145.246 145.289 145.475 146.252 144.281 144.104 144.287 145.006 145.08 145.405 145.783 145.164 143.525 143.927 144.098 144.811 144.192 144.969 145.265 145.641 144.257 144.633 144.889 144.5 143.398 143.989 144.384 145.891 144.429 144 143.922 143.479 142.872 143.825 144.787 145.466 144.528 143.488 143.403 143.05 143.011 143.916 144.405 144.449 144.322 143.257 143.379 143.297 143.822 144.167 144.231 144.272 144.013 143.289 143.327 143.979 144.533 143.997 144.466 143.945 
147.578 147.325 146.936 146.655 146.522 146.255 145.856 145.808 147.716 147.517 147.08 146.687 146.586 146.186 145.953 146.002 147.331 147.346 146.838 146.566 146.439 146.166 145.958 146.186 147.029 146.853 146.677 146.402 145.951 146.086 146.188 146.207 146.811 146.742 146.496 146.184 145.889 145.847 145.927 145.731 146.571 146.322 146.003 145.895 145.778 145.304 145.353 145.212 146.288 146.139 145.817 145.683 145.516 145.288 145.401 145.407 146.608 146.422 146.045 145.87 145.749 145.396 145.196 145.575 
152.505 150.559 150.847 149.822 148.657 148.563 146.595 145.133 149.915 151.5 151.355 149.507 147.295 146.669 144.15 143.228 151.193 150.848 149.3 148.363 145.843 144.85 142.867 142.837 151.312 151.108 149.088 147.495 146.566 146.031 144.428 143.816 151.439 151.885 147.874 147.426 148.119 146.763 145.536 143.476 149.57 151.242 148.74 146.046 145.203 145.265 144.809 143.66 147.712 146.787 146.267 146.003 144.788 145.325 145.696 143.748 147.819 146.444 146.385 145.924 143.659 142.624 142.064 142.619 
88.6745 88.7804 89.5442 90.0333 89.2486 89.1018 89.04 89.1171 89.8971 89.8222 90.0669 91.1613 90.5603 91.0075 89.9146 89.151 91.2968 90.8804 90.0412 90.0547 90.0177 91.0208 90.8688 89.0993 91.9013 91.0518 90.6568 90.4678 90.3141 90.8899 90.7777 90.0697 91.9309 90.8538 90.4095 90.5385 91.3394 92.0554 90.9483 88.8884 91.2223 90.7218 90.2697 89.6657 90.6266 92.4377 91.5989 88.0482 91.5045 91.4988 90.8855 90.873 91.7222 91.7534 89.7212 88.5136 91.8969 91.9527 91.2215 90.9496 90.205 90.1831 89.1875 88.4358 
89.7585 89.7415 90.639 91.1114 89.8474 88.9373 88.8062 88.8759 90.715 90.4859 90.7328 91.7573 90.4824 90.1538 89.0356 88.6173 91.9046 91.5207 90.4492 90.1831 89.742 90.0753 89.6834 88.4077 92.2336 91.3683 90.6295 89.7919 89.5817 89.9358 89.7233 89.2092 91.5949 90.1632 89.3829 89.2523 89.9101 90.4924 89.5878 87.579 90.7002 89.5771 88.6379 88.0083 88.8392 90.5661 89.9351 86.2435 91.0211 90.3456 89.1964 89.1538 89.7794 89.7381 87.79 86.4067 90.5583 90.4717 89.5522 89.1845 88.4001 88.1087 86.9293 86.2687 
91.1597 91.4202 92.2304 92.8388 92.334 92.4576 92.5453 92.6294 91.9673 92.1343 92.408 93.5557 93.3137 93.9114 93.1494 92.6538 92.9275 92.7489 92.0559 92.1464 92.3784 93.6793 93.7054 92.4332 93.2078 92.448 92.3069 92.2061 92.3902 93.246 93.3479 92.9099 92.896 91.9111 91.6906 92.1531 93.2337 94.0298 93.2104 91.5098 92.069 91.6657 91.3052 90.9614 92.1342 94.2138 93.5832 90.4673 92.236 92.1513 91.6918 91.8905 92.8279 93.1989 91.5256 90.6181 92.4562 92.4386 91.9162 91.9421 91.3577 91.5234 90.9275 90.4707 
90.7499 91.7207 91.5539 91.731 91.2264 91.3189 92.5557 92.5577 90.8169 91.4237 92.1749 92.0236 91.9689 91.9664 93.8099 94.3882 91.3399 92.3312 93.9977 92.0371 93.2505 93.4363 94.3652 94.8921 91.551 93.1357 94.1771 94.0171 93.629 94.1291 94.4559 94.3226 91.405 93.9475 94.4884 95.1968 95.6021 96.1329 94.4544 94.1555 92.7066 93.6055 94.6521 95.2997 95.4996 95.4066 94.4321 94.9525 93.7895 95.0685 95.1149 95.2853 96.1774 95.7915 95.1319 95.5055 95.188 94.9062 95.458 95.2285 95.6535 96.3318 96.1123 96.0402 
105.468 105.464 105.505 105.85 105.787 106.339 107.063 107.469 105.606 105.97 105.335 105.818 106.172 107.419 107.998 108.455 104.958 106.097 105.187 106.53 106.926 107.897 108.22 108.45 104.864 105.882 105.389 106.466 106.728 107.374 107.971 108.039 104.871 105.609 106.417 106.471 106.663 107.08 107.815 108.153 104.928 105.736 106.392 106.882 106.659 107.237 108.143 108.505 105.104 105.761 105.822 106.797 106.922 108.337 108.871 108.519 105.312 105.868 106.082 106.524 106.968 108.307 108.603 108.229 
109.836 110.466 110.808 111.627 112.067 113.105 114.197 114.41 110 110.425 111.072 111.798 112.472 113.411 114.226 114.813 110.276 110.809 111.593 112.336 112.951 113.699 114.552 114.96 110.55 111.212 111.587 112.5 113.382 114.125 114.729 114.95 110.989 111.257 111.87 112.785 113.687 114.289 114.973 115.14 111.183 111.436 112.142 113.086 113.892 114.3 114.98 115.301 111.449 111.957 112.407 113.227 113.834 114.553 114.984 115.123 111.93 112.288 112.623 113.089 113.837 114.767 114.87 115.013 
115.305 115.71 116.753 117.745 118.495 119.612 121.885 122.655 116.111 116.089 116.762 118.207 119.648 120.835 121.941 123.199 116.91 116.759 117.488 118.689 120.187 121.162 121.268 122.375 117.159 117.7 118.365 119.389 120.763 121.894 121.493 121.378 117.487 118.32 119.274 120.56 121.671 122.526 122.607 122.746 117.813 118.468 119.647 121.049 122.216 122.724 123.043 123.824 118.074 119.06 119.983 120.742 121.724 122.385 122.478 123.277 118.756 119.421 120.124 120.644 121.342 121.917 122.091 122.857 
123.493 123.54 124.412 125.768 126.439 127.56 129.56 130.861 124.491 124.602 124.95 126.211 127.556 128.69 130.06 131.503 124.952 125.235 126.047 127.443 128.658 129.078 129.467 130.56 124.785 125.651 126.981 127.964 129.431 129.899 129.68 129.464 125.426 126.431 127.796 128.566 129.189 130.473 130.597 130.72 125.579 126.559 128.213 129.537 129.469 130.22 131.231 132.413 125.865 126.328 128.469 129.509 130.226 130.045 130.515 131.337 127.055 127.447 128.422 129.537 129.706 129.704 130.012 131.188 
134.961 135.558 135.305 136.459 136.58 137.823 139.365 140.455 135.687 135.574 135.862 137.296 137.506 138.396 138.952 139.744 135.603 135.664 136.671 138.428 139.058 139.229 138.92 140.037 135.502 136.185 137.078 137.993 139.42 139.751 139.572 140.274 136.789 136.885 137.449 138.614 139.926 140.828 140.233 140.843 136.87 136.846 137.61 138.816 140.153 140.944 140.61 141.129 137.197 137.804 138.754 139.232 140.305 140.736 140.967 141.508 137.581 138.516 138.87 139.126 139.88 140.429 140.704 140.981 
142.617 142.932 142.437 143.167 143.055 143.381 144.145 144.898 142.9 142.885 142.749 143.184 143.32 143.659 143.855 144.246 142.591 142.785 143.472 144.224 144.554 144.853 145.096 145.418 142.8 143.284 143.791 144.497 145.344 145.496 145.759 146.098 144.028 144.056 144.344 144.961 145.851 146.078 145.854 146.14 144.083 144.109 144.635 144.933 145.971 146.211 145.885 145.887 144.502 144.759 145.114 145.295 145.867 145.977 146.46 146.66 144.763 145.098 145.45 145.306 145.607 146.036 146.564 146.698 
148.367 147.976 147.585 148.078 148.122 148.04 148.379 149.235 147.547 147.457 147.266 147.917 148.113 148.215 148.357 147.838 146.769 147.217 147.866 148.769 148.041 148.932 148.724 148.731 147.494 148.045 148.997 148.831 147.745 148.224 148.349 149.294 148.521 148.406 148.672 148.198 147.576 148.259 148.836 149.568 149.046 148.437 148.501 148.025 148.272 148.76 149.088 149.361 149.157 148.329 148.651 148.346 148.871 148.988 149.132 149.818 148.678 148.239 148.625 149.071 149.631 149.157 149.609 149.728 
151.092 150.839 151.291 151.551 151.913 151.399 151.374 152.052 150.005 149.425 150.665 151.268 150.727 150.38 151.129 150.599 149.417 149.3 150.555 151.875 152.964 152.256 150.969 151.607 151.038 151.239 151.177 150.509 150.651 150.052 151.101 152.362 149.941 150.389 151.018 149.725 148.214 150.133 151.101 151.608 151.686 150.356 150.049 150.417 148.452 149.094 150.362 150.358 151.713 150.532 150.306 152.176 151.843 150.77 150.631 150.586 151.5 149.205 150.886 153.127 153.329 151.597 151.937 151.773 
155.567 154.881 153.715 152.703 153.154 152.61 150.986 151.522 154.372 153.845 153.48 152.644 151.614 153.025 152.428 152.353 155.027 154.17 152.327 152.508 150.902 153.323 152.783 150.761 154.28 154.176 153.067 152.136 151.904 152.441 152.15 151.216 152.273 152.633 151.497 152.629 152.661 151.73 152.209 152.895 153.565 153.278 151.744 152.576 152.294 152.315 152.938 152.917 154.775 154.158 153.238 152.941 152.931 153.506 154.78 153.286 153.706 152.726 152.548 153.536 152.949 152.08 151.586 153.442 
156.625 156.23 155.22 153.714 153.75 152.42 150.527 151.081 156.214 155.455 154.763 153.472 152.304 152.738 151.213 150.753 156.827 155.892 153.795 153.279 151.777 153.262 151.49 149.227 156.152 155.767 153.923 153.177 153.194 152.536 150.977 149.356 154.338 154.493 152.594 153.853 152.988 151.077 151.04 151.433 154.82 154.622 152.043 152.788 151.989 151.143 151.432 151.149 154.958 154.895 152.807 151.988 151.697 151.596 152.518 150.892 154.247 153.28 151.921 152.37 151.061 150.083 149.244 151.569 
85.6994 84.7901 85.3407 85.4015 84.1392 82.436 81.8021 82.3844 87.2141 86.2517 85.747 85.6892 84.0999 82.0724 81.7277 82.7105 88.3989 88.1365 87.234 86.1948 85.0079 83.2726 82.6977 83.9578 89.377 88.7065 87.657 86.0647 84.9671 84.7756 84.2923 84.73 89.0032 87.6411 86.7908 85.8016 84.5474 84.445 84.4382 84.3245 88.6663 87.4502 86.5673 85.8256 85.2396 84.7603 84.3397 84.05 89.1234 88.2198 87.1869 86.5832 85.3544 85.1063 84.4575 84.41 87.8353 87.4523 86.9259 86.1654 85.4801 84.6939 84.4726 83.9444 
87.6293 87.614 88.608 89.2626 88.0229 87.2157 86.9514 86.7865 88.6844 88.443 88.9023 90.0619 88.7236 88.3134 87.1792 86.6143 89.9961 89.5609 88.7589 88.5134 87.9678 88.278 87.7246 86.4129 90.3724 89.5256 88.8829 87.8496 87.6951 88.0565 87.8879 87.2313 89.7057 88.1515 87.4705 87.2684 87.789 88.543 87.6642 85.6188 88.6515 87.3365 86.6588 86.0004 86.7662 88.3238 87.8621 84.1038 88.7968 88.2428 87.2265 87.102 87.6265 87.547 85.3914 84.1588 88.2603 88.1644 87.4064 87.0443 86.285 85.8936 84.6192 83.7889 
89.4186 89.2032 89.1182 89.1066 87.6387 85.8483 85.8053 85.7344 89.3685 88.9435 88.9384 88.62 86.834 84.9649 85.2953 86.1628 89.4803 89.7895 89.7657 87.9999 87.4055 85.8222 85.4092 86.4291 89.4722 90.1309 89.5429 87.8334 86.9684 86.4177 86.0995 86.3995 88.4218 88.785 88.2076 87.3954 86.672 86.7627 86.1315 85.7222 88.8429 87.7723 87.422 87.0636 86.5637 86.2778 85.8091 85.5054 89.5019 88.9238 87.7741 87.3681 87.1911 86.7732 85.9931 85.6029 88.7533 88.2645 87.9894 87.3402 87.1752 86.8663 86.3448 85.9665 
86.483 87.3118 86.9881 87.1654 86.6682 86.8641 87.9543 88.2469 86.5421 87.0794 87.6196 87.4089 87.4203 87.5249 89.3713 90.1482 87.3224 88.2374 89.643 87.7329 88.8323 89.1607 90.0492 90.7684 87.8486 89.3499 90.3572 90.0793 89.401 89.9247 90.247 90.2672 88.0234 90.3303 90.8085 91.5488 91.6459 92.0096 90.4747 90.2094 89.7244 90.2708 91.1573 91.7649 91.8001 91.6753 90.6836 91.2424 90.7605 91.8727 91.7512 91.8343 92.616 92.2949 91.4974 91.7913 92.0333 91.7725 92.2082 91.8492 92.2606 92.8453 92.5325 92.3403 
88.8978 89.887 89.9522 90.353 90.0478 90.3218 91.5633 91.8641 88.9109 89.6793 90.5814 90.6919 90.8627 90.9423 92.824 93.5959 89.3112 90.3791 92.3313 90.8605 92.0575 92.317 93.376 94.086 89.6777 91.154 92.546 92.7717 92.3613 92.8834 93.6528 93.5609 89.6794 92.1088 92.7594 93.7645 94.0676 94.658 93.5161 93.3416 90.8915 91.9073 93.1207 93.9403 93.9944 94.0536 93.4477 94.1624 91.8705 93.2094 93.5142 93.8406 94.7803 94.4379 94.0998 94.5517 93.129 93.2251 93.8177 93.7319 94.4119 95.0652 94.9077 94.9202 
102.399 103.059 103.673 104.865 106.114 107.585 108.991 109.578 102.292 102.868 103.753 105.107 106.517 107.845 108.703 109.471 102.45 103.068 103.969 105.259 106.33 107.659 108.859 109.579 102.593 103.178 103.871 105.142 106.301 107.621 108.628 109.491 102.649 103.135 104.031 105.426 106.646 107.524 108.553 109.336 102.586 102.985 104.082 105.539 106.631 107.503 108.193 108.981 102.667 103.283 104.084 105.439 106.133 107.352 108.101 108.604 102.9 103.328 104.031 104.745 105.815 106.841 107.709 108.268 
116.778 117.855 118.787 119.819 121.126 122.782 124.092 125.126 116.1 116.766 118.072 119.108 120.5 121.901 123.353 124.681 114.795 115.856 117.087 118.584 119.82 121.221 122.397 123.953 113.586 114.683 115.963 117.334 119.005 120.341 121.68 122.846 112.416 113.398 114.78 116.372 117.864 119.383 120.512 121.79 111.773 112.375 113.775 115.399 116.9 118.032 119.37 120.476 111.378 112.11 113.063 114.336 115.537 116.807 117.818 119.289 110.861 111.516 112.376 113.297 114.632 115.828 116.555 117.578 
126.411 127.174 129.455 130.947 132.932 135.483 139.309 140.637 127.708 128.112 129.755 132.491 135.153 137.566 139.156 140.761 127.994 127.978 129.519 132.099 134.797 135.89 135.42 138.173 127.68 128.177 130.085 131.665 133.778 135.597 134.419 135.443 126.434 127.798 129.637 132.011 133.603 136.05 135.139 136.67 126.64 127.607 129.47 131.867 133.31 135.035 135.642 137.79 126.84 128.271 130.558 131.473 132.352 133.048 133.874 136.676 127.39 128.815 130.142 131.02 131.579 131.396 132.3 134.386 
142.674 143.395 143.791 144.262 145.912 148.011 149.511 149.373 142.864 143.53 145.118 146.286 146.875 148.751 149.659 149.959 142.012 142.239 143.689 145.682 146.826 147.628 148.038 149.894 141.934 141.75 142.907 144.527 146.152 147.111 147.501 149.817 140.676 141.176 142.361 144.077 145.224 147.081 147.011 149.5 141.598 141.55 142.4 143.83 144.681 146.651 147.127 148.98 142.468 142.964 143.949 144.138 144.263 145.094 146.608 148.836 143.04 143.967 144.014 144.29 144.557 144.526 146.257 147.754 
148.798 149.484 149.055 149.662 149.539 150.091 150.828 151.301 149.466 149.625 149.422 150.055 149.671 150.358 150.752 150.895 149.008 149.337 150.131 151.127 150.887 150.739 151.031 151.117 149.156 149.573 150.57 150.835 151.675 151.396 151.398 151.623 150.568 150.436 151.065 151.504 152.056 152.176 151.831 151.845 150.792 150.511 150.953 151.054 151.853 152.215 151.767 151.693 151.069 151.367 151.254 150.922 151.313 151.369 151.552 152.071 150.859 151.49 151.258 150.927 151.361 151.719 151.706 152.141 
151.788 152.045 152.464 152.295 152.399 152.006 152.244 152.499 151.791 151.719 152.384 152.478 151.974 151.989 152.605 152.556 151.856 151.932 152.888 153.656 154.65 153.646 153.042 153.047 153.261 153.428 153.487 153.096 154.052 153.072 153.621 153.661 152.936 153.305 154.248 153.588 152.641 153.399 153.455 153.166 154.537 153.638 153.6 153.871 152.23 152.434 152.707 152.461 154.55 154.127 153.946 155.027 153.949 152.822 152.664 152.818 154.499 153.245 154.309 155.259 155.151 154.085 153.848 154.135 
154.548 153.839 153.467 153.061 153.423 153.854 153.623 153.121 153.582 153.411 154.226 153.962 152.693 153.627 155.174 155.466 153.461 153.335 154.074 154.616 154.506 154.739 155.359 155.016 153.877 153.933 155.099 153.56 153.333 153.677 155.047 155.521 152.535 152.631 154.047 152.953 153.553 154.929 154.84 155.057 155.18 153.795 155.031 154.945 153.98 154.928 155.132 155.562 156.944 155.37 156.914 158.022 156.806 156.577 156.946 157.068 156.525 154.93 157.258 158.625 158.783 157.832 157.488 157.356 
157.163 156.048 155.359 154.584 154.878 155.439 155.047 154.261 156.462 156.177 156.638 155.858 154.3 155.162 156.63 157.077 156.274 155.987 156.281 156.39 156.148 156.213 156.769 156.652 156.035 156.173 156.924 155.52 155.79 156.038 157.045 157.196 154.869 154.835 155.963 155.177 156.12 157.425 156.975 156.849 157.396 156.138 157.094 157.074 156.304 157.272 157.288 157.645 158.967 157.975 159.185 160.044 158.624 158.759 159.454 159.087 159.015 157.722 159.646 160.713 160.394 159.758 159.397 159.088 
159.761 159.201 157.899 156.411 156.502 155.871 154.305 154.227 158.943 158.479 157.855 156.551 155.299 156.322 155.728 155.549 159.585 158.729 156.658 156.236 154.617 156.507 155.764 153.436 158.528 158.373 157.296 156.019 155.967 155.977 155.053 153.583 156.59 156.724 155.593 156.754 156.824 155.455 155.269 155.484 157.801 157.413 155.819 156.541 156.082 155.819 156.088 156.027 158.896 158.392 157.455 156.827 156.363 156.653 157.583 156.164 158.143 157.033 156.601 157.199 156.036 155.273 154.429 156.374 
75.0924 74.5432 76.1241 76.6443 76.582 77.0948 76.5563 77.6405 78.0872 78.065 78.1632 78.4619 78.8606 78.2319 78.8464 79.3695 80.6836 80.5104 80.8996 80.3276 80.1955 80.1454 80.5991 82.2021 82.7625 81.4453 81.8574 81.6787 80.9329 81.993 82.3639 83.0971 83.8183 82.3518 82.4084 82.9148 81.9692 82.1937 82.0433 82.9671 83.104 83.3305 83.6609 83.5652 83.5064 82.4567 81.9836 83.03 83.1334 83.8189 84.4964 84.2372 82.6259 82.3214 81.9699 83.6078 82.8059 82.7154 83.2009 82.8546 82.4228 81.9299 82.1867 81.8483 
83.7439 83.0621 83.8608 84.1024 83.1443 81.697 81.0163 81.4363 84.9978 84.3494 84.1355 84.1823 82.8425 81.0538 80.8722 81.6626 86.009 85.764 85.2792 84.2627 83.261 81.8851 81.4752 82.6826 86.6699 86.0607 85.2263 83.6392 83.0155 82.9809 82.7128 83.0343 86.0339 84.6666 84.0262 83.1986 82.3023 82.4882 82.5747 82.5492 85.3152 84.1974 83.638 83.0857 82.6843 82.1376 82.0501 81.9075 85.2395 84.6565 83.9778 83.4943 82.5028 82.1898 81.6322 81.8856 83.7903 83.4708 83.266 82.8437 82.4233 81.6811 81.5338 81.3084 
81.5909 81.7372 82.2617 82.8769 82.5181 83.0026 82.7959 82.3208 81.7616 82.0378 82.7235 82.7844 82.5094 82.3032 82.5945 82.1988 82.4919 82.127 82.7464 82.217 81.9012 82.2005 81.9746 81.9023 82.3492 82.332 82.0527 81.5037 81.7157 81.7641 81.9266 81.5391 82.1024 81.5307 81.6542 81.6769 81.3111 81.6616 81.5204 81.4444 82.0129 81.0867 81.9165 81.8624 81.4906 80.7146 81.326 81.1796 80.9654 81.4007 81.7054 81.6398 81.5937 81.2115 80.6272 80.9728 80.2446 80.6911 81.1016 81.3194 81.9603 81.7775 80.9046 80.316 
84.9874 85.7504 85.5643 85.6801 85.1296 85.0308 85.9855 86.3807 84.8416 85.5031 86.0158 85.8261 85.7403 85.5376 87.1852 87.9083 85.3497 86.17 87.7227 85.8056 86.6332 86.7848 87.5988 88.2927 85.6256 86.8644 87.8561 87.7125 86.8782 87.158 87.5721 87.5271 85.7173 87.7426 88.0345 88.6018 88.5361 88.7993 87.5482 87.3715 87.0239 87.6761 88.3764 88.6596 88.5074 88.3816 87.6256 88.2839 87.7985 88.8025 88.6914 88.4547 89.1978 88.7208 88.3395 88.7184 88.8195 88.6534 88.8865 88.4961 89.0414 89.5152 89.1878 89.1404 
86.0546 86.3035 86.9472 87.4622 87.9804 88.7524 89.1544 90.0218 85.6916 86.1185 86.5604 87.3775 88.5077 89.0611 89.4825 89.8616 85.6442 86.3773 87.0565 87.2341 87.5256 88.2452 89.0054 89.3488 85.7385 85.967 86.7461 87.1326 87.1176 87.711 88.5935 88.4 86.2543 86.2702 86.3977 87.2944 87.477 87.7097 88.1495 87.9152 86.2994 86.7098 87.1651 87.1596 87.2068 87.5672 88.3678 88.4604 85.7805 86.0471 86.4654 86.3792 87.0908 87.118 88.1061 88.0078 85.4646 85.9452 86.0471 86.2976 87.1689 87.0589 87.396 87.6009 
94.8894 95.6048 96.7331 97.1739 97.7073 98.5279 98.9584 99.2332 93.9503 94.9436 95.6742 96.7244 97.9366 98.241 98.3371 98.3732 92.7134 93.9372 95.0429 95.8873 96.3336 96.7074 97.2008 97.3309 91.904 92.5344 93.466 94.2338 94.6885 94.9471 95.9738 95.3778 91.1799 91.552 91.7167 92.8155 93.4934 93.7981 93.9382 93.5616 89.9134 90.6752 91.4525 91.705 91.7258 92.5713 92.8861 92.6966 88.5754 88.8545 89.7379 89.8706 90.41 90.2604 91.5189 91.2431 87.3139 87.9662 88.159 88.5643 89.3375 89.2296 89.5482 89.9851 
118.306 119.44 119.904 120.568 121.547 122.39 122.879 123.473 116.226 117.07 118.022 118.801 119.817 120.728 121.337 121.663 113.427 114.275 115.236 116.618 117.239 118.325 119.105 119.62 110.476 111.176 112.094 113.217 114.44 115.248 116.323 117.03 107.467 108.246 109.018 110.026 111.224 112.457 113.102 114.187 104.956 105.427 106.261 107.218 108.163 109.274 110.384 111.179 102.641 103.251 103.877 104.791 105.505 106.384 107.463 108.716 99.9083 100.414 101.239 101.561 102.64 103.291 104.16 104.905 
139.246 141.105 142.553 144.341 146.1 148.027 149.458 150.653 137.631 139.331 140.841 142.796 144.335 146.172 147.797 149.297 135.319 136.499 138.617 140.875 142.255 144.068 145.846 147.254 133.052 134.252 136.044 138.355 139.897 141.569 143.455 144.649 130.426 132.571 133.709 135.3 137.414 139.161 140.363 142.063 128.532 129.593 131.26 132.621 134.199 136.313 137.911 139.221 126.874 127.665 129.066 130.553 131.827 133.823 135.338 136.987 122.047 123.242 124.217 125.415 127.165 128.658 129.899 131.221 
155.495 156.705 156.556 158.516 160.124 162.935 163.939 165.502 155.358 156.352 157.714 159.049 160.277 161.919 164.053 163.841 154.801 154.229 156.23 159.529 161.12 161.02 161.991 162.287 154.743 153.054 155.172 157.662 160.036 161.106 162.517 163.008 153.495 152.523 154.03 156.583 158.554 161.107 163.43 163.523 153.923 153.464 154.568 157.122 157.83 159.527 161.407 162.592 154.72 155.293 156.401 157.22 156.275 156.762 158.819 161.896 154.467 155.365 155.04 155.815 155.528 156.427 158.39 160.697 
157.233 157.194 157.662 157.947 158.377 158.544 158.97 158.851 157.407 157.853 158.284 158.547 158.6 159.053 159.164 158.99 157.231 157.499 158.179 158.369 158.455 159.164 159.283 158.808 157.245 157.689 158.194 158.686 158.891 159.345 159.348 158.98 157.823 157.999 158.77 159.037 159.122 159.408 159.363 159.195 158.432 158.484 158.854 158.926 159.041 159.093 159.006 159.242 158.309 158.892 158.95 158.791 158.691 158.551 158.921 158.855 158.588 158.802 158.509 158.666 158.566 158.75 158.917 158.883 
158.955 159.107 158.791 158.511 158.497 158.537 158.374 158.303 159.398 159.594 159.013 159.045 158.838 159.086 158.962 158.876 159.544 159.752 159.985 160.221 159.321 158.958 158.937 158.331 159.871 160.076 160.809 160.309 160.347 159.768 159.289 158.67 161.029 160.788 161.227 161.18 160.672 160.176 159.912 159.189 161.733 161.279 161.364 161.183 160.607 160.604 160.256 159.886 161.424 161.438 161.346 161.035 160.435 160.188 159.972 160.446 161.278 161.294 161.307 161.099 161.167 161.118 160.427 160.831 
159.231 158.968 159.007 158.684 159.089 158.764 158.762 158.963 158.651 158.292 159.286 159.369 158.457 158.474 159.233 159.206 158.985 158.679 159.346 160.364 161.44 160.189 159.191 159.457 160.24 160.501 160.114 159.586 160.678 159.456 160.208 160.523 159.211 159.768 160.65 159.969 159.002 159.722 159.633 159.803 161.066 160.058 160.157 160.759 158.657 158.852 158.915 158.754 161.246 160.985 160.853 162.481 161.386 160.231 159.811 159.219 161.213 159.624 160.9 162.315 162.25 161.424 161.25 161.09 
165.339 164.847 162.783 161.671 161.265 161.193 161.466 162.422 164.566 165.807 165.341 161.03 158.951 160.335 160.731 161.246 165.129 166.179 165.011 162.176 158.096 159.997 161.376 162.191 163.923 163.632 163.902 163.072 161.876 162.551 163.912 163.356 163.551 162.739 161.851 164.151 163.709 164.511 164.963 163.499 164.864 163.602 163.319 163.117 163.029 164.779 165.506 161.502 165.244 164.764 166.153 164.935 164.139 165.973 166.215 165.154 164.203 163.015 165.463 164.266 164.462 165.522 166.714 166.181 
167.169 166.889 165.721 165.21 164.871 164.147 163.554 162.835 166.901 166.447 165.667 165.162 164.754 164.318 163.558 163.152 166.196 165.892 165.492 164.848 164.066 163.707 163.12 162.303 165.641 165.703 165.451 164.445 163.69 163.494 162.91 162.162 165.438 165.242 164.815 164.078 163.1 162.667 162.373 162.05 165.067 164.673 164.046 163.428 162.769 161.909 161.667 161.486 164.376 164.086 163.692 163.057 162.158 161.524 161.242 160.878 164.218 163.459 163.247 162.595 161.401 161.036 160.634 160.57 
72.6165 72.1139 73.4151 73.4472 73.9016 74.3378 74.0884 75.4062 75.2472 75.1792 74.8214 74.9748 75.5786 75.4912 76.3189 77.1758 77.2675 77.3858 77.3584 76.8159 76.8387 77.2533 78.3215 79.6352 79.2668 78.1273 78.6047 78.5393 78.0929 79.3659 79.7923 80.1878 80.5133 79.5687 79.574 79.776 79.4819 79.9764 79.92 80.6651 80.2803 81.1195 80.7817 80.5565 80.9318 80.6635 79.8653 81.0536 81.0098 81.4524 81.6495 81.5049 80.616 80.3738 80.2236 81.7116 81.1165 80.7667 80.8226 80.57 80.1171 79.6585 80.8633 81.2565 
76.6124 77.1662 78.0762 78.7882 79.1168 79.7378 79.5338 78.8951 77.1297 77.6814 78.7764 79.1085 79.1627 79.3077 79.6113 79.1868 77.7009 77.6452 78.6667 78.8664 78.8982 79.382 79.3092 79.0802 77.7236 77.6801 78.0153 77.8235 78.8304 78.9723 79.3532 78.7887 77.4946 77.1174 77.516 77.841 78.1321 78.9634 79.1064 79.1374 77.0653 76.7968 77.725 77.969 78.0187 77.4772 78.366 78.5731 76.175 76.9194 77.5237 77.5722 77.6852 77.4124 77.1857 78.008 75.6792 76.0747 76.6569 77.1729 77.7869 77.7011 77.3952 77.541 
78.6791 78.871 78.9891 78.7506 78.7801 78.9691 79.0567 78.9701 78.6146 78.8204 78.5739 78.3753 78.2329 78.3312 78.6705 78.7513 78.6295 78.6439 78.4261 77.967 77.6158 78.0851 78.4197 77.841 78.436 78.3663 78.0736 77.7352 78.0128 77.8921 77.8657 76.7394 78.3 78.2169 78.3051 77.7469 77.828 78.0108 77.8289 77.6593 78.425 78.4302 78.3366 77.7272 77.5931 77.5667 77.651 77.764 78.3708 78.5274 78.1423 77.9037 78.2544 77.8369 77.6455 77.8139 78.2961 78.3268 77.9911 78.0882 78.1974 78.0347 78.5511 78.8563 
80.9611 81.3142 81.3253 81.4074 80.9315 81.2852 81.6926 81.3025 80.4721 81.0211 81.2245 80.7905 80.6142 80.7219 81.158 80.7776 81.0111 80.6552 80.5223 80.1578 79.7552 80.175 80.1274 79.2761 80.4544 80.0872 79.4339 79.2034 79.2595 79.4223 78.9631 78.3104 80.7865 80.1063 79.7897 79.34 79.0359 78.7013 77.7395 77.3826 80.7385 79.6715 79.9564 79.2738 78.0564 77.1517 76.9577 77.1352 80.0029 79.3461 78.7831 77.9624 78.4679 78.1423 77.8845 77.7603 78.9449 78.8862 78.2509 78.3097 78.6965 78.7108 78.6532 78.4897 
85.109 85.3036 86.0247 86.6583 87.3633 87.6502 87.7202 87.9776 84.7705 85.3183 85.4985 86.5014 87.572 87.5621 87.5188 87.529 84.2273 84.8898 85.7501 86.0788 86.0628 86.2429 86.5974 86.7939 84.1091 84.1131 84.8236 85.2675 85.1923 85.0925 85.7948 85.2157 84.3811 84.1431 84.0471 84.5896 84.6992 84.3955 84.6518 84.3245 83.6916 84.0411 84.3058 83.9152 83.7148 84.0186 84.2348 84.0261 82.6189 82.7567 83.0801 82.8643 83.2391 82.6534 83.5899 83.3301 81.9956 82.1903 82.1405 82.4738 83.0177 82.5064 82.5091 82.8995 
92.1687 93.0499 93.5317 93.523 94.3998 95.0796 95.5511 95.2404 91.1655 91.9454 92.6909 93.1924 93.9208 94.1768 94.9569 94.3262 90.3024 91.0502 91.4092 92.4856 92.2417 92.5348 93.2278 93.1415 89.7723 89.7205 89.7404 90.2327 90.8443 91.1925 91.0448 91.3712 87.9599 87.8824 87.8333 88.3923 89.7216 89.4158 88.511 88.24 86.4208 86.681 86.4987 86.4763 86.6005 87.3458 85.8177 85.345 84.4003 84.4493 84.2365 84.2379 84.4998 84.6043 84.0452 82.8937 82.3369 82.3447 81.9981 82.174 82.0299 82.7392 82.8824 82.446 
107.773 110.068 110.535 111.565 112.873 113.904 114.681 114.407 105.909 108.237 109.393 110.208 111.411 112.378 113.102 112.728 104.216 106.386 106.849 108.73 109.393 110.716 111.23 110.903 102.8 104.375 104.445 105.215 107.201 108.242 108.677 108.601 99.5578 101.425 101.357 102.122 104.532 105.393 104.815 104.311 97.0948 98.5505 98.6748 99.4073 100.064 102.131 101.053 99.7635 93.9547 95.2102 95.3245 95.8835 97.1496 98.061 98.3462 96.6379 88.6535 90.2339 90.1118 90.5213 91.3485 92.8171 93.6031 93.3102 
149.271 151.578 152.109 155.102 157.17 160.106 161.29 164.085 148.44 150.334 151.879 154.07 155.931 157.82 160.717 161.677 148.05 148.063 150.542 154.533 156.794 157.487 159.427 159.565 147.345 146.313 149.058 152.503 155.409 157.13 159.334 159.402 145.84 146.138 147.8 150.494 153.734 156.455 159.667 159.166 145.464 145.841 147.631 150.352 152.104 154.233 156.706 157.542 145.409 146.206 147.948 150.019 149.871 151.191 153.463 156.396 141.937 143.364 143.836 145.372 145.935 147.802 149.744 152.256 
162.235 163.593 163.814 165.875 167.255 169.447 170.254 172.257 161.924 163.258 164.759 165.82 166.98 168.163 170.373 170.504 162.057 161.531 163.657 166.53 168.109 168.343 169.628 169.256 161.737 160.594 162.994 165.409 167.311 168.745 170.253 169.83 161.287 160.854 162.576 164.517 166.434 168.977 171.533 170.44 161.994 161.905 162.891 165.218 166.12 167.538 169.424 169.929 162.725 163.119 164.414 165.545 164.937 165.263 167.064 169.27 161.008 161.759 161.724 162.702 162.332 163.59 165.196 166.989 
166.319 167.036 166.874 167.874 168.741 170.194 170.225 171.19 166.545 167.239 167.763 168.279 168.972 169.488 170.289 170.146 166.831 166.55 168.171 169.694 170.314 170.342 170.262 169.737 167.678 166.586 167.916 169.458 170.516 170.912 171.294 170.849 168.029 167.025 167.942 169.222 169.854 171.546 172.979 171.958 168.151 167.96 169.193 170.606 170.745 171.514 172.124 171.349 167.849 167.751 169.158 170.69 170.375 170.298 170.274 170.896 168.237 167.657 167.979 169.443 169.401 169.985 170.32 170.313 
169.821 169.947 169.831 169.36 169.142 168.94 168.829 168.627 169.815 170.483 170.636 170.224 169.951 169.567 169.041 168.586 170.186 170.462 170.956 170.812 169.916 169.825 169.438 168.995 170.564 170.834 171.071 171.051 170.683 170.291 169.915 169.54 171.158 171.122 171.556 171.609 171.124 171.002 170.572 170.101 171.761 171.569 171.707 171.839 171.593 171.255 170.719 170.542 171.732 172.022 172.335 172.34 172.116 171.641 171.421 170.863 172.367 172.105 172.256 172.136 172.174 172.035 171.913 171.462 
172.428 172.396 170.133 168.539 167.545 166.931 167.483 169.707 172.02 173.412 173.096 167.55 166.031 166.189 165.998 167.039 173.265 173.861 172.705 169.229 164.812 165.683 166.504 168.438 172.306 172.352 171.536 171.088 169.785 168.541 169.689 169.064 172.298 171.486 170.264 172.378 171.281 170.979 171.275 169.58 173.389 172.082 170.71 170.387 170.236 171.608 172 166.489 172.794 172.65 172.726 171.363 171.047 172.368 171.828 170.159 170.743 169.51 171.587 169.744 169.94 171.44 171.997 171.32 
170.775 170.548 168.441 167.52 166.95 166.423 166.826 168.233 170.183 171.199 170.646 166.34 164.523 165.35 164.767 164.943 170.846 171.789 170.439 167.449 163.18 164.621 165.593 166.487 170.144 169.855 168.984 168.508 167.121 167.266 168.408 167.697 169.905 169.078 167.409 169.638 168.056 168.466 169.208 167.657 170.368 169.013 167.709 167.58 167.145 168.413 168.993 164.322 169.461 169.379 169.833 168.38 167.765 169.002 169.116 167.414 167.704 166.587 168.642 167.031 167.08 168.066 169.609 168.58 
172.79 173.032 170.978 169.986 168.962 168.186 168.203 169.239 172.29 173.407 172.558 168.298 166.552 167.081 166.344 166.352 172.664 173.443 172.039 168.969 164.532 165.567 166.289 166.993 171.31 170.551 169.966 169.455 167.511 167.444 168.422 167.448 170.686 169.612 167.928 169.967 168.176 168.352 169.086 167.054 170.435 169.443 167.913 167.184 166.731 167.659 168.567 163.784 168.985 168.837 169.215 167.478 166.834 167.893 167.458 166.188 167.578 166.105 167.92 166.225 165.747 166.292 167.461 166.902 
69.1802 69.4881 69.5214 69.6756 70.3199 70.5158 70.7263 70.669 69.5957 69.9777 70.1407 70.1447 70.518 70.7696 71.0217 71.2058 70.3568 70.6255 70.8919 71.1117 71.1073 71.349 71.7983 72.0514 71.0685 71.4775 71.6368 71.8534 72.0496 72.3312 72.6925 73.2119 72.0924 72.39 72.2957 72.5205 73.0012 73.5379 73.9561 74.2 73.05 73.4775 73.3909 73.6691 74.0686 74.4947 74.8464 75.1552 73.7449 74.1008 74.4712 74.687 74.9551 75.2588 75.4052 75.5374 74.4727 74.7366 75.2388 75.47 75.6181 75.8944 75.9142 76.1456 
72.5252 72.6064 72.8596 72.798 73.2527 73.7395 73.7404 73.6657 72.6974 72.7946 72.8694 72.9071 73.1477 73.6432 73.9925 74.1578 72.7883 73.0005 73.0657 73.2279 73.309 73.7785 74.2458 74.0198 73.032 73.0722 73.2589 73.2413 73.886 74.0185 74.3221 73.6823 73.2717 73.3887 73.4454 73.3818 73.9115 74.4372 74.5868 74.511 73.3144 73.7638 73.6175 73.4905 73.9448 74.0506 74.1921 74.4569 73.517 73.801 73.7484 73.6733 74.0817 73.8383 73.9427 74.3232 73.7666 73.6746 73.5923 73.8272 73.9645 73.7328 74.4106 74.8721 
75.7483 75.833 75.8088 75.8235 75.5264 75.8841 76.1624 75.7365 75.1849 75.5036 75.5623 75.1785 75.0243 75.1896 75.4957 75.2332 75.2629 75.0182 74.9152 74.8051 74.5613 74.8518 74.7361 74.1626 74.7266 74.4784 74.0635 73.9776 74.1842 74.116 73.8216 73.4123 74.9564 74.4146 74.2659 73.9541 73.8796 73.6885 72.9142 72.7635 74.6889 74.1012 74.3883 73.8907 73.0163 72.5305 72.3901 72.6058 74.1132 73.8496 73.6492 73.1279 73.293 73.1097 73.0341 72.9094 73.5803 73.603 73.2857 73.2873 73.4431 73.4974 73.4489 73.2127 
78.2171 78.2422 78.2041 78.4353 78.073 78.8799 79.065 78.2816 77.4784 77.7397 77.9371 77.6031 77.3551 77.6958 78.1238 77.5537 77.506 76.89 76.7683 76.7618 76.3039 76.4909 76.5451 75.7935 76.7841 75.889 75.2996 75.0029 75.1855 75.1332 74.9507 74.223 76.9174 75.7242 75.3876 74.7218 74.4951 74.0018 73.1125 72.6392 75.8841 74.7383 75.1755 74.3825 73.008 71.7057 71.4318 71.5979 74.7231 73.9625 73.7443 72.6158 72.6091 71.82 72.0319 72.0791 73.7486 73.2676 72.7582 72.8578 72.6219 72.4272 72.5315 72.2994 
82.4884 83.1814 83.6922 83.6629 84.0199 84.7903 85.1483 84.6202 81.3164 82.1869 82.7442 82.7047 82.8498 83.431 84.2567 83.6042 80.8377 80.6924 80.9779 81.1436 80.9355 81.2265 81.7743 81.3194 79.4396 78.7885 78.6134 78.7115 78.9569 79.2878 79.114 79.151 79.0331 77.8722 77.727 77.5234 77.6517 77.1871 76.4994 76.7817 77.5074 76.6511 77.0899 76.3633 75.2032 73.9779 73.9245 75.1231 76.0381 75.1248 74.7488 73.7921 73.9187 73.632 73.4552 74.2391 74.2774 73.7719 73.1939 73.6148 73.2791 73.4821 73.6433 73.7486 
88.9121 91.4286 91.8065 92.2142 93.7691 94.7727 95.0627 94.197 87.7161 90.6033 91.378 91.6618 92.9139 93.9958 94.2935 93.1462 87.0571 89.9493 89.8245 91.0677 91.8462 92.9121 93.2021 92.014 87.261 89.0975 88.6745 88.5987 90.5382 91.6111 91.5764 91.1131 84.8238 86.2564 86.1092 86.5956 88.8636 89.3518 88.6622 87.2065 82.9785 84.6368 84.3752 85.0457 85.4757 87.4485 85.0812 83.1746 80.4095 81.8551 81.7533 81.78 83.032 83.5365 83.366 80.3263 77.5333 78.9645 78.4636 78.6881 78.9003 80.551 81.2143 80.153 
99.746 109.29 110.845 113.182 116.423 119.837 121.859 122.4 97.6406 107.247 108.901 110.999 114.079 117.932 120.39 120.48 95.5597 105.126 106.179 108.619 111.752 115.589 118.045 118.624 92.9182 101.584 103.214 105.444 109.059 112.748 115.393 115.852 89.9727 98.8144 100.294 102.797 105.998 110.198 113.13 113.492 87.5746 96.2933 97.9108 99.9347 103.311 107.163 110.116 110.896 85.2694 93.9116 95.517 97.394 100.884 104.528 107.533 108.442 83.8432 92.3334 93.8867 96.1622 99.0761 103.265 105.822 106.752 
146.118 146.971 150.707 155.16 161.787 169.189 175.851 178.16 145.883 146.383 150.003 154.846 160.312 168.623 175.305 177.932 145.659 145.876 150.252 155.046 160.36 168.354 174.922 177.351 145.093 145.968 149.765 154.652 160.286 167.35 173.881 176.834 144.161 146.217 149.307 153.205 160.386 167.634 173.389 176.254 143.868 144.786 148.916 153.114 158.971 167.698 173.469 175.733 144.274 144.661 148.264 152.916 158.84 166.261 172.994 175.218 141.833 142.823 146.221 149.825 155.798 163.726 169.668 171.994 
167.446 168.76 168.381 169.978 171.49 173.723 174.096 176.018 167.329 168.535 169.66 170.481 171.338 172.676 174.457 174.778 167.751 167.283 169.598 172.38 173.743 174.058 174.563 174.048 168.561 167.001 169.093 171.797 173.708 174.569 175.721 175.435 168.309 167.251 168.992 170.99 172.407 174.97 177.568 176.311 168.177 168.193 170.316 172.611 173.525 174.617 175.809 175.05 168.134 167.627 170.037 172.678 172.616 172.587 173.018 174.526 168.33 167.768 168.493 170.701 170.718 172.256 172.985 173.408 
174.854 175.699 175.788 175.32 176.333 176.507 176.469 176.434 174.876 175.849 176.581 176.625 176.629 176.862 176.743 176.692 174.621 175.758 177.502 178.045 177.862 178.605 177.803 177.605 176.242 176.39 177.472 178.578 178.903 178.939 178.669 179.039 177.004 177.247 178.216 178.899 178.659 179.477 179.386 179.291 176.598 177.424 178.955 179.611 180.163 180.428 179.663 178.339 174.864 174.716 176.942 179.187 180.643 180.272 178.929 177.647 175.917 174.939 176.506 178.447 179.332 179.804 178.987 176.962 
180.588 181.05 179.592 180.437 179.721 177.842 177.291 177.77 180.409 180.838 180.399 181.401 181.289 178.314 177.09 178.951 180.234 178.47 179.793 181.583 181.843 179.473 178.154 179.769 180.31 180.787 180.083 180.14 180.798 179.777 179.428 179.062 181.156 182.303 182.561 180.594 179.484 180.154 180.655 179.973 181.477 183.908 182.365 181.444 180.889 180.24 180.874 181.205 183.845 184.206 183.333 182.587 182.343 182.282 181.115 181.707 182.242 182.325 184.081 184.289 183.574 183.017 180.727 180.418 
181.754 181.029 179.433 178.025 177.223 176.01 176.278 177.74 181.865 181.309 181.259 178.351 179.101 177.386 177.795 178.874 182.647 181.32 180.888 179.632 179.053 177.552 177.183 177.655 182.425 183.45 181.845 180.97 180.643 177.648 177.176 176.844 182.598 182.517 182.927 181.32 181.621 179.222 178.195 178.378 184.013 183.047 181.473 180.919 181.696 180.313 178.816 177.963 184.429 183.699 181.282 181.057 181.721 180.206 178.908 178.045 182.244 181.789 181.331 179.624 179.255 180.117 177.341 176.767 
177.605 177.376 175.277 173.985 172.93 172.156 172.864 175.313 177.208 178.56 178.176 172.617 171.373 171.539 171.545 172.444 178.555 179.297 177.919 174.262 170.019 170.742 171.476 173.191 177.304 177.114 176.039 175.661 174.153 172.775 173.706 173.197 177.114 176.054 174.445 176.368 175.238 174.598 175.228 173.63 178.576 177.197 174.743 173.962 174.113 175.148 175.841 170.715 177.681 177.421 176.753 174.787 174.682 175.875 175.406 173.936 175.242 174.039 175.868 173.354 173.485 174.803 175.05 174.224 
182.287 181.54 181.223 181.233 180.526 180.884 180.142 178.888 180.699 180.076 179.66 179.242 178.996 179.202 177.819 176.8 179.015 179.346 178.389 177.927 176.934 176.863 176.261 175.482 179.56 179.051 177.731 176.717 175.899 175.58 175.223 174.57 178.762 178.181 176.452 175.958 175.546 174.596 174.342 173.687 176.704 176.44 174.697 175.151 174.857 173.374 172.774 172.249 174.743 174.373 173.07 173.289 173.068 171.761 170.922 170.51 173.789 173.132 171.701 171.116 170.634 170.693 169.922 169.027 
65.0895 65.0573 65.1674 65.2634 65.6517 65.9571 66.3803 66.8544 65.3777 65.395 65.6328 65.7166 65.8825 66.2784 66.8831 67.3821 66.2167 66.2214 66.4638 66.5064 66.4809 66.7933 67.5678 68.1853 66.8235 67.0952 67.1145 67.1905 67.3298 68.0463 68.5037 69.2787 67.8114 68.0047 67.8277 67.7941 68.2276 69.146 69.7778 70.1315 68.6538 68.9272 68.7593 69.1508 69.741 70.1469 70.6593 71.1898 69.4105 69.6283 69.8268 70.5272 70.9499 71.1988 71.3582 71.8498 69.8782 70.1528 70.9573 71.4735 71.9625 72.1153 72.2116 72.4558 
67.5161 68.1774 68.123 68.2202 68.7954 69.327 69.5071 69.3575 67.5945 68.4033 68.3709 68.3298 68.7743 69.3523 69.5941 69.556 67.7972 68.6414 68.6803 68.7177 69.1592 69.6035 69.702 69.5504 67.9296 68.8865 68.8496 68.8682 69.3679 69.7172 69.8653 69.7127 68.3398 69.2033 68.972 69.0788 69.443 69.8762 70.0302 70.034 68.5183 69.3502 69.1911 69.2641 69.658 70.0149 70.2013 70.0744 68.7122 69.4669 69.5311 69.4411 69.6078 70.1352 70.2961 70.0836 68.8376 69.6073 69.5696 69.5133 69.6778 70.0514 70.0351 69.9997 
70.0583 69.9281 69.9558 70.0962 70.0009 70.5529 70.6178 70.6425 69.4679 69.5679 69.6001 69.7707 69.7696 69.9777 70.1836 70.3435 69.14 69.3926 69.4271 69.501 69.4774 69.5873 69.8294 70.021 69.1724 69.4681 69.2276 69.0637 69.1499 69.1601 69.5362 69.5187 69.2647 69.2772 69.182 69.0469 68.9459 68.9612 69.122 69.2972 68.8883 68.9673 68.9918 68.9495 68.9292 69.0304 69.1947 69.0595 68.78 69.0771 69.2133 69.1606 69.0223 68.9475 69.1354 68.9273 68.958 69.231 69.3837 69.3227 69.095 69.0503 68.9336 68.5212 
74.3327 74.7422 74.8399 74.8624 74.6094 74.6642 74.7043 74.1534 73.3452 73.8321 74.1221 73.8847 73.4969 73.5394 73.6323 73.0888 72.9269 72.6869 72.6546 72.7068 72.4541 72.3605 72.2116 71.4363 71.7159 71.392 71.0538 70.9323 71.0476 70.8716 70.493 69.9803 71.4819 70.7223 70.4553 70.0536 69.8778 69.5755 68.7942 68.4316 70.2365 69.5536 69.8096 69.3821 68.2377 67.3649 67.1652 67.4433 69.2882 68.5946 68.3925 67.4698 67.4633 67.2353 67.2333 67.2462 67.9921 67.7435 67.1204 67.2315 67.0448 67.1026 67.2727 67.2645 
77.58 78.618 78.5902 78.923 78.8676 79.1819 78.1818 77.7368 75.4751 76.11 76.8402 76.6325 76.9403 77.1507 76.1288 75.2728 73.3013 74.2866 74.4358 74.5668 74.5216 74.5166 73.7732 72.8621 71.5167 72.4739 72.4061 72.2217 72.2165 71.4203 70.9623 70.3799 69.5049 69.8188 70.0501 69.914 69.6316 68.9367 68.3774 68.4709 67.6344 67.9753 67.7656 67.9911 67.6268 66.9652 66.563 65.7613 66.2572 66.2969 65.9648 65.1362 65.6387 65.0779 64.6034 63.7206 65.285 64.9455 63.6113 64.0441 63.2247 63.1942 62.3506 61.6429 
81.9806 89.4421 90.0184 91.0362 92.7819 94.8599 96.3822 96.7274 79.2226 86.7095 87.3229 88.1167 90.0035 92.3745 93.7348 93.968 76.787 84.2369 84.4114 85.2778 86.9691 89.3851 91.0692 91.4377 73.9381 80.8535 81.4035 82.259 84.1556 86.6056 88.375 88.5747 71.1173 78.0088 78.4832 79.4607 81.1811 83.9094 85.8094 85.9985 68.3817 75.3278 75.8513 76.6309 78.6049 80.9681 82.8635 83.4558 66.2192 72.9183 73.6015 74.5163 76.3608 78.8106 80.6491 81.1464 64.8193 71.4267 72.2106 73.4114 74.8149 77.5986 79.2395 79.6753 
83.4308 89.9457 94.7374 102.016 117.718 135.597 149.995 152.297 114.798 120.6 126.267 132.576 146.674 166.43 180.304 183.842 113.513 118.792 127.429 134.1 144.47 164.202 179.551 183.492 111.375 118.9 123.998 131.944 145.843 161.939 178.981 182.945 109.861 116.878 122.216 128.603 144.121 163.725 176.888 180.44 108.979 115.742 119.954 129.05 141.106 161.627 175.822 178.919 108.257 115.186 119.49 125.832 140.83 158.039 174.91 177.174 107.429 114.073 119.863 126.419 138.193 160.324 173.841 175.937 
129.693 133.312 141.126 150.951 170.966 193.815 212.284 215.413 130.053 133.539 142.15 150.602 168.355 193.333 211.833 217.076 130.084 132.586 145.001 153.291 167.436 192.8 212.959 217.929 129.216 134.656 141.803 152.28 170.51 191.263 213.363 218.484 128.914 133.216 140.861 149.77 170.158 195.25 212.228 217.328 129.642 133.642 139.878 152.639 168.062 193.482 212.109 216.599 130.615 134.727 140.686 149.641 168.767 190.481 212.767 215.894 130.665 134.179 141.825 151.213 166.071 195.015 212.492 215.313 
181.815 181.354 183.767 184.925 185.868 186.96 189.808 190.811 181.046 181.217 183.475 185.163 186.087 187.993 190.596 190.917 180.429 181.701 184.065 185.954 187.367 190.153 190.918 191.247 181.516 181.971 184.665 185.072 187.743 190.648 191.457 191.948 182.427 182.302 183.894 184.557 187.092 189.812 191.375 191.621 180.893 181.625 182.559 184.399 186.644 190.311 192.638 193.249 180.293 180.611 183.059 185.674 187.918 190.296 193.377 193.225 181.424 181.557 184.483 186.758 188.88 191.134 192.955 193.006 
186.301 187.002 186.065 187.292 187.364 185.986 185.879 185.623 186.169 186.902 186.733 188.436 188.122 186.209 185.123 186.586 185.911 185.02 186.091 188.325 189.139 187.844 186.634 187.75 186.334 186.413 186.399 187.001 188.084 188.162 187.809 187.606 186.951 188.207 189.236 187.846 186.586 187.821 188.494 187.763 186.731 189.611 189.34 188.597 188.039 187.763 188.774 188.88 188.643 189.12 189.55 189.282 189.489 189.804 188.856 189.05 187.447 187.958 189.924 191.264 190.901 190.139 188.821 188.099 
188.774 189.573 188.867 189.886 189.115 186.609 186.183 186.136 188.212 188.639 188.55 190.117 189.777 186.87 185.243 186.774 187.503 186.517 187.346 189.513 189.85 187.673 186.552 188.349 187.544 187.944 187.506 187.717 188.484 188.494 188.19 188.104 188.26 189.89 189.718 188.216 187.137 188.071 188.843 188.277 188.236 191.198 189.223 188.542 188.055 187.677 188.771 189.986 190.783 192.124 191.621 190.27 189.819 190.146 189.668 190.4 189.777 190.759 192.939 193.248 192.559 191.401 190.093 189.767 
189.903 190.29 188.295 189.034 188.423 186.332 186.302 186.4 189.179 189.714 188.875 189.81 189.863 186.553 185.277 187.376 189.241 186.696 187.177 189.128 189.787 187.069 185.736 188.176 188.272 188.654 187.616 187.354 187.69 186.869 186.882 186.569 188.578 190.008 190.085 187.323 186.335 186.842 187.333 187.057 189.555 192.115 189.253 187.226 186.975 185.978 186.91 188.581 192.636 192.959 190.986 188.264 187.872 188.057 187.62 189.08 190.143 190.603 191.717 191.001 189.772 188.577 186.492 187.386 
187.823 187.224 187.133 187.476 187.227 186.956 187.539 187.841 186.86 187.248 186.852 186.827 187.446 187.612 187.227 186.541 187.246 187.522 187.251 186.816 186.877 186.658 185.986 185.807 187.64 186.43 186.144 185.732 185.423 185.506 184.397 184.865 187.046 186.665 184.954 185.028 184.781 183.68 183.724 184.429 187.113 186.868 184.751 184.56 184.508 184.071 183.659 184.557 186.352 186.094 185.1 184.16 184.406 184.03 183.557 183.849 185.889 185.621 185.319 183.974 184.077 182.954 182.758 182.536 
185.398 184.995 185.446 186.39 185.949 186.063 186.028 185.91 183.7 184.693 184.457 184.298 184.921 185.598 184.478 183.986 183.724 184.949 184.573 183.664 183.962 183.865 182.623 182.655 184.957 184.016 183.159 182.366 182.141 181.691 180.744 181.464 184.598 183.887 181.249 181.49 181.111 179.556 179.746 180.883 183.883 183.93 181.009 180.855 181.151 179.958 179.703 180.926 181.473 181.83 180.559 179.626 180.215 180.748 179.498 179.579 179.178 179.108 178.244 176.658 176.477 176.535 176.346 175.514 
56.3278 56.9602 56.7398 56.7496 57.2371 57.7813 58.3484 58.7434 56.6446 57.2254 57.137 57.0859 57.4969 58.2866 58.9901 59.418 57.1403 57.8977 57.8884 57.8016 58.1642 58.8181 59.5273 59.7844 57.7102 58.5088 58.3389 58.3926 58.8897 59.8633 60.2377 60.4555 58.9666 59.3841 59.0459 59.1203 59.636 60.7357 61.253 61.2118 59.6726 60.4687 59.9094 60.2864 61.0158 61.6305 62.1395 61.9869 60.4122 61.3051 61.2474 61.8356 61.8093 62.544 62.8505 62.6286 60.9723 61.9195 62.2265 62.4917 63.0906 63.1608 63.3773 63.1116 
59.1052 60.0326 60.0726 60.1962 60.7261 61.2737 61.7945 62.1194 58.6228 59.6966 59.864 60.2752 60.673 61.4152 62.0592 62.3796 58.1957 59.5873 60.0406 60.2939 61.0381 61.5755 62.4016 62.351 58.78 60.2703 60.1843 60.2698 61.012 62.0083 62.6302 62.6671 59.3974 60.5518 60.2122 60.4077 61.0697 62.1387 62.6205 62.7859 59.5357 60.5087 60.3694 60.7522 61.5246 62.2282 62.8214 62.8302 59.7321 60.8306 60.8032 61.3185 61.9223 62.6675 63.09 62.9514 59.7671 60.972 61.3171 61.7024 62.4224 62.9905 63.1607 62.9786 
63.0122 64.0062 64.0639 64.136 64.7306 65.0951 65.2259 65.1345 62.2015 63.4792 63.6195 64.0047 64.4019 64.8743 65.0259 64.9702 61.427 63.0317 63.5247 63.7021 64.3483 64.6397 65.0071 64.7657 61.9487 63.5395 63.294 63.2811 63.7829 64.4164 64.8345 64.5934 62.3633 63.3563 63.0521 63.0584 63.4752 64.1218 64.3396 64.5143 62.1373 62.8921 62.8321 62.8929 63.2286 63.9861 64.3542 64.2521 61.9457 63.0346 62.9537 62.8706 63.2038 63.9314 64.2072 63.7709 62.1199 63.1855 63.0918 63.0546 63.3872 64.0233 64.0507 63.7472 
63.6212 63.8918 63.414 62.8982 62.5857 62.8074 62.8395 62.8801 63.2209 63.5366 63.3129 62.9001 62.7658 62.9957 62.6626 62.7003 62.2095 62.9235 63.1747 63.0061 62.8946 62.5978 62.6443 62.4179 61.7855 63.1041 62.7068 62.2749 62.1162 62.0878 62.2555 62.11 62.4463 62.6143 61.9993 61.5833 61.65 62.0227 62.0017 62.2292 61.9478 61.77 61.6962 61.3361 61.5486 61.8826 61.9158 62.2836 61.7408 61.6987 61.0821 60.9154 61.4461 61.0117 61.0879 61.8048 61.0224 60.9512 60.8168 60.9992 61.1882 61.4236 61.7121 61.7157 
69.5003 70.0683 70.115 69.8457 69.4283 68.6932 68.6555 68.6744 68.2309 68.5296 68.5483 68.4789 67.8453 67.2706 67.0534 66.7193 66.7766 67.1738 67.0272 66.9757 66.4534 65.8093 65.7263 65.4061 65.3963 65.7149 65.6464 65.3659 64.998 64.4745 64.2663 64.362 64.2219 64.0861 64.1363 63.9513 63.5831 63.7526 63.5598 63.1138 62.7936 62.9727 62.9583 62.7203 62.4563 62.7497 62.6595 62.7336 62.1075 62.0558 61.8867 61.3529 61.0175 61.5352 61.9301 61.8235 61.0713 61.0075 60.5691 60.4455 60.3458 60.4979 61.2617 61.2447 
58.5174 60.1368 60.159 60.2863 60.6521 61.1997 60.9082 60.0979 87.7336 89.1919 88.9315 89.3506 90.1209 90.2629 89.871 88.9152 86.3086 88.0907 87.9961 88.5699 88.6428 88.9051 88.2546 87.5635 84.6815 86.4774 86.5082 86.6118 86.9446 87.2443 86.9051 86.4112 83.3409 84.8786 84.6166 84.8574 84.9539 85.3783 85.3371 84.4597 81.7752 83.187 82.84 82.9601 83.7082 84.2175 83.9846 83.3206 79.9699 81.5458 81.6279 81.7303 82.3221 82.9671 82.754 82.132 79.1443 80.682 80.5964 80.6255 81.2574 81.4602 81.5159 81.1804 
15.0841 25.3452 27.8018 29.8862 32.9306 37.2438 40.1366 41.2244 150.601 162.714 162.047 164.798 168.797 172.825 175.338 175.807 151.712 163.77 165.886 168.701 171.37 172.92 174.591 175.65 151.625 163.934 165.844 168.067 170.73 175.054 178.057 176.396 151.276 163.451 164.827 166.593 168.994 173.61 177.041 176.95 150.814 161.98 163.426 164.793 168.132 173.017 176.35 176.52 149.178 160.395 162.793 164.382 167.822 172.569 175.074 175.436 148.32 159.925 161.868 164.531 167.329 170.663 173.81 175.099 
160.18 156.797 159.838 163.698 167.166 171.519 177.284 178.767 185.534 183.953 187.501 189.786 192.56 198.764 202.456 203.582 185.314 184.514 189.031 192.502 195.639 200.45 204.202 204.4 187.211 185.769 186.763 187.889 194.046 200.68 204.848 205.463 188.9 184.315 184.831 185.648 192.483 200.664 205.364 205.632 187.754 184.806 183.688 186.033 191.617 201.739 205.591 206.713 188.046 185.417 186.581 189.311 195.242 200.582 206.801 207.918 186.502 185.381 188.721 191.051 194.234 200.104 205.476 206.045 
198.326 197.937 198.65 199.55 199.258 199.375 199.903 199.801 198.466 199.039 199.958 200.03 199.824 200.432 200.253 199.827 198.637 199.389 200.232 201.045 201.896 202.03 201.404 200.206 199.646 199.295 199.574 199.342 201.008 202.191 201.438 200.707 200.506 198.923 199.025 199.065 200.23 201.971 201.956 201.252 200.159 199.761 199.257 199.512 200.657 202.511 202.663 202.45 200.719 200.42 200.75 201.413 202.382 202.578 203.186 202.923 199.37 200.246 201.318 201.82 201.634 201.789 202.434 201.891 
198.235 198.193 198.92 198.8 198.666 198.38 198.113 197.967 198.498 198.64 198.777 198.446 198.484 198.838 198.541 198.182 198.048 198.845 198.91 199.173 199.061 199.093 198.802 198.498 198.359 198.412 198.893 199.465 199.747 199.531 199.407 198.996 198.769 198.976 199.225 199.629 199.544 199.625 199.75 199.7 198.938 199.585 199.79 199.571 199.62 200.23 200.68 200.418 199.22 199.628 200.213 200.315 200.364 200.435 200.653 200.124 199.288 199.809 200.651 200.801 200.298 200.362 200.563 199.977 
196.85 197.269 196.42 197.371 196.806 195.42 195.214 194.89 196.749 197.036 196.572 197.404 196.932 195.239 193.844 195.175 196.55 195.437 195.508 196.594 196.656 195.059 194.48 196.015 196.233 196.2 195.64 195.541 195.536 195.337 195.509 195.451 196.296 196.92 196.873 195.702 194.766 195.329 195.852 195.75 196.373 198.011 196.589 195.581 195.135 194.864 195.582 196.364 198.156 198.463 198.09 196.758 196.083 196.319 196.067 196.676 196.875 197.294 198.726 198.761 197.884 197.06 196.58 196.37 
198.919 198.705 198.249 197.983 197.942 197.867 198.098 197.597 198.73 198.314 197.981 197.505 197.716 197.825 197.359 197.151 198.737 198.206 197.991 197.727 197.077 197.341 197.21 197.196 198.61 197.967 197.901 197.851 197.064 197.227 197.226 196.945 198.473 198.046 197.577 197.543 197.081 197.252 197.343 197.241 198.429 197.823 197.081 197.013 196.666 196.934 196.629 196.816 197.929 198.004 197.987 197.31 196.594 196.348 196.515 196.378 197.699 197.738 197.799 197.47 196.922 196.067 196.299 196.556 
191.873 191.916 191.564 191.682 191.771 191.973 192.57 192.396 191.02 191.852 191.436 191.424 191.863 192.185 192.028 191.505 191.381 191.676 191.587 191.308 191.516 191.537 191.021 190.922 191.42 190.797 190.984 190.657 190.276 190.237 190.014 190.184 191.059 190.785 189.823 189.679 189.327 188.982 189.263 190.022 191.074 190.943 189.519 188.812 189.003 189.016 188.894 189.843 189.845 189.898 189.637 188.44 188.698 188.998 188.786 189.239 188.758 188.593 188.515 187.237 187.195 186.432 186.565 187.163 
211.232 210.809 210.801 210.912 210.702 211.068 211.222 210.607 209.678 209.544 209.514 209.636 209.894 210.471 209.883 209.168 208.304 209.12 209.005 208.723 208.699 209.156 208.466 208.265 209.04 209.007 208.474 207.922 208.041 208.135 207.744 207.483 208.373 208.534 207.566 207.49 207.793 207.476 207.131 207.056 206.579 206.974 206.112 206.95 206.651 206.467 206.026 206.078 205.538 205.7 204.993 205.214 205.278 205.215 205.098 204.726 129.311 129.302 127.909 127.612 127.609 127.937 127.891 127.686 
39.7364 39.2606 39.426 39.2602 38.7984 38.6087 38.7416 39.0493 39.2045 38.9082 39.1354 39.2292 39.0313 38.8123 39.0984 39.2591 39.0304 39.0573 39.4273 39.5014 39.2489 39.1766 39.41 39.4816 39.528 39.6264 39.4564 39.5491 39.6529 39.9248 39.8294 39.6442 40.4878 40.2569 39.9364 39.776 39.9182 40.2649 40.1979 39.9473 40.7066 40.816 40.4866 40.5426 40.4691 40.388 40.2832 40.0243 41.0913 40.9743 41.2108 41.6181 40.9237 40.5078 40.7398 40.7337 41.3825 41.3432 41.6878 42.0381 41.9686 41.5014 41.2538 41.3559 
45.7181 46.6937 46.6752 46.877 47.2701 47.6988 47.7637 47.3555 45.7789 46.5784 46.7649 46.9238 47.2123 47.7711 47.7614 47.5385 45.8483 46.8396 46.8896 46.9724 47.2114 47.6996 47.6593 47.4117 46.289 47.0583 47.0345 47.0272 47.5193 47.7609 48.0808 47.6431 46.5965 47.3313 47.1514 47.1971 47.5766 48.1476 47.9142 47.8955 47.0159 47.8232 47.526 47.4965 47.8152 48.2848 48.5241 47.8189 47.2069 48.0684 48.0356 48.1031 47.9482 48.4926 48.6274 48.1853 47.6225 48.4946 48.3733 48.5307 48.5611 48.7024 48.7655 48.3794 
55.5492 55.9054 55.6281 55.245 55.29 55.6865 56.0392 56.2443 55.4419 55.7942 55.8127 55.5491 55.6367 56.1529 56.0673 56.3036 54.9504 55.7237 56.0353 55.978 56.0704 56.1793 56.3554 56.3477 55.0132 56.075 55.9279 55.6427 55.7942 56.1357 56.4089 56.3712 55.8287 56.0323 55.5418 55.3531 55.6963 56.3109 56.3745 56.6547 55.6504 55.6484 55.6704 55.5223 55.9163 56.3356 56.5149 57.038 55.6842 55.8777 55.5176 55.5533 56.1037 55.8788 56.1072 56.9157 55.2964 55.4252 55.6319 55.8613 56.1693 56.4828 56.8212 57.0094 
56.9647 57.2418 56.9316 56.4519 56.2323 56.373 56.6835 57.0173 57.2113 57.3868 57.2948 56.7331 56.5732 56.8317 56.7131 57.0046 57.1031 57.4177 57.3794 57.0261 56.8525 56.757 56.7859 57.0664 56.7395 57.3109 57.1207 56.7565 56.6389 56.7242 56.7345 57.022 57.2256 57.1839 56.8197 56.398 56.5446 57.0185 56.9841 57.2967 57.1365 57.1056 57.0591 56.6755 56.828 57.073 57.1098 57.7145 57.3332 57.2941 56.8386 56.6834 56.9142 56.5943 56.6681 57.56 56.8683 56.8613 56.9076 56.8205 56.9726 57.1755 57.5704 57.8515 
60.0287 60.3073 59.4151 58.3772 57.6458 57.7092 57.9384 57.8276 59.9766 60.3546 59.8925 58.7552 58.246 58.4847 58.0293 57.9991 59.7447 60.0476 59.8753 59.2339 58.6151 58.4774 58.0395 58.0598 58.8432 59.9461 59.602 58.8406 58.4058 58.0399 57.418 57.3311 59.5262 59.8778 59.2775 58.5327 58.1827 58.4996 57.861 58.0119 59.6282 59.5625 59.4356 58.7041 58.6846 58.6208 58.2986 58.5865 59.5549 59.3417 58.6236 58.0946 58.2794 57.6444 57.5201 58.4413 58.4769 58.3499 58.2579 58.1971 58.0313 57.9717 58.1486 58.4794 
61.3637 61.3188 60.6011 60.3954 59.0926 58.7874 58.4943 58.7046 70.1312 68.8907 69.4688 69.9938 69.3749 67.6396 67.4487 67.3538 69.2531 68.7951 68.716 69.3449 69.7762 68.6564 67.7805 67.291 69.8505 70.2728 70.2485 70.2212 70.0371 69.3605 67.48 66.1638 70.3856 70.9865 70.8599 70.8131 70.7757 69.9499 67.6218 66.3379 70.5954 71.5204 71.7187 71.1583 71.0344 69.6442 68.2517 66.9534 70.4451 70.8946 71.6694 71.8106 71.2717 70.398 68.9441 68.0816 70.472 70.7221 71.532 71.8466 71.3964 70.9856 70.3232 69.6091 
27.1775 27.3607 27.2601 26.7692 26.1696 26.1004 26.4552 26.6093 181.42 183.304 181.374 182.056 182.044 181.467 180.89 180.682 181.508 184.228 184.422 185.651 184.977 181.818 180.689 180.565 182.119 184.202 184.349 184.18 184.221 183.5 183.652 181.564 180.847 182.671 183.241 183.51 183.341 182.319 183.521 182.06 180.454 181.756 181.675 182.4 182.773 183.163 183.004 181.573 179.258 180.412 181.493 181.792 182.765 182.758 181.45 181.154 178.706 180.918 181.018 181.275 181.776 181.041 181.18 182.173 
108.729 108.933 109.705 109.659 109.364 110.226 111.297 111.488 200.324 202.609 202.65 203.101 202.756 203.063 203.793 203.929 200.7 203.222 204.455 205.02 206.516 204.628 204.988 204.709 202.546 203.444 204.151 204.608 206.313 206.323 206.962 204.693 201.409 202.266 203.816 205.053 206.181 205.586 207.717 206.268 202.131 202.96 203.316 204.903 205.88 206.359 207.432 205.962 202.23 202.868 203.787 204.714 205.697 206.024 205.9 205.664 202.124 203.109 203.558 204.664 204.999 205.375 206.566 207.331 
201.176 201.102 202.165 202.592 202.832 203.355 204.368 205.252 206.607 207.495 208.929 208.558 208.051 209.578 211.22 210.86 206.503 207.338 208.546 209.707 209.92 212.264 212.444 211.712 207.076 206.529 206.974 208.797 210.408 211.914 211.148 210.478 207.163 206.127 206.393 208.077 209.765 211.306 210.655 210.009 206.938 207.831 206.906 208.587 209.931 211.661 210.701 210.668 206.837 207.257 210.618 210.367 210.998 210.85 211.715 210.865 206.581 205.301 208.806 209.393 210.291 211.269 211.273 210.273 
206.713 206.564 206.508 206.349 206.321 206.665 206.382 206.165 206.695 206.926 206.555 206.212 206.234 206.233 206.749 206.396 206.692 207.032 207.029 206.735 206.66 206.441 206.943 207.13 206.62 206.581 206.832 207.128 206.991 206.272 206.867 207.45 206.854 206.61 207.25 207.67 207.132 206.543 206.971 207.525 206.311 206.886 207.637 207.082 207.238 207.153 207.614 207.434 207.446 207.007 206.916 206.744 206.863 206.869 207.5 207.186 207.611 207.219 206.944 206.852 206.64 206.965 207.507 207.108 
207.063 206.835 206.977 206.63 206.765 206.59 206.15 205.825 206.984 206.899 206.876 206.079 205.964 206.146 205.783 205.793 207.129 207.129 207.354 206.852 205.932 205.5 206.105 206.397 207.259 207.268 207.092 207.188 206.372 206.013 206.624 206.487 207.284 207.303 207.048 206.983 206.247 206.325 206.79 207.056 206.991 207.064 206.94 206.611 206.266 206.85 206.734 206.654 207.274 207.271 207.107 206.964 206.359 206.251 206.516 206.067 207.562 207.45 207.499 207.705 206.912 206.369 206.863 206.479 
211.27 210.964 210.363 209.786 209.749 209.804 210.596 209.916 210.542 210.884 211.121 210.444 210.005 209.954 210.014 210.006 211.161 211.26 211.709 211.388 210.465 210.02 210.819 211.27 211.771 212.035 211.688 211.351 210.257 209.825 210.527 210.387 211.822 211.476 210.85 209.248 208.543 209.304 209.285 208.606 211.637 210.508 209.976 208.449 207.966 208.129 207.932 208.1 210.394 209.841 209.885 208.862 208.164 208.207 208.039 208.362 210.964 210.217 210.09 209.995 209.97 208.69 208.485 209.351 
221.587 221.526 221.256 220.617 220.652 220.122 220.718 219.799 219.839 220.587 220.407 220.032 221.158 220.203 219.987 219.696 219.55 219.497 220.732 220.142 220.207 219.976 219.877 219.973 219.779 219.454 220.979 220.566 219.882 219.227 218.616 218.751 220.572 220.337 221.343 221.091 219.558 218.335 217.561 217.936 220.45 220.5 221.038 220.962 219.57 217.848 217.558 217.217 219.968 220.075 220.353 219.889 218.583 216.259 216.704 216.126 175.821 175.781 175.207 174.264 173.808 172.202 172.01 171.184 
247.052 247.099 247.429 247.701 247.79 247.564 247.653 247.471 246.768 246.75 246.895 247.197 247.314 247.152 247.31 247.36 246.211 246.211 246.485 246.56 246.95 246.851 246.547 246.642 245.329 245.577 245.855 245.965 246.147 246.163 246.151 246.031 244.61 244.689 244.911 245.142 245.259 245.356 245.493 245.313 241.182 241.381 241.236 241.712 241.984 242.304 242.172 242.007 239.232 239.468 239.85 239.627 240.226 239.702 239.862 238.047 26.993 28.2784 28.2709 28.5842 28.5499 27.4768 26.3541 26.6536 
29.8993 29.2769 28.9033 28.7011 28.3157 28.2382 27.8827 27.4853 29.5495 29.0398 28.8526 28.5851 28.4762 28.3381 27.883 27.7381 29.6361 29.1664 29.0574 28.8584 28.2496 28.1835 27.6621 27.5734 30.198 29.8538 29.2833 28.9679 28.7509 28.2838 28.446 27.7498 30.7856 30.3304 29.8605 29.2657 28.9968 28.9054 28.3395 28.2861 31.6305 31.3264 30.4838 29.8836 29.4639 29.2686 29.1905 28.2556 31.8927 31.2871 31.0026 30.7583 29.8212 29.4209 29.3953 29.1684 32.4219 31.8222 31.4225 31.6181 30.8802 30.2788 29.8337 29.5842 
34.3925 34.2953 34.2547 34.1758 34.0303 33.9029 33.6999 33.4735 34.1648 34.0367 34.1254 34.1448 34.0353 33.9956 33.7647 33.7423 34.2717 34.1499 34.1989 34.2267 33.9648 33.9891 33.7393 33.6267 34.7449 34.5925 34.4239 34.2912 34.3573 34.1379 34.2993 33.8943 35.0371 35.0003 34.7789 34.5434 34.5274 34.5801 34.2572 34.194 35.5746 35.5394 35.1957 34.9458 34.802 34.7238 34.7907 34.2212 35.8448 35.6141 35.6201 35.5815 35.1732 35.0072 35.0277 34.9721 36.2579 36.0303 35.9244 36.2668 35.8642 35.6215 35.4649 35.3017 
43.2964 43.5175 43.5555 43.7105 43.982 44.1194 44.1267 44.3541 43.3244 43.4482 43.6872 43.7488 44.028 44.2663 44.1387 44.5037 43.589 43.7118 43.8234 43.9062 43.9137 44.1447 44.1238 44.5327 44.1125 44.0492 44.0791 44.0085 44.2249 44.2019 44.5143 44.6608 44.2333 44.3187 44.3989 44.2857 44.3799 44.6368 44.5826 45.0039 44.8196 44.9212 44.7883 44.6993 44.834 45.0201 45.3448 45.2563 45.2283 45.2017 45.2025 45.3173 45.3148 45.5463 45.5787 45.7999 45.7855 45.7767 45.8847 46.0753 46.0059 46.0366 46.1189 46.0801 
53.5218 53.7253 53.0776 52.3929 52.0528 52.2316 52.655 53.0237 53.7488 53.9066 53.6262 52.8599 52.6148 52.9594 52.8116 53.1924 53.7692 53.914 53.8973 53.4057 53.1089 53.1204 53.0819 53.3554 53.3675 54.0677 53.8996 53.3041 53.1041 53.0724 52.9209 53.143 54.1459 54.2427 53.8325 53.283 53.2419 53.6417 53.4011 53.7245 54.3932 54.3137 54.2869 53.8267 53.9268 53.9814 53.9497 54.3794 54.7879 54.6077 54.0397 53.7797 54.093 53.6216 53.6195 54.683 54.2605 54.1147 54.2126 54.1748 54.1859 54.3635 54.6255 54.93 
62.2236 62.1581 61.3802 61.0116 59.7853 59.4734 59.4491 59.6936 61.9249 60.5791 61.4011 61.8196 61.1553 59.5884 59.5417 59.4816 61.2143 60.5153 60.3384 60.8821 61.2814 60.7331 59.9257 59.4815 61.9423 62.1261 61.9366 61.8131 61.714 61.0732 59.3504 58.4485 62.6332 62.9527 62.765 62.5878 62.3757 61.7616 59.6216 58.4017 63.2053 63.6466 63.7106 62.9908 62.7894 61.5288 60.3008 59.1041 63.2302 63.3711 63.845 63.8321 63.2945 62.4126 60.9829 60.2687 63.2896 63.4224 64.0338 64.1077 63.6356 63.1108 62.3671 61.6276 
65.2962 65.1359 64.1928 63.6867 62.1974 61.656 61.2676 61.4376 64.9939 63.5382 64.3007 64.669 63.8091 61.8 61.5336 61.3522 64.3176 63.5575 63.3805 63.7899 64.0199 63.198 62.0684 61.5544 65.2126 65.453 65.2881 64.9761 64.6298 63.6508 61.1818 60.0967 66.1281 66.6533 66.3868 66.0828 65.6135 64.7493 61.8184 60.3774 66.9537 67.4738 67.6322 66.7254 66.2621 64.6424 63.0331 61.4568 67.0331 67.1251 67.7873 67.5154 66.6322 65.5694 63.8599 62.8667 67.0929 67.0682 67.8144 67.8771 67.0968 66.3334 65.4491 64.5734 
72.1484 71.7696 70.1353 69.6566 68.0051 67.2427 66.6669 65.8975 81.5377 79.9805 79.611 79.9603 79.07 76.5098 75.9733 75.0468 80.6748 80.0081 79.3452 79.635 79.7663 77.9468 76.5928 75.3603 81.4187 81.7436 81.0611 80.8646 80.2417 78.9109 76.4942 74.2052 81.6562 82.4348 81.9689 81.5677 81.0871 79.8532 77.1667 74.8091 81.907 82.8467 83.2415 82.2275 81.5648 79.9516 78.2818 75.96 81.6774 82.2685 83.0479 82.9715 82.0004 80.9549 79.0791 77.3121 81.8388 82.0569 82.9107 82.7671 82.3507 81.7896 80.6388 79.1033 
189.206 190.137 190.779 191.802 191.444 191.402 193.813 194.557 205.617 206.746 209.061 208.623 207.165 208.725 211.257 211.638 206.756 207.353 208.504 209.303 208.619 212.979 212.888 212.308 207.41 206.407 206.343 208.143 209.328 211.444 209.549 208.99 206.19 204.875 205.181 206.887 208.937 209.966 208.533 206.797 206.053 207.378 205.289 208.639 209.377 209.952 207.648 207.758 204.964 205.987 212.312 211.369 210.923 209.899 210.21 208.608 204.654 201.777 207.631 208.7 211.045 211.912 210.856 208.832 
211.316 212.354 212.571 213.603 212.329 213.673 214.654 215.092 212.769 213.727 215.258 215.539 214.867 215.341 216.936 217.559 213.347 213.856 215.411 215.55 215.457 218.805 218.409 218.467 213.316 213.271 214.137 214.864 215.742 217.387 216.079 216.865 212.766 212.426 213.507 214.858 215.94 216.364 215.412 215.166 212.401 213.549 213.514 215.658 216.313 216.731 215.547 215.788 212.324 213.6 216.986 217.095 216.665 216.517 216.98 216.265 212.622 211.628 214.404 215.017 216.11 217.207 217.302 216.128 
213.288 213.919 214.396 214.544 214.651 215.326 215.301 215.635 213.62 214.213 214.665 214.482 214.608 215.608 216.428 216.327 213.622 213.919 214.417 214.926 215.207 216.627 216.614 216.842 213.445 213.582 213.959 214.8 215.414 216.148 216.177 216.598 213.334 213.552 214.594 214.957 215.115 215.409 215.868 216.499 213.142 214.228 214.786 215.029 215.294 215.66 215.989 216.316 213.694 214.123 215.613 215.348 215.033 215.221 216.549 216.296 214.388 213.517 214.166 214.486 214.992 215.476 216.29 216.269 
220.152 220.562 220.27 219.462 218.913 219.588 220.112 219.85 219.593 220.534 221.004 220.348 220.268 220.01 220.059 220.274 220.082 221.373 222.166 221.767 221.154 220.613 221.206 221.849 221.132 222.281 222.184 221.599 220.438 219.747 220.696 221.509 221.323 221.629 221.525 219.43 218.298 218.2 218.614 218.845 220.827 220.248 220.421 218.529 217.617 217.59 218.018 218.634 219.937 219.457 219.134 218.533 217.885 218.274 218.403 219.354 220.791 219.567 218.848 219.318 219.786 219.291 219.435 220.032 
229.563 230.378 229.175 225.829 227.293 227.077 226.4 228.917 226.778 229.635 229.505 228.761 228.269 227.904 227.674 229.855 231.57 228.676 231.89 232.684 232.345 228.945 232.026 232.363 230.855 230.564 230.088 231.092 231.442 229.56 228.784 229.372 229.909 232.067 230.244 228.004 228.035 228.037 226.625 226.071 230.075 230.493 228.499 226.233 226.449 227.888 226.882 225.209 227.948 228.157 226.227 225.263 224.893 226.341 227.671 225.914 229.076 227.034 226.628 226.601 225.982 225.492 227.739 228.056 
247.611 249.673 250.066 249.614 245.066 243.772 242.993 245.795 243.025 248.542 246.236 250.156 247.234 244.836 240.75 245.776 242.704 248.513 246.508 250.124 245.766 244.983 240.732 242.87 245.688 248.993 246.728 249.3 244.567 242.978 239.752 240.017 248.147 246.865 241.698 241.661 245.41 244.735 241.436 238.188 251.143 246.29 246.586 240.415 240.147 243.123 246.141 238.543 250.105 246.585 243.393 243.296 237.584 245.689 245.834 236.135 249.801 242.742 239.828 242.682 241.305 245.681 245.701 239.289 
253.702 253.47 253.613 253.707 252.982 252.892 252.625 251.915 253.285 253.355 253.469 253.563 253.284 252.801 252.789 252.053 253.115 253.029 253.179 253.41 253.208 252.768 252.242 252.008 253.114 253.037 253.545 253.548 253.392 252.728 252.078 251.766 252.921 253.401 253.906 253.739 253.622 252.493 251.775 251.552 253.574 254.131 254.164 253.816 253.53 252.431 252.076 251.328 253.508 253.991 254.058 253.602 253.294 252.432 252.001 251.522 212.23 214.129 213.993 213.288 213.342 212.699 212.114 211.225 
4.18532 4.01839 3.86829 3.75003 3.66695 3.61392 3.66726 3.67283 4.10884 3.93633 3.86177 3.72673 3.63749 3.61234 3.58236 3.62818 4.0673 3.94088 3.86862 3.80306 3.67533 3.60898 3.5592 3.55607 4.06296 3.98943 3.84552 3.74722 3.69293 3.6381 3.58821 3.56984 4.13075 4.01847 3.9073 3.76737 3.67879 3.65103 3.63023 3.58579 4.30134 4.20636 4.06703 3.97772 3.86052 3.78916 3.79272 3.7469 4.38607 4.25065 4.16109 4.04856 3.92342 3.81342 3.82979 3.8451 4.46544 4.30582 4.21318 4.17634 4.00362 3.9526 4.08993 4.04341 
17.6835 17.3274 16.9498 16.8899 16.8971 16.9096 16.8709 16.7575 17.6315 17.1233 16.9034 16.671 16.6871 16.8225 16.594 16.8232 17.5447 17.1169 16.8897 16.7755 16.5267 16.6265 16.4884 16.5932 17.6995 17.2673 17.0032 16.8148 16.748 16.5041 16.7744 16.7395 17.7168 17.3795 17.2008 17.0016 16.9066 16.9354 16.8451 17.0024 18.3171 17.9831 17.5803 17.3673 17.3659 17.4295 17.5897 17.3426 18.7109 18.1429 17.8632 17.8282 17.7002 17.8249 17.7492 17.7645 18.9623 18.5701 18.271 18.3927 18.1556 18.0512 18.0231 17.9492 
30.6031 30.7136 30.9806 31.1071 31.2835 31.2834 31.2498 31.2325 31.0071 31.0722 31.256 31.326 31.4618 31.5333 31.4373 31.4881 31.2309 31.3007 31.3862 31.6081 31.8848 31.9676 32.0395 31.9459 31.3831 31.5789 31.6583 31.8193 32.0679 32.1825 32.2683 32.1753 31.2164 31.5622 31.6883 31.9872 32.1458 32.2927 32.475 32.3957 31.3526 31.6187 31.9465 32.3002 32.5876 32.7337 32.7699 32.8336 31.971 31.9102 32.0475 32.5641 32.9399 33.1876 32.9882 33.0456 32.3446 32.5096 32.6585 32.9029 33.0933 33.1984 33.3911 33.2104 
44.1144 44.2767 44.44 44.4634 44.6104 44.6643 44.5861 44.7772 43.9047 43.9527 44.1386 44.1204 44.2244 44.2131 44.1171 44.2713 43.6823 43.6932 43.7766 43.8174 43.9923 43.9936 43.9866 44.1444 43.3946 43.5437 43.5524 43.4753 43.6893 43.6844 43.695 43.8033 42.978 43.2104 43.3301 43.2998 43.3318 43.3908 43.5474 43.6791 42.8398 43.0569 43.2203 43.3474 43.4151 43.4447 43.5125 43.6909 43.0792 43.0761 43.0473 43.3327 43.4635 43.5929 43.4899 43.617 43.0396 43.1911 43.3647 43.3256 43.4867 43.5876 43.7013 43.5592 
61.1271 59.9551 57.7647 55.9254 54.8609 53.8502 53.2958 52.4565 60.0577 59.4386 57.5781 55.6373 54.3871 53.7258 53.0039 52.4055 60.5585 59.0737 57.0748 55.0717 53.8696 53.1903 52.3638 52.0674 60.4309 59.6732 57.2255 54.8043 53.6765 52.6212 50.6821 50.3687 60.2285 59.5812 57.7359 54.9812 53.1914 52.8213 51.4121 51.092 61.106 59.2836 57.6077 55.3273 53.8537 52.912 52.4826 51.6651 61.0867 59.4384 57.1926 54.8202 53.4973 52.7679 52.1546 51.8263 60.4094 59.2314 57.3811 55.2791 53.9264 52.8555 52.2922 52.0214 
74.4134 73.987 71.1541 70.0823 68.2973 67.3341 66.5926 65.612 74.1202 72.2721 71.1904 70.7598 69.6495 67.0138 66.3224 65.2014 73.2452 72.2309 71.4004 69.9489 69.7578 68.4073 66.9724 65.4888 74.1251 73.9854 73.0274 71.0721 70.3115 68.9166 66.4856 64.4614 74.4537 74.6786 73.869 71.7873 71.0616 69.8779 67.0346 64.5932 74.7255 74.9868 75.1122 72.3151 71.4697 69.8417 68.0888 65.7369 74.3242 74.4343 74.4533 73.0522 72.0233 70.7849 68.9132 67.1305 74.3496 74.1201 74.4134 72.9043 72.4151 71.6758 70.4276 68.8272 
162.552 155.966 143.496 133.197 124.02 105.573 88.0132 79.5582 164.452 153.678 143.923 134.574 124.259 108.919 93.3853 77.4501 164.907 155.411 143.694 136.494 128.145 107.88 96.9783 82.5009 165.668 155.465 145.992 136.715 130.773 112.648 95.2332 85.3582 165.436 156.671 146.76 139.117 127.982 114.825 99.8614 85.3221 165.874 156.205 148.091 139.395 132.283 111.35 102.663 89.6589 166.682 159.891 148.553 140.473 131.642 116.411 98.9213 90.7255 168.223 160.912 152.451 140.093 132.241 115.255 101.392 89.1595 
191.326 190.143 186.615 185.354 182.928 180.699 178.871 174.708 192.93 191.837 189.08 187.45 185.059 181.982 180.077 176.028 193.265 191.829 190.195 187.781 185.283 182.741 180.251 176.561 193.076 192.003 189.813 188.02 185.798 183.051 180.319 176.14 191.763 191.676 189.912 188.137 186.273 183.964 181.674 177.01 191.07 191.001 190.527 188.823 186.404 185.393 183.142 178.366 190.693 190.855 190.313 188.71 186.482 185.693 183.051 178.865 191.261 191.076 190.141 188.141 186.895 185.82 183.546 179.253 
216.804 217.607 217.7 218.587 217.591 217.219 217.541 217.557 217.61 218.153 219.038 219.111 217.982 218.13 218.347 218.675 218.653 218.284 219.027 218.847 218.371 219.826 218.639 218.296 218.285 217.674 217.95 218.275 218.731 219.467 217.714 217.15 217.794 217.52 217.88 217.941 218.831 219.073 218.09 217.054 218.086 218.2 217.546 218.784 219.329 219.438 218.266 217.694 217.598 218.252 220.24 219.789 219.273 219.259 218.755 217.698 217.619 217.269 219.195 218.988 219.656 220.018 218.798 217.659 
221.296 221.965 221.499 222.275 221.702 222.449 221.746 221.807 221.128 221.305 221.403 222.175 222.184 222.495 221.767 222.068 221.748 221.482 222.152 222.272 222.243 222.969 222.168 222.253 221.813 221.824 222.51 222.171 222.344 222.357 222.097 222.781 222.41 222.649 222.568 222.231 222.454 222.234 222.618 223.095 222.493 222.643 222.801 222.511 223.112 222.935 223.274 223.234 222.684 222.871 222.886 222.89 222.762 222.968 223.333 223.521 222.995 223.046 222.949 222.536 222.448 222.994 223.12 223.543 
229.497 230.791 229.685 228.133 229.919 230.126 228.597 231.328 227.373 229.675 229.146 229.76 229.654 230.372 230.014 232.58 231.604 229.525 231.058 231.87 232.051 230.24 232.589 233.441 230.919 230.317 230.296 230.883 232.04 231.296 231.578 232.076 230.573 232.419 230.561 229.418 230.771 230.998 231.261 231.605 230.215 231.463 229.971 229.131 230.61 231.846 231.717 230.842 229.315 229.713 228.605 228.77 229.131 230.897 232.454 231.619 230.644 228.329 228.838 229.658 229.503 229.983 232.428 233.284 
244.282 246.293 246.413 245.656 243.095 242.394 240.819 244.024 240.675 245.559 243.507 246.879 245.19 243.396 239.46 244.553 241.773 245.87 244.203 247.105 244.212 243.257 240.429 242.617 243.84 246.318 243.611 245.974 242.923 242.011 239.528 239.903 245.031 245.068 239.773 239.612 243.224 243.487 241.049 238.794 246.941 243.601 243.311 238.888 239.34 242.796 245.332 238.626 246.529 244.042 240.766 240.715 236.604 244.183 245.43 237.337 246.366 240.043 237.705 240.452 239.365 243.967 245.066 240.449 
249.775 251.387 251.645 251.282 247.734 246.437 244.734 248.19 245.348 250.517 247.955 252.074 249.443 247.127 242.997 248.191 245.835 250.459 248.546 252.082 248.149 247.113 243.078 245.435 248.307 250.827 248.124 250.96 247.036 245.512 242.306 242.756 249.868 249.409 244.317 244.353 247.94 247.495 244.722 241.984 252.31 248.694 248.589 243.183 243.683 246.91 249.759 241.858 251.793 249.239 245.51 245.873 240.896 248.85 249.822 240.304 251.471 244.945 242.529 245.217 243.784 248.286 249.128 243.425 
254.271 254.885 255.153 255.07 253.237 253.365 252.751 252.751 252.791 254.695 250.231 255.326 254.523 253.665 249.846 253.305 252.645 254.842 252.024 254.282 253.64 252.126 249.531 252.632 253.73 254.43 251.765 254.908 253.519 253.136 250.886 251.933 250.346 252.218 251.774 252.527 253.956 253.695 252.745 251.918 255.38 253.868 254.189 252.401 252.345 253.423 254.665 251.928 255.255 254.281 253.162 253.402 249.911 254.445 254.768 251.16 255.047 252.672 251.789 253 252.304 254.478 254.074 252.288 
0.796508 0.673254 0.51263 0.452055 0.450184 0.447914 0.508024 0.569206 0.703052 0.532206 0.465423 0.35486 0.33689 0.355275 0.354107 0.446817 0.599123 0.475731 0.396994 0.351904 0.281388 0.280962 0.288032 0.347023 0.530801 0.426346 0.345817 0.265634 0.237894 0.210411 0.23086 0.291139 0.511633 0.385132 0.321455 0.265803 0.217344 0.218098 0.230248 0.284063 0.659111 0.535789 0.441083 0.394814 0.353323 0.351693 0.369648 0.420058 0.683358 0.573677 0.480395 0.40609 0.357804 0.368068 0.37425 0.43612 0.668054 0.566854 0.497698 0.422798 0.371771 0.373792 0.577972 0.557101 
1.53585 1.53135 1.51365 1.51379 1.50773 1.48835 1.53348 1.57145 1.55121 1.5084 1.49148 1.46576 1.46168 1.49107 1.49635 1.58903 1.53901 1.52307 1.50459 1.49757 1.49296 1.49997 1.50183 1.55002 1.56052 1.54394 1.52741 1.50184 1.49962 1.52095 1.53687 1.59683 1.569 1.54911 1.53766 1.50646 1.50585 1.53866 1.57062 1.58187 1.56497 1.57515 1.56381 1.55474 1.54307 1.56048 1.60316 1.62904 1.64095 1.59874 1.59637 1.59661 1.59033 1.60379 1.61751 1.65494 1.70073 1.66992 1.6331 1.65527 1.62655 1.63415 1.84799 1.81008 
15.0291 15.1047 15.2117 15.2451 15.3887 15.5461 15.4715 15.5203 14.7333 14.5658 14.7129 14.7234 14.8367 14.8965 14.7914 14.9071 14.2238 14.1982 14.1686 14.3436 14.5142 14.519 14.4924 14.6055 13.7964 13.8289 13.875 13.9178 14.0997 14.154 14.1575 14.1811 13.2428 13.422 13.5015 13.6776 13.7082 13.8268 13.9538 14.0062 13.0078 13.0972 13.3008 13.4945 13.6915 13.6999 13.7541 13.9487 13.1298 13.0168 13.0519 13.3547 13.5327 13.6986 13.5643 13.6886 13.0476 13.0866 13.1746 13.2143 13.3886 13.4422 13.5339 13.4832 
41.6584 40.9211 39.4227 38.2102 37.475 37.3299 37.0069 36.3568 40.1785 39.0068 37.4592 36.2325 35.6482 35.2406 35.0565 34.4021 38.9781 37.7033 35.5884 34.2604 33.9497 33.461 33.1916 32.713 37.5383 36.6079 34.4492 32.731 32.2433 32.0647 31.7016 31.277 36.1011 35.2534 33.4385 31.5499 30.8895 30.8332 30.8206 30.4354 35.5941 34.0021 32.3592 30.8062 30.3264 30.1529 30.1446 29.7102 34.9745 33.7039 31.4359 30.1062 29.8056 29.7597 29.5673 29.2142 34.3681 33.3125 31.5098 29.5283 29.3021 29.242 29.132 28.6371 
63.0964 62.159 56.5705 52.4086 51.1828 49.6519 48.2912 46.484 60.9906 59.9572 55.1005 49.7182 48.5858 47.3669 46.0715 44.416 61.0006 58.8187 55.9575 47.9572 46.3498 45.3126 44.1674 42.8069 59.627 58.6363 54.1527 46.6873 44.906 44.094 42.6922 41.5554 57.6438 56.4079 53.1915 45.1984 43.3674 42.7255 41.7676 40.7522 56.4167 54.4665 51.3554 44.2365 42.2857 41.2383 40.819 39.8726 54.8761 53.5645 47.8274 43.0347 41.854 40.0978 39.7674 38.9671 53.6121 52.3844 47.2956 42.1427 41.2583 40.33 39.296 38.6824 
139.599 132.478 117.408 105.427 95.7214 76.4892 58.471 50.9575 141.531 130.035 117.391 105.608 95.0601 79.0393 63.2946 48.3553 141.936 131.804 118.539 106.502 97.4471 76.8665 65.9048 51.9876 142.368 131.339 120.678 105.771 99.1568 80.3877 63.3415 54.403 142.379 132.157 120.132 107.54 95.7363 81.4954 66.6005 53.5608 142.705 131.047 119.613 106.125 99.4851 77.1358 68.3198 56.6189 142.89 134.261 119.137 107.02 98.4337 81.7682 64.6884 57.2928 143.74 134.707 123.042 107.067 98.2801 80.1934 66.7732 55.4409 
181.382 173.607 156.602 143.297 132.019 110.381 89.612 77.4664 183.188 170.689 156.826 144.336 131.964 113.308 94.9029 74.7604 183.392 172.434 158.647 146.289 135.388 111.837 98.5259 80.0186 184.175 172.368 161.208 146.294 138.106 116.61 96.5143 82.9606 183.534 173.517 161.349 148.512 134.747 118.793 101.281 82.8419 183.033 172.19 162.055 147.577 138.77 114.678 103.976 87.1373 183.149 175.143 160.781 148.381 137.447 120.081 99.9401 88.2592 184.622 175.552 164.22 147.47 137.846 118.753 102.639 86.54 
208.495 203.137 194.106 185.826 178.103 161.198 146.382 138.145 210.709 202.018 194.68 186.904 178.252 164.141 151.042 136.94 211.404 203.869 194.628 188.27 181.12 163.374 153.849 140.447 211.64 203.682 196.521 188.639 183.179 167.202 152.561 142.841 212.351 205.161 197.264 190.441 181.147 168.599 155.724 142.6 213.13 204.65 196.808 189.733 184.49 165.445 157.181 145.347 214.127 207.697 197.562 190.715 183.687 169.434 153.886 145.757 214.968 208.624 200.97 191.223 184.207 168.396 155.679 144.056 
223.306 223.073 222.272 222.587 221.689 220.931 219.562 217.185 223.452 223.136 222.912 222.899 221.806 220.563 219.468 217.44 224.08 223.455 223.654 222.922 221.664 220.965 219.825 217.343 224.228 224.174 224.07 222.928 221.928 221.124 219.907 217.506 225.015 225.064 224.052 222.796 222.315 221.785 220.563 217.892 224.998 224.649 223.596 223.016 223.031 222.87 221.01 218.214 224.98 224.605 224.153 223.559 223.264 222.827 220.549 218.164 224.555 224.739 224.48 223.565 222.934 222.64 220.391 217.965 
227.228 227.569 227.152 227.842 228.275 227.962 226.735 226.476 226.343 226.573 226.745 227.557 227.429 227.437 227.073 227.298 227.429 227.157 227.142 227.396 227.42 227.148 227.174 227.08 227.552 227.681 228.36 227.757 228.162 227.948 228.289 227.549 228.957 229.122 228.554 227.761 228.321 228.468 229.128 228.45 228.676 229.04 228.761 228.701 229.594 229.397 228.787 228.001 229.038 228.942 229.437 229.594 229.754 229.725 228.466 227.932 229.505 229.072 229.794 229.785 229.826 229.448 228.32 228.273 
231.89 232.499 231.735 232.032 233.135 233.667 232.279 232.005 231.101 231.668 231.902 232.594 232.939 233.206 233.038 233.409 232.223 232.688 232.71 232.515 232.338 232.402 233.648 233.756 232.507 233.076 233.613 232.775 233.036 233.588 234.691 234.188 233.986 234.562 233.244 232.72 233.405 234.25 234.986 234.794 232.989 233.813 233.649 234.03 234.664 234.932 234.389 233.942 233.876 233.703 234.489 234.63 235.029 234.925 234.167 234.216 234.482 233.584 234.264 234.797 234.977 234.694 234.192 234.618 
238.833 239.362 238.442 236.581 238.546 238.076 236.363 238.91 237.389 239.08 238.649 239.289 238.955 238.674 238.056 240.886 241.286 239.158 240.697 241.367 241.454 238.853 241.092 242.817 240.295 239.838 239.153 240.315 240.883 239.858 240.123 241.253 239.817 241.87 239.939 239.093 239.464 239.841 239.703 240.281 239.141 240.333 238.787 238.582 239.514 241.008 240.575 239.032 238.976 239.13 238.079 237.291 237.984 240.205 241.496 239.833 239.739 238.024 238.432 238.18 237.983 238.853 241.495 241.951 
252.24 252.657 253.096 252.822 251.355 251.756 251.07 250.797 251.202 252.815 249.113 253.237 252.956 252.085 248.551 251.391 251.173 253.371 250.922 252.243 251.97 250.589 248.227 251.19 252.163 252.931 250.439 252.931 251.584 251.405 249.582 250.564 249.123 250.974 250.558 251.009 251.696 251.872 251.299 250.482 253.353 252.001 252.185 251.076 250.766 251.715 253.033 250.257 253.39 252.729 251.678 251.887 248.491 252.234 252.922 249.821 253.241 251.473 250.495 251.476 250.747 252.38 252.272 251.025 
254.973 254.833 255.013 254.87 254.43 255.006 254.913 253.764 255.068 254.946 251.412 255.021 255.218 255.086 252.834 254.177 255.185 255.283 253.445 254.231 254.888 253.607 252.518 254.975 255.348 254.795 253.385 255.224 255.081 255.098 254.003 255.049 251.161 253.395 255.024 255.318 255.068 255.089 255.262 255.25 255.282 255.35 255.296 255.434 255.278 255.118 255.337 255.232 255.26 255.266 255.315 255.518 253.946 255.167 255.426 255.432 255.224 255.357 255.397 255.335 255.286 255.147 254.563 255.444 
