2717000
115.662 115.979 115.939 115.987 116.051 116.457 116.783 116.784 115.978 115.838 115.973 116.002 116.328 116.794 117.043 117.213 116.086 116.139 116.133 116.392 116.681 116.928 117.04 117.262 116.097 116.38 116.354 116.446 116.631 116.879 116.947 117.161 116.242 116.133 116.308 116.605 116.851 116.927 117.063 117.212 116.277 116.21 116.149 116.553 117.026 117.166 117.174 117.225 116.664 116.482 116.315 116.581 116.821 117.058 116.974 117.073 116.613 116.527 116.642 116.745 116.908 117.027 117.023 116.919 
120.478 121.428 122.302 121.596 120.027 116.88 116.903 116.701 121.531 122.031 121.67 120.838 120.851 116.581 117.837 117.756 121.261 121.91 121.371 120.168 120.574 117.221 118.926 119.375 120.644 121.4 120.998 120.295 120.748 118.389 119.214 119.807 121.228 120.594 120.818 121.098 121.042 119.617 119.312 119.499 121.919 121.671 121.16 122.147 122.515 120.547 119.167 119.081 122.882 122.43 120.33 120.401 121.997 119.497 119.199 119.11 121.556 121.485 120.823 120.159 121.657 118.824 118.624 118.859 
154.582 154.224 153.458 152.599 152.498 148.602 147.356 147.266 154.959 154.198 153.429 153.083 152.807 149.019 148.169 148.15 155.295 154.518 153.416 153.189 152.322 149.291 148.345 147.688 155.118 154.874 154.31 153.524 153.059 149.401 148.763 147.82 154.63 154.712 153.885 154.122 153.32 148.69 148.761 148.762 154.963 154.773 153.492 153.655 153.229 149.143 148.939 148.69 155.287 154.772 153.792 153.255 153.075 149.296 149.228 148.477 153.457 153.002 152.321 152.311 151.598 147.555 147.103 147.78 
182.143 182.265 181.054 180.423 179.516 176.696 175.785 174.747 182.544 183.079 182.386 180.579 179.381 175.967 175.247 174.14 182.736 182.958 182.247 180.817 178.312 175.769 175.519 175.15 182.304 181.9 181.644 181.262 179.949 177.358 177.326 175.449 182.353 182.112 180.894 181.555 180.394 177.754 177.781 175.556 182.609 182.269 181.257 180.67 180.246 177.752 177.88 174.426 182.804 182.73 182.658 181.179 180.622 178.483 177.822 176.127 180.835 179.715 180.833 179.783 179.439 177.029 177.018 175.446 
227.738 227.807 227.603 227.308 226.321 226.119 225.439 224.924 228.108 228.765 226.397 228.002 228.016 226.815 224.88 225.801 228.064 228.807 227.202 227.479 227.093 226.264 224.783 226.17 228.856 228.809 227.339 228.146 227.331 226.755 225.705 225.809 227.598 228.22 227.685 227.619 227.5 226.802 226.415 226.019 229.445 228.716 228.034 227.376 227.377 227.026 227.33 225.85 229.477 228.848 227.97 227.922 226.238 227.112 227.308 225.865 229.352 228.177 227.992 228.471 227.575 227.406 227.303 226.149 
241.983 242.328 242.528 242.583 241.753 241.457 240.313 239.966 241.726 242.603 240.79 243.265 243.457 242.547 239.397 240.613 241.967 243.088 242.068 242.968 242.854 241.487 239.404 240.641 242.5 243.602 242.248 243.08 242.432 241.661 240.386 240.542 240.94 242.912 242.512 242.078 242.037 241.78 241.17 240.66 243.555 242.995 242.775 242.451 242.315 242.168 242.606 240.501 243.503 243.479 242.711 242.955 240.883 242.169 242.489 240.894 237.837 236.961 236.734 237.098 236.663 236.932 236.618 236.049 
99.8967 101 102.154 102.038 100.54 99.7353 99.9332 99.8764 100.801 101.664 101.586 101.316 101.394 99.8431 100.892 100.377 100.957 101.662 100.905 99.964 100.61 100.205 102.066 101.875 100.632 101.019 100.477 99.9959 100.749 101.118 102.247 102.776 100.914 99.9672 100.174 100.8 101.381 102.61 102.166 101.737 101.362 101.025 100.473 101.504 102.322 103.404 102.038 100.976 102.318 101.904 99.9102 100.152 102.096 102.193 101.452 100.989 101.925 101.765 100.958 100.464 101.916 101.525 101.131 101.113 
107.124 107.944 108.805 107.945 106.078 104.246 104.121 103.897 107.633 108.074 107.855 106.737 106.346 103.507 104.535 104.338 107.176 107.883 107.085 105.47 105.829 103.935 105.486 106.017 106.599 107.205 106.466 105.314 105.79 105.14 106.182 106.832 106.535 105.905 105.864 106.162 106.086 106.591 106.244 106.23 107.147 106.636 106.036 107.199 107.399 107.104 105.883 105.87 107.901 107.27 105.227 105.355 106.998 106.074 105.792 105.645 106.923 106.731 105.97 105.526 107.079 105.908 105.649 105.834 
134.179 134.782 134.892 133.678 131.934 127.663 127.203 126.677 134.73 135.361 134.675 132.613 131.782 126.625 127.224 126.334 134.535 135.237 134.112 131.777 130.708 126.873 128.284 127.953 133.595 133.834 132.997 131.897 131.62 128.279 129.109 128.749 133.661 132.822 132.236 132.783 132.039 129.686 129.359 128.557 134.465 133.781 132.689 133.273 132.955 130.228 129.072 127.554 135.118 134.532 132.167 131.534 132.654 129.497 129.098 128.067 133.307 132.627 132.01 130.859 132.042 128.484 128.248 128.076 
169.499 167.577 167.513 166.818 165.442 165.208 163.602 161.895 168.007 169.397 168.788 166.81 164.939 163.352 161.218 160.084 168.47 168.544 167.343 165.91 163.284 161.414 159.938 160.627 168.875 168.359 166.936 165.517 164.149 163.16 162.114 161.511 169.628 169.168 166.036 165.477 165.874 164.554 163.461 160.832 167.848 168.804 167.094 164.026 163.335 163.1 162.622 160.696 166.062 164.931 165.083 164.773 163.318 163.09 163.008 160.985 166.143 164.82 165.31 164.629 162.759 161.348 161.072 159.661 
203.048 203.492 202.899 202.98 202.414 202.107 201.548 201.222 206.567 206.585 206.287 205.654 205.194 205.189 204.19 203.451 206.418 206.354 206.43 205.781 204.66 204.689 204.159 203.762 206.164 206.341 206.374 205.854 205.384 204.933 204.797 204.251 206.354 206.464 206.118 205.973 205.677 205.314 205.127 204.382 206.453 206.176 205.84 205.71 205.833 205.5 205.366 203.868 206.424 206.393 206.313 206.234 205.834 205.499 205.154 204.173 200.321 200.02 200.627 200.265 200.044 199.71 199.465 198.465 
224.485 224.489 224.713 224.915 224.544 224.101 223.631 223.564 225.094 225.349 224.148 225.293 225.503 225.118 223.141 224.117 225.181 225.798 225.208 225.315 225.025 224.819 223.581 224.404 225.508 226.159 225.621 225.63 225.279 224.862 224.191 224.388 224.711 225.839 225.974 225.575 225.475 225.135 224.992 224.766 226.107 226.007 225.815 225.542 225.398 225.433 225.786 224.538 226.032 226.006 225.765 226.109 224.839 225.179 225.618 224.835 221.796 221.752 221.778 221.947 221.395 221.194 221.62 221.117 
85.4417 85.7984 86.2038 86.6715 86.1137 85.9492 85.9258 85.8809 85.9929 86.1867 86.5203 87.1307 86.6861 86.9494 86.4858 86.0654 86.707 86.8358 86.3515 86.1325 86.3473 87.0863 87.0878 86.2118 87.0758 86.9083 86.5579 86.0713 86.207 86.9142 87.0084 86.863 86.7053 86.3507 85.9755 86.0584 86.6756 87.3646 86.7512 85.6423 86.3793 85.9551 85.642 85.4932 86.1439 87.2829 86.9614 84.7882 86.7083 86.5622 86.0681 86.0984 86.7444 86.9124 85.767 84.9153 86.7379 86.7729 86.2149 86.0897 85.9617 86.1088 85.4822 84.914 
94.8074 95.3222 96.1043 95.6165 93.8698 92.8689 92.8003 92.6929 95.59 96.0247 95.6535 94.9094 94.402 92.7849 93.4753 92.9844 95.6135 95.9788 94.9156 93.4487 93.7517 93.0441 94.5041 94.281 95.4282 95.3931 94.4889 93.5258 93.8754 93.8998 94.67 95.1589 95.4378 94.4643 94.2079 94.1119 94.3056 95.2336 94.6433 94.1142 95.748 95.0638 94.3582 94.815 95.1307 95.7723 94.4304 93.4758 96.2938 95.7092 93.6836 93.5919 95.0684 94.7708 93.9913 93.4581 95.7917 95.459 94.4829 93.6662 94.7976 94.209 93.7308 93.5435 
129.598 127.438 127.628 126.837 125.186 124.285 122.766 121.294 127.586 128.585 128.344 126.599 124.332 122.346 120.081 119.479 128.06 128.058 127.06 125.537 123.53 120.708 119.143 119.837 128.567 128.33 126.711 124.7 123.434 122.149 120.782 120.765 129.054 128.875 125.567 124.196 124.561 123.317 121.777 119.659 127.229 127.886 126.364 123.293 122.197 121.609 121.019 119.923 125.47 124.245 123.883 123.565 122.143 121.556 121.5 120.099 125.675 124.233 124.221 123.23 121.695 120.013 119.421 118.922 
147.781 146.094 146.632 145.825 144.419 144.903 143.59 141.662 146.638 148.236 148.272 146.378 144.463 143.724 141.24 140.059 147.417 147.83 146.969 145.38 143.358 141.901 140.047 140.61 148.005 148.145 146.463 144.627 143.805 143.881 142.263 142.009 148.42 148.621 145.509 144.161 144.934 145.326 143.805 140.555 146.189 147.201 146.248 143.223 142.445 142.704 141.639 139.358 144.231 143.107 143.407 143.764 142.331 142.421 142.072 140.119 144.596 143.184 143.777 143.148 142.035 141.14 140.348 139.559 
166.405 164.759 165.459 165.341 164.371 164.795 163.921 162.768 167.495 168.785 168.585 167.41 166.175 165.66 164.03 163.711 167.782 168.028 167.419 166.781 165.18 164.052 163.013 164.09 168.415 168.194 167.133 166.264 165.616 165.346 164.526 164.857 169.232 169.089 166.849 166.14 166.911 166.528 165.727 164.086 167.375 168.703 167.824 165.009 164.501 165.133 164.982 164.058 165.654 165.061 165.555 165.658 164.449 164.882 165.273 164.007 166.114 165.242 166.169 165.66 164.192 163.374 163.477 162.532 
187.359 187.12 187.173 187.581 187.548 187.583 187.363 187.349 191.384 191.027 191.337 191.5 191.357 191.834 191.365 191.64 191.418 191.344 191.677 191.722 191.508 191.966 191.708 191.123 191.003 191.595 192.14 191.578 191.783 192.002 192.055 191.964 190.957 191.706 192.333 192.032 192.186 192.258 192.237 192.089 191.238 191.246 192.317 192.451 192.276 192.662 192.709 192.297 191.55 191.742 192.736 193.127 192.546 192.638 192.894 193.069 185.035 185.208 185.953 185.924 186.007 185.988 186.128 186.262 
39.8436 39.8757 39.9002 40.1377 40.0093 40.0768 40.0988 40.0889 40.1658 40.1729 40.1385 40.3647 40.2351 40.6019 40.4424 40.2193 40.5476 40.4013 40.0368 40.0547 40.1401 40.61 40.6568 40.1674 40.746 40.4711 40.2143 40.1129 40.2075 40.5106 40.53 40.5084 40.7388 40.4148 40.2203 40.1655 40.4032 40.688 40.4997 40.0189 40.7024 40.5866 40.2756 40.0376 40.2714 40.8365 40.6972 39.7535 40.8449 40.8487 40.5141 40.3329 40.5379 40.7159 40.2972 39.8472 41.0047 41.0132 40.6485 40.4294 40.2911 40.4214 40.2851 39.8747 
76.8819 76.8116 76.6665 76.5563 76.1499 75.5868 75.6164 75.5306 77.0873 76.9049 76.9097 76.5672 75.8737 75.4472 75.4787 75.571 77.0485 77.2751 77.0009 76.4319 76.2189 75.743 75.6944 75.8416 77.3378 77.4986 77.0473 76.2058 76.1045 76.0196 75.8086 75.8447 76.9771 76.9863 76.5937 76.1045 75.7287 75.9491 75.6305 75.4963 76.8586 76.5667 76.4085 76.0309 75.7701 75.5344 75.5182 75.2984 77.177 76.903 76.5687 76.1658 75.8781 75.7126 75.5765 75.3924 76.9768 76.8179 76.5009 76.1473 76.021 75.9455 75.7971 75.4819 
99.7809 99.8894 100.063 99.6904 99.6897 99.6892 99.396 99.0457 100.21 99.9661 99.8841 99.8459 99.7647 100.051 99.0874 98.8469 100.845 100.797 100.502 99.8711 100.425 100.71 99.637 99.6821 101.444 101.801 101.139 100.114 100.573 101.377 100.415 100.322 100.971 101.264 101.144 100.035 100.281 101.67 101.058 99.6698 100.854 100.418 100.718 100.398 100.31 100.04 98.8968 98.1636 100.773 100.235 100.048 100.757 100.385 99.6975 99.2063 98.6274 100.346 100.102 100.003 100.342 100.878 100.424 99.7063 99.8783 
136.105 134.683 135.511 135.253 134.206 134.782 133.369 131.8 135.619 137.242 137.551 136.54 135.149 134.503 132.142 131.525 136.458 136.79 136.373 135.615 134.31 132.952 131.173 132.161 137.111 137.46 136.195 134.768 134.07 134.486 132.987 133.112 137.747 138.113 135.369 134.209 135.165 135.737 134.211 131.632 135.449 136.902 136.357 133.391 132.773 133.232 132.253 130.812 133.475 132.508 133.078 133.573 132.414 132.702 132.738 131.157 133.685 132.859 133.615 133.314 132.371 131.371 130.825 130.553 
138.233 138.376 138.487 138.258 138.49 138.954 138.797 138.3 142.818 142.645 143.018 142.978 143.094 143.606 143.304 143.239 142.987 143.26 143.282 143.196 143.762 144.347 143.513 143.345 143.153 143.863 143.625 143.084 143.892 144.97 144.251 144.336 142.758 143.247 143.799 143.334 143.704 145.217 144.766 143.679 142.876 142.547 143.664 143.697 143.568 143.681 142.858 142.127 143.114 142.727 143.432 144.471 143.931 143.559 143.231 142.725 142.926 143 143.667 144.425 144.988 144.508 143.68 143.939 
155.286 154.81 154.739 154.712 154.932 155.283 155.743 155.837 158.734 158.651 158.468 158.36 158.45 159.134 159.792 160.452 158.595 158.877 158.509 158.585 159.002 159.838 160.213 160.281 158.566 158.682 158.84 158.78 159.109 159.968 160.474 160.749 158.35 158.418 159.105 159.369 159.731 160.207 160.369 160.601 158.984 158.699 159.679 159.555 159.568 160.25 160.557 160.659 159.41 159.304 160.247 160.49 160.129 160.46 161.077 161.286 159.644 159.575 160.665 160.981 161.015 160.798 161.089 161.272 
10.6268 10.6475 10.4035 10.4018 10.4875 10.5903 10.7663 10.6673 10.4626 10.3996 10.3083 10.2564 10.3187 10.3866 10.4371 10.4869 10.3133 10.2733 10.1502 10.1904 10.1905 10.2756 10.2689 10.1831 10.2161 10.1527 10.0553 9.99067 10.087 10.1528 10.1594 10.089 10.1874 10.107 10.0037 9.93304 9.91429 10.0283 10.0405 9.99121 10.3259 10.2165 10.0809 10.039 10.0416 10.0735 10.1778 10.0347 10.4385 10.259 10.1367 10.0787 10.0178 10.0928 10.1213 10.0794 10.5138 10.3658 10.1924 10.1335 10.0375 10.1184 10.2693 10.1378 
46.8733 46.6619 46.2663 46.1354 45.411 45.4276 45.6138 45.7126 46.7228 45.4851 46.1343 46.5322 46.0587 45.3945 45.5713 45.4166 46.1096 45.4991 45.221 45.7355 46.216 45.9626 45.584 45.3051 46.5264 46.3979 46.1459 46.2351 46.4477 46.1159 45.3291 44.8022 46.9321 46.6962 46.5209 46.5112 46.5652 46.2799 45.3347 44.4302 47.1114 47.2334 47.0433 46.5866 46.7362 46.1298 45.3899 44.8305 47.0037 47.1407 47.2569 47.2465 47.1825 46.6494 45.7621 45.3746 47.0929 47.3019 47.4908 47.4535 47.259 47.0206 46.6536 46.1027 
81.4627 81.6027 81.6831 82.1361 82.1874 82.0284 82.0689 82.2702 81.5011 81.5491 81.7776 81.933 81.9691 81.9946 82.1826 82.3393 81.493 81.5693 81.9142 81.8818 81.7689 81.9847 82.2284 82.3879 81.4002 81.3907 81.7363 81.8678 81.4104 81.5607 81.8922 81.8711 81.6129 81.5551 81.4128 81.6843 81.1347 81.1881 81.3178 81.6325 81.4624 81.3898 81.6987 81.5834 81.3417 81.3423 81.4261 81.755 81.543 81.2434 81.3063 81.1781 81.1905 81.4873 81.564 81.5199 81.4165 81.2338 81.516 81.3353 81.3546 81.3565 81.5677 81.4132 
112.67 113.335 113.871 114.104 114.198 114.157 113.7 113.385 112.76 112.89 113.437 113.958 114.106 114.344 113.401 113.373 113.501 113.69 114.136 113.79 114.444 114.979 113.808 114.001 113.756 114.527 114.433 113.835 114.227 115.317 114.466 114.377 113.185 114.037 114.143 113.713 113.903 115.457 114.863 113.5 112.966 112.895 113.95 114.076 113.999 113.831 112.61 111.796 112.893 112.475 112.771 113.919 113.886 113.392 112.869 112.176 112.249 112.502 112.867 113.507 114.601 114.244 113.568 113.931 
128.476 128.508 128.495 128.623 128.591 128.455 128.374 128.751 131.097 131.303 131.047 130.606 131.299 131.913 131.989 131.678 131.491 131.347 131.462 130.974 131.799 132.234 131.699 131.563 131.792 131.731 131.787 132.005 131.804 131.372 131.083 131.073 131.783 132.302 132.825 132.784 131.781 131.487 130.796 131.037 131.809 132.118 132.812 132.391 131.516 132.272 130.82 131.003 131.817 131.457 131.966 131.722 131.892 132.648 131.745 130.899 131.134 131.755 132.465 131.983 132.482 132.321 132.146 131.01 
144.078 143.688 143.498 143.379 143.394 143.797 144.023 143.899 146.071 146.138 146.14 145.992 145.834 146.063 146.716 147.128 145.962 146.122 145.882 145.87 146.151 146.585 146.95 146.896 145.71 145.921 146.059 145.903 146.213 146.945 147.246 147.423 145.791 145.665 145.877 146.139 146.76 147.126 146.977 146.925 146.45 145.913 146.362 146.513 146.826 146.994 146.956 147.053 146.825 146.531 147.222 147.357 147.133 147.169 147.5 147.705 146.975 146.799 147.304 147.424 147.541 147.507 147.521 147.667 
37.7703 37.6235 37.155 36.9168 36.0007 36.1193 36.3695 36.3755 37.5089 36.1283 36.9301 37.3819 36.8548 36.0541 36.1667 35.9856 36.7194 36.0932 35.8401 36.4654 36.9064 36.5858 36.084 35.7069 37.1028 37.0613 36.8454 36.9006 37.018 36.6566 35.7887 35.1148 37.5067 37.3014 37.1356 37.1877 37.1486 36.8048 35.6924 34.6492 37.6616 37.8007 37.5974 37.1685 37.3661 36.6361 35.7783 35.0345 37.4765 37.5967 37.7376 37.8169 37.7932 37.1888 36.1551 35.7345 37.4594 37.6816 37.9991 38.0181 37.8352 37.5721 37.1697 36.6333 
61.2857 61.1925 60.7924 60.5782 59.6391 59.8281 60.1826 60.2387 61.0008 59.6499 60.5833 61.1372 60.6063 59.7255 60.0041 59.8604 60.155 59.6554 59.4286 60.0903 60.6415 60.3278 59.9285 59.5508 60.6259 60.6455 60.4967 60.5704 60.7532 60.3842 59.5772 58.8602 61.1552 60.9647 60.7263 60.8194 60.735 60.4271 59.329 58.3473 61.2529 61.4096 61.2051 60.7266 61.0057 60.2368 59.3801 58.7303 61.1595 61.2281 61.4197 61.5678 61.5309 60.9398 59.852 59.4407 61.1532 61.4311 61.7952 61.8811 61.6254 61.3036 60.8383 60.2274 
68.8947 68.8177 68.5341 68.3618 67.5143 67.6391 67.884 68.0225 68.7806 67.4997 68.3778 68.9556 68.515 67.7659 68.0263 67.7898 68.1119 67.7009 67.4983 68.0626 68.6868 68.4825 68.1165 67.7414 68.7184 68.8843 68.72 68.7811 69.0053 68.6294 67.8521 67.1641 69.26 69.2351 69.0468 69.1389 69.1644 68.8081 67.7418 66.7611 69.367 69.6256 69.5296 69.1425 69.4205 68.7448 67.852 67.2676 69.2112 69.511 69.7529 69.9787 69.9951 69.4645 68.4273 68.0206 69.2856 69.7143 70.115 70.2683 70.1447 69.8654 69.3952 68.8263 
97.6739 97.652 97.8616 98.184 98.052 97.8731 97.7673 97.8597 97.6471 97.7615 97.744 97.5767 98.1863 98.6348 98.7101 98.0791 98.2503 98.1217 98.291 97.7635 98.3383 98.6152 98.17 97.6985 98.6297 98.6302 98.7079 98.7886 98.5077 97.6275 97.3954 97.2011 98.3991 99.1878 99.4733 99.3464 98.2867 97.6823 97.1441 97.3951 98.3084 98.7782 99.3541 99.0923 98.1455 98.8544 97.4742 97.8069 98.225 97.9764 98.4545 98.3828 98.6041 99.4519 98.5056 97.7461 97.6833 98.3729 98.912 98.5393 98.8862 98.929 98.7972 97.6435 
123.356 123.106 123.461 123.559 123.291 123.202 123.018 123.084 123.571 123.39 123.099 122.906 123.739 124.2 124.086 123.324 124.542 124.031 123.798 123.168 124.453 124.515 123.57 122.672 125.094 124.985 124.802 124.664 125.214 123.857 123.06 122.541 124.794 125.698 126.103 125.686 125.159 124.365 123.176 122.873 125.226 125.669 125.825 125.698 124.693 125.543 123.404 123.475 125.282 124.948 125.524 125.375 125.735 126.389 124.92 123.888 124.891 125.677 125.922 125.376 125.914 125.91 125.543 123.821 
132.541 132.24 132.262 132.161 131.908 131.928 132.106 132.266 133.767 133.708 133.173 132.743 133.564 134.181 134.172 133.505 134.322 134.059 133.601 132.96 134.098 134.391 133.699 133.144 134.94 134.981 134.645 134.473 134.694 133.811 133.254 133.046 134.729 135.572 135.853 135.37 134.76 134.321 133.345 133.158 135.148 135.413 135.531 135.235 134.598 135.486 133.44 133.441 135.265 134.706 135.222 134.903 135.465 136.195 134.859 133.832 134.692 135.264 135.614 135.165 135.667 135.666 135.297 133.798 
