2717000
243.696 244.044 244.348 244.346 243.393 243.211 241.854 241.543 243.253 244.249 242.257 244.945 245.137 244.3 240.938 242.315 243.547 244.755 243.48 244.575 244.571 243.265 241.137 242.378 244.382 245.285 243.675 244.784 244.235 243.498 242.072 242.109 242.609 244.457 244.07 243.728 243.748 243.487 242.843 242.223 245.451 244.731 244.575 243.994 243.908 243.947 244.291 242.092 245.411 245.277 244.384 244.507 242.386 244.009 244.227 242.469 241.979 240.835 240.503 240.965 240.475 240.904 240.567 239.959 
236.929 236.996 237.583 237.432 236.619 236.795 236.509 235.944 236.46 237.414 234.955 237.689 237.689 236.907 234.417 236.262 236.214 237.959 236.211 237.003 236.77 235.938 234.08 236.222 236.712 237.604 235.759 237.275 236.396 236.113 235.07 235.605 234.726 236.249 236.141 236.242 236.196 236.27 236.006 235.645 237.508 236.718 236.741 235.963 235.879 235.997 237.023 235.254 237.253 236.913 236.34 236.571 234.361 236.281 236.793 235.01 231.02 229.788 229.563 230.425 229.732 230.697 230.755 229.602 
183.944 183.849 183.457 183.037 183.022 183.781 184.303 185.428 185.274 185.73 186.077 183.779 183.056 184.251 185.02 185.133 185.909 186.486 186.074 184.709 182.31 183.539 185.012 185.478 185.134 184.984 184.924 185.278 184.517 184.934 186.421 186.402 184.943 184.63 183.799 185.67 185.041 185.874 187.182 186.021 185.026 184.126 183.716 184.592 184.597 185.759 187.125 184.16 184.574 184.501 185.257 184.819 184.814 185.862 186.379 186.06 176.532 175.702 177.066 176.293 176.789 177.912 179.357 178.967 
158.518 158.102 158.09 157.826 158.184 158.949 159.137 159.039 159.621 159.404 159.921 159.828 159.291 160.009 161.344 162.054 159.412 159.229 159.976 160.172 160.093 160.204 161.195 161.215 159.272 159.313 160.032 159.594 159.463 159.957 160.94 161.38 158.662 158.611 159.525 159.235 159.707 160.528 160.841 160.779 159.955 159.078 160.139 160.039 159.807 160.283 160.714 161.181 160.8 160.102 160.936 161.557 160.949 161.018 161.53 161.825 158.916 158.279 159.4 160.148 160.194 160.348 160.482 160.511 
147.756 147.847 147.876 148.414 148.685 149.227 149.633 150.318 149.006 148.729 148.98 149.292 150.05 150.366 150.896 151.312 148.955 148.256 148.807 149.638 150.204 150.106 150.38 150.57 148.856 148.378 148.874 149.51 149.827 150.166 150.588 150.856 148.784 148.335 148.813 149.246 149.365 149.807 150.367 150.272 148.808 148.36 148.604 148.889 149.165 149.063 149.599 149.772 148.723 148.4 148.545 148.836 148.63 148.542 149.017 149.931 147.102 146.89 146.701 146.989 146.769 147.312 147.995 148.425 
135.666 135.284 133.662 133.98 132.106 125.921 124.129 123.187 135.686 134.294 133.469 132.958 131.479 126.263 124.612 123.296 135.597 134.002 134.384 132.946 131.038 125.821 124.904 123.552 135.124 133.764 134.015 133.079 129.888 125.25 123.945 122.731 135.362 134.738 133.584 133.201 129.666 124.969 123.582 122.565 134.554 133.819 134.242 132.346 130.701 124.834 123.93 122.839 134.059 133.085 131.992 130.466 129.985 125.112 123.343 122.535 132.222 130.927 131.625 129.639 129.162 123.842 123.081 121.53 
157.792 152.294 140.769 132.62 124.781 108.961 94.054 86.9484 159.645 149.968 140.405 132.655 124.323 112.122 98.5729 84.779 159.932 151.771 141.873 133.774 127.21 110.617 101.452 88.4276 160.285 151.449 143.771 133.707 128.943 113.954 99.775 91.4662 160.402 152.499 143.753 135.747 126.02 115.214 102.679 90.5906 160.961 151.654 143.585 134.613 129.799 111.132 104.245 93.6618 160.525 154.227 143.791 135.424 128.423 115.021 100.471 94.1747 161.263 154.258 146.901 134.89 127.725 113.044 102.291 92.2 
227.935 228.282 228.048 228.494 227.801 227.299 226.67 226.532 228.713 229.062 227.455 228.979 228.987 228.47 226.291 227.225 228.574 229.049 228.254 228.699 228.436 227.876 226.32 227.349 229.003 229.477 228.611 228.966 228.63 228.188 227.25 227.284 228.176 229.081 228.936 228.525 228.749 228.497 228.078 227.77 229.728 229.332 229.17 228.552 228.752 228.728 229.003 227.678 229.616 229.392 229.01 229.386 228.064 228.847 229.144 227.99 227.649 227.132 227.415 227.652 227.25 227.337 227.352 226.77 
206.672 206.686 206.568 206.508 206.048 205.854 205.721 205.323 207.689 207.636 207.566 206.917 206.736 206.841 205.58 205.213 207.995 208.139 207.878 207.244 206.485 206.906 206.247 205.576 207.49 207.901 207.881 207.416 207.184 206.947 207.094 206.005 207.328 208.065 207.658 207.779 207.407 207.203 207.07 206.15 207.867 207.696 207.279 207.309 207.493 207.608 207.442 205.518 207.746 208.036 208.212 207.607 207.258 206.933 207.048 206.416 200.837 200.539 201.21 200.766 200.526 200.094 200.536 199.977 
178 177.558 176.767 176.274 176.3 176.437 176.801 177.095 178.374 178.486 178.171 176.261 175.238 175.671 176.107 176.537 178.164 178.638 178.044 176.662 174.707 175.886 176.369 176.995 177.145 177.154 177.044 176.709 176.086 176.691 177.563 177.244 176.856 176.48 176.139 177.155 176.778 177.496 178.049 177.385 177.497 176.722 176.57 176.375 176.311 177.355 177.805 176.126 177.433 177.221 178.026 177.601 176.962 177.587 177.924 177.504 173.495 172.895 174.521 174.128 174.021 174.568 175.24 174.909 
153.628 152.99 152.462 152.358 152.668 152.99 153.289 154.409 155.963 155.88 155.828 154.334 153.895 154.789 155.629 156.467 156.327 156.159 155.789 155 153.658 154.894 155.742 156.808 155.446 155.292 155.393 155.595 155.292 155.952 156.942 157.289 155.21 154.641 154.434 155.818 155.788 156.416 157.131 156.869 155.958 155.015 155.17 155.293 155.377 156.619 157.485 155.946 156.252 155.949 156.695 156.338 156.085 157.248 157.952 157.83 155.724 155.117 156.339 155.903 156.327 157.224 158.207 158.333 
135.214 135.375 135.439 135.987 135.613 135.327 135.409 135.677 135.122 134.941 135.289 135.575 135.307 135.398 135.789 136.682 134.989 134.571 135.561 135.6 135.38 135.679 136.178 136.814 134.632 134.628 135.356 135.722 134.58 135.282 135.805 135.985 134.868 134.973 135.154 135.751 134.813 135.085 135.292 135.928 135.014 135.143 136.117 135.798 135.39 135.592 135.576 135.989 135.372 135.115 135.353 135.234 135.506 135.643 136.003 136.276 133.766 133.418 134.669 134.575 134.971 135.041 135.547 135.635 
122.611 122.806 122.939 123.732 123.121 122.636 122.514 122.807 122.606 122.275 122.517 122.792 122.633 122.578 122.796 123.046 122.315 121.76 122.382 122.639 122.195 122.278 122.382 122.614 121.38 121.267 121.847 122.428 121.029 121.497 121.521 121.489 121.314 121.421 121.331 122.033 120.724 120.719 120.711 121.247 120.63 120.838 121.711 121.588 120.952 120.763 120.797 121.122 120.325 120.15 120.133 120.11 120.615 120.609 120.835 120.888 119.822 119.548 120.424 120.151 120.654 120.588 121.081 120.761 
118.794 118.59 117.354 117.853 116.517 110.886 109.352 108.659 118.721 117.988 117.336 116.987 115.845 111.126 110.106 108.928 118.677 117.639 118.021 116.899 115.292 110.761 110.112 109.061 118.083 117.072 117.322 116.872 114.22 109.866 108.987 108.05 118.128 117.728 116.723 116.855 114.076 109.457 108.592 108.043 117.455 117.016 117.608 116.34 114.853 109.832 109.141 108.57 117.126 116.342 115.659 114.509 114.36 110.09 108.981 108.239 116.778 115.518 116.384 115.074 114.991 110.261 109.945 108.829 
201.051 201.414 200.854 201.057 200.28 199.44 198.168 197.684 204.527 204.606 204.057 204.047 203.764 202.946 201.428 200.811 204.715 204.31 204.375 204.025 203.514 202.974 202.079 201.235 205.083 204.859 205.042 204.272 204.068 203.423 202.645 201.765 205.209 205.594 205.237 204.531 204.301 203.356 202.943 202.08 205.162 205.501 205.136 204.738 204.566 204.056 203.488 202.172 205.647 205.74 205.474 205.195 204.655 204.009 203.568 202.534 205.7 205.68 205.839 205.36 204.913 203.846 203.456 202.515 
189.22 189.079 188.535 188.589 188.307 187.669 187.555 186.94 190.675 190.42 189.439 189.28 188.949 188.965 188.205 187.781 190.59 190.559 189.7 189.156 188.663 189.353 188.504 187.678 190.313 190.154 190.03 189.592 189.511 189.438 188.847 188.193 190.045 190.163 190.08 190.364 190.101 189.319 189.328 188.977 190.35 190.44 189.936 189.813 189.655 189.32 189.528 188.712 190.45 190.395 190.332 190.206 189.739 189.32 189.622 188.599 187.966 188.018 188.29 188.24 187.502 186.881 186.879 186.471 
159.402 157.295 157.729 157.257 156.168 156.609 155.62 154.174 157.847 159.715 159.615 157.548 155.697 155.216 153.325 152.394 158.738 159.239 158.211 156.885 154.442 153.506 152.419 153.098 158.99 158.759 157.629 156.46 155.399 155.438 154.654 154.361 159.776 159.846 156.677 156.401 157.182 156.913 156.04 153.108 157.854 159.301 157.987 154.981 154.381 155.394 155.289 152.711 155.809 155.106 155.915 155.527 154.183 155.044 155.399 153.585 156.414 155.245 156.386 155.264 153.836 153.158 153.252 152.204 
143.83 143.161 142.592 142.215 142.754 143.13 143.016 142.788 145.181 145.007 145.167 144.727 144.045 144.989 145.961 146.485 145.086 144.973 145.014 145.057 145.241 145.983 146.57 146.571 144.959 144.931 145.514 144.773 145.305 145.946 146.721 146.939 144.487 144.328 145.066 144.944 145.769 146.588 146.79 146.907 145.934 145.371 145.9 146.06 145.956 146.68 146.929 147.418 147.173 146.487 147.304 147.713 147.17 147.499 148.132 148.278 146.992 146.423 147.767 148.337 148.602 148.473 148.33 148.489 
120.639 120.654 120.861 120.895 120.993 121.331 121.663 122.239 122.164 121.995 121.793 121.902 122.254 122.998 123.567 124.033 121.829 121.832 121.469 122.019 122.55 123.247 123.669 124.181 121.47 121.684 121.513 121.964 122.607 123.152 123.342 123.681 121.376 121.377 121.548 121.806 122.335 122.637 123.035 123.385 121.201 121.266 121.436 121.724 122.135 122.499 122.914 123.202 121.177 121.147 121.178 121.514 122.053 122.557 123.113 123.29 120.978 121.192 121.238 121.43 122.11 122.605 122.832 122.814 
110.48 110.948 111.083 111.553 111.154 110.875 110.941 111.162 110.436 110.658 110.92 111.049 110.746 110.989 111.382 111.495 110.122 110.047 110.569 110.642 110.327 110.716 111.105 111.233 109.478 109.425 109.71 110.351 109.419 109.812 110.069 110.059 109.245 109.468 109.38 110.191 109.408 109.367 109.697 110.1 108.553 108.776 109.708 109.805 109.441 109.596 109.759 110.18 108.195 108.108 108.216 108.407 108.909 109.38 109.706 109.661 107.815 107.604 108.42 108.564 109.277 109.531 109.95 109.818 
100.036 100.085 100.146 100.142 100.192 100.186 100.363 100.678 99.9766 100.202 99.9759 99.8477 100.085 100.483 100.733 100.761 99.5274 99.9352 99.5612 99.8157 100.113 100.479 100.622 100.67 99.2304 99.5426 99.1502 99.4332 99.5425 99.7868 99.8992 99.8791 98.8666 99.1052 99.2226 99.1805 99.3512 99.314 99.5518 99.488 98.5565 98.7368 98.9782 98.9233 98.8969 99.1219 99.3473 99.5669 98.4209 98.3944 98.2953 98.5564 98.8131 99.2157 99.3525 99.3014 98.1257 98.0977 98.0552 98.3664 98.6956 99.0343 99.1863 98.9464 
169.77 169.903 169.036 168.756 168.329 167.771 166.607 166.46 174.398 174.311 173.482 173.023 172.664 172.069 171.475 171.059 174.41 174.167 173.37 172.983 172.133 172.151 171.578 171.103 174.663 174.366 173.96 173.383 173.081 172.763 171.93 171.483 174.708 174.419 173.958 173.971 173.405 172.536 172.344 172.36 174.403 174.367 173.903 173.86 173.21 172.664 172.559 171.988 174.663 174.463 174.1 173.995 173.379 173.089 172.914 172.038 174.812 174.509 174.331 174.302 173.667 172.708 172.192 172.076 
156.734 154.625 155.056 154.353 152.973 153.097 151.363 149.316 155.501 156.783 156.48 155.053 153.297 151.94 149.743 148.43 156.218 156.164 155.015 154.012 152.022 150.478 148.682 148.671 156.653 156.352 154.926 153.387 152.423 151.911 150.471 149.759 157.217 157.324 154.128 153.322 153.814 152.789 151.4 149.005 155.216 156.706 155.106 152.314 151.423 151.471 150.776 149.196 153.628 152.93 153.109 152.769 151.266 151.298 151.259 149.421 154.482 153.228 153.47 152.655 150.809 149.446 148.785 148.067 
147.864 146.055 146.472 145.89 144.747 145.172 143.638 142.195 145.675 147.495 147.519 145.991 144.162 143.647 141.432 140.496 146.61 146.937 145.798 145.01 143.072 142.018 140.318 140.447 147.074 147.008 145.457 144.156 143.536 143.406 141.964 141.712 147.818 147.889 144.642 144.159 145.139 144.397 143.142 141.162 145.875 147.39 145.599 143.075 142.361 142.666 142.338 141.258 143.949 143.108 143.279 143.302 142.03 142.611 142.902 141.374 144.589 143.306 143.688 143.123 141.428 140.557 139.993 140.198 
127.966 126.233 126.953 126.768 125.463 126.061 125.133 123.821 126.563 128.303 128.742 127.382 125.811 125.194 123.756 123.281 127.303 127.804 127.562 126.481 125.223 123.783 122.822 124.139 127.967 128.215 127.328 126.145 125.365 125.38 124.543 125.105 128.848 129.599 126.833 126.128 127.132 127.073 125.634 123.767 127.141 129.014 128.223 125.455 124.851 125.353 124.872 124.298 125.702 125.204 125.96 125.974 124.98 125.43 125.596 124.637 126.686 125.734 126.462 125.855 124.651 124.107 123.763 123.384 
93.2723 93.0443 93.3196 93.2719 93.285 93.5555 93.3975 94.1741 94.5223 94.3335 94.1081 93.9626 94.1429 94.4123 94.6799 95.2229 95.3866 95.3506 95.1577 94.8501 94.9228 95.3115 95.7385 96.3966 96.2129 95.7404 95.7451 95.757 95.7158 96.2299 96.3806 96.8573 96.7685 96.3722 96.4003 96.6695 96.51 96.635 96.7359 97.2527 96.734 97.0846 96.9716 97.0899 97.1396 96.9678 96.9106 97.5255 97.1456 97.2606 97.3759 97.3736 96.8268 96.9255 97.1538 97.7562 97.3117 97.2297 97.1768 96.9325 96.9252 97.0747 97.2429 97.1838 
80.1597 80.0819 79.7571 79.5522 78.5668 78.7317 79.1068 79.4974 80.1616 78.8368 79.5864 80.1419 79.6948 78.9475 79.2867 79.108 79.3635 78.7931 78.4237 79.2297 79.9234 79.806 79.4411 79.0143 79.7371 79.8856 79.5611 79.8225 80.1472 79.8183 78.9896 78.2284 80.0551 80.085 80.092 80.2257 80.3101 79.9365 78.8694 77.8175 80.1078 80.4092 80.5147 80.1554 80.391 79.6953 78.8817 78.2517 79.9446 80.1535 80.4715 80.7729 80.901 80.4127 79.4869 79.0609 79.9614 80.4075 80.754 80.9154 80.9221 80.7824 80.2637 79.668 
82.0988 82.7571 82.5581 82.5607 82.9316 82.7993 82.7758 82.9993 82.0582 82.6715 82.5758 82.5377 82.8343 82.9341 83.1116 83.0895 81.8445 82.5194 82.479 82.317 82.7291 83.0695 83.3871 83.2967 81.9496 82.488 82.3799 82.4052 82.6472 83.0336 82.9712 83.0177 81.9724 82.665 82.5151 82.7055 82.9103 83.3216 83.2173 83.0888 82.1128 82.6723 82.6399 82.6981 82.9913 83.2741 83.4244 83.3021 82.2126 82.6384 82.6808 82.8106 82.998 83.4807 83.5642 83.3123 82.3431 82.6533 82.6672 83.0385 83.4081 83.7628 83.8304 83.6445 
140.957 140.679 140.428 139.868 139.559 139.493 138.5 138.101 144.805 144.513 144.013 143.596 143.591 142.535 142.12 141.927 144.575 144.429 143.974 143.69 143.185 142.729 142.393 142.229 144.626 144.47 144.372 143.939 143.533 143.511 143.323 142.741 144.343 144.423 144.383 143.912 143.431 143.483 143.337 143.135 144.484 144.397 144.263 143.881 143.579 143.467 142.845 142.598 144.909 144.863 144.604 144.189 143.84 143.508 143.016 142.665 144.695 144.631 144.771 144.709 144.175 143.425 143.017 142.604 
132.263 131.999 131.748 131.369 131.124 131.18 130.762 130.759 134.077 133.71 133.027 132.536 132.973 133.384 133.17 132.312 134.706 134.539 133.613 133.101 133.779 133.962 132.674 131.457 135.136 135.069 134.676 134.422 134.655 133.45 132.199 131.55 135.049 135.289 135.568 135.367 134.593 133.727 132.517 132.473 135.304 135.215 135.113 135.138 134.082 134.637 132.801 132.603 135.36 134.936 135.084 134.969 134.831 135.645 134.401 133.131 135.159 135.389 135.51 135.192 135.449 135.042 134.323 133.371 
129.224 127.743 128.373 127.994 126.653 127.324 126.398 124.942 127.382 129.104 129.314 127.994 126.399 125.584 124.267 123.741 128.156 128.556 128.178 127.11 125.858 124.274 123.34 124.396 128.718 128.946 128.024 126.871 125.978 125.842 125.024 125.281 129.596 130.13 127.505 126.726 127.72 127.582 125.995 124.05 127.936 129.496 128.622 126.122 125.526 125.927 125.262 124.496 126.549 126.1 126.655 126.694 125.655 125.991 125.995 124.917 127.443 126.525 127.177 126.42 125.233 124.615 124.187 123.823 
88.4749 88.5653 88.6882 88.9272 88.5238 88.7459 89.3344 89.7543 89.2704 89.5048 90.0089 89.728 89.5646 89.7607 90.8552 91.3894 89.9584 90.5806 91.3677 90.4847 90.9239 91.0923 91.7556 92.5408 90.772 91.056 91.7647 91.8491 91.5432 91.9174 92.2982 93.0656 91.1984 92.1135 92.5115 92.8965 92.713 93.0315 92.4411 92.9445 91.8911 92.5569 93.1115 93.3587 93.1668 92.9514 92.4307 93.3774 92.7707 93.4621 93.7561 93.8238 93.8708 93.7762 93.3966 93.8443 93.4414 93.4889 93.8922 93.7704 94.2243 94.4782 94.3381 94.1262 
74.5974 74.3546 74.0161 73.8617 72.5692 72.7309 73.1097 73.3446 74.7289 73.4622 74.3944 74.6727 74.0252 73.2216 73.8005 73.8166 74.317 73.887 73.8798 74.1054 74.853 74.5836 74.3989 74.3588 75.0667 75.2598 75.3514 75.4241 75.4611 75.1164 74.4301 74.0155 75.6379 76.0369 76.0848 76.3348 76.1505 75.7721 74.2903 73.4868 76.0321 76.6201 76.8922 76.5009 76.5021 75.5549 74.375 74.0725 76.2841 76.7795 77.2355 77.2975 77.1939 76.4877 75.3615 75.0578 76.5239 76.9527 77.4423 77.4211 77.3236 77.1018 76.5437 75.927 
65.2489 65.1939 64.8361 64.6143 63.769 63.9178 64.1868 64.359 65.3147 64.1658 64.866 65.313 64.7486 64.0316 64.3302 64.2184 64.7588 64.353 64.0395 64.5275 65.0584 64.816 64.5336 64.2179 65.4696 65.3973 65.1851 65.2432 65.3806 65.2015 64.3236 63.756 66.0374 65.8951 65.5659 65.6201 65.5726 65.4196 64.3096 63.451 66.0816 66.412 66.2108 65.7036 65.9516 65.2784 64.4373 63.8521 65.9966 66.3166 66.4701 66.5959 66.3825 65.9084 65.0163 64.6167 66.0607 66.5376 66.7811 66.7649 66.6137 66.3758 65.9513 65.2901 
64.2891 64.3133 63.6804 63.4309 62.4986 62.5838 62.9372 63.2605 64.2018 62.8672 63.6369 64.1598 63.7201 62.8362 63.1523 63.0604 63.5468 63.0189 62.6886 63.312 64.0829 63.9002 63.5757 63.124 64.2006 64.5225 64.184 64.2239 64.5441 64.3645 63.4125 62.5557 64.9048 65.1355 64.8638 64.9232 65.0337 64.8677 63.4998 62.2265 65.2736 65.8056 65.6567 65.1712 65.5374 64.7804 63.8499 62.882 65.3281 65.6834 65.9534 66.1949 66.31 65.841 64.6545 64.0342 65.4972 66.0048 66.3835 66.5692 66.5658 66.4402 65.8906 65.1253 
124.628 125.195 125.521 125.154 125.341 125.518 125.088 124.54 126.54 126.515 126.543 126.617 127.383 127.799 126.645 126.076 127.506 127.803 127.425 126.945 128.216 128.507 126.681 126.367 128.344 129.226 128.722 127.801 128.484 128.977 127.475 127.11 127.744 128.76 129.34 128.252 128.101 129.583 128.47 126.834 128.057 127.844 128.676 128.478 128.045 128.389 126.096 124.956 128.216 127.412 127.635 128.58 128.476 128.322 127.046 125.657 127.328 127.869 127.984 128.658 129.521 128.905 127.797 127.434 
115.898 116.52 117.478 116.789 115.204 114.061 113.797 113.442 116.693 117.121 116.482 115.46 115.854 113.945 114.725 113.86 116.795 117.169 116.351 114.631 115.618 114.372 115.488 115.117 116.45 116.977 116.424 115.607 116.249 115.273 115.759 115.957 116.506 116.279 116.673 116.699 116.326 116.932 115.918 115.707 117.541 117.475 116.905 117.725 117.501 118.295 115.812 115.694 118.55 117.922 116.171 116.134 117.591 117.76 116.722 115.934 117.397 117.849 117.443 116.523 117.966 117.21 116.839 116.201 
98.8892 98.9301 99.5901 99.9692 99.3151 99.0095 98.9278 98.9528 99.7561 99.5633 99.7325 100.23 100.166 100.758 100.026 98.9523 100.99 100.676 100.128 99.6781 100.166 100.884 100.275 98.4971 101.824 101.261 100.98 100.462 100.602 100.452 99.8448 99.0328 101.694 100.968 100.917 100.712 101.16 101.183 99.7434 98.1142 101.293 100.701 100.237 99.9004 100.137 101.855 100.232 97.4693 101.641 100.961 100.426 100.587 101.294 101.882 99.5664 97.7666 101.409 101.604 101.159 100.65 100.571 100.428 99.3156 97.7185 
83.539 83.866 84.0142 84.303 83.9756 84.1227 84.5424 84.3187 83.7913 84.0422 84.8325 84.7038 84.4959 84.5112 85.3695 85.3838 83.9902 84.3999 85.3516 84.5662 85.0176 85.0231 85.4668 85.7781 84.0071 84.643 85.2357 85.0596 84.9801 85.0319 85.4462 85.6946 83.7846 84.8804 85.2757 85.5184 85.2574 85.5351 85.0305 85.2244 84.2684 84.5608 85.4873 85.5607 85.1933 84.94 84.6343 85.3063 84.6911 85.2984 85.6447 85.4655 85.6318 85.4695 85.2414 85.4662 85.0086 85.0809 85.5581 85.4398 85.8832 86.1612 85.8794 85.7511 
66.5021 66.3354 66.5104 66.6056 66.572 66.645 66.5252 66.6147 66.7946 66.6154 66.711 66.6935 66.6389 66.5982 66.7387 66.8451 67.0065 67.0685 66.9059 66.7874 66.6824 66.6865 66.7815 66.9181 67.3892 66.9372 66.899 66.782 66.6144 66.7457 66.7015 66.8734 67.6059 67.1236 66.8119 66.733 66.4852 66.5074 66.516 66.771 67.4401 67.3327 67.0369 66.8098 66.7451 66.6646 66.5317 66.8409 67.5569 67.4415 67.2982 67.0553 66.7209 66.7069 66.5981 66.6996 67.5161 67.3352 67.1999 67.035 66.8759 66.6337 66.6921 66.3737 
56.9261 56.7879 56.3371 56.0932 55.1721 55.3391 55.6959 55.6845 56.7138 55.3884 56.1947 56.6786 56.1265 55.3096 55.4754 55.2702 55.9713 55.3856 55.1219 55.751 56.2016 55.9034 55.3887 54.9479 56.4178 56.3324 56.1435 56.1668 56.32 55.9107 55.0511 54.2735 56.9037 56.6512 56.4104 56.4119 56.3166 55.9387 54.849 53.8606 56.9942 57.0569 56.8894 56.3981 56.591 55.7579 54.9389 54.3009 56.9464 56.9199 57.0895 57.1771 57.0819 56.4142 55.4506 55.1088 56.9502 57.1096 57.4323 57.4719 57.1843 56.8956 56.4298 55.9091 
18.38 18.4464 18.2954 18.2761 18.4051 18.4484 18.5614 18.4598 18.315 18.1791 18.2195 18.2147 18.1977 18.2719 18.3496 18.3795 18.1512 18.2193 18.0854 18.095 18.1563 18.1146 18.1405 18.1247 18.1996 18.1446 18.0027 17.8987 18.0067 18.1045 18.0137 18.064 18.2788 18.1602 17.9039 17.8006 17.8167 18.0206 18.0422 18.0364 18.3655 18.3154 18.0571 17.9754 18.0142 18.1577 18.2169 18.2226 18.3929 18.3817 18.2396 18.1341 18.1137 18.2331 18.2846 18.3074 18.4806 18.4704 18.3355 18.2602 18.2737 18.3765 18.5849 18.4762 
113.407 114.81 116.203 115.327 113.653 112.584 112.411 111.751 114.112 115.073 115.015 114.263 114.439 112.149 112.57 112.152 114.262 115.326 114.675 113.049 113.962 112.854 114.099 114.519 113.977 115.283 114.442 113.144 114.327 114.862 115.482 116.098 113.747 113.87 114.269 114.056 114.457 116.835 116.15 115.133 114.882 114.715 114.558 115.72 116.207 116.572 114.202 113.495 115.888 115.308 113.184 113.936 115.73 115.007 114.309 113.73 114.554 114.934 114.314 114.2 116.203 115.153 114.461 115.112 
103.605 104.753 106.175 105.672 103.787 102.559 102.595 102.178 104.566 105.262 105.153 104.659 104.614 102.766 103.361 102.444 104.974 105.655 104.636 103.051 103.924 103.307 104.737 104.196 104.983 105.578 104.726 103.415 104.34 104.523 105.1 105.414 105.061 104.213 104.285 104.267 104.85 106.552 105.249 104.049 105.413 104.9 104.303 105.251 105.927 107.034 104.569 102.702 106.39 105.63 103.376 103.912 105.879 105.608 104.114 103.046 105.716 105.806 104.72 104.002 105.604 104.757 103.78 103.62 
97.0006 98.0025 99.4447 99.0162 96.9091 95.4593 95.4011 95.0414 97.9679 98.684 98.5456 98.097 97.5767 95.2943 96.1006 95.3141 98.1271 98.7259 97.6842 96.1063 96.4486 95.4981 97.389 96.9914 97.7686 98.1451 97.2493 95.8653 96.5807 96.6736 97.7161 98.1025 97.7737 96.4807 96.3053 96.3892 96.9002 98.3729 97.5283 96.6004 98.026 97.1937 96.4061 97.2027 97.91 99.0118 97.3044 95.5575 98.7877 98.1084 95.6496 95.7212 97.6984 97.3685 96.2356 95.5478 97.9685 97.8708 96.8193 95.8321 97.0884 96.1695 95.6058 95.5063 
83.8607 83.8849 84.5813 85.1234 84.4941 84.1516 83.9975 83.9947 84.5532 84.3731 84.8014 85.6193 85.0015 85.0374 84.4512 83.9993 85.3739 85.1851 84.6554 84.5247 84.3141 84.8942 84.8145 83.7808 85.7545 85.2301 84.7841 84.0681 84.0963 84.6206 84.7048 84.307 85.3566 84.2963 83.7048 83.5127 84.1405 84.8149 84.2921 82.9673 84.6302 83.6955 83.1376 82.7242 83.411 84.7209 84.4 81.8351 84.7518 84.2738 83.5158 83.5224 84.0968 84.1177 82.6061 81.6239 84.6622 84.4272 83.8002 83.5359 83.0964 82.822 82.0364 81.2527 
66.0953 66.2789 66.7461 67.1645 67.1857 67.5068 67.3843 66.9797 66.0772 66.3266 66.9207 67.1423 67.1094 67.0757 67.2012 66.8388 66.2314 66.2172 66.6165 66.6589 66.5615 66.6974 66.6483 66.4627 65.8971 65.8718 65.8907 65.7263 66.0134 65.9875 66.229 65.9981 65.6979 65.352 65.3609 65.3254 65.1162 65.333 65.4514 65.5167 65.1909 64.8434 65.1524 65.0298 64.8097 64.2626 64.6799 64.8544 64.571 64.68 64.8476 64.5609 64.3812 64.1634 64.1335 64.403 64.1 64.0409 64.2652 64.4033 64.2934 64.1648 64.0031 63.9026 
25.1793 25.154 25.0701 25.0614 25.1153 25.1931 25.2951 25.1919 25.0023 24.8598 24.9109 24.8864 24.8478 24.8762 25.0259 25.0265 24.7984 24.7812 24.6464 24.7126 24.6283 24.64 24.6946 24.7317 24.8112 24.5632 24.4599 24.425 24.4336 24.4223 24.4393 24.5344 24.7956 24.5342 24.2831 24.1899 24.1057 24.2066 24.3465 24.4656 24.8492 24.5977 24.3187 24.2192 24.2652 24.3262 24.4615 24.5698 24.8258 24.6471 24.4951 24.3981 24.2974 24.3151 24.3845 24.4897 24.8662 24.6439 24.5866 24.5261 24.3941 24.3488 24.55 24.4758 
6.44564 6.33147 6.14316 6.07501 6.05649 6.08097 6.18115 6.17918 6.33083 6.14947 6.06669 5.93348 5.92105 5.94899 5.96062 6.0522 6.24023 6.0829 5.96888 5.92732 5.83001 5.83132 5.80758 5.83698 6.13931 6.02279 5.91819 5.80851 5.78606 5.74498 5.755 5.78609 6.08669 5.95577 5.90555 5.79069 5.69861 5.72433 5.74932 5.75441 6.23392 6.09328 5.95761 5.89738 5.85095 5.81587 5.90988 5.877 6.28015 6.12742 6.00971 5.92471 5.86588 5.86762 5.88053 5.91133 6.31934 6.15407 6.0548 5.98724 5.86335 5.89984 6.07625 6.01389 
