2717000
180.346 179.004 179.461 178.902 177.697 177.24 176.114 174.692 179.827 181.113 180.852 179.695 178.556 176.741 174.952 174.376 180.248 180.721 180.113 179.207 177.516 175.481 174.075 174.802 180.562 181.034 179.968 178.814 177.868 176.504 175.545 175.496 181.204 181.702 179.557 178.755 178.899 177.415 176.377 174.902 179.854 181.146 180.03 177.895 177.384 176.566 176.032 174.937 178.402 178.231 178.298 178.163 177.015 176.233 176.186 175.258 176.376 175.673 176.206 175.798 174.402 172.669 172.621 171.73 
165.543 165.635 165.677 164.946 164.031 162.15 162.022 161.528 166.984 166.973 166.551 165.69 165.463 163.135 163.079 162.763 166.637 166.924 166.381 165.486 164.98 163.344 163.413 163.424 166.615 167.136 166.572 165.757 165.536 163.844 163.911 163.757 166.543 166.749 166.572 166.3 165.792 164.309 163.969 163.785 166.547 166.379 166.166 166.552 166.389 164.689 164.016 163.43 166.636 166.703 165.933 165.954 166.05 164.077 163.863 163.658 164.344 164.201 164.245 164.117 164.214 162.178 162.313 161.781 
100.574 100.312 100.073 99.9636 98.8609 96.9473 97.239 97.2269 102.436 101.274 102.001 102.369 101.564 98.9388 98.9776 98.4993 101.933 101.384 101.006 101.364 101.476 99.4374 99.0039 98.1852 102.368 102.303 102.047 102.021 101.971 99.7889 99.1664 98.2698 102.707 102.418 102.27 102.249 102.269 99.9095 98.7271 97.4477 102.296 102.231 102.386 101.882 101.962 99.6098 98.7846 97.3381 102.069 102.211 102.509 102.64 102.572 100.114 98.8042 98.1225 102.321 102.388 102.597 102.73 102.329 100.16 99.4381 98.702 
160.42 159.423 159.711 158.851 157.63 157.7 156.765 155.548 160.669 161.678 161.296 159.962 159.013 157.822 156.504 156.112 160.922 161.195 160.537 159.504 158.228 156.977 156.181 156.845 161.08 161.427 160.377 159.248 158.483 157.91 157.278 157.278 161.719 161.859 159.923 159.34 159.535 158.963 158.029 156.823 160.625 161.485 160.301 158.841 158.489 158.415 157.734 156.824 159.541 159.222 158.763 158.771 158.089 157.851 157.806 156.977 157.672 157.068 157.401 156.85 156.026 154.996 155.021 154.216 
123.78 122.252 122.548 121.971 120.45 120.193 119.41 118.233 122.9 123.664 123.667 122.428 120.964 119.334 118.318 117.764 123.009 122.993 122.185 121.303 120.213 118.247 117.611 118.283 123.598 123.556 122.348 121.222 120.559 119.601 118.752 118.858 124.491 124.268 121.922 121.227 121.674 120.611 119.396 117.761 122.658 123.73 122.848 120.435 120.001 119.579 118.755 117.922 121.205 120.749 120.78 120.703 119.814 119.498 119.343 118.244 121.824 120.936 121.396 120.687 119.687 118.415 118.021 117.368 
70.6164 70.6673 70.3999 69.8683 68.7808 68.4658 68.7466 68.6259 70.6192 69.8133 70.0392 69.7994 69.337 68.3679 68.7593 68.566 69.9159 69.5868 68.9846 68.8924 69.2752 68.8839 69.1424 68.9568 70.2234 70.1817 69.6488 69.3367 69.464 69.2541 69.0239 68.6474 70.5154 70.0895 69.8005 69.7651 69.7453 69.6864 68.8764 68.1653 70.5804 70.4103 70.1967 70.1168 70.1926 69.8234 68.944 68.2747 70.5475 70.4967 69.9602 70.0938 70.2986 69.8411 69.1666 68.6814 70.4089 70.3847 70.3906 70.208 70.4057 70.0436 69.7338 69.188 
129.109 127.611 128.207 128.021 127.107 127.734 126.561 125.383 129.423 130.803 130.865 129.87 128.734 128.03 126.521 126.126 129.984 130.179 129.772 129.064 127.964 126.648 125.654 126.582 130.391 130.363 129.414 128.474 127.809 127.759 126.828 127.186 131.346 131.263 128.927 128.208 128.995 128.674 127.656 126.162 129.645 130.889 129.894 127.356 126.951 127.37 127.018 126.473 128.165 127.529 127.819 127.801 126.835 127.32 127.545 126.551 128.321 127.46 127.982 127.349 126.305 125.777 125.514 125.122 
82.7738 82.985 83.0108 82.6344 82.1011 81.7392 81.6103 81.3686 84.462 84.4534 84.0717 83.5925 83.591 82.8177 83.2571 83.207 84.2055 84.2094 83.7335 83.103 83.2952 82.9004 83.6666 83.8456 84.1283 84.0799 83.6551 83.2473 83.4088 83.3863 83.6601 84.0297 84.3429 83.7914 83.6235 83.6888 83.6346 83.8719 83.7401 83.8191 84.605 84.1198 83.6751 84.1252 84.1664 84.2468 83.7179 83.7884 84.8968 84.5551 83.4948 83.5321 83.9972 83.8781 83.8429 83.6679 84.702 84.3175 84.0538 83.6201 84.3163 84.0636 83.9726 83.8834 
54.3422 54.2332 53.944 53.9118 53.2181 53.421 53.6084 53.6045 54.2747 53.2904 53.8358 54.2333 53.8766 53.4465 53.6525 53.4859 53.8288 53.3446 53.0153 53.4203 53.8712 53.8473 53.6337 53.3574 54.2513 54.1192 53.8589 53.9091 54.0753 53.8648 53.4038 53.0371 54.661 54.4001 54.198 54.1721 54.1974 53.98 53.2532 52.5532 54.8408 54.8276 54.5703 54.1368 54.3576 53.9476 53.3465 52.817 54.7234 54.8303 54.868 54.783 54.7874 54.4777 53.7153 53.3269 54.8191 54.9735 55.1329 55.0184 54.8399 54.7158 54.3147 53.8277 
