2717000
139.162 139.407 140.166 140.811 141.414 142.102 142.716 143.044 138.959 139.574 140.392 140.99 141.75 142.196 142.902 143.143 139.135 139.827 140.413 141.187 141.93 142.423 142.861 143.081 139.171 139.843 140.567 141.238 141.794 142.591 142.865 142.991 139.316 139.937 140.56 141.027 141.757 142.882 143.031 143.258 139.535 139.804 140.551 141.249 141.893 142.835 143.326 143.399 139.534 139.84 140.774 141.504 141.951 142.863 143.432 143.578 139.824 140.101 140.723 141.225 141.951 142.884 143.358 143.678 
143.162 143.489 143.857 143.717 144.507 145.948 146.972 146.839 143.007 143.786 144.693 145.03 145.59 146.917 147.386 147.237 142.514 143.198 143.881 144.998 145.597 145.972 146.244 147.492 142.242 142.719 143.557 144.37 145.135 145.677 145.899 147.729 141.516 141.856 142.737 144.074 144.501 145.939 145.617 147.24 142.397 141.965 142.719 143.891 144.415 145.637 145.847 146.906 143.061 142.964 143.694 143.997 144.02 144.618 145.554 147.063 143.472 143.774 143.805 143.963 144.61 144.469 145.552 146.849 
147.657 147.273 146.951 147.809 148.069 148.263 148.989 150.029 146.7 146.913 147.107 147.858 148.031 148.527 148.979 148.591 145.924 146.282 146.964 148.203 147.64 148.688 148.93 149.473 146.437 146.921 147.713 147.879 147.043 147.865 148.315 150.022 146.936 146.849 147.171 146.981 146.93 147.913 148.508 149.676 147.153 146.783 147.031 146.658 147.48 148.139 148.651 149.178 147.301 146.784 147.168 147.233 147.938 148.339 148.568 149.202 146.981 146.815 147.28 147.968 148.42 147.998 148.608 148.723 
150.545 150.584 150.949 151.187 151.383 150.878 151.005 151.611 149.812 149.452 150.546 151.061 150.642 150.394 151.032 150.655 149.388 149.213 150.547 151.605 152.541 152.073 151.173 151.605 150.827 150.853 151.036 150.704 150.841 150.563 151.279 152.177 150.057 150.539 151.162 150.314 148.944 150.434 151.15 151.671 151.376 150.571 150.553 150.488 149.04 149.471 150.303 150.395 151.525 150.702 150.601 151.721 151.346 150.368 150.229 150.58 151.363 149.789 151.158 152.57 152.588 151.158 151.273 151.606 
153.986 154.171 154.111 153.679 154.243 153.374 152.26 153.235 153.374 152.988 153.352 153.201 152.598 153.394 152.773 152.632 153.87 153.648 152.785 153.437 153.374 154.656 153.171 151.69 154.456 154.637 153.449 152.902 153.794 153.284 152.828 152.296 152.685 153.573 152.943 153.692 152.724 152.244 153.084 153.663 153.927 153.745 152.258 153.404 152.182 152.203 153.069 152.543 154.43 154.419 152.998 153.477 153.338 153.34 153.97 152.417 153.579 152.519 152.475 153.95 153.468 152.536 152.252 153.83 
155.726 155.858 156.393 156.342 156.342 155.712 155.646 156.001 155.802 155.303 156.542 156.642 155.62 155.087 155.825 155.931 156.105 155.91 156.822 157.606 158.909 157.615 156.028 156.507 157.682 157.803 157.111 156.451 157.771 156.493 157.011 157.412 157.023 157.352 157.878 156.839 155.659 156.956 157.665 157.3 158.564 157.783 157.523 157.964 155.721 156.001 156.674 155.982 158.921 158.466 158.067 159.59 158.656 157.524 156.924 156.422 159.135 157.392 158.468 159.901 159.947 158.791 158.344 158.417 
176.714 176.546 176.226 176.446 175.916 175.579 176.121 176.527 177.928 177.746 177.309 177.343 176.949 176.899 176.824 177.111 178.808 178.702 178.35 178.119 177.858 177.822 177.298 177.476 179.446 179.461 178.718 178.648 178.564 178.474 178.087 178.205 180.074 179.898 179.716 179.81 179.549 179.447 179.19 178.541 180.37 180.47 180.361 180.257 180.16 179.929 179.523 178.655 180.485 180.454 180.741 180.815 180.45 180.488 179.792 179.258 180.703 180.633 181.188 181.088 180.728 180.63 180.077 179.646 
204.036 203.654 203.708 204.041 204.005 203.957 203.969 203.849 205.239 204.617 204.128 203.974 204.067 204.165 204.273 204.314 205.73 205.051 204.236 204.13 204.192 204.276 204.625 204.962 206.094 205.443 204.318 204.502 204.646 204.96 205.096 204.957 206.606 206.366 205.305 205.459 205.242 205.643 205.633 204.872 206.697 207.101 206.182 206.207 206.103 206.131 206.031 205.357 206.561 206.625 207.112 206.914 206.635 206.612 205.941 205.702 206.613 206.688 207.785 207.689 207.272 206.517 206.053 206.163 
240.857 240.952 241.381 241.719 241.521 241.857 242.019 240.853 241.439 241.263 238.684 241.825 241.875 241.855 240.328 241.226 241.6 241.635 240.406 241.351 241.477 240.784 240.213 242.221 241.527 241.176 240.089 241.905 241.651 241.98 241.323 242.289 238.536 240.178 241.518 241.927 241.963 242.15 242.19 242.002 241.812 241.985 241.805 242.204 242.334 242.444 242.127 241.895 241.653 241.755 242.396 242.23 241.317 242.393 242.205 242.138 241.351 241.649 242.256 242.236 242.47 242.042 241.566 241.95 
253.355 253.161 253.404 253.561 253.347 254.009 253.856 252.375 253.563 253.3 249.891 253.542 253.883 253.698 251.538 252.692 253.661 253.668 251.897 252.673 253.339 252.016 251.387 253.649 253.638 253.234 251.805 253.481 253.607 253.715 252.953 253.771 249.547 251.923 253.393 253.635 253.654 253.781 254.044 253.795 253.658 253.723 253.613 253.946 253.771 253.808 253.887 253.742 253.685 253.705 253.732 253.918 252.579 253.813 253.844 254 253.406 253.631 253.824 253.772 253.864 253.468 252.924 253.903 
253.921 254.38 254.715 254.519 252.942 253.093 252.491 252.602 252.421 254.25 250.091 254.837 254.294 253.566 249.927 253.093 252.325 254.456 251.916 253.982 253.376 252.112 249.376 252.557 253.637 254.208 251.782 254.694 253.198 252.892 250.798 251.904 250.415 252.174 251.945 252.496 253.438 253.463 252.827 251.906 254.966 253.531 253.905 252.218 252.142 253.109 254.496 251.722 254.854 253.878 252.736 253.088 249.705 253.937 254.567 251.146 254.68 252.419 251.558 252.602 251.924 253.977 253.783 252.356 
250.406 252.339 252.157 251.615 247.669 246.317 244.552 248.455 245.922 251.239 248.207 252.244 249.604 247.06 242.496 248.178 246.122 251.189 248.669 251.985 248.159 246.847 242.554 244.663 248.398 251.376 248.117 250.885 247.153 245.189 241.465 241.672 250.254 249.694 243.511 243.806 248.066 247.535 244.053 241.061 252.664 248.698 248.353 242.945 243.184 246.946 249.856 240.907 252.506 249.723 245.56 245.997 240.361 249.113 249.711 238.905 252.359 245.5 241.827 245.025 243.593 248.647 249.146 242.506 
244.845 246.563 246.833 246.933 243.447 241.54 239.581 241.908 241.127 245.495 243.113 246.634 244.948 242.58 237.928 242.357 240.707 245.469 243.393 246.039 243.16 242.354 237.815 239.55 243.184 245.915 243.973 245.849 242.298 240.735 237.616 237.516 245.779 244.927 240.078 240.151 243.373 242.558 239.51 237.031 248.182 244.453 244.536 240.058 240.392 242.471 244.784 237.446 247.805 245.458 242.673 242.75 237.886 244.074 244.286 235.712 248.07 241.512 239.351 241.64 240.482 244.495 244.11 238.194 
137.849 138.039 138.426 138.701 139.175 139.538 139.835 140.12 137.911 138.094 138.41 138.917 139.689 139.658 140.213 140.503 137.838 138.382 138.576 139.324 139.917 139.985 140.34 140.654 137.9 138.451 138.808 139.498 140.093 140.46 140.54 140.576 138.078 138.489 138.89 139.331 139.91 140.716 140.677 140.773 138.321 138.328 138.866 139.642 139.966 140.497 140.6 140.38 138.398 138.558 139.115 139.64 139.844 140.201 140.767 140.936 138.906 138.878 139.114 139.282 139.794 140.317 140.797 141.095 
140.947 141.18 141.066 140.972 141.042 141.534 141.98 142.352 140.619 141.018 140.769 140.971 141.106 141.793 142.329 142.703 140.349 141.062 140.818 141.134 141.554 141.335 142.28 142.84 140.902 141.239 141.161 141.221 142.08 142.03 142.066 143.075 141.417 140.94 140.713 141.3 142.279 142.385 142.288 142.426 140.858 140.306 140.508 140.892 141.393 141.967 141.764 141.419 141.136 140.875 141.195 141.113 141.188 141.549 141.985 141.434 141.289 141.437 141.038 140.833 141.491 141.773 142.196 141.637 
145.501 145.57 144.865 144.803 144.495 144.456 144.727 144.74 145.543 145.555 144.986 144.994 144.76 144.777 144.77 144.411 145.282 145.417 145.324 145.865 145.386 145.092 145.04 145.089 145.229 145.317 145.453 145.623 145.372 145.206 145.157 145.526 146.012 145.476 145.281 145.477 145.459 145.484 144.998 145.273 145.99 145.301 145.143 145.113 145.409 145.312 144.851 144.834 145.823 145.531 145.351 145.01 145.007 144.682 144.936 145.266 146.165 145.903 145.542 145.174 145.16 144.91 144.905 145.092 
151.809 149.924 150.431 149.814 148.75 148.968 147.346 146.081 149.262 150.852 150.879 149.36 147.53 147.131 144.789 143.838 150.208 150.232 149.047 148.432 146.17 145.374 143.626 143.731 150.834 150.737 149.007 147.59 146.606 146.412 145.048 144.696 151.32 151.627 147.928 147.346 148.204 147.303 146.18 144.343 149.391 151.121 148.984 146.121 145.555 145.865 145.52 144.443 147.601 146.751 146.62 146.368 145.205 145.776 146.25 144.447 147.687 146.584 146.75 146.318 144.404 143.312 142.89 143.101 
155.139 155.179 154.712 153.604 153.838 152.749 151.223 151.664 154.669 153.947 153.973 153.284 152.245 152.764 151.975 151.469 155.433 154.683 153.488 153.643 153.142 154.027 152.248 150.36 155.695 155.455 154.079 153.158 153.887 152.924 152.105 150.777 153.956 154.515 153.344 154.217 153.017 151.852 152.259 152.516 155.148 154.781 152.512 153.552 151.982 151.576 152.259 151.809 155.505 155.25 153.309 153.248 152.819 152.543 153.34 151.671 154.553 153.179 152.643 153.596 152.844 151.867 151.244 153.287 
159.612 159.264 158.376 157.306 157.455 156.509 155.201 155.332 159.519 159.036 158.101 157.446 156.44 157.134 155.879 155.199 160.276 159.935 157.764 157.493 155.868 157.268 155.899 153.437 160.012 160.119 158.418 157.386 157.712 156.775 155.489 154.011 158.876 158.979 157.751 158.871 158.004 156.084 156.027 155.987 159.789 159.357 157.312 158.328 157.339 156.634 156.612 156.042 159.91 159.896 158.125 157.768 157.127 156.848 157.343 155.924 159.09 158.321 157.283 157.868 156.565 155.822 155.031 156.769 
177.32 176.799 176.567 176.135 175.238 174.822 174.475 173.937 177.948 177.374 177.123 176.309 175.914 175.496 174.792 174.311 178.083 177.622 177.021 176.229 175.543 175.023 174.759 174.217 178.385 177.946 176.907 176.253 175.674 175.161 174.846 174.171 178.644 178.022 177.047 176.491 175.81 175.317 175.081 174.667 178.791 178.527 177.671 177.06 176.408 175.637 175.323 174.922 178.428 178.431 178.426 178.017 176.968 176.078 175.49 175.194 178.756 178.288 178.597 178.313 177.28 176.419 175.639 175.729 
194.987 195.172 195.598 195.858 195.29 195.104 195.607 195.943 195.515 195.888 195.948 195.622 195.5 196.009 196.073 195.734 196.058 196.345 196.099 195.885 195.619 196.109 195.978 196.001 196.179 195.612 195.02 195.344 195.247 195.542 195.013 195.364 196.29 195.601 194.637 195.256 195.188 194.888 194.609 195.048 196.58 196.837 195.544 195.548 195.851 195.443 194.837 195.081 195.506 196.017 197.061 196.515 196.483 196.275 195.624 195.3 195.65 195.264 196.924 196.644 196.637 196.189 195.598 194.955 
211.781 212.376 213.468 214.401 214.178 214.427 215.337 215.244 212.771 213.068 214.225 214.272 213.863 214.698 216.209 216.255 212.502 212.645 213.167 213.885 213.444 215.671 216.928 216.78 212.535 212.059 211.822 213.206 213.741 215.088 215.431 214.878 211.845 211.631 211.364 212.632 213.637 215.056 214.371 213.321 211.622 212.474 211.903 213.78 213.973 214.509 213.546 213.456 210.371 211.573 214.973 215 214.841 214.204 214.226 213.603 210 209.442 213.093 213.95 214.942 214.373 213.838 213.504 
248.755 248.921 249.579 249.592 249.095 249.382 249.74 248.794 248.879 249.085 246.595 250.077 249.89 249.972 248.38 249.585 249.082 249.309 248.231 249.563 249.589 249.102 248.012 250.427 249.311 248.949 248.008 250.281 249.577 250.018 249.175 250.261 245.704 247.447 249.384 250.012 249.738 249.936 249.94 250.12 249.126 249.257 249.645 249.99 250.099 249.803 249.693 249.753 248.799 248.976 249.991 249.764 248.66 249.742 250.098 250.058 234.005 234.142 235.016 234.964 235.097 235.336 235.058 235.432 
247.379 248.548 247.591 244.691 246.029 246.016 245.025 248.516 245.91 248.416 247.774 247.852 247.141 246.736 246.377 249.423 250.094 247.625 249.342 250.493 250.435 247.349 249.744 250.858 248.906 248.086 247.637 249.533 249.85 248.231 247.624 248.846 247.513 249.437 247.838 247.841 248.603 248.236 247.215 247.469 247.539 248.421 246.883 246.145 247.291 248.653 248.058 246.652 246.82 246.629 244.922 244.726 245.477 247.482 249.255 247.293 247.091 245.378 245.122 245.697 245.225 246.43 248.941 249.295 
242.572 244.467 244.456 243.915 241.294 240.103 237.844 240.777 239.2 243.669 242.007 245.013 243.058 241.286 236.905 241.542 240.025 243.738 242.467 245.164 242.546 241.14 237.831 239.846 242.096 244.335 242.301 244.604 241.582 240.018 237.475 237.849 243.449 243.451 238.956 239.265 242.001 241.642 239.066 236.75 245.164 242.362 242.226 238.381 239.008 241.367 243.207 236.8 244.951 242.941 240.084 240.192 236.248 242.602 243.282 235.53 244.903 239.225 237.269 239.563 238.414 242.575 242.907 238.727 
232.429 232.99 232.543 231.395 231.789 230.936 229.394 230.116 231.236 232.348 232.337 232.556 232.583 231.764 230.351 231.156 233.452 232.533 233.591 233.746 234.031 232.009 232.109 231.836 233.199 233.239 233.277 233.535 233.788 232.374 231.623 231.11 233.872 234.725 233.32 232.214 232.494 231.795 231.119 230.98 234.06 234.324 233.026 232.188 233.195 233.045 232.203 230.402 233.803 233.779 233.301 232.346 232.356 232.458 232.257 231.122 234.109 232.89 233.09 232.878 232.667 232.519 232.389 231.639 
135.998 136.07 136.435 136.48 136.448 136.891 137.217 137.508 135.741 135.759 135.811 136.248 136.502 136.939 137.579 138.351 135.621 135.959 135.671 135.716 136.773 136.751 137.789 138.489 136.358 136.43 135.946 136.251 137.352 137.556 137.689 138.666 136.576 136.169 135.97 136.703 137.429 137.663 137.708 138.004 136.136 135.878 136.087 136.523 136.886 137.414 137.425 137.307 136.069 136.068 136.622 136.814 136.763 137.04 137.667 137.496 136.222 136.473 136.719 136.762 136.711 137.02 137.912 137.493 
137.409 138.21 137.815 137.03 136.802 137.288 136.499 136.303 138.607 139.11 137.044 136.89 137.399 137.037 137.478 136.318 138.36 137.981 136.393 136.067 136.257 136.577 136.933 136.63 137.861 137.868 137.464 136.524 136.659 136.854 136.969 137.029 137.695 137.04 137.172 137.212 136.338 137.424 136.198 136.748 137.317 136.706 136.736 136.581 136.582 136.516 135.87 135.628 137.764 137.621 137.158 136.489 136.259 136.372 136.61 136.555 138.245 137.994 137.509 137.201 136.694 136.341 136.552 136.893 
146.598 144.82 145.132 144.342 142.924 143.445 142.115 140.478 144.389 146.031 145.739 144.129 142.077 141.343 139.494 138.801 145.155 145.18 144.164 143.128 141.174 139.35 138.255 139.174 145.778 145.541 143.971 142.4 141.525 140.992 139.82 140.092 147.031 146.624 143.181 141.964 142.97 142.331 140.927 138.805 144.736 145.989 144.344 140.933 140.319 140.664 139.935 138.845 142.832 141.787 141.953 141.499 139.968 140.361 140.438 138.932 143.319 142.337 142.409 141.315 139.523 138.655 138.445 137.49 
149.668 147.693 147.932 147.038 145.536 145.54 143.963 141.374 147.575 149.132 148.802 146.991 144.689 143.157 141.025 139.504 148.463 148.101 147.148 145.914 143.509 141.402 139.637 139.995 148.655 148.333 146.986 145.278 143.742 142.957 141.541 140.806 149.724 149.854 146.454 144.76 145.176 144.338 142.77 139.897 147.56 149.145 147.422 143.71 142.745 142.808 141.932 140.481 145.296 144.197 144.283 144.016 142.398 142.628 142.247 140.704 145.854 144.58 144.905 143.975 141.67 140.669 140.261 139.283 
157.301 154.514 153.026 150.791 148.539 144.76 140.872 138.498 155.115 155.247 153.437 150.465 147.111 143.304 138.947 136.288 156.309 154.901 151.815 149.436 145.973 141.339 138.105 136.318 156.658 155.16 152.03 148.774 147.229 142.946 139.361 137.667 156.861 156.028 150.864 149.128 148.431 143.881 140.901 137.48 155.246 155.45 151.781 147.654 145.955 141.953 140.529 138.118 153.377 151.543 149.381 147.8 145.424 142.465 140.921 138.183 153.568 151.039 149.85 147.564 144.406 139.739 137.76 136.94 
167.088 165.828 164.22 162.817 161.155 158.85 156.523 153.295 167.482 166.3 164.839 163.14 161.58 159.251 157.069 153.975 167.41 166.132 164.877 162.891 160.678 158.747 156.661 153.467 167.298 166.254 164.772 162.809 160.482 158.115 156.286 152.969 167.661 166.048 164.565 162.442 160.383 157.719 155.894 153.158 167.74 166.457 164.284 162.169 160.104 157.886 156.225 153.425 167.424 165.937 164.079 162.523 160.318 157.954 156.225 153.44 167.306 165.453 163.781 162.594 160.146 157.857 156.113 153.878 
177.664 177.013 176.101 175.636 174.21 172.495 171.828 171.438 177.245 177.396 176.339 175.347 174.682 173.593 171.755 171.07 178.24 177.755 176.951 175.444 174.496 173.072 171.457 170.514 178.665 177.442 176.269 174.679 173.357 172 170.269 170.128 178.524 177.039 175.379 174.302 172.792 170.336 169.471 169.973 179.257 178.108 175.904 174.28 173.015 171.201 169.817 170.161 178.121 177.224 175.996 174.544 173.589 172.338 170.461 170.021 177.866 176.657 176.389 174.476 173.176 171.593 170.301 169.359 
188.06 188.084 187.28 185.592 184.319 183.537 183.413 184.375 188.284 188.413 188.329 185.432 185.744 184.579 184.39 185.389 188.775 187.905 187.442 185.81 185.03 183.411 182.915 183.79 188.008 188.356 186.704 185.797 185.138 182.458 182.023 181.66 187.537 187.218 186.354 185.098 184.979 182.521 181.894 182.848 188.905 188.445 185.89 184.907 185.08 183.392 182.537 182.669 188.127 187.809 185.773 185.229 185.023 183.461 182.505 182.036 186.422 185.948 186.249 184.432 183.347 183.41 180.815 180.52 
206.159 206.719 207.472 208.523 207.89 207.545 208.722 209.36 205.872 207.206 207.879 208.083 208.115 208.786 209.241 209.322 206.739 207.283 207.985 208.371 208.432 209.381 208.914 209.252 206.973 206.071 206.199 207.207 207.611 207.842 206.494 207.382 206.297 205.663 204.723 205.903 206.518 205.62 205.338 206.159 206.604 207.192 205.254 205.895 206.304 205.941 205.152 206.348 204.96 205.732 207.329 206.442 206.971 206.64 206.326 206.032 159.776 159.081 161.129 160.42 161.32 160.816 160.272 159.427 
238.934 239.016 238.877 239.083 239.13 238.971 239.212 238.996 238.465 238.48 238.289 238.646 238.745 238.655 238.855 238.871 237.781 237.621 237.655 237.878 238.196 238.174 238.356 238.245 236.802 236.721 236.87 237.204 237.546 237.674 237.751 237.477 235.37 236.067 236.14 236.419 236.862 237.046 236.996 236.775 234.436 234.238 235.01 235.507 235.612 235.992 235.949 235.782 233.119 233.156 233.797 234.09 234.493 233.871 234.051 232.508 71.7117 70.8301 71.2226 71.8261 72.1794 71.6316 70.3955 70.5051 
226.686 226.411 226.519 225.933 226.274 226.803 226.929 226.128 225.779 226.652 227.497 227.312 226.835 227.223 227.424 227.001 226.475 227.404 228.425 228.865 228.378 227.677 228.623 229.31 227.611 228.101 228.437 228.974 228.152 227.666 228.853 228.914 227.827 228.054 228.364 227.624 226.572 227.313 227.715 227.318 227.975 227.285 227.561 226.581 226.013 226.305 226.966 227.22 227.118 226.16 226.223 226.056 226.18 226.684 227.104 227.537 193.769 192.649 192.83 193.374 193.857 193.665 193.674 194.542 
226.055 226.807 225.702 224.024 224.908 225.423 224.347 225.805 225.054 226.384 226.136 226.084 225.769 225.79 224.97 226.355 227.771 226.191 227.636 227.978 228.161 226.117 227.446 227.65 226.979 226.659 226.581 227.155 227.739 226.533 226.116 226.686 226.663 227.79 226.678 225.66 226.117 225.718 225.588 225.741 226.078 226.593 225.516 224.389 225.218 226.322 225.711 224.859 226.295 225.912 224.834 224.146 224.504 226.017 226.159 225.121 226.686 225.724 225.037 225.076 224.899 225.375 226.072 226.63 
225.152 225.492 225.049 225.494 225.205 224.991 224.048 223.477 225.376 225.447 225.83 225.974 225.879 225.882 224.595 224.704 226.057 225.983 226.672 226.524 226.416 226.064 225.408 225.071 226.42 227.14 227.331 226.526 226.302 225.91 225.72 225.392 227.144 227.743 227.17 225.615 225.365 225.483 225.46 225.07 227.5 227.022 226.52 226.112 226.293 226.105 225.974 225.306 226.952 226.986 226.897 226.564 226.109 225.973 225.65 225.697 226.932 226.523 226.875 226.422 226.598 226.246 225.49 225.828 
133.131 133.847 133.726 133.702 133.447 134.129 133.577 133.554 134.505 134.727 133.049 133.283 134.093 133.601 134.177 133.44 134.408 133.929 132.514 132.423 133.038 133.679 133.695 133.619 133.793 133.997 133.616 133.125 133.232 133.969 134.42 134.194 133.445 133.436 133.917 134.099 133.255 134.921 133.749 134.229 133.507 133.488 133.748 134.16 134.493 134.36 134 134.093 133.747 134.096 134.255 134.228 134.302 134.668 134.787 135.311 134.116 134.378 134.664 134.88 134.002 133.856 133.951 135.176 
134.436 134.199 134.449 133.352 132.654 133.004 131.481 131.38 135.422 134.729 133.725 132.912 133.193 132.474 131.241 131.427 135.094 134.561 133.897 132.927 132.245 131.887 131.791 131.758 134.363 133.847 133.774 133.491 133.469 133.614 133.235 132.897 132.122 132.941 133.282 133.103 132.943 133.573 133.066 132.989 133.221 133.445 133.03 132.559 132.636 132.546 131.729 131.252 134.243 134.583 133.436 132.756 132.64 132.676 132.049 131.524 132.74 133.342 133.972 134.114 132.897 132.5 132.236 132.222 
135.216 135.533 134.468 133.665 133.042 133.089 131.825 130.476 136.739 136.839 134.252 133.697 133.966 132.758 132.544 130.025 136.811 135.698 133.627 133.192 132.462 132.348 131.661 129.791 135.484 135.364 134.782 133.202 132.395 132.193 131.962 130.333 135.168 134.703 134.746 133.847 131.772 132.945 131.268 130.683 134.674 134.323 134.316 133.688 132.693 131.988 131.343 130.738 134.915 134.735 134.313 133.348 132.876 132.473 131.869 131.443 135.518 135.03 134.444 134.108 132.938 132.019 131.482 131.813 
145.431 142.552 141.58 139.906 137.398 134.565 131.366 128.704 143.372 143.621 141.995 139.152 136.873 133.59 129.621 126.396 144.659 143.291 141.261 138.457 136.591 131.501 128.058 126.621 145.511 144.15 141.698 138.647 137.256 132.709 129.058 127.591 146.149 145.842 141.82 138.965 137.962 134.342 130.627 126.705 144.353 145.014 142.625 137.745 135.495 133.215 130.275 127.978 142.303 140.218 139.42 137.854 135.773 134.138 131.283 128.401 142.321 140.961 140.515 137.603 135.324 131.573 129.721 126.703 
174.404 167.423 151.743 140.729 130.405 110.631 91.1635 80.0185 176.281 165.036 152.178 141.888 130.5 113.979 96.6878 77.6831 176.375 166.834 154.129 143.861 134.027 112.868 100.517 82.9742 176.851 166.439 156.577 143.892 136.789 117.398 98.9481 86.1442 176.79 167.736 156.587 146.229 133.708 119.651 103.477 86.2504 177.093 166.925 157.501 145.555 138.199 115.678 106.047 90.5613 177.124 169.673 157.337 146.444 137.044 120.954 102.193 91.7 178.361 170.273 160.992 145.655 137.278 119.246 104.663 89.9384 
150.221 144.449 133.588 125.309 117.614 101.586 87.9095 80.692 186.09 177.002 166.216 158.89 150.54 137.317 124.601 111.002 186.232 178.572 169.565 161.629 154.23 136.139 127.037 114.412 186.297 178.223 171.489 161.473 156.033 140.594 127.093 116.698 186.471 178.984 171.044 162.787 153.564 141.479 129.612 117.632 187.096 178.725 170.845 161.595 156.196 137.911 130.637 119.787 187.022 180.633 170.769 162.239 155.052 141.171 127.151 120.029 187.37 180.514 173.178 162.019 154.901 139.895 129.059 118.674 
181.004 180.216 178.254 175.946 174.142 172.091 171.008 170.593 183.583 183.267 182.524 179.251 179.497 176.429 175.885 175.759 184.548 182.863 182.222 180.379 178.979 176.336 174.303 173.604 183.312 184.583 182.252 180.871 179.834 175.499 174.392 171.642 183.26 183.46 183.153 181.037 180.08 176.514 174.688 173.158 185.171 184.71 182.124 181.107 180.514 177.674 175.851 173.012 185.643 184.782 181.25 180.672 180.361 177.415 175.893 172.848 182.954 182.287 181.005 179.276 177.61 177.346 173.843 171.529 
184.255 184.038 182.89 181.248 180.052 178.849 179.186 181.073 184.534 184.527 184.461 181.609 182.38 180.663 180.65 182.431 185.736 184.721 184.513 183.074 182.468 180.473 179.196 180.638 184.821 185.686 184.506 183.606 183.252 179.404 178.629 178.825 184.685 184.552 184.303 183.074 183.108 179.727 179.054 180.156 186.874 186.363 183.634 182.751 182.932 180.822 179.913 180.075 186.934 186.237 183.476 182.753 182.872 181.242 180.068 179.613 184.73 184.151 183.691 181.429 180.512 181.073 177.914 177.388 
188.218 189.326 187.234 187.559 186.643 183.92 183.947 184.274 187.414 188.257 187.663 188.748 188.645 184.493 183.35 185.59 186.751 184.607 185.543 187.88 188.393 185.011 183.564 186.265 185.598 186.386 185.346 185.306 186.192 184.748 184.67 184.35 185.655 187.983 188.212 185.272 183.846 184.203 184.82 184.163 185.783 189.377 186.483 184.858 184.111 183.09 184.561 186.057 188.935 189.601 187.731 185.473 184.99 185.204 184.995 186.004 185.902 186.683 188.404 188.632 187.606 186.326 183.575 184.256 
206.528 205.966 205.992 205.896 206.255 206.335 206.138 205.667 205.713 205.657 205.503 206.016 206.167 206.081 206.004 205.826 205.617 205.655 206.107 206.152 206.185 205.895 206.121 206.312 205.818 205.197 206.086 206.232 206.032 205.919 206.435 206.321 205.73 205.791 206.055 206.451 206.006 205.94 206.655 206.637 205.504 205.833 205.988 205.995 205.796 206.036 206.312 206.422 206.082 205.904 205.959 205.944 205.767 205.495 205.952 205.762 173.259 172.925 173.24 173.14 172.747 172.435 172.665 172.813 
207.334 207.299 207.097 206.772 206.7 207.461 206.948 206.296 207.026 207.33 206.972 206.824 206.823 207.132 206.974 206.593 207.168 207.109 207.378 206.991 207.117 207.424 207.373 207.261 207.113 206.763 207.411 207.261 207.389 207.147 207.373 207.406 206.837 206.595 207.283 207.538 207.346 207.112 207.418 207.906 206.437 206.475 207.31 206.85 207.065 207.67 207.708 207.975 207.627 207.206 207.206 207.176 206.889 206.903 207.652 207.637 208.103 207.915 207.542 207.49 206.664 206.703 207.445 207.784 
213.452 213.986 212.956 212.983 212.738 213.412 213.055 212.682 213.718 214.329 213.978 213.557 213.149 213.141 213.02 213.372 214.355 214.292 214.672 213.806 213.345 213.567 213.943 214.035 214.296 214.434 214.876 213.949 213.515 214.006 213.813 214.179 214.393 214.678 214.841 213.935 213.686 214.215 214.127 214.166 214.05 214.009 214.428 214.266 213.99 214.184 214.247 214.13 214.599 214.492 214.041 214.43 213.842 213.782 214.247 214.062 214.847 215.087 214.363 213.975 214.07 213.884 214.374 214.6 
216.563 216.866 216.173 216.402 215.726 216.147 215.694 215.646 217.109 217.004 216.689 216.634 216.579 216.411 215.647 216.138 217.678 217.174 217.476 216.986 216.845 217.106 216.028 215.942 217.601 217.643 217.954 217.08 216.894 216.908 216.122 216.194 217.892 217.83 218.177 216.929 216.507 216.312 216.674 217.011 217.74 217.201 217.326 216.966 216.905 217.028 216.836 216.838 218.151 217.958 217.712 217.43 216.853 216.977 216.749 216.533 218.138 218.402 217.867 217.352 216.932 216.85 216.906 216.601 
129.841 129.611 130.892 130.694 130.116 130.551 130.236 130.9 130.951 130.027 130.387 130.33 130.849 130.734 129.762 131.374 131.075 131 131.138 130.719 131.005 130.613 130.498 131.298 131.04 130.752 131.006 131.735 132.2 132.888 132.255 132.125 128.972 130.455 131.188 131.524 132.275 132.915 132.956 132.741 130.577 131.352 131.267 131.503 132.155 132.469 132.124 132.022 131.401 132.047 131.597 131.886 132.209 132.408 131.878 131.682 129.794 130.807 132.19 133.11 132.172 131.903 131.652 131.663 
131.187 131.247 131.432 130.566 130.161 130.267 128.828 128.92 132.419 131.833 131.01 130.503 130.675 129.769 128.749 129.11 131.962 131.723 131.322 130.525 129.723 129.526 129.466 129.398 131.198 130.748 131.095 131.002 130.8 131.243 131.303 130.775 129.159 130.208 130.918 130.759 130.567 131.432 131.12 131.108 130.34 130.796 130.686 130.398 130.541 130.601 129.916 129.859 131.508 131.74 130.824 130.59 130.777 130.786 130.079 129.698 130.021 130.638 131.336 132.022 131.103 130.498 130.071 130.386 
127.616 126.809 126.982 126.527 125.8 125.519 124.689 124.681 127.962 127.069 126.571 125.628 126.654 126.944 125.673 124.537 128.747 127.918 127.726 126.329 127.344 126.652 124.87 123.521 129.117 128.607 128.367 128.024 128.315 126.26 124.897 123.94 127.697 129.152 129.761 128.82 127.606 126.537 125.13 124.544 128.61 129.293 129.12 128.378 126.608 127.663 124.881 124.793 129.092 128.309 128.361 127.803 127.862 128.693 126.396 124.727 127.275 128.385 128.842 128.397 128.351 127.945 127.332 125.082 
125.821 125.139 124.844 124.689 123.934 123.489 122.965 122.217 125.916 125.3 124.447 123.661 124.777 125.179 124.325 122.069 126.966 126.086 125.584 124.395 125.868 125.115 122.983 120.697 127.422 127.28 126.911 126.268 126.521 123.757 122.047 120.431 126.965 128.246 128.787 127.571 125.586 124.331 122.288 121.13 127.126 127.987 128.266 127.467 124.853 126.051 122.941 122.625 127.072 126.076 127.056 126.556 126.644 127.312 124.791 122.535 126.154 127.184 127.355 126.651 126.831 126.333 125.662 122.944 
125.83 123.473 119.773 116.924 114.023 106.962 101.968 100.17 140.511 137.024 132.606 129.401 127.817 122.809 117.879 112.32 141.341 138.147 134.776 130.91 130.135 121.987 117.446 112.395 142.195 139.031 136.49 132.663 131.231 122.342 116.324 112.814 141.718 140.048 137.89 134.261 129.859 123.028 117.345 113.711 141.941 139.538 137.019 133.454 130.226 123.582 118.488 115.571 141.96 139.119 136.139 132.829 130.876 125.93 119.242 115.956 141.169 139.867 137.616 132.824 131.121 124.524 120.582 115.367 
33.3714 33.2326 33.1765 32.723 31.974 30.2264 30.1572 28.5925 177.797 179.616 177.214 177.896 177.751 174.873 173.999 171.72 178.276 180.931 180.764 181.672 180.573 175.33 173.745 171.681 178.939 181.106 180.965 180.569 180.188 177.416 177.297 172.869 178.155 179.857 180.095 180 179.405 176.476 177.341 173.817 177.806 178.882 178.504 178.88 178.8 177.336 176.939 173.325 176.654 177.588 178.452 178.305 178.79 176.826 175.252 172.763 176.016 177.997 177.802 177.885 177.754 175.201 174.663 173.628 
93.9133 90.6906 93.3512 97.2862 105.674 114.392 123.568 124.888 168.885 166.755 167.979 171.831 179.133 189.883 197.458 199.978 169.759 167.374 172.341 175.704 180.622 189.163 197.869 200.36 169.408 168.842 171.106 175.013 182.271 190.272 200.04 200.949 168.534 167.576 170.429 173.347 181.951 191.351 198.819 200.956 168.675 167.003 169.01 174.336 179.887 190.985 198.506 200.194 168.588 166.774 168.797 172.679 180.485 189.01 198.545 199.611 167.97 166.151 169.257 172.897 179.141 190.803 198.368 199.275 
184.802 185.857 183.832 184.581 183.774 180.776 180.493 181.053 185.571 186.654 186.369 187.685 187.447 183.118 182.014 184.33 185.402 183.39 184.368 187.084 187.625 184.373 182.657 185.471 184.535 185.909 184.625 184.452 185.625 184.344 184.111 183.671 185.153 187.779 187.914 184.725 183.437 184.125 184.452 183.793 185.455 189.559 186.285 184.926 184.27 183.352 184.66 186.302 189.133 190.076 188.118 185.799 185.49 186.108 185.627 186.806 186.329 187.351 189.202 189.637 188.772 187.499 184.68 185.344 
187.657 188.223 187.149 188.465 188.407 186.349 186.097 185.721 186.471 187.169 186.848 189.286 189.376 186.46 185.23 186.363 185.748 184.794 185.788 188.287 189.275 187.195 186.12 187.475 185.738 185.767 186.033 186.218 187.206 187.496 187.029 186.974 186.114 187.962 188.234 186.728 185.685 186.725 187.404 186.449 185.83 188.971 187.311 186.623 186.052 185.963 187.034 188.178 188.541 189.6 189.124 187.418 187.246 187.891 187.583 188.372 187.554 188.405 189.946 190.409 189.96 188.644 187.401 187.697 
190.429 190.933 189.952 191.24 191.08 189.515 189.369 189.164 189.57 190.342 189.931 192.001 191.636 189.798 188.717 189.648 189.508 188.627 189.052 190.974 191.494 190.546 189.57 190.224 189.507 189.579 189.432 189.342 190.061 190.298 190.076 189.761 189.625 190.812 191.21 189.794 188.904 189.575 190.045 189.341 189.336 191.781 190.501 189.471 188.883 189.028 190.043 190.815 191.266 192.232 191.818 190.263 189.919 190.587 190.418 191.28 190.053 191.006 192.317 192.545 191.876 190.837 190.084 190.453 
197.022 196.87 196.985 197.196 197.288 197.356 197.419 197.122 196.551 197.086 197.087 197.437 197.005 197.13 197.058 197.321 196.869 197.273 197.348 197.167 196.799 197.452 197.484 197.47 197.287 197.002 197.603 197.133 197.184 197.706 197.903 197.746 197.349 197.278 197.762 197.617 197.728 198.181 198.498 198.484 197.26 197.568 197.998 197.857 197.944 198.471 198.921 198.81 197.984 198.155 198.163 198.372 198.267 198.189 198.839 198.815 198.04 198.364 198.564 198.449 198.259 198.024 198.632 198.696 
189.813 189.989 188.705 188.181 187.291 187.12 187.47 188.663 189.486 190.793 190.443 187.027 185.581 186.244 185.61 186.039 190.115 191.093 190.414 187.861 184.837 186.336 186.534 187.526 189.664 189.264 189.258 189.084 188.133 188.283 188.743 188.438 189.603 188.703 188.188 190.067 189.183 189.569 190.046 189.013 189.687 189.071 188.73 188.361 188.413 189.951 190.484 186.951 190.127 190.357 190.745 189.328 189.076 190.363 190.616 189.4 189.438 188.809 189.782 188.358 188.364 189.255 191.052 190.389 
196.147 196.71 195.771 195.338 195.551 196.159 195.965 195.94 196.788 197.481 197.398 196.591 196.23 196.199 195.676 196.18 197.411 197.463 198.196 197.743 196.839 197.264 196.121 196.351 198.185 198.176 198.751 198.642 197.689 197.777 197.054 197.482 198.454 198.279 198.931 198.337 197.555 198.284 198.045 198.126 198.51 197.896 198.794 199.012 198.696 199.275 198.529 197.67 197.044 196.337 197.397 198.872 198.894 198.721 198.089 196.947 196.814 196.064 196.307 197.381 197.57 198.078 198.248 196.345 
121.242 121.572 123.271 124.368 125.04 125.923 128.362 129.688 123.029 122.88 123.452 125.102 126.62 127.787 128.744 130.372 124.481 124.186 124.613 125.475 127.157 127.874 127.52 128.735 125.019 125.435 126.275 126.885 127.839 129.085 127.733 127.067 125.316 126.262 127.312 128.225 129.128 130.136 129.223 129.073 125.787 126.683 127.828 129.044 129.89 130.192 130.144 131.093 125.865 126.864 128.39 128.989 129.775 129.78 129.523 130.432 126.462 127.424 128.631 129.242 129.32 128.972 128.418 129.066 
126.447 126.323 127.167 126.707 126.414 126.53 126.264 126.715 127.512 126.746 126.946 126.884 127.117 126.784 125.869 127.046 127.183 127.321 127.718 127.212 126.925 126.741 126.699 126.979 126.895 126.595 127.187 127.816 128.163 128.665 128.337 127.759 124.876 126.363 127.24 127.499 128.307 128.525 128.883 128.636 126.345 126.94 127.025 127.144 127.728 127.879 127.692 127.639 127.364 127.786 127.065 127.12 127.613 127.729 127.136 126.977 125.803 126.546 127.588 128.361 127.905 127.63 127.376 127.301 
122.618 122.927 122.84 124.528 123.722 122.219 121.721 121.752 122.751 122.494 123.006 123.802 123.195 122.424 122.289 122.438 122.825 122.192 123.698 123.609 122.108 122.283 122.444 122.22 121.726 121.428 122.858 123.703 120.964 121.483 121.831 121.239 121.869 122.417 122.141 123.375 120.772 120.99 121.181 121.693 121.128 121.989 123.502 123.08 121.685 121.295 121.308 122.052 120.782 120.644 121.328 120.986 121.511 121.531 121.397 121.399 120.45 120.15 122.116 121.911 122.316 121.842 122.179 122.211 
122.89 122.436 122.349 122.13 121.54 121.354 120.901 120.752 123.016 122.419 121.801 121.128 122.019 122.74 122.108 120.414 123.771 123.105 122.643 121.477 123.005 122.49 120.625 119.194 124.466 124.172 123.735 123.282 123.345 121.08 119.558 118.718 124.065 124.91 125.311 124.333 122.948 121.477 119.616 119.337 124.468 124.757 124.731 124.15 122.25 123.27 120.287 120.219 124.581 123.586 123.839 123.299 123.455 124.291 122.129 120.486 123.528 124.212 124.19 123.355 123.669 123.487 122.885 120.421 
121.935 121.413 121.036 120.869 120.749 120.646 120.006 119.101 121.865 121.29 120.829 120.602 120.37 119.746 119.306 118.993 121.209 121.183 120.752 120.361 120.056 119.385 118.623 118.488 121.003 120.692 120.44 119.998 119.461 118.874 118.077 117.88 120.607 120.265 120.017 119.678 119.165 118.207 117.554 117.728 120.131 119.91 119.671 119.533 119.108 118.198 117.863 118.018 120.119 120.19 119.709 119.166 118.812 117.991 117.789 117.941 120.17 120.196 119.663 118.8 118.428 118.07 117.776 117.789 
104.582 103.455 104.456 105.862 107.784 110.778 113.473 113.585 130.031 128.68 128.398 129.563 131.387 134.074 136.658 136.98 128.918 128.097 129.088 130.301 131.889 132.993 135.421 136.163 128.377 127.492 128.246 129.483 131.044 133.276 135.317 135.131 127.263 126.419 127.445 128.361 130.148 131.994 134.071 135.579 125.962 125.077 126.33 127.566 129.125 131.345 133.848 135.17 125.281 124.776 125.534 126.528 128.157 130.652 133.285 134.405 125.074 124.437 125.146 125.741 127.725 130.287 132.798 133.729 
114.341 119.502 126.212 135.583 155.021 177.29 195.772 198.052 128.499 134.593 143.202 151.464 168.202 192.429 210.577 215.436 127.986 133.396 145.979 154.071 167.165 191.514 211.569 216.31 127.505 135.411 142.154 152.391 170.339 189.853 211.926 216.421 126.166 133.051 140.964 149.766 170.433 194.063 211.069 214.991 126.95 133.449 139.527 152.619 167.898 193.107 210.713 213.947 128.047 134.516 140.388 148.913 168.139 189.346 210.469 213.041 128.329 134.66 142.022 150.495 164.954 193.489 210.499 213.446 
166.109 164.577 165.808 170.095 175.846 179.867 184.05 184.151 164.873 164.123 166.279 168.879 175.43 180.049 184.698 185.246 164.575 163.989 166.115 168.976 174.946 179.862 184.193 184.516 165.323 165.37 166.873 170.697 175.403 179.584 182.137 183.768 165.425 166.134 167.994 170.117 175.758 179.272 182.046 183.063 164.991 164.335 165.926 168.751 175.188 181.014 182.535 183.021 164.555 163.282 164.607 168.42 174.786 180.61 181.781 181.966 164.497 164.003 165.312 167.719 173.167 178.693 180.935 181.296 
180.681 181.977 180.49 182.727 182.926 181.386 180.894 181.245 179.928 180.873 180.679 183.206 183.518 180.753 180.369 181.175 178.996 177.291 178.875 182.625 184.16 181.525 181.099 181.963 178.71 178.188 178.346 179.544 181.515 181.901 181.903 181.23 178.762 180.189 180.551 179.286 178.941 180.996 182.645 180.853 178.351 181.53 179.803 179.471 179.304 179.389 181.285 182.366 180.899 182.112 181.67 180.196 179.785 180.766 180.643 182.492 179.092 180.319 182.018 182.908 182.407 181.467 180.432 181.118 
177.804 177.711 177.632 178.14 178.654 178.64 178.432 178.613 177.324 177.579 177.491 178.418 178.66 178.552 178.467 178.587 177.272 177.547 177.816 178.324 178.587 178.671 178.73 178.273 177.576 177.291 177.88 177.816 178.133 178.848 178.301 178.195 177.367 177.498 178.043 178.294 178.418 178.779 178.891 178.276 177.402 177.699 177.874 178.288 178.435 178.574 178.6 178.321 177.586 178.058 178.128 178.266 178.617 178.464 178.225 178.18 177.982 178.14 178.381 178.343 178.383 178.412 178.297 178.071 
175.492 175.55 174.437 174.238 173.789 173.432 173.897 175.236 174.974 176.278 176.384 173.466 171.881 172.711 172.683 172.979 175.489 176.569 176.019 173.958 170.912 172.501 173.241 173.823 175.075 174.776 174.62 174.543 173.952 174.287 175.352 174.716 175.079 174.374 173.524 175.614 174.987 175.492 176.141 174.735 175.344 174.623 174.204 174.166 174.117 175.684 176.654 172.766 174.914 175.392 176.308 175.242 174.982 176.178 176.33 175.62 173.92 173.655 175.568 174.331 174.669 175.368 176.577 176.365 
169.555 169.152 167.345 166.145 165.967 166.165 166.62 167.315 168.909 170.184 169.949 165.733 163.903 165.232 165.646 166.13 169.248 170.315 169.725 167.185 163.188 164.956 166.132 167.077 168.476 168.27 168.659 168.215 166.807 167.511 168.921 168.248 168.3 167.674 166.903 168.709 168.242 169.452 170.044 168.665 169.179 168.139 168.216 167.936 167.918 169.963 170.487 166.809 169.108 168.805 170.554 169.632 169.036 170.622 171.277 169.889 168.298 167.241 169.731 168.825 169.118 170.007 171.522 170.38 
172.785 173.006 171.27 170.029 170.271 170.303 170.56 171.806 172.434 173.95 173.807 169.72 168.299 169.03 168.414 168.899 173.221 174.37 174.236 171.777 167.87 169.143 169.343 171.026 173.221 172.886 173.039 173.601 171.903 171.995 172.923 172.557 173.366 172.397 171.665 174.337 172.955 173.903 174.099 172.757 173.625 172.631 172.305 172.395 172.37 174.452 174.325 169.775 172.314 171.914 173.618 173.162 173.337 174.801 174.164 172.283 171.443 169.511 171.802 171.615 172.083 173.46 174.748 172.823 
115.72 116.036 117.323 118.224 118.648 119.657 122.312 123.377 117.464 117.378 117.988 119.238 120.757 121.931 122.859 124.23 119.06 118.86 119.452 120.368 122.016 122.715 122.116 123.063 119.754 120.419 121.316 122.094 123.149 124.068 122.712 122.016 120.353 121.639 122.875 124.044 124.929 125.511 124.883 124.582 121.255 122.22 123.608 124.841 125.819 126 126.36 126.944 121.854 122.824 124.205 124.688 125.76 125.817 125.861 126.695 122.717 123.388 124.632 125.245 125.485 125.496 125.433 126.001 
117.784 118.63 118.929 120.651 120.16 119.182 119.269 119.635 117.962 118.27 119.107 119.916 119.493 119.421 119.914 120.663 118.288 118.112 119.975 120.117 118.933 119.678 120.333 120.787 117.572 117.695 119.301 120.587 118.42 119.271 119.903 119.867 118.158 118.703 118.943 120.724 118.821 119.192 119.682 120.445 117.746 118.702 120.432 120.501 119.935 119.972 120.191 120.943 117.629 118.008 118.593 118.619 119.581 120.335 120.488 120.707 117.618 117.631 119.757 119.705 120.648 120.821 121.274 121.151 
117.743 118.347 118.375 120.518 119.56 118.292 118.122 118.278 117.617 117.609 118.495 119.472 118.779 118.527 118.725 119.114 117.857 117.372 119.398 119.424 118.011 118.488 118.755 119.072 117.011 116.953 118.6 119.862 116.915 117.59 117.912 117.807 117.412 117.951 117.823 119.649 116.93 116.968 117.322 118.264 116.566 117.553 119.278 119.155 117.906 117.598 117.763 118.478 116.217 116.277 116.748 116.495 117.214 117.883 118.005 118.15 115.995 115.522 117.745 117.397 118.378 118.499 118.999 118.871 
116.696 117.017 117.106 118.66 117.317 116.055 115.609 115.807 116.435 116.592 116.96 117.519 116.577 116.426 116.41 116.689 116.251 116.198 117.392 117.544 116.093 116.476 116.422 116.62 115.223 115.429 116.506 117.793 114.609 115.079 115.124 115.052 115.439 116.112 116.128 117.277 114.289 114.194 114.32 115.128 114.722 115.801 117.383 116.872 115.132 114.847 114.923 115.464 114.25 114.518 114.802 114.518 114.829 115.498 115.521 115.349 113.93 113.618 115.743 115.203 115.727 115.926 116.345 115.952 
116.865 116.756 116.737 117.045 117.318 117.831 117.926 117.406 116.646 116.446 116.32 116.422 116.638 117.109 117.227 116.793 115.762 115.849 115.608 115.902 116.113 116.12 116.134 116.038 115.047 114.972 114.839 114.946 115.124 115.114 114.991 114.996 114.084 113.976 114.005 114.053 114.164 113.928 113.796 114.264 113.088 112.81 113.128 113.433 113.388 113.154 113.499 113.722 112.435 112.351 112.265 112.352 112.605 112.613 112.875 113.157 111.953 111.86 111.602 111.46 111.824 111.999 112.108 112.241 
110.122 111.398 112.381 113.251 114.508 116.911 118.647 118.607 109.301 110.844 111.994 112.777 113.673 115.949 117.175 117.404 108.285 110.1 110.839 111.696 112.194 114.273 115.771 115.852 106.999 109.193 109.685 109.982 111.536 113.194 114.451 114.336 105.208 107.357 107.984 108.535 110.653 111.952 112.985 113.033 103.427 105.482 105.826 106.989 108.999 109.937 111.528 111.531 102.641 104.696 104.593 105.512 107.791 108.924 109.764 110.502 102.447 103.762 103.066 103.708 106.232 107.42 108.603 109.458 
112.65 115.878 118.224 121.837 127.248 134.254 139.086 140.509 111.801 114.788 117.459 120.864 125.881 132.741 138.109 140.018 110.177 112.88 116.279 119.785 125.061 132.073 137.454 139.442 109.674 112.094 115.124 118.402 124.233 130.53 135.846 137.938 107.993 111.084 113.377 116.576 122.674 129.104 134.524 136.7 107.213 109.6 112.987 115.992 120.669 128.215 133.576 135.554 106.67 108.796 111.865 115.394 119.515 126.432 132.048 133.507 106.387 108.426 111.245 114.527 119.319 125.51 130.635 132.684 
148.903 153.57 154.411 157.769 160.634 164.73 166.583 169.419 148.439 152.502 154.431 156.757 159.591 162.534 166.451 166.674 148.079 150.3 153.062 157.744 160.836 162.344 164.891 164.611 147.451 148.708 151.945 155.935 159.772 162.204 165.026 164.932 145.819 148.251 150.309 153.887 157.794 161.62 165.662 164.972 145.273 148.031 150.136 153.591 156.389 159.539 162.479 163.099 144.888 148.093 150.293 152.933 153.466 156.021 158.607 161.395 143.879 147.393 148.364 150.479 151.744 154.886 157.271 159.689 
167.044 168.107 168.15 169.65 170.826 172.294 172.299 173.709 166.562 167.544 168.367 169.234 170.368 171.03 172.345 172.199 166.204 165.825 167.298 169.51 170.894 170.608 171.574 170.965 165.812 164.667 166.454 168.141 169.914 170.888 171.4 171.189 164.996 164.534 165.647 167.246 168.642 170.448 172.428 171.303 165.266 164.982 165.459 167.193 168.149 168.947 170.301 170.315 165.123 165.346 165.881 166.796 166.743 166.912 167.748 169.124 162.247 162.458 162.295 163.077 162.896 164.027 164.83 165.915 
165.011 165.763 165.47 166.463 167.157 168.279 168.12 169.319 164.644 165.335 165.687 166.42 167.067 167.413 168.465 168.301 164.769 164.3 165.037 166.879 167.785 167.519 168.135 167.126 164.715 163.624 164.787 165.888 167.14 167.869 168.248 167.784 164.291 163.662 164.538 165.633 166.37 167.431 168.861 167.96 164.697 164.239 164.707 166.159 166.335 166.451 167.549 167.419 164.596 164.795 165.362 166.059 165.471 165.149 165.745 167.116 164.333 164.587 164.586 165.118 164.918 165.482 165.656 166.703 
160.545 159.661 158.879 158.424 158.704 159.648 159.521 158.744 159.748 159.969 159.974 159.362 158.587 159.942 161.169 161.566 159.569 159.526 159.444 159.35 158.747 159.842 161.134 160.359 158.744 158.658 159.882 158.889 158.833 160.212 161.013 160.821 158.007 157.811 158.822 158.816 160.238 160.988 160.751 160.709 159.706 158.682 160.016 160.123 160.437 160.987 161.175 161.708 160.871 160.086 161.72 161.961 161.231 161.634 162.733 162.883 160.856 160.606 161.873 162.191 162.339 162.429 162.142 162.364 
162.362 161.764 160.07 159.242 159.053 159.222 159.691 160.397 161.561 162.602 162.48 158.735 157.04 158.368 158.977 159.424 161.824 162.744 162.104 159.631 156.207 157.982 159.402 160.026 160.772 160.498 160.868 160.45 159.361 160.239 161.724 161.049 160.715 159.95 159.159 161.323 160.924 161.95 162.277 161.146 161.823 160.619 160.355 160.371 160.35 162.225 162.639 159.433 161.903 161.787 163.178 162.121 161.5 162.976 163.505 162.665 161.13 160.341 162.542 161.473 161.895 162.614 163.638 163.335 
141.61 141.951 141.649 140.674 141.207 142.328 142.222 140.868 141.355 141.416 141.597 141.48 141.382 142.641 142.013 141.896 142.172 142.334 142.301 141.885 142.421 143.571 142.31 142.378 142.631 143.922 143.837 142.279 143.015 144.858 144.081 143.806 141.577 142.612 143.197 142.057 143.258 145.941 144.909 142.665 142.278 141.567 143.215 143.145 143.361 143.785 141.798 140.563 142.543 141.151 142.586 144.466 144.138 143.464 142.988 141.802 141.949 141.643 142.308 143.952 145.153 144.872 143.504 143.548 
110.168 110.4 110.204 110.484 110.654 111.228 111.828 112.274 110.658 111.155 111.288 111.49 111.719 112.193 113.005 113.443 112.165 112.5 112.675 113.136 113.226 113.677 114.367 114.64 113.509 114.062 114.082 114.586 114.835 115.152 115.573 115.718 115.168 115.642 115.885 116.219 116.757 116.865 117.5 117.415 116.675 116.953 117.654 117.867 118.291 118.59 119.114 119.251 118.005 118.531 118.903 119.345 119.679 120.231 120.309 120.07 119.557 120.03 120.082 120.777 121.154 121.213 121.146 120.822 
112.356 112.77 112.637 112.96 113.134 113.624 114.325 114.462 112.609 112.9 113.194 113.595 113.72 114.065 114.611 115.049 113.202 113.48 113.972 114.37 114.467 114.866 115.186 115.309 113.597 114.096 114.367 114.875 115.124 115.405 115.563 115.732 114.253 114.543 114.955 115.506 115.884 115.805 116.286 116.364 114.774 114.886 115.287 115.786 116.32 116.398 116.768 116.869 115.205 115.385 115.463 116.052 116.423 116.948 117.2 117.187 115.528 115.692 115.964 116.23 116.619 117.196 117.333 117.374 
113.78 114.25 114.423 116.009 115.052 114.067 113.911 114.213 113.706 114.029 114.541 115.115 114.514 114.593 114.79 115.196 113.855 113.838 115.109 115.376 114.126 114.717 114.988 115.292 113.085 113.413 114.348 115.656 112.977 113.611 114.051 114.172 113.58 114.033 114.076 115.427 113.053 113.113 113.541 114.358 112.921 113.875 115.404 115.181 113.913 113.806 114.009 114.654 112.704 113.016 113.308 113.329 113.608 114.508 114.702 114.571 112.501 112.436 114.337 113.923 114.635 115.001 115.392 115.108 
108.089 109.039 110.178 109.288 107.098 105.932 106.216 106.111 108.767 109.825 108.999 107.895 107.715 105.614 107.11 106.785 108.075 109.372 107.933 106.708 107.261 106.035 108.135 108.509 107.33 108.39 107.173 106.652 107.132 106.945 108.079 108.931 107.667 107.2 107.496 107.464 107.302 108.366 107.993 108.207 108.39 108.368 107.828 108.949 108.923 109.348 107.879 107.998 109.114 108.76 106.291 106.65 108.482 108.602 108.4 108.086 108.307 108.298 107.404 106.727 108.664 108.262 107.981 108.037 
109.382 109.207 109.333 108.691 108.005 108.203 108.364 108.548 109.597 109.894 108.852 108.583 108.121 108.909 108.793 108.956 108.586 109.612 108.279 108.775 108.521 108.808 108.694 108.508 107.97 108.948 108.044 108.407 107.891 107.939 107.886 107.538 107.506 108.223 108.665 107.967 107.553 107.126 107.29 107.196 107.082 107.629 107.79 107.704 106.92 106.948 107.448 107.393 106.953 107.247 106.754 107.025 106.821 107.55 107.778 107.41 106.85 106.864 106.663 106.604 106.655 107.31 107.282 106.871 
103.685 104.031 104.776 105.422 105.94 107.354 108.463 108.673 103.275 103.556 104.314 104.946 105.327 106.634 107.358 107.842 102.533 102.898 103.365 103.971 104.364 105.496 106.466 106.747 101.447 101.964 102.312 102.455 103.484 104.545 105.362 105.648 100.012 100.527 101 101.465 102.549 103.308 104.116 104.57 98.6006 99.0664 99.3595 100.102 101.158 101.774 102.854 103.392 97.7617 98.0783 98.1403 98.7957 100.104 100.989 101.736 102.426 97.4706 97.5186 96.993 97.7149 99.1692 99.7448 100.765 101.604 
98.8182 100.059 101.159 102.102 103.033 105.405 107.199 107.546 98.333 99.7497 100.847 101.821 102.343 104.613 105.82 106.417 97.4651 99.2296 99.7825 100.439 101.003 103.006 104.402 104.691 96.4304 98.6013 99.0263 98.9256 100.469 102.26 103.519 103.566 95.2677 97.3765 97.8563 98.2555 100.221 101.503 102.65 102.709 93.9428 96.0788 95.8446 96.7484 98.7657 100.023 101.316 101.405 93.3081 95.3314 94.9924 95.6919 98.065 99.2707 99.9366 100.37 93.8452 94.8374 93.8185 94.49 96.8846 97.8134 99.1405 99.9936 
94.158 95.5072 97.5848 99.1917 100.283 101.812 101.887 101.331 94.1673 95.4256 97.905 99.3104 100.07 100.584 101.527 101.143 94.4086 94.7259 97.075 98.2291 98.6308 99.6246 100.064 100.521 94.0486 94.0841 95.0289 95.3939 97.1423 98.01 99.0435 99.2261 92.3022 91.7589 92.5646 93.8169 95.1855 96.3394 96.7027 97.0891 90.1894 89.9761 91.7443 92.4399 92.6556 92.8309 93.743 93.801 87.0121 88.3642 89.7361 90.1059 90.0488 90.5058 90.3869 90.8577 81.6209 82.4372 83.7827 85.0672 85.9271 86.6847 86.262 86.1448 
156.927 158.413 158.452 160.349 161.112 163.067 163.244 165.72 155.842 156.947 158.067 158.717 159.699 160.525 162.521 162.266 154.687 153.825 155.636 158.532 159.83 159.221 160.338 159.462 153.044 151.565 153.4 155.497 157.484 157.999 159.472 158.861 150.713 149.74 150.785 152.543 154.04 156.089 159.101 157.841 148.866 148.352 148.734 150.926 151.443 152.394 154.226 154.606 147.092 147.265 147.935 148.96 147.971 148.068 149.357 152.092 140.431 140.722 140.679 141.377 140.604 141.716 142.941 144.947 
156.721 156.78 156.824 156.981 157.309 157.444 157.028 156.825 155.961 156.588 156.699 156.858 156.84 156.949 156.406 156.256 155.469 155.448 155.834 155.908 155.944 156.125 155.974 155.445 154.123 154.255 154.6 154.672 154.484 155.073 154.71 154.325 153.276 153.307 153.679 153.762 153.627 154.036 153.944 153.531 153.038 152.855 152.687 152.809 152.57 152.214 152.566 152.623 152.202 151.951 151.491 151.542 151.682 151.12 151.397 151.493 148.669 148.178 147.636 147.821 147.575 147.607 147.667 147.902 
146.009 145.939 145.655 144.99 144.985 145.015 144.66 144.467 145.449 145.603 145.447 144.793 144.627 144.434 144.303 144.34 144.975 144.88 144.631 143.771 144.114 144.04 143.991 143.45 144.32 144.141 143.829 142.799 143.118 143.561 143.744 143.656 144.25 144.125 143.826 142.926 142.923 142.915 143.07 143.057 144.018 143.652 143.573 143.1 142.843 142.516 142.614 142.473 143.444 143.323 142.588 142.697 142.596 141.964 142.051 142.292 143.295 143.084 142.171 142.163 142.228 142.141 141.608 141.871 
132.441 132.551 132.465 131.777 131.88 132.743 132.664 131.372 132.094 131.926 132.209 132.165 131.911 132.921 132.434 132.303 132.723 132.885 132.621 132.115 132.712 133.676 132.576 132.391 132.859 134.061 133.691 131.99 132.759 134.536 133.787 133.433 131.82 132.659 132.995 131.761 132.916 135.528 134.637 132.339 132.472 131.664 132.908 132.854 132.964 133.168 131.489 130.281 132.899 131.71 132.581 134.167 133.67 132.827 132.557 131.501 132.396 132.28 132.612 133.757 134.988 134.337 132.905 133.416 
121.667 122.392 122.834 122.194 122.46 123.032 123.097 122.243 121.768 121.716 122.069 122.454 122.669 123.128 122.026 121.933 122.792 123.083 122.864 122.437 123.673 124.229 122.381 122.761 123.202 124.623 123.847 122.557 123.602 125.184 123.927 123.782 122.18 123.324 123.477 122.5 123.383 125.911 124.898 122.527 122.189 121.864 122.615 122.873 123.218 123.168 121.412 119.938 122.29 121.518 121.662 123.44 123.55 122.298 121.678 120.818 121.803 121.837 121.503 122.825 124.373 123.893 122.206 123.041 
104.666 105.115 105.176 105.45 105.331 105.258 105.703 106.219 105.616 105.781 106.383 106.486 106.343 106.163 106.534 107.024 106.845 107.038 107.387 107.553 107.376 107.329 107.531 107.856 108.087 108.004 108.705 108.887 108.756 108.799 109.29 109.614 108.978 108.735 110.098 110.408 110.662 110.967 111.585 111.404 111.235 111.585 112.564 112.505 112.718 112.717 112.77 112.574 113.361 114.273 114.831 114.826 114.565 114.676 114.397 114.051 114.328 115.525 115.806 116.466 116.174 115.929 115.987 115.805 
106.814 107.077 107.23 107.484 107.505 107.72 108.096 108.527 107.064 107.32 107.67 107.795 107.906 108.191 108.706 108.859 107.565 107.954 108.13 108.24 108.552 108.947 109.309 109.402 108.199 108.586 108.544 108.744 109.03 109.336 109.771 110.009 108.955 109.131 109.149 109.419 109.859 110.104 110.449 110.425 109.579 109.7 110.087 110.206 110.474 110.688 110.669 110.783 110.298 110.462 110.695 111.018 110.954 111.151 111.031 110.859 110.763 111.076 111.186 111.45 111.377 111.207 111.2 111.006 
105.995 107.032 108.002 107.34 105.542 104.346 104.473 104.114 106.53 107.558 107.196 106.18 106.086 103.675 105.049 104.565 106.241 107.138 106.377 104.791 105.271 103.967 106.218 106.601 105.739 106.382 105.599 104.84 105.558 105.383 106.621 107.608 106.203 105.393 105.451 105.91 106.03 107.226 106.86 106.911 106.94 106.674 106.053 107.298 107.73 108.085 106.425 106.461 107.721 107.22 104.953 105.132 106.985 106.844 106.499 106.345 106.974 106.843 106.026 105.276 107.088 106.4 106.258 106.653 
105.861 106.783 107.832 106.748 104.483 103.136 103.199 103.03 106.523 107.573 106.709 105.415 105.193 102.909 104.18 103.674 105.777 107.036 105.681 104.248 104.675 103.337 105.37 105.551 105.029 106.099 104.938 104.306 104.67 104.322 105.558 106.188 105.363 104.848 105.064 105.129 104.982 105.872 105.556 105.538 106.141 105.981 105.454 106.558 106.591 106.944 105.457 105.391 106.924 106.508 104.069 104.279 106.07 106.019 105.744 105.389 106.048 106.015 105.237 104.411 106.131 105.55 105.343 105.366 
101.938 102.998 104.092 103.156 101.201 99.8527 99.7227 99.4216 102.692 103.557 103.029 101.812 101.619 99.1212 100.217 99.6542 102.381 103.074 102.154 100.415 100.74 99.3024 101.225 101.366 101.593 102.147 101.316 100.202 100.765 100.396 101.356 102.047 101.748 100.92 100.874 101.049 100.913 101.793 101.29 101.249 102.295 101.872 101.046 102.023 102.341 102.565 100.905 100.887 102.825 102.153 99.7472 99.6923 101.499 101.241 100.949 100.761 101.912 101.663 100.627 99.8747 101.562 100.741 100.544 100.74 
92.6397 92.3246 92.7635 92.8639 91.8934 90.3774 89.7416 89.8773 92.6292 92.2361 92.0525 92.4401 90.9206 89.295 88.5708 89.2099 92.4911 92.6061 92.0841 91.4625 90.3259 88.8599 88.3178 88.9185 92.214 92.2249 91.5294 90.0322 89.4243 88.8181 88.7032 88.6328 91.2665 90.3701 89.6694 89.021 88.2562 87.9456 88.3002 87.8139 90.5394 89.3509 88.6718 88.2183 87.754 87.5746 87.9513 87.419 90.3362 89.285 88.3188 87.9277 87.5869 87.3248 87.4312 87.009 89.0956 88.7177 88.1377 87.6965 87.6795 86.9773 86.9407 86.8583 
84.9198 85.3625 86.3895 87.8388 88.3519 88.9349 88.4634 88.0175 85.3772 85.8256 87.0209 87.9412 88.2701 88.2182 88.481 88.077 85.8677 85.6737 86.8043 87.1351 87.1967 87.5979 87.6548 87.8153 85.8768 85.4123 85.6857 85.4123 86.235 86.5175 87.1223 87.0923 85.2301 84.1934 84.4328 84.7654 84.9597 85.4453 85.8893 86.1484 83.8141 83.1524 84.0228 84.2056 84.1184 83.5052 84.3189 84.4865 82.0182 82.4867 83.0317 83.0993 82.9865 82.6853 82.6634 83.2904 80.8653 80.9601 81.5634 82.2241 82.8204 82.734 82.1376 82.0132 
81.5592 82.5135 83.8698 85.1175 85.5293 86.4268 86.272 85.4146 81.7799 82.6728 84.4981 85.1776 85.2131 85.4595 86.0604 85.1554 82.4637 82.2508 83.6388 84.08 84.0275 84.4622 84.4918 84.215 81.9371 81.5743 81.7849 81.5431 82.6027 82.9709 83.4464 83.2892 81.1509 80.1596 80.4489 80.7405 80.9558 81.5491 81.4296 81.6352 79.4948 78.6652 80.1376 80.2243 79.5428 78.4007 79.173 79.6893 77.349 77.7566 78.5247 78.2052 78.0521 77.6158 77.6086 78.5682 75.5954 75.8833 76.5474 77.197 77.6204 77.7853 77.3904 77.4427 
88.1632 88.9781 90.5336 91.6228 92.0996 92.8101 92.2574 91.355 87.9691 88.8256 90.8543 91.5086 91.7153 91.6044 91.8096 90.8814 88.1389 88.0397 89.8961 90.3683 90.0828 90.3614 90.2485 90.0885 87.4709 87.2223 87.5943 87.3895 88.4142 88.4734 88.9188 88.5919 85.5518 84.6112 84.8525 85.5512 86.1491 86.5848 86.3934 86.1983 83.1362 82.4715 83.7023 84.093 83.8424 82.9904 83.4473 83.0517 79.8885 80.7626 81.6479 81.735 81.3765 80.9333 80.3561 80.5947 74.5094 75.049 75.9228 76.7141 77.1858 77.3173 76.4053 75.9189 
106.447 106.744 106.287 104.864 104.942 104.635 104.297 103.546 104.584 105.081 104.744 102.691 102.205 102.114 101.58 100.536 102.862 102.79 101.709 99.472 99.3859 98.8922 98.8487 97.7071 100.164 99.8396 98.8466 95.9337 95.8725 95.9444 95.587 95.2433 97.9035 97.2313 96.1204 93.6089 93.2432 93.209 93.2059 92.8533 95.2202 94.9779 94.1345 92.0621 91.6706 91.0779 91.046 90.753 92.9637 92.8923 90.5202 89.9955 89.8598 89.2111 88.6415 88.798 90.9181 91.1166 88.9462 88.4897 87.1287 87.3843 87.0536 86.3606 
98.4616 98.5818 97.8052 96.6851 96.0392 95.5348 94.5782 94.1601 97.6546 97.5761 97.4557 95.5393 94.9351 94.159 93.3488 92.6267 96.7334 96.4009 95.6765 93.9127 93.3976 92.6946 91.8673 91.205 95.5543 95.1077 94.0919 92.2525 91.8108 90.9056 90.4062 89.6808 94.3889 93.8032 92.9376 91.1707 90.5348 89.6536 88.8904 88.81 93.4169 92.8151 91.903 90.4703 89.389 88.2293 87.8355 87.1445 92.2636 91.6348 89.6977 88.728 88.4464 87.3912 86.8429 86.2917 91.5815 90.5985 88.1175 88.0565 86.8161 86.44 85.6135 85.1617 
76.9508 76.7832 76.1186 75.7366 74.512 74.3402 74.3101 74.4577 76.893 75.3209 76.1163 76.6022 75.9319 74.3301 74.289 74.0885 76.1273 75.4385 75.1105 75.569 76.0952 75.482 74.6174 73.9964 76.6271 76.797 76.5764 76.4912 76.4225 75.7758 74.2688 73.1368 77.1655 77.3978 77.2256 77.2255 77.0593 76.4216 74.3452 72.9092 77.5009 77.9238 77.99 77.3337 77.2314 76.0468 74.7627 73.4972 77.4526 77.5265 78.0052 78.1738 77.8127 76.7705 75.4018 74.6132 77.523 77.5714 78.0456 78.3122 78.0447 77.579 76.64 75.9229 
106.716 107.417 107.706 107.015 106.902 107.039 106.869 106.047 106.913 106.776 106.911 107.082 107.119 107.274 105.87 105.573 107.924 108.058 107.531 106.978 107.929 108.239 106.222 106.5 108.458 109.536 108.446 106.945 107.844 109.116 107.662 107.535 107.5 108.356 108.246 106.929 107.453 109.717 108.875 106.524 107.481 106.953 107.498 107.437 107.468 107.013 105.364 103.796 107.497 106.462 106.321 107.86 107.673 106.408 105.656 104.622 106.66 106.635 106.206 107.208 108.511 107.968 106.391 107.223 
101.54 102.069 102.8 103.282 103.011 102.98 103.235 104.023 102.455 102.532 103.466 103.836 103.59 103.539 103.708 104.446 103.291 103.577 104.018 104.225 104.09 104.299 104.345 105.014 104.376 104.136 104.58 105.03 104.977 105.04 105.491 106.177 104.724 104.581 105.629 106.171 106.042 106.593 107.129 107.322 106.863 107.142 108.14 107.986 107.756 107.976 107.851 107.999 108.942 109.523 110.2 109.981 109.318 109.372 109.083 108.983 109.275 110.44 110.832 111.212 110.766 110.457 110.669 110.615 
102.201 102.539 102.638 102.783 102.978 103.106 103.34 103.657 102.475 102.587 103.008 103.006 103.043 103.295 103.525 103.938 102.617 102.793 102.962 103.205 103.31 103.585 103.789 104.071 102.932 102.86 103.024 103.454 103.779 103.842 104.137 104.474 102.951 102.831 103.247 103.902 104.181 104.45 104.59 104.64 103.565 103.667 104.087 104.337 104.388 104.613 104.616 104.695 104.049 104.144 104.602 104.684 104.565 104.753 104.746 104.896 103.803 104.236 104.68 105.15 104.822 104.852 105.139 105.372 
101.066 101.112 101.067 101.267 101.261 101.122 101.054 101.122 100.915 101.044 101.176 101.117 101.12 101.273 101.165 101.091 100.708 100.994 101.039 100.948 101.083 101.289 101.367 101.219 100.999 100.927 100.872 100.978 101.131 101.3 101.46 101.488 100.95 100.916 100.817 101.15 101.323 101.347 101.508 101.417 100.878 100.925 100.993 101.047 101.237 101.404 101.435 101.41 100.981 100.974 101.053 101.006 101.031 101.096 101.03 101.039 100.992 101.095 101.165 101.232 101.058 100.828 100.942 101.166 
101.184 102.016 102.933 102.124 100.232 98.9303 98.9062 98.4758 101.874 102.635 102.12 100.934 100.634 98.1239 99.3405 98.8135 101.431 102.139 101.241 99.605 99.8749 98.4144 100.318 100.619 100.847 101.416 100.41 99.5364 100.044 99.6413 100.682 101.466 101.079 100.286 100.209 100.506 100.398 101.376 100.912 100.775 101.699 101.405 100.726 101.725 102.049 102.305 100.643 100.54 102.306 101.892 99.5266 99.5007 101.399 101.143 100.691 100.467 101.516 101.342 100.481 99.7583 101.379 100.68 100.499 100.743 
92.5898 92.1449 92.3238 91.9786 90.6905 88.8419 88.0106 87.8124 92.71 92.1829 91.8607 91.7042 89.9538 88.066 87.0205 87.3707 92.6973 92.7148 92.1185 91.1006 89.7358 88.0055 87.0294 87.3231 92.7119 92.6374 91.6826 89.9796 89.0868 88.1347 87.6849 87.2727 91.9268 91.0218 90.0128 89.1409 88.1485 87.6176 87.6378 86.85 91.6023 90.1155 89.3169 88.6285 87.9864 87.66 87.6362 86.685 91.585 90.3436 89.2237 88.5293 87.9774 87.5924 87.3086 86.5446 90.2147 89.7894 89.1978 88.5529 88.21 87.3611 86.8622 86.4601 
90.1259 89.567 89.6936 89.7286 88.5162 86.7132 86.054 86.1115 89.9594 89.3757 89.0194 89.045 87.4421 85.493 84.8064 85.5389 89.9236 89.9699 89.3196 88.3843 87.0485 85.3603 84.5776 85.2529 89.92 89.8296 88.8521 87.1279 86.1995 85.4539 85.1324 85.0367 89.09 88.0149 87.072 86.197 85.1019 84.8746 85.1794 84.5016 88.6929 87.227 86.2981 85.4993 84.85 84.614 84.8998 84.1132 88.605 87.4768 86.1563 85.3463 84.8948 84.6012 84.4843 83.8453 87.1173 86.828 86.0259 85.3469 85.1609 84.4075 84.0675 83.7801 
86.3768 86.141 86.3349 86.5576 85.3434 83.7813 83.4653 83.2805 86.1331 85.8664 85.7584 85.6773 83.9683 82.3046 82.0484 82.5051 86.1828 86.0729 85.3973 84.4864 83.2859 81.9535 81.283 81.6049 85.7329 85.5744 84.2776 82.6702 82.2079 81.663 81.2297 81.2253 84.8336 83.7676 82.8838 81.6847 80.7934 80.6165 80.528 80.2059 84.3472 82.5402 82.0117 81.1499 80.1058 79.5992 79.7129 79.4127 84.0193 82.6667 81.4801 80.6981 80.3717 80.0508 79.7371 79.44 82.3395 81.9466 81.2532 80.7552 80.5643 80.0952 79.9492 79.7867 
77.8394 78.3547 79.3052 80.2661 80.2481 80.8323 80.523 79.5044 78.0615 78.6552 79.9809 80.1189 79.975 79.99 80.2073 79.3277 78.7095 78.3319 79.3928 79.3429 79.0663 79.3343 79.1249 78.6168 78.4296 77.9123 77.7978 77.3466 78.1053 78.135 78.47 77.8985 78.0959 76.9299 76.888 76.8994 76.7821 77.1748 76.9976 76.8633 76.8427 75.8206 76.9759 76.7942 75.9588 74.56 75.311 75.3536 75.0256 75.4704 76.0702 75.5164 75.0298 74.2235 74.1351 74.8594 73.6558 73.997 74.561 74.9777 75.052 74.6927 74.0436 73.8015 
75.4655 75.913 76.054 76.1115 76.073 76.4074 76.3701 75.712 74.5913 75.1142 75.4444 75.2395 75.1435 75.3426 75.3846 74.7424 74.1377 74.1237 74.1279 74.2197 74.1329 74.0797 73.8722 72.9666 72.8711 72.6566 72.4504 72.2868 72.4685 72.4496 71.9379 71.6324 72.1887 71.6981 71.3937 71.1605 70.8806 70.7147 70.2639 70.1515 70.6608 70.2502 70.4463 70.0608 69.2927 68.5035 68.5236 69.1858 69.5944 69.195 69.1301 68.4504 68.5236 68.3058 68.5441 69.0571 68.4444 68.4445 68.2228 68.2815 68.1574 68.2532 68.4954 68.8789 
74.1734 74.1657 73.9101 73.7673 73.3813 72.9741 72.3126 72.0579 72.7909 72.508 72.7524 72.2874 71.9394 71.4668 70.7816 70.2805 71.2065 71.0951 70.8862 70.6411 70.2034 69.6128 68.9911 68.4314 69.7586 69.4842 69.1536 68.6644 68.2856 67.4891 66.9054 66.5767 67.9966 67.6528 67.0059 66.6289 66.1144 65.6048 65.139 65.3074 66.2509 65.9661 65.3866 65.2772 64.7247 64.1762 63.9556 63.745 65.1091 64.6627 64.2886 63.8054 63.6457 63.2706 63.0076 62.7752 64.2838 63.7953 63.0483 63.0802 62.432 62.2518 62.0366 61.9169 
66.9477 66.8517 66.2253 65.7382 64.3972 64.103 64.0182 64.0804 66.5712 65.0092 65.8137 66.2261 65.4193 63.7147 63.5338 63.1923 65.4231 64.7398 64.3881 64.7974 65.1756 64.3608 63.4234 62.7253 65.8146 65.8178 65.5649 65.248 65.0479 64.2139 62.6003 61.5022 66.0223 66.0525 65.768 65.5371 65.0717 64.3624 62.29 61.0046 65.827 66.1142 66.1022 65.3474 65.1333 63.851 62.5468 61.408 65.4678 65.4886 65.8313 65.9349 65.5174 64.5952 63.1869 62.3491 65.3665 65.4044 65.7084 66.0304 65.5662 65.0294 64.2486 63.4372 
66.3127 66.1865 65.521 65.1577 63.814 63.4654 63.3498 63.4323 66.1609 64.6588 65.4346 65.9563 65.1469 63.4967 63.392 63.12 65.4547 64.7394 64.4536 65.0254 65.3208 64.6111 63.7126 63.0863 66.1323 66.2615 66.0299 66.0148 65.794 64.9455 63.2511 62.1427 66.8619 67.0143 66.8181 66.7532 66.3788 65.5689 63.3972 62.0934 67.3378 67.6709 67.6639 67.0018 66.7765 65.4633 64.0009 62.8286 67.3047 67.3948 67.8282 67.8712 67.3867 66.4626 64.947 64.0592 67.3114 67.4058 67.9754 68.1194 67.6128 67.0352 66.2107 65.3981 
68.3108 67.9418 67.0316 66.6168 65.2719 65.0062 64.8187 64.8723 68.2992 66.513 67.0904 67.4113 66.7224 65.0668 64.8754 64.6062 67.6021 66.677 66.1543 66.5417 66.927 66.2451 65.3303 64.6492 68.2633 68.2489 67.7535 67.5466 67.4 66.6429 65.0122 63.8767 68.9417 68.8805 68.4836 68.2789 68.1005 67.3541 65.2316 63.7641 69.4172 69.539 69.2649 68.4606 68.3953 67.145 65.8102 64.4732 69.5258 69.3348 69.4796 69.4461 68.9884 68.0173 66.5296 65.6485 69.5724 69.4073 69.7556 69.6709 69.3108 68.7892 67.8377 67.0525 
97.8616 98.5871 98.9716 99.1698 99.2892 99.193 99.5973 100.431 99.2476 99.1269 99.8918 99.9227 100.074 100.07 100.441 101.566 100.018 100.079 100.45 100.738 100.81 100.934 101.129 102.031 100.958 100.568 101.198 101.768 101.846 101.945 102.472 103.173 101.539 100.778 102.228 103.025 103.153 103.516 103.841 104.234 103.679 103.706 104.604 104.732 104.731 105.06 104.943 104.948 105.381 106.19 106.746 106.567 106.294 106.497 106.417 106.475 105.026 106.503 107.1 107.639 107.528 107.665 107.887 107.855 
97.8493 98.0815 98.5033 99.0151 99.4283 99.7776 100.036 100.769 97.9319 98.066 98.47 98.9885 99.5586 100.155 100.496 101.022 98.1523 98.5646 98.8375 99.213 99.9407 100.706 101.029 101.205 98.7969 99.0684 99.2302 99.7195 100.327 100.918 101.241 101.542 98.986 99.3507 99.5073 100.332 100.844 101.185 101.582 101.971 99.4882 99.7161 100.142 100.619 100.967 101.591 101.914 102.264 99.9403 100.126 100.757 101.002 101.184 101.639 101.999 102.374 99.9734 100.485 100.941 101.405 101.442 101.618 102.139 102.44 
95.7486 95.8427 95.7607 96.2369 96.8122 97.0549 97.3393 97.6641 95.9286 95.938 95.842 96.1068 96.4457 96.8525 97.244 97.7921 95.6694 95.8807 95.7456 96.0616 96.4779 97.0847 97.4785 97.7555 95.9379 96.154 96.0258 96.3509 96.8445 97.3933 97.5793 97.8868 95.8065 95.8441 96.125 96.8463 97.1461 97.6314 97.7717 97.7544 95.5322 95.8462 96.3806 96.7459 97.0579 97.5335 97.6218 97.6778 95.0389 95.8661 96.2017 96.6052 96.9953 97.4503 97.4599 97.5755 94.9417 95.5075 96.1034 96.6543 96.7189 97.0449 97.4473 97.682 
88.5309 89.2237 89.9846 90.534 90.1264 90.1411 90.2204 90.7089 89.4774 89.8309 90.0387 91.4014 91.2535 91.8359 91.1561 90.6296 91.1821 91.049 90.6687 90.2625 90.6731 92.0221 92.0145 90.2849 91.8213 91.6168 91.3273 91.1759 90.8528 91.9039 91.7947 90.5625 91.9939 91.2296 90.8636 91.3448 92.6947 93.1171 91.7334 89.4268 91.6131 90.9027 90.3679 90.3394 91.7314 93.3946 92.5061 88.6774 91.7083 91.7268 90.8826 91.1428 92.3365 92.2981 89.9736 88.8259 92.1324 91.8484 91.4009 91.0539 90.1571 90.1235 89.0527 88.3995 
86.9004 86.4847 86.0517 86.1436 85.8673 86.0302 86.0278 86.4644 86.9382 86.312 86.5094 86.241 86.2258 86.1497 86.3082 86.6789 87.4002 87.2429 87.1056 86.6459 86.3296 86.337 86.3012 86.2885 87.9202 87.9341 87.6139 87.2708 86.5881 86.7314 86.4016 86.2347 88.2298 88.2799 88.0124 87.913 87.314 87.2722 87.09 86.2781 88.9918 88.7224 88.4723 87.9217 87.6314 87.2895 87.2442 86.7851 89.0379 88.9534 88.3411 87.5034 87.8708 87.9712 87.6279 87.1295 88.7213 88.7612 88.369 87.7616 87.8664 87.9447 87.5534 87.0908 
84.8678 83.9367 84.3865 84.2578 82.8207 81.1768 80.5701 81.1781 85.9658 85.181 84.4881 84.2308 82.7005 80.6308 80.3191 81.3071 86.9211 86.718 85.8002 84.3641 83.0251 81.5783 81.0336 82.3067 87.7163 87.0989 85.9269 84.1828 82.8925 82.739 82.3634 82.7015 87.332 85.9507 85.0202 84.0263 82.6587 82.3704 82.2957 82.2507 87.0172 85.7228 84.8587 84.0024 83.2818 82.7065 82.2974 82.032 87.2181 86.2481 85.2317 84.5803 83.4624 83.0899 82.4028 82.2353 85.836 85.4181 84.8228 83.9939 83.5333 82.6705 82.4412 81.8421 
79.8884 79.375 78.919 78.5391 77.3381 77.3437 77.5788 77.5191 79.15 79.0414 78.2442 77.5309 77.044 76.2729 76.438 76.7361 79.1339 78.7109 78.104 77.0643 76.057 76.0467 75.9809 75.7916 78.9166 78.7396 77.8179 77.3707 76.5872 76.0491 75.8067 75.3649 79.1032 78.6522 78.4783 77.8381 77.0281 76.6061 75.7724 75.598 79.9797 78.8978 78.8421 78.0959 77.4016 77.1605 76.9818 76.2388 79.8759 79.6428 79.1618 78.863 78.8336 78.4618 77.784 76.8488 80.0506 80.2971 79.8897 79.2516 79.2942 79 78.452 77.258 
74.3749 74.5298 74.6624 74.6826 74.4096 74.6854 74.9184 74.5879 73.9311 74.3172 74.5139 74.1249 74.0048 74.0665 74.3619 74.1201 74.0968 73.9968 73.8848 73.6512 73.4739 73.6852 73.6374 73.1741 73.608 73.4743 73.0792 72.9136 73.0813 73.0416 72.8527 72.5986 73.8908 73.4775 73.3316 72.9316 72.741 72.5693 71.9862 71.9949 73.6959 73.1921 73.4661 72.9527 72.1663 71.6317 71.5599 71.8722 73.2294 73.067 73.0177 72.4035 72.3966 72.2062 72.1159 72.1847 72.6912 72.8766 72.7387 72.6154 72.5111 72.5037 72.5025 72.3524 
68.4832 68.4533 68.3194 68.2172 68.2007 68.536 68.5602 68.5383 67.9695 68.154 68.0771 67.9714 68.0368 68.1423 68.3355 68.3915 67.5134 67.7992 67.8304 67.8622 67.9217 67.9482 68.1532 68.1351 67.5816 67.9028 67.6252 67.5432 67.6514 67.6843 67.9443 67.9208 67.6685 67.7942 67.4687 67.3564 67.4586 67.514 67.6505 67.7314 67.4419 67.5364 67.3484 67.2197 67.1927 67.307 67.5964 67.5087 67.3089 67.6155 67.6764 67.4101 67.1216 67.0939 67.2831 67.2496 67.3351 67.7486 67.7725 67.5217 67.2502 67.1292 67.2005 66.8572 
62.2017 62.2506 61.9159 61.4759 61.1957 61.3534 61.4472 61.2944 62.0697 62.0457 61.8768 61.3838 61.1512 61.2042 60.991 60.8267 61.7204 61.8378 61.6031 61.2202 61.0071 60.7397 60.5521 60.4383 61.1375 61.3785 61.0928 60.6051 60.2763 60.1839 59.9523 59.9499 61.0423 60.9203 60.3559 59.8789 59.6044 59.8626 59.8013 59.98 60.3674 60.3046 60.0103 59.5885 59.586 59.7259 59.783 60.1769 60.183 60.1468 59.776 59.4993 59.4997 59.2979 59.37 59.9377 59.6884 59.7023 59.7088 59.5984 59.4928 59.5604 59.8044 59.9359 
56.3176 56.2598 56.0106 55.6401 55.4189 55.0845 54.9888 54.7878 55.9453 55.8344 55.7316 55.4693 55.1211 54.8468 54.7377 54.6573 55.7676 55.5477 55.2714 55.1668 54.8994 54.6524 54.3963 54.3248 55.7914 55.5008 55.2724 54.941 54.7928 54.337 53.8977 53.7387 55.8206 55.5692 55.2349 54.7911 54.349 54.1466 53.6779 53.7692 56.0328 55.5559 55.2287 54.9438 54.4104 54.087 53.8815 53.7796 56.3159 55.5843 55.2321 54.8058 54.33 54.2394 54.0305 53.9222 56.2127 55.6799 55.1482 54.8947 54.443 54.1517 54.0646 53.9387 
56.8521 56.4982 55.7167 55.3268 54.0997 53.9848 54.0344 54.0354 56.6205 55.0204 55.6288 56.0525 55.3692 54.0022 53.976 53.6985 55.9573 55.0399 54.6584 55.1448 55.5275 54.9976 54.1987 53.5782 56.5888 56.5264 56.1498 56.0416 55.9264 55.2372 53.7791 52.756 57.3062 57.1921 56.916 56.7004 56.4527 55.7587 53.9048 52.52 57.7912 57.8831 57.6429 56.9111 56.8549 55.6712 54.439 53.1988 57.8245 57.737 57.8737 57.7969 57.4233 56.5996 55.1992 54.3659 57.8927 57.832 58.1868 58.1102 57.698 57.2415 56.467 55.6714 
39.0515 38.0227 36.7114 35.7293 35.0393 34.5968 34.2304 33.8282 38.8879 37.7909 36.7595 35.5673 34.9428 34.5933 34.227 33.9078 39.1749 37.9918 36.7538 35.8275 35.0086 34.5336 34.2174 33.9614 39.2535 38.3337 37.0374 35.9254 35.289 34.65 33.9719 33.7417 39.6135 38.5252 37.5678 36.23 35.4694 35.0328 34.4605 34.2781 40.3197 39.1011 37.8117 36.6346 35.9793 35.4724 35.0041 34.6848 40.8138 39.605 38.1658 37.013 36.1651 35.7357 35.3254 35.0524 40.6423 39.6672 38.5426 37.365 36.592 36.0168 35.6565 35.507 
94.3441 93.5017 93.1758 93.1882 92.9017 92.8281 92.8552 93.1124 95.7384 95.0824 94.4211 94.2355 94.1539 93.9653 94.0832 94.4586 97.4559 96.7781 96.1089 95.8112 95.5359 95.3315 95.4727 95.712 99.152 98.6924 97.9634 97.6096 97.3377 97.1094 97.2637 97.406 100.958 100.563 100.226 99.7467 99.4546 99.1388 99.1271 99.6718 102.76 102.578 102.186 102.744 102.016 101.92 101.64 101.289 104.88 104.784 104.799 104.415 104.022 103.569 103.447 102.888 105.559 105.648 105.955 105.852 105.269 104.995 104.646 104.064 
92.9529 93.0732 93.0661 93.3243 93.7351 94.0965 94.6071 95.0044 93.6084 93.7005 93.5582 93.7983 94.5919 95.1706 95.658 96.0482 94.5407 94.6929 94.543 95.0344 95.6529 96.2498 96.6668 96.856 95.5466 95.6163 95.765 96.1939 96.8659 97.3092 97.6418 97.8428 96.5512 96.7673 96.9101 97.5502 98.0704 98.3416 98.4864 98.6104 97.646 97.8401 98.0906 98.6292 98.8652 99.381 99.4153 99.4581 98.4706 98.7789 99.1941 99.5045 99.7017 99.972 100.24 100.237 98.5837 99.1923 99.7283 100.129 100.255 100.527 100.834 100.811 
87.2752 88.0348 88.7732 89.4474 88.6178 88.647 89.3367 89.5399 88.1061 88.5911 89.2999 90.4046 90.1794 90.8664 91.0419 90.6559 89.6095 89.9135 90.214 89.4232 90.2394 91.6734 92.299 91.0579 90.3635 90.571 91.0913 91.0274 90.805 91.9169 92.1971 91.6979 90.3955 90.8251 90.8315 91.5838 92.8776 93.8853 92.1495 90.3089 90.4412 90.4652 90.6393 90.7329 91.947 93.9357 92.742 89.7612 91.3415 91.9787 91.6487 92.0018 93.2934 93.1933 91.0424 90.1927 92.4272 92.4448 92.2806 92.0186 91.6226 91.8158 90.7561 90.2107 
85.7849 86.7554 87.6489 88.3862 88.1969 88.5449 88.9382 89.5685 86.9502 87.5702 87.7597 89.4534 89.5526 90.3002 89.8663 89.5728 89.1528 89.1276 88.8314 88.5187 89.2189 90.7326 90.8883 89.2509 89.7106 89.8961 89.7376 89.8215 89.5635 90.8699 90.9286 89.4913 90.0417 89.5514 89.4161 90.1276 91.7608 92.458 90.9338 88.3812 89.9138 89.2427 88.8723 89.0518 90.6372 92.6544 91.7443 87.6597 90.173 90.39 89.5215 89.9799 91.3345 91.4968 89.0382 87.9078 90.6588 90.3862 90.0918 89.7407 88.7993 89.0215 88.0921 87.4067 
81.703 81.8514 83.175 83.722 83.2628 83.5537 83.5721 84.4577 83.7439 83.8325 83.9592 85.3041 85.3836 85.9162 85.4524 85.1548 86.1929 85.8836 85.4569 85.0688 85.4478 86.7898 87.0245 86.1093 87.4552 86.4777 86.4971 86.4609 85.9989 87.4456 87.5197 86.9169 87.9985 86.8039 86.4581 86.9971 87.9582 88.5425 87.3589 85.6643 87.4746 87.1578 86.5788 86.3358 87.6372 89.2283 88.007 84.961 87.991 88.0245 87.5186 87.6874 88.2374 88.3014 86.1074 85.4908 88.3309 87.9925 87.5546 87.1399 86.3054 86.1377 85.3887 84.6455 
74.9329 74.2119 75.4141 75.3299 75.5558 76.0422 75.7018 77.2633 77.63 77.4958 77.054 77.0158 77.6095 77.2462 78.1497 79.01 79.8438 80.0194 79.9052 79.1466 79.0274 79.1501 80.1533 81.4243 82.1053 80.9377 81.3484 81.1853 80.2902 81.4498 81.6952 81.9184 83.4276 82.4594 82.4431 82.6061 81.798 81.9337 81.8558 82.4338 83.121 83.9477 83.5846 83.0312 83.0229 82.3743 81.5808 82.7717 83.8016 84.0566 84.0582 83.5159 82.4407 82.1575 81.9504 83.3869 83.6562 83.1789 82.8995 82.2647 81.8026 81.2489 82.3501 82.6018 
73.6646 72.9258 73.8309 73.824 73.5062 73.6921 73.5562 74.6165 75.4592 75.2674 74.6924 74.5914 74.8245 74.2987 74.9043 75.6256 77.0807 76.8616 76.5841 75.7839 75.6172 75.7154 76.2399 77.4188 78.4194 77.4751 77.3577 77.2104 76.4401 77.2216 77.2524 77.8751 79.3808 78.3933 78.1932 78.1949 77.5247 77.5109 77.0574 77.8232 79.2178 79.3946 79.193 78.8415 78.7471 78.3875 77.6007 78.4019 79.533 79.6275 79.7077 79.6034 78.6906 78.5526 78.187 78.9345 79.5707 79.2635 79.129 78.6987 78.3991 78.1497 78.5264 78.136 
70.4199 70.2522 70.3121 70.2204 70.1295 70.8264 70.9486 70.9653 70.0295 70.1716 70.1546 70.0829 70.0871 70.3313 70.7592 71.0351 69.7591 70.0343 70.1632 70.1097 70.0844 70.1919 70.5961 71.0191 70.2852 70.4013 70.1617 69.9672 70.1322 70.3471 70.8502 70.9821 70.7642 70.746 70.5364 70.3979 70.5409 70.7803 71.1296 71.2483 70.8403 70.764 70.9758 70.8748 71.0435 71.3568 71.6085 71.3613 70.898 71.1412 71.4944 71.458 71.4146 71.3982 71.66 71.4174 71.4137 71.7076 71.9071 71.8241 71.7524 71.8063 71.7691 71.2712 
61.2261 62.1099 61.8169 61.624 61.9017 62.7592 63.435 63.7119 61.3345 62.1795 62.2219 61.9458 62.2788 63.2702 63.6697 63.9256 61.1743 62.4057 62.562 62.3973 62.8316 63.4045 64.0726 64.1682 61.0236 62.5796 62.4806 62.3041 62.7398 63.7321 64.1386 64.3306 61.8744 62.7767 62.3701 62.2443 62.828 64.0892 64.4533 64.6283 61.8117 62.6002 62.6218 62.5912 63.5435 64.2862 64.7307 64.9525 61.9194 62.8352 62.5638 62.9777 63.7399 64.0484 64.322 64.7043 61.5879 62.4675 62.8374 63.1205 63.8645 64.5346 64.8486 64.7041 
55.6392 55.8889 55.5289 55.2063 55.2417 55.4742 55.8612 56.1532 55.454 55.6104 55.6064 55.344 55.3132 55.6539 55.7778 56.1444 54.8806 55.3437 55.4344 55.3496 55.4902 55.5747 55.7661 55.9806 54.8663 55.41 55.2344 54.8886 55.0745 55.4559 55.6697 55.7827 55.4975 55.451 54.745 54.4886 54.8735 55.4973 55.6164 55.9091 55.4472 55.2284 55.0377 54.7556 55.0363 55.3799 55.6084 56.1277 55.7741 55.4024 54.9669 54.7489 55.027 54.8223 55.0138 55.91 55.397 55.1687 54.9558 54.9304 55.1172 55.3572 55.7931 55.9556 
44.527 44.6424 44.3583 44.0806 43.9137 44.2705 44.6382 44.5223 44.6639 44.4852 44.4561 44.1841 44.0854 44.4323 44.4322 44.4661 44.5914 44.6493 44.4858 44.3326 44.2327 44.3418 44.2299 44.2826 44.4885 44.5655 44.4586 44.1022 44.1226 44.2189 44.2528 44.12 44.9012 44.6665 44.2399 43.9071 43.922 44.2995 44.2523 44.2577 44.9911 44.6304 44.4083 44.0777 44.2638 44.3472 44.4791 44.5274 45.2954 44.732 44.3195 44.2363 44.3674 44.1784 44.2425 44.6706 45.1571 44.6882 44.4939 44.5057 44.499 44.6245 44.8507 44.8315 
29.0555 28.5525 28.2175 27.8279 27.4992 27.3664 27.3864 27.2376 28.541 27.8281 27.6015 27.4001 27.118 26.8744 26.8985 26.867 28.1523 27.6259 27.2542 27.1749 26.8526 26.6518 26.465 26.344 28.041 27.454 27.1599 26.7922 26.6268 26.5003 26.2542 25.9749 28.1651 27.5328 27.1449 26.7522 26.4092 26.305 26.1159 25.9269 28.4875 27.832 27.3889 26.9774 26.6256 26.324 26.132 25.9055 28.876 27.9106 27.5244 27.0837 26.6004 26.3558 26.2463 26.1555 28.8658 28.081 27.61 27.2487 26.7687 26.5662 26.4348 26.3211 
4.9175 4.78245 4.61456 4.52107 4.48382 4.51138 4.55959 4.53338 4.86948 4.68195 4.57244 4.44492 4.39476 4.40963 4.42273 4.46004 4.83021 4.66323 4.51437 4.43578 4.35226 4.33828 4.30889 4.32945 4.7522 4.61532 4.48981 4.36968 4.32923 4.29585 4.27925 4.30202 4.73276 4.56728 4.48569 4.34841 4.25715 4.25224 4.27462 4.24965 4.75507 4.59467 4.41464 4.33971 4.29628 4.22942 4.28242 4.2587 4.80786 4.62286 4.46588 4.35606 4.29497 4.27118 4.25679 4.27591 4.82883 4.62111 4.50364 4.41714 4.29372 4.29774 4.45775 4.38091 
92.0178 90.4845 89.5242 88.8191 88.3782 87.9472 87.8396 87.6935 93.6468 92.4025 90.9975 90.1509 89.7069 89.4499 89.1832 88.9382 95.6603 94.1718 92.8496 91.8361 91.3532 90.8319 90.594 90.1498 97.5236 96.1956 95.0002 93.9402 93.2114 92.4401 92.1543 91.9544 99.6248 98.4924 97.6327 96.2159 95.5296 94.8051 93.9625 94.2404 101.881 101.083 99.9713 99.8048 98.709 98.0556 97.1164 96.2324 104.384 103.528 102.919 101.912 101.137 100.039 99.2957 98.2298 105.252 104.942 104.388 103.733 102.635 101.895 100.969 100.068 
88.3271 88.2787 87.828 87.6914 86.5637 86.2772 87.4577 87.1488 88.696 88.6331 89.2402 88.3648 87.7831 87.7163 89.3468 89.7424 89.1476 89.6231 90.8355 89.2138 89.7867 89.6057 90.5144 91.2445 90.0387 90.6574 91.7098 91.47 90.9262 90.7672 91.1444 92.0267 90.4857 92.694 92.9739 93.2311 92.829 93.3689 91.9188 92.4507 92.5115 93.479 94.3809 94.6941 94.0599 93.9551 92.7943 93.9347 94.6857 95.666 96.1089 95.9478 96.2115 95.5808 95.2246 95.3611 96.3968 96.5067 96.9759 96.8084 97.3202 97.6743 97.1045 96.8722 
86.6054 86.9673 86.7059 86.8352 86.0269 85.8855 87.2625 87.095 86.7504 87.0658 87.8456 87.2166 87.0375 87.2172 89.0562 89.6688 86.8562 87.771 89.1788 87.8674 88.8541 89.0757 90.0914 91.0143 87.5313 88.5007 89.8109 89.9234 89.8506 90.0422 90.5656 91.5289 87.6431 90.1941 90.7459 91.4134 91.4173 92.1812 90.9665 91.4909 89.3869 90.6217 91.9171 92.2923 92.1539 92.3314 91.3588 92.5969 91.1787 92.4557 93.0395 93.2665 93.9545 93.59 93.3593 93.7021 92.6963 93.1396 93.7941 93.8226 94.7722 95.3672 95.0639 94.975 
84.9948 85.7475 86.5524 87.2004 86.3239 86.487 87.2655 87.5433 85.8772 86.4038 87.0982 88.2321 87.9401 88.6795 88.8477 88.6082 87.4573 87.7195 88.0722 87.2356 88.1013 89.4771 89.936 88.8688 88.0537 88.2414 88.7712 88.755 88.54 89.5875 89.8368 89.2693 88.1168 88.5088 88.4922 89.2237 90.5954 91.5533 89.7792 87.8713 88.2999 88.2683 88.3298 88.3654 89.7224 91.668 90.4286 87.4438 89.2278 89.7407 89.3185 89.6261 91.1005 91.0515 88.826 88.029 90.3564 90.1902 90.0154 89.7218 89.3775 89.6735 88.6274 88.0655 
78.1839 78.6656 79.1642 79.2078 80.4668 81.4263 81.9108 82.1518 78.5806 79.1366 79.3455 79.7206 80.3495 81.6165 82.4675 82.8322 78.4966 79.2808 79.6275 80.176 80.7527 81.8069 82.8488 82.5331 78.6767 79.1403 80.0336 80.3345 81.4943 82.1893 82.8881 81.8942 78.9523 79.6848 80.4399 80.6031 81.5168 82.7811 83.5321 83.368 79.3785 80.211 80.4944 80.6318 81.4809 82.2948 82.9038 83.4015 79.9438 80.4488 80.5553 80.7672 82.0647 82.2583 82.632 83.3938 80.2205 80.3544 80.4263 81.0923 82.0233 82.195 83.5231 84.7991 
73.5561 73.1019 74.2692 74.3852 74.968 75.6245 75.5158 76.8597 75.8902 75.8738 75.4287 75.7233 76.4122 76.6167 77.51 78.3286 77.6571 77.7421 77.773 77.4522 77.6888 78.1962 79.2029 80.4455 79.2964 78.3622 78.886 78.9339 78.6803 80.0014 80.4126 80.7934 80.3749 79.6085 79.7077 79.9715 79.8455 80.4122 80.5048 81.1758 79.9739 80.9979 80.6898 80.5084 80.9047 80.7904 80.2739 81.5117 80.4772 80.9848 81.1848 81.0653 80.4527 80.3593 80.4542 81.9689 80.5618 80.2207 80.1782 80.0794 79.9624 79.7734 80.9994 81.4831 
72.1278 72.4983 72.7561 72.6752 73.8643 74.5052 74.739 74.8929 72.6721 73.0493 73.1228 73.2515 73.5937 74.5677 75.3299 75.5448 72.9985 73.3318 73.6146 73.9931 74.1452 74.9412 75.9353 75.5996 73.5181 73.6791 74.2707 74.3383 75.2619 75.6257 76.3036 75.4572 74.2724 74.6951 75.0567 74.9424 75.6482 76.8155 77.4301 77.232 74.8593 75.6819 75.607 75.5352 76.0263 76.6046 77.1144 77.6052 75.6221 75.9864 75.8274 75.7997 76.7278 76.7401 77.021 77.7648 76.2192 76.0741 75.8535 76.3093 76.9076 76.9748 78.1634 79.3511 
65.7095 66.6693 66.724 67.0903 67.9414 68.6662 69.474 69.7525 66.0222 66.8961 67.1729 67.3662 67.9143 68.9758 69.8319 70.3303 66.6207 67.5391 67.8493 68.0674 68.5462 69.3977 70.6166 71.0019 67.0459 68.2281 68.2974 68.5149 69.3318 70.6197 71.2605 71.9284 67.9504 69.0118 69.0151 69.216 70.102 71.7402 72.3876 72.6012 68.6031 69.8193 70.0028 70.4694 71.507 72.5294 73.2558 73.3022 69.2336 70.3734 70.7034 71.6062 72.4155 73.2793 73.6673 73.6027 69.809 70.8802 71.4583 72.1489 73.0812 73.9552 74.1379 74.1545 
58.1116 59.2688 59.1449 59.1811 60.0092 60.5852 61.1751 61.9833 57.1596 58.6452 58.7649 59.1297 59.8329 60.7397 61.5894 62.4021 56.2357 58.1083 58.932 59.2711 60.1821 60.788 62.1429 62.4755 57.3482 59.2644 59.0421 59.1273 60.0495 61.6182 62.5544 62.9129 58.3262 59.6749 59.2061 59.4968 60.589 62.1502 63.172 63.3962 58.7394 59.6763 59.7421 60.1786 61.3324 62.5132 63.6152 63.6611 58.9797 60.2545 60.2658 60.8752 61.8707 63.0105 63.7131 63.6901 59.3814 60.7931 61.0457 61.5524 62.6789 63.8023 64.1448 63.8745 
48.4941 49.596 49.1857 48.9541 49.1221 49.8993 50.7074 51.2374 48.8633 49.6798 49.719 49.3499 49.5804 50.6354 50.9262 51.4748 48.8038 50.0172 50.0905 49.8157 50.0216 50.7368 51.3761 51.6507 48.7067 50.1127 50.0276 49.7036 50.1561 51.1521 51.644 51.8846 49.3962 50.3349 49.8782 49.6927 50.3328 51.8131 52.0582 52.2805 49.5875 50.4176 50.3947 50.3006 51.2419 52.0049 52.5462 52.6827 49.885 50.7067 50.3139 50.9063 51.6491 51.8772 52.1785 52.8307 49.6963 50.4868 50.8162 51.3021 52.029 52.6224 53.1143 53.1052 
37.0236 37.1551 37.1046 37.2443 37.3133 37.3406 37.3032 37.4289 36.6196 36.4814 36.6914 36.834 36.9707 36.9588 36.8844 37.2212 36.2211 36.2736 36.2563 36.4977 36.4856 36.666 36.5585 36.7836 36.4754 36.286 36.2945 36.1244 36.4128 36.4391 36.7867 36.548 36.3777 36.3769 36.1368 36.0937 36.2221 36.5204 36.415 36.6108 36.8516 36.7005 36.5409 36.3818 36.4698 36.5815 36.8614 36.5012 37.1701 36.6599 36.6267 36.741 36.5112 36.666 36.7176 36.8787 37.5071 37.152 36.88 37.137 36.9952 36.8285 36.9464 36.7719 
5.83533 5.80696 5.73072 5.72054 5.72227 5.79676 5.91976 5.92934 5.70835 5.61895 5.6125 5.5724 5.59892 5.64926 5.70032 5.78672 5.60743 5.55771 5.51376 5.53122 5.51644 5.54617 5.51652 5.56544 5.5057 5.48856 5.44143 5.41311 5.44998 5.4527 5.49791 5.50958 5.43627 5.42447 5.42464 5.38517 5.34524 5.42036 5.45544 5.47646 5.55266 5.54185 5.50331 5.49227 5.48689 5.49958 5.58971 5.55776 5.56014 5.53232 5.53383 5.53877 5.49328 5.52746 5.56197 5.58472 5.63233 5.56897 5.56818 5.59853 5.51975 5.56066 5.77063 5.69961 
1.38527 1.28319 1.1504 1.10912 1.08504 1.07734 1.12995 1.17386 1.2558 1.10541 1.07454 0.971373 0.966842 0.964979 0.964044 1.05055 1.14216 1.0357 0.986014 0.966753 0.89322 0.888362 0.882427 0.934312 1.0876 1.01078 0.935041 0.864826 0.83753 0.817692 0.841414 0.872416 1.06062 0.96672 0.918498 0.860882 0.812968 0.823057 0.824869 0.872065 1.18123 1.10573 1.0419 0.992972 0.929616 0.929462 0.942548 0.970904 1.20024 1.11708 1.06691 0.998095 0.926988 0.920089 0.933971 0.989344 1.20582 1.1273 1.07196 1.01637 0.956414 0.950829 1.14406 1.11692 
