2717000
249.251 249.695 250.133 250.038 248.669 248.027 246.935 246.469 248.222 249.733 246.667 250.195 250.134 248.689 245.057 247.053 248.386 250.202 248.101 249.365 249.29 247.458 244.823 246.993 249.438 250.165 247.953 249.974 249.009 248.051 246.09 246.479 247.072 248.823 248.177 248.456 248.717 248.321 247.325 246.494 250.554 249.59 249.355 248.494 248.409 248.527 249.137 246.463 250.483 250.202 249.077 249.083 246.327 248.774 248.971 246.434 250.526 248.738 248.331 249.037 248.382 249.18 248.625 247.367 
236.103 236.541 236.515 236.652 235.892 235.758 234.541 234.212 236.123 236.708 234.922 236.958 237.07 236.465 233.645 234.83 236.552 237.253 236.215 236.738 236.499 235.46 233.934 234.948 236.957 237.713 236.352 237.046 236.528 235.783 234.728 234.865 235.766 237.185 236.629 236.407 236.43 236.296 235.883 235.112 237.744 237.271 236.986 236.853 236.853 236.767 237.077 235.147 237.908 237.889 237.2 237.573 235.801 236.629 236.844 235.102 237.826 237.395 237.042 237.419 236.968 236.815 236.401 235.75 
207.625 207.906 207.81 208.198 207.631 206.947 206.427 205.951 209.843 209.75 209.057 209.128 209.085 208.482 207.559 207.765 209.995 209.918 209.182 208.842 208.944 208.673 208.223 208.297 209.944 209.981 209.606 209.478 209.365 208.973 208.604 208.296 210.258 210.341 210.049 209.974 209.661 209.201 208.984 208.662 210.32 210.747 210.167 210.162 210.193 209.463 209.378 208.956 211.006 211.21 211.066 210.75 210.386 209.678 209.281 209.145 210.927 210.96 211.324 211.484 210.993 210.225 209.878 209.387 
176.332 176.519 175.319 175.37 175.294 174.966 174.656 175.364 177.14 177.451 176.947 175.506 174.629 174.629 174.351 174.478 177.734 177.654 177.014 175.816 173.491 174.418 175.202 175.988 177.234 176.708 176.357 176.461 175.385 175.774 176.39 176.46 177.292 176.62 175.966 176.987 176.071 176.525 177.281 176.599 176.941 176.674 176.228 176.024 175.856 176.27 176.939 174.679 177.243 176.862 177.115 176.656 176.478 176.902 176.839 176.049 176.514 175.786 176.559 176.273 176.532 176.436 177.114 176.654 
118.531 118.102 118.012 118.23 117.338 115.95 115.564 115.803 118.347 117.568 117.354 117.715 116.316 114.824 114.529 115.023 118.025 117.753 117.173 117.013 115.945 114.907 114.327 114.882 117.718 117.764 116.896 115.647 114.948 114.701 114.412 114.79 116.421 115.973 115.61 114.511 113.427 113.69 114.238 114.152 115.817 114.852 114.309 113.646 113.382 113.18 113.537 113.429 115.839 114.852 114.051 113.809 113.446 113.498 112.857 113.105 114.428 114.199 113.973 113.822 113.595 113.102 112.837 112.719 
79.7657 79.4161 79.4231 79.4492 78.6547 77.4443 77.1461 77.0487 79.5105 79.0201 79.0202 78.9574 77.742 76.5515 76.1319 76.4099 79.326 79.2921 78.7278 78.2281 77.3367 76.3801 75.7219 76.189 79.0645 79.1053 78.2926 77.0155 76.5777 76.1546 75.8049 75.9749 78.0603 77.5315 76.9836 75.9974 75.2819 75.353 75.5611 75.3918 77.4529 76.4938 75.9666 75.3719 75.0182 74.8554 74.9307 74.46 77.3481 76.5811 75.8026 75.3838 74.8574 74.8314 74.4681 74.1741 76.3096 76.0602 75.6812 75.2756 74.8253 74.465 74.3799 74.1115 
19.3967 19.37 19.2944 19.2438 19.1904 19.0674 19.2078 19.2006 19.2683 19.0506 19.1052 19.0642 18.8461 18.6469 18.7284 18.8311 19.0322 19.0482 18.8621 18.7776 18.622 18.4202 18.3256 18.4514 18.9523 18.8123 18.6394 18.3603 18.3457 18.2631 18.1158 18.2482 18.7332 18.4931 18.3181 18.1082 17.9221 17.9963 18.0792 18.0742 18.6011 18.3935 18.1926 18.0332 17.9346 17.9894 18.0697 18.1214 18.6387 18.4041 18.2593 18.1375 17.9772 17.9866 17.9605 18.0817 18.6177 18.4191 18.3032 18.1872 18.0547 18.0127 18.2329 18.1896 
7.86292 7.7267 7.51079 7.48506 7.48813 7.52922 7.61737 7.60212 7.75738 7.54825 7.4582 7.35782 7.36292 7.41837 7.4245 7.50517 7.67665 7.48559 7.36583 7.35655 7.2691 7.31537 7.27204 7.30586 7.59847 7.43942 7.3324 7.23132 7.25475 7.2433 7.23168 7.2403 7.55971 7.40982 7.32529 7.20752 7.15798 7.19408 7.21962 7.22348 7.71943 7.54887 7.41055 7.33788 7.30865 7.28857 7.39443 7.346 7.7505 7.60303 7.46581 7.38995 7.31567 7.33116 7.36746 7.40798 7.82128 7.64585 7.53601 7.47117 7.35537 7.3902 7.57106 7.50937 
243.411 243.63 243.672 243.78 243.024 243.413 242.371 242.448 242.77 243.838 241.291 244.589 244.673 244.182 240.911 243.114 242.904 244.023 242.804 244.271 243.945 242.976 241.019 242.932 243.747 244.482 242.908 244.259 243.445 243.294 241.974 242.535 241.532 243.445 243.27 242.812 243.087 243.402 243.098 242.579 244.769 243.759 243.972 242.919 242.828 243.47 244.473 242.189 244.612 243.948 243.165 243.773 241.191 243.871 244.595 242.299 244.146 242.879 242.534 243.089 242.565 243.636 243.598 242.993 
220.428 220.689 220.817 220.88 220.508 220.006 219.449 219.454 222.113 222.314 222.528 222.375 222.521 222.207 220.708 220.893 222.515 222.518 222.827 222.513 222.449 222.112 221.285 221.14 222.544 223.143 223.305 222.486 222.376 222.019 221.587 221.194 222.682 223.429 223.192 222.405 222.308 221.895 221.344 221.435 223.293 223.279 222.63 222.727 222.884 222.492 222.172 221.38 223.082 223.31 223.189 223.024 222.528 222.074 222.113 222.082 214.061 214.093 214.602 214.356 213.869 213.598 213.712 213.602 
200.591 200.698 200.175 200.211 199.819 200.056 199.53 200.095 203.06 203.062 202.861 201.69 201.23 201.776 200.661 201.098 203.462 203.279 203.149 202.051 200.639 201.46 201.494 201.764 203.339 203.23 203.166 202.384 202.001 202.207 202.341 202.063 203.498 203.357 202.883 202.775 202.642 202.627 203.01 202.642 203.741 203.411 202.902 202.512 202.6 202.891 203.283 201.791 203.703 203.478 203.734 203.736 203.254 203.108 203.462 202.754 202.897 203.029 203.681 203.443 203.091 202.873 203.429 203.183 
175.797 175.467 174.705 174.386 173.82 173.63 173.889 174.824 176.978 177.309 176.815 174.421 173.779 174.125 173.671 174.21 176.899 177.362 176.502 174.876 173.041 173.984 174.141 175.071 176.616 176.256 175.803 175.572 175.018 175.445 175.807 175.306 176.618 175.845 175.203 176.16 175.464 175.799 176.218 175.515 177.133 176.678 175.751 175.052 175.077 175.76 176.448 174.43 176.688 176.763 177.194 176.52 176.007 176.52 176.473 176.22 175.536 175.295 176.73 176.277 175.896 176.355 177.081 176.622 
127.995 128 127.29 126.846 126.494 126.216 126.171 127.202 127.193 127.802 128.066 125.779 124.959 125.187 124.88 124.957 127.246 127.86 127.204 125.653 123.389 124.34 124.884 125.844 126.446 126.118 125.71 125.4 124.655 125.016 125.802 125.803 125.882 125.127 124.147 125.172 124.538 125.155 125.726 125.378 125.769 124.903 124.011 123.726 123.779 124.882 125.51 123.244 124.935 124.592 124.896 124.135 123.99 124.886 125.241 124.791 123.751 123.138 124.08 123.371 123.552 124.167 125.404 125.109 
76.8808 76.7122 76.7507 76.6993 76.0333 75.1624 75.1754 75.3236 76.6405 76.0997 76.1954 76.1121 75.0557 74.198 74.2039 74.562 76.2046 76.3568 75.733 75.2441 74.5743 73.6956 73.484 73.8702 75.9395 75.6908 74.9829 73.9101 73.6607 73.4016 73.1228 73.3199 75.0623 74.3095 73.6305 72.9313 72.318 72.4709 72.699 72.7462 74.3185 73.389 72.8797 72.3014 72.1668 72.1135 72.325 72.3596 74.2665 73.3241 72.6559 72.3909 72.1481 71.9966 71.8942 72.1359 73.5795 73.1892 72.7053 72.5066 72.3268 72.0721 72.2244 72.13 
51.7805 52.1752 52.0162 51.9489 51.9857 52.0991 52.4381 52.3643 51.5846 51.7992 51.8502 51.8215 51.6956 51.8878 52.0601 52.0537 51.3071 51.7445 51.4814 51.4176 51.4515 51.4604 51.6348 51.4904 51.1807 51.3697 51.1348 50.8486 50.977 51.1102 51.1127 51.0812 51.0578 51.1607 50.7597 50.4543 50.3418 50.7329 50.8449 50.92 50.6918 50.8887 50.6202 50.3699 50.5161 50.6309 50.8683 50.8661 50.7848 50.863 50.6322 50.5649 50.5349 50.6795 50.8184 50.9064 50.7183 50.8831 50.7247 50.6704 50.6647 50.9033 51.0639 50.8562 
38.8838 38.7437 38.2455 38.0938 37.2848 37.3993 37.6987 37.7545 38.6506 37.3419 38.1336 38.6325 38.1904 37.4225 37.5547 37.3884 37.9639 37.3435 37.1365 37.82 38.2803 38.032 37.5843 37.1957 38.4272 38.333 38.1698 38.2739 38.473 38.1813 37.3305 36.661 38.8874 38.6906 38.5284 38.6128 38.6202 38.3107 37.2554 36.2605 39.1633 39.2386 39.0862 38.6851 38.8926 38.1709 37.417 36.699 39.0786 39.131 39.2845 39.3959 39.3196 38.7366 37.8103 37.4329 39.1315 39.3094 39.6135 39.6472 39.4456 39.1678 38.7723 38.2936 
207.175 207.438 206.92 206.623 206.456 205.629 205.891 206.352 206.696 207.026 207.153 207.201 207.241 206.187 206.113 206.422 206.812 206.916 207.291 207.113 206.772 206.318 205.964 206.389 206.54 206.871 207.27 207.071 206.728 206.05 206.021 206.246 206.154 206.839 207.566 206.935 206.892 206.354 205.886 206.142 206.916 207.112 206.971 206.435 206.546 206.315 205.823 205.368 206.972 207.001 206.455 205.67 205.857 205.738 205.543 205.208 189.59 189.364 189.487 188.421 188.289 188.728 188.302 187.886 
216.338 217.065 216.416 215.72 215.489 215.486 214.231 213.928 217.489 218.182 218.238 218.156 217.474 217.009 215.797 215.038 219.121 217.83 219.151 218.991 218.237 216.936 216.696 215.102 218.278 218.1 218.257 217.706 217.413 216.827 216.037 214.574 217.617 218.518 217.847 216.552 216.445 216.066 215.755 214.009 217.419 217.561 216.843 216.033 216.124 216.392 215.899 213.568 216.597 216.569 216.004 215.709 215.293 215.518 215.475 213.428 197.912 197.388 197.448 196.94 196.408 196.467 196.637 195.266 
184.299 184.57 184.927 184.867 184.244 183.651 183.624 183.535 185.751 185.778 186.001 185.562 184.971 184.698 184.455 184.336 185.188 185.428 185.812 185.67 186.127 185.396 184.029 184.444 185.616 185.587 185.644 185.074 185.104 184.51 184.391 184.364 185.039 184.968 185.586 185.017 184.253 184.26 183.962 183.888 185.913 185.553 185.266 184.816 183.645 183.394 183.42 183.069 185.491 185.406 185.236 185.882 184.806 183.748 183.342 183.234 169.688 169.058 169.87 170.373 169.921 169.389 169.288 168.666 
149.313 149.599 148.913 148.299 147.995 147.918 147.413 148.113 148.879 149.985 149.943 147.481 146.798 146.778 146.331 146.126 149.013 150.006 149.25 147.773 145.533 146.202 146.457 147.012 148.521 148.231 147.908 147.942 147.023 147.198 147.625 147.211 148.532 147.777 146.771 147.968 147.186 147.586 147.916 146.974 148.402 147.657 147.048 146.648 146.425 147.344 147.751 145.012 147.497 147.497 147.791 147.064 146.804 147.503 147.736 146.825 146.908 146.12 147.144 146.476 146.708 147.088 147.868 147.12 
101.014 101.527 101.796 101.867 102.013 102.49 102.402 102.226 100.453 101.066 101.535 101.508 101.632 101.905 102.192 101.801 99.9866 100.332 100.457 100.683 100.722 101.095 101.288 100.78 99.2755 99.2714 99.1036 99.3367 99.6826 99.9177 99.9568 99.5763 99.0482 98.7108 98.4734 98.677 98.8613 98.8215 98.4788 98.5356 98.1177 97.8742 98.0829 97.7794 97.5595 97.2318 97.2773 97.8819 97.0499 96.7737 96.799 96.5467 96.9437 96.8736 97.2831 97.6678 96.2348 96.2749 96.0396 96.384 96.6029 96.8633 97.4837 97.7453 
76.4389 77.204 77.6602 78.1845 78.3627 78.5394 78.1704 77.7944 76.3564 77.1345 77.6337 77.8754 77.9576 78.1165 78.1404 77.6092 76.3625 76.8705 77.1314 77.0811 77.3258 77.6686 77.7481 77.3308 75.8276 76.341 76.154 76.0323 76.5468 76.6159 76.9178 76.5738 75.4231 75.607 75.5084 75.4715 75.5017 75.8404 75.903 76.1112 74.6061 74.9402 75.2415 75.1328 74.9325 74.6721 75.0897 75.1944 73.8071 74.5678 74.7264 74.467 74.3905 74.471 74.6696 74.8317 73.2703 73.9273 73.9557 74.1918 74.3835 74.644 74.665 74.3601 
64.0477 64.1279 63.7331 63.5214 62.6262 62.8679 63.2357 63.2281 63.8819 62.7438 63.621 64.1089 63.5486 62.8279 63.1173 62.9257 63.0373 62.7132 62.4754 63.1732 63.791 63.5279 63.1546 62.6158 63.5188 63.7098 63.5019 63.612 63.8866 63.6491 62.7787 62.0061 64.0396 64.0506 63.7533 63.8164 63.8606 63.7102 62.4845 61.4959 63.9795 64.4315 64.2611 63.7894 64.0662 63.3208 62.458 61.7885 63.8144 64.1641 64.3589 64.5119 64.5201 63.9727 62.9642 62.4804 63.7533 64.2578 64.6073 64.6905 64.5956 64.3784 63.9168 63.2464 
62.1251 62.0492 61.4361 61.1809 60.2141 60.2997 60.4139 60.4332 61.955 60.711 61.4291 61.9131 61.3792 60.4436 60.515 60.2815 61.3278 60.7994 60.5214 61.1291 61.6978 61.3824 60.8714 60.2868 61.9951 62.2316 61.9179 62.0112 62.1373 61.6972 60.7248 59.8563 62.7175 62.8658 62.5658 62.5853 62.5107 62.1312 60.747 59.6416 63.1531 63.4756 63.3185 62.7774 62.9421 62.1102 61.1617 60.2119 63.1808 63.4258 63.6374 63.7242 63.5866 63.0227 61.8993 61.2349 63.252 63.6648 63.9771 64.0553 63.811 63.5075 62.9001 62.173 
185.442 185.446 184.836 184.022 183.489 182.985 182.822 181.478 185.328 185.386 185.28 184.655 184.435 183.289 183.167 181.906 185.319 185.342 185.414 184.96 184.264 183.537 182.882 181.652 185.243 185.456 185.444 184.989 184.486 183.365 183.024 181.641 184.96 185.452 185.629 185.04 184.563 183.768 183.471 181.825 185.174 185.232 185.076 184.627 184.483 184.203 183.266 181.113 184.817 184.67 184.665 184.204 184.289 183.675 182.784 180.546 184.409 183.858 184.404 183.722 183.06 182.933 181.872 179.636 
179.665 179.464 179.092 178.566 178.031 176.773 176.464 174.967 179.335 178.917 178.708 178.89 178.049 176.64 176.496 174.977 179.006 178.969 179.067 178.997 178.721 177.496 175.958 174.671 178.982 179.049 179.225 178.337 177.846 176.545 176.258 174.986 178.415 178.841 179.367 178.625 177.232 176.619 176.201 174.77 179.447 178.962 178.663 178.67 176.996 176.104 175.635 173.994 179.439 179.027 178.512 178.745 177.965 176.276 175.312 173.915 164.751 163.559 163.578 163.658 163.232 162.296 161.466 159.828 
154.498 154.616 154.309 153.358 153.164 152.259 150.48 149.229 154.219 153.741 153.495 152.97 152.325 151.811 150.936 149.127 154.37 154.082 152.989 153.117 152.553 152.608 150.975 148.285 154.303 154.119 153.202 152.663 152.596 151.648 150.767 148.357 153.209 153.501 152.63 152.996 151.746 150.606 150.668 149.253 153.684 153.337 151.944 152.43 151.06 150.327 150.2 148.149 153.955 153.528 152.157 152.047 151.527 150.871 150.625 148.082 151.824 150.564 150.062 150.696 150.087 148.967 147.993 147.559 
146.714 145.056 145.873 145.422 144.192 144.611 143.199 141.73 144.406 146.189 146.455 145.077 143.375 142.413 140.59 139.866 144.926 145.276 144.793 144.217 142.817 140.845 139.222 140.27 145.639 145.673 144.373 143.135 142.309 141.957 140.879 141.014 146.567 146.676 143.792 142.706 143.363 143.216 141.76 139.548 144.613 146.042 144.818 141.772 140.801 141.132 140.642 139.416 142.627 141.719 142.09 142.305 140.895 140.964 141.008 139.64 142.491 141.187 141.809 141.338 139.814 138.661 138.233 137.698 
106.435 106.879 107.606 107.967 108.188 108.545 107.879 107.499 106.554 106.982 107.523 107.793 107.995 107.841 107.819 107.184 106.532 106.727 107.013 107.125 107.141 107.367 107.26 106.989 106.077 106.003 106.153 106.116 106.386 106.493 106.731 106.446 105.869 105.321 105.411 105.684 105.499 105.857 106.06 105.972 105.069 104.655 105.291 105.371 105.144 104.764 105.276 105.128 103.98 104.26 104.733 104.676 104.567 104.287 104.531 104.729 103.659 103.721 103.999 104.395 104.807 104.508 104.176 103.976 
82.0317 82.2583 82.8589 83.4724 83.6945 84.1699 83.929 83.6465 82.2049 82.4265 83.0739 83.4063 83.3947 83.5448 83.8956 83.5707 82.2932 82.1356 82.6723 82.7212 82.7555 83.0938 83.1089 82.9566 81.8942 81.7266 81.7852 81.6002 82.1387 82.3704 82.5333 82.333 81.5671 81.1279 81.1481 81.3011 81.3113 81.5903 81.6323 81.7101 80.7259 80.4065 80.9659 81.0138 80.8218 80.2339 80.6816 80.9643 79.6986 79.9914 80.347 80.2232 80.2468 80.0161 80.0576 80.4119 79.0625 79.19 79.564 79.8979 80.1644 80.0647 79.8921 79.7617 
73.3018 73.7436 74.1489 74.4182 74.5703 74.8471 74.6697 74.2316 73.4526 73.9938 74.3109 74.4104 74.4758 74.6494 74.6351 74.348 73.7039 74.0154 74.3396 74.2328 74.3807 74.6596 74.6283 74.4647 73.8355 74.2039 74.1418 74.036 74.311 74.4656 74.7769 74.5696 73.8952 74.0798 73.9895 74.036 74.0175 74.4827 74.5843 74.642 73.8308 74.0457 74.3051 74.1866 74.2601 74.2164 74.564 74.4656 73.4212 74.2815 74.5502 74.3863 74.3302 74.5033 74.3719 74.2754 73.1825 73.9753 74.2189 74.3186 74.5662 74.5856 74.2328 73.7109 
68.4238 67.9625 67.7817 67.5308 66.4242 66.6315 66.6677 67.0002 68.8668 67.3862 68.113 68.5517 68.1039 66.9943 67.2994 67.3093 68.6617 67.9786 67.7621 68.2276 68.7833 68.4337 68.0275 67.8719 69.7259 69.5126 69.3793 69.5367 69.4562 69.3333 68.3695 67.7106 70.6434 70.3329 70.1381 70.3785 70.2799 69.9149 68.4774 67.446 70.9656 71.278 71.1444 70.692 70.9196 70.0316 68.8163 68.0961 71.0929 71.2856 71.6588 71.7521 71.4171 70.7891 69.5433 69.1229 71.1274 71.3687 71.7908 71.7541 71.4633 71.0096 70.5188 69.7126 
173.061 172.951 172.519 172.454 172.662 172.79 173.343 173.576 172.799 172.948 172.825 172.911 172.825 172.873 173.542 173.564 172.55 172.754 172.944 173.323 172.975 173.035 173.108 172.77 172.622 172.566 173.183 173.154 173.316 173.299 173.416 173.454 172.62 172.873 173.336 173.464 173.299 173.166 173.772 173.652 172.884 172.672 173.077 173.506 173.296 173.248 173.303 173.303 172.92 173.02 173.325 173.403 173.142 172.804 172.985 173.229 173.394 173.154 173.42 173.214 172.931 173.131 173.032 173.174 
161.872 161.128 160.058 159.148 159.41 158.902 157.641 155.949 161.172 160.807 160.179 159.598 158.774 158.941 158.471 156.921 161.384 160.938 159.644 159.423 158.234 159.336 158.469 155.605 160.968 160.942 160.297 159.328 159.191 159.011 158.342 156.184 159.748 159.973 159.43 160.137 159.775 158.606 158.63 157.523 160.472 160.106 159.283 160.102 159.556 159.506 159.178 157.577 161.251 160.862 160.441 160.366 159.891 160.02 160.21 157.872 160.97 159.947 159.992 160.67 159.932 159.307 158.38 158.094 
153.403 151.429 151.97 151.407 150.275 150.352 148.659 147.246 150.979 152.453 152.419 151.07 149.115 148.367 146.143 145.458 151.925 151.901 150.85 150.042 148.226 146.94 144.98 145.433 152.386 152.338 150.721 149.185 148.451 148.049 146.6 146.469 152.967 153.186 149.822 149.08 149.722 148.923 147.655 145.77 151.252 152.679 150.804 147.985 146.946 147.186 146.875 145.795 149.458 148.533 148.419 148.295 146.898 147.14 147.362 145.933 149.051 147.72 147.947 147.355 145.536 144.498 143.878 144.272 
149.883 148.04 148.582 147.943 146.894 147.364 145.706 144.311 147.502 149.184 149.101 147.536 145.88 145.299 143.198 142.491 148.336 148.569 147.384 146.65 144.816 143.62 142.004 142.46 148.753 148.717 147.224 145.947 145.198 144.941 143.585 143.469 149.579 149.709 146.322 145.667 146.619 145.929 144.767 142.766 147.575 149.133 147.426 144.617 143.997 144.428 143.974 142.768 145.793 144.977 144.987 144.783 143.611 144.2 144.531 142.866 146.295 145.137 145.276 144.709 143.017 142.065 141.537 141.615 
137.786 135.362 134.749 133.686 131.775 129.405 127.053 124.815 135.576 136.499 135.421 133.407 130.942 127.554 124.664 122.738 136.153 135.609 134.088 132.271 129.948 125.372 123.409 123.223 136.506 135.678 133.69 131.305 129.959 126.969 124.699 124.127 137.385 136.797 132.856 130.926 131.222 128.204 125.775 122.622 135.201 135.896 133.906 129.853 128.813 126.059 124.989 123.119 133.196 131.67 131.149 130.174 128.377 125.945 124.993 123.166 133.784 132.106 131.879 129.757 127.637 123.903 122.675 121.493 
83.8114 83.841 84.478 85.2033 85.4244 85.5969 85.1962 85.0147 84.2387 84.3266 84.9756 85.466 85.5082 85.3606 85.2692 84.8326 84.8353 84.4876 85.1674 84.9684 84.7887 84.9212 84.7633 84.7735 84.8524 84.5134 84.6175 84.162 84.3702 84.3631 84.6404 84.3229 84.8791 84.1076 84.1052 84.1902 83.8576 83.987 84.1114 83.9754 84.4569 83.8802 84.4391 84.299 83.8168 82.9792 83.5858 83.6188 83.3333 83.675 84.1014 83.7588 83.4662 82.8207 82.8061 83.2396 82.8901 82.9367 83.2735 83.427 83.6187 83.2691 82.6411 82.4802 
81.182 80.7487 81.1956 81.3389 81.344 81.6875 81.6042 82.4989 82.2151 82.1192 81.8513 82.0133 82.2143 82.0773 82.554 83.2208 83.1729 83.0608 83.0391 82.7116 82.7076 82.8043 83.1217 84.0265 83.9612 83.5124 83.5644 83.4943 82.9589 83.6416 83.7532 84.281 84.4247 84.0834 84.0325 84.1561 83.825 83.9032 83.7227 84.1351 84.6451 84.6921 84.4332 84.3494 84.4625 84.3446 84.0075 84.4296 84.8736 85.0279 84.867 84.7709 84.4895 84.583 84.3366 84.6983 84.9602 84.9584 84.7521 84.4228 84.3566 84.3867 84.5321 84.1315 
81.658 81.703 82.4677 82.8445 82.0275 82.0735 82.4462 82.5121 82.7754 82.7687 83.293 83.8514 83.6209 84.057 83.9967 83.6236 84.1503 84.1153 84.0114 83.4481 83.8168 84.8779 85.2457 84.549 85.1702 84.6226 84.7922 84.628 84.3767 85.2522 85.5399 85.4513 85.4549 85.1247 84.7852 85.1695 85.8019 86.5756 85.5273 84.3044 85.531 85.3348 85.1779 84.9063 85.726 87.2437 86.1822 84.0048 86.4772 86.55 86.2512 86.3801 87.0536 87.0542 85.3581 84.5769 87.1514 86.9741 86.7029 86.4521 86.2207 86.0686 85.2029 84.5406 
162.081 161.451 160.867 160.887 161.895 163.741 164.419 164.217 161.519 161.71 162.146 161.75 161.543 163.6 165.759 166.157 161.377 160.975 161.53 162.225 162.157 163.454 165.415 165.182 161.192 160.673 161.912 161.904 162.518 164.178 165.604 165.899 160.609 160.148 161.409 161.834 163.6 165.066 165.788 165.782 161.554 160.818 162.524 162.919 163.69 165.419 165.966 166.531 162.684 161.861 163.916 164.568 164.073 165.364 166.868 167.397 163.027 162.436 163.966 164.603 164.865 165.709 166.552 166.638 
157.872 157.169 156.589 156.436 156.829 157.474 157.775 157.58 157.529 157.533 157.397 157.087 156.686 157.698 158.733 158.989 157.391 157.232 157.187 157.265 156.927 157.883 158.797 158.375 156.906 156.85 157.761 157.161 157.284 158.361 159.125 158.994 156.461 156.208 157.223 157.317 158.104 158.789 159.061 159.132 157.657 156.959 158.094 158.075 158.293 158.881 159.19 159.891 158.601 158.165 159.225 159.483 158.778 159.179 159.853 160.571 158.874 158.598 159.359 159.724 159.667 159.793 159.779 160.322 
151.544 151.23 150.508 149.672 150.201 150.198 149.155 149.525 151.06 150.68 150.292 149.729 149.052 150.223 149.978 150.437 151.573 151.102 149.782 149.734 149.108 150.799 150.585 149.215 151.179 151.032 150.308 149.773 150.441 150.785 150.388 149.7 149.739 149.874 149.1 150.29 150.852 150.095 150.439 151.047 150.813 150.541 149.532 150.259 150.264 150.59 150.861 150.887 151.797 151.637 150.979 150.545 150.412 151.121 152.385 151.237 151.111 150.595 150.494 150.994 150.584 150.312 150.065 151.582 
147.957 145.668 145.737 144.642 142.865 140.711 138.321 136.468 146.137 147.022 146.359 144.279 142.121 138.815 135.784 134.657 146.827 146.487 145.276 143.548 141.355 137.042 135.257 135.531 147.189 146.434 144.818 142.993 141.831 139.188 137.379 137.016 147.55 147.45 144.064 142.492 143.049 140.438 138.67 135.974 146.173 147.174 145.266 141.381 140.55 138.384 137.495 135.91 144.642 143.489 142.816 141.955 140.334 138.331 137.663 135.956 144.532 143.498 143.662 142.092 139.987 136.538 135.502 134.686 
136.17 133.259 128.67 125.137 121.6 113.478 107.174 104.41 137.133 132.756 128.242 124.278 121.979 116.289 110.258 103.191 138.291 134.223 129.935 125.41 124.262 115.742 110.138 103.468 138.995 135.364 132.039 127.402 125.919 115.662 108.351 104.142 138.664 136.573 133.631 129.197 123.868 116.48 109.723 104.607 139.339 136.198 132.884 128.476 124.325 116.521 110.787 106.831 139.19 135.65 132.004 127.966 125.278 119.247 111.25 106.951 138.761 136.619 133.661 127.969 125.506 117.785 112.717 106.304 
102.155 101.865 99.9169 99.2296 98.6405 93.6193 92.0916 91.5039 102.556 101.814 99.7293 99.2374 98.326 93.5678 92.4689 91.0431 103.166 102.283 101.222 99.2308 98.4657 93.3789 92.6102 90.8817 103.258 102.741 101.62 99.7249 98.4467 93.5831 92.2207 90.5314 103.559 102.689 101.655 100.165 99.0597 94.0921 92.3629 90.6223 103.981 102.526 101.303 99.8837 99.1369 93.558 92.6275 91.1386 103.703 102.988 100.974 99.5129 98.994 93.9716 92.1927 91.3109 103.874 102.619 101.476 99.3279 98.3203 93.7658 92.5569 91.1069 
88.5458 88.8432 89.3524 89.6865 89.0109 88.918 89.3433 89.3923 89.3141 89.5005 89.9503 90.5588 90.2037 90.8021 90.4253 89.9713 90.5199 90.4634 90.2933 89.7573 90.1384 91.1906 91.3666 90.3232 91.2709 90.9381 91.0463 90.7671 90.5356 91.1745 91.2256 90.8615 91.3226 91.1054 90.8663 91.2328 91.8822 92.4251 91.0714 89.5858 91.2584 90.9768 90.775 90.5717 91.2439 92.5387 91.5843 89.1717 91.8341 91.96 91.4075 91.4983 92.2471 92.0716 90.3569 89.5275 92.4769 92.323 91.8483 91.5892 91.1509 91.1751 90.3086 89.8094 
87.452 87.623 88.2221 88.5632 87.8818 87.9436 88.2865 88.5455 88.532 88.5995 88.9661 89.5039 89.2929 89.8348 89.8792 89.5678 89.6623 89.767 89.616 89.1326 89.5327 90.5219 90.9426 90.2626 90.5102 90.2195 90.3965 90.1375 89.9557 90.7685 91.0634 90.9715 90.6038 90.4992 90.3576 90.7432 91.4281 92.0245 90.999 89.8166 90.5612 90.5251 90.4691 90.2694 91.0518 92.3951 91.5588 89.383 91.3135 91.5512 91.1996 91.1918 92.0168 92.0547 90.5783 89.8653 91.9274 91.9164 91.5038 91.2314 91.1032 91.2476 90.4868 89.9405 
146.74 147.116 147.373 148.77 150.261 152.764 154.577 156.163 158.234 158.532 159.3 160.073 161.38 163.676 166.234 166.383 158.188 157.394 158.907 161.274 162.595 163.303 165.429 165.643 158.024 156.807 158.471 160.408 162.411 164.222 166.13 166.264 157.28 156.533 158.02 159.788 161.649 163.865 166.388 166.589 157.57 156.962 158.243 159.988 160.902 162.899 165.072 166.234 157.972 157.676 159.009 160.028 159.761 161.272 163.365 165.698 157.764 157.867 158.102 159.107 159.564 161.237 163.326 165.326 
147.282 146.42 146.151 146.061 146.784 148.362 149.255 149.288 146.908 146.662 146.989 146.925 146.904 148.695 150.636 151.777 146.748 146.382 146.614 146.86 147.203 148.641 150.961 151.445 146.53 146.252 147.039 146.832 147.558 149.187 150.681 151.573 145.787 145.194 146.133 146.655 148.919 150.213 150.337 151.002 146.88 146.018 147.505 147.712 148.738 150.524 151.029 151.798 148.177 147.519 149.326 149.676 149.318 150.744 152.384 152.721 148.434 148.191 149.564 149.948 150.48 150.934 152.045 152.027 
136.794 136.635 136.878 136.573 136.385 136.592 136.01 136.432 137.536 136.966 136.571 136.44 136.733 136.234 135.807 136.437 137.444 136.982 136.736 136.54 136.373 136.373 136.682 136.844 136.971 136.708 136.918 136.942 137.08 137.544 137.791 137.611 135.822 136.338 136.726 136.861 136.859 137.512 137.521 137.596 136.741 136.905 136.855 136.664 136.797 136.892 136.76 136.692 137.44 137.777 137.251 136.947 136.946 137.01 136.96 136.896 136.733 137.266 137.682 137.814 137.345 136.877 136.938 137.359 
128.621 128.116 128.404 128.187 127.838 127.573 126.973 127.01 129.085 128.477 128.023 127.527 128.397 128.718 127.898 127.216 129.768 129.056 128.959 127.908 129.281 128.913 127.513 126.452 130.183 129.769 129.725 129.661 130.285 128.602 127.407 126.874 129.399 130.379 131.008 130.448 129.765 128.888 127.649 127.376 130.285 130.795 130.525 130.019 128.831 129.946 127.468 127.427 130.782 130.22 130.341 129.776 129.909 130.812 129.11 127.44 129.342 130.387 130.923 130.43 130.532 130.273 129.791 127.683 
124.812 125.014 125.029 124.231 123.84 121.144 120.449 119.583 125.148 124.558 124.235 123.838 124.14 121.856 120.222 119.288 126.106 125.776 125.198 124.008 125.067 122.48 120.38 119.697 126.906 127.405 126.367 124.842 125.519 122.849 121.325 120.678 126.103 127.134 127.128 125.626 125.379 123.939 122.424 120.348 126.686 126.234 126.602 126.188 125.333 122.757 120.047 118.592 126.945 125.734 125.433 126.303 126.094 122.951 121.023 119.173 125.806 125.888 125.797 126.077 126.9 123.625 122.031 121.028 
116.429 116.274 116.247 116.655 116.09 115.474 115.1 115.229 116.586 116.237 115.984 115.576 116.238 116.894 116.39 115.302 117.515 116.865 117.105 116.215 117.074 117.002 115.519 114.316 117.879 117.815 118.047 118.011 117.339 115.672 114.372 113.592 117.912 118.686 119.145 118.93 117.017 115.886 114.279 114.163 117.92 118.495 118.998 118.513 116.658 117.46 115.018 115.13 117.954 117.193 117.544 117.125 117.408 118.35 116.653 115.277 117.122 117.353 118.149 117.517 117.961 117.921 117.613 115.546 
101.26 101.5 101.458 101.443 101.537 101.663 101.914 102.201 101.729 101.939 101.669 101.634 101.686 102.248 102.584 102.676 101.753 102.232 101.981 102.31 102.341 102.591 102.799 102.761 102.071 102.512 102.406 102.655 102.515 102.659 102.797 102.728 102.471 102.57 102.89 103.06 103.181 103.09 103.054 102.94 102.616 102.727 102.996 103.26 103.209 103.274 103.346 103.29 102.854 103 102.878 103.14 103.248 103.643 103.675 103.541 102.976 103.095 103.139 103.279 103.415 103.86 103.879 103.63 
97.0036 98.118 99.3051 98.8887 97.0251 96.0117 96.3253 96.051 97.9674 98.8441 98.7594 98.1536 98.1098 96.4493 97.5631 96.8572 98.1509 98.943 98.2244 96.7479 97.5176 97.0071 99.0748 98.8551 98.0477 98.5645 98.1009 97.2655 97.9612 98.1875 99.4055 99.9846 98.3906 97.7249 97.8655 98.3482 98.9582 100.336 99.4138 98.6857 98.9356 98.7427 98.3583 99.3029 100.075 101.257 99.4722 98.1638 99.9807 99.764 97.7836 97.97 100.045 99.8811 98.8783 98.4175 99.682 99.6327 98.8989 98.1904 99.6386 98.9817 98.5037 98.6844 
99.0773 101.586 102.53 103.771 106.227 108.538 110.943 112.932 147.001 149.751 149.846 151.292 153.951 156.379 159.006 160.624 147.392 150.239 151.899 153.584 155.713 156.604 159.417 160.678 147.153 150.501 151.742 153.383 155.26 158.024 160.79 160.677 147.154 151.106 151.681 153.036 155.623 158.158 160.617 162.487 147.486 150.881 151.833 153.389 155.654 158.499 160.851 162.444 146.855 150.54 151.865 153.104 155.382 157.977 160.559 162.172 146.123 149.785 151.553 152.753 154.984 157.466 160.074 161.621 
130.07 130.368 130.306 130.293 130.206 130.854 131.015 131.01 140.258 140.688 139.123 139.261 140.224 139.946 140.322 139.614 140.297 139.901 138.935 139.098 139.401 139.737 139.989 139.705 139.724 139.898 139.676 139.333 139.323 140.09 140.574 139.833 139.01 139.085 139.512 139.631 139.134 140.728 139.889 140.197 138.801 138.742 139.259 139.583 139.782 139.954 139.887 139.919 138.976 139.375 139.648 139.633 139.572 140.019 140.044 140.69 139.412 139.661 139.881 140.026 139.429 139.141 139.476 140.561 
133.283 133.47 133.294 133.173 133.195 133.567 133.26 133.041 134.093 134.153 133.037 133.298 133.856 133.341 133.613 133.38 134.118 133.712 132.947 132.938 133.187 133.482 133.611 133.389 133.787 133.778 133.65 133.298 133.495 133.974 133.962 133.607 133.428 133.387 133.424 133.583 133.465 134.276 133.541 133.703 133.163 133.114 133.305 133.517 133.645 133.607 133.329 133.256 133.484 133.817 133.783 133.609 133.685 133.687 133.892 133.928 133.806 134.04 134.076 133.97 133.601 133.371 133.511 134.043 
125.535 126.094 126.588 126.079 126.096 126.328 125.94 125.154 125.997 125.831 125.979 126.224 126.387 126.366 125.198 125.159 126.732 126.743 126.511 126.149 126.745 127.011 125.843 125.911 127.114 127.789 127.301 126.325 127.013 128.136 127.403 127.012 126.239 127.259 127.385 126.523 126.975 128.933 128.392 126.531 126.561 126.37 126.997 127.13 127.18 126.966 125.589 124.425 126.925 126.426 126.339 127.535 127.505 126.613 125.818 124.941 126.132 126.39 126.547 127.441 128.09 127.461 126.364 126.754 
121.105 121.788 122.193 122.058 121.854 121.98 121.944 121.3 121.247 121.18 121.476 121.689 122.158 122.965 121.942 121.246 122.462 122.402 122.51 121.817 123.234 123.792 121.851 121.546 123.384 124.305 123.79 122.787 123.472 123.971 122.459 121.978 122.663 124.137 124.468 123.337 123.142 124.668 123.52 121.623 122.599 122.728 123.785 123.732 123.143 123.572 121.084 119.881 122.716 121.758 122.265 123.368 123.641 123.392 121.972 120.437 121.818 122.259 122.713 123.276 124.56 124.206 123.059 122.493 
117.03 117.988 118.312 118.447 118.245 118.425 118.604 118.172 117.353 117.434 117.952 118.324 118.264 118.829 118.395 118.282 118.093 118.404 118.765 118.685 118.95 119.598 118.627 118.887 118.549 119.604 119.397 118.91 118.809 119.995 119.359 119.147 118.45 119.355 119.509 119.178 119.03 120.616 120.201 118.804 118.23 118.244 119.49 119.784 119.618 119.367 118.177 117.119 118.364 117.803 118.031 119.375 119.668 119.15 118.641 117.772 117.963 117.934 118.558 119.287 120.518 120.269 119.555 119.647 
107.62 108.919 109.997 109.923 108.079 106.85 107.163 107.147 108.262 109.305 109.365 108.59 108.518 106.488 108.09 107.868 108.103 108.972 108.908 107.673 107.975 107.069 109.238 109.688 107.341 108.213 108.174 107.946 108.024 108.119 109.424 110.097 107.888 107.443 107.867 108.788 108.397 109.607 109.442 109.681 108.406 108.577 108.716 110.072 110.239 110.671 109.4 109.55 109.266 108.993 107.161 107.439 109.51 109.551 109.493 109.521 108.558 108.501 108.515 107.876 109.923 109.307 109.519 109.834 
103.396 104.475 105.53 104.977 103.373 102.438 102.769 102.822 104.205 105.191 104.827 103.905 104.037 102.22 103.811 103.504 103.756 104.964 104.159 103.118 103.797 102.916 105.074 105.458 103.348 104.331 103.678 103.238 104.073 104.128 105.538 106.334 103.815 103.412 103.854 104.265 104.662 105.88 105.816 105.866 104.652 104.703 104.523 105.828 106.297 106.898 105.73 105.74 105.611 105.468 103.634 103.967 105.892 106.001 105.926 105.893 105.081 105.297 104.749 104.261 106.138 105.712 105.673 105.962 
