2158640
145.218 145.545 146.383 146.91 147.614 148.475 148.925 149.082 149.246 145.259 145.877 146.227 146.832 147.639 148.447 148.852 149.327 149.553 144.929 145.481 145.971 146.793 148.083 148.446 148.799 149.49 149.727 144.246 144.596 145.597 146.255 147.512 148.325 148.799 149.253 149.846 144.453 144.681 145.446 146.45 147.261 148.06 149.115 149.449 149.893 144.443 145.08 145.64 146.132 146.951 148.025 149.087 149.508 149.333 144.504 145.057 145.703 146.332 147.072 148.006 148.842 149.041 149.237 144.64 144.829 145.603 146.564 147.611 148.254 148.592 148.624 149.185 144.547 145.098 145.828 146.45 147.37 148.078 148.7 149.016 148.918 
148.952 148.724 148.984 152.408 154.23 151.679 150.803 151.714 153.547 148.637 149.519 150.337 150.688 150.955 152.799 152.196 152.668 154.382 148.962 150.848 151.856 153.512 153.284 154.196 152.461 153.875 155.183 149.852 150.854 152.057 152.198 152.555 153.131 151.452 152.323 155.069 149.829 151.333 151.126 149.984 150.995 152.181 152.255 151.375 151.617 151.404 151.798 150.559 150.341 150.612 150.881 153.256 154.074 152.501 151.649 152.653 153.228 150.104 150.371 150.528 153.212 156.146 154.687 149.943 152.857 154.27 153.603 153.177 151.028 152.536 152.971 152.475 151.674 151.867 152.117 152.014 151.616 149.428 149.969 151.233 151.269 
153.529 153.512 153.171 156.125 157.209 155.13 154.121 155.03 156.296 152.878 153.989 154.084 153.833 153.894 156.047 155.404 155.023 157.102 152.921 154.694 155.381 156.841 156.539 157.499 155.792 156.593 158.563 153.587 154.649 155.604 155.424 155.16 155.736 155.486 155.946 158.538 153.054 154.61 154.259 152.986 152.992 154.625 155.75 155.304 155.542 155.694 155.379 154.413 154.154 153.293 153.434 157.436 158.431 157.86 155.227 155.373 156.559 153.745 153.094 153.139 156.44 159.445 158.507 153.837 157.431 158.177 157.115 155.421 153.202 154.75 156.441 156.613 155.033 155.021 154.903 154.559 153.851 151.561 153.869 155.808 154.538 
157.486 156.823 157.048 158.433 160.547 158.035 158.099 160.479 161.131 158.42 156.754 160.131 160.5 160.361 159.24 157.419 158.05 160.555 160.146 159.233 160.527 161.978 161.501 158.104 157.577 158.778 161.034 160.012 160.573 161.356 162.066 161.489 159.99 159.237 160.848 161.481 157.499 158.97 161.514 161.316 161.014 160.183 157.937 157.836 159.158 161.511 161.151 161.854 160.23 160.334 159.988 160.022 160.048 161.434 161.794 160.522 160.612 158.941 157.857 158.135 160.156 163.303 162.384 162.086 160.975 161.753 160.21 157.642 156.582 158.394 160.304 160.237 159.226 159.473 160.906 159.902 157.482 155.888 158.595 159.64 158.734 
160.303 160.357 160.685 160.63 162.623 161.384 161.486 163.683 163.235 161.45 159.922 163.273 163.746 163.694 161.781 159.919 160.03 162.288 163.132 161.562 162.938 164.055 163.937 160.201 159.879 160.562 162.707 162.404 162.541 163.531 164.711 164.192 162.755 162.555 164.118 163.497 160.198 161.711 164.707 165.161 164.703 163.436 161.437 162.139 163.129 164.879 164.496 165.982 164.395 164.561 164.234 163.577 163.775 165.81 164.692 163.054 162.839 162.749 161.864 162.312 162.788 165.058 164.659 165.824 163.926 163.958 162.604 160.943 160.452 161.178 163.314 163.526 162.049 162.023 163.661 162.929 160.911 160.717 163.33 163.887 162.393 
161.439 161.327 162.825 163.009 165.792 165.754 166.028 166.989 167.024 162.854 161.493 165.674 166.904 167.402 165.494 163.919 164.225 166.027 165.871 164.121 166.241 167.753 167.952 163.978 163.812 164.481 166.459 165.575 166.439 167.654 169.299 169.398 167.306 166.058 167.255 166.811 163.676 165.787 169.746 170.681 170.746 168.784 164.996 164.796 166.227 167.074 167.576 169.967 168.439 168.993 167.933 166.125 165.757 166.692 168.072 167.145 166.777 166.873 165.69 166.017 167.064 169.22 167.553 168.827 166.69 167.329 166.207 164.98 165.456 166.773 168.07 167.998 165.553 165.358 167.6 167.111 165.283 164.941 166.271 166.768 166.892 
169.125 169.997 174.23 172.302 171.905 173.105 175.798 177.011 178.524 169.767 170.938 172.913 171.596 171.132 172.986 175.269 177.08 177.669 170.486 173.247 173.955 172.927 171.979 174.894 176.83 178.097 179.206 171.093 172.879 174.076 173.947 175.258 177.748 179.502 179.805 180.013 171.618 172.703 173.531 175.883 176.941 179.028 180.515 178.923 179.762 171.451 170.891 173.669 176.661 178.898 179.232 181.492 179.99 181.82 173.632 173.005 176.674 177.765 180.948 180.029 183.606 184.596 181.36 175.438 174.338 177.783 180.783 183.265 182.234 184.809 188.058 187.146 174.299 173.853 173.822 182.772 181.628 183.273 184.255 185.67 186.699 
198.898 198.76 199.077 199.221 199.11 198.829 198.895 198.474 198.809 199.136 198.542 199.022 199.265 199.092 199.252 198.994 199.002 199.307 198.918 198.949 199.655 199.547 199.273 198.966 199.143 199.354 199.867 199.095 199.541 199.699 199.316 199.289 199.237 199.032 199.371 199.516 199.519 199.703 199.44 199.632 199.573 199.459 199.603 199.736 197.379 199.345 199.474 199.905 199.865 199.873 199.883 199.702 197.521 197.877 198.856 199.073 199.896 200.167 200.278 200.172 197.941 198.083 197.915 199.167 199.469 199.979 200.513 198.661 198.27 198.095 198.312 198.049 143.516 143.563 143.777 142.166 142.227 142.312 142.013 141.651 141.731 
247.337 247.334 247.467 247.531 247.169 247.085 247.015 247.253 246.91 247.089 247.137 247.384 247.245 247.07 246.917 246.613 246.84 246.851 246.84 246.885 246.986 247.185 246.977 246.773 246.475 246.366 246.462 246.172 246.61 246.568 246.714 246.504 246.249 246.213 246.094 246.186 245.936 245.935 246.126 246.123 246.05 245.824 245.833 245.949 243.458 245.516 245.615 245.641 245.326 245.411 245.378 245.23 242.715 242.721 244.216 244.473 244.632 244.132 242.302 242.018 239.793 239.751 239.489 242.992 243.169 243.216 242.665 238.31 238.566 238.614 238.605 238.66 44.779 44.9742 45.126 42.753 39.8667 39.8686 39.6898 39.9051 40.2428 
253.882 253.987 253.982 253.583 253.502 253.737 246.774 251.099 249.278 253.042 250.966 250.167 253.743 253.732 250.627 246.921 253.861 251.438 252.886 251.515 252.77 253.871 253.907 251.409 249.477 253.618 253.578 253.165 252.19 253.388 254.124 250.859 253.866 252.283 253.574 253.237 253.603 252.931 252.264 253.839 252.452 253.787 252.734 253.561 250.819 254.06 254.034 249.831 252.222 252.513 253.81 253.562 253.099 249.367 253.93 253.923 254.011 253.955 253.646 253.834 253.254 251.58 249.017 254.144 253.994 253.855 253.154 253.393 252.816 251.763 253.628 253.667 247.062 247.063 242.459 244.668 239.031 246.518 246.42 246.547 246.668 
255.148 255.234 255.362 255.031 254.927 255.243 248.178 252.605 250.83 254.259 252.247 251.427 255.114 255.445 252.191 248.353 255.223 252.844 254.293 252.909 254.07 255.2 255.437 253.053 250.96 254.988 255.173 254.731 253.539 254.883 255.495 252.123 255.469 253.975 255.246 255.064 255.267 254.27 253.653 255.435 253.976 255.42 254.397 255.315 252.847 255.542 255.456 250.979 253.664 253.971 255.402 255.118 255.075 251.266 255.42 255.232 255.291 255.479 255.182 255.419 254.947 253.281 250.867 255.441 255.345 255.294 254.535 255.082 254.739 253.611 255.371 255.44 255.308 255.461 250.744 253.372 247.618 255.5 255.477 255.447 255.499 
254.301 254.129 254.165 254.303 254.563 254.518 247.543 251.758 250.19 253.155 250.977 250.356 254.53 254.452 251.167 247.087 254.343 252.185 252.787 251.623 252.85 254.379 254.414 252.411 250.084 254.498 254.752 253.153 252.057 253.287 254.422 251.345 254.809 253.442 254.847 254.726 253.773 252.411 252.189 254.104 253.095 254.362 254.102 254.594 252.363 254.54 253.885 249.202 252.444 252.904 254.318 255.064 254.58 250.255 254.118 254.064 254.467 254.317 253.767 254.787 254.408 252.416 249.484 254.977 254.983 254.374 253.354 253.611 254.191 253.037 254.788 253.916 254.453 254.961 249.764 252.105 246.739 254.649 254.239 254.827 254.383 
142.674 143.487 144.361 144.984 146.803 145.751 144.831 145.049 145.568 143.334 143.509 145.26 146.322 146.488 145.672 144.552 144.92 146.02 143.218 143.552 145.227 146.399 146.013 145.864 143.94 145.371 146.241 142.967 143.354 144.724 145.82 146.295 146.367 143.675 145.701 146.676 143.722 146.354 146.993 146.237 147.64 146.733 145.66 146.376 146.364 145.816 147.54 147.205 146.422 148.198 148.059 146.957 148.002 146.029 145.854 146.566 145.144 144.574 147.029 147.28 146.512 147.202 145.237 145.034 145.726 145.678 145.914 148.663 147.251 146.693 145.985 144.908 146.207 146.086 146.233 146.727 147.054 148.19 146.877 146.039 146.168 
144.86 145.096 145.619 146.231 147.656 146.938 145.892 146.149 146.867 145.307 145.104 146.686 147.452 147.489 147.037 145.874 146.195 147.411 144.885 145.022 146.702 147.223 146.902 146.879 145.525 146.491 147.278 145.577 145.56 146.64 147.413 147.634 147.639 145.402 146.627 147.437 146.354 148.026 148.713 148.337 149.403 148.717 147.094 147.466 147.544 147.903 148.747 148.778 148.533 149.78 148.874 147.607 148.448 147.062 147.651 148.145 147.266 147.193 148.556 148.405 147.649 148.089 146.74 147.6 148.055 147.937 147.874 149.716 148.531 147.871 147.605 146.524 148.614 148.429 148.375 148.44 148.937 149.355 148.454 147.597 147.594 
151.303 150.915 150.753 153.375 154.432 151.659 150.757 151.526 153.321 150.868 151.388 151.924 151.811 151.661 152.839 152.143 152.486 154.137 151.411 152.936 153.391 154.613 153.795 154.26 152.539 153.706 154.864 152.65 153.353 153.627 153.186 153.017 153.186 151.411 152.077 154.625 152.516 153.681 152.855 151.122 151.424 152.346 152.086 151.173 151.332 153.554 153.807 152.333 151.779 151.336 151.311 153.214 153.816 152.363 153.534 154.411 154.85 151.701 151.446 151.264 153.628 156.325 154.84 152.042 154.745 155.742 154.832 153.86 151.568 152.823 153.323 152.845 153.82 153.876 153.685 153.232 152.506 149.994 150.523 151.481 151.527 
156.814 157.623 157.237 156.781 156.549 156.505 155.543 155.847 154.74 156.726 157.85 157.634 157.233 156.576 156.08 154.798 153.622 155.071 156.359 157.039 157.462 157.519 156.748 156.258 154.684 154.513 155.732 155.898 156.252 157.205 156.787 155.622 155.797 156.146 156.263 156.184 155.559 157.781 157.98 156.866 155.52 155.692 156.807 157.674 157.233 158.836 158.851 159.194 158.426 157.132 156.522 158.673 159.632 160.104 157.661 156.744 156.872 157.026 156.911 156.601 156.553 157.094 156.674 157.829 159.167 157.925 158.318 157.141 156.086 155.804 156.689 157.063 157.605 156.998 156.384 156.278 155.728 156.484 158.452 158.386 155.751 
160.518 160.363 161.538 161.491 163.988 163.753 163.977 164.948 165.051 162.01 160.526 164.387 165.289 165.728 163.723 161.963 162.266 164.01 164.627 162.805 164.751 165.949 165.912 161.993 161.716 162.415 164.212 164.472 165.061 165.878 167.303 167.202 165.058 163.861 164.987 164.575 162.403 164.297 167.848 168.553 168.322 166.336 162.716 162.506 163.963 165.42 165.947 168.029 166.327 166.812 165.701 163.688 163.308 164.341 166.328 165.285 165.004 165.003 163.918 163.954 164.494 166.54 165.134 167.149 164.925 165.43 164.338 163.043 163.066 163.977 165.319 165.193 164.088 163.962 165.656 165.028 163.18 162.602 163.746 164.219 164.193 
167.348 168.877 171.283 170.62 172.284 174.833 175.068 172.357 171.937 167.438 169.364 171.323 171.699 172.659 172.9 173.426 172.671 172.579 169.064 170.077 172.283 173.123 173.581 173.949 173.067 173.259 174.536 169.216 171.942 173.359 175.252 175.678 174.756 173.861 173.924 173.985 169.359 173.643 176.586 177.94 177.858 177.218 174.658 173.527 174.293 170.35 172.757 176.942 176.841 176.538 174.65 174.55 173.369 172.093 172.473 173.616 174.505 175.578 174.542 174.067 175.929 175.951 172.758 172.775 174.147 174.185 174.631 175.994 176.519 177.212 178.005 177.434 173.219 172.934 173.249 174.765 174.602 175.094 174.405 175.696 176.255 
169.781 170.803 174.788 174.487 176.25 179.513 180.112 177.913 178.47 170.208 172.063 174.582 175.611 176.678 177.382 177.983 177.668 178.211 173.015 174.151 177.161 177.781 177.662 178.488 178.275 179.152 180.486 173.32 176.092 177.824 179.362 180.783 180.529 179.617 180.226 180.448 173.453 177.256 180.424 182.04 182.871 182.386 180.375 179.326 180.404 174.276 175.951 179.765 180.716 181.701 179.85 180.316 179.569 178.752 176.463 176.977 178.739 179.964 180.515 179.659 182.264 183.132 178.805 176.504 177.638 179.318 180.396 182.208 182.479 184.131 185.67 185.216 176.972 176.483 176.942 181.047 180.722 181.374 181.339 183.022 184.251 
175.582 176.39 181.458 179.213 179.109 180.165 182.688 183.905 185.456 176.495 177.819 179.929 178.487 178.016 179.886 181.788 183.932 183.786 177.201 180.289 181.046 179.628 178.513 181.485 183.26 185.068 185.852 177.811 180.026 180.655 180.753 182.497 184.691 185.839 186.736 187.111 177.975 179.225 180.083 182.599 184.225 186.336 187.084 185.641 187.162 177.607 177.202 179.89 183.374 186.368 186.233 188.18 186.488 189.095 180.023 179.195 183.492 184.661 188.448 187.193 190.584 191.701 188.281 181.386 180.124 184.701 187.971 190.414 189.261 191.611 195.356 194.34 181.089 180.487 180.261 190.18 188.721 190.279 191.054 192.494 194.039 
218.229 218.272 218.679 218.259 217.884 218.196 217.942 217.5 217.254 218.066 218.16 218.575 218.447 217.826 218.008 217.82 217.891 217.5 218.403 218.338 218.961 218.76 218.269 217.555 217.656 217.855 217.359 218.673 218.903 218.707 218.97 218.978 218.624 218.021 217.869 217.037 218.93 219.105 219.104 218.682 218.612 218.455 217.772 217.68 215.84 219.123 219.423 219.505 219.097 219.28 218.683 217.699 215.952 215.997 218.927 219.198 219.208 218.562 218.34 218.265 215.966 215.832 215.694 219.576 219.419 219.291 219.132 216.983 216.723 216.216 216.163 215.795 188.479 187.84 188.107 186.496 185.303 185.063 184.706 184.673 184.958 
230.938 230.813 231.663 231.628 231.159 231.06 230.302 229.854 229.971 230.691 231.026 232.172 232.057 231.354 231.628 231.323 230.629 230.111 231.193 231.366 232.25 232.155 231.748 231.435 230.991 231.007 230.209 231.674 231.882 232.37 232.396 232.121 231.391 230.929 230.704 230.342 231.836 231.763 232.034 231.564 231.486 231.142 230.767 230.394 230.508 232.642 232.741 232.707 231.936 232.053 231.272 230.469 229.952 230.475 232.385 232.911 232.489 231.987 231.621 230.479 229.736 229.977 229.997 232.916 232.454 232.269 232.263 231.577 230.854 229.859 230.268 230.082 232.881 232.693 232.33 232.051 231.401 230.711 230.481 230.832 230.857 
252.293 252.257 252.153 252.161 252.311 252.173 245.342 249.893 248.446 251.257 249.452 248.777 252.341 252.222 249.033 245.203 252.272 250.227 251.007 250.002 251.154 252.207 252.124 250.141 247.987 252.252 252.366 251.332 250.543 251.654 252.498 249.393 252.637 251.126 252.407 252.146 251.933 250.886 250.613 251.906 250.879 252.183 251.827 252.158 249.81 252.659 252.054 247.822 250.577 251.015 252.333 252.687 252.076 248.237 252.283 252.109 252.468 252.438 251.968 252.623 252.287 250.371 247.624 253.04 252.875 252.411 251.478 251.847 251.972 250.731 252.558 252 252.715 252.878 248.026 250.012 245.035 252.463 252.03 252.567 252.369 
241.857 240.962 242.999 244.073 245.339 243.94 243.664 243.549 245.335 240.795 240.239 242.909 245.181 243.977 243.609 241.779 242.791 243.522 239.602 240.785 242.044 244.95 243.485 245.734 243.96 245.174 244.739 239.874 240.007 240.44 243.593 244.293 246.253 246.403 245.539 246.584 241.878 237.833 240.674 242.462 243.783 243.574 246.721 243.456 245.376 244.792 241.054 239.808 242.755 242.733 243.368 247.085 244.376 243.13 243.354 243.176 245.314 242.33 240.804 245.795 244.934 243.275 241.967 247.092 247.538 244.947 241.53 240.079 246.555 246.321 246.185 240.723 243.985 246.495 243.916 242.05 242.834 244.357 243.359 245.599 242.565 
138.014 138.257 139.162 140.044 140.955 140.944 140.672 141.76 141.991 138.272 138.668 139.045 140.715 140.45 141.178 141.752 142.137 141.621 139.445 139.139 139.805 141.568 141.486 141.271 142.59 143.262 142.008 140.625 140.46 139.691 141.858 141.992 140.652 141.602 142.449 142.563 140.495 139.761 139.515 140.854 141.888 141.775 141.287 141.608 141.944 138.604 138.972 139.234 140.649 140.982 141.455 141.88 141.151 140.519 137.686 137.971 138.615 139.63 140.137 141.448 142.325 141.836 141.034 137.477 137.783 138.05 139.204 139.027 140.291 141.991 141.526 141.789 137.256 137.675 137.947 137.728 138.632 139.86 141.732 140.788 141.393 
142.692 142.943 143.287 143.649 144.607 143.502 142.54 143.084 143.433 143.108 142.96 143.961 144.657 144.523 143.677 142.808 143.235 143.959 143.206 143.139 144.058 144.567 143.918 143.537 142.694 143.757 143.974 143.489 143.569 144.045 144.402 144.449 144.049 142.371 143.581 143.949 143.871 145.511 145.787 144.868 145.787 144.92 143.524 143.906 143.555 145.045 145.872 145.876 145.072 146.05 145.419 144.26 144.92 143.581 144.518 145.188 144.258 143.748 144.889 144.827 144.033 144.672 143.177 144.288 144.861 144.531 144.175 145.874 144.585 143.877 143.643 143.011 145.448 145.335 145.144 144.862 144.936 144.981 144.276 143.348 143.309 
147.936 147.709 147.381 147.213 146.531 146.158 146.019 146.26 145.35 147.886 148.55 147.998 147.908 147.165 146.192 145.72 145.847 145.749 148.094 148.921 148.128 147.553 146.731 145.939 145.52 145.513 144.769 148.663 148.567 148.698 147.366 146.53 146.157 145.315 144.242 143.963 148.407 149.128 148.639 147.463 146.956 146.77 146.15 145.567 144.259 148.663 148.516 147.97 147.692 146.778 145.882 146.151 145.974 145.27 148.537 148.641 148.079 147.458 147.067 146.656 146.209 146.008 145.504 148.66 148.528 148.184 148.503 147.052 147.048 147.329 145.76 145.421 149.024 148.926 148.56 147.808 147.431 147.334 147.179 145.475 144.381 
155.19 155.195 154.357 153.894 152.914 152.414 151.844 151.509 150.584 155.206 156.545 155.644 154.884 153.674 152.364 151.367 150.992 150.716 155.447 156.667 155.58 154.912 153.134 151.758 150.981 150.564 149.406 156.054 156.015 155.867 153.772 152.334 151.713 150.685 148.889 148.33 155.409 156.25 155.688 153.627 152.464 151.966 151.352 150.171 148.56 155.082 154.811 154.31 153.682 152.028 151.015 151.379 150.927 149.962 154.852 154.919 154.268 153.42 152.759 152.032 151.176 150.642 149.774 155.156 154.726 154.136 154.564 152.862 152.525 152.597 150.102 149.728 155.897 155.304 154.336 153.622 153.091 152.547 152.078 149.907 148.229 
167.607 169.09 168.367 166.904 165.635 165.11 165.274 163.416 161.345 167.19 168.814 168.892 167.505 166.314 164.566 164.35 164.024 162.592 165.784 167.716 166.938 166.96 165.512 164.616 163.36 162.933 162.419 165.898 167.664 167.335 166.772 164.747 163.539 163.321 162.252 161.139 165.367 167.75 167.996 167.384 165.498 165.253 164.106 163.24 161.787 165.359 166.546 168.4 167.89 165.634 163.958 163.602 161.877 161.053 166.395 167.397 167.199 167.128 165.15 164.072 163.624 162.036 161.698 167.142 167.55 166.254 166.843 165.161 164.789 164.265 162.609 161.351 166.97 168.159 167.215 165.71 164.558 164.563 163.122 161.75 160.027 
171.893 173.118 174.294 174.128 175.459 177.551 177.112 174.284 173.569 171.975 173.254 174.529 175.356 176.209 175.735 175.561 174.403 174.229 173.18 173.535 175.518 176.719 176.696 176.056 174.834 174.866 175.856 172.942 174.959 175.806 177.358 177.577 176.006 174.554 174.867 174.477 173.01 176.309 178.675 179.355 179.102 177.897 175.393 174.728 174.65 173.592 175.426 178.572 178.559 177.515 175.504 174.865 174.068 172.459 175.016 176.055 176.41 177.138 175.589 174.741 175.488 175.277 172.905 175.11 176.48 176.306 176.211 176.48 176.558 176.52 176.581 175.93 175.806 175.814 175.857 175.583 175.505 175.342 174.35 175.227 175.244 
181.554 184.054 185.154 183.742 183.262 182.946 183.297 182.121 180.695 181.779 182.638 183.685 183.141 183.083 182.274 182.486 182.982 181.493 180.313 181.687 182.095 183.204 182.391 182.589 182.297 183.22 182.431 179.794 181.677 182.265 182.92 182.75 182.91 182.311 182.998 182.095 179.595 181.966 182.896 183.557 183.108 183.44 182.362 183.511 183.484 180.703 181.539 184.29 184.853 184.227 182.358 182.955 182.273 182.739 181.793 182.586 183.966 184.876 183.76 182.975 183.586 183.391 183.15 182.511 183.18 183.74 183.924 184.161 184.118 184.508 185.398 183.466 182.375 183.421 183.061 183.731 183.65 182.345 181.92 183.582 183.607 
193.201 192.779 192.686 193.49 193.338 193.317 192.851 192.324 191.729 193.481 193.172 192.878 193.442 193.73 193.296 192.542 192.56 192.505 194.656 194.447 193.947 193.893 194.118 193.337 192.864 193.106 193.174 193.394 193.117 192.602 193.432 194.497 193.823 192.58 192.978 192.73 192.858 193.515 194.02 194.087 194.493 193.576 192.938 193.669 194.605 193.568 194.188 194.368 195.484 195.447 194.512 193.163 193.59 194.57 193.197 194.447 195.255 195.988 196.657 195.874 194.041 193.279 193.592 194.129 193.895 194.984 195.144 195.553 195.607 195.566 195.164 194.661 194.504 194.6 195.707 195.828 196.211 196.451 195.529 194.818 194.612 
206.122 205.511 206.082 206.626 206.327 206.021 205.894 205.255 205.019 205.49 206.041 206.163 206.354 206.357 206.297 205.551 205.046 205.027 206.539 206.745 206.536 206.377 206.418 206.105 205.721 206.443 205.72 206.711 206.491 206.248 206.707 206.528 206.458 205.647 205.869 205.946 206.481 206.598 206.116 206.3 206.543 206.758 205.987 205.861 206.231 206.997 207.569 206.512 206.05 206.948 207.618 206.786 206.482 206.665 207.048 208.388 207.93 206.701 207.107 207.423 207.34 206.8 206.412 207.649 207.681 207.941 207.72 207.315 207.639 206.932 206.767 206.123 208.26 207.462 208.122 207.693 206.845 207.394 206.992 206.51 206.478 
220.422 220.568 221.122 221.117 220.822 220.352 220.492 220.198 219.666 219.906 220.53 221.202 221.652 220.935 220.308 220.824 221.287 220.03 220.706 220.632 221.082 221.066 220.666 220.254 219.951 220.792 220.421 221.118 220.996 220.887 221.354 221.43 221.494 220.588 220.156 220.151 221.545 221.334 220.863 220.284 220.273 220.464 220.077 219.786 220.294 221.378 221.872 221.524 220.822 220.7 220.661 220.029 219.434 220.188 222.075 222.305 221.757 221.011 221.352 220.794 220.849 219.829 219.97 222.079 221.908 221.671 221.611 221.213 221.443 220.701 219.922 220.314 222.388 221.685 221.817 221.528 220.865 220.764 220.334 220.354 221.18 
228.103 227.503 227.135 224.463 226.243 227.167 228.338 228.425 225.924 226.384 225.397 228.415 225.596 227.398 225.449 228.959 228.142 224.134 227.471 225.617 228.561 226.913 226.922 226.498 227.847 229.306 225.012 228.744 229.45 231.801 229.106 227.252 226.189 230.497 226.758 224.849 229.861 228.751 229.481 227.844 226.711 227.97 230.409 226.886 225.426 228.304 230.283 228.488 228.535 228.827 228.612 225.94 227.588 226.768 227.428 231.102 229.227 229.738 230.767 228.491 228.246 229.297 226.559 227.959 229.795 228.804 228.518 228.873 227.218 225.395 228.131 227.35 227.334 228.341 228.58 229.946 226.832 226.158 225.899 228.263 231.034 
237.547 236.617 238.293 239.455 240.816 239.606 239.3 239.306 240.493 235.905 235.337 237.824 240.78 239.292 238.735 237.109 238.844 238.902 234.464 235.838 236.925 239.853 238.328 240.921 239.188 240.932 240.563 234.864 235.057 235.099 238.53 239.533 242.071 242.196 241.057 241.968 236.902 232.871 235.356 237.136 238.549 238.588 242.106 238.843 240.746 239.79 236.114 234.595 237.735 237.474 238.387 242.703 239.676 238.349 238.651 238.65 240.85 237.516 235.672 240.979 240.269 238.092 236.701 242.146 243.014 240.517 236.776 234.842 241.712 241.553 240.831 235.713 239.406 241.621 239.084 237.165 237.388 238.994 237.851 240.148 237.379 
132.938 133.085 134.351 136.33 139.042 139.181 138.96 139.749 138.73 132.028 132.182 134.647 136.275 138.241 139.116 139.079 139.143 138.829 132.734 133.709 134.532 136.871 137.668 138.214 138.939 138.887 138.33 133.686 135.103 134.007 136.282 137.138 137.456 139.68 139.569 139.336 133.21 133.999 133.216 134.978 136.596 137.925 138.819 140.571 139.577 131.961 132.565 133.12 134.037 135.212 136.443 139.067 139.879 139.699 133.238 134.344 134.092 133.732 134.516 135.415 137.389 139.106 139.821 134.061 134.538 133.348 132.271 132.54 134.494 138.576 140.141 139.799 133.089 134.233 132.949 130.767 129.276 133.2 136.438 135.726 138.628 
138.378 138.27 138.391 138.706 139.159 139.11 138.848 139.466 139.513 138.43 138.783 138.486 139.374 139.163 139.29 139.601 139.799 139.363 139.142 139.073 139.14 139.61 139.485 139.376 140.099 140.313 139.449 139.82 139.627 139.025 140.072 139.775 139.08 139.513 139.869 139.562 139.922 139.356 139.011 139.707 139.892 139.732 139.208 139.37 139.202 139.032 138.968 138.969 139.523 139.462 139.677 139.628 139.173 138.802 138.36 138.695 138.731 138.852 138.911 139.504 139.863 139.599 139.083 138.243 138.384 138.337 138.675 138.363 138.791 139.725 139.425 139.35 138.053 138.197 138.303 138.022 138.284 138.864 139.705 138.921 138.954 
141.937 141.819 141.205 140.682 140.284 139.603 139.191 139.192 138.828 142.135 141.99 141.126 140.843 140.567 139.797 139.476 139.229 138.912 142.447 142.365 141.641 141.15 140.61 139.813 139.404 139.173 138.77 142.431 142.237 141.766 141.056 140.566 139.908 139.212 138.736 138.215 142.552 142.423 141.906 141.032 140.629 140.046 139.399 138.879 137.99 142.44 142.184 141.889 141.17 140.544 139.983 139.089 138.8 138.2 142.01 142.198 141.697 141.135 140.446 139.745 139.185 139.03 138.344 142.079 142.069 141.386 140.94 140.42 139.53 139.032 138.644 138.171 142.305 142.02 141.363 140.989 140.617 139.701 139.208 138.58 137.775 
148.931 148.552 147.288 146.283 143.49 142.223 141.243 140.417 138.781 149.286 150.623 149.057 147.424 144.62 142.068 140.607 140.053 139.117 149.493 150.955 149.249 147.54 144.439 142.53 140.482 139.374 137.519 150.052 150.051 149.989 147.226 144.441 142.865 140.919 138.017 136.767 149.417 150.261 149.547 147.303 144.995 143.599 141.952 140.253 137.478 149.163 149.064 148.209 147.115 144.906 142.589 142.256 141.139 139.375 149.366 149.193 148.021 146.506 145.133 143.621 142.131 141.096 139.587 149.398 148.469 148.04 147.669 144.857 144.241 144.17 140.877 139.52 149.615 148.906 148.324 146.951 145.223 144.691 143.761 140.987 138.311 
176.035 175.164 170.635 166.336 155.886 150.644 146.449 142.017 140.314 175.943 174.451 170.568 163.368 157.47 148.716 144.147 141.592 138.824 175.719 173.998 169.043 163.825 155.246 150.856 142.226 139.406 138.293 176.477 174.413 170.466 162.323 153.848 147.499 144.027 138.7 137.425 176.018 173.333 169.148 162.892 153.078 147.177 142.983 139.529 135.346 174.842 170.516 167.045 161.279 155.552 146.416 141.767 138.125 135.652 173.344 170.083 164.436 159.57 154.25 146.775 140.451 137.17 135.092 172.362 168.919 164.839 157.969 152.114 145.211 140.198 136.449 134.396 172.241 168 163.495 157.693 148.77 143.378 139.258 136.174 133.386 
182.602 185.457 185.739 184.005 182.747 181.655 181.729 179.459 177.345 182.508 183.425 184.021 182.773 181.958 179.988 180.036 180.537 178.068 179.648 181.137 181.022 182.094 180.283 179.872 178.72 179.073 178.11 178.276 180.42 181.012 181.108 179.769 178.907 177.631 177.717 176.765 177.953 180.585 181.174 181.167 179.497 179.166 176.961 177.904 177.648 178.644 179.726 182.621 181.966 180.115 177.069 177.404 176.21 176.22 178.985 179.489 179.995 180.452 177.995 176.796 176.583 175.907 175.94 178.569 179.083 178.515 178.09 177.385 177.053 176.549 176.797 174.612 177.512 178.253 177.511 176.519 175.903 173.343 172.134 173.721 173.787 
187.323 189.52 190.779 190.912 190.137 190.008 189.327 189.119 187.875 189.204 189.058 189.179 189.947 190.083 189.123 188.908 189.611 188.573 188.438 188.549 189.031 189.992 189.199 189.078 189.165 190.141 188.067 186.95 186.946 188.736 188.473 189.915 190.397 188.24 188.346 188.15 186.915 188.543 188.915 188.822 189.15 188.387 187.26 189.888 190.594 189.64 189.93 190.955 190.868 190.894 187.895 189.077 190.648 191.472 189.459 189.533 190.751 191.659 190.907 189.823 188.458 189.926 190.534 189.719 189.051 190.823 190.521 190.439 190.347 190.996 192.285 190.177 189.679 189.295 189.755 190.317 191.192 187.426 187.114 189.996 190.59 
193.23 195.452 197.163 197.3 196.351 195.783 194.665 194.52 193.537 195.206 195.443 195.613 196.021 195.963 194.799 194.344 195.065 193.867 194.601 194.975 195.082 195.476 194.641 194.8 194.88 196.021 193.591 193.709 193.672 195.366 194.758 195.675 196.522 194.433 194.16 194.162 193.485 195.525 195.164 194.947 195.116 194.484 192.838 195.794 197.132 196.688 196.752 196.927 196.454 196.98 193.885 195.037 196.914 198.349 196.321 196.214 196.893 197.518 197.243 196.504 195.464 196.947 197.361 196.482 195.353 197.145 196.541 196.742 196.964 198.006 199.466 197.129 196.988 195.867 196.427 197.027 197.516 193.94 193.804 196.905 197.694 
205.887 204.898 205.024 206.299 205.621 204.875 204.618 203.973 203.848 206.091 205.753 205.415 205.719 205.791 204.592 204.472 204.416 204.419 206.75 206.881 206.188 205.8 206.006 205.079 204.388 204.657 204.279 205.832 205.587 205.57 205.921 206.564 206.067 204.671 204.342 204.259 205.018 205.9 206.014 205.825 206.262 205.497 204.903 204.542 206.408 206.114 206.52 206.397 206.773 207.158 207.46 205.599 205.54 206.499 205.739 207.311 207.683 207.722 208.694 208.465 206.708 205.167 205.285 206.358 205.91 206.89 206.754 207.053 207.53 207.918 207.569 206.69 206.45 206.709 208.073 207.924 208.168 208.579 208.057 207.342 206.799 
218.699 218.233 217.68 215.406 217.115 217.676 219.048 218.958 216.802 217.419 216.369 218.953 216.045 217.712 215.425 218.859 218.454 215.131 218.167 216.314 219.334 217.799 218.216 216.996 218.112 219.824 215.781 219.309 219.913 221.968 219.741 218.3 216.587 220.733 217.29 215.489 219.679 219.468 219.768 218.911 218.611 219.125 221.293 217.804 216.407 218.774 220.713 218.798 219.088 219.877 219.576 216.995 218.769 217.485 218.173 222.222 219.827 220.126 221.337 219.168 219.082 220.327 217.678 218.713 220.549 219.474 219.917 220.146 218.086 216.306 219.448 218.573 218.343 219.687 219.984 221.087 218.287 217.796 217.783 220.337 222.637 
223.558 223.207 222.317 218.708 220.563 221.584 224.105 224.496 221.251 221.814 220.754 223.57 220.001 221.694 218.952 224.179 223.992 218.977 222.372 220.328 223.364 221.864 221.626 220.429 222.821 224.623 219.583 223.663 224.768 227.046 224.483 222.797 221.069 225.886 221.311 219.049 225.098 224.469 224.278 223.041 222.438 222.955 225.425 221.412 219.83 222.725 225.951 223.149 223.1 223.726 223.348 220.343 222.441 220.912 221.588 227.294 224.785 225.067 225.789 222.919 222.552 223.5 220.411 221.904 225.096 224.573 224.517 224.397 221.895 219.547 222.683 222.482 221.679 223.414 224.24 225.979 221.994 220.93 220.285 223.335 227.094 
227.389 226.546 225.744 222.33 224.41 226.059 227.59 227.723 224.939 225.768 224.405 227.098 223.73 225.487 223.484 227.905 227.31 222.86 226.532 224.421 227.415 226.127 225.827 224.648 227.074 228.791 223.489 227.945 229.129 231.343 228.423 226.274 224.556 229.82 225.918 223.637 228.994 228.581 228.937 227.673 226.559 227.809 229.964 226.009 224.262 226.931 230.007 227.857 227.995 228.882 228.573 225.097 227.068 225.44 225.136 230.718 228.851 229.124 230.396 227.949 227.503 228.464 225.102 225.878 228.888 228.542 228.448 228.429 225.782 224.144 227.636 226.54 225.436 227.316 228.445 230.486 226.353 224.975 224.668 227.823 231.085 
130.616 130.629 131.895 134.392 137.495 137.791 137.636 137.839 136.96 129.315 129.982 132.599 134.39 136.669 137.655 137.4 137.057 136.653 130.322 131.738 132.569 134.803 135.916 136.436 137.001 136.78 136.601 131.38 132.901 131.575 134.353 135.14 135.522 137.97 138.032 137.801 130.608 131.236 130.808 132.942 134.408 136.097 137.036 138.913 137.948 129.894 130.161 130.878 132.177 133.058 134.823 137.46 138.156 138.319 131.099 132.146 131.867 131.611 132.687 133.763 135.749 137.269 138.07 132.036 132.446 131.085 130.24 130.844 132.836 137.082 139.013 138.728 130.959 131.909 130.709 128.789 127.227 131.608 134.903 134.216 137.59 
131.995 131.983 132.688 133.89 135.625 135.78 135.759 135.741 134.968 131.137 131.264 132.872 133.579 135.291 135.686 135.33 135.243 135.409 131.352 132.427 132.582 133.686 134.56 134.891 135.049 134.682 134.759 131.957 133.321 132.484 133.253 133.802 134.371 135.969 135.485 135.115 131.798 132.656 131.95 132.684 133.535 134.53 135.632 136.623 135.592 131.864 131.878 132.018 132.261 133.014 133.464 135.37 136.132 136.244 132.817 133.471 133.052 132.807 132.966 132.888 133.939 135.162 136.201 133.661 133.852 132.863 131.846 131.95 132.681 135.065 136.463 135.852 133.248 133.801 132.465 131.083 129.476 131.81 133.617 133.548 135.238 
135.8 135.46 134.978 134.579 134.003 133.646 133.396 133.282 132.929 135.91 135.834 134.961 134.815 134.438 133.978 133.44 133.085 132.659 136.011 136.291 135.498 135.008 134.825 134.278 133.625 132.876 132.512 136.218 136.199 135.628 135.159 134.646 134.197 133.514 133.077 132.47 136.425 136.203 135.645 135.284 134.814 134.126 133.604 133.241 132.507 136.671 136.195 135.721 135.338 134.923 134.216 133.6 133.165 132.576 136.386 136.13 135.604 135.235 134.926 134.347 133.775 133.112 132.678 136.318 135.808 135.395 135.081 134.682 133.986 133.614 133.232 132.56 136.317 135.779 135.248 135.147 134.789 134.261 133.749 133.445 132.779 
136.636 136.125 135.059 133.715 131.879 130.355 129.097 128.487 127.972 138.017 137.507 136.218 134.456 132.483 130.845 129.728 128.633 127.819 137.803 137.488 136.836 135.371 133.263 131.83 130.306 128.74 127.562 138.351 137.554 136.931 135.909 134.514 132.687 131.041 129.256 127.977 137.711 137.612 137.151 136.231 135.472 133.913 132.096 130.557 128.737 136.494 137.069 137.141 136.314 135.536 134.296 132.837 131.418 129.6 136.395 136.67 136.834 136.289 135.677 134.465 133.341 131.803 130.113 136.598 136.029 136.163 135.524 134.992 134.116 133.305 132.273 130.258 136.298 135.873 135.75 135.488 135.389 134.514 133.738 132.726 130.918 
151.668 151.1 149.043 147.745 144.364 141.795 141.398 139.521 139.197 149.73 150.151 148.921 145.65 142.335 139.578 137.805 138.229 136.553 148.267 147.918 146.918 144.925 140.662 139.206 136.298 134.754 133.62 146.051 145.637 144.615 142.917 140.001 137.004 134.109 132.661 130.701 143.673 143.459 142.818 141.114 138.038 136.12 132.281 130.406 129.341 139.408 139.719 139.869 138.589 135.695 133.588 131.549 129.057 128.757 135.833 135.162 134.932 134.265 132.162 130.332 128.388 126.944 125.438 133.149 132.284 131.752 130.967 129.014 127.566 125.528 124.261 123.256 128.656 127.85 127.287 126.151 123.702 122.612 121.312 119.768 119.381 
181.928 183.387 182.201 182.051 181.419 180.358 182.542 181.407 181.416 177.535 179.755 178.713 176.785 176.547 176.1 176.149 179.096 176.657 174.816 176.007 175.539 174.319 173.542 173.717 172.621 172.228 171.418 169.968 170.905 171.398 170.511 170.932 169.059 166.844 166.686 165.07 166.512 166.703 167.31 166.167 165.535 165.337 161.936 160.13 161.529 160.051 160.557 161.465 161.26 160.146 159.239 158.342 156.421 157.761 153.982 154.208 154.455 154.364 154.195 152.984 151.848 152.021 151.926 149.293 149.588 148.864 149.332 149.106 148.198 147.123 146.767 147.282 141.569 141.593 141.768 140.652 140.837 140.165 139.243 137.935 138.492 
189.494 192.826 194.611 194.346 193.408 193.065 192.934 192.756 191.837 190.375 191.535 191.876 191.878 191.756 190.93 191.207 192.876 191.2 188.717 189.453 190.114 190.711 189.693 190.456 191.075 192.227 189.338 187.149 187.565 189.596 188.532 189.747 191.052 188.907 188.812 188.481 186.547 188.458 187.965 187.476 187.776 187.722 185.431 188.706 189.644 187.966 188.139 188.708 187.548 187.965 184.628 186.726 188.606 189.809 186.003 185.06 185.906 186.364 185.359 184.861 184.657 187.249 187.655 184.607 183.765 185.06 184.744 184.464 184.781 185.844 187.625 185.296 183.189 182.026 181.778 182.641 183.18 178.283 178.475 182.486 184.004 
199.615 198.61 197.806 199.482 198.839 198.514 197.215 196.888 196.873 200.33 199.236 198.319 199.053 198.957 198.103 197.854 198.222 198.341 200.92 200.717 199.634 198.544 199.387 198.823 198.414 198.025 198.043 198.542 198.54 198.047 198.221 199.705 199.151 197.819 197.337 197.552 196.503 198.131 198.647 198.335 199.121 197.838 197.041 197.804 200.336 198.266 198 198.453 199.757 200.064 198.94 196.744 197.987 199.943 196.956 197.891 198.793 200.285 201.77 200.828 197.913 196.72 197.244 197.84 196.644 197.541 197.453 198.457 198.759 200.32 200.54 199.492 197.441 198.375 199.433 199.704 200.553 200.66 200.063 199.456 198.214 
203.928 203.123 203.026 204.905 204.746 205.367 206.328 206.489 206.764 203.273 203.424 203.606 203.938 204.191 205.446 206.822 206.646 207.086 203.233 203.892 204.416 203.763 205.315 206.018 207.616 208.09 207.06 203.318 203.777 204.094 204.01 205.124 206.887 207.001 207.241 206.766 203.129 203.376 203.083 203.543 205.087 206.623 207.071 206.916 206.665 203.518 203.118 202.383 202.921 204.948 207.017 207.615 208.036 207.409 203.536 204.251 204.086 203.616 204.983 207.008 208.878 208.872 207.75 203.901 204.379 204.568 204.754 205.512 206.795 208.964 209.291 207.883 204.749 204.621 205.375 205.289 205.671 207.422 209.53 209.203 208.044 
211.49 211.077 210.413 211.588 212.265 212.083 213.058 213.569 214.625 211.592 210.986 211.12 211.51 211.783 211.856 213.437 214.426 214.668 211.584 211.253 211.976 211.826 213.038 213.216 214.15 214.158 214.021 211.757 212.073 212.066 212.185 213.145 214.376 214.63 214.634 214.023 211.972 212.073 211.659 212.552 213.836 214.173 214.404 214.565 214.222 211.943 210.727 211.565 212.295 213.43 213.749 213.752 214.513 214.232 211.697 210.97 211.885 212.255 212.521 213.248 214.452 214.951 214.796 212.06 212.259 212.203 212.513 212.627 213.515 215.105 215.254 214.91 213.298 213.516 212.983 213.017 213.477 213.934 215.585 216.077 215.416 
221.859 221.268 219.895 216.654 218.71 220.084 221.808 222.09 219.48 220.514 219.201 221.448 217.854 219.614 217.478 222.003 221.659 217.529 221.046 218.641 221.683 220.314 220.66 218.975 221.503 222.829 218.191 221.978 223.091 225.058 222.814 221.35 219.007 224.002 219.935 218.168 222.831 222.74 222.771 222.36 222.157 222.568 224.493 220.61 218.855 221.12 224.198 221.664 222.199 223.512 222.648 219.567 221.483 219.63 219.597 225.114 222.818 223.567 224.748 221.941 221.456 222.502 219.644 220.171 223.273 222.874 223.388 223.424 220.489 218.488 221.869 221.447 220.12 222.161 223.191 225.097 221.235 220.122 219.748 222.835 226.246 
222.581 220.728 221.088 220.119 222.032 219.878 219.663 219.581 221.696 228.109 228.053 226.617 227.064 227.713 226.713 226.972 225.432 226.406 229.507 228.471 228.204 226.659 226.649 226.834 228.073 227.398 227.169 230.734 228.514 228.957 228.572 227.977 229.31 229.356 229.398 230.096 229.572 229.847 228.177 230.641 231.089 231.748 232.303 232.28 231.774 226.671 229.185 227.183 230.248 231.275 230.702 230.852 229.931 230.351 226.228 226.973 226.373 229.322 229.598 231.055 229.858 228.005 227.201 225.811 226.401 228.524 230.448 229.79 227.867 227.47 227.19 226.299 223.919 226.582 229.283 230.305 229.559 227.567 227.642 227.646 227.39 
127.946 127.844 129.17 131.579 134.016 134.149 134.594 134.833 134.252 126.678 127.098 129.942 131.205 133.404 133.846 133.45 133.775 134.299 127.079 128.473 129.387 131.009 132.416 132.624 133.012 133.102 134.117 127.582 129.131 128.6 130.346 131.354 132.096 134.636 134.725 134.746 126.711 127.939 128.206 129.622 131.075 132.747 134.335 136.184 135.394 127.457 127.811 128.831 129.624 130.795 132.169 134.824 135.746 136.553 129 130.005 129.88 129.794 131.029 131.686 133.21 135.108 136.164 129.986 130.594 129.614 129.116 130.06 131.793 134.989 137.378 136.963 129.118 130.281 129.386 128.035 126.788 130.601 132.94 132.993 135.802 
128.995 128.81 129.123 129.896 129.816 129.721 129.999 129.968 130.297 128.672 129.625 129.72 130.054 130.051 129.865 129.59 129.783 130.051 128.734 129.706 129.684 129.694 130.306 129.749 129.974 129.87 130.626 128.748 129.306 129.21 129.672 129.653 129.455 130.081 130.376 130.484 128.633 128.525 129.106 129.557 129.601 129.574 130.19 130.2 130.336 129.558 129.104 129.551 130.196 130.099 130.568 130.775 130.599 130.825 128.768 128.796 129.206 129.876 130.558 130.95 130.91 130.725 130.601 128.788 129 129.355 130.385 130.93 131.229 130.967 131.34 131.458 128.827 129.013 129.127 130.153 130.525 130.838 130.781 130.933 131.11 
128.933 128.679 128.767 128.64 128.134 127.862 128.004 128.122 127.879 129.319 129.266 128.907 128.64 128.386 128.196 127.888 127.743 127.781 129.156 129.433 128.89 128.721 128.757 128.331 128.152 127.603 127.621 129.462 129.412 129.062 128.693 128.615 128.25 128.067 127.635 127.479 129.634 129.411 129.061 128.794 128.628 128.185 128.496 127.971 127.621 129.826 129.312 129.082 128.95 128.674 128.327 128.326 127.959 127.573 129.338 129.176 129.284 129.265 128.918 128.526 128.33 127.722 127.628 129.448 129.335 129.393 129.315 128.83 128.478 128.069 127.793 127.442 129.839 129.602 129.001 129.114 128.784 128.196 128.047 127.968 127.433 
119.325 119.042 119.454 119.823 121.88 122.327 121.403 122.623 121.662 121.162 120.822 120.958 121.81 121.468 122.464 122.133 121.722 120.125 120.964 121.619 121.982 122.519 122.095 121.768 120.666 120.513 120.262 120.38 120.276 121.037 121.61 121.296 121.137 120.25 124.135 121.919 119.394 119.644 120.279 120.746 120.969 121.02 121.686 121.967 120.898 120.02 120.599 120.359 120.784 121.687 122.189 121.299 120.142 120.231 121.752 120.417 121.234 121.289 121.991 123.457 121.269 120.288 120.164 125.406 123.754 122.342 120.296 121.159 122.682 121.993 121.587 120.963 123.788 121.506 121.578 120.974 121.926 122.135 122.107 121.028 122.645 
118.202 118.042 118.33 118.323 118.444 118.502 117.977 117.482 116.773 118.55 118.403 118.699 118.977 118.804 119.475 119.043 117.589 117.384 119.126 119.375 118.801 118.01 118.472 119.035 118.745 117.974 117.628 119.178 118.718 118.32 117.091 117.168 116.807 118.191 116.981 116.798 117.624 117.388 117.285 117.195 116.608 116.645 118.307 116.757 116.746 117.175 116.365 116.389 116.585 115.656 116.039 116.872 116.822 116.084 116.396 114.988 114.736 115.254 115.31 115.571 115.752 115.738 115.31 115.789 115.257 114.931 114.761 114.881 114.885 115 114.946 114.672 115.183 114.695 114.556 114.24 114.54 113.862 114.034 113.807 112.891 
129.84 129.827 129.161 129.318 130.014 129.818 130.04 129.812 129.863 128.571 128.41 128.058 127.41 127.909 128.178 127.96 128.511 128.448 126.029 125.98 126.336 126.8 126.254 126.31 125.516 125.316 125.921 123.228 123.326 123.926 123.89 123.934 123.793 122.859 122.389 121.842 121.605 121.796 121.462 120.819 120.977 120.904 120.058 119.535 119.274 118.688 119.127 118.695 118.327 118.034 117.709 117.445 117.301 117.875 115.836 115.117 114.827 114.734 114.475 114.102 114.069 115.12 114.822 113.12 112.526 112.077 112.236 112.312 112.119 112.239 112.961 112.671 108.883 108.13 108.175 108.068 108.43 108.55 108.312 108.372 108.453 
140.804 142.296 144.274 144.941 143.313 143.504 143.855 144.087 144.422 139.476 141.233 142.032 142.866 143.143 143.104 142.938 144.243 142.943 138.734 140.387 141.624 141.582 141.922 142.457 141.882 141.896 141.055 137.252 137.88 139.403 139.297 139.559 139.573 139.704 139.289 138.523 134.765 135.483 136.42 136.294 136.205 136.46 136.141 135.652 136.025 132.275 132.72 133.326 133.328 133.255 132.95 132.816 133.03 132.955 129.704 130.698 130.634 130.186 130.15 129.831 129.937 130.36 131.086 127.873 128.337 127.666 127.429 127.345 127.102 127.734 128.401 128.761 124.576 125.141 124.95 124.547 124.675 124.974 125.376 125.232 124.42 
172.471 171.726 173.985 176.231 179.599 183.844 188.289 190.931 191.31 171.858 171.828 173.716 175.425 178.633 184.251 188.978 191.399 191.244 171.809 171.3 172.843 174.686 178.64 183.709 189.608 191.251 190.895 171.372 170.085 171.45 173.818 177.47 183.086 188.313 190.196 189.758 169.927 169.129 170.574 172.547 176.346 181.764 186.471 188.578 188.337 168.971 167.867 169.794 171.77 174.839 180.347 184.993 187.014 187.156 167.528 165.585 168.372 170.593 174.115 179.257 184.923 186.291 185.587 166.47 165.346 166.983 169.358 172.696 177.874 183.831 185.854 185.029 165.56 164.401 166.81 168.547 171.562 177.273 182.617 184.635 184.176 
151.972 169.49 174.087 179.567 186.053 195.56 205.911 212.753 213.983 152.224 170.047 173.995 180.262 184.995 194.82 207.632 214.631 214.096 151.66 171.732 176.707 180.02 185.93 196.605 209.097 214.421 212.421 151.189 172.572 176.493 180.398 186.16 198.755 208.232 213.777 211.366 150.741 171.431 174.897 180.175 187.301 196.111 206.87 213.109 212.179 151.203 168.036 174.19 179.364 186.879 194.363 203.541 214.184 213.793 149.356 166.512 173.927 179.159 184.86 194.287 205.905 213.76 212.86 150.174 169.98 175.451 179.614 185.03 193.539 207.517 214.526 213.154 152.55 173.352 175.954 180.875 187.192 195.103 207.496 214.635 212.25 
187.136 186.935 189.657 193.497 198.818 206.54 214.67 218.409 218.165 187.851 188.336 190.91 193.727 198.884 207.57 215.902 219.779 219.16 188.402 187.528 190.338 192.7 200.783 208.502 217.305 219.873 219.09 188.645 187.265 190.108 193.523 199.333 208.997 216.801 219.499 218.701 188.684 187.7 190.879 194.675 200.939 208.238 217.405 219.605 218.46 188.59 187.336 191.165 194.768 200.355 208.311 216.479 219.73 218.832 189.154 187.482 191.298 194.926 200.297 208.338 217.677 220.733 219.572 189.289 188.625 191.485 194.702 199.841 208.273 217.619 219.588 220.379 189.779 189.157 192.366 194.91 200.05 208.973 217.921 220.124 219.629 
184.392 185.084 185.608 185.374 187.228 189.447 192.777 193.164 193.872 210.57 211.276 211.593 211.494 213.741 216.225 219.766 220.078 220.615 210.292 210.908 211.923 211.596 213.963 216.752 220.423 220.501 220.533 210.313 210.199 211.271 211.942 214.389 218.295 221.505 221.658 221.838 210.612 209.267 210.985 213.353 215.122 217.761 221.31 221.724 221.676 211.072 209.711 211.584 213.038 214.72 217.523 220.655 220.865 221.519 210.82 210.389 212.555 212.963 215.101 217.279 220.633 220.833 220.698 210.787 211.526 212.322 212.284 214.608 218.178 220.949 222.148 222.35 209.775 210.581 211.77 213.586 214.478 217.283 221.399 221.686 221.055 
170.189 168.963 169.548 168.752 169.933 167.269 166.435 166.323 170.287 220.999 223.303 222.032 223.223 222.82 221.046 221.472 220.252 221.472 222.799 224.451 224.712 222.368 221.583 222.402 223.136 222.312 222.272 223.997 224.662 225.522 225.07 224.063 225.429 224.88 224.441 225.67 222.052 225.603 223.097 225.484 226.285 226.813 227.723 227.492 227.347 216.343 223.628 220.271 223.091 224.519 224.215 224.892 224.16 224.596 216.605 220.549 217.934 222.844 223.735 225.262 223.878 221.098 220.464 216.639 220.039 221.859 224.483 224.029 221.845 221.843 220.991 219.959 214.331 220.251 222.175 223.822 223.692 221.849 222.092 221.98 221.291 
122.268 122.538 123.263 124.735 125.001 125.478 126.273 127.029 128.051 121.945 123.252 124.077 124.796 125.062 125.272 125.541 127.005 128.266 122.343 123.491 124.411 124.688 125.52 125.43 126.104 126.978 129.192 122.354 122.509 123.273 124.68 125.029 125.142 126.995 128.387 128.952 121.472 121.766 123.462 124.404 124.998 125.894 126.992 128.33 129.035 122.567 122.959 124.554 125.887 126.459 127.704 128.458 128.659 129.653 122.777 123.622 123.952 125.069 126.951 128.476 129.048 129.277 128.912 122.267 122.837 123.485 125.702 127.511 128.784 129.164 130.204 130.489 121.762 122.531 124.142 125.779 127.536 128.706 128.383 128.991 129.766 
123.529 123.404 123.72 123.947 123.611 123.796 124.871 125.489 125.816 123.749 123.895 124.288 124.315 123.931 124.196 124.587 125.448 126.129 123.89 124.219 124.311 124.372 124.713 124.652 124.84 125.373 125.868 124.213 124.411 124.331 124.506 124.671 124.718 125.275 125.547 125.25 124.137 124.441 124.405 124.526 124.691 124.957 126.022 126.341 125.87 124.292 124.584 124.87 125.185 125.298 125.318 126.275 126.352 126.056 124.652 125.571 125.255 125.46 125.574 126.176 126.534 126.101 125.937 124.112 124.867 125.144 125.997 125.946 126.273 126.487 126.341 126.068 124.311 124.758 125.161 125.723 125.996 126.077 125.705 126.316 126.098 
117.249 117.381 118.058 118.663 120.853 121.574 120.946 122.307 121.37 119.293 119.12 119.417 120.532 120.441 121.676 121.64 121.468 120.014 119.312 120.032 120.471 121.308 121.164 121.095 120.275 120.305 120.272 118.691 118.881 119.492 120.31 120.431 120.532 119.788 123.76 121.824 117.888 118.237 118.865 119.57 120.09 120.379 121.396 121.859 121.132 118.827 119.38 119.169 119.869 120.988 121.713 121.264 120.218 120.377 120.559 119.508 120.285 120.64 121.462 123.158 121.324 120.6 120.468 124.259 122.905 121.636 119.881 120.887 122.633 122.213 121.832 121.489 122.668 120.623 120.88 120.574 121.742 122.12 122.234 121.418 123.28 
112.825 113.196 114.07 114.651 117.153 118.14 117.257 118.471 117.516 114.917 115.061 115.755 116.822 116.735 118.265 118.271 117.718 116.472 115.206 116.162 116.74 117.328 117.2 117.382 116.62 116.773 117.013 114.788 114.79 115.486 116.068 116.103 116.225 116.411 120.472 118.853 113.308 113.531 114.509 115.251 115.654 116.433 118.379 118.578 118.155 113.915 114.456 114.492 115.392 116.46 117.963 118.04 117.283 117.449 115.866 114.324 115.425 115.956 117.125 119.348 117.891 117.616 117.471 119.977 118.545 117.42 115.407 116.778 119.011 118.884 118.862 118.636 118.453 116.378 116.985 116.574 118.047 118.461 118.997 118.271 120.041 
110.889 111.211 111.918 112.581 115.263 116.181 115.403 116.597 115.807 112.624 112.707 113.213 114.431 114.741 116.494 116.435 115.835 114.742 112.762 113.618 114.13 114.875 115.054 115.397 114.548 114.782 115.03 111.921 112.127 112.952 113.519 113.737 113.909 113.968 117.986 116.148 110.374 110.811 111.695 112.504 112.904 113.58 115.484 115.599 114.865 110.763 111.507 111.555 112.504 113.417 114.575 114.527 113.847 114.066 112.424 110.952 112.01 112.685 113.665 115.633 114.035 113.775 113.81 116.148 114.723 113.531 111.799 113.149 115.029 114.817 114.773 114.445 114.512 112.41 112.898 112.629 114.106 114.484 114.71 114.043 115.551 
107.768 108.222 108.777 109.002 109.462 109.671 109.343 109.113 108.874 108.004 108.056 108.587 109.067 109.172 110.146 109.999 108.929 109.222 107.879 108.329 108.142 107.985 108.527 109.381 109.183 108.83 109.123 107.229 107.305 107.178 106.516 106.952 107.114 108.306 107.367 107.488 105.676 105.735 105.884 106.041 105.864 106.227 107.897 106.878 107.024 104.857 104.723 104.864 105.259 104.876 105.412 106.421 106.775 106.307 104.075 103.183 103.156 103.985 104.246 104.846 105.301 105.851 105.554 103.625 103.304 103.338 103.478 104.095 104.222 104.672 105.06 104.9 103.198 103.003 103.177 103.268 103.914 103.725 103.898 104.188 103.524 
100.083 100.152 100.257 100.604 101.191 101.465 101.596 101.92 102.19 99.9471 99.6423 99.6577 99.8295 100.339 100.987 101.38 101.658 102.043 98.5706 98.5443 98.9647 99.8732 99.8008 100.185 100.348 100.668 101.409 97.3501 97.4117 97.9139 98.3643 98.6799 99.4068 99.5965 99.3487 99.5029 96.6529 96.8615 96.8197 96.747 97.3387 97.735 98.2399 98.3924 98.1481 95.6634 96.119 95.8614 95.9172 96.057 96.3866 96.7876 97.5168 97.5585 95.3659 95.1163 95.0939 95.1862 95.1508 95.3114 95.9768 97.1103 97.0765 94.6871 94.4331 94.3996 94.5218 94.7454 94.9764 95.6362 96.5994 96.59 94.2865 94.0541 94.2081 94.4452 94.7689 95.1274 95.3007 95.7904 95.9026 
77.1642 93.8467 97.0146 99.3609 101.578 104.855 108.256 112.481 112.663 77.0002 93.9973 96.2812 99.3278 101.506 104.212 109.28 112.21 112.507 76.6201 93.9585 96.5303 98.6712 101.052 104.144 108.939 112.697 112.541 76.2825 93.4035 95.91 98.1968 99.8949 105.023 108.576 111.271 111.252 75.536 92.8768 94.767 97.2908 99.6945 103.644 109.084 111.085 111.294 75.1416 92.462 94.5517 96.5896 98.9242 102.202 106.362 111.368 110.931 74.6545 91.8361 94.24 96.4165 97.8981 101.284 105.57 109.246 109.891 74.2521 90.4459 93.6873 96.2838 98.3557 100.819 105.219 109.439 110.242 74.005 91.1413 92.8973 96.2326 98.0386 101.799 105.752 109.5 109.844 
46.3907 91.9399 101.569 109.528 118.817 132.824 147.075 158.766 157.779 46.2521 93.4047 99.7807 110.099 118.66 131.306 149.102 158.328 157.983 46.1928 93.8422 100.956 107.507 119.282 131.693 148.615 159.327 157.333 46.0782 92.8844 101.054 108.24 116.195 134.617 147.886 156.885 155.634 45.7925 93.0537 99.7375 108.114 117.379 131.119 150.795 156.984 156.805 45.9096 93.243 100.249 107.568 116.793 129.674 144.602 159.172 157.703 46.1679 92.8584 100.919 108.19 116.321 129.588 145.476 156.449 155.775 46.2708 91.1939 100.511 109.006 117.54 129.066 146.109 156.934 158.205 46.4239 93.654 99.6624 109.224 117.58 131.637 146.378 157.362 156.585 
55.0966 63.0859 63.7901 64.0116 65.5835 67.4735 68.7291 70.1668 68.022 58.6805 66.4345 66.2637 67.0663 68.82 70.0007 72.3841 72.5752 71.675 58.3163 65.9647 66.0101 65.8887 67.8889 69.5097 71.3666 72.4481 70.9364 58.1924 65.3089 66.1767 67.3659 68.4696 70.9012 70.8238 71.9391 71.5912 57.8489 65.1198 65.9928 66.9235 66.8532 68.5395 71.0112 71.435 71.3293 56.5421 63.8541 65.0053 65.6669 66.8102 67.7346 69.7031 71.6096 70.8961 56.6816 64.0971 65.18 65.8649 66.7095 67.5898 69.4453 70.2074 70.1525 57.2452 64.3271 65.2683 66.1482 67.0614 67.5414 70.1607 70.39 70.7721 58.0668 65.2344 64.7776 65.7908 67.6659 69.0032 71.0702 71.898 70.4984 
45.2687 56.5793 56.4386 57.9288 60.7241 62.8877 63.2702 61.9707 59.4902 121.83 133.451 133.454 136.294 138.764 139.96 140.634 139.413 136.059 121.791 133.596 133.195 135.102 139.003 141.069 141.107 138.924 136.02 121.499 133.491 133.519 134.243 136.592 141.016 140.995 138.697 135.388 120.681 132.551 132.607 133.072 136.19 138.647 139.938 138.535 136.662 120.92 132.479 132.441 133.332 136.559 139.822 139.495 138.908 136.233 121.169 132.403 132.523 133.886 136.786 139.799 140.356 138.962 135.043 120.787 132.336 133.013 134.416 136.869 139.847 140.421 137.53 135.384 121.232 133.014 133.097 134.848 137.377 139.879 140.445 138.054 134.614 
52.7218 58.3076 57.7689 58.4876 57.4475 57.2295 58.0235 58.1609 59.5428 187.042 194.338 194.565 194.445 194.559 195.752 196.88 197.748 197.917 187.743 194.536 194.483 193.618 194.395 197.138 197.293 197.891 198.54 187.347 193.778 194.367 194.393 195.281 196.432 199.424 198.536 197.574 185.789 193.092 193.82 193.798 195.296 195.858 197.813 196.496 197.019 184.921 192.935 193.581 194.659 194.803 195.184 196.569 195.871 196.746 185.059 192.608 193.462 194.653 194.856 195.346 195.596 195.612 195.09 184.731 191.677 192.195 193.994 194.788 194.222 195.165 195.541 194.248 184.304 191.256 192.525 193.969 192.863 192.782 194.198 195.392 192.827 
114.233 114.213 115.007 114.96 114.427 114.998 115.774 115.478 115.556 113.557 114.13 114.219 114.599 114.648 115.2 115.771 116.13 115.947 113.595 114.997 114.491 113.732 114.678 115.412 116.058 115.611 115.303 114.451 114.585 114.431 114.383 114.116 114.747 116.312 115.727 116.06 115.795 115.224 114.444 114.369 115.306 116.086 116.454 116.725 117.486 115.354 115.109 115.964 115.652 115.998 116.704 116.938 117.322 118.031 115.351 115.938 116.499 115.92 115.82 116.874 116.969 116.137 116.198 114.473 115.629 115.953 115.691 115.504 116.158 117.16 116.743 116.238 114.002 114.95 115.715 115.462 115.304 116.269 116.284 115.878 116.372 
117.665 117.403 117.379 116.904 116.405 115.871 115.526 115.403 115.11 118.189 118.254 117.127 117.187 116.708 116.319 115.873 115.69 115.233 118.457 117.964 117.423 116.931 116.9 116.295 116.093 115.678 115.292 118.852 118.099 117.817 116.964 116.694 116.431 115.986 116.156 115.91 118.875 118.522 117.83 117.283 116.923 116.369 116.458 116.365 116.261 119.068 118.721 117.874 117.533 116.896 116.761 116.904 116.729 116.26 118.79 118.728 117.976 117.639 117.262 116.767 116.699 116.496 116.369 118.276 118.346 118.048 118.356 117.973 117.08 116.411 116.368 116.136 118.371 118.213 118.335 118.508 117.7 116.936 115.996 115.901 116.209 
116.573 115.78 115.353 114.636 113.756 112.877 111.427 111.198 111.065 116.913 116.707 116.34 115.458 113.991 112.659 111.914 111.466 111.535 117.248 116.836 116.755 115.824 114.585 113.017 112.4 111.724 112.454 118.217 117.332 116.433 115.77 114.864 113.93 113.029 113.228 114.259 118.123 117.129 116.65 116.118 115.588 114.842 114.883 115.056 116.145 118.587 117.773 117.051 116.299 115.956 116.363 116.411 116.941 117.061 119.142 118.117 117.633 116.842 116.942 117.004 117.364 117.997 117.465 119.261 119.239 118.855 117.899 117.432 118.439 118.646 118.726 118.591 119.522 119.145 119.572 119.012 118.748 118.956 119.7 119.356 119.638 
98.9988 98.3633 98.1605 97.9556 98.4429 99.5717 99.531 99.3975 99.1314 99.2759 100.174 99.2816 100.019 99.1387 101.018 100.504 100.455 100.034 100.974 101.757 100.8 100.935 100.54 100.451 99.7812 99.1332 99.3426 104.299 102.042 100.455 101.479 99.1572 100.451 100.019 102.156 101.184 104.375 102.588 101.719 101.571 100.926 100.455 101.143 101.512 101.637 103.846 103.872 103.739 103.372 103.313 104.288 100.778 101.185 100.917 105.573 105.148 106.122 106.026 105.728 106.584 103.666 102.789 102.047 108.18 108.137 107.054 105.185 105.727 108.284 104.056 105.349 104.808 105.065 104.804 105.66 105.924 107.064 108.66 106.479 106.168 107.655 
102.686 102.781 103.201 103.01 103.11 102.741 102.09 101.942 101.848 103.653 103.674 103.794 103.811 103.227 103.543 103.081 102.046 102.334 104.375 104.575 103.98 103.082 103.114 103.492 103.342 102.791 103.172 104.48 104.427 103.568 102.538 102.509 102.37 103.683 103.1 103.482 103.367 103.311 103.311 103.387 102.867 103 104.743 104.264 104.833 103.414 103.172 103.314 103.675 103.013 103.907 104.88 105.663 105.46 103.279 102.443 102.748 103.191 103.739 104.522 105.185 105.689 105.361 103.28 103.465 103.64 103.533 104.447 105.031 105.364 105.775 105.58 103.952 103.74 104.054 104.277 104.861 104.697 105.144 105.245 104.882 
94.3741 94.3193 93.7353 93.5633 93.659 93.4833 93.1955 93.2236 93.4202 94.6941 94.4108 93.8214 93.4294 93.2693 93.3767 93.254 93.2071 93.3824 94.2497 94.1403 93.7899 93.7037 93.2329 93.0687 92.8615 92.9091 93.1866 93.8733 93.7573 93.6459 93.3091 93.1544 93.0461 92.8153 92.63 92.558 93.8373 93.7729 93.3424 93.0474 92.811 92.7559 92.6898 92.6445 92.3976 93.392 93.569 93.0688 92.8611 92.6694 92.5199 92.5256 92.8109 92.7256 93.3685 93.1711 92.9382 92.9312 92.6653 92.5316 92.643 93.1181 92.8043 93.0656 92.8213 92.7025 92.6586 92.6819 92.6802 92.8693 93.0938 92.7726 92.9454 92.7546 92.6573 92.6404 92.7311 92.8821 92.7678 92.9138 92.6547 
87.2934 87.3825 87.2366 87.1281 87.0131 86.76 86.569 86.3956 86.1797 87.3336 87.3823 87.2599 87.0655 86.8238 86.6516 86.5147 86.207 85.9875 87.3417 87.339 87.105 86.8582 86.59 86.5159 86.3935 86.1397 85.9909 87.1742 87.0687 86.8353 86.6377 86.5287 86.3827 86.3294 85.8914 85.8204 86.9192 86.9306 86.6954 86.5138 86.3281 86.1684 85.9923 85.8229 85.6901 86.7685 86.755 86.48 86.3932 86.0969 85.921 85.8563 85.8581 85.7372 86.4594 86.3411 86.0988 86.1829 85.8562 85.8079 85.8104 85.7592 85.5135 86.0648 86.037 86.0265 85.9733 85.8838 85.873 85.8207 85.712 85.5425 86.0777 86.0015 86.0017 86.0631 85.9112 85.9207 85.8958 85.7199 85.588 
73.5979 73.4667 73.5374 72.9812 72.427 72.5052 72.4402 71.1674 69.3995 73.688 73.8871 73.502 73.1432 72.8053 73.0741 72.2656 71.9417 70.0206 73.9002 74.0943 73.8783 72.3211 72.2596 72.7219 72.2248 71.6046 71.3469 76.6278 74.3364 72.5967 71.7045 71.7528 72.2447 71.0453 71.3107 70.8517 75.7074 75.901 73.5249 72.8537 72.9707 72.702 72.6001 71.6997 71.2736 74.6344 75.3739 75.3143 74.5125 74.3705 73.3055 73.4377 72.7382 72.3348 74.6624 74.8882 74.8395 75.0093 75.294 74.4927 74.2681 72.9959 72.9697 75.6245 75.317 75.1594 74.6839 75.2891 75.4068 74.8901 73.3424 72.5304 75.725 75.5279 75.608 75.2684 74.2189 75.1781 75.0164 73.3532 72.3979 
61.0535 62.8565 62.4251 61.6021 61.8131 61.8088 61.1555 60.929 59.4194 61.5464 63.0228 62.3753 61.7687 62.1491 61.8592 61.5336 60.7346 59.9294 61.3686 62.6791 61.992 61.3814 61.548 61.5063 61.1312 60.6205 59.5332 61.2144 62.1874 62.0896 62.1903 62.3119 62.1367 60.8374 60.6077 60.2103 60.9846 62.1489 62.1926 62.0468 61.1224 61.1031 60.8004 60.3513 60.0892 60.1278 61.4489 61.633 61.4482 61.4252 60.9415 60.8293 60.4688 59.9587 60.3798 61.7313 61.6701 61.4801 61.4437 60.9314 60.5819 60.031 59.7415 60.8323 62.1583 61.9039 61.6779 61.6201 60.9429 61.0978 60.2588 60.0915 61.5416 62.522 61.7288 61.4238 62.0129 61.7918 61.9298 61.3464 60.3055 
56.379 58.6345 57.9418 56.9923 57.2476 57.1431 56.2533 55.7967 53.915 56.9961 58.9649 57.7504 57.007 57.543 57.1399 56.5044 55.4285 54.4878 56.7816 58.62 57.5226 56.4924 56.7238 56.7053 56.0716 55.2522 53.9928 56.7415 58.124 57.7801 57.6516 57.7469 57.6536 55.9032 55.3273 54.7952 56.5831 58.2837 58.0285 57.5278 56.4705 56.4147 55.7911 54.9828 54.5604 55.6169 57.4136 57.2843 56.9239 56.7648 56.1207 55.7321 55.0781 54.2906 55.7114 57.5665 57.2575 56.9076 56.8413 56.0753 55.3795 54.4125 53.8906 56.1535 57.9345 57.4595 57.0857 56.8773 55.9884 55.9204 54.5302 54.1262 56.9096 58.3334 57.2336 56.6667 57.3823 56.8434 56.6579 55.8501 54.1934 
52.7838 55.6512 54.6955 53.3083 53.1543 52.7665 51.7039 51.1806 49.6053 55.0212 57.5948 56.1417 54.9874 55.1618 54.4085 53.6805 52.587 51.8209 54.8429 57.3423 55.9153 54.5222 54.3088 53.9544 53.1962 52.4225 51.4287 54.9461 57.0097 56.2941 55.8105 55.4476 54.9809 53.0361 52.5479 52.322 54.8457 57.0226 56.5458 55.7153 54.1376 53.7446 53.0118 52.3084 52.2631 53.8872 56.2313 55.8736 55.1088 54.5499 53.5799 53.1325 52.5302 52.1209 54.1135 56.6314 56.1056 55.3263 54.7849 53.7333 53.1312 52.0748 51.8858 54.6945 57.2178 56.5194 55.7081 55.0687 54.039 53.9257 52.5611 52.4101 55.6448 57.8413 56.3311 55.54 55.9438 55.1316 54.9099 54.1173 52.8595 
34.1327 37.1284 36.5336 36.1588 36.3755 36.2459 35.852 35.4657 34.9797 55.3342 59.0343 58.5229 58.2516 58.5414 59.0569 58.2156 57.6167 56.9375 55.7007 59.3688 58.9378 58.6591 58.9957 59.5049 58.9662 58.0711 57.9167 56.729 60.381 59.5114 58.9878 59.6182 60.2802 59.7074 59.051 58.3208 57.1807 60.8716 60.3662 59.8872 60.0491 60.8104 60.3976 59.2623 59.0067 57.4887 61.5805 60.8356 60.6167 60.9656 61.1159 60.9558 59.9014 59.2911 57.8845 62.0554 61.86 61.3611 61.592 61.9369 61.2222 60.417 59.6523 58.1007 62.1239 61.9754 61.8579 61.9946 62.1362 61.8221 61.12 60.4313 58.6621 62.6776 62.3595 61.9689 62.6446 62.8637 62.7798 62.4593 61.6242 
111.431 111.228 111.844 111.537 111.061 111.205 111.253 110.438 109.995 111.011 111.622 110.938 111.323 111.28 111.305 111.522 111.087 110.186 110.874 111.939 111.199 110.412 111.045 111.216 111.616 110.661 109.814 111.61 111.544 111.336 110.911 110.481 110.632 111.502 110.695 111.123 113.168 112.338 111.281 110.994 111.571 111.901 111.668 111.365 112.18 112.982 112.3 112.512 111.886 111.668 112.379 112.204 112.229 112.737 112.347 112.181 112.853 112.246 111.669 112.088 112.038 111.11 111.185 111.577 112.456 112.627 112.122 111.62 111.683 112.135 111.688 111.13 111.346 111.99 112.436 112.07 111.203 111.676 111.66 110.853 111.367 
113.893 113.01 112.982 112.061 110.95 110.252 109.696 108.338 107.338 113.459 113.456 111.97 111.845 111.026 110.403 109.716 108.753 107.31 113.537 113.626 112.03 110.525 110.828 110.149 109.829 108.04 106.712 114.213 113.397 112.188 111.092 109.966 109.699 109.722 108.076 108.016 115.574 113.992 112.211 111.168 111.119 110.669 109.795 108.802 109.28 115.205 113.804 113.319 112.035 111.094 111.075 110.087 109.645 109.686 114.347 113.634 113.716 112.281 111.07 110.564 109.804 108.428 108.177 113.426 113.816 113.443 112.454 111.083 110.354 109.897 109.093 108.06 113.167 113.224 113.178 112.158 110.7 110.333 109.568 108.073 108.31 
100.85 98.922 97.6762 96.3622 94.7074 94.0498 93.6394 92.1414 91.5349 100.509 100.438 97.5768 97.4329 95.6715 95.9246 94.2831 93.5552 92.8939 102.384 101.338 98.4629 97.4115 96.8441 95.5591 94.4704 92.7145 91.8692 106.248 102.629 99.4647 98.4972 95.4481 95.8878 94.6236 93.6444 92.7887 106.873 103.921 101.473 99.7418 97.5229 95.7437 94.8286 93.8817 93.5789 106.145 104.653 103.368 101.71 99.4983 98.6105 94.4224 94.3248 92.9255 106.339 105.709 105.149 103.943 101.758 99.85 96.9088 95.2601 94.1213 106.371 106.276 104.985 103.934 102.397 102.013 96.1979 96.9781 95.8915 104.322 104.294 104.155 103.881 102.821 102.451 98.4396 97.5298 97.5085 
93.1746 91.9524 91.1942 90.1954 88.9061 88.6331 88.2953 87.344 87.4736 93.2105 93.5285 91.7878 91.2843 89.3553 89.9305 88.8559 88.6098 88.6457 94.7059 94.3925 92.5597 91.4922 90.423 89.733 89.1295 87.7906 87.8276 98.1259 95.2584 92.4108 92.2658 89.4065 90.2718 89.6445 89.2218 89.1576 98.8826 96.2934 94.3424 93.1499 91.8507 90.5699 90.2801 90.3817 90.7483 98.276 97.398 96.62 95.4737 94.2832 94.311 90.5095 91.4191 90.9332 98.8918 98.6137 98.8935 97.9164 96.8963 96.508 94.1508 93.1403 92.3023 99.2123 99.6492 98.8977 97.7072 97.4044 98.7113 94.1467 95.2797 94.7168 97.755 97.782 98.1255 98.3412 98.2883 99.0305 96.3675 95.9412 96.5448 
88.9322 87.9487 87.2814 86.6958 85.7105 85.867 86.1171 85.2878 85.5655 89.0752 89.404 87.7788 87.6044 86.3495 87.3944 86.6074 86.6017 86.7095 90.6296 90.4876 88.5787 87.9363 87.371 87.3038 86.942 85.8495 85.689 93.9596 91.3445 88.8676 88.9156 86.57 87.7857 87.5551 87.0189 86.5586 94.7956 92.6522 90.7924 89.9111 88.9058 88.1051 87.8211 87.9151 87.7906 94.2019 93.633 93.1276 92.3066 91.3569 91.4085 87.8532 88.5474 87.8508 94.6495 94.8853 95.4002 94.8244 93.7692 93.4149 91.1595 90.0573 89.2016 95.0614 95.6496 95.1492 94.3103 94.0513 95.1203 90.8275 91.8942 91.3426 93.4239 93.8522 94.0645 94.5189 94.6339 95.4638 92.7099 92.5042 92.9247 
84.3149 83.9954 83.5827 83.0898 82.8156 82.1274 81.7305 81.7532 81.6791 85.315 84.8002 84.0213 83.2538 82.3687 82.1188 81.8429 81.4801 81.1829 85.3193 84.6244 84.0507 83.2608 82.3955 82.1097 81.8911 81.3838 81.1532 85.3027 84.7957 83.989 83.1825 82.8939 82.6043 82.4918 82.1117 81.8068 85.8866 85.4481 84.6743 83.9056 83.6096 83.2908 83.0405 83.1755 83.0468 86.1723 86.0329 85.4396 85.1749 84.734 84.4044 84.0821 84.22 84.1486 86.1007 86.0284 86.1016 85.7873 85.5803 85.4473 85.2723 85.0822 84.5786 86.0599 86.0871 85.978 86.0164 86.0839 85.91 85.88 85.6655 85.0068 87.0216 86.5526 86.1862 86.2939 85.9345 85.8245 85.7434 85.4384 85.386 
75.9891 75.4276 75.2185 74.5509 73.8363 73.6252 73.48 72.2504 70.5251 76.205 75.9478 75.3127 74.6818 74.1536 74.1432 73.2206 72.9672 71.1151 76.596 76.3063 75.849 73.9781 73.5639 73.7181 73.076 72.5247 72.255 79.2838 76.6376 74.7579 73.4924 73.1856 73.3167 72.1035 72.4112 71.8835 78.7449 78.3317 75.6965 74.7188 74.4968 73.9406 73.7021 72.8331 72.4043 77.8496 77.926 77.4731 76.4565 76.0263 74.6803 74.6013 73.9518 73.5452 77.8978 77.5753 77.2143 77.1202 76.9812 75.9212 75.5258 74.2998 74.2137 78.9374 78.0815 77.6471 77.0053 77.1455 76.8899 76.2427 74.6672 73.7997 79.0483 78.3406 78.1078 77.6114 76.2336 76.7739 76.3986 74.7729 73.8704 
70.607 70.2178 70.2994 69.6062 68.7594 68.5357 68.4394 67.2528 65.4642 70.919 70.6634 70.4399 69.9216 69.2598 69.1168 68.2608 67.9859 66.1081 71.1848 70.8477 70.6753 69.1038 68.7184 68.7473 68.1268 67.5698 67.2414 73.6747 71.0557 69.4329 68.408 68.1159 68.1981 67.0025 67.2985 66.8029 72.8803 72.5816 70.3183 69.507 69.3555 68.7368 68.5451 67.6847 67.3379 72.0803 72.3292 72.1373 71.2563 70.8749 69.4734 69.496 68.8611 68.5255 72.2617 72.0546 71.8544 71.7904 71.8158 70.7646 70.4635 69.2307 69.2364 73.2993 72.6843 72.4152 71.7826 72.0832 71.8994 71.2038 69.7682 68.8871 73.5681 73.0497 72.9302 72.4554 71.1651 71.8777 71.5725 69.8833 69.0822 
66.5549 66.4376 66.5627 65.9297 65.2596 65.2436 65.0943 63.842 62.1194 66.6761 66.7856 66.5732 66.1155 65.6398 65.7094 64.8375 64.4683 62.6538 66.8514 66.8452 66.7443 65.3303 65.0961 65.2876 64.6462 64.0063 63.6792 69.2399 66.948 65.4931 64.6089 64.4516 64.6857 63.4866 63.7014 63.1557 68.4002 68.4461 66.3172 65.6015 65.6055 65.1182 64.873 64.0017 63.5929 67.4696 68.059 67.9556 67.1897 66.9355 65.7506 65.6953 65.0323 64.673 67.6751 67.7597 67.5659 67.6025 67.7761 66.8727 66.4714 65.2956 65.3021 68.728 68.3155 67.9994 67.4556 67.8945 67.7953 67.187 65.744 64.9122 68.8747 68.546 68.4166 67.9646 66.8872 67.7036 67.401 65.7832 64.9513 
56.143 57.4715 56.8839 56.0364 55.8386 55.5031 54.8096 54.6629 53.4564 56.5405 57.573 56.8435 56.0218 56.0719 55.4877 55.0758 54.4311 53.8628 56.3566 57.2243 56.4647 55.7015 55.4558 55.1396 54.669 54.28 53.4797 56.2036 56.7617 56.576 56.3803 56.1431 55.7406 54.497 54.2768 54.0871 56.1058 56.8284 56.7706 56.2436 55.1262 54.8487 54.3738 53.9885 53.9471 55.4095 56.3232 56.2684 55.8266 55.3561 54.6546 54.4104 54.0133 53.7671 55.7352 56.5887 56.2716 55.7774 55.4569 54.6886 54.3054 53.7133 53.5942 56.1673 56.9983 56.5307 56.0369 55.6497 54.8588 54.7724 54.1223 54.0275 56.891 57.4644 56.4471 55.8974 56.1598 55.6319 55.6586 55.2041 54.4564 
40.1286 42.7037 42.1445 41.6005 41.3717 41.0807 40.5796 40.3254 39.8604 40.68 43.0569 42.3082 41.6915 41.5269 41.4085 40.9832 40.5191 39.9841 40.9987 43.3071 42.5688 41.968 41.7151 41.6997 41.3026 40.921 40.4377 41.4633 43.7672 43.0882 42.3521 42.0798 42.1129 41.8749 41.4457 40.8372 42.0225 44.2682 43.7331 42.9802 42.5341 42.4784 42.2472 41.7515 41.3715 42.4629 44.8762 44.022 43.5241 43.2436 42.9347 42.5845 42.1413 41.6739 42.9093 45.4002 44.7503 44.0095 43.7304 43.4882 43.0379 42.5954 42.0368 43.2338 45.6402 45.2448 44.5599 44.1233 43.8645 43.553 43.1192 42.6926 43.6009 45.9122 45.3743 44.6836 44.4887 44.2383 44.0863 43.9509 43.2895 
30.1088 31.6798 31.9614 32.0794 32.1383 31.8087 31.5099 31.4859 32.0032 30.1721 31.8488 31.9277 31.8283 31.894 31.9695 31.6085 31.6071 31.8282 30.8257 32.2517 31.9996 31.8467 31.6921 31.6701 31.671 31.6454 32.2365 30.7091 32.4453 31.9552 31.721 31.6567 31.7724 31.96 32.1894 32.4272 31.4411 32.657 32.5764 32.3152 32.2932 32.4886 32.5198 32.5547 32.9299 31.5643 32.9189 32.5524 33.0909 32.9377 33.1366 33.16 32.7816 33.0397 32.5539 33.4039 33.6918 33.5189 33.3672 33.5593 33.5215 33.4671 33.0376 32.515 34.4304 33.978 33.9414 33.2269 33.3131 33.5473 33.3642 33.1442 32.4676 34.0087 34.0845 33.6606 33.8824 33.3229 33.8758 34.0278 33.809 
108.105 108 108.503 108.312 107.936 108.272 108.554 107.653 107.336 107.721 108.186 107.954 108.193 108.236 108.256 108.545 108.201 107.464 107.602 108.815 108.275 107.648 108.199 108.317 108.738 107.81 107.133 108.178 108.404 108.254 108.225 107.881 107.971 108.904 107.818 108.15 109.765 109.031 108.138 108.134 108.861 109.263 108.863 108.523 109.291 109.618 108.889 109.445 108.864 108.955 109.591 109.143 109.18 109.842 109.298 109.084 109.784 109.289 108.899 109.38 109.169 108.313 108.355 108.625 109.405 109.577 108.854 108.57 108.919 109.51 108.986 108.493 108.283 108.845 109.162 108.681 108.195 108.958 109.249 108.447 108.999 
105.906 105.432 104.987 104.405 104.006 102.844 102.203 101.709 100.992 106.27 106.331 104.949 104.691 104.102 102.979 102.309 101.601 100.782 106.34 105.773 104.961 104.427 104.218 102.939 102.233 101.381 100.877 106.707 105.965 105.366 104.353 103.908 102.952 102.18 101.78 101.506 106.711 106.057 105.248 104.352 103.582 102.737 102.192 101.758 101.587 106.634 105.866 104.883 104.061 103.079 102.725 102.273 101.858 101.412 106.13 105.3 104.801 104.123 103.182 102.43 102.123 101.628 101.429 105.382 105.209 104.761 104.667 103.894 102.754 101.904 101.582 101.061 105.585 105.339 105.152 104.797 103.784 102.818 101.89 101.334 101.171 
97.9964 97.1607 96.1165 94.8315 93.7252 92.5104 91.483 90.7797 90.0522 98.4002 97.5211 96.5413 95.5159 94.0859 92.952 92.0306 91.2189 90.4205 98.8096 97.7841 96.9826 95.9483 94.7545 93.2972 92.4725 91.4815 90.9909 99.1899 98.4693 97.1978 96.165 94.9645 93.6344 92.464 91.7587 91.3863 99.852 98.7119 97.4873 96.1335 94.8681 93.7545 92.5791 91.6946 91.4743 100.044 98.7408 97.4149 96.3173 95.1827 93.7193 92.3705 91.5671 91.2588 100.013 98.7501 97.6162 96.342 95.0381 93.5932 92.4209 91.7049 91.4785 99.6248 98.5871 97.5131 96.5671 95.1069 93.7746 92.355 91.7258 91.5497 99.2301 98.3319 97.5814 96.3335 95.3102 93.8843 92.7718 91.6765 91.4865 
89.2261 88.4482 87.8721 87.3961 86.4913 87.0774 87.5527 86.6711 86.83 88.7966 89.3607 88.2071 88.5257 87.6269 88.7571 88.2888 88.2387 88.3877 90.5351 90.5985 89.1413 89.1061 88.9767 88.8405 88.5227 87.5506 87.3328 94.0189 91.7273 89.5722 90.1448 87.9048 89.0311 88.7188 88.1407 87.8795 94.8809 92.9593 91.464 90.7529 89.7339 88.9568 88.609 88.3289 88.4422 94.0996 93.6815 93.5152 92.646 91.5952 91.5045 88.0054 88.3273 87.6769 94.6489 94.788 95.1692 94.6853 93.3786 92.8776 90.5169 89.419 88.7975 95.095 95.4509 94.8319 94.0424 93.4042 94.3425 89.9479 90.9558 90.6841 92.7662 93.4555 93.7653 93.8664 93.9903 94.816 92.0525 91.9076 92.165 
84.1076 83.8896 83.8626 83.4244 83.3909 83.1593 82.9712 83.2671 83.5996 84.7039 84.2442 83.9914 83.6678 83.0932 83.1477 83.085 83.1045 83.2892 84.4127 83.9716 83.7882 83.6847 83.2285 83.3184 83.3116 82.9411 83.1094 84.2897 84.0135 83.6191 83.4256 83.4343 83.6498 83.7294 83.4649 83.5017 84.7084 84.503 84.1793 83.8982 84.0232 84.1669 84.0336 84.2478 84.5004 84.9527 84.9893 84.8222 84.8993 84.8599 84.8148 84.6355 84.7827 85.1204 85.1027 85.0941 85.5382 85.2324 85.3046 85.5693 85.4432 85.4138 85.5716 85.163 85.3828 85.4739 85.4972 85.6048 85.7541 85.847 85.8485 85.8459 86.0709 85.8879 85.7927 85.8528 85.6368 85.6606 85.7206 85.6081 85.8825 
79.1394 79.1123 78.6263 78.4179 78.6677 78.9737 78.9648 79.0767 79.4436 79.4294 79.2302 78.9368 78.6934 78.8299 79.2507 79.291 79.2061 79.4933 79.6815 79.4861 79.376 79.3101 79.2211 79.4588 79.4781 79.2495 79.2569 80.1004 79.9008 79.7923 79.5464 79.6031 79.7663 80.0298 79.8138 79.6527 80.767 80.6082 80.3214 80.0431 80.1362 80.4802 80.4458 80.4374 80.6053 81.0204 80.9863 80.8161 80.8961 80.9818 81.0166 80.9834 81.0656 81.0764 81.2816 81.1911 81.3553 81.3986 81.3442 81.4622 81.426 81.5989 81.4234 81.5998 81.55 81.5292 81.6741 81.4732 81.5722 81.8287 81.7433 81.5792 81.6986 81.79 81.5563 81.5459 81.5761 81.7171 81.8738 81.9564 81.7955 
74.7665 74.9243 74.7883 74.6547 74.8166 75.0176 75.1918 75.2572 75.1638 75.1246 75.0205 74.9756 74.8661 74.8854 75.1492 75.3258 75.2391 75.1946 75.3185 75.158 75.2213 75.2555 75.1677 75.2209 75.3659 75.2338 75.0315 75.574 75.6433 75.6064 75.542 75.5707 75.5435 75.6612 75.5189 75.2915 76.0557 76.1977 76.1038 75.8094 75.852 75.966 75.9251 75.7143 75.6881 76.436 76.6556 76.4395 76.3826 76.4166 76.408 76.3174 76.1698 76.0318 76.7733 76.763 76.7028 76.747 76.6736 76.6882 76.7308 76.7215 76.3733 76.9239 76.9718 76.9568 77.0674 77.0171 77.0047 76.9717 76.8358 76.5204 77.0191 77.1382 77.1273 77.2588 77.0543 77.1265 77.0691 76.9947 76.6747 
70.5295 70.2239 70.3614 69.7851 69.1683 69.0739 69.1371 68.123 66.3661 70.7997 70.6232 70.2428 69.8668 69.4806 69.5803 68.8503 68.7767 67.0085 70.9214 70.7486 70.5246 68.956 68.8096 69.1177 68.5661 68.1869 68.1061 73.3659 70.8458 69.2228 68.262 68.071 68.4818 67.3348 67.864 67.5812 72.4862 72.2909 70.0782 69.3473 69.3149 68.874 68.8384 68.1267 67.902 71.6591 71.9367 71.8209 71.0453 70.7637 69.5097 69.6392 69.0928 68.9064 71.7804 71.5431 71.4447 71.5824 71.6772 70.6947 70.4519 69.2755 69.5317 72.736 72.134 71.9281 71.4891 71.7518 71.6976 71.0937 69.6778 68.9567 72.9646 72.3948 72.3886 72.1656 70.8559 71.5887 71.2738 69.7814 68.9541 
61.2749 61.4626 61.6567 61.5484 61.3011 61.0691 60.9395 60.7423 60.4132 61.3086 61.1806 61.493 61.4056 61.1328 60.9444 60.773 60.5807 60.4661 61.1672 60.974 60.9691 61.195 60.8797 60.756 60.6266 60.4433 60.4463 60.8248 60.4568 60.5501 60.5825 60.5512 60.5271 60.5346 60.4929 60.3723 60.354 60.1524 60.2537 60.3148 60.4548 60.4356 60.5863 60.4453 60.5505 60.1913 60.2414 60.1999 60.3712 60.4205 60.4635 60.657 60.4331 60.6161 60.4016 60.3 60.1588 60.3607 60.5409 60.6672 60.6641 60.6451 60.7041 60.5329 60.5342 60.2587 60.0879 60.6287 60.9481 60.9789 60.9781 61.0248 60.7437 60.8288 60.598 60.5627 60.7729 61.0234 61.1762 61.1956 61.2729 
49.1475 49.3758 49.2264 49.331 49.3604 49.4393 49.35 49.5075 49.5275 48.8054 49.0544 48.9582 48.7363 48.8195 48.7681 49.072 49.0005 49.0881 48.5279 48.605 48.5974 48.6801 48.4864 48.5031 48.6511 48.6998 48.5907 48.055 48.2279 48.3833 48.5363 48.2473 48.1332 48.3691 48.5279 48.4772 47.8511 48.0821 48.3372 48.2131 48.0987 48.0884 48.0836 48.312 48.3653 47.9548 47.9891 47.9142 48.006 47.9126 47.8022 47.6959 47.7812 47.9686 47.9743 47.9417 47.6497 47.7054 47.8302 47.5936 47.5218 47.7381 47.8696 48.0384 47.7527 47.5954 47.5675 47.6694 47.6135 47.6094 47.7988 47.9583 47.7667 47.5711 47.6109 47.6447 47.6136 47.7759 47.8295 47.838 47.8069 
31.9732 33.109 33.5513 33.851 33.9706 33.8837 33.7554 33.8218 33.8785 31.7775 33.2074 33.4379 33.5753 33.6669 33.7597 33.7951 33.8439 33.6058 32.1921 33.409 33.4354 33.4975 33.4509 33.4502 33.6525 33.6799 33.6579 31.6789 33.2795 33.2587 33.4731 33.3089 33.3576 33.6946 33.9271 33.7406 32.121 33.2593 33.5987 33.5381 33.6113 33.6924 33.8934 34.1652 33.9751 32.1759 33.3412 33.3559 33.959 33.7959 33.9759 33.9869 33.9646 33.9926 32.8259 33.5983 33.7443 33.9116 33.9349 33.9299 34.1467 34.3132 33.9988 32.9172 34.2359 34.0071 34.0598 33.6905 33.7401 34.05 34.1535 33.9742 32.7441 33.9676 34.1417 34.0862 34.1415 33.8681 34.313 34.5002 34.3195 
25.077 25.2741 25.813 26.283 26.5749 26.3544 26.1561 26.2694 26.533 25.2145 25.6106 25.838 26.0938 26.3362 26.4993 26.321 26.4176 26.3436 25.8299 26.0068 25.9504 26.0912 26.2118 26.2558 26.3051 26.3647 26.635 25.5117 26.1214 25.8724 26.0189 26.1412 26.2546 26.5629 26.893 26.8847 26.183 26.2639 26.4942 26.4987 26.7177 26.9259 27.1148 27.3434 27.2875 26.3524 26.4503 26.366 27.1885 27.2128 27.4476 27.5244 27.327 27.3313 27.2427 26.8879 27.3075 27.4308 27.5563 27.6734 27.635 27.7376 27.2733 27.3343 27.8302 27.6028 27.7934 27.3436 27.3096 27.5241 27.5007 27.2153 27.0808 27.2892 27.7122 27.509 27.6825 27.2632 27.7751 27.9804 27.6632 
101.195 101.319 101.438 101.531 101.576 101.498 101.382 101.307 101.521 101.537 101.699 101.758 101.774 101.913 101.589 101.489 101.374 101.684 101.6 101.827 102.006 102.275 102.314 101.817 101.752 101.663 101.904 101.848 101.978 102.233 102.581 102.858 102.294 102.086 101.986 102.134 102.254 102.281 102.291 102.436 102.798 102.561 102.319 102.339 102.36 102.494 102.459 102.545 102.379 102.591 102.681 102.393 102.459 102.589 102.794 102.574 102.644 102.681 102.763 102.794 102.774 102.674 102.695 102.714 102.727 102.658 102.728 102.939 103.022 103.067 103.011 103.015 102.783 102.754 102.803 102.865 103.036 103.178 103.43 103.455 103.624 
98.3236 98.2443 98.2678 98.2164 98.1453 97.9214 97.6729 97.6136 97.5925 98.6605 98.6657 98.7027 98.4795 98.5577 98.1862 97.8632 97.7061 97.6694 98.6489 98.8317 98.8975 98.9739 98.6952 98.1573 97.9725 97.6954 97.6448 98.7061 98.7931 98.8727 98.9898 99.0322 98.3914 98.1427 97.9465 97.9697 98.8366 98.6917 98.5859 98.4825 98.6324 98.1874 98.1334 98.2663 98.3129 99.023 98.6062 98.7067 98.5129 98.7668 98.4715 97.8872 98.0282 98.2835 99.2464 98.9088 98.9912 99.0933 99.0544 98.7273 98.2041 98.1837 98.2232 98.8859 98.8299 98.9945 99.2405 99.3309 98.8734 98.5075 98.3647 98.3475 99.0635 99.0178 98.9071 99.1714 99.3114 99.3088 99.062 98.7968 98.7869 
93.2689 93.3068 93.1567 93.036 92.9281 92.7433 92.6357 92.6673 92.4375 93.3967 93.3392 93.2817 93.2252 93.226 92.9761 93.0354 92.8284 92.6738 93.494 93.4213 93.3601 93.4339 93.4289 93.1427 92.9809 92.8133 92.6354 93.5904 93.7026 93.5709 93.4872 93.4368 93.1146 92.8845 92.8301 92.8139 93.5782 93.5252 93.5089 93.1709 92.9408 92.8926 92.7803 92.7562 92.8027 93.3368 93.2475 93.3058 93.0513 92.8808 92.8088 92.5163 92.4731 92.6768 93.0728 92.9978 93.2431 92.9034 92.8431 92.6031 92.4724 92.5408 92.7282 93.0911 93.0246 93.0099 93.0223 92.7482 92.7641 92.5338 92.5597 92.7518 93.1365 93.0949 93.2087 93.1208 93.0391 92.8896 92.81 92.6408 92.6842 
88.8693 88.9758 89.0198 88.8994 88.9178 89.0528 89.1231 89.2279 89.0753 88.726 88.6222 88.8249 89.1295 89.0199 88.986 89.1834 89.3674 89.2868 88.3989 88.4254 88.6179 89.0346 89.0107 89.1492 89.1822 89.222 89.0545 88.1204 88.286 88.4966 88.7029 88.7955 88.8834 89.0236 89.0357 89.0069 88.0895 88.2376 88.4158 88.5097 88.5247 88.6442 88.7066 88.639 88.7473 87.7568 87.8944 88.0949 88.1996 88.3031 88.121 88.1742 87.9963 88.1599 87.4606 87.4317 87.6338 87.6517 87.685 87.6955 87.6394 87.7991 87.9863 87.1957 87.1749 87.078 87.3414 87.2865 87.3023 87.3244 87.5538 87.861 87.0135 87.0855 87.2301 87.1862 87.2404 87.181 87.3242 87.3329 87.5153 
86.4928 86.586 86.678 86.6556 87.1381 87.3519 87.6155 87.684 87.2714 85.6933 85.6676 85.9352 86.3041 86.6246 86.7871 86.8743 86.8257 86.8144 84.8648 85.105 85.1691 85.7319 86.0149 86.1139 86.1682 86.1825 85.8898 83.9718 84.2338 84.3031 84.5807 84.8971 85.159 85.3702 85.3964 85.2588 83.244 83.4784 83.5486 83.8822 84.0277 84.3708 84.5654 84.6458 84.8484 82.6104 82.7402 82.8534 83.1461 83.2455 83.4143 83.7636 83.8839 83.9295 81.8903 82.0001 82.4416 82.4812 82.5653 82.76 82.9622 83.2602 83.4651 81.3651 81.688 81.8665 82.0324 81.9257 82.2073 82.4998 82.813 83.0537 81.1292 81.3702 81.5586 81.505 81.7446 81.8219 82.0296 82.3626 82.513 
78.9293 78.9944 79.0511 78.9619 79.3183 79.7331 80.0338 80.2575 80.2575 78.6468 78.6257 78.7449 78.872 79.0991 79.5868 79.828 79.8774 79.9792 78.2812 78.2701 78.5028 78.8334 79.0668 79.4461 79.5938 79.531 79.3279 78.1854 78.2343 78.4247 78.6324 78.9823 79.3069 79.5966 79.427 79.1613 78.1977 78.1843 78.2983 78.4158 78.7946 79.1201 79.2745 79.2328 79.372 77.8806 78.0835 78.123 78.2807 78.6177 78.8746 78.9867 79.0348 79.1028 77.615 77.664 77.8619 78.0701 78.2732 78.5283 78.7527 79.0246 79.0594 77.3983 77.5209 77.5792 77.9108 78.0993 78.2671 78.6407 78.9336 78.9714 77.2927 77.4692 77.4175 77.7244 77.9171 78.1649 78.4466 78.8306 78.8464 
72.877 73.2942 73.3233 73.3458 73.5603 73.5659 73.9294 74.2999 74.3921 73.0199 73.213 73.0971 73.2456 73.5201 73.7545 73.9658 74.1836 74.4155 72.9223 73.0731 73.0048 73.0705 73.4269 73.6742 73.7898 74.0595 74.1438 72.6483 72.8227 72.9463 72.8615 73.014 73.3279 73.6163 73.942 74.0181 72.6646 72.6513 72.7724 72.8252 73.0019 73.221 73.507 73.7449 73.7961 72.8182 72.7874 72.7748 73.0067 73.114 73.2692 73.3784 73.4567 73.5709 72.5943 72.5658 72.5632 73.049 73.0264 73.1323 73.1697 73.2051 73.5438 72.2437 72.5299 72.6316 72.9927 72.7349 72.8406 72.9563 72.9978 73.2395 72.3491 72.2797 72.5552 73.125 72.8067 72.7125 72.6453 72.8821 72.9788 
67.4934 67.6675 68.5896 69.2758 70.0307 70.2615 70.5649 70.526 70.3095 67.6112 67.5014 68.2724 69.4645 69.8081 70.26 70.5307 70.3568 70.0836 67.426 67.1097 67.9175 68.7928 69.8253 70.386 70.4281 70.4871 69.9477 67.3112 67.4641 67.8266 68.1366 68.8776 69.2707 69.6331 69.8112 69.9356 67.7201 67.2691 67.574 68.1133 68.2492 68.1496 68.828 68.948 69.1918 68.0919 67.9861 67.4385 67.99 68.0096 67.6646 67.7662 67.8703 68.2288 68.9749 67.9265 67.4938 67.6685 67.7026 67.9037 67.5414 67.4968 67.8265 69.6264 68.8486 67.8979 67.5103 67.7101 67.9768 67.7376 67.533 67.4653 70.1802 69.8648 69.1722 68.3996 68.2269 68.1926 67.3694 67.1276 67.0687 
68.4281 68.736 69.0425 69.1808 69.0663 68.5759 68.3703 68.2717 67.4605 67.5108 67.4836 67.6588 67.6148 67.4953 67.4769 67.1837 66.8582 66.7981 66.4459 65.9386 65.6291 65.8465 65.5245 65.9264 65.8503 65.5517 65.7199 65.085 63.8982 63.7751 63.5675 63.6371 63.9305 64.2493 64.4156 64.3523 63.0356 62.2761 61.9969 62.0003 62.5203 62.6373 63.2427 63.1678 63.4427 61.5825 61.1475 61.0956 61.2715 61.5521 61.9768 62.3341 61.8153 62.0611 60.6928 60.5521 59.9809 60.7598 60.9631 61.2488 61.0522 60.901 61.075 60.0857 60.1449 59.624 59.0321 60.0447 60.5976 60.7048 60.5042 60.8743 60.0233 59.9183 59.4773 59.7414 59.8295 60.0695 59.9813 60.5157 60.7052 
57.0734 57.0954 57.2994 57.668 57.5906 57.3416 57.16 57.3178 56.7506 54.1642 54.2621 54.5184 54.4344 54.5551 54.5582 54.5977 54.1711 54.318 51.8852 51.4284 51.4546 51.6324 51.1535 51.7996 52.0813 51.7835 51.6619 49.3944 48.4329 48.4443 48.3575 48.2804 48.5558 49.0493 49.5612 49.2608 45.9509 45.6894 45.5466 45.7569 46.055 46.2952 46.7536 46.9511 47.4376 43.424 43.1571 43.3913 43.7573 44.0806 44.6477 44.9163 44.5797 45.1348 41.6978 41.8408 41.2883 42.2624 42.6415 43.114 43.098 42.9723 43.1251 40.674 40.5663 40.0994 39.592 41.1974 41.9333 42.0985 42.0017 42.2543 40.0546 40.035 39.575 39.7048 40.0434 40.8062 41.0062 41.5107 41.5983 
24.4961 24.497 24.3628 24.6562 24.7394 25.1227 24.9308 25.3466 26.4471 23.1379 23.2821 23.0618 22.9674 23.2649 23.3957 23.9845 23.6831 23.8756 22.0889 22.0056 21.8763 21.8909 21.9984 22.3297 22.593 22.6129 22.1179 20.737 21.1286 21.1155 21.0782 20.9119 20.8176 21.2379 21.6346 21.3884 19.6566 20.0686 20.2078 20.1272 19.9711 19.9697 20.1354 20.7115 20.7126 19.2228 19.0067 19.2667 19.2901 19.236 19.0947 19.0128 19.3633 19.6847 18.6277 18.7254 18.3429 18.555 18.6646 18.3963 18.4286 18.8779 18.9913 18.4112 18.1241 18.2168 17.927 18.2663 18.1224 18.1199 18.4197 18.6855 17.8506 17.5773 17.6999 17.8448 17.5798 18.0428 18.0105 18.2397 18.3539 
9.20495 9.17499 9.6723 10.0538 10.3012 10.291 10.3578 10.4216 10.467 8.95693 9.20673 9.46724 9.77201 10.0166 10.2171 10.1748 10.3325 10.2461 9.21521 9.31203 9.46786 9.66975 9.83948 9.90919 10.1048 10.124 10.2538 8.87519 9.2144 9.29915 9.58593 9.68588 9.79528 10.0335 10.2924 10.2464 9.13314 9.21617 9.49134 9.63383 9.96035 10.0548 10.1702 10.3446 10.3289 9.16424 9.21003 9.37833 9.9767 10.0089 10.2793 10.3321 10.3142 10.2985 9.56061 9.37626 9.68311 9.98345 10.1454 10.284 10.3998 10.4703 10.2512 9.53763 9.8467 9.83208 10.0404 9.89957 9.98553 10.2299 10.2183 10.0733 9.40905 9.52304 9.8446 9.96841 10.0947 9.90713 10.2489 10.3486 10.3066 
97.8844 97.3357 97.7433 97.914 97.8197 97.6978 97.4632 98.0481 98.3881 98.2693 98.248 98.3068 98.2424 98.4037 98.2584 97.966 97.9375 98.4195 98.1309 98.3918 98.4236 98.8572 98.7738 98.4285 98.4175 98.2483 98.2202 98.3344 98.6592 98.748 99.108 99.2599 98.8445 98.7175 98.5865 98.7473 98.8254 98.806 98.8747 99.1438 99.5243 99.0033 99.0507 99.3246 99.4775 99.5666 99.2987 99.952 100.156 100.405 99.8291 99.3135 99.6753 99.8504 100.352 100.067 100.389 101.229 101.129 100.614 100.063 100.077 99.9176 100.148 100.378 100.72 101.528 101.508 101.125 100.993 100.708 100.497 100.733 101.102 100.961 101.3 101.605 102.068 101.986 101.617 101.416 
95.767 95.217 95.4556 95.7443 95.5149 95.3498 95.1129 95.7804 95.9288 96.0582 96.0014 96.0678 95.9589 96.1303 95.9233 95.9621 95.9075 96.1162 95.9747 96.1672 96.0964 96.3555 96.5375 96.4901 96.3413 96.0962 95.9591 96.2362 96.5019 96.5239 96.7013 96.8916 96.5756 96.4489 96.2822 96.387 96.7532 96.5692 96.5577 96.6643 96.8442 96.5051 96.6638 96.8273 96.9807 96.9506 96.7205 97.1496 97.2802 97.4284 97.0449 96.6796 97.058 97.3966 97.21 96.9934 97.5613 98.0842 98.0535 97.7003 97.4911 97.6006 97.6806 97.2328 97.4409 97.9407 98.6966 98.6405 98.5814 98.5302 98.252 98.169 97.7758 98.2101 98.3027 98.7246 98.9323 99.3895 99.4178 99.0287 98.8103 
93.3017 92.9089 93.1062 93.4345 93.2927 93.3492 93.3952 94.0585 94.01 93.3782 93.2932 93.3758 93.5336 93.6395 93.7063 94.0953 94.2605 94.295 92.8192 93.1626 93.4194 93.6846 93.6033 93.8717 94.1274 94.1357 93.9467 92.8818 93.2034 93.5595 93.7341 93.7231 93.6277 93.9103 94.0884 94.191 93.1599 93.1727 93.3243 93.4971 93.5334 93.4217 93.799 94.064 94.2729 93.295 93.0498 93.4694 93.7786 93.9948 93.7225 93.4725 93.872 94.251 93.2865 93.1231 93.4497 94.2105 94.3112 93.9882 93.8707 94.171 94.1346 93.0036 93.2919 93.6753 94.4629 94.4078 94.3008 94.4246 94.4653 94.3232 93.4078 93.9267 93.9548 94.4067 94.6009 95.024 95.0207 94.7461 94.4925 
92.5407 92.8545 92.7763 93.0984 93.3922 93.5449 93.8867 94.3333 93.3645 91.5689 91.898 92.0312 92.3958 92.7548 92.9935 93.3795 93.425 92.7771 90.2246 90.9743 91.1097 91.5834 91.9931 92.2155 92.4519 92.5763 91.7387 89.3344 89.7559 89.9361 90.2931 90.5881 90.8443 91.0255 91.1596 90.7301 88.7404 88.8432 89.2283 89.4492 89.5465 89.7889 90.0311 90.009 89.9252 87.7013 87.8674 88.2469 88.5909 88.6657 88.765 88.9754 89.2132 89.0888 86.965 87.0567 87.4482 87.6775 87.9489 87.9574 88.2351 88.5935 88.4357 86.4559 86.5649 86.7127 87.2588 87.2242 87.6292 87.8758 88.0819 87.9274 86.3046 86.4165 86.5569 86.7343 86.9428 87.2519 87.4096 87.5314 87.3599 
89.6571 90.112 90.1098 90.4023 90.8459 91.0575 91.5036 91.4956 90.299 87.7069 88.3185 88.6125 88.9499 89.4775 89.6391 89.8721 89.8205 89.0774 85.7165 86.663 86.9288 87.2374 87.6499 88.1585 88.216 88.2383 87.2976 84.0417 84.4207 84.5368 84.7273 85.2041 85.8123 86.2426 85.9986 85.2683 82.5616 82.6733 82.4162 82.5433 82.8746 83.3273 84.2477 84.1753 83.8894 80.804 80.8821 80.4352 80.4297 80.7289 81.2882 82.1362 82.4087 82.0709 79.2775 79.2114 79.1582 79.0251 78.9542 79.5127 80.4715 81.0848 80.8735 77.9692 78.1543 78.1615 78.2778 78.2001 78.4545 79.2127 79.9787 80.0257 76.9284 77.3627 77.5513 77.6988 77.9763 78.029 78.228 78.901 79.0294 
82.3376 82.9024 82.9063 83.2104 83.7176 83.7923 84.0309 84.0354 82.7367 80.6614 81.3657 81.5664 81.9038 82.4523 82.5788 82.59 82.4911 81.6196 78.8811 79.7954 80.1463 80.4654 80.8088 80.7919 80.8926 81.1391 80.263 77.0995 77.3518 77.5728 77.4232 77.7098 78.153 78.5512 78.6863 78.1306 75.5256 75.5855 75.7084 75.7849 76.0943 76.4105 76.8078 77.0389 76.833 74.4495 74.362 74.3272 74.5402 74.8382 74.9353 75.2669 75.5059 75.3798 73.2326 73.1698 73.3839 73.4429 73.5714 73.4987 73.8154 74.2207 74.2048 72.2416 72.4553 72.4212 72.4457 72.5808 72.6586 73.0548 73.5409 73.3185 71.4506 71.4969 71.4689 71.4347 71.6781 71.9841 72.174 72.6838 72.3216 
69.4747 69.4972 70.3977 71.2249 72.3274 72.7547 73.196 73.2718 73.2715 69.1732 69.207 69.9625 71.3416 71.9781 72.5971 73.0293 72.9994 72.7386 68.877 68.7176 69.7571 70.6718 72.144 72.6723 72.8177 73.0764 72.316 68.875 69.3924 69.888 70.2986 71.1698 71.498 71.8348 71.965 72.1653 69.7238 69.2329 69.5977 70.1636 70.2805 70.1674 70.6446 70.8232 71.0714 70.2105 70.0908 69.3308 69.7992 69.7486 69.3435 69.2029 69.4745 69.8584 71.2953 70.0761 69.5589 69.3924 69.2277 69.2562 68.813 68.8985 69.186 72.1387 70.9783 69.7291 69.4548 69.2575 69.0937 68.853 68.7538 68.5567 72.5252 71.9236 70.9633 69.962 69.8456 69.485 68.4016 68.0109 67.9726 
65.8972 65.9134 66.9585 67.8933 69.1177 69.4227 69.8326 70.0136 70.0318 65.8062 65.6268 66.4467 68.0886 68.7312 69.3474 69.8089 69.7536 69.4087 65.4762 65.1495 66.0848 67.1254 68.8723 69.4843 69.6485 69.8169 68.9675 65.4879 65.9156 66.2451 66.541 67.6231 67.9503 68.3948 68.5396 68.8816 66.4649 65.801 66.2711 66.7249 66.8143 66.5137 67.1641 67.3863 67.8547 67.3205 67.0298 66.3707 66.9679 66.5744 65.7048 65.6598 65.9148 66.2784 68.7398 67.1846 66.7177 66.6562 66.285 65.9637 65.2185 65.2194 65.5834 69.6833 68.5112 67.224 66.8656 66.2245 65.9261 65.4917 65.2259 65.045 70.5228 69.7706 68.745 67.5951 67.1021 66.5501 65.2014 64.624 64.6941 
65.8265 65.7235 66.9644 67.9343 69.1186 69.2469 69.3592 68.9986 68.7452 64.7986 64.5428 65.7551 67.3291 67.7944 68.4627 68.4192 68.0823 67.4668 63.9232 63.3128 64.3895 65.577 66.8998 67.6894 67.6183 67.3683 66.5929 63.0542 63.0857 63.4396 63.7176 64.82 65.1761 65.5759 65.5961 65.6633 63.0301 62.0382 62.3637 62.9352 63.1955 62.9634 63.7341 63.7568 64.1393 62.7884 62.4845 61.5222 62.2557 62.1572 61.6511 61.6723 61.5453 62.0538 63.841 62.1788 61.4207 61.4111 61.3326 61.3596 60.6219 60.5089 60.6622 64.7401 63.2804 61.5234 60.6657 61.0287 61.1091 60.6473 60.2514 60.0321 65.359 64.6323 63.1636 61.5334 61.6017 61.2626 59.9912 59.4945 59.5303 
48.895 48.6491 48.3732 48.7303 48.37 49.4951 48.895 49.6004 51.8468 44.3676 44.188 43.6555 43.4331 43.814 43.545 44.78 44.033 45.3354 40.2564 40.1351 39.4556 38.9732 39.0572 39.6689 40.6192 40.6803 40.0367 36.8504 36.5499 36.0002 35.3019 34.8126 34.7972 35.5852 36.6819 36.8414 32.1718 32.8376 32.359 31.9494 31.6653 31.5135 31.4931 32.2525 33.3386 29.4635 28.9319 29.3444 28.9638 28.8595 28.736 28.3618 28.6344 29.1579 26.5228 26.4862 26.0808 26.5145 26.3716 26.2671 25.9052 25.8569 25.7686 24.1312 23.881 23.7597 23.4258 23.9005 23.905 23.6523 23.5268 23.6241 22.222 21.9041 21.511 21.4065 21.2399 22.1756 22.0499 21.9521 22.016 
4.72995 4.57986 4.68966 4.9148 5.1186 5.14522 5.4392 5.53114 6.07904 3.97064 4.0991 4.08985 4.23976 4.46623 4.68775 4.75101 4.95752 4.88687 3.57387 3.47352 3.66197 3.77013 3.94892 4.15593 4.34769 4.38535 4.47501 3.08478 3.13333 3.16447 3.38514 3.5235 3.64003 3.82823 3.99335 3.99974 2.83054 2.72692 2.85224 2.94857 3.14926 3.25403 3.36446 3.53439 3.66186 2.58245 2.51898 2.56989 2.72179 2.77108 2.99925 3.06965 3.18531 3.35317 2.35448 2.34959 2.36284 2.47806 2.60922 2.66672 2.90653 2.96887 3.0939 2.22817 2.15526 2.2413 2.3342 2.40546 2.49774 2.61836 2.78065 2.93064 2.17241 2.08766 2.11155 2.24815 2.30982 2.34851 2.52576 2.63958 2.91224 
2.00504 1.82954 1.79005 1.80354 1.74705 1.75207 1.78986 1.78485 2.3882 1.93058 1.81529 1.70974 1.67668 1.71142 1.72354 1.71455 1.72865 1.77617 1.94838 1.8231 1.7426 1.69941 1.69599 1.73924 1.73786 1.75288 1.77092 1.9817 1.88674 1.78397 1.7363 1.72573 1.7263 1.76378 1.77619 1.84693 2.06894 1.95744 1.87792 1.81239 1.81286 1.79216 1.81138 1.85098 1.91414 2.21571 2.0882 1.99478 1.94841 1.90878 1.92962 1.93247 1.94331 2.01338 2.33182 2.21868 2.1364 2.07944 2.09737 2.10739 2.09815 2.0762 2.13966 2.48978 2.35527 2.29105 2.20757 2.2025 2.19801 2.19163 2.17366 2.26165 2.62899 2.47938 2.41034 2.37027 2.32869 2.29422 2.30726 2.28519 2.40798 
