2158640
118.822 118.97 119.771 120.066 120.239 120.762 121.208 121.117 120.791 118.65 119.281 119.356 120.099 120.431 121.098 121.673 121.546 120.578 119.119 120.063 119.718 119.843 120.653 121.29 121.79 121.309 120.37 119.83 119.88 119.654 120.214 120.257 120.305 121.64 120.958 121.218 120.579 119.902 119.336 119.947 120.733 121.373 121.473 121.268 121.802 119.646 119.344 120.052 120.203 120.419 121.531 121.671 121.632 121.777 119.019 119.03 120.081 120.079 120.046 121.126 121.425 120.923 120.731 118.416 119.188 119.422 119.563 119.452 120.183 121.36 121.01 120.861 117.509 118.307 118.828 118.899 118.86 119.787 120.757 120.033 120.489 
146.998 148.026 148.192 147.824 148.121 147.873 148.175 147.523 146.606 146.823 147.584 148.196 147.965 147.847 147.547 147.919 148.088 146.785 145.864 146.963 147.049 147.844 148.05 147.849 147.806 147.703 147.448 145.714 146.933 146.721 147.883 147.673 146.971 147.53 147.697 146.998 145.582 146.781 147.314 148.218 147.981 148.133 147.685 147.497 147.097 144.785 145.93 147.487 148.179 147.502 147.348 147.271 146.148 145.673 144.775 145.884 146.419 147.373 146.782 146.712 147.245 146.277 146.004 144.701 145.702 145.115 145.877 145.997 146.452 146.614 146.122 145.858 143.952 145.101 144.956 144.702 144.92 145.494 145.376 144.962 144.987 
174.017 175.596 176.021 175.24 174.81 174.491 174.436 173.287 172.446 174.088 174.747 175.338 174.884 174.698 173.812 173.824 173.777 172.956 173.218 174.062 173.964 174.298 174.303 173.822 173.52 173.638 173.165 173.059 174.141 174.408 174.54 174.291 173.933 173.659 173.596 173.003 172.923 174.168 174.729 174.726 174.268 174.389 173.527 173.863 173.431 172.909 173.723 175.211 175.335 174.415 173.516 173.396 172.703 172.429 173.041 173.598 174.408 174.976 174.268 173.768 173.697 173.046 172.83 173.204 173.342 173.42 174.345 173.703 174.213 174.021 173.573 172.562 173.054 173.328 173.255 173.071 173.114 172.539 171.994 172.099 172.271 
201.693 201.832 201.416 200.084 201.316 201.634 201.806 201.063 199.468 201.319 200.663 202.183 200.506 201.717 200.242 201.609 201.307 199.465 201.907 200.589 202.37 201.269 201.114 200.474 201.2 202.462 200.428 202.704 202.369 203.931 202.669 201.632 200.682 202.759 201.009 199.748 202.285 202.066 202.882 201.753 201.206 201.91 203.153 201.357 200.371 201.959 202.33 202.043 202.813 202.969 202.132 200.386 200.76 200.751 201.666 203.232 202.309 203.343 203.862 202.037 202.171 202.661 200.708 202.181 203.034 201.782 201.937 202.607 201.606 200.626 202.383 200.944 197.24 197.733 197.482 197.905 196.94 196.48 195.96 197.617 198.438 
238.081 238.15 237.922 237.431 237.996 237.969 231.642 237.559 237.392 237.948 237.744 236.862 237.706 238.353 234.781 231.892 238.287 237.595 238.29 237.678 238.817 237.949 238.149 235.708 234.057 238.777 238.037 238.916 238.715 239.773 239.148 235.505 237.932 237.602 238.134 237.612 239.036 238.762 239.171 238.233 236.686 238.353 238.852 238.375 235.704 238.835 238.861 235.505 237.24 237.41 238.424 237.673 238.236 235.855 238.76 239.228 238.712 238.941 239.376 238.627 238.715 237.561 235.586 239.117 239.153 238.491 238.545 238.868 237.85 236.596 239.099 238.556 234.958 235.093 231.557 233.463 229.412 234.655 234.409 235.291 236.043 
249.268 248.911 248.684 248.701 249.356 249.363 242.656 247.209 245.566 248.25 246.405 246.021 248.864 249.428 245.974 242.827 249.502 247.114 248.584 247.075 248.654 249.016 249.082 246.828 245.275 249.897 249.128 249.121 248.324 249.861 249.86 246.183 249.03 248.514 249.309 248.765 249.484 248.633 248.595 249.187 247.537 249.266 249.246 249.248 246.683 249.522 249.597 245.553 247.984 248.307 249.612 249.216 249.245 245.705 249.372 249.725 249.556 249.836 249.905 249.819 249.828 248.333 245.282 249.903 250.034 249.252 248.625 249.434 248.814 247.61 249.876 249.477 245.746 245.939 241.356 243.746 238.596 245.597 245.294 246.087 246.421 
108.868 108.924 109.257 109.213 109.098 109.29 109.842 109.632 109.259 108.684 108.825 108.703 108.993 109.224 109.473 109.884 109.808 109.269 108.672 109.191 108.717 108.567 109.201 109.658 109.827 109.42 108.95 108.984 108.846 108.718 108.811 109.004 109.139 109.825 109.061 109.35 109.438 109.138 108.603 108.775 109.402 109.916 109.937 109.608 109.881 109.312 108.903 109.272 109.193 109.221 109.847 109.941 110.016 110.202 109.068 108.847 109.422 109.358 109.144 109.64 109.667 109.419 109.321 108.561 109.123 109.303 109.049 108.924 109.334 109.757 109.59 109.474 108.105 108.582 109.027 108.75 108.608 109.187 109.564 109.134 109.33 
118.488 118.337 118.698 118.606 118.422 118.487 118.63 118.414 118.077 118.415 118.547 118.584 118.737 118.746 118.685 118.838 118.792 118.132 118.563 118.867 118.704 118.597 118.802 118.838 118.748 118.29 117.767 118.862 118.644 118.718 118.777 118.581 118.473 118.922 118.157 118.217 119.402 118.711 118.318 118.419 118.803 119.085 118.945 118.61 118.657 118.844 118.383 118.918 118.826 118.658 119.273 118.992 118.911 118.866 118.538 118.398 119.058 118.878 118.786 119.046 118.96 118.367 118.208 118.071 118.493 118.519 119.109 118.627 118.859 118.973 118.585 118.3 117.499 117.863 118.204 118.332 118.086 118.558 118.676 117.905 118.306 
157.454 157.93 157.504 156.72 156.372 155.802 155.552 154.594 153.727 157.323 157.424 157.24 156.771 156.385 155.533 154.934 154.741 154.198 156.664 156.684 156.561 156.665 156.188 155.351 154.816 154.444 154.637 156.258 156.705 156.464 156.576 155.931 155.191 154.736 154.587 153.916 156.123 156.836 156.885 156.817 156.312 156.014 155.242 154.655 154.236 156.241 156.566 157.35 157.576 156.661 156.026 155.18 153.901 153.576 156.355 156.976 156.904 157.39 156.634 155.491 155.407 154.31 153.856 156.392 156.974 156.471 157.031 156.308 155.864 155.16 154.914 153.927 156.239 156.671 156.504 156.039 155.807 155.544 154.675 154.092 153.73 
177.468 177.874 178.669 178.415 179.123 177.958 178.332 179.461 179.584 179.111 177.841 180.23 180.565 180.561 178.648 177.258 177.846 179.343 180.381 178.988 179.828 180.372 180.26 177.268 177.085 177.959 179.276 179.96 179.826 180.709 181.373 181.03 179.685 178.901 180.027 179.512 178.046 179.134 181.331 181.518 181.414 180.188 177.977 178.521 179.168 180.65 180.282 181.684 180.583 180.932 180.243 178.637 178.538 179.697 181.147 179.899 179.854 179.788 179.181 179.104 179.216 180.585 179.953 182.111 179.584 180.433 179.678 178.239 178.24 179.083 180.02 179.287 179.69 179.683 181.134 180.312 178.91 178.085 179.538 179.709 179.339 
218.421 218.303 218.553 218.218 218.773 219.016 219.013 216.512 213.949 217.43 215.439 217.217 218.424 219.187 218.586 219.144 219.316 216.348 218.157 216.128 218.29 219.011 218.929 218.769 218.928 219.98 219.322 218.797 217.779 219.782 219.954 219.217 218.841 219.736 219.705 219.227 219.249 218.673 218.66 219.634 219.121 219.539 219.675 219.797 219.636 219.697 219.702 219.11 219.992 220.404 220.43 219.532 219.306 218.054 219.687 220.131 220.026 220.422 220.386 220.378 220.466 220.258 217.175 220.437 220.471 219.916 219.06 220.091 220.127 219.945 220.604 220.045 216.354 216.429 215.58 216.517 214.413 216.269 216.067 217.037 217.461 
246.503 246.708 246.929 247.032 246.962 246.837 240.192 245.064 244.193 245.852 244.859 243.935 246.967 247.126 243.905 240.048 246.934 245.52 245.942 245.193 246.097 246.741 247.201 245.003 242.798 247.105 247.307 246.193 245.686 246.601 247.271 243.926 247.167 245.83 247.512 247.354 246.719 246.173 246.112 247.256 245.874 247.255 246.774 247.481 245.328 247.212 247.008 243.287 245.763 246.017 247.503 247.528 247.5 243.954 247.199 247.078 247.369 247.345 247.166 247.617 247.435 245.742 243.389 247.683 247.423 247.361 246.777 247.13 246.934 245.926 247.612 247.501 247.084 247.182 243.043 245.079 240.137 247.239 247.233 247.394 247.503 
88.7582 88.3177 88.4806 88.1232 87.6904 87.5938 87.9948 87.2851 85.9616 88.5359 88.4214 88.0348 87.8884 87.8354 87.7259 87.5213 87.5007 86.1264 88.4861 88.3196 88.1334 87.2042 87.1887 87.3677 87.0158 86.8566 86.6217 89.9543 88.1684 87.1857 86.6994 86.611 86.7562 86.2959 86.2762 86.2451 89.3348 88.7736 87.2631 86.9543 87.1746 87.0856 87.0015 86.5181 86.4756 88.5841 88.3872 88.4949 88.0174 87.8663 87.2359 87.2516 87.0554 87.1585 88.6691 88.2704 88.4244 88.369 88.3397 87.8774 87.6375 87.0154 87.1576 89.0773 88.8106 88.5656 88.1503 88.5122 88.5594 88.1203 87.3243 86.8576 89.0646 88.7842 88.8666 88.5508 87.8499 88.4978 88.3501 87.218 86.9707 
98.049 97.6723 97.3703 97.1844 97.0593 96.6111 96.3514 96.3602 96.0523 98.1442 97.7757 97.4206 97.0349 96.8789 96.5169 96.1963 96.0435 95.7473 97.8775 97.5188 97.4891 97.1167 96.9229 96.4105 96.0855 95.8247 95.6123 97.7183 97.4185 97.1618 96.9342 96.9717 96.6131 96.1019 95.7879 95.6001 97.7751 97.4516 96.9921 96.6397 96.7166 96.5541 96.1367 95.8848 95.643 97.8896 97.6603 97.1091 96.9299 96.6533 96.4506 95.9257 95.8502 95.756 97.7975 97.5163 97.371 97.144 96.9905 96.4811 96.1659 95.9293 95.8326 97.4785 97.3455 97.1908 97.0737 97.0557 96.9054 96.2369 96.1049 96.0367 97.7077 97.3947 97.326 97.144 97.1205 97.0435 96.7226 96.2524 96.2178 
114.858 113.819 113.549 113.071 112.988 112.852 113.455 113.431 113.48 114.956 114.527 114.869 115.257 114.426 114.479 113.185 113.452 114.251 116.893 116.27 115.477 115.536 115.225 113.383 112.941 112.362 112.841 119.591 117.562 115.936 116.715 114.484 114.608 113.911 113.816 113.147 119.133 117.689 117.598 117.121 116.098 114.594 113.178 112.852 113.138 119.499 118.963 119.347 117.931 117.225 116.949 112.872 113.064 112.892 120.039 119.599 119.695 119.251 117.848 117.354 115.436 115.173 114.172 120.885 120.021 119.548 118.471 117.334 118.076 114.458 116.02 115.337 117.321 117.886 118.784 118.654 117.899 118.434 116.703 116.534 116.427 
160.164 159.814 160.909 160.679 162.194 161.796 162.3 163.386 163.178 161.607 160.026 162.853 163.575 163.661 161.907 160.669 161.139 162.543 163.678 161.972 163.307 164.167 163.739 160.465 160.561 161.181 162.661 163.131 163.329 164.081 165.085 164.875 163.222 162.285 163.246 162.512 160.913 162.417 165.305 165.953 165.816 164.215 161.263 160.922 161.858 163.759 163.863 165.656 164.569 164.991 164.113 162.313 161.525 162.468 164.449 163.539 163.43 163.495 162.643 162.347 163.142 164.494 163.223 165.532 163.478 164.031 163.064 161.85 161.606 162.652 163.862 163.282 162.983 162.961 164.412 163.864 162.032 161.427 162.939 163.202 162.565 
170.266 170.093 170.824 171.445 172.879 171.394 171.96 173.419 174.321 171.348 170.493 173.192 173.342 173.395 172.352 171.167 171.879 173.997 173.055 172.354 173.62 174.582 174.719 171.938 171.302 172.286 174.167 173.096 173.755 174.498 175.334 175.099 173.656 172.639 173.975 174.49 171.39 172.805 175.141 175.331 175.4 174.354 171.921 171.699 172.849 174.407 174.293 175.273 174.128 174.386 173.848 173.112 173.041 173.705 175.146 174.2 174.197 173.108 172.285 172.353 173.834 176.079 175.11 175.61 174.107 175.07 174.073 172.578 171.925 173.344 174.493 174.27 173.538 173.785 175.316 174.482 172.513 171.523 173.305 173.806 173.478 
211.535 211.666 212.224 212.251 212.204 213.017 212.919 209.255 206.077 210.025 207.469 209.423 212.103 212.33 212.392 212.531 211.985 208.998 210.325 208.52 210.721 212.632 212.926 213.017 212.399 212.599 212.838 210.484 209.62 211.84 212.901 212.596 212.893 213.119 213.635 213.513 211.071 211.087 210.93 213.448 212.92 213.228 212.618 213.802 214.106 213.307 213.247 212.507 213.666 213.76 213.702 214.326 214.372 212.404 212.972 212.615 213.2 213.582 213.247 213.777 214.015 214.102 210.983 213.397 213.848 213.636 212.495 213.681 213.749 213.845 214.509 214.686 213.574 213.166 211.889 213.236 210.412 213.616 214.452 215.106 214.393 
74.0086 73.8025 73.7969 73.3649 72.927 72.7077 72.962 72.3721 71.1826 73.7587 73.7862 73.4201 73.0444 72.9005 72.8954 72.3989 72.4564 71.2771 73.7118 73.5485 73.4202 72.2841 72.1892 72.2713 71.9543 71.8259 71.7833 75.2589 73.5257 72.2025 71.5368 71.6191 71.7371 70.9276 71.2499 71.1624 74.4456 74.3967 72.6098 72.0775 72.1232 71.8224 71.6506 71.119 71.0281 73.6797 74.0816 73.7319 73.2521 73.0097 71.976 71.9669 71.5031 71.5638 73.7188 73.7477 73.5102 73.4974 73.4573 72.6985 72.4298 71.6241 71.7205 74.3854 74.1422 73.8391 73.3425 73.5048 73.4668 72.8733 71.9431 71.4226 74.449 74.37 74.147 73.7346 72.869 73.3971 73.0891 71.9451 71.3924 
81.5228 80.7904 80.4319 79.7459 78.8011 79.2576 79.6644 78.585 77.8296 81.0154 81.5735 80.4948 80.448 79.6694 80.4929 79.7508 79.6832 79.0059 82.1966 82.2314 81.0872 80.3742 80.0786 80.0069 79.4133 78.6299 78.3035 85.5188 82.8382 80.6772 80.7492 78.9173 79.7682 79.0305 78.7388 78.311 85.5227 83.8711 81.9603 81.2232 80.3848 79.5079 79.2548 78.7953 78.6977 84.3761 84.1169 83.9393 83.026 82.1853 81.6187 78.8969 79.0585 78.4371 84.7351 84.9276 85.0715 84.7037 83.8301 83.0907 81.1792 80.0119 79.4294 85.5076 85.6181 85.0594 84.1679 84.0434 84.7654 81.0669 81.4553 80.8462 83.8753 84.1613 84.2902 84.4313 84.1905 85.1576 82.9356 82.3024 82.2195 
92.9561 92.2076 91.5579 90.9147 90.0111 90.574 90.8788 89.9632 89.8362 92.5938 93.063 91.6706 91.8394 90.8956 92 91.3481 91.1289 91.0885 93.9254 94.0236 92.4493 92.0192 91.9019 91.739 91.3248 90.3575 89.9326 96.9361 94.7299 92.6596 92.8973 90.7931 91.6707 91.2605 90.6907 90.1986 97.6568 95.6509 94.09 93.3996 92.3572 91.464 91.1334 90.6568 90.5923 96.7366 96.2151 95.7462 94.8549 93.9107 93.7714 90.4381 90.7372 89.9059 97.0307 97.1734 97.2645 96.7343 95.6313 95.0401 92.9252 91.8667 90.9935 97.3984 97.6517 96.9661 96.1675 95.6119 96.5317 92.4738 93.4874 92.8276 95.2969 95.8083 95.9498 96.1702 96.2703 97.0149 94.5697 94.2587 94.3404 
121.462 120.457 120.259 120.392 120.708 120.365 120.939 121.334 121.685 121.792 121.43 121.875 122.429 121.593 122.263 121.113 121.541 122.487 123.961 123.66 122.818 123.274 122.993 121.467 121.014 120.705 121.328 126.868 124.877 123.23 124.145 122.056 122.45 121.667 122.006 121.717 126.114 124.879 124.72 124.244 123.386 122.284 121.021 120.534 120.936 126.661 126.236 126.371 125.057 124.488 124.354 120.909 121.157 120.782 127.504 127.192 127.465 126.499 125.055 124.806 123.464 123.878 122.631 128.366 128.05 127.761 126.141 124.801 125.482 122.397 124.176 123.378 124.908 125.485 126.479 126.213 125.348 125.43 124.094 124.297 124.287 
152.683 152.416 152.12 153.784 154.173 152.812 152.424 152.89 153.571 152.462 153.075 152.875 152.526 152.236 153.439 153.379 153.177 154.207 152.957 154.03 154.149 154.94 154.369 154.697 153.57 154.048 155.072 153.613 154.364 154.585 154.058 153.828 153.919 153.217 153.015 154.84 153.423 154.471 153.957 152.783 152.724 153.499 153.511 152.716 152.836 154.889 154.79 154.065 153.451 152.578 152.378 154.741 154.963 154.206 154.88 155.121 155.843 153.418 152.682 152.547 154.566 156.587 155.384 153.827 156.179 156.867 156.105 154.705 153.058 154.043 154.728 154.556 154.876 154.818 154.754 154.621 153.948 151.881 152.797 153.839 153.017 
159.985 160.299 159.697 161.736 162.331 160.585 159.839 160.394 161.524 159.457 160.413 160.388 160.112 160.025 161.264 160.459 160.245 162.02 159.708 160.992 161.353 162.365 162.278 162.719 160.808 161.621 163.131 160.249 161.034 161.363 161.078 160.956 161.233 160.464 161.104 163.4 160.065 161.121 160.581 159.525 159.655 160.854 161.278 160.893 161.394 162.508 162.146 160.919 160.619 159.998 160.037 162.856 163.79 163.409 162.096 162.221 162.887 160.408 160.115 160.026 162.15 164.724 164.009 160.733 163.509 164.082 163.137 162.076 160.256 161.17 162.308 162.416 161.894 161.846 161.857 161.386 160.854 159.294 160.726 161.916 160.973 
53.4943 53.5459 53.734 53.2331 52.7132 52.6649 52.6109 51.8197 50.637 53.482 53.6778 53.5334 53.1736 52.9468 52.9193 52.287 52.1389 50.9383 53.5007 53.5114 53.4805 52.4626 52.3179 52.4299 51.9847 51.6401 51.5844 55.0551 53.5529 52.4737 51.9106 51.8351 51.9724 51.0293 51.2729 51.1668 54.2463 54.3889 52.9303 52.4599 52.3795 51.9949 51.8442 51.2837 51.2498 53.4107 53.9824 54.0132 53.5427 53.3396 52.3599 52.3258 51.8587 51.9574 53.5904 53.8486 53.7039 53.7651 53.8257 53.0957 52.8522 52.0351 52.2154 54.3954 54.2713 54.1378 53.699 53.9021 53.7962 53.3332 52.329 51.887 54.5977 54.4702 54.3662 54.1268 53.289 53.8003 53.5868 52.4493 51.9308 
62.7855 64.5044 64.0681 63.3929 63.2416 63.1948 62.7848 62.5504 62.1237 62.8891 64.3449 63.8389 63.2744 63.2781 63.1116 62.6497 62.2914 62.0653 62.6561 64.103 63.6275 63.0769 62.8915 62.8016 62.4457 62.0357 61.7479 62.3697 63.8029 63.4367 63.1736 63.1256 62.856 62.207 61.9761 61.8617 62.3391 63.7036 63.4439 63.0523 62.5788 62.4121 62.0561 61.6797 61.7305 61.9681 63.4924 63.0942 62.7917 62.5907 62.1847 61.8925 61.5916 61.5657 61.964 63.47 63.0134 62.5498 62.3896 62.0857 61.8272 61.6156 61.5186 62.2267 63.5809 63.1519 62.771 62.4053 62.186 62.2015 61.857 61.7994 62.5722 63.9219 63.2087 62.9103 62.8615 62.6862 62.8235 62.545 62.0376 
86.6757 86.1998 85.8538 85.4081 85.339 86.2834 86.4648 85.8966 85.5411 86.592 87.2099 86.257 86.6479 86.0151 87.5461 86.9371 86.8086 86.4623 87.7753 88.1979 87.0695 87.1197 86.9738 87.0553 86.4842 85.7166 85.3691 90.3847 88.4755 86.9178 87.6617 85.8411 86.8674 86.3641 86.9224 85.9718 90.657 89.0799 88.0841 87.7419 86.992 86.4398 86.4469 86.2078 86.1386 89.8508 89.7716 89.6098 89.1101 88.6926 88.8975 85.7094 85.7592 85.3149 90.6702 90.7198 91.1774 90.9844 90.3131 90.3399 87.8962 86.8249 86.1885 92.0558 92.109 91.3461 90.3418 90.1722 91.4802 87.7828 88.4911 87.9683 89.9196 89.904 90.2116 90.519 90.9134 91.7862 89.5797 89.2501 89.7718 
114.899 114.997 115.34 115.527 117.121 117.693 117.111 118.011 117.217 116.392 116.305 116.17 116.846 116.798 117.657 117.662 117.511 116.456 116.205 116.708 116.882 117.31 117.047 116.95 116.59 116.805 116.723 115.578 115.589 116.168 116.577 116.612 116.622 116.143 119.043 117.772 114.971 115.057 115.605 116.066 116.422 116.594 117.216 117.492 117.094 115.276 115.666 115.675 116.13 117.018 117.374 116.906 116.379 116.749 116.638 115.866 116.584 116.611 117.231 118.519 117.019 116.891 116.935 119.284 118.382 117.524 116.359 116.81 118.174 118.035 117.833 117.468 118.327 116.861 117.163 117.01 117.756 118.049 118.335 117.61 118.588 
139.782 139.413 139.195 140.913 142.118 140.721 140.176 140.956 141.616 139.684 140.024 139.92 140.034 140.193 141.43 141.266 141.403 141.696 139.896 141.327 141.308 142.099 141.89 142.078 141.235 141.795 142.334 140.772 141.472 141.321 141.117 141.167 141.197 140.55 141.56 142.547 140.456 140.837 140.182 139.421 139.884 140.814 141.218 140.618 140.362 141.108 141.08 139.971 139.753 139.677 139.979 141.431 141.432 140.845 141.68 141.858 142.533 140.322 140.106 140.591 141.49 143.029 142.398 141.697 143.062 143.315 142.076 141.153 140.59 141.46 141.564 141.122 142.184 141.766 141.732 141.189 140.745 139.422 139.952 140.273 140.748 
146.75 147.266 147.045 146.98 146.978 146.677 146.088 146.249 145.64 146.736 147.274 147.079 147.28 147.188 146.573 146.07 145.391 145.772 146.358 146.671 147.102 147.343 147.138 146.708 145.861 145.942 146.497 146.078 146.167 146.756 146.817 146.536 146.486 146.361 146.558 146.602 146.174 147.354 147.561 146.928 146.801 146.514 146.658 147.224 147.054 148.119 148 148.309 147.617 147.308 147.034 147.839 148.377 148.39 147.279 146.92 146.941 146.673 146.889 146.931 146.691 147.045 146.476 147.062 148.029 147.373 147.129 147.041 146.347 146.043 146.351 146.301 147.219 147.028 146.767 146.603 146.592 146.865 147.531 147.36 146.009 
21.7412 23.3322 23.2676 23.1681 23.0179 22.8329 22.7341 22.564 22.7282 21.4292 23.2073 22.9933 22.7785 22.7648 22.7489 22.4927 22.4085 22.2947 21.5069 23.1626 22.9346 22.641 22.4643 22.4797 22.477 22.1249 22.234 21.2074 23.0953 22.7459 22.5564 22.3542 22.3169 22.3999 22.2807 22.0795 21.2848 22.9548 22.929 22.4819 22.4523 22.4365 22.3622 22.2176 22.1942 21.2343 22.9927 22.7169 22.74 22.448 22.5601 22.3945 22.1349 22.1372 21.4141 23.0405 22.8028 22.6401 22.5408 22.4641 22.4578 22.2701 22.0536 21.3693 23.1825 22.9307 22.6557 22.3201 22.3556 22.3418 22.1342 22.0176 21.2955 23.0866 22.863 22.6194 22.4978 22.2802 22.4269 22.3049 22.2106 
46.7421 47.9347 47.85 47.3865 47.3881 47.4575 47.2455 47.0435 46.5514 46.7679 47.8766 47.7541 47.5239 47.5532 47.573 47.2338 47.0228 46.714 46.7993 47.8696 47.6728 47.5183 47.4757 47.5088 47.2753 46.9237 46.6324 46.7534 47.8339 47.6396 47.6319 47.6025 47.5895 47.3066 47.0484 46.7839 46.7752 47.7957 47.7051 47.4719 47.3663 47.3768 47.2443 46.9019 46.9318 46.6498 47.7646 47.677 47.5394 47.4556 47.3836 47.2254 46.9311 46.8753 46.8905 47.9264 47.6756 47.5795 47.537 47.3835 47.2497 47.043 46.8892 47.1084 48.0945 47.9567 47.7745 47.541 47.378 47.4139 47.0279 46.9276 47.4815 48.3457 48.0865 47.8389 47.6994 47.5603 47.6348 47.4395 47.1655 
76.8262 78.0973 77.909 77.5892 77.6773 77.8197 77.7793 77.7022 77.5506 76.8599 78.0659 77.819 77.7394 77.7998 77.8649 77.7192 77.6576 77.6695 76.7078 78.0879 77.9209 77.8123 77.7849 77.8937 77.9133 77.6853 77.5229 76.5999 77.9884 77.9142 77.8892 77.8794 77.9673 77.9761 77.8924 77.6314 76.7962 77.9508 77.9029 77.7525 77.9175 78.0666 78.0248 77.7868 77.933 76.8038 77.9362 77.734 77.7864 78.0183 78.1276 77.9887 77.8915 77.8487 76.8879 77.8805 77.7893 77.8358 77.9191 78.1184 78.1801 78.1035 77.9835 77.034 78.1205 77.9322 78.0783 77.8278 78.0997 78.3688 78.1269 77.9365 77.4365 78.5542 78.2836 78.136 78.0786 78.1767 78.4626 78.3969 78.0944 
109.378 109.533 110.003 110.451 112.86 113.722 113.103 113.701 112.888 110.148 110.338 110.928 111.736 112.479 113.652 113.5 113.17 112.257 110.135 111.321 111.702 112.436 112.641 112.772 112.282 112.352 112.355 109.992 110.678 110.838 111.745 111.953 112.196 112.346 115.27 113.606 109.307 109.787 110.02 110.695 111.458 112.144 113.291 113.952 113.237 109.856 110.328 110.151 110.709 111.918 112.794 112.911 112.428 112.743 111.364 110.811 111.214 111.443 112.298 113.663 112.643 112.326 112.615 114.363 113.452 112.314 110.824 111.672 113.04 113.415 113.389 112.921 113.413 111.992 111.879 111.214 111.399 112.397 112.936 112.354 114.111 
132.7 132.584 132.806 133.471 134.386 134.428 134.418 134.371 133.758 132.242 132.448 133.02 133.484 134.451 134.511 134.588 134.477 134.072 132.221 133.152 133.224 133.729 134.254 134.256 134.474 134.237 133.98 132.532 133.417 133.058 133.651 134.018 134.213 134.953 134.544 134.006 132.42 133.028 132.7 133.171 133.999 134.274 134.733 135.326 134.396 132.657 132.576 132.808 132.903 133.468 133.589 134.542 134.842 134.632 133.195 133.521 133.212 132.958 133.34 133.5 133.851 134.24 134.578 133.612 133.699 133.201 132.65 132.784 133.146 134.226 134.698 134.139 133.524 133.727 133.219 132.286 131.467 132.827 133.434 133.097 133.762 
136.31 136.389 136.768 137.566 138.842 138.799 138.489 138.333 137.761 135.64 135.921 137.095 137.73 138.937 138.82 138.43 138.234 138.082 135.749 136.844 137.129 137.795 138.403 138.432 138.075 137.947 137.882 136.29 137.221 136.794 137.435 137.886 138.092 138.471 138.328 138.035 136.22 137.247 136.78 137.033 137.974 138.351 138.604 139.399 138.47 136.764 136.88 136.824 136.649 137.334 137.691 138.706 139.241 138.828 137.176 137.817 137.22 136.629 137.22 137.404 137.889 138.347 138.534 137.736 137.916 137.068 136.25 136.681 137.012 138.338 138.661 138.029 137.919 138.13 137.303 135.988 134.928 136.669 137.339 136.856 137.951 
