2158640
254.047 253.877 253.946 254.104 254.328 254.239 247.321 251.695 250.161 252.919 250.941 250.329 254.304 254.316 251.034 247.025 254.091 251.965 252.717 251.658 252.779 254.147 254.199 252.244 249.959 254.221 254.432 253.126 252.134 253.321 254.289 251.121 254.631 253.274 254.595 254.466 253.742 252.401 252.193 253.944 252.877 254.199 253.923 254.379 252.119 254.445 253.806 249.247 252.346 252.805 254.201 254.791 254.368 250.207 254.046 253.876 254.247 254.204 253.687 254.584 254.196 252.313 249.481 254.781 254.71 254.213 253.216 253.527 253.981 252.772 254.499 253.78 254.252 254.683 249.605 251.899 246.668 254.497 254.096 254.556 254.213 
253.105 253.121 253.246 253.259 253.226 253.406 246.352 250.801 249.407 252.281 250.475 249.795 253.342 253.483 250.392 246.622 253.47 251.433 252.429 251.158 252.457 253.452 253.423 251.12 249.192 253.441 253.452 252.721 251.808 253.136 253.747 250.334 253.437 251.946 253.27 253.12 253.255 252.479 252.107 253.362 251.701 253.323 252.359 253.095 250.814 253.561 253.56 249.511 251.809 251.957 253.422 253.197 253.035 249.558 253.527 253.387 253.563 253.478 253.388 253.591 253.447 251.725 249.378 253.752 253.494 253.371 252.51 253.111 252.833 252.103 253.771 253.771 247.748 247.673 243.326 245.74 240.327 247.755 247.815 247.946 247.952 
237.857 236.927 237.324 237.751 238.205 239.906 241.633 241.866 242.273 237.86 236.775 237.588 237.854 238.465 239.734 241.734 241.917 242.189 237.95 236.882 237.672 238.079 238.777 239.89 241.706 241.991 242.415 238.168 237.074 237.787 238.039 238.785 240.379 242.009 242.15 242.195 238.068 237.025 237.475 237.936 238.669 240.051 241.916 242.197 241.989 238.143 236.802 237.288 237.997 238.812 240.503 241.948 242.193 241.947 237.54 236.501 237.265 237.637 237.822 239.044 240.715 240.907 240.81 237.545 235.96 236.96 237.166 236.863 238.729 240.502 240.602 240.758 195.64 194.296 194.971 195.107 194.79 196.248 198.147 198.511 198.701 
170.391 177.52 184.973 185.49 187.495 191.784 198.846 202.142 203.641 171.434 179.988 185.006 185.491 186.553 191.834 199.071 203.539 203.871 172.335 182.145 185.256 186.095 186.918 193.426 199.166 204.284 205.94 171.886 181.82 182.873 186.301 189.628 197.054 201.751 204.724 205.891 170.306 180.956 183.447 187.866 191.562 198.454 204.726 204.506 206.401 169.847 178.906 183.847 190.179 194.028 197.617 204.208 206.227 208.851 171.935 180.018 186.704 189.816 195.765 197.861 205.558 209.559 207.041 173.461 180.239 187.123 191.397 197.471 198.635 206.246 212.935 212.696 133.145 139.744 141.466 153.609 154.001 159.438 165.255 169.536 170.651 
73.9151 119.999 130.452 139.724 149.02 164.774 180.974 193.376 192.881 74.8938 123.304 130.924 143.255 152.301 165.565 186.452 196.045 196.211 75.0164 124.094 132.987 140.648 153.442 166.712 185.201 197.52 196.319 75.1096 124.092 133.411 141.547 150.304 170.841 185.443 194.895 194.634 74.9948 124.583 132.39 141.411 151.592 166.547 188.636 195.371 195.901 75.2304 124.641 132.591 140.721 150.711 164.747 181.125 197.595 196.394 75.138 124.029 133.018 141.076 149.786 164.039 181.688 193.969 194.448 75.4842 121.676 132.443 141.735 151.27 163.715 182.296 194.324 196.63 74.8432 124.301 131.367 142.421 151.123 166.035 182.213 194.625 194.583 
65.3175 87.4403 91.0521 95.5289 99.854 106.267 111.449 115.829 114.613 64.9915 88.5095 91.4522 97.0193 101.578 106.885 114.384 117 116.204 63.7895 88.0324 91.5803 95.0007 101.416 106.984 113.382 117.162 115.517 62.8527 87.1291 90.9322 94.4217 98.773 107.904 112.513 115.394 114 62.4472 86.4957 89.5231 93.0926 98.1209 104.694 112.983 114.526 113.897 61.8746 85.8887 88.6769 92.1701 97.0565 102.944 108.556 114.471 112.958 61.403 85.1897 88.1735 91.6795 95.9395 101.71 107.669 112.321 111.405 60.7487 83.6457 87.5403 91.9167 96.2818 101.244 107.384 111.129 111.885 60.5873 84.359 86.7748 91.4784 95.9242 102.175 107.455 111.27 110.009 
53.5242 56.2112 56.303 57.984 59.1126 61.0555 61.1776 60.7518 59.9937 52.2788 54.8346 54.944 56.7602 58.278 59.7701 60.5467 59.6146 58.6195 50.9891 53.6867 53.7143 54.4109 57.2258 58.9111 59.3226 58.8467 57.4581 49.7368 52.5396 52.6667 53.289 55.0318 58.0329 58.2852 57.7692 56.6559 48.986 51.4909 51.717 52.2102 53.9892 55.7662 57.3283 56.5293 55.6338 48.2847 50.7998 50.8552 51.7105 53.1321 54.7872 55.2145 55.5981 54.3874 47.7888 50.1765 50.2036 50.7652 52.5187 53.9679 54.2702 54.8786 53.7346 47.5196 49.9073 49.8675 50.7389 52.0064 53.5339 53.8407 53.0116 53.2966 47.0931 49.758 49.7065 50.4521 52.0065 53.2255 53.5627 52.92 51.6532 
36.9515 37.8158 37.4831 37.7536 37.8664 38.4774 38.0986 37.725 37.4122 34.8029 35.7636 35.4181 35.2511 35.8135 35.8849 36.2278 35.3532 35.1515 32.9839 33.8837 33.5547 33.4217 33.5729 34.1599 34.5114 33.8066 32.8501 31.357 32.2038 31.8834 31.7797 31.79 32.0077 32.1663 32.244 31.4934 29.4346 30.526 30.3356 30.1875 30.2802 30.4752 30.3272 30.1281 30.1089 28.2632 28.9788 28.8944 29.0104 29.0346 29.2594 28.9799 28.5401 28.0904 27.0599 28.0017 27.5334 27.6868 28.0374 28.2303 27.8842 27.3361 26.653 26.2528 26.9214 26.662 26.5551 26.9692 27.3362 27.1388 26.3591 25.8039 25.4937 26.3658 25.9363 25.8711 26.0349 26.7143 26.4814 25.9919 25.1105 
13.778 15.3952 15.0315 14.6267 14.2689 13.964 13.7213 13.5908 13.4685 13.6625 15.3426 14.8341 14.4 14.1123 13.9201 13.6795 13.4628 13.0739 13.6294 15.2304 14.7561 14.256 13.9777 13.8598 13.6373 13.491 13.1335 13.602 15.3219 14.7364 14.2 13.8897 13.7517 13.6541 13.5233 13.2331 13.6803 15.2465 14.9048 14.3186 13.8659 13.746 13.6748 13.5697 13.3295 13.7732 15.396 14.8829 14.4559 14.0551 13.8649 13.7362 13.5706 13.4028 13.9338 15.6137 15.0901 14.5333 14.2235 14 13.9113 13.7388 13.5459 14.1086 15.7056 15.3378 14.7452 14.321 14.1886 14.0757 13.9174 13.7869 14.2953 15.9357 15.4305 14.9506 14.5676 14.3239 14.3254 14.1914 14.0202 
9.12954 9.16685 9.64988 10.0409 10.2659 10.2672 10.3402 10.4208 10.6637 8.8584 9.19924 9.44799 9.73715 9.98551 10.1918 10.1548 10.3264 10.2541 9.10058 9.27288 9.43406 9.62016 9.78872 9.8908 10.0901 10.1174 10.2457 8.76153 9.16152 9.23466 9.52317 9.62103 9.73998 10.0114 10.2662 10.2341 9.01509 9.14742 9.40183 9.54258 9.87095 9.97913 10.1055 10.3061 10.3187 9.03788 9.15229 9.31214 9.87921 9.92003 10.2034 10.2715 10.2742 10.2935 9.43219 9.30956 9.62297 9.91636 10.0771 10.2294 10.3533 10.4346 10.2398 9.40995 9.78373 9.76711 9.96999 9.84316 9.93543 10.172 10.1751 10.0723 9.28069 9.46543 9.77551 9.89164 10.0325 9.85076 10.1841 10.2896 10.2834 
250.883 250.756 250.702 250.966 251.203 251.068 244.116 248.701 247.597 249.86 248.405 247.684 251.171 251.072 247.962 244.122 251.118 249.327 249.815 248.93 250.077 250.958 250.853 248.911 246.802 251.183 251.254 250.122 249.466 250.621 251.34 248.072 251.265 249.844 251.338 251.131 250.872 249.819 249.793 250.814 249.45 250.929 250.592 250.986 248.783 251.45 250.943 246.933 249.55 249.766 251.112 251.414 250.922 247.315 251.089 250.896 251.392 251.257 250.889 251.495 251.36 249.399 246.794 251.924 251.694 251.197 250.217 250.577 250.816 249.941 251.602 250.959 251.523 251.52 246.84 248.919 244.048 251.323 251.021 251.532 251.233 
230.998 230.563 231.49 232.577 233.208 232.361 231.581 231.315 232.74 230.498 230.609 231.963 233.261 232.745 231.864 230.844 231.793 232.437 230.01 230.84 231.846 232.958 232.459 233.177 231.668 232.943 233.141 230.09 230.43 230.912 232.496 232.669 233.33 233.307 233.264 233.719 231.178 229.452 230.774 231.349 231.912 231.934 233.625 232.154 233.214 233.031 231.073 230.634 231.967 232.017 232.374 233.913 232.51 231.688 232.224 231.9 233.052 231.619 231.272 233.492 232.959 232.136 231.373 234.241 233.915 232.707 231.293 230.598 233.839 233.715 233.473 231.105 233.373 233.69 232.481 231.392 231.857 232.719 232.293 233.394 232.365 
203.644 206.257 209.371 209.083 208.279 208.437 208.147 207.937 208.066 206.019 207.033 208.71 208.524 208.266 207.68 208.166 209.704 208.983 205.337 206.821 208.254 208.345 206.714 207.902 208.519 210.701 208.827 205.311 206.182 208.189 207.595 208.184 209.943 208.896 209.241 209.37 205.608 207.635 207.903 207.678 207.541 208.567 207.85 210.027 211.108 207.851 208.411 209.718 209.974 210.426 208.324 210.226 211.21 212.732 208.024 207.609 209.754 210.14 210.746 210.134 210.74 212.712 212.069 208.441 207.578 209.997 209.693 210.489 210.894 212.633 214.853 212.841 194.029 192.38 192.422 195.352 195.039 192.008 192.826 196.529 197.718 
177.367 177.746 182.097 180.948 181.12 183.027 186.13 187.465 188.817 177.876 178.51 180.899 180.409 180.471 182.635 185.89 187.659 187.831 178.496 180.65 182.255 181.521 180.982 184.138 186.958 188.545 189.308 179.163 180.424 181.914 182.069 183.958 186.687 188.733 189.803 190.037 179.837 180.259 181.257 183.856 185.593 187.638 189.57 188.604 189.662 179.311 178.187 181.103 184.907 187.304 187.874 190.425 189.445 191.484 181.305 179.838 184.154 185.643 188.892 188.63 192.171 193.41 190.703 182.578 180.91 185.607 188.578 190.395 190.48 193.269 196.164 195.469 181.816 181.466 181.72 189.987 189.142 191.099 192.826 194.348 195.333 
158.56 160.701 166.007 166.575 169.399 173.733 174.753 172.21 172.901 159.264 162.842 166.548 167.889 169.413 171.005 172.344 172.445 172.847 162.311 164.844 168.726 169.887 170.089 172.084 171.878 173.299 175.304 162.095 166.633 168.777 171.925 173.678 174.023 173.197 173.785 175.038 161.418 168.24 172.292 174.779 176.292 176.684 174.422 172.697 174.86 162.203 166.593 171.445 173.139 174.456 173.015 174.127 173.643 172.988 164.752 167.202 169.252 171.055 172.211 172.135 175.619 177.268 172.527 164.48 167.201 169.124 170.608 173.837 174.694 177.236 179.627 179.841 165.558 165.266 166.351 171.455 171.506 173.125 173.816 176.16 177.709 
115.057 117.155 118.07 120.512 121.967 124.349 125.393 126.031 125.698 113.533 115.334 116.407 118.965 121.09 123.11 124.848 124.802 124.628 111.605 113.652 114.821 116.32 119.611 121.996 123.187 123.607 123.222 110.122 111.805 113.262 114.649 116.981 120.439 121.686 121.957 121.698 109.029 110.607 111.435 112.936 115.434 117.632 119.869 120.365 120.189 107.853 109.347 110.193 111.514 113.802 116.349 117.382 118.769 118.662 106.63 108.306 109.037 110.471 112.773 115.053 116.069 117.474 117.208 105.904 107.591 108.241 109.65 111.705 113.773 114.838 115.111 116.186 105.149 106.91 107.957 109.436 111.302 112.856 114.172 114.244 114.126 
79.2084 80.1854 80.0991 80.4894 81.1926 81.9613 81.9851 81.9927 81.5369 76.0198 77.1872 77.1465 77.1769 78.2101 78.5761 79.2468 78.4337 78.4341 72.7753 74.2689 74.334 74.3362 74.8654 75.718 76.2448 75.7882 74.829 70.0994 71.1439 71.2915 71.3407 71.6781 72.272 72.649 72.9365 72.2517 67.2442 68.3712 68.1643 68.434 68.9801 69.3741 69.4916 69.5541 69.7931 64.8848 65.5017 65.5377 65.9582 66.5787 67.1065 66.9896 66.7649 66.5627 62.697 63.4296 63.181 63.8874 64.4622 65.0338 64.8696 64.5326 64.1178 60.8863 61.8332 61.617 62.0027 62.647 63.2024 63.2452 62.8926 62.5025 59.653 60.4832 60.3968 60.4602 61.0134 61.9014 61.8766 61.6684 61.0932 
51.3474 53.4102 53.0195 52.5644 52.1615 51.5749 51.1884 50.9827 50.4302 50.1221 52.1101 51.7096 51.1276 50.7029 50.5083 50.0865 49.701 49.367 49.1142 50.7715 50.2417 49.7513 49.1097 49.1343 48.8976 48.6369 48.4888 48.0292 49.5534 48.9016 48.261 47.8105 47.7629 47.7899 47.7408 47.4205 46.7741 48.3018 47.8035 47.1765 46.805 46.7729 46.9273 46.7863 46.7649 45.6759 47.4941 46.8426 46.5311 46.2047 46.2706 46.2727 45.7906 45.865 45.2068 47.1103 46.3144 46.0048 45.8188 45.7256 45.6211 45.3979 45.2257 45.0155 46.8479 46.0205 45.0824 45.3218 45.4833 45.3659 45.2774 45.2015 44.8699 46.8329 45.9604 45.2918 45.1543 45.1503 45.1903 45.2767 45.1213 
44.4157 46.6974 46.1828 45.3873 45.1879 44.6471 43.8963 43.7116 42.6189 44.4681 46.8009 45.7321 44.8942 45.0873 44.4456 43.7483 43.143 42.7812 44.359 46.347 45.3016 44.172 43.8769 43.6376 43.1137 42.5724 42.2799 43.9032 45.7336 45.1789 44.8889 44.5252 44.1619 42.8314 42.5686 42.7289 43.8183 45.6113 45.4353 44.6529 43.3464 43.0724 42.528 42.1825 42.311 42.7394 44.6942 44.492 44.1651 43.4805 42.7645 42.4524 41.9018 41.7948 42.8683 44.7774 44.452 43.8014 43.4081 42.4105 42.0369 41.3679 41.1569 43.0366 45.0854 44.5615 43.927 43.1825 42.2403 42.1467 41.3928 41.2884 43.6056 45.2218 44.1692 43.4831 43.7109 42.8411 42.9498 42.6019 41.6409 
18.6732 20.3464 20.5187 20.4899 20.4014 20.2596 20.1314 20.1634 20.2444 18.5688 20.44 20.3492 20.2809 20.2503 20.2908 20.1416 20.1585 19.9973 18.8637 20.6008 20.4546 20.2393 20.1645 20.1354 20.1834 20.0869 20.1035 18.6493 20.5998 20.3899 20.2581 20.084 20.1485 20.2813 20.3339 20.153 18.9425 20.6742 20.7288 20.3955 20.4189 20.412 20.4373 20.4611 20.3452 19.0576 20.8232 20.6715 20.8364 20.5976 20.7232 20.6118 20.4978 20.4455 19.5226 21.0506 21.0148 20.9575 20.849 20.8437 20.8785 20.7943 20.4935 19.5464 21.4893 21.2314 21.0605 20.6851 20.6711 20.7917 20.7139 20.4893 19.5109 21.3317 21.2396 21.0097 20.9758 20.6785 20.9663 20.9762 20.8576 
225.798 225.035 224.877 223.009 225.574 225.509 226.036 225.777 224.333 224.911 224.028 226.738 224.524 225.893 223.953 225.971 225.966 223.34 225.121 223.816 226.702 225.626 225.78 225.422 225.72 227.412 224.39 226.312 226.298 228.303 227.24 226.378 225.407 229.138 226.424 224.853 227.228 225.364 226.666 226.09 226.224 226.782 230.123 226.531 225.53 227.177 226.878 225.459 226.922 227.779 227.071 225.641 226.344 225.328 226.392 228.565 227.264 227.671 228.056 227.318 226.679 227.413 224.613 228.058 229.215 226.601 226.838 226.861 226.393 224.296 227.226 224.966 226.81 228.018 226.86 227.589 225.933 225.527 224.475 227.227 228.839 
214.507 216.122 217.288 217.367 216.885 216.708 216.084 215.711 215.513 215.769 216.519 217.172 217.146 217.029 216.58 216.491 217.356 216.706 215.715 215.999 216.93 216.86 216.665 216.566 216.468 217.766 216.353 215.702 216.099 217.33 216.987 217.24 217.518 216.499 216.925 216.801 216.224 216.924 217.352 216.878 216.669 216.868 215.926 217.202 217.85 217.716 217.742 218.416 217.939 218.026 216.695 216.867 217.374 218.113 218.071 217.693 218.329 217.908 217.681 217.332 217.439 218.075 218.272 218.097 217.586 218.001 217.452 217.396 217.811 218.578 219.173 218.287 218.803 217.535 217.568 217.736 217.403 215.928 216.377 218.13 218.808 
195.149 197.771 199.211 199.151 198.585 198.525 197.871 197.932 197.626 197.135 198.073 198.337 198.814 199.13 198.295 198.342 198.799 198.31 196.446 197.419 198.369 198.484 198.382 198.431 198.911 199.826 198.223 196.878 196.957 199.194 198.217 198.973 199.45 198.672 198.766 198.601 197.81 198.307 198.167 198.482 198.657 198.254 197.005 199.311 199.457 199.756 198.93 199.174 198.826 199.855 197.624 198.566 199.453 200.093 200.268 198.916 199.325 199.549 199.556 199.25 198.867 200.662 200.417 200.01 198.929 200.103 200.257 199.544 200.333 200.747 201.968 200.338 200.28 199.557 199.329 199.508 199.973 197.524 197.568 199.935 201.073 
173.898 175.784 179.041 179.279 180.624 183.042 182.784 180.502 180.363 175.889 177.233 179.052 180.112 181.299 181.525 181.786 181.377 181.365 177.381 177.93 180.661 181.51 181.106 181.774 181.589 182.49 182.568 177.407 179.257 181.835 182.631 183.651 183.449 181.791 182.236 182.88 177.606 181.299 183.974 184.634 185.059 184.249 181.627 182.305 183.618 179.631 181.223 184.319 183.982 184.601 181.677 182.686 183.175 182.401 181.355 181.307 182.411 183.529 183.074 182.281 183.734 185.54 182.464 181.046 181.631 182.817 183.261 184.462 184.788 185.92 187.799 186.685 181.66 180.58 181.073 183.154 183.363 181.608 181.267 184.492 186.048 
164.43 165.943 168.622 168.933 171.434 175.4 174.857 172.729 172.645 164.434 166.437 168.053 170.239 172.29 173.293 173.743 172.219 172.598 167.049 167.977 171.32 172.752 173.761 174.117 174.166 173.329 173.878 167.856 170.232 173.926 175.035 176.481 175.181 174.069 174.036 173.921 169.262 172.264 176.018 177.48 178.654 176.583 173.684 172.626 173.202 170.304 171.365 174.971 174.126 175.696 173.814 173.503 172.704 170.822 172.345 172.407 172.767 173.739 173.061 173.249 175.271 175.807 171.725 172.115 172.997 173.327 174.342 174.903 176.174 176.862 177.356 177.017 171.652 171.842 172.342 173.723 174.496 174.759 173.729 175.187 176.24 
135.08 135.688 137.867 138.692 140.936 143.597 143.227 140.98 140.674 134.818 136.197 137.681 139.289 140.8 141.338 141.161 139.981 139.995 136.049 136.396 138.766 140.052 140.931 141.051 140.23 139.876 140.529 135.12 137.098 138.872 140.811 141.841 140.789 139.357 139.179 139.467 134.609 137.772 140.629 141.801 142.47 141.332 138.773 137.898 138.961 134.952 136.632 139.246 139.085 139.626 138.2 137.865 137.491 136.148 135.623 136.244 136.145 137.128 136.673 136.742 137.844 138.274 135.542 134.623 135.72 135.441 135.761 136.711 137.634 138.35 138.569 138.672 135.019 134.07 134.515 135.009 135.423 135.523 135.289 136.398 137.199 
86.4412 86.8565 87.1871 87.4574 87.9627 87.9537 88.0524 87.8891 86.9418 85.3113 85.5837 85.9002 86.1868 86.5146 86.9662 86.9396 86.6563 86.2317 83.9159 84.0958 84.2754 84.7287 84.8107 85.3141 85.3478 85.2032 85.0251 82.5446 82.19 82.4503 82.6768 83.0586 83.5073 83.7192 83.6572 83.4283 80.8407 80.5104 80.5109 81.0655 81.6624 81.9915 82.3587 82.1409 82.3307 78.9248 78.9284 79.1393 79.5962 80.2152 80.8746 81.1141 80.8014 80.9691 77.8384 77.9872 77.9667 78.703 79.1626 79.6884 79.748 79.7894 79.7443 77.3025 77.5054 77.3524 77.2945 78.2007 78.6167 78.9319 79.1483 79.3027 76.9233 77.2132 77.1453 77.3082 77.6388 77.7939 78.019 78.6655 78.7646 
66.3204 66.8793 66.4527 65.8976 66.3235 66.1052 66.0729 66.1463 65.0059 66.0524 66.423 65.6563 65.1316 65.6904 65.5369 65.3465 64.9792 64.7694 65.1929 65.4122 64.7358 64.1542 64.1975 64.3254 64.1886 63.9051 63.6508 64.4319 64.3798 64.1648 64.3064 64.367 64.3103 63.3358 63.3064 63.5186 63.8351 63.7029 63.6549 63.5421 62.7179 62.7157 62.4616 62.2419 62.6836 62.3344 62.4294 62.4097 62.3658 62.302 61.9226 61.8473 61.5384 61.6084 61.8027 61.8854 61.8192 61.7378 61.7641 61.1416 60.9078 60.5015 60.6691 61.6598 61.7902 61.5352 61.48 61.251 60.5499 60.6423 60.1969 60.4714 61.9822 61.7268 61.0441 60.8022 61.2754 60.7129 60.7455 60.7086 60.166 
55.4148 57.4803 56.9043 55.9233 55.6244 55.2457 54.4278 54.1129 53.142 55.8014 57.6095 56.6639 55.8015 55.779 55.1716 54.5317 53.8331 53.5018 55.6741 57.3853 56.3826 55.4644 55.1721 54.9034 54.2496 53.7142 53.2853 55.6757 57.0597 56.5755 56.1304 55.8849 55.5898 54.2712 53.7808 53.8733 55.5272 57.1399 56.847 56.1142 55.0322 54.7589 54.2151 53.6535 53.6778 54.8245 56.5936 56.3554 55.7829 55.3152 54.5668 54.2496 53.7262 53.6441 54.9695 56.768 56.292 55.7566 55.372 54.6024 54.073 53.4819 53.4307 55.3421 57.0679 56.561 55.9377 55.5423 54.7149 54.5914 53.8212 53.8856 56.0527 57.547 56.4949 55.8545 56.0763 55.5053 55.4385 55.0065 54.2662 
52.4828 53.0197 52.9549 52.498 52.5984 52.386 51.8603 51.7955 51.1221 52.8792 53.2305 52.8464 52.4699 52.793 52.4184 52.0219 51.608 51.4215 52.9553 53.1028 52.5901 52.1894 52.1762 51.959 51.6449 51.2697 51.1051 52.605 52.6711 52.6739 52.8222 52.7947 52.5338 51.5471 51.4538 51.6677 52.639 52.7366 52.9711 52.7806 52.0234 51.8654 51.5293 51.3079 51.559 51.973 52.2195 52.4158 52.5422 52.2838 51.7324 51.5687 51.2493 51.3756 52.3457 52.4116 52.4945 52.3612 52.3186 51.7171 51.3568 50.9337 50.9104 52.5999 52.8975 52.7128 52.5568 52.2304 51.591 51.5598 50.9864 51.0032 52.9845 52.9304 52.5042 52.2535 52.6392 52.0896 52.2421 51.9712 51.3285 
222.186 221.724 220.951 217.688 219.811 220.801 222.288 222.138 219.3 221.486 220.383 223.166 219.422 220.995 219.031 223.095 222.545 218.446 222.432 220.166 223.286 221.433 221.557 220.307 222.2 223.694 219.174 223.844 224.138 226.253 223.839 222.365 220.529 225.018 221.307 219.066 224.608 223.893 224.259 222.876 222.416 223.067 225.698 221.9 220.085 223.109 224.983 222.973 223.385 224.113 223.547 220.659 222.189 221.503 222.157 226.379 224.023 224.645 225.486 223.107 222.739 223.713 220.969 222.838 225.095 223.5 223.94 224.084 221.589 219.329 222.566 221.609 222.28 223.765 223.963 225.39 222.005 220.851 220.403 223.41 225.856 
213.204 212.876 212.598 210.622 212.311 212.83 213.569 213.387 211.507 212.803 211.736 213.949 211.434 213.152 211.362 213.585 213.185 210.637 213.939 211.827 214.3 212.983 213.793 212.616 213.283 214.574 211.567 214.802 214.55 216.341 215.088 214.005 212.283 215.574 212.703 211.349 214.691 214.279 214.79 214.223 214.064 214.41 216.209 213.298 212.109 214.278 215.184 213.796 214.429 215.187 214.411 212.017 213.281 212.805 213.995 216.698 214.708 215.279 216.247 214.377 213.731 214.822 212.768 214.411 215.646 214.293 214.929 215.04 213.199 211.679 214.334 213.341 214.006 214.979 214.966 215.703 213.359 213.127 212.934 214.815 216.733 
192.155 194.023 194.464 194.066 193.503 193.146 193.031 192.703 192.065 193.704 194.031 193.833 193.631 193.842 193.166 193.255 193.62 192.812 193.457 193.392 193.651 193.757 193.371 193.153 193.716 194.637 192.985 193.149 192.978 193.836 193.219 193.682 194.202 193.115 193.251 192.699 193.107 194.036 193.591 193.45 193.596 193.364 192.393 194.127 193.785 194.747 194.636 194.605 194.287 194.614 192.86 193.705 194.39 194.687 194.644 194.407 194.702 194.809 194.385 193.986 193.808 194.949 194.768 194.341 194.041 194.942 194.64 194.252 194.391 195.148 195.918 194.148 195.196 194.373 194.528 194.468 194.447 192.134 192.522 194.594 194.599 
177.599 178.207 178.026 177.224 177.503 177.948 178.148 178.94 178.96 177.36 177.627 177.115 177.244 177.911 178.284 178.826 178.243 178.284 176.992 177.688 178.163 178.006 178.486 178.555 179.485 178.918 178.598 177.72 177.741 179.279 178.464 178.833 178.699 179.22 179.221 178.445 179.109 178.13 178.208 178.837 179.106 178.443 178.681 178.706 177.135 179.51 177.896 177.87 177.557 178.784 178.339 178.621 177.376 177.356 179.648 178.683 178.867 178.851 179.03 179.038 178.472 178.643 177.617 179.9 179.44 179.657 180.671 179.196 179.084 179.04 179.59 178.464 179.131 179.721 179.408 179.156 179.373 179.343 178.931 179.183 178.88 
159.409 159.659 161.325 161.867 163.85 166.274 165.924 163.614 164.009 159.415 160.504 161.711 162.966 164.255 164.651 164.555 163.537 164.151 161.364 161.464 163.685 164.644 164.883 164.876 164.204 164.263 165.487 161.3 162.936 164.476 166.035 166.69 165.382 164.181 164.436 164.898 161.238 164.201 166.728 167.398 168.073 166.918 164.813 164.07 164.623 162.471 163.882 166.342 165.758 165.934 164.588 164.459 164.222 162.384 163.397 164.009 163.973 164.596 163.942 163.921 164.995 165.538 162.57 163.121 164.166 163.802 163.978 165.109 165.466 166.147 166.497 166.402 163.774 162.817 163.256 163.684 164.033 163.919 163.716 164.694 165.283 
125.483 125.881 126.427 126.767 127.551 127.983 127.985 128.137 127.978 125.322 125.931 126.453 126.727 127.275 128.053 128.228 128.144 127.989 125.358 126.181 126.562 126.899 127.212 127.688 127.942 127.883 127.663 125.316 125.8 126.133 126.653 127.242 127.21 127.469 127.541 127.202 124.878 125.205 125.757 126.142 127.017 127.242 127.342 127.376 126.888 124.721 124.558 125.012 125.396 126.152 126.83 126.771 126.971 126.621 124.176 124.431 124.53 125.157 125.549 126.098 126.271 126.61 126.234 124.046 124.289 124.14 124.762 125.581 125.367 125.806 126.017 126.495 123.891 123.97 123.875 124.664 124.921 124.772 125.506 125.544 125.555 
93.9305 94.2133 94.3366 94.4797 95.0241 95.2055 95.7269 96.0052 95.9127 93.6846 93.8329 93.712 93.9547 94.2805 94.7041 95.1631 95.3336 95.4246 92.9306 93.1393 93.1416 93.3905 93.8886 94.1873 94.5722 94.7501 94.7739 92.2328 92.4758 92.4896 92.7835 93.2609 93.4235 93.7418 93.9725 93.9598 91.697 91.6851 91.7907 92.1334 92.3642 92.5718 92.9292 93.0895 93.3183 91.0011 90.9472 90.9752 91.3125 91.6311 91.9085 92.1148 92.3522 92.4265 90.3489 90.2289 90.3657 90.8129 90.9878 91.2244 91.3208 91.6112 91.7589 89.813 89.8395 89.9412 90.2845 90.2543 90.3891 90.7632 91.0701 91.0971 89.5272 89.4919 89.6508 89.904 89.8464 89.8509 90.1292 90.4547 90.6043 
74.6412 75.0076 75.0749 75.1543 75.4536 75.6355 75.9116 75.9333 75.7185 74.577 74.5822 74.6655 74.8981 75.0685 75.5064 75.5644 75.6334 75.7256 74.1887 74.1157 74.1241 74.5611 74.8376 75.2672 75.4189 75.2861 75.3892 73.833 73.814 73.897 74.0464 74.4974 74.8554 75.1255 75.0436 75.0634 73.2927 73.3989 73.5043 73.764 74.0915 74.4818 74.7826 74.6583 74.8247 72.8069 73.0898 73.2059 73.4501 73.693 74.0517 74.4211 74.387 74.5519 72.5301 72.6552 72.7577 73.2296 73.399 73.7206 73.9329 74.2383 74.3142 72.3882 72.4932 72.4648 72.7826 73.0762 73.4143 73.7978 73.8982 74.2744 72.5066 72.5832 72.6293 72.8319 73.0357 73.3616 73.6676 73.906 74.0458 
63.2644 63.7428 63.5141 62.8777 62.9562 62.8626 62.5101 62.3455 61.6773 63.8185 64.0075 63.4773 62.9594 63.1675 62.941 62.6242 62.2075 62.0163 63.7694 63.7875 63.2341 62.8221 62.8404 62.7885 62.4286 62.0347 61.7472 63.644 63.5542 63.3476 63.3506 63.4201 63.2248 62.35 62.2091 62.2941 63.5733 63.5977 63.4401 63.2615 62.6405 62.5769 62.3033 62.1042 62.2605 63.0847 63.2601 63.1296 62.9277 62.8739 62.4384 62.327 62.1642 62.1967 63.3341 63.4215 63.2075 62.9511 62.8536 62.4832 62.2643 61.9185 61.9494 63.6912 63.7268 63.5015 63.3371 63.1133 62.6127 62.6021 62.0857 62.2339 64.1409 63.9582 63.491 63.3364 63.5364 63.2234 63.1842 62.8849 62.4407 
66.6876 66.3656 66.6776 66.2005 65.6826 65.724 65.7862 64.8443 63.35 66.7902 66.5797 66.575 66.4133 66.0652 66.1317 65.5078 65.4054 63.7849 66.982 66.6121 66.7166 65.6574 65.677 65.8443 65.3527 64.9953 64.6852 69.1376 66.9256 65.6865 64.9929 65.0061 65.2555 64.2155 64.5082 64.2026 68.386 68.2457 66.4674 65.9784 65.983 65.4456 65.3674 64.6723 64.4299 67.7686 68.1555 68.0577 67.5227 67.2324 65.9359 65.9497 65.508 65.4055 68.2092 67.9586 67.8068 67.912 67.9222 67.0584 66.6769 65.7394 65.8857 69.3068 68.6396 68.2606 67.7945 68.1026 68.0228 67.3865 66.1573 65.4403 69.5795 69.1022 68.8782 68.4139 67.4054 68.1356 67.664 66.1411 65.446 
213.935 212.975 212.523 209.321 211.244 212.29 213.827 213.87 210.967 214.96 213.332 216.125 212.715 214.462 212.205 216.13 215.469 211.474 215.819 213.618 216.385 215.145 215.145 213.81 215.462 216.798 212.164 216.499 217.325 219.535 217.468 215.907 214.02 218.248 214.109 212.28 216.841 216.875 217.452 216.087 215.911 216.386 218.728 214.911 213.635 215.759 218.363 216.298 216.193 217.228 216.894 213.745 215.623 214.51 214.355 219.628 217.535 218.204 219.266 216.78 215.701 216.649 213.909 215.426 217.801 217.005 217.48 217.746 214.865 212.831 216.411 215.431 214.512 216.691 217.489 219.326 215.867 214.808 214.006 216.904 219.747 
190.719 191.659 191.282 190.425 189.82 189.542 189.891 188.083 186.542 190.428 190.668 191.034 190.409 190.085 189.112 189.342 189.385 188.183 189.649 190.37 189.696 190.521 190.58 189.706 188.919 189.127 189.056 188.665 190.461 189.69 190.641 190.207 189.503 188.896 189.079 188.237 187.94 190.372 191.005 191.083 190.705 190.635 189.625 189.385 189.202 188.537 189.963 192.017 192.109 190.963 190.455 189.42 188.026 187.832 189.152 191.217 191.781 192.071 190.793 190.154 190.066 188.097 188.183 189.788 190.921 190.66 190.362 190.283 190.283 190.493 189.417 188.168 189.755 191.447 191.759 190.863 190.285 190.808 190.155 189.587 188.438 
185.356 185.276 184.994 185.177 184.716 184.476 184.104 184.323 183.732 185.276 185.154 185.021 184.993 184.913 184.494 184.068 183.875 183.573 186.008 185.604 185.102 184.87 185.518 185.087 184.547 184.23 184.139 185.256 184.762 184.545 185.033 185.731 185.717 184.671 183.984 183.634 184.651 185.228 185.16 185.256 185.585 185.175 184.709 184.594 184.103 185.625 185.471 185.503 185.639 185.63 185.417 184.618 183.733 184.006 184.785 185.719 185.8 186.223 186.253 185.726 183.899 183.186 183.054 185.693 185.354 185.704 185.412 184.724 184.593 185.021 184.627 183.917 185.743 185.678 186.201 185.428 185.339 185.692 185.115 184.549 183.819 
166.796 166.872 166.921 167.019 167.215 167.14 167.513 167.438 167.49 166.765 166.776 166.737 166.944 167.557 167.379 167.311 167.681 167.332 166.561 166.562 166.97 167.218 167.478 167.239 167.336 167.997 167.884 166.192 166.41 166.751 166.81 167.142 167.4 167.321 167.588 167.386 166.04 166.396 166.81 166.983 167.091 167.356 167.605 168.022 167.626 166.298 166.519 167.067 167.079 167.233 167.705 167.899 167.903 167.35 165.859 166.532 167.144 167.505 167.59 167.682 167.775 167.583 167.174 166.376 166.797 167.091 167.341 167.598 167.651 167.819 167.576 167.14 166.586 166.958 167.266 167.344 167.65 167.56 167.628 167.817 167.335 
139.741 140.477 141.458 142.008 143.041 143.471 143.947 145.271 145.616 139.794 140.909 141.684 142.635 143.126 144.088 144.491 144.641 144.526 140.914 141.468 142.244 143.529 143.888 143.953 145.034 145.184 144.822 142 142.15 141.827 143.86 144.109 143.557 144.991 145.359 145.452 141.841 141.579 141.705 142.838 143.511 144.22 144.388 144.638 144.802 140.337 141.048 141.617 142.353 142.949 144.238 144.408 144.387 144.126 139.827 140.755 141.59 142.011 142.627 143.863 144.498 144.982 144.623 139.873 140.771 140.783 141.529 142.028 142.864 144.814 144.984 145.235 139.262 139.765 139.967 140.533 141.461 142.472 144.262 143.701 144.224 
120.893 121.065 121.659 122.623 122.874 123.203 123.306 123.519 123.763 120.714 121.38 121.683 122.195 122.619 122.701 122.698 123.085 123.365 120.453 121.155 121.491 121.858 122.556 122.432 122.719 122.921 123.735 120.068 120.205 120.677 121.523 122.011 121.954 122.732 123.217 123.593 119.262 119.411 120.465 121.061 121.645 122.008 122.421 122.824 123.107 119.833 119.674 120.565 121.218 121.94 122.669 122.986 123.019 123.369 119.411 119.448 120.006 120.664 121.899 122.64 122.954 123.456 123.339 119.149 119.425 119.765 120.682 121.741 122.521 122.962 123.744 124.001 118.721 119.12 119.918 120.596 121.667 122.35 122.624 122.78 123.32 
104.409 104.924 105.25 105.382 105.743 105.986 106.062 105.944 105.674 104.467 104.728 104.975 105.425 105.664 106.349 106.472 105.943 106.053 104.637 104.908 104.734 104.806 105.417 106.174 106.174 105.899 105.884 104.513 104.606 104.498 104.296 104.783 104.915 105.817 105.323 105.392 103.596 103.737 104.028 104.429 104.304 104.695 105.78 105.102 105.154 103.138 103.129 103.436 103.785 103.801 104.225 104.978 105.165 104.823 102.824 102.345 102.532 103.09 103.506 104.008 104.442 104.727 104.625 102.359 102.374 102.5 102.762 103.124 103.441 103.926 104.171 104.4 102.224 102.348 102.697 102.68 103.156 103.08 103.597 103.786 103.737 
88.9522 89.3492 89.3579 89.4937 89.7933 90.0771 90.4249 90.427 90.5066 88.8427 89.0189 88.9965 89.2131 89.4646 89.8003 90.0757 90.1235 90.4003 88.5263 88.6584 88.7673 89.1142 89.3831 89.5531 89.717 89.8636 90.0178 88.1654 88.4486 88.5777 88.7836 89.1844 89.3246 89.3253 89.5132 89.7188 87.9968 88.0395 88.0977 88.3066 88.5982 88.8546 89.0014 89.1738 89.3494 87.6733 87.8124 87.8235 87.9447 88.2011 88.3996 88.6018 88.8933 89.0816 87.422 87.4441 87.5757 87.7799 88.0057 88.2251 88.4249 88.657 88.9289 87.0314 87.0807 87.2388 87.5747 87.7384 87.9516 88.1978 88.311 88.6209 86.9948 86.9943 87.2661 87.5565 87.7646 87.8553 88.1072 88.2344 88.4365 
73.4975 73.0523 73.3047 72.8946 72.4499 72.469 72.5588 71.5993 70.0934 73.5108 73.1924 73.058 73.032 72.7367 72.8818 72.1504 72.1188 70.5536 73.6479 73.2597 73.2521 72.2142 72.264 72.5113 72.0214 71.6777 71.4445 75.7329 73.5184 72.1227 71.4341 71.5347 71.9292 70.8586 71.1422 70.9532 74.802 74.7076 72.7816 72.3302 72.4023 72.0927 71.9715 71.3085 71.134 73.95 74.3632 74.2528 73.6833 73.4692 72.2519 72.4338 72.0265 71.9792 74.1267 73.9248 73.8676 74.0087 74.0529 73.2236 72.9734 72.126 72.3954 75.0877 74.482 74.1039 73.7552 74.0738 74.0947 73.6497 72.4271 71.9219 75.4506 74.9141 74.7535 74.3253 73.3926 74.1587 73.9367 72.5097 71.851 
71.0066 70.6629 70.8937 70.4022 69.8279 69.7922 69.8193 68.829 67.1786 71.0938 70.9202 70.7839 70.6038 70.2079 70.2483 69.5999 69.4429 67.6957 71.2876 70.9969 71.0292 69.7438 69.6861 69.8127 69.33 69.0118 68.6062 73.5223 71.2228 69.8406 69.0614 68.9368 69.0799 68.0671 68.5232 68.1364 72.7994 72.5626 70.5871 70.0194 69.9383 69.3172 69.2847 68.6429 68.3865 72.1679 72.4442 72.2335 71.5968 71.3112 69.9433 69.8783 69.4247 69.3297 72.6006 72.2907 72.0618 72.0593 72.1096 71.1722 70.772 69.6882 69.8317 73.713 73.048 72.6296 72.0402 72.3138 72.1678 71.4843 70.1435 69.2849 74.0229 73.4965 73.2889 72.7587 71.5467 72.1943 71.7156 70.1499 69.3478 
164.105 165.683 165.486 163.849 163.531 163.249 163.673 161.46 159.779 176.095 176.766 177.647 176.986 176.172 175.096 175.84 175.614 173.795 174.586 176.448 175.956 177.264 176.52 175.853 175.043 175.15 175.463 174.287 176.983 176.285 177.461 176.102 175.098 175.399 175.698 174.568 174.3 176.896 177.887 178.262 177.005 177.452 176.319 176.012 175.373 174.017 176.284 179.213 179.456 177.77 176.875 175.798 174.035 173.505 175.836 177.731 178.305 178.962 177.328 176.666 176.674 174.507 174.512 176.466 178.209 177.048 177.134 177.286 177.062 176.419 175.588 174.557 176.146 178.267 177.9 176.812 176.404 176.702 175.542 175.092 174.302 
168.085 168.28 168.618 167.864 169.379 167.937 168.378 169.489 168.723 169.47 167.698 171.157 171.23 171.008 168.534 166.949 167.495 168.577 170.433 169.261 169.919 171.247 171.02 166.956 166.558 167.188 168.739 169.741 170.65 170.923 172.196 171.474 169.539 168.718 169.993 168.973 167.481 169.148 172.211 172.686 172.135 170.806 167.807 167.777 168.653 170.412 170.53 172.92 171.692 171.417 170.627 168.666 167.568 169.152 171.137 170.502 170.632 170.598 168.973 168.905 169.154 170.059 169.915 172.371 170.119 170.624 169.518 167.802 167.835 168.51 169.174 168.529 168.804 169.803 171.453 170.341 168.313 168.036 168.853 168.645 168.046 
169.502 171.003 170.792 169.894 169.529 169.353 169.661 168.28 166.858 168.886 169.92 170.354 170.012 169.818 168.92 169.077 169.143 167.671 168.025 169.396 169.016 169.928 170.003 169.24 168.847 168.935 168.605 167.552 169.21 169.016 169.787 169.407 168.941 168.868 168.944 167.625 167.589 169.219 170.033 170.518 169.851 169.963 169.153 169.12 168.182 167.719 168.772 170.863 171.25 170.055 169.822 169.304 167.967 166.965 168.133 169.394 170.009 170.785 169.576 169.367 169.661 167.971 167.588 168.926 169.773 169.106 169.336 169.489 169.717 169.398 168.405 167.435 168.798 169.887 169.781 169.385 169.104 169.374 168.535 168.113 167.285 
147.747 148.358 149.257 149.896 150.539 150.616 150.809 152.066 152.1 147.771 148.876 149.472 150.219 150.578 151.07 151.52 151.752 151.084 148.623 149.118 149.864 150.857 151.442 151.117 152.197 152.243 151.56 149.446 149.507 149.403 151.113 151.414 151.074 152.165 152.26 151.986 149.768 149.558 149.544 150.72 150.944 151.392 151.66 151.784 151.847 148.397 149.204 149.776 150.617 150.592 151.541 151.944 151.722 151.357 147.716 148.645 149.608 150.355 150.483 151.273 151.797 151.796 151.462 148.317 148.73 148.825 149.773 150.005 150.706 151.924 151.702 151.778 147.941 148.211 148.398 148.812 149.439 150.33 151.491 151 151.264 
133.906 133.917 135.094 137.306 139.94 140.303 140.118 140.441 139.487 132.959 133.417 135.631 137.216 139.506 140.396 140.014 139.857 139.237 133.471 134.801 135.672 137.737 138.852 139.184 139.609 139.565 139.139 134.293 135.572 134.628 136.987 137.982 138.446 140.475 140.48 140.2 133.652 134.326 133.988 135.832 137.237 138.725 139.675 141.314 140.397 132.814 133.105 133.896 135.048 135.969 137.491 139.986 140.492 140.386 133.902 135.032 135.013 134.732 135.716 136.614 138.361 139.422 140.075 134.833 135.347 134.218 133.455 134.053 135.686 139.274 140.643 140.227 133.962 135.062 133.914 132.035 130.879 134.521 137.257 136.689 139.396 
122.795 123.442 124.533 125.183 125.847 126.029 125.918 126.653 126.478 123.133 124.288 124.732 125.794 126.009 127.074 127.088 126.479 125.828 124.549 125.042 125.28 126.058 126.405 126.782 127.563 127.134 126.547 125.388 125.278 124.552 126.167 126.191 125.618 127.207 127.08 127.123 124.574 124.025 124.067 125.557 125.547 126.112 126.696 126.197 126.547 123.103 123.358 123.904 125.155 125.128 126.34 126.677 126.233 125.756 122.571 122.576 123.193 123.764 124.629 125.792 126.471 126.333 125.877 122.152 122.422 122.371 123.218 123.721 124.515 126.123 126.201 126.37 121.375 121.599 121.952 122.192 123.162 123.974 125.635 125.047 125.403 
109.645 109.748 110.33 110.392 110.14 110.537 110.724 109.792 109.366 109.176 109.78 109.759 110.162 110.363 110.604 110.812 110.128 109.505 109.365 110.434 109.912 109.211 109.92 110.404 110.561 109.766 109.165 109.825 109.853 109.49 109.267 109.002 109.274 110.289 109.289 109.626 110.44 109.71 109.044 109.043 109.524 109.939 110.215 109.67 110.315 109.941 109.339 109.938 109.636 109.493 110.178 110.17 110.327 110.749 109.297 108.953 109.68 109.372 109.363 109.918 109.768 109.292 109.326 108.631 109.224 109.371 109.054 109.142 109.511 109.943 109.664 109.323 108.146 108.667 109.203 108.978 108.891 109.434 109.712 108.985 109.223 
97.3564 97.5383 97.6329 97.7659 97.9223 97.8716 97.7381 97.4108 97.1918 97.4501 97.4936 97.6726 98.1294 98.2498 98.4527 98.1165 97.4705 97.4695 97.809 97.8893 97.7527 97.7947 98.0635 98.3274 98.1376 97.6325 97.4753 97.7026 97.73 97.4884 97.3367 97.5257 97.4647 97.9454 97.1733 97.1804 96.9741 96.8752 97.0481 97.3026 97.1375 97.2614 97.8533 97.1554 97.3439 96.7569 96.5891 96.7358 96.9031 96.648 96.7574 97.1269 97.1825 97.1009 96.5549 96.0708 96.1383 96.3151 96.5011 96.5921 96.6516 96.809 96.7368 96.2043 96.183 95.9941 96.0872 96.409 96.4833 96.5463 96.5779 96.7175 96.2881 96.1591 96.1184 96.1306 96.6282 96.4112 96.6996 96.7048 96.4707 
85.144 85.0331 84.8124 84.5949 84.3935 83.9587 83.4577 83.0984 82.8725 85.6969 85.4235 85.1026 84.6529 84.26 83.9832 83.5989 83.135 82.783 85.6821 85.56 85.1634 84.746 84.2391 83.9373 83.6012 83.2492 82.8505 85.5487 85.3208 84.9972 84.5669 84.365 84.0204 83.7075 83.502 83.2548 85.7863 85.4699 84.9959 84.6195 84.5226 84.2915 83.8678 83.9854 83.8697 85.8595 85.7139 85.2776 84.9843 84.9434 84.6571 84.2562 84.3818 84.4172 85.6667 85.6873 85.6585 85.2226 85.1983 85.0938 84.8521 84.8373 84.6396 85.4089 85.5471 85.5527 85.3781 85.529 85.3068 85.205 84.9473 84.7633 85.8566 85.7069 85.6427 85.8105 85.7346 85.4297 85.34 84.9532 84.8887 
74.9747 74.509 74.6207 74.088 73.5801 73.5962 73.6527 72.6807 71.1808 74.9818 74.7388 74.5156 74.3529 74.0474 74.118 73.4553 73.3656 71.7536 75.2273 74.9128 74.883 73.5444 73.5209 73.7437 73.2839 73.0087 72.7335 77.6687 75.2573 73.8102 72.985 72.9417 73.2292 72.3045 72.6329 72.2798 77.0539 76.7946 74.6529 73.9985 74.0387 73.6167 73.5615 72.822 72.5877 76.4277 76.6003 76.319 75.6538 75.4342 74.1758 74.178 73.6751 73.5102 76.7083 76.3406 76.1851 76.239 76.2625 75.3413 74.8999 73.9104 74.0161 77.7555 77.0747 76.6296 76.1421 76.3959 76.2761 75.6376 74.3082 73.5335 77.9937 77.4631 77.1906 76.6859 75.5913 76.2854 75.8775 74.3699 73.5957 
156.765 156.991 157.586 157.529 159.667 158.228 158.45 160.54 160.633 160.427 158.56 162.325 163.06 162.953 161.002 159.135 159.869 161.703 162.513 160.535 161.826 163.115 162.742 159.073 159.105 160.007 161.76 162.318 162.191 162.879 163.749 163.534 162.139 161.549 162.854 162.593 160.467 160.778 163.499 164.198 163.958 163.055 160.747 161.083 162.347 163.308 162.977 164.131 162.707 163.66 163.797 162.054 161.887 163.916 164.037 162.896 162.501 162.153 161.77 162.388 162.119 164.559 164.659 164.473 161.927 162.859 161.859 160.394 160.527 161.014 162.676 162.807 160.41 160.816 163.135 162.652 161.048 160.439 161.295 161.725 162.024 
161.505 161.73 162.003 161.662 163.47 162.042 162.024 163.525 162.726 162.667 161.036 164.488 164.847 164.617 162.268 160.204 160.143 162.137 163.762 162.368 163.695 165.061 164.592 160.366 159.784 160.615 162.772 163.034 163.628 164.366 165.582 164.572 162.62 162.404 164.217 163.32 160.479 162.556 165.807 166.116 165.13 163.626 161.231 161.985 162.906 165.168 164.918 167.093 165.435 165.147 164.247 163.332 163.091 165.059 165.226 163.525 163.482 163.371 162.188 162.267 162.823 164.448 163.878 166.322 164.581 164.297 162.83 160.867 160.203 160.873 162.784 162.605 162.647 162.943 164.209 163.032 160.583 160.354 162.904 163.448 161.712 
159.854 159.726 160.006 159.894 161.706 160.102 160.139 162.08 161.848 161.263 159.436 162.77 163.191 162.995 160.469 158.54 159.127 160.661 163.286 161.402 162.146 163.124 162.884 158.667 158.627 158.996 160.391 162.963 162.699 163.127 163.793 163.429 161.735 160.824 161.626 160.858 161.152 161.384 163.839 164.219 163.953 162.414 159.609 159.58 160.384 164.105 163.507 164.477 162.965 163.275 162.75 160.958 160.575 162.238 164.299 162.926 162.449 162.05 161.008 161.37 161.262 163.22 162.913 165.099 162.208 163.052 162.214 159.9 159.922 160.23 161.424 161.179 161.212 161.31 163.425 162.832 160.609 159.805 160.781 160.687 160.454 
140.16 139.835 140.565 142.125 144.089 144.102 143.684 143.07 142.012 139.371 139.061 140.791 141.864 143.557 143.623 143.394 143.15 142.477 139.446 140.345 140.558 141.838 142.728 142.808 142.617 142.447 141.768 139.678 140.835 140.094 140.999 141.757 142.228 143.121 142.578 142.128 139.47 140.257 139.612 140.369 141.461 142.148 142.685 144.076 142.707 139.51 139.387 139.31 139.655 140.302 140.613 142.906 143.537 143.144 140.613 141.129 140.303 139.964 140.104 140.202 141.468 142.426 143.066 141.405 141.451 140.245 139.029 138.903 139.697 141.99 143.18 142.753 140.811 141.683 140.445 138.172 136.103 138.763 140.413 140.037 142.152 
131.305 131.211 132.432 134.437 137.168 137.306 137.161 137.442 136.413 130.348 130.572 132.944 134.473 136.498 137.328 137.057 136.696 136.28 131.17 132.236 132.9 134.896 135.795 136.206 136.752 136.382 135.857 132.108 133.531 132.275 134.471 135.254 135.527 137.588 137.283 136.988 131.606 132.366 131.46 133.257 134.573 135.843 136.852 138.445 137.387 130.879 131.286 131.535 132.241 133.092 134.097 136.831 137.623 137.654 132.253 133.082 132.556 131.977 132.603 133.293 135.058 136.463 137.553 133.111 133.411 131.949 130.679 130.873 132.381 136.197 137.836 137.498 132.146 132.897 131.543 129.298 127.389 131.189 134.209 133.608 136.546 
122.24 121.844 122.797 124.455 126.508 126.908 126.854 126.064 124.818 121.064 121.134 123.024 124.05 126.024 126.686 126.329 125.789 125.196 121.295 122.755 122.777 123.622 124.927 125.692 125.593 124.819 124.441 122.025 123.226 122.091 123.422 123.993 124.908 126.65 125.715 125.728 122.24 122.741 121.509 122.729 124.289 125.564 126.311 127.742 126.949 122.326 121.981 122.411 122.515 123.11 124.206 126.56 127.415 127.931 123.388 123.984 123.67 122.709 122.785 123.206 124.636 125.651 126.723 124.021 124.531 123.253 121.522 121.465 122.805 125.917 127.405 126.833 123.065 124.092 122.969 120.387 118.026 121.904 124.043 123.276 126.215 
111.184 111.138 111.835 111.635 111.237 111.437 111.424 110.524 110.049 110.912 111.449 111.38 111.792 111.736 111.976 111.937 111.114 110.452 111.381 112.474 111.741 110.71 111.445 111.899 112.065 110.864 110.222 112.189 112.197 111.614 111.056 110.519 110.674 112.059 110.751 111.242 113.038 112.144 111.265 111.196 111.569 111.946 112.498 111.749 112.658 112.765 111.953 112.404 111.951 111.634 112.546 112.665 112.908 113.315 112.382 111.656 112.329 111.888 111.65 112.404 112.422 111.892 111.784 111.794 112.442 112.471 111.7 111.507 112.171 112.782 112.521 112.045 111.384 111.779 112.267 111.806 111.417 112.138 112.613 111.909 112.031 
103.02 102.755 103.02 102.853 102.378 102.258 102.184 101.479 101.239 103.091 103.116 102.612 102.584 102.294 102.176 102.15 101.695 101.052 102.846 103.479 102.811 101.917 101.99 101.978 102.148 101.283 100.627 103.224 103.162 102.773 102.237 101.785 101.794 102.213 101.397 101.564 104.602 103.672 102.571 102.207 102.775 102.871 102.43 102.359 102.848 104.369 103.762 103.759 103.21 103.081 103.492 103 103.224 103.673 103.867 103.778 104.393 103.629 103.297 103.632 103.356 102.848 102.747 103.255 103.925 104.151 103.638 103.422 103.665 103.763 103.312 102.906 103.436 103.613 103.967 103.788 103.272 103.722 103.685 102.627 103.062 
88.6641 87.8182 87.1494 86.4532 85.477 85.7668 86.0289 85.0466 85.0559 88.5258 88.9248 87.4226 87.4073 86.2507 87.253 86.4447 86.2753 86.1758 89.9498 89.8709 88.1137 87.6111 87.188 87.0387 86.5383 85.4966 85.0912 93.0624 90.5984 88.3122 88.4633 86.1987 87.2106 86.8971 86.27 85.6386 93.7948 91.6939 89.957 89.0759 88.0133 87.1665 86.8459 86.6444 86.4616 92.9902 92.4519 91.9118 90.989 89.9785 89.8819 86.5066 86.8946 86.0642 93.3834 93.5035 93.7503 93.1339 91.9612 91.5538 89.2869 88.1319 87.1232 93.6853 94.0457 93.4372 92.5218 92.1301 93.1342 88.9729 89.8953 89.1772 91.8242 92.1798 92.2155 92.5139 92.5908 93.4215 90.7911 90.5412 90.724 
83.0266 82.8118 82.4799 81.9697 81.776 81.4039 81.0137 80.9578 81.0272 83.5706 83.2886 82.7653 82.153 81.6394 81.4163 81.2197 80.9878 80.8978 83.6005 83.2732 82.8049 82.2496 81.7204 81.548 81.3716 81.1021 81.0038 83.7495 83.4085 82.8617 82.2448 82.0936 81.859 81.9028 81.7786 81.6253 84.4686 84.0525 83.38 82.8518 82.778 82.6059 82.4057 82.5178 82.3828 84.9941 84.6863 84.1062 83.9903 83.86 83.5799 83.216 83.1894 83.1671 85.1118 84.9766 84.954 84.6085 84.5428 84.581 84.2907 84.0375 83.747 85.2301 85.2579 85.1927 85.1044 84.9822 84.9561 84.8744 84.5177 84.1787 85.9145 85.6479 85.462 85.4962 85.1916 84.9782 84.8567 84.4414 84.4324 
155.536 156.776 156.677 156.533 157.231 157.417 156.147 156.665 156.06 155.39 156.186 156.347 156.587 156.493 156.964 155.924 154.321 156.162 154.76 154.932 156.325 157.012 156.942 156.986 155.665 156.004 158.111 153.635 154.281 155.733 156.382 155.692 156.125 157.413 158.944 159.001 153.319 155.619 156.642 156.731 155.792 156.187 158.042 159.726 160.089 157.512 157.467 158.469 158.316 157.614 157.777 160.381 161.764 162.956 156.104 154.995 155.675 156.408 156.912 157.145 157.604 158.526 158.434 156.226 158.203 156.975 156.436 156.882 155.75 155.481 157.852 158.848 155.59 154.93 154.646 154.535 154.599 155.817 158.91 160.285 157.993 
157.224 156.501 156.676 158.03 160.054 157.321 157.281 159.746 160.327 158.3 156.624 159.919 160.198 159.952 158.531 156.391 157.012 159.713 159.927 158.967 160.234 161.571 160.868 157.275 156.64 157.775 160.066 159.851 160.276 161.096 161.599 160.745 159.296 158.421 159.802 160.432 157.212 158.742 161.319 160.855 160.344 159.435 157.158 156.958 158.202 161.31 160.89 161.596 159.798 159.798 159.292 159.358 159.253 160.608 161.587 160.206 160.379 158.602 157.364 157.541 159.578 162.613 161.595 161.811 160.628 161.523 160.272 157.12 156.097 157.911 159.592 159.39 158.885 159.195 160.67 159.618 156.947 155.362 158.09 158.884 157.803 
156.016 156.824 155.872 154.923 154.132 152.882 150.692 149.903 149 156.262 156.421 156.15 155.145 153.66 151.803 149.65 147.567 148.641 155.913 155.648 155.788 155.401 153.263 152.018 148.64 148.555 150.031 155.15 155.036 155.357 154.476 152.26 151.309 149.994 150.631 150.61 154.935 157.079 157.052 154.827 152.83 151.53 151.147 151.863 151.028 159.297 158.903 158.586 156.452 154.79 152.878 153.381 154.195 153.861 157.701 156.249 155.162 153.847 153.514 152.401 151.101 151.27 149.816 157.525 158.62 156.643 155.338 154.025 151.131 149.404 150.377 149.952 157.64 156.074 154.888 153.89 151.872 151.748 152.813 152.461 149.759 
145.374 144.499 143.451 142.447 140.006 137.912 136.283 134.589 134.006 145.643 144.303 143.125 142.391 139.823 136.498 135.967 135.735 135.134 145.945 144.71 143.281 142.391 139.769 137.836 135.951 135.739 134.571 145.979 144.923 144.243 141.752 139.476 137.191 135.892 134.502 133.824 146.464 145.559 144.169 141.454 139.453 137.401 136.168 135.346 133.626 146.486 145.268 143.588 141.904 140.387 137.036 136.186 135.437 134.314 145.744 144.45 142.522 142.113 140.096 138.077 136.829 136.009 134.813 145.079 144.158 143.667 143.15 139.644 138.133 136.53 135.462 134.704 145.271 144.471 143.677 142.129 138.871 137.609 136.348 135.356 134.665 
130.021 129.47 129.68 130.62 132.141 131.901 131.514 131.171 130.283 129.728 129.38 130.815 131.053 132.092 132.178 131.679 130.995 130.481 129.889 130.759 130.942 131.55 131.689 131.732 131.168 130.548 130.041 130.46 131.728 130.731 131.607 131.925 131.797 132.316 131.511 130.992 130.134 131.226 130.413 131.341 132.183 132.45 132.673 133.674 132.039 130.149 130.481 130.569 130.518 130.875 131.124 133.062 133.444 132.986 131.464 132.176 131.691 130.941 130.859 130.78 131.742 132.428 133.057 132.374 132.321 131.566 129.955 129.83 130.422 132.673 133.842 133.026 131.654 132.363 131.279 129.13 127.071 129.833 131.319 131.02 132.954 
117.372 117.121 117.233 117.25 117.39 117.566 117.309 117.944 118.501 117.19 117.592 118.325 118.179 117.607 117.402 117.61 118.144 119.106 117.392 117.926 118.91 118.709 118.189 117.649 117.936 118.575 119.924 118.186 118.18 118.646 118.75 118.417 118.027 118.74 119.996 121.293 117.928 118.052 118.355 118.698 118.85 119.106 120.394 121.672 122.972 118.336 118.732 118.908 118.893 119.508 120.635 121.922 123.313 124.003 119.219 119.109 119.255 119.474 120.301 121.732 123.064 123.969 123.853 118.96 119.706 120.145 120.221 120.892 122.848 124.041 124.517 124.503 119.139 119.531 120.584 121.025 121.914 123.094 124.113 124.878 125.525 
110.224 110.29 111.106 111.504 113.589 114.499 113.809 114.745 114.004 111.701 111.973 112.095 113.073 113.181 114.482 114.532 114.333 113.041 111.686 112.821 113.236 113.577 113.565 113.648 113.137 113.23 113.318 111.538 111.588 112.297 113.051 112.881 113.099 113.033 116.825 115.6 111.338 111.287 111.571 112.157 113.095 113.75 114.804 115.385 115.426 111.894 112.371 112.552 112.946 114.031 115.379 114.952 114.442 115.256 113.456 112.51 113.867 113.949 114.589 116.648 115.097 114.588 114.774 116.906 116.199 115.249 113.291 114.241 116.343 116.386 116.114 115.826 115.447 113.876 114.57 114.11 115.009 116.06 116.482 115.441 117.522 
97.5572 96.7969 96.1863 95.6204 94.8523 95.3115 95.4479 94.6693 94.7717 97.0463 97.8439 96.7197 96.6861 95.6757 96.5986 95.9903 95.913 96.1144 98.1728 98.6017 97.4667 97.1438 96.6278 96.2952 95.9611 95.1916 95.3825 101.428 99.2488 97.3921 97.9097 95.5917 96.4883 96.3342 96.1918 96.2672 101.883 99.8933 98.5468 97.9944 97.1315 96.4802 96.6627 96.7563 97.1735 101.047 100.486 100.156 99.3265 98.6977 99.3162 96.4104 97.2963 96.7822 101.688 101.483 101.74 101.467 100.723 100.712 99.0726 98.6746 97.8273 101.94 102.494 101.977 101.082 101.085 102.774 99.0423 100.436 99.8917 99.907 100.481 101.008 101.399 101.875 103.312 101.269 101.329 101.717 
91.7929 90.9605 90.3111 89.774 88.7875 88.9983 89.3621 88.5396 88.5528 91.5893 92.0432 90.5731 90.5458 89.4002 90.4455 89.8436 89.7598 89.7601 92.827 92.8502 91.1804 90.7706 90.3498 90.2184 89.8114 88.8396 88.6063 96.0058 93.5885 91.3382 91.5943 89.3443 90.4154 90.0899 89.5219 89.066 96.8567 94.7681 93.0888 92.1592 91.0816 90.2507 89.9973 89.9094 89.7707 96.0543 95.5875 95.1333 94.1548 93.1274 93.1507 89.615 90.1196 89.3281 96.4272 96.6395 96.908 96.3208 95.1641 94.8086 92.5479 91.4203 90.535 96.6617 97.1358 96.6153 95.7779 95.4391 96.4933 92.0913 93.1379 92.5191 94.7462 95.1963 95.4321 95.8874 96.0136 96.8873 94.0691 93.7948 94.0883 
88.7268 88.0045 87.4026 86.7897 85.8689 86.5775 87.0789 86.2404 86.1743 88.1586 88.9098 87.6911 87.8963 86.9731 88.1505 87.7125 87.8023 87.7532 89.841 90.0168 88.567 88.3271 88.1703 88.1586 87.8916 87.1107 86.7815 93.3363 91.0194 88.9086 89.4127 87.2316 88.3985 88.1868 87.7186 87.2407 94.2103 92.247 90.712 89.9798 89.0517 88.3383 88.1244 87.8408 87.8261 93.4288 92.8751 92.6564 91.8824 90.9781 91.0038 87.6153 87.9968 87.1644 93.9709 94.132 94.4225 94.0902 92.95 92.5395 90.3276 89.2439 88.3471 94.4978 94.8736 94.3455 93.6396 93.1911 94.2312 90.0325 91.0998 90.5092 92.2214 92.9614 93.2378 93.5354 93.7108 94.7206 92.1236 92.0557 92.181 
154.053 153.709 153.183 156.326 156.726 154.181 153.793 154.799 155.891 153.069 154.87 154.659 154.325 153.845 155.183 154.578 155.432 156.785 153.284 156.066 155.844 156.81 155.884 156.38 155.013 155.734 156.405 154.372 155.642 156.228 154.901 154.369 154.62 153.542 152.86 155.317 153.52 154.738 154 152.089 152.053 153.516 153.807 152.308 152.057 153.873 153.848 152.221 152.127 151.03 150.946 154.461 154.74 153.578 153.816 154.44 155.081 151.802 151.119 150.903 154.005 156.818 155.728 151.812 154.321 155.567 154.92 152.916 151.54 153.783 153.207 153.103 152.676 152.826 152.706 152.03 151.403 148.895 150.071 150.509 149.768 
152.885 152.799 152.349 155.043 155.993 153.262 151.942 152.748 153.805 152.474 153.521 153.664 153.203 152.801 154.098 152.829 152.403 154.683 152.646 154.393 154.858 156.148 155.207 155.482 152.973 153.866 155.791 153.536 154.405 155.057 154.384 153.712 153.918 152.553 153.067 155.778 152.844 154.85 154.146 151.994 151.854 153.08 153.494 152.819 152.773 155.763 155.649 154.228 153.331 152.172 151.852 155.391 156.469 155.493 155.262 155.213 155.9 152.394 151.801 151.526 154.317 157.478 155.914 153.748 157.121 157.578 156.044 154.322 151.658 152.966 154.211 153.791 155.357 154.997 154.47 153.572 152.701 150.311 152.127 153.336 151.782 
149.576 149.093 148.639 151.016 151.557 148.748 147.777 148.343 149.507 149.366 150.022 150.162 149.987 149.426 149.873 148.792 149.102 150.57 149.873 151.298 151.289 152.19 151.093 151.282 149.251 150.059 150.842 151.145 151.63 151.922 151.027 150.401 150.335 148.158 147.996 150.417 151.171 152.36 151.319 149.145 149.295 150.032 149.29 147.838 147.529 152.51 152.512 150.745 149.818 149.088 148.493 150.133 150.497 148.942 152.571 153.177 153.131 149.544 149.082 148.589 150.255 152.578 150.952 151.057 153.301 154.089 153.595 151.375 149.298 150.255 149.848 149.08 152.897 152.638 152.38 151.692 150.509 148.172 148.287 148.354 147.84 
140.8 140.636 140.3 139.487 139.59 138.432 137.476 137.462 137.444 142.037 141.565 141.569 141.171 140.185 138.833 137.922 137.658 137.656 141.978 141.622 141.904 141.484 140.188 139.498 137.827 137.891 137.578 142.165 141.834 142.103 142.072 141.392 140.659 137.936 138.039 137.726 142.512 143.88 143.827 142.881 143.014 141.661 139.613 139.174 137.954 143.402 144.496 144.176 143.001 143.368 142.488 140.62 140.434 138.647 143.377 143.927 143.02 141.973 142.535 141.939 140.69 140.589 138.816 143.231 143.181 143.14 142.644 143.267 141.816 140.887 140.275 138.575 143.784 143.379 143.217 143.001 142.787 142.702 141.235 140.199 139.321 
131.889 131.576 130.902 130.405 129.763 129.393 129.69 129.986 129.9 132.341 132.236 131.843 131.378 130.583 130.1 130.006 130.299 130.428 132.495 132.82 132.592 132.144 131.588 131.188 130.797 130.436 130.295 133.135 133.059 133.008 132.889 132.226 131.451 131.428 131.197 130.124 133.095 133.544 133.354 133.188 132.764 132.514 132.323 132.101 130.857 132.655 133.381 133.807 133.557 133.528 133.015 133.04 132.617 131.73 133.023 133.932 133.843 133.907 133.878 134.05 133.822 132.73 131.838 132.786 132.894 133.268 133.956 133.887 133.826 133.712 133.2 131.915 132.813 132.787 133.414 134.098 134.286 134.014 133.141 133.419 132.438 
117.098 117.267 117.89 118.428 120.664 121.626 121.464 123.214 122.726 118.988 119.009 119.492 120.4 120.369 121.981 122.16 122.479 121.66 119.097 120.025 120.628 121.387 121.409 121.534 120.833 121.357 121.831 118.864 119.004 119.893 120.735 120.803 121.09 120.79 125.278 123.254 118.052 118.504 119.344 120.06 120.611 121.167 122.67 123.457 122.538 118.765 119.758 119.866 120.765 121.906 122.759 122.54 121.779 122.03 120.811 120.362 121.213 121.718 122.646 124.681 122.828 122.075 122.066 124.575 123.414 122.515 121.243 122.444 124.147 123.703 123.529 123.196 123.226 121.499 121.954 121.947 123.311 123.673 123.447 122.952 124.806 
112.71 112.843 113.461 113.888 116.182 117.047 116.2 117.618 116.885 114.453 114.569 115.146 115.835 115.676 116.842 116.849 116.865 115.784 114.399 115.252 116.088 116.729 116.268 116.085 115.407 115.853 116.305 114.108 114.011 114.808 115.647 115.57 115.588 115.344 119.868 118.403 112.934 113.167 114.053 114.694 115.201 115.894 117.364 118.264 117.966 113.569 114.242 114.206 114.889 116.117 117.539 117.533 116.987 117.543 115.713 114.659 115.492 115.78 116.923 119.04 117.759 117.496 117.47 119.356 118.319 117.162 115.405 116.651 118.932 119.027 118.955 118.641 117.981 116.147 116.798 116.535 117.896 118.63 119.161 118.538 120.422 
108.845 108.49 108.655 108.724 110.654 110.927 109.778 110.852 109.905 110.589 110.098 109.832 110.354 110.04 110.999 110.547 110.009 108.597 110.268 110.443 110.733 111.312 110.702 110.031 108.908 108.882 108.968 109.588 109.281 109.697 110.287 110.081 109.697 108.568 112.318 110.383 108.697 108.646 108.99 109.087 109.328 109.475 110.099 110.159 109.212 109.254 109.624 109.015 109.276 109.963 110.581 109.549 108.452 108.562 111.058 109.69 110.152 110.107 110.453 111.531 109.523 108.854 108.763 114.634 112.965 111.401 109.503 110.133 111.267 110.357 110.117 109.626 113.172 110.766 110.807 110.37 111.2 111.102 110.795 109.673 111.332 
94.2855 93.4558 92.8073 92.2503 91.192 91.6793 92.1411 91.1939 90.8407 93.7072 94.284 93.0097 93.0512 92.0833 93.1924 92.6024 92.4771 92.0687 95.2214 95.3147 93.6937 93.3961 93.2057 93.0425 92.5848 91.5308 90.9945 98.5351 96.0658 93.8708 94.3538 92.1046 93.059 92.6442 91.9873 91.3286 99.0789 97.0077 95.4031 94.5594 93.4781 92.6986 92.3995 92.001 91.6584 98.0287 97.4069 97.0748 96.017 95.0402 95.1223 91.584 91.8407 90.8806 98.2637 98.3098 98.5564 98.1138 96.7851 96.2663 94.0408 92.8431 91.9087 98.5063 98.8472 98.2815 97.4029 96.9695 97.8759 93.4526 94.5297 93.822 96.1867 96.813 97.0763 97.4002 97.5433 98.401 95.6054 95.4591 95.4781 
91.8708 91.4469 91.5068 91.4626 91.316 91.1482 90.9986 91.6966 91.8113 92.1332 92.0238 92.1042 91.9979 91.9607 91.6838 91.8558 92.0093 92.2206 92.3551 92.3824 92.4608 92.5511 92.4992 92.3125 92.3782 92.2229 92.3868 92.7913 92.9024 92.8567 92.885 92.9231 92.6359 92.6156 92.6061 92.9929 93.3972 93.3104 93.2599 93.1323 93.216 93.0164 93.0097 93.1551 93.5832 94.0813 93.7266 93.9948 93.9664 93.9931 93.6871 93.4093 93.555 93.8086 94.5053 94.2431 94.4914 94.6846 94.4193 94.2132 94.1568 94.2948 94.3308 94.7173 94.7367 94.9649 95.3661 95.0293 94.928 94.8515 94.7684 94.8025 95.1496 95.5304 95.6293 95.6901 95.5633 95.8559 95.852 95.601 95.4041 
174.16 175.088 173.226 173.551 174.761 174.264 176.675 175.556 175.94 169.41 171.062 170.573 168.931 169.398 169.603 170.053 172.893 171.597 166.986 167.35 166.592 166.053 166.228 166.898 166.481 166.499 166.709 161.814 162.346 162.09 161.992 163.064 162.501 161.319 162.114 160.904 157.943 157.85 158.507 157.992 158.433 159.146 156.859 156.182 157.868 151.141 151.96 152.975 153.273 152.846 153.552 153.641 152.611 154.684 144.968 144.403 145.487 146.487 146.842 146.91 147.33 147.927 148.255 139.605 139.79 139.947 141.6 142.326 142.132 141.482 141.922 143.285 131.31 131.556 131.901 131.945 133.171 133.332 132.742 132.082 134.494 
151.884 151.295 150.708 153.645 153.851 151.468 151.069 151.894 152.77 151.023 152.545 152.223 151.826 151.329 152.472 151.758 152.493 153.82 151.134 153.574 153.192 154.048 153.335 153.535 152.105 152.904 153.411 152.504 153.521 153.79 152.395 151.839 151.838 150.69 149.947 152.435 151.736 152.726 151.739 149.799 149.899 151.116 151.104 149.594 149.293 152.301 151.925 150.13 149.959 148.779 148.238 151.619 152.004 150.726 152.004 152.405 152.855 149.651 148.813 148.56 151.221 153.765 152.66 150.229 152.557 153.615 152.737 150.548 149.386 151.289 150.479 150.285 151.264 151.332 151.171 150.244 149.698 147.187 148.058 148.239 147.245 
144.38 144.331 144.404 144.254 144.97 144.281 143.479 143.4 143.785 144.942 144.249 144.952 145.251 144.94 144.327 143.475 143.471 144.203 144.572 143.98 144.569 144.869 144.53 144.173 142.808 143.619 144.01 144.69 144.413 144.631 144.971 144.902 144.625 142.518 143.444 143.948 144.981 146.341 146.413 145.762 146.371 145.399 143.755 143.963 143.965 146.277 147.075 146.636 145.746 146.367 145.491 144.187 144.822 143.605 145.872 146.135 145.032 144.322 145.139 144.866 143.982 144.449 143.175 145.39 145.606 145.114 144.809 145.907 144.892 144.195 143.85 142.872 146.275 145.813 145.383 145.048 145.499 145.757 144.545 143.546 143.432 
140.901 140.565 139.871 139.465 139.208 139.243 139.327 139.293 139.003 140.853 140.443 139.768 139.605 139.531 139.548 139.499 139.557 139.553 140.581 140.219 139.844 139.447 139.729 139.556 139.658 139.542 139.344 140.666 140.668 140.3 140.153 139.768 139.448 139.501 139.296 139.08 140.872 140.837 140.594 140.663 140.525 140.376 139.784 139.461 139.405 140.775 140.711 140.663 140.556 140.515 139.794 139.574 139.346 139.136 140.254 140.308 140.2 140.584 140.202 139.823 139.478 139.249 139.003 140.281 140.175 139.945 140.229 139.831 140.028 139.64 139.101 138.747 140.332 140.019 139.985 140.105 140.249 140.12 139.788 139.504 138.773 
133.748 133.657 133.553 133.017 132.395 132.17 132.407 132.579 132.48 134.123 134.442 133.91 133.357 132.915 132.847 132.656 132.604 132.891 134.008 134.562 133.964 133.582 133.547 133.354 133.065 132.703 132.878 134.375 134.797 134.379 134.02 133.702 133.381 133.214 133.065 132.652 134.66 134.737 134.328 134.151 133.948 133.444 133.769 133.38 132.691 134.388 134.469 134.517 134.537 134.371 134.034 133.779 133.528 132.921 133.771 134.167 134.544 134.736 134.451 134.206 133.937 133.408 133.083 134.068 134.087 134.563 134.815 134.616 134.33 133.914 133.537 132.907 134.596 134.655 134.233 134.72 134.529 134.012 133.902 133.734 132.933 
128.117 128.035 127.96 128.045 127.511 127.386 128.132 128.571 128.597 128.103 128.235 128.264 128.087 127.652 127.67 127.801 128.478 129.232 128.318 128.737 128.441 128.313 128.384 128.311 128.212 128.351 129.014 128.879 128.783 128.59 128.338 128.036 128.023 128.685 128.808 128.244 128.854 128.851 128.56 128.283 128.028 128.169 129.061 129.156 128.498 128.559 128.641 128.816 128.983 128.688 128.551 128.954 128.938 128.472 128.752 129.417 129.068 129.12 129.04 129.304 129.354 128.541 128.033 128.422 128.739 128.835 129.301 129.22 129.308 129.112 128.678 128.008 128.789 128.943 128.98 129.408 129.533 129.22 128.603 128.691 128.084 
118.899 118.548 118.834 118.81 120.294 120.471 119.563 120.524 119.551 120.762 120.592 120.304 120.552 119.778 120.65 120.099 119.591 118.561 120.661 121.162 121.068 121.204 120.617 119.895 118.63 118.551 118.752 120.181 119.927 120.053 120.292 119.765 119.498 118.419 122.237 120.174 119.463 119.109 119.385 119.393 119.34 119.242 120.353 120.187 119.218 119.978 120.125 119.557 120.032 120.29 120.771 119.767 118.436 118.43 121.519 120.363 120.989 120.896 121.179 122.183 119.781 118.521 118.366 125.41 123.99 122.642 120.612 120.98 122.011 120.693 120.004 119.401 124.251 122.119 121.793 121.336 121.765 121.295 120.972 119.616 120.99 
121.581 116.465 114.115 112.316 109.834 108.196 106.573 105.412 104.352 122.34 117.441 115.173 112.885 110.049 108.104 106.4 105.243 104.212 122.529 120.469 115.458 113.517 110.443 108.007 106.258 104.82 104.062 122.879 120.627 118.148 113.654 110.829 108.484 106.45 104.826 103.695 122.873 121.459 118.597 116.475 111.059 109.012 106.739 104.927 104.057 123.223 121.465 119.316 116.764 113.624 109.002 106.905 104.909 103.985 122.806 121.317 119.743 117.746 114.491 109.35 107.351 105.164 103.943 122.585 121.091 119.812 118.227 115.256 112.787 107.909 105.765 104.492 122.509 121.179 119.699 118.354 115.9 113.205 110.998 106.478 105.064 
101.325 98.9592 98.1721 97.05 95.6855 94.3531 93.0151 93.224 92.7037 101.674 99.9535 98.7464 97.6627 96.2866 94.9181 93.7556 92.9765 92.7611 101.817 100.767 99.0659 98.1696 96.8004 95.2345 94.0864 92.9835 92.4407 102.191 101.295 99.9207 98.4386 97.1575 95.7047 94.271 93.3852 93.0995 102.614 101.423 100.094 98.8248 97.1755 95.6429 94.69 94.1388 93.9477 103.393 101.912 101.075 100.013 98.8897 96.5844 94.9721 94.619 94.2259 103.746 102.554 101.738 101.241 99.689 97.2223 95.961 95.1303 94.5669 103.638 102.942 102.21 101.8 100.036 98.5903 96.7348 95.7199 95.0989 104.278 103.869 102.72 101.985 100.817 99.7301 98.5671 96.8009 96.1001 
93.1876 91.7434 91.8071 91.5287 90.9547 90.6602 90.3244 91.3709 91.5734 94.07 93.444 93.0635 92.5497 92.1737 91.6053 91.6259 91.7022 91.9966 94.4553 94.2465 93.8007 93.8032 93.1648 92.6355 92.5409 92.2934 92.2324 95.6566 95.4166 94.8767 94.6628 94.2558 93.6121 93.4775 93.2975 93.4235 96.8064 96.4288 95.7332 95.5725 95.3929 94.4329 94.3262 94.64 95.1065 98.3748 97.5289 97.914 97.5961 97.3807 96.1293 95.4111 95.5893 95.8143 99.4297 99.0237 99.3472 100.087 99.1569 97.908 97.1366 96.9644 96.4988 99.9336 100.208 100.631 101.11 100.244 99.4118 99.0335 98.1263 97.6762 101.084 101.864 101.672 101.571 101.241 101.229 100.671 99.6374 98.8951 
