2158640
39.143 40.6815 40.4874 40.0134 39.7642 39.5881 39.2067 38.9755 38.5067 39.2617 40.7603 40.3531 39.9061 39.8554 39.5703 39.1434 38.8713 38.5507 39.2398 40.5784 40.2188 39.8245 39.6283 39.4295 39.0728 38.713 38.5139 39.0653 40.471 40.1708 39.9594 39.8072 39.5811 39.0326 38.7383 38.6601 38.9568 40.3903 40.2884 39.8424 39.4267 39.2999 39.0073 38.6095 38.6295 38.7533 40.2978 40.1337 39.8753 39.5548 39.2825 39.0396 38.6474 38.6733 38.9506 40.4801 40.1027 39.7651 39.5693 39.2699 39.0605 38.7799 38.6481 39.1423 40.6153 40.3805 39.9599 39.6377 39.3931 39.284 38.921 38.8286 39.4672 40.7915 40.3481 40.012 39.8956 39.682 39.7116 39.4239 39.1102 
60.0542 60.9176 60.8509 60.2864 59.9169 59.9106 59.8534 59.2813 58.135 59.9742 60.9471 60.6446 60.359 60.132 60.2326 59.6038 59.5113 58.4055 60.0449 60.9912 60.8774 59.8414 59.7065 59.8033 59.4464 59.1073 58.8713 61.2607 61.0523 60.0125 59.4144 59.2741 59.3394 58.6339 58.7933 58.4191 60.671 61.6514 60.3587 59.8185 59.7403 59.4316 59.2575 58.7475 58.7057 60.0976 61.4035 61.1693 60.7076 60.4758 59.7855 59.5989 59.2712 59.2827 60.1661 61.1538 60.8787 60.8029 60.7818 60.2839 60.1487 59.5566 59.5382 60.7962 61.3856 61.2118 60.7845 60.8048 60.8779 60.5587 59.7548 59.2785 60.9333 61.5829 61.4891 61.2145 60.3602 60.8565 60.8001 59.8776 59.3751 
91.4522 91.491 91.4718 91.2141 91.0397 91.0129 91.1588 91.0303 90.6861 91.326 91.2609 91.0532 91.1142 91.1909 91.0847 91.1523 91.1005 90.6947 91.1486 91.277 91.0087 91.0165 91.2231 91.1708 91.1113 90.9481 90.6491 91.0371 90.9284 90.8348 90.9406 91.0372 90.9028 91.0373 90.701 90.804 91.1247 90.8329 90.65 90.8195 91.0547 91.2668 91.1099 90.8251 91.1055 90.9004 90.8116 90.9476 90.9837 90.9321 91.138 91.0641 91.0345 91.2958 90.851 90.7613 91.0794 90.9842 90.8282 91.0533 91.0223 90.9198 90.9719 90.7666 90.981 91.0277 90.9651 90.8177 91.0868 91.2836 91.1954 91.1569 90.7549 90.8904 91.1981 91.0983 90.9248 91.1643 91.4509 91.1356 91.2587 
109.546 109.698 110.094 110.118 111.187 111.538 111.066 111.47 110.722 110.664 110.607 110.513 111.045 110.921 111.65 111.525 111.06 110.072 110.384 110.928 110.917 111.135 111.299 111.325 110.636 110.36 110.103 110.007 109.84 110.277 110.807 110.784 110.747 110.319 112.091 111.084 109.508 109.336 109.709 110.21 110.584 110.916 111.321 111.119 110.799 109.75 109.733 109.808 110.133 110.799 111.421 110.924 110.363 110.523 110.601 109.822 110.499 110.54 110.795 111.839 110.846 110.318 110.387 112.401 111.796 111.075 110.13 110.404 111.456 111.405 111.147 110.801 111.395 110.353 110.728 110.405 110.848 111.176 111.438 110.665 111.623 
122.729 122.636 122.975 122.54 122.221 122.333 122.425 122.099 121.68 122.674 122.964 122.444 122.646 122.487 122.516 122.766 122.345 121.602 122.657 123.192 122.638 122.214 122.569 122.75 122.885 122.214 121.474 123.144 122.92 122.651 122.78 122.573 122.365 122.72 121.861 121.959 123.685 122.98 122.341 122.548 123.128 123.18 122.954 122.343 122.417 123.314 122.878 123.032 122.826 122.872 123.325 123.18 123.054 122.815 123.192 123.093 123.383 123.038 122.717 123.006 122.982 122.569 122.308 122.8 123.164 123.198 122.893 122.559 122.57 122.943 122.607 122.17 122.227 122.468 122.676 122.393 122.15 122.41 122.794 121.978 122.203 
61.2317 61.9599 61.9727 61.3915 61.0462 61.0549 61.1679 60.5283 59.6233 61.1964 62.2427 61.872 61.449 61.2533 61.2895 60.7866 60.7078 59.8285 61.3604 62.2881 62.1067 60.9661 60.6835 60.841 60.5125 60.2505 60.2442 62.8128 62.4589 61.3809 60.7118 60.4371 60.5815 59.9898 60.0524 59.8617 62.3506 63.0906 61.6605 61.0443 60.9626 60.7294 60.6442 60.146 60.1609 61.778 62.7788 62.5731 61.9488 61.7919 61.0435 60.9276 60.6405 60.7011 61.8876 62.7298 62.4352 62.2754 62.2561 61.6333 61.4803 60.9062 61.0352 62.4697 63.0865 62.7589 62.2667 62.4555 62.3523 61.8985 61.0896 60.686 62.7078 63.3364 62.9978 62.7411 62.0094 62.4338 62.206 61.2659 60.8704 
79.4964 78.7913 78.3769 77.672 76.8859 77.405 77.8267 76.911 76.3351 78.958 79.3964 78.3566 78.2885 77.6733 78.5474 77.8447 77.9443 77.4615 80.0679 80.0882 78.9655 78.4452 78.2141 78.1693 77.71 77.0644 76.7869 83.0588 80.6757 78.692 78.8537 77.267 78.0517 77.4934 77.2035 76.8056 83.1421 81.6854 79.9885 79.3553 78.6916 77.9593 77.6441 77.1434 77.1386 82.1839 82.0101 81.7853 81.0692 80.3755 79.9239 77.359 77.3968 76.9304 82.6222 82.8262 82.9308 82.6854 81.8993 81.2457 79.4793 78.3926 77.7869 83.3656 83.4905 82.9928 82.2115 81.9813 82.684 79.3051 79.6952 79.1422 81.8573 82.1511 82.2394 82.37 82.1631 82.9986 80.9373 80.4758 80.4182 
88.5691 88.4289 88.4975 88.0909 88.3979 88.5624 88.5111 88.3471 86.939 88.7297 88.6 88.3416 88.251 88.3872 88.785 88.2259 88.2608 87.0412 88.5969 88.6379 88.6089 87.8935 87.9888 88.1404 87.6675 87.4345 87.3025 89.7881 88.2943 87.4448 87.2323 87.4521 87.6071 86.844 87.7139 87.0622 89.0477 88.9835 87.723 87.4921 87.7135 87.5846 87.6998 87.3318 87.0847 88.4382 88.6838 88.5748 88.3798 88.4004 87.8312 87.6662 87.2113 87.314 88.5568 88.2914 88.3901 88.5462 88.7853 88.5157 88.036 87.3333 87.4622 89.7482 89.2015 88.7629 88.345 88.6893 89.0092 88.5525 87.7093 87.195 89.8196 89.0818 89.1317 88.8068 88.3311 88.8942 88.7451 87.7751 87.3694 
116.553 116.66 116.876 116.592 117.591 117.895 117.682 118.418 117.903 117.174 117.11 116.952 117.31 117.529 118.041 118.098 118.289 117.423 116.971 117.269 117.327 117.81 117.939 117.856 117.4 117.653 117.462 116.756 116.625 116.987 117.484 117.699 117.592 117.387 118.941 118.148 116.501 116.461 116.634 117.151 117.686 117.874 118.195 118.182 117.723 116.587 116.78 117.02 117.397 117.819 118.272 117.964 117.413 117.494 117.485 117.017 117.68 117.816 118.005 118.843 117.836 117.539 117.403 118.996 118.775 118.113 117.356 117.752 118.451 118.315 118.06 117.675 118.08 117.476 117.796 117.612 118.07 118.292 118.335 117.69 118.422 
143.417 142.961 143.563 143.387 145.666 144.82 144.919 147.049 146.552 145.234 143.433 146.007 146.611 146.629 145.287 143.896 144.283 145.196 146.36 145.166 146.182 147.024 146.704 143.368 143.229 143.746 144.986 145.667 145.726 146.503 147.522 147.068 145.504 144.775 146.862 145.591 143.297 144.35 147.086 147.693 147.586 146.079 143.945 143.988 144.434 146.373 146.338 147.586 146.393 147.028 146.609 144.864 144.272 145.656 147.192 145.539 145.613 145.481 144.686 145.184 145.076 146.357 145.855 149.301 146.627 146.395 144.941 143.384 143.492 144.228 145.196 144.882 145.74 145.176 146.426 145.275 143.638 143.317 145.258 144.956 144.676 
94.7399 94.0274 93.7374 93.6647 93.3186 93.8722 94.3779 93.4261 93.3446 94.1355 94.791 94.0588 94.3881 94.0405 95.1175 94.6631 94.4784 94.5142 95.499 95.9414 94.7267 94.6872 94.688 94.7355 94.429 93.6056 93.3885 98.5348 96.8838 94.9053 95.5128 93.7111 94.7521 94.7011 94.1298 93.7089 99.0394 97.4041 95.9579 95.5816 94.9328 94.4801 94.4018 94.4412 94.282 98.2236 97.7648 97.5503 96.7769 96.2544 96.3311 93.7076 94.1516 93.6117 98.9216 99.2797 99.2577 98.7274 97.9317 97.5006 95.695 94.9237 94.5202 99.4871 99.9322 99.0473 98.0359 97.8801 98.8505 95.4844 96.6517 96.1726 97.6208 98.2054 97.9908 97.9161 97.7384 99.1714 97.0831 96.8435 97.5661 
90.1623 89.3237 88.8937 88.3123 87.4875 88.1054 88.5594 87.457 86.7824 89.5242 90.1298 88.9581 89.0277 88.3551 89.4372 88.6817 88.6768 88.1385 90.7802 90.9797 89.7284 88.9484 88.7704 88.9108 88.4239 87.5469 87.2612 94.5257 91.6771 89.3828 89.4794 87.5617 88.6616 88.1446 87.7785 87.2249 94.7765 92.9854 90.8406 89.9398 89.2987 88.5211 88.3733 87.9461 87.7564 93.5797 93.2007 92.9653 91.9949 91.3139 90.932 88.0053 88.2117 87.4473 93.897 94.0506 94.2624 93.9715 93.2398 92.5105 90.4946 89.2116 88.5189 94.6827 94.798 94.2002 93.6213 93.3401 94.1647 90.1697 90.5946 89.8643 92.9641 93.2769 93.378 93.5296 93.3363 94.4397 92.0118 91.3768 91.2812 
113.332 112.915 112.569 111.798 111.132 111.829 112.255 111.398 111.295 112.698 113.377 112.444 112.604 112.035 112.919 112.446 112.513 112.659 113.992 114.205 113.085 113.091 113.199 112.983 112.415 111.696 111.611 116.842 115.019 113.393 113.954 112.368 113.238 112.689 112.233 111.777 117.51 116.223 115.223 114.645 113.949 113.209 112.634 112.319 112.164 116.831 116.591 116.889 116.178 115.259 115.071 112.136 112.132 111.073 117.274 117.577 117.926 117.805 116.777 116.264 114.49 113.499 112.293 117.542 118.174 117.644 116.965 116.83 117.812 114.125 115.08 114.339 115.723 116.355 116.649 116.964 117.199 117.944 115.429 115.383 115.393 
154.255 154.101 154.7 154.43 156.084 155.388 155.329 157.359 157.036 155.884 154.13 156.684 157.148 157.239 156.022 154.406 154.867 156.123 156.97 155.629 156.625 157.571 157.544 154.422 153.958 154.558 155.799 156.391 156.351 157.316 158.26 157.968 156.51 155.72 157.578 156.428 154.064 155.314 157.945 158.229 158.186 156.989 154.929 155.14 155.474 157.015 156.915 158.214 157.117 157.577 157.265 155.507 154.947 156.217 157.61 156.155 156.465 156.269 155.691 156.065 155.894 157.008 156.64 159.516 157.075 157.02 155.582 154.533 154.824 155.427 156.352 155.743 156.645 156.207 157.453 156.279 154.869 154.722 156.415 156.141 155.621 
164.634 164.417 164.607 164.347 165.684 164.397 164.781 166.312 166.41 165.787 164.408 166.628 166.863 166.89 165.113 163.851 164.248 165.93 166.907 165.535 166.518 167.208 167.061 163.637 163.41 164.32 165.875 166.48 166.544 167.122 168.008 167.408 165.609 165.146 166.222 165.905 164.621 165.871 167.905 168.261 168.073 166.495 164.316 164.404 165.183 167.508 167.419 168.58 167.381 167.54 166.993 165.591 165.242 166.458 167.719 166.444 166.43 166.201 165.458 165.432 165.702 167.099 166.344 168.422 166.704 166.749 165.868 164.363 163.97 164.858 165.966 165.696 162.673 162.927 163.912 162.966 161.225 161.057 162.907 162.98 162.104 
127.674 127.357 127.627 128.677 129.721 129.542 129.573 129.464 129.062 127.207 127.172 128.104 128.711 129.569 129.422 129.367 129.333 129.048 127.361 127.925 128.205 128.783 128.994 128.962 129.085 129.125 128.906 127.724 128.359 128.02 128.36 128.598 128.807 129.378 129.266 128.913 127.548 128.048 127.569 127.827 128.457 128.941 129.259 129.931 129.226 127.624 127.559 127.511 127.488 127.933 128.258 129.145 129.555 129.32 128.08 128.358 128.048 127.7 128.19 128.304 128.697 128.996 129.228 128.398 128.503 127.872 128.025 127.686 128.297 129.107 129.386 129.092 128.484 128.572 127.914 127.152 126.261 127.838 128.323 127.936 129.078 
121.74 121.03 120.495 121.238 120.933 120.836 121.278 120.613 121.052 120.95 121.939 121.183 121.479 120.836 122.56 122.242 122.24 122.715 122.728 123.611 122.433 122.662 122.65 122.895 122.299 121.648 121.855 126.261 124.729 122.807 123.145 121.366 122.544 122.15 121.645 122.108 126.892 125.434 123.795 122.906 122.243 122.14 122.035 121.646 121.568 126.431 125.925 125.291 124.502 123.498 123.612 121.741 122.202 120.995 127.059 127.53 127.819 126.504 125.422 124.894 123.964 123.985 122.798 127.043 128.324 128.152 127.222 126.182 126.425 123.35 124.691 124.067 125.363 126.062 126.13 126.287 126.005 126.098 123.967 124.415 124.832 
171.781 172.668 173.371 173.029 173.062 173.918 173.7 172.769 172.232 171.816 172.52 172.862 173.09 173.461 173.25 172.909 172.65 172.611 172.746 172.766 173.154 173.48 173.615 173.346 172.946 172.832 173.199 172.727 173.087 173.601 173.931 174.141 173.904 173.278 173.265 173.026 172.477 173.668 174.621 174.551 174.645 174.542 173.469 173.436 173.396 173.098 173.412 174.679 174.825 174.583 173.89 173.448 172.959 172.409 173.239 173.568 174.104 174.616 174.41 173.779 174.027 173.949 172.975 173.479 173.674 174.097 174.514 174.464 174.638 174.622 174.646 173.969 174.059 173.664 174.187 173.984 173.965 173.95 173.817 174.023 173.949 
197.347 197.733 197.671 196.642 197.235 197.579 197.626 197.027 196.559 197.274 197.272 198.438 197.232 197.85 196.884 197.662 197.549 196.982 197.899 197.133 198.619 197.637 198.203 197.622 197.329 198.358 197.584 198.444 198.625 199.997 199.185 198.521 197.629 198.511 197.728 197.337 198.662 198.934 199.674 198.797 198.502 198.725 199.178 198.107 197.546 199.029 199.15 199.159 199.352 199.347 198.72 197.386 197.832 197.543 199.206 199.813 199.168 199.449 199.95 198.943 199.02 199.316 197.771 199.476 199.556 198.882 198.982 199.639 199.171 198.688 199.633 198.744 195.734 195.844 195.956 196.239 195.543 195.574 195.408 196.296 196.811 
227.055 227.032 227.19 227.297 227.763 227.328 221.152 227.462 227.427 227.281 226.313 225.899 228.089 228.332 224.636 220.46 227.105 227.434 228.111 227.111 227.766 228.127 228.341 224.715 222.763 227.22 227.994 228.088 227.96 228.54 229.118 225.561 227.878 226.365 228.365 228.027 227.222 227.594 228.703 229.003 227.48 228.288 227.024 227.517 225.693 228.437 228.251 225.635 227.076 227.25 228.481 227.77 227.659 225.521 228.543 227.862 228.204 228.181 227.885 227.827 227.921 227.104 225.458 229.189 228.103 228.357 227.695 227.355 226.753 226.215 228.413 228.281 225.215 225.313 222.202 223.412 218.835 224.726 225.358 225.532 225.44 
145.571 145.096 144.807 147.736 148.985 147.079 146.743 147.226 148.228 144.977 145.464 146.107 146.207 146.694 148.144 147.971 148.086 148.928 145.498 147.117 147.294 148.408 148.408 149.014 148.199 148.691 149.522 146.717 147.823 147.491 147.351 147.584 147.855 147.567 147.602 149.608 146.445 146.959 145.88 145.188 145.74 147.172 147.841 147.384 147.37 147.167 146.821 145.367 145.148 144.939 145.405 148.263 148.957 148.251 147.533 148.194 148.443 145.57 145.379 145.554 147.91 150.355 149.875 146.452 148.672 149.348 148.145 146.97 145.853 147.487 148.27 148.118 147.482 147.811 147.573 146.857 145.767 144.331 145.013 146.119 146.696 
158.878 158.788 158.537 160.609 161.204 159.705 159.402 159.779 160.523 158.67 159.146 159.296 159.366 159.51 160.51 160.144 160.535 161.268 159.502 160.215 160.36 161.421 160.886 161.345 160.605 161.297 162.098 160.219 160.41 160.487 160.338 160.483 160.878 160.258 160.303 161.924 159.91 160.152 159.561 158.81 159.197 160.61 160.902 160.083 160.234 160.351 160.187 159.391 159.575 159.371 159.751 161.555 161.636 161.049 160.306 161.074 161.858 159.972 159.998 159.982 161.618 163.355 162.335 159.353 161.435 162.789 162.877 161.506 160.278 160.998 161.467 161.189 160.369 160.783 161.185 161.42 161.12 159.216 159.343 160.347 160.326 
180.499 180.301 179.962 181.146 182.183 181.33 181.174 181.185 181.445 180.082 180.447 181.336 180.549 180.967 181.283 181.822 182.091 182.198 180.931 181.316 182.597 182.633 182.398 182.794 182.208 183.298 183.295 181.746 182.431 183.549 182.655 182.24 182.083 182.312 181.763 182.744 181.792 182.158 182.435 181.028 180.853 182.04 182.755 181.369 181.174 182.409 182.533 181.854 181.859 181.511 181.184 182.155 182.659 181.876 182.468 183.663 183.404 182.052 181.938 181.21 183.351 185.056 183.195 182.208 183.889 184.198 183.875 183.448 181.623 182.22 183.377 182.735 182.626 182.894 183.166 183.302 182.417 180.505 180.91 182.631 182.797 
239.032 239.074 239.041 239.132 239.165 239.336 232.72 237.858 237.046 238.494 237.706 236.586 239.025 239.38 236.062 232.449 239.169 237.992 238.917 238.044 238.899 238.912 239.04 236.931 235.135 239.572 239.281 239.189 238.767 239.877 239.783 236.293 239.276 238.319 239.547 239.041 239.253 238.848 239.205 239.267 237.673 239.375 239.195 239.506 237.055 239.374 239.315 236.026 238.122 238.266 239.551 239.211 239.343 236.383 239.304 239.434 239.517 239.75 239.86 239.67 239.813 238.289 236.104 239.835 239.597 239.485 239.065 239.688 239.032 238.048 239.919 239.648 239.377 239.299 235.589 237.5 233.108 239.485 239.465 239.746 239.908 
245.528 245.48 245.296 245.432 245.802 245.637 239.284 243.937 243.033 244.824 243.704 242.992 245.458 245.93 242.563 239.34 245.881 244.365 245.127 244.063 245.302 245.417 245.744 243.491 241.651 246.226 245.983 245.549 245.04 246.229 246.356 242.81 245.459 244.7 245.969 245.696 245.908 245.421 245.442 245.816 244.313 245.81 245.712 245.998 243.671 246.104 246.163 242.525 244.69 244.968 246.232 245.818 245.968 242.809 246.153 246.261 246.146 246.325 246.475 246.377 246.417 244.95 242.351 246.589 246.468 245.955 245.521 246.185 245.594 244.604 246.602 246.425 242.918 243.021 238.916 240.993 236.402 242.995 242.825 243.346 243.747 
