2158640
111.874 110.216 109.096 107.998 106.759 104.424 102.492 101.374 99.4131 111.621 110.619 108.168 107.686 105.93 104.125 102.088 100.584 98.7396 111.009 109.151 107.09 105.715 105.087 102.758 101.342 99.6907 98.1774 110.572 108.645 106.969 104.662 103.013 101.961 100.198 99.2616 98.0753 109.797 108.158 106.433 104.546 102.202 100.619 99.8693 98.6471 97.6038 109.129 107.575 105.581 104.011 101.676 100.14 99.0822 98.3099 96.8549 107.813 106.365 104.816 103.324 101.403 99.2364 98.1389 97.2654 96.448 106.554 105.344 104.047 103.505 101.46 99.2267 96.9726 96.2457 95.4583 106.595 105.211 104.171 103.257 101.161 98.8483 96.6084 95.2428 94.741 
97.5242 97.074 96.5067 95.7867 95.4004 94.2828 93.4084 92.9743 92.376 97.95 97.2967 96.3159 95.5764 94.7323 93.9137 93.0657 92.3474 91.731 97.3883 96.5065 95.7177 94.9045 94.2735 93.2604 92.5441 91.7199 91.2303 96.6955 96.1267 95.1141 94.1236 93.6087 93.0658 92.0631 91.4603 91.0981 96.4468 95.5803 94.767 93.707 93.1911 92.4547 91.7418 91.4184 91.1645 96.2732 95.6474 94.6727 93.9035 93.2131 92.6025 91.6054 91.3845 91.1528 95.758 95.2362 94.8277 93.8542 93.266 92.6284 91.9521 91.4813 91.2209 95.2246 94.7405 94.2732 93.9196 93.2493 92.6584 91.7714 91.3659 91.0955 95.6293 94.7792 94.2658 94.0355 93.4111 92.585 91.9324 91.2024 91.0132 
89.5241 88.7936 88.1646 87.547 86.6954 87.1741 87.6616 86.693 86.4954 89.0499 89.5727 88.2301 88.3595 87.3773 88.5541 87.9535 87.8859 87.7719 90.3133 90.4037 88.802 88.418 88.2124 88.1853 87.8085 86.8073 86.4017 93.2835 91.0216 88.8461 89.1666 86.9402 88.091 87.829 87.2047 86.6296 93.8245 91.8246 90.3376 89.4969 88.4402 87.6429 87.4633 87.1604 87.1931 92.7943 92.2881 92.0174 91.1252 90.1797 90.1948 86.7355 87.1066 86.3831 93.0179 93.1699 93.4691 93.0662 91.9665 91.5127 89.2934 88.1961 87.3487 93.2686 93.6874 93.0554 92.3839 91.9158 92.8973 88.7043 89.7005 89.128 91.1862 91.7242 91.976 92.3259 92.3871 93.2445 90.6037 90.4198 90.588 
79.3386 78.8807 78.7951 78.1423 77.6487 77.4495 77.4858 76.6137 75.0754 79.2653 78.9807 78.3897 77.9924 77.6032 77.6211 76.9769 76.863 75.3947 79.1042 78.812 78.4753 77.0515 76.777 76.9042 76.5247 76.1311 75.8713 80.7441 78.608 77.0707 76.2685 76.0789 76.281 75.3843 75.6635 75.2276 79.8891 79.5031 77.4494 76.8349 76.7801 76.3339 76.1656 75.5642 75.383 78.7891 78.9333 78.6773 77.9643 77.7742 76.69 76.5651 76.0704 76.0156 78.5918 78.3078 78.1821 78.1766 78.2188 77.3517 77.0782 76.1231 76.2628 79.1957 78.5732 78.1374 77.8322 77.9842 77.8308 77.3752 76.2533 75.6156 79.3329 78.711 78.4683 78.0933 77.1024 77.5883 77.3474 76.1173 75.5103 
73.6493 73.3117 73.4845 72.9199 72.4338 72.459 72.6232 71.7228 70.0844 73.5957 73.4762 73.2242 72.8983 72.6419 72.7724 72.1376 72.0691 70.5216 73.6326 73.4754 73.3635 71.9538 71.9073 72.1132 71.68 71.3695 71.1427 75.6597 73.4688 72.0515 71.2719 71.1201 71.4236 70.4977 70.8856 70.4844 74.7848 74.5924 72.5271 71.9093 71.9645 71.5589 71.5627 70.9061 70.6875 73.8689 74.0817 73.8849 73.1632 73.094 72.0676 72.1005 71.5933 71.3637 73.7838 73.5702 73.3996 73.5376 73.6475 72.8104 72.5847 71.5621 71.602 74.5145 73.9571 73.6969 73.3928 73.6799 73.5181 72.9273 71.7085 70.9085 74.5626 74.0852 73.9963 73.754 72.6359 73.2868 72.9391 71.5615 70.8711 
68.0657 67.9161 68.1777 67.6714 67.0922 67.1209 67.1561 66.1023 64.4591 67.941 67.941 67.7971 67.5221 67.2061 67.2749 66.6166 66.4263 64.7722 67.8726 67.6972 67.6376 66.4145 66.3544 66.5418 66.0554 65.7391 65.5251 69.8036 67.6118 66.2333 65.445 65.3233 65.6607 64.6626 65.1192 64.8042 68.6346 68.5755 66.6268 66.0644 66.1576 65.7491 65.7319 65.1175 64.8707 67.6479 68.0916 68.0265 67.4321 67.2827 66.1939 66.2505 65.7959 65.7161 67.8197 67.7427 67.5639 67.6906 67.9122 67.1823 66.9107 65.9589 66.081 68.6859 68.2255 67.9715 67.4815 67.9628 68.0233 67.47 66.2727 65.5635 68.733 68.4276 68.3255 68.0187 67.0147 67.8418 67.5441 66.1813 65.495 
27.9765 29.4757 29.3992 29.1749 29.0072 28.8344 28.8026 28.7415 28.472 27.7697 29.3318 29.1266 28.8199 28.7597 28.6868 28.5468 28.4773 28.1814 27.6293 29.0783 28.9348 28.696 28.6226 28.4303 28.3685 28.269 28.0009 27.4193 28.9809 28.7733 28.6028 28.424 28.2151 28.1804 28.1576 27.8177 27.2071 28.6891 28.6829 28.3562 28.2528 28.0604 27.9524 27.9248 27.8147 27.2437 28.6864 28.518 28.3893 28.1399 27.9945 27.8929 27.802 27.7264 27.3021 28.8331 28.5156 28.3648 28.1869 27.9704 27.9758 27.873 27.7127 27.3344 28.8095 28.6605 28.3526 28.2366 28.1611 28.0187 28.005 27.9043 27.3332 28.9274 28.5826 28.4321 28.2048 28.1336 28.1525 27.966 28.0477 
14.8764 14.8835 15.2289 15.4991 15.6765 15.58 15.6212 15.6473 15.72 14.4862 14.7646 14.9323 15.0975 15.2459 15.3942 15.3158 15.4134 15.234 14.547 14.6265 14.7443 14.8375 14.9003 14.9822 15.1173 15.1026 15.1431 14.1021 14.4537 14.3958 14.5977 14.607 14.6542 14.8891 15.0948 15.0125 14.214 14.258 14.4718 14.4581 14.6322 14.7192 14.8425 15.0075 14.9821 14.1063 14.1801 14.2321 14.638 14.6024 14.823 14.8681 14.8245 14.8219 14.3467 14.246 14.432 14.5673 14.6535 14.7039 14.8304 14.8978 14.6807 14.2792 14.5383 14.5136 14.5898 14.3767 14.43 14.5764 14.585 14.4974 14.0797 14.2015 14.4256 14.4625 14.4947 14.2718 14.5675 14.6394 14.5939 
110.604 110.218 110.53 110.09 109.623 109.543 109.136 107.912 107.102 110.276 110.344 109.887 109.946 109.722 109.683 109.327 108.199 107.28 110.447 110.945 109.971 108.838 109.31 109.18 108.981 107.677 106.746 110.769 110.44 109.604 108.883 108.229 108.099 108.555 107.076 107.22 111.375 110.233 109.014 108.392 108.655 108.659 108.497 107.495 108.063 110.738 109.79 109.719 108.932 108.326 108.791 108.357 108.239 108.25 110.023 109.257 109.569 108.761 108.122 108.229 107.958 107.049 106.738 109.313 109.498 109.374 108.589 107.947 107.9 107.868 107.315 106.662 108.845 108.907 109.047 108.497 107.792 107.798 107.678 106.616 106.544 
95.5455 94.9715 94.3326 93.8272 92.9857 93.4362 93.9163 92.9277 92.7578 95.0792 95.7423 94.5267 94.6402 93.8072 94.7671 94.3245 94.1902 94.0374 96.4653 96.606 95.175 94.9152 94.7539 94.5919 94.1749 93.3088 92.9555 99.5599 97.1971 95.2506 95.7724 93.6793 94.6641 94.2614 93.6216 93.1213 100.025 97.9999 96.5361 95.8814 94.9341 94.1643 93.9678 93.6601 93.4603 98.962 98.3826 98.0985 97.2147 96.3607 96.4344 93.114 93.606 92.775 99.36 99.424 99.6114 99.1853 98.071 97.669 95.5103 94.5435 93.6987 99.5532 99.8744 99.337 98.5644 98.2455 99.1448 94.9892 96.0874 95.5263 97.2694 97.9338 98.2841 98.662 98.8216 99.7146 97.1329 96.9923 97.1308 
91.9787 91.2543 90.6261 90.1243 89.343 89.7153 90.2077 89.2968 89.1947 91.4841 92.0332 90.6877 90.8619 90.0511 91.104 90.5504 90.4992 90.4377 92.7137 92.8613 91.3197 91.0899 90.8407 90.7276 90.4483 89.5363 89.2015 95.6335 93.3602 91.3788 91.8024 89.8489 90.8117 90.4897 89.9018 89.4044 96.1751 94.1376 92.7607 92.0807 91.1966 90.4227 90.0981 89.8608 89.8488 95.1023 94.6373 94.4161 93.6368 92.7872 92.7409 89.3575 89.8065 89.2271 95.3619 95.5363 95.9285 95.4978 94.4953 94.0132 91.8749 90.9426 90.238 95.6082 95.9753 95.4647 94.7975 94.5027 95.523 91.3853 92.5081 92.0364 93.598 94.0651 94.345 94.7792 95.0296 95.9238 93.4525 93.3854 93.592 
87.4847 86.7913 86.155 85.6634 84.9609 85.5826 86.1872 85.3814 85.2976 86.9219 87.4966 86.2911 86.4565 85.7691 86.993 86.5584 86.5635 86.6092 88.2712 88.4737 87.0533 86.8252 86.6984 86.7859 86.5657 85.7518 85.4801 91.1931 89.0881 87.1582 87.7188 85.7966 86.8431 86.7523 86.1934 85.7918 91.7222 89.9199 88.5848 88.0459 87.228 86.6504 86.4879 86.1899 86.3199 90.7383 90.355 90.1997 89.5336 88.8427 88.9369 85.8933 86.2313 85.6704 90.9932 91.1782 91.6045 91.3785 90.4708 90.0228 88.1165 87.2385 86.5507 91.2768 91.735 91.273 90.7263 90.4073 91.3612 87.6012 88.7019 88.224 89.3287 89.9651 90.2484 90.6016 90.8434 91.7132 89.4399 89.458 89.6935 
74.7929 74.5626 74.5376 74.0219 73.5735 73.5322 73.5386 72.661 71.2797 74.6946 74.6708 74.3788 74.0793 73.8103 73.8126 73.2583 73.0656 71.6751 74.6642 74.5185 74.4468 73.2724 73.095 73.2768 72.9165 72.5633 72.4687 76.5254 74.4393 73.0732 72.4511 72.418 72.679 71.8311 72.2606 72.086 75.6027 75.4229 73.5124 73.1208 73.2115 72.9662 72.9558 72.4464 72.3436 74.6287 75.0654 74.9114 74.4095 74.312 73.4316 73.5354 73.2371 73.3105 74.7395 74.6451 74.5626 74.7016 74.9939 74.3662 74.1856 73.4602 73.6672 75.5237 75.1297 74.9508 74.5184 74.936 75.0855 74.7836 73.819 73.2273 75.7503 75.4255 75.3557 75.0246 74.2463 75.0319 74.9762 73.8673 73.2742 
64.3116 66.2518 65.8959 65.472 65.4877 65.5015 65.3862 65.2025 65.1632 64.3124 66.0467 65.8134 65.5049 65.574 65.552 65.4827 65.1892 65.1011 64.3089 65.9287 65.6903 65.5907 65.616 65.5865 65.4483 65.2176 64.9949 64.2521 65.8852 65.6669 65.4873 65.4632 65.4869 65.4741 65.3079 65.0993 64.2312 65.8905 65.7527 65.501 65.5587 65.6893 65.5675 65.3752 65.3595 64.525 66.2223 65.8674 65.8925 65.8558 65.8097 65.7065 65.5814 65.5489 64.8721 66.5948 66.2298 66.1519 66.1739 66.267 66.138 65.9719 65.6845 65.1258 66.9294 66.782 66.5289 66.4925 66.6818 66.6863 66.3531 66.1249 65.3769 67.4529 67.083 66.916 66.8083 66.8716 66.9228 66.6496 66.473 
50.4778 52.3169 52.2631 52.096 52.0558 51.9974 51.9722 51.7636 51.5064 50.0623 51.9541 51.8696 51.7762 51.6669 51.718 51.5342 51.3467 50.9847 50.0532 51.7737 51.6327 51.4718 51.416 51.3541 51.2939 51.147 50.8253 49.5824 51.6164 51.2786 51.1528 51.0075 50.9619 51.026 50.9524 50.6957 49.6069 51.3789 51.4313 51.0418 51.0144 50.9055 50.904 50.7983 50.6699 49.633 51.6022 51.2184 51.3497 51.0471 50.9871 50.8935 50.7007 50.6693 50.1816 51.6862 51.4427 51.25 51.176 51.1463 51.1348 51.0451 50.7215 50.2953 52.1438 51.72 51.3771 50.9564 51.1492 51.234 51.0316 50.7343 50.3085 52.2794 51.8877 51.4496 51.425 51.2671 51.3494 51.1609 50.9071 
31.883 33.6117 33.3204 32.8011 32.6146 32.3818 31.9794 31.801 31.294 31.9371 33.656 33.0792 32.5591 32.6104 32.3571 31.9239 31.5977 31.2993 31.9391 33.4947 32.9436 32.3365 32.1328 32.0654 31.7716 31.3328 31.1299 31.7385 33.3116 32.9356 32.7273 32.5377 32.3708 31.7043 31.4201 31.3699 31.7233 33.2844 33.1644 32.6551 32.037 31.8914 31.5828 31.2531 31.2427 31.2645 32.9284 32.7408 32.4851 32.0874 31.77 31.4904 31.0952 30.9975 31.294 32.9689 32.6422 32.2719 32.0252 31.5333 31.2968 30.8529 30.7248 31.4406 33.0634 32.738 32.3057 31.875 31.4231 31.3745 30.8936 30.8369 31.7859 33.207 32.6051 32.1758 32.1775 31.7604 31.8482 31.5633 31.0445 
112.061 111.98 112.485 112.352 112.036 112.361 112.531 111.577 111.086 111.855 112.138 111.977 112.233 112.3 112.589 112.883 112.121 111.318 112.218 113.083 112.236 111.337 112.058 112.524 112.753 111.759 111.043 112.711 112.514 112.038 111.677 111.305 111.424 112.58 111.374 111.733 113.533 112.658 111.693 111.544 111.888 112.34 112.719 112.034 112.677 113.07 112.284 112.65 112.109 111.766 112.618 112.731 112.845 113.076 112.611 112.036 112.507 112.042 111.72 112.408 112.342 111.58 111.474 111.969 112.513 112.477 111.83 111.544 111.933 112.466 111.999 111.506 111.397 111.82 112.243 111.785 111.326 111.815 112.114 111.244 111.268 
108.292 108.271 108.632 108.577 108.302 108.405 108.533 107.83 107.503 108.065 108.316 108.213 108.498 108.647 108.574 108.645 108.128 107.552 108.17 108.979 108.48 107.851 108.436 108.622 108.691 107.948 107.307 108.575 108.528 108.404 108.11 107.982 108.058 108.804 107.762 107.877 109.279 108.544 107.884 107.751 108.26 108.674 108.809 108.304 108.659 108.932 108.302 108.624 108.202 108.092 108.785 108.723 108.905 109.121 108.769 108.315 108.843 108.39 108.134 108.535 108.475 108.113 108.094 108.263 108.715 108.906 108.389 108.279 108.577 108.745 108.473 108.123 107.995 108.287 108.719 108.481 108.162 108.671 108.826 108.114 108.238 
97.1953 96.7467 96.3389 96.0147 95.3131 95.9352 96.5788 95.9392 96.0961 96.8956 97.5777 96.5368 96.8224 96.2093 97.3788 97.1639 97.2427 97.3074 98.1925 98.5316 97.3177 97.1712 97.2332 97.4799 97.3047 96.5367 96.3537 101.23 99.1061 97.6515 98.2881 96.6046 97.7544 97.6887 97.1314 96.8127 101.827 100.133 99.0614 98.8293 98.2964 97.7367 97.7416 97.5225 97.4013 101.145 100.607 100.712 100.174 99.6648 99.9708 97.1313 97.6976 97.0262 101.75 101.795 102.292 102.252 101.43 101.245 99.5712 98.8378 98.1609 102.033 102.45 102.228 101.766 101.745 102.859 99.1762 100.421 100.031 100.077 100.807 101.396 101.811 102.213 103.349 101.189 101.176 101.519 
98.4585 98.3117 98.3829 98.5583 98.7761 98.9531 98.7005 99.1364 99.5617 98.2155 98.6253 98.7235 98.8338 98.8106 98.8075 99.0293 99.151 99.7798 98.0272 98.6276 98.9609 98.9746 98.9057 98.9331 99.3073 99.5794 100.368 98.2481 98.4673 98.5397 98.9022 99.3172 99.3374 99.7359 100.371 101.253 98.1457 98.0776 98.2965 98.8428 99.3518 99.8097 100.422 101.183 102.219 98.103 98.3594 98.6093 99.1056 99.5111 100.411 101.037 102.025 102.825 98.3863 98.274 98.8336 99.2121 100.136 100.626 101.46 102.591 102.834 98.3489 98.8412 99.2347 99.5058 100.318 101.476 102.095 102.91 103.151 98.7792 98.9122 99.6087 99.9292 100.844 101.769 102.728 103.062 103.593 
92.3219 92.7516 92.8289 93.5043 94.235 94.7388 94.6705 95.3545 96.2414 92.0893 93.2109 93.8355 94.2546 94.6446 94.7179 95.0985 95.4258 96.743 92.3419 93.486 94.3029 94.685 95.0532 95.2448 95.7108 96.0605 97.7433 93.0173 93.5927 94.0479 94.8317 95.3204 95.8365 96.8038 97.9079 99.3751 93.1449 93.4869 94.2787 95.0746 95.9432 97.1579 98.1726 99.2403 100.791 93.8118 94.3722 94.9604 95.8251 96.8705 98.7201 99.6628 100.759 101.605 94.4066 94.7157 95.3177 96.0626 97.7185 99.4826 100.516 101.852 101.5 94.6841 95.8321 96.3896 97.0777 98.4377 100.495 101.687 102.357 102.482 95.118 96.2065 97.3677 98.155 99.4415 100.915 102.197 102.498 102.889 
79.7932 80.175 80.4342 80.683 81.1766 81.7112 81.833 81.8745 81.7295 79.8078 80.0971 80.658 81.1795 81.3488 81.7065 81.9203 81.7575 81.8106 79.7874 80.1016 80.6962 81.3899 81.8042 82.1077 82.2446 82.2621 82.0452 80.1519 80.6181 80.8983 81.2573 81.7354 82.0632 82.3764 82.4963 82.7074 80.7021 80.9655 81.2004 81.503 81.928 82.3213 82.6722 82.7043 83.0337 81.2868 81.6988 81.4611 81.9823 82.3189 82.6509 82.9943 83.1734 83.2574 82.0917 82.1861 82.1221 82.2836 82.756 83.3617 83.517 83.7505 83.5583 82.7526 83.1204 82.9977 82.9145 83.0521 83.8753 84.3272 84.0111 83.9578 83.3441 83.8139 83.7952 83.6729 83.909 84.3319 84.5747 84.3072 84.2152 
78.361 80.3322 80.3984 80.2083 81.8114 82.4272 81.6354 82.4771 81.594 79.5806 81.3364 81.0915 81.3234 81.4537 82.355 81.9872 81.6183 80.6486 79.5531 81.7709 81.7711 81.8807 81.5759 81.6024 80.7373 80.7781 80.699 79.2113 80.9391 81.2003 81.4845 81.4225 81.458 80.6166 83.4898 82.1339 78.7802 80.6091 80.9297 80.9669 80.8452 81.1317 81.6163 81.6437 81.2421 79.0624 81.3439 80.8482 81.1291 81.6274 81.8883 81.2979 80.268 80.5799 80.5086 81.5574 81.7821 81.6135 81.9653 82.9358 81.2409 80.5223 80.5195 83.687 84.3643 83.0435 81.2408 81.6936 82.6832 82.3559 81.693 81.542 83.0095 83.1242 82.6714 81.9729 82.7832 82.8114 82.8226 81.9141 82.9008 
58.9275 59.3972 59.4461 59.1293 59.2741 59.2019 58.8405 58.7423 57.8635 58.9415 59.4865 59.077 58.8395 59.2338 59.0498 58.6173 58.27 57.9277 58.7127 59.0636 58.716 58.4528 58.5498 58.6044 58.2281 57.9978 57.6958 58.4675 58.7971 58.7537 58.9826 59.1481 58.8982 57.9705 57.8906 58.1712 58.694 58.8681 58.9961 58.8537 58.2288 58.0796 57.848 57.5027 57.6558 57.9385 58.309 58.3022 58.355 58.2122 57.7712 57.6953 57.2085 57.1084 58.0989 58.2706 58.3189 58.1467 58.0166 57.5463 57.2253 56.7091 56.6179 58.4792 58.7956 58.3888 58.2286 57.8916 57.276 57.2787 56.5682 56.559 59.0575 58.9197 58.2898 57.8512 58.3623 57.821 57.8323 57.5067 56.682 
116.927 116.655 117.108 116.753 116.114 116.369 116.444 115.416 114.921 116.768 116.977 116.78 116.997 116.723 116.972 116.977 116.063 115.164 117.086 118.093 117.135 116.186 116.735 117.066 117.068 115.831 114.874 117.777 117.72 117.085 116.502 116.02 116.011 116.909 115.644 115.705 118.537 117.863 116.839 116.481 116.663 116.95 117.1 116.209 116.808 118.008 117.372 117.807 117.224 116.739 117.35 117.234 117.044 117.175 117.445 116.931 117.534 117.117 116.706 117.165 116.882 116.021 115.763 117.005 117.505 117.686 116.889 116.411 116.572 116.839 116.367 115.728 116.531 116.85 117.313 116.752 116.033 116.419 116.61 115.73 115.578 
117.684 117.732 117.631 117.538 117.118 116.883 116.867 117.089 117.057 118.057 117.955 117.816 117.674 117.27 116.912 117.116 117.062 116.937 118.08 118.095 118.035 117.805 117.554 117.405 117.248 116.99 116.936 118.246 117.85 118.077 117.807 117.842 117.642 117.332 116.981 116.941 118.157 118.161 117.916 117.863 118.059 117.783 117.669 117.39 117.079 118.426 118.107 117.85 117.545 117.654 117.645 117.588 117.544 117.285 118.654 118.164 117.901 117.8 117.635 117.643 117.599 117.53 117.372 118.304 118.112 117.987 117.914 117.566 117.481 117.534 117.442 117.368 118.04 117.892 117.82 117.583 117.595 117.582 117.638 117.41 117.384 
117.423 117.537 117.831 118.164 118.229 118.3 118.6 118.995 119.406 117.659 117.889 117.916 118.225 118.487 118.646 118.867 119.128 119.178 117.787 118.179 118.205 118.17 118.58 118.828 119.164 119.162 119.152 117.601 118.048 118.343 118.356 118.89 119.008 119.236 119.222 119.178 117.822 118.121 118.114 118.557 119.21 119.178 119.563 119.606 119.422 118.21 118.375 118.525 118.788 119.046 119.309 119.513 119.684 119.768 118.328 118.374 118.736 119.158 119.41 119.527 119.775 119.652 119.835 118.261 118.38 118.778 119.258 119.643 119.748 119.597 119.727 119.809 118.427 118.447 118.688 119.118 119.457 119.707 119.605 119.808 120.018 
123 123.206 124.156 126.051 128.166 128.748 128.933 129.046 128.265 122.258 122.686 124.678 125.7 127.791 128.49 128.525 128.505 128.707 122.446 123.91 124.443 125.58 126.969 127.91 127.978 127.826 128.414 122.804 124.153 123.712 125.256 126.671 127.6 129.214 129.013 128.953 122.082 123.295 123.327 124.998 126.627 128.004 129.241 130.936 129.755 122.455 122.742 123.691 124.776 125.84 127.064 129.564 130.563 130.737 123.76 124.847 124.747 124.878 125.853 126.699 128.452 129.903 130.573 124.488 125.168 124.537 124.119 124.946 126.611 129.379 131.297 130.901 124.124 125.298 124.623 123.185 122.35 125.8 127.865 127.838 130.178 
124.88 125.41 126.421 127.2 128.217 128.628 128.535 129.653 130.106 125.024 126.182 126.918 128.084 128.343 129.069 129.441 129.641 129.617 125.881 126.567 127.538 128.74 128.963 129.129 130.435 130.859 130.82 126.761 127.133 126.936 129.114 129.323 129.147 130.482 131.663 132.316 126.581 126.468 126.849 128.289 129.119 130.033 130.658 131.515 132.634 125.64 126.295 126.964 128.349 128.933 130.974 131.603 131.842 132.156 125.337 126.291 127.192 127.787 129.129 130.758 131.88 132.459 132.03 125.438 126.478 126.673 127.536 128.479 130.374 132.317 132.54 132.813 125.149 125.884 126.643 127.265 128.372 130.138 132.126 131.661 132.519 
130.067 129.774 129.732 132.891 134.997 133.306 132.556 133.92 135.225 130.427 131.248 131.432 131.791 131.956 134.531 134.35 134.568 135.349 130.946 132.977 133.466 134.923 134.614 135.48 134.172 135.043 136.219 131.894 132.898 133.436 133.403 133.39 133.884 133.15 135.284 136.76 131.169 131.823 131.524 130.645 131.214 133.008 133.995 133.117 132.986 132.372 132.576 131.099 131.427 131.36 132.116 134.64 134.471 133.771 133.477 133.813 135.077 132.229 132.039 132.964 134.974 137.281 136.281 134.074 135.943 136.693 135.139 134.14 133.416 134.877 135.234 134.93 134.675 133.995 134.371 133.864 133.839 131.412 132.332 133.28 133.982 
110.988 111.15 112.025 112.525 115.028 116.074 115.749 116.908 115.953 112.452 112.667 113.146 114.37 114.627 116.161 116.261 116.051 114.648 112.197 113.153 114.115 115.266 115.343 115.426 114.667 115.231 115.088 111.81 112.295 113.272 114.249 114.404 114.398 114.138 118.494 116.774 111.462 111.757 112.791 113.46 113.928 114.327 115.569 116.154 115.536 112.306 113.022 112.875 113.729 114.831 115.515 115.266 114.45 114.696 114.186 113.232 114.278 114.676 115.323 117.022 115.296 114.831 114.992 118.265 116.864 115.676 114.085 115.091 116.721 116.515 116.275 115.946 117.127 115.17 115.273 114.921 116.103 116.477 116.589 115.708 117.444 
108.117 108.749 109.711 109.46 111.21 112.33 112.011 112.906 112.015 109.687 110.151 110.2 110.554 110.879 112.117 112.222 112.242 111.247 109.871 110.73 111.131 111.456 111.054 111.55 111.135 111.706 111.837 109.212 109.527 110.395 111.114 111.36 111.782 111.265 114.779 113.242 108.238 108.905 109.892 110.68 110.845 111.632 112.508 112.605 112.323 108.305 109.224 109.873 110.983 112.225 112.692 112.363 111.02 111.784 109.967 109.626 111.093 111.671 112.786 113.699 112.578 111.79 111.4 113.637 112.684 112.478 111.382 112.66 113.477 113.694 113.52 113.215 112.768 111.166 111.333 112.153 113.213 113.528 114.021 113.538 114.732 
134.703 134.048 133.074 131.892 130.157 128.918 127.855 127.327 127.054 135.56 135.039 134.108 132.776 130.86 129.447 128.575 127.624 126.885 134.992 134.768 134.426 133.488 131.698 130.382 129.077 127.992 126.897 135.636 134.882 134.525 133.66 132.553 131.111 129.518 128.226 127.163 135.272 135.191 134.715 133.874 133.351 132.189 130.63 129.342 128.017 134.644 135.035 134.93 133.996 133.648 132.72 131.539 130.233 128.741 134.509 134.634 134.68 134.033 133.674 133.076 131.844 130.538 129.051 134.774 134.351 134.505 134.117 133.418 132.747 131.887 130.91 129.366 134.398 134.069 134.16 133.87 133.584 133.031 132.345 131.393 130.037 
131.135 130.426 129.827 129.245 127.916 127.091 126.68 126.546 126.349 131.386 130.849 130.049 129.537 128.333 127.448 126.658 126.308 125.745 131.196 131.254 130.398 129.689 128.627 127.589 126.873 126.17 125.582 131.319 131.237 130.595 129.68 128.374 127.396 126.656 126.144 125.452 131.395 131.204 130.372 129.664 128.548 127.481 126.825 126.21 125.686 131.687 131.097 130.473 129.645 128.637 127.686 126.807 126.125 125.685 131.438 130.842 130.297 129.622 128.577 127.933 126.919 125.814 125.485 131.238 130.538 130.192 129.396 128.306 127.316 126.476 125.799 125.171 130.907 130.357 129.715 129.245 127.834 127.088 126.335 126.06 125.559 
130.163 130.175 130.676 131.64 132.718 132.799 132.757 132.835 131.939 129.811 129.844 130.914 131.28 132.366 132.735 132.708 132.485 132.166 129.8 130.7 130.792 131.379 131.937 132.328 132.328 131.727 131.665 129.932 130.928 130.474 130.994 131.565 131.903 132.649 132.045 131.692 129.607 130.276 129.743 130.649 131.591 131.852 132.44 133.217 132.164 129.845 129.846 129.806 130.082 130.705 130.824 132.214 132.696 132.376 130.296 130.611 130.261 130.052 130.242 130.421 131.238 131.763 132.243 130.678 130.743 130.076 129.566 129.45 130.016 131.601 132.278 131.803 130.576 130.827 129.927 128.845 127.795 129.445 130.497 130.218 131.314 
133.591 133.605 134.293 135.764 137.645 137.92 137.942 138.04 137.302 132.764 132.902 134.349 135.3 137.075 137.752 137.729 137.667 137.45 133.057 133.981 134.264 135.531 136.481 136.942 137.483 137.451 137.166 133.478 134.638 133.689 135.158 135.991 136.401 137.927 137.905 137.58 133.118 133.683 132.897 134.195 135.554 136.479 137.435 138.766 137.868 132.556 132.621 132.845 133.458 134.298 135.221 137.243 137.95 137.917 133.34 134.238 133.884 133.472 134.2 134.739 135.974 136.837 137.565 134.031 134.488 133.404 132.463 132.928 134.205 136.801 137.854 137.337 133.576 134.199 133.127 131.654 130.419 133.287 135.213 135.002 136.914 
143.944 143.559 143.668 147.086 149.054 147.143 146.69 147.443 148.373 143.048 143.871 144.733 145.008 146.075 148.143 147.882 147.91 149.139 143.665 145.777 146.157 147.722 147.927 148.931 148.153 148.633 149.641 145.019 146.441 146.116 146.625 146.921 147.375 147.59 147.66 149.798 144.375 145.069 144.214 143.827 144.655 146.552 147.526 147.191 146.772 144.729 144.636 143.502 143.691 143.37 144.217 147.899 148.631 147.791 145.237 146.411 147.101 143.945 143.568 143.845 147.274 150.315 149.87 144.298 146.894 147.452 146.212 144.929 144.097 147.141 148.306 147.847 145.164 145.709 145.239 143.897 142.614 141.821 143.875 144.844 145.877 
153.266 152.865 152.638 155.438 156.412 154.067 153.816 154.761 156.223 152.796 153.471 153.677 153.673 153.661 155.408 155.377 155.523 156.579 153.139 154.687 155.163 156.378 156.101 156.793 156.043 156.704 157.516 154.493 155.348 155.503 155.28 155.187 155.512 154.915 155.246 157.497 154.354 154.554 153.95 152.859 153.209 154.706 155.131 154.135 154.261 154.863 154.487 153.235 153.262 152.526 153.052 155.912 156.051 154.978 154.789 155.337 156.501 153.693 152.939 153.042 155.9 158.522 157.381 153.54 155.755 156.976 156.437 154.858 153.531 155.428 155.869 155.567 154.435 154.545 154.767 154.504 153.948 151.485 152.626 153.804 153.796 
157.247 157.64 157.859 160.093 161.323 160.037 159.523 160.479 161.117 158.097 158.718 158.654 158.964 159.014 161.046 160.755 161.084 161.549 158.685 159.941 160.246 161.575 160.86 161.699 160.719 161.806 162.362 159.02 159.601 160.365 160.233 160.252 160.78 159.84 161.618 162.544 157.914 158.773 158.735 157.931 158.38 159.814 160.37 160.039 159.993 159.217 159.319 158.46 158.796 158.845 158.765 160.92 160.844 160.552 159.922 160.171 161.753 159.61 159.415 159.557 161.299 163.349 162.505 160.504 161.733 163.083 161.674 161.098 160.221 161.703 162.295 161.256 161.064 160.26 160.741 160.666 160.622 158.13 159.097 160.299 160.733 
172.43 172.739 175.614 174.535 174.421 175.853 178.533 178.933 179.978 172.795 173.394 174.563 174.288 174.274 175.81 178.346 179.396 179.627 173.229 174.587 175.404 175.41 174.965 177.234 179.022 180.616 181.211 173.229 174.293 175.238 175.765 176.906 178.83 180.316 181.439 181.371 173.205 173.924 174.951 176.819 178.127 179.979 181.214 180.662 181.295 173.521 173.21 175.265 177.818 179.683 180.432 182.116 181.294 182.631 174.819 174.16 177.366 178.636 181.029 181.274 183.996 184.728 182.579 175.889 174.884 178.392 180.643 182.385 182.463 184.873 187.124 186.137 175.723 175.456 175.885 181.611 181.432 182.79 184.6 185.79 186.233 
144.769 144.96 144.892 144.505 144.516 142.88 141.629 141.412 141.215 145.135 145.794 146.182 146.17 144.899 143.037 141.533 141.257 141.505 145.371 146.252 146.265 146.352 144.492 143.333 140.975 141.537 141.036 145.96 145.945 146.438 145.71 144.614 143.913 140.629 140.789 140.708 146.314 148.392 148.223 145.997 145.914 144.636 142.635 142.06 140.622 147.952 148.53 147.841 146.525 146.371 145.02 143.543 143.707 141.687 147.862 148.06 146.486 145.072 145.678 144.873 143.249 143.368 141.343 147.427 147.408 147.011 146.356 146.898 144.898 144.173 142.459 141.089 148.69 148.035 147.587 146.993 146.174 145.875 144.592 142.6 141.445 
145.401 144.688 143.147 141.533 138.228 136.505 135.182 134.485 133.684 145.274 144.576 143.145 140.966 138.761 136.122 134.792 134.249 133.196 145.13 144.513 142.864 141.061 138.404 136.909 134.49 133.314 132.838 145.294 144.478 143.218 140.489 137.839 136.038 134.737 132.669 132.182 145.268 144.331 142.809 140.586 137.896 136.078 134.481 133.293 131.774 145.056 143.744 142.461 140.39 138.548 135.664 133.931 132.853 131.853 144.588 143.46 141.61 139.731 137.731 135.46 133.576 132.83 131.81 144.145 143.109 141.334 139.488 137.055 135.052 133.654 132.56 131.547 143.84 142.669 141.093 139.438 136.734 134.955 133.609 132.364 131.244 
138.798 138.884 138.889 138.963 138.598 138.553 138.467 138.989 138.713 138.753 139.056 138.857 138.816 138.727 138.731 138.615 139.158 138.711 138.964 139.29 139.134 138.972 138.832 138.604 138.846 138.732 138.487 138.657 139.229 139.09 138.916 138.684 138.472 138.64 138.314 138.061 138.723 139.198 139.004 139.08 138.962 138.483 138.401 138.281 137.981 138.763 139.048 139.143 138.96 138.875 138.557 138.482 138.229 137.83 138.567 138.83 138.638 138.692 138.557 138.559 138.438 138.018 137.936 138.498 138.618 138.495 138.465 138.396 138.255 138.185 137.811 137.622 138.325 138.403 138.245 138.538 138.297 138.121 137.828 137.837 137.403 
149.331 148.522 149.222 149.8 152.206 150.973 151.42 153.421 152.878 150.197 148.122 151.914 152.579 153.385 151.483 149.904 150.609 152.149 151.687 150.437 151.605 152.833 152.998 149.431 149.69 150.106 151.558 151.374 151.816 152.038 153.423 153.312 151.834 151.67 152.587 151.865 148.763 150.098 152.607 153.574 153.759 152.226 149.776 150.386 150.763 151.514 151.342 152.766 151.541 152.343 151.768 150.835 150.749 151.96 152.296 151.1 150.632 150.36 149.495 149.621 150.808 152.881 152.689 153.617 150.88 150.964 149.576 147.716 147.969 150.246 151.772 151.255 150.327 150.736 151.701 149.936 147.155 147.699 150.414 150.278 150.293 
161.463 162.579 163.83 163.839 165.047 166.536 166.482 165.06 164.51 161.355 162.538 163.898 164.582 165.335 165.178 165.27 164.906 164.896 162.154 162.699 164.382 165.413 165.781 165.526 165.098 165.366 166.011 162.346 163.921 164.968 166.507 166.865 166.024 165.284 165.631 165.705 162.52 165.191 167.084 167.798 168.036 167.465 165.626 165.287 165.55 163.147 164.348 166.957 166.849 166.507 165.641 165.459 164.906 163.559 164.114 164.964 165.242 165.94 165.17 165.093 166.023 165.9 163.951 163.99 165.252 164.795 164.619 165.66 166.338 166.883 166.653 166.363 164.32 164.401 164.671 164.641 164.898 165.322 164.819 165.502 165.782 
171.171 171.664 171.675 173.912 174.35 172.425 171.943 172.479 173.511 171.613 172.296 172.396 172.345 172.393 173.688 173.228 173.489 174.397 171.943 173.224 173.393 174.307 174.026 174.672 173.883 174.611 174.954 172.858 173.338 174.039 173.483 173.696 174.223 172.976 172.878 175.043 172.493 173.255 172.785 171.668 171.908 172.968 172.809 172.484 172.992 173.965 173.579 172.682 172.337 171.922 170.999 173.564 174.276 173.902 174.025 174.296 175.454 172.926 172.156 171.559 173.704 176.511 175.945 173.06 174.597 176.093 175.12 173.922 172.428 173.968 174.695 173.78 174.126 173.568 173.948 173.931 173.359 170.047 170.6 172.321 172.404 
194.236 195.514 195.89 196.187 195.824 195.216 195.058 194.855 194.851 195.504 195.747 195.9 196.185 196.184 195.623 195.533 195.722 195.614 195.327 195.22 195.59 195.784 196.133 196.182 195.672 196.261 195.914 195.039 194.918 195.621 195.613 196.329 196.925 195.635 195.767 195.925 195.06 195.946 195.858 195.777 196.367 196.543 195.732 196.635 197.047 196.928 196.455 196.546 196.641 197 196.033 196.404 196.973 197.08 197.112 196.604 196.954 197.195 197.257 196.825 196.671 197.601 197.608 197 196.327 197.206 197.332 197.405 197.56 198.123 198.689 197.574 197.438 196.799 197.234 197.39 197.433 196.578 197.073 198.02 198.081 
198.832 200.555 202.246 202.135 202.035 201.883 201.481 201.448 201.503 200.275 200.614 201.422 202.587 201.865 201.506 201.182 202.382 201.96 199.346 200.097 200.828 202.31 201.186 202.289 202.038 203.725 202.368 199.014 198.973 200.629 201.324 202.484 203.877 202.997 203.19 202.762 199.472 199.893 200.176 200.789 201.853 202.122 202.55 203.349 204.317 202.41 201.533 201.41 202.293 203.224 201.602 204.12 204.131 204.675 201.536 201.536 203.353 203.01 202.649 203.653 203.545 204.604 203.887 202.973 202.515 203.598 202.563 202.377 204.522 205.493 206.804 203.363 202.994 202.485 202.131 203.094 203.413 201.584 201.884 204.799 204.546 
147.958 147.992 148.092 148.141 148.673 147.228 146.197 146.055 145.908 148.39 148.812 149.526 149.837 149.051 147.372 145.999 145.85 146.427 148.493 149.189 149.522 149.903 148.508 147.499 145.414 146.035 145.83 148.846 148.799 149.614 148.904 148.529 148.192 145.102 145.109 145.363 149.314 151.398 151.331 149.155 149.59 148.89 147.051 146.554 145.433 150.818 151.577 151.074 149.863 150 149.041 147.795 148.173 146.292 150.782 151.258 149.915 148.361 149.362 148.794 147.479 147.695 145.782 150.353 150.75 150.249 150.609 150.522 149.114 148.538 146.877 145.558 151.632 151.24 150.85 150.397 149.867 149.995 148.831 146.689 145.941 
151.412 152.703 152.594 152.608 153.212 152.455 150.847 151.274 150.344 152.111 153.362 153.811 153.899 153.27 152.48 150.836 149.752 151.233 151.656 152.51 153.548 154.17 153.13 152.584 150.249 151.016 152.375 150.866 151.576 152.922 153.002 151.96 151.946 151.369 152.752 152.915 150.527 153.873 154.694 153.312 152.55 152.277 152.891 154.213 153.874 154.993 155.53 155.961 154.875 154.144 153.613 155.189 156.776 156.794 153.532 153 152.694 152.362 153.047 153.041 152.874 153.854 152.66 153.148 155.376 153.943 153.101 153.643 151.965 151.544 152.5 152.545 153.509 153.059 152.34 152.005 151.639 152.757 154.491 154.368 151.969 
153.521 154.138 154.954 155.082 157.135 155.979 156.347 158.678 158.596 154.862 154.03 157.552 158.274 158.454 156.64 155.229 156.348 157.827 156.605 155.889 157.166 158.328 158.364 154.871 155.3 155.996 157.564 156.229 157.166 157.829 158.87 158.924 157.661 157.218 158.192 157.883 154.167 155.819 158.39 159.284 159.433 158.255 155.87 156.14 157.255 156.858 157.559 158.882 157.815 158.679 158.457 156.941 156.891 158.472 157.183 156.94 156.797 156.711 156.216 156.784 157.107 159.239 158.966 157.746 156.315 156.986 156.265 154.855 155.019 155.965 157.548 157.493 154.233 155.502 157.303 157.049 155.475 154.98 156.467 156.85 156.631 
160.475 160.206 161.363 161.393 163.503 162.826 163.343 164.602 164.424 161.734 160.144 164.059 164.824 165.17 162.933 161.4 162.095 163.658 163.822 162.337 164.206 165.563 165.425 161.29 161.252 162.055 163.708 163.456 164.238 165.255 166.812 166.442 164.147 163.139 164.343 163.56 160.951 163.36 167.066 167.744 167.479 165.319 161.419 161.26 162.416 164.013 164.582 167.211 165.608 165.934 164.805 162.712 161.788 162.701 164.864 163.977 163.859 164.049 162.685 162.744 163.809 165.137 163.794 165.955 163.728 164.087 163.107 161.704 161.839 163.107 164.195 163.746 162.901 163.088 164.623 163.737 161.728 161.32 162.865 163.415 162.854 
166.5 166.33 167.756 167.646 169.981 169.721 170.331 170.925 170.682 167.628 166.438 170.447 171.135 171.623 169.323 167.836 168.192 169.902 169.96 168.756 170.695 171.949 171.723 167.558 167.548 168.237 170.129 169.719 170.75 171.874 173.62 172.998 170.486 169.386 170.657 170.119 167.163 169.785 173.928 174.753 174.223 171.889 167.722 167.414 168.736 170.39 171.103 174.068 172.36 172.448 171.051 168.835 167.827 168.685 171.423 170.616 170.539 170.574 168.864 168.753 169.947 171.25 169.648 172.389 170.234 170.618 169.484 167.849 168.092 169.358 170.273 169.904 169.243 169.35 171.042 169.921 167.667 167.238 168.66 169.147 168.814 
204.96 205.035 205.116 203.363 205.209 206.015 206.577 205.708 204.144 204.425 204.225 206.575 204.363 205.806 204.423 206.365 205.911 203.957 205.425 204.307 207.091 205.782 206.208 205.413 205.772 207.003 204.875 206.595 206.969 208.844 207.624 206.754 205.343 207.604 205.823 204.691 207.023 207.409 208.392 207.568 207.174 207.447 208.494 206.211 205.269 207.033 207.621 207.686 208.184 208.387 207.28 205.379 206.084 205.403 207.324 209.034 207.592 208.39 208.766 206.954 207.236 207.875 205.391 207.781 208.705 207.006 207.553 208.185 206.718 205.452 207.683 206.834 201.319 201.877 201.76 202.388 200.566 200.302 199.805 201.77 203.319 
211.919 213.019 213.908 214.45 214.282 213.85 213.244 213.079 213.322 212.971 213.488 214.069 214.642 214.429 213.89 213.201 214.075 213.984 212.92 213.247 213.872 214.278 214.244 214.377 213.731 214.775 214.117 212.999 212.968 213.911 214.236 214.593 215.279 214.417 214.591 214.748 213.103 213.339 214.139 213.837 214.016 214.487 214.575 214.907 215.757 214.773 214.192 214.75 214.845 215.26 214.112 215.087 215.203 215.316 214.62 214.598 215.655 214.947 214.913 215.04 215.064 215.31 215.343 215.502 215.067 215.335 214.566 214.512 215.376 216.194 216.639 215.002 215.829 214.821 214.865 215.005 215.021 214.112 214.246 215.799 215.741 
247.808 247.937 248.072 248.282 248.259 247.967 241.19 245.82 244.897 246.993 245.571 244.647 248.137 248.236 244.953 241.034 247.92 246.444 246.91 245.924 246.964 247.963 248.406 246.147 243.761 248.096 248.473 247.147 246.273 247.352 248.179 245.034 248.355 246.836 248.339 248.262 247.63 246.828 246.463 247.991 246.834 248.239 247.631 248.244 246.062 248.305 248.044 243.75 246.466 246.891 248.399 248.467 248.309 244.583 248.245 248.149 248.256 248.211 248.058 248.526 248.343 246.737 244.317 248.515 248.515 248.355 247.612 247.924 248.033 247.011 248.764 248.533 248.441 248.632 244.249 246.374 241.252 248.743 248.829 248.912 248.883 
152.007 152.965 152.612 152.437 153.152 152.332 150.665 150.816 149.742 153.076 153.905 154.222 154.276 153.598 152.498 150.634 149.032 150.78 152.581 153.13 154.069 154.752 153.463 152.578 149.874 150.472 152.025 151.812 152.261 153.513 153.465 152.217 152.042 151.051 152.482 152.567 151.517 154.863 155.423 153.606 152.686 152.317 152.743 154.043 153.556 156.324 156.695 156.838 155.546 154.561 153.783 155.403 156.991 156.862 154.783 153.933 153.518 152.957 153.625 153.369 153.038 153.786 152.316 154.575 156.34 154.99 154.93 154.443 152.474 151.764 152.468 152.354 155.262 154.27 153.453 152.992 152.305 153.373 155.074 154.591 151.959 
155.236 156.768 156.147 155.578 156.354 156.492 154.946 155.008 154.071 158.06 158.704 158.697 158.676 158.432 158.258 156.71 155.105 156.566 157.691 157.585 158.055 158.831 158.623 158.098 156.205 156.25 158.113 156.998 157.243 157.706 157.919 157.624 157.74 158.156 158.887 159.143 157.343 158.416 158.439 157.954 157.289 158.12 159.536 160.889 160.973 160.819 160.456 160.521 159.954 159.211 159.441 161.49 162.913 164.174 159.461 158.733 158.949 158.71 159.168 159.66 158.867 159.89 159.852 159.047 161.136 160.118 159.898 159.188 158.32 156.925 158.991 159.752 158.36 157.911 157.88 158.139 157.937 158.533 159.924 160.652 159.212 
157.85 159.697 159.486 159.503 160.304 160.741 159.343 159.528 158.611 158.605 159.956 160.244 160.464 160.725 160.952 159.646 158.36 159.519 158.65 159.04 159.67 160.518 161.036 160.868 159.438 159.592 161.047 158.048 158.798 159.292 159.842 159.818 160.239 161.221 161.943 161.768 158.144 159.675 160.132 160.076 159.522 160.319 161.975 163.438 163.396 161.271 161.492 161.815 161.552 161.132 161.567 163.652 165.053 166.296 159.712 159.69 159.903 160.27 160.841 161.604 161.177 162.275 162.349 159.759 162.091 161.033 160.635 161.127 160.364 159.487 161.578 162.289 159.231 159.071 159.023 159.67 159.779 160.692 162.229 163.17 161.57 
161.981 161.863 162.488 162.548 164.703 163.43 163.611 165.503 165.428 163.52 161.65 165.264 165.882 166.236 164.008 162.023 162.62 164.319 165.526 163.7 164.747 165.919 166.083 161.947 161.914 162.386 164.055 165.405 165.297 165.627 166.665 166.564 164.913 164.246 165.09 164.469 163.376 163.702 166.362 167.004 166.829 165.52 162.777 162.922 163.597 166.259 165.756 166.772 165.377 166.012 165.885 163.95 163.381 165.342 166.514 165.28 164.833 164.495 163.734 164.199 163.797 165.92 165.662 167.218 164.717 165.367 164.151 162.186 162.144 162.59 164.195 164.01 163.244 163.518 165.486 164.674 162.79 161.992 163.114 163.462 163.142 
202.662 202.482 202.678 200.11 202.6 204.222 204.591 203.465 201.069 202.062 201.482 204.411 201.494 203.521 201.855 204.549 203.65 200.528 203.034 201.619 205.024 203.577 203.52 202.486 203.399 204.681 201.495 204.568 205.31 207.597 206.043 204.601 202.478 205.774 202.966 201.042 205.14 205.684 206.855 205.626 204.868 204.978 206.45 203.401 201.804 204.258 205.715 205.425 205.752 205.92 204.761 202.199 202.971 202.283 203.953 206.929 204.996 206.105 206.243 204.3 204.343 205.038 201.551 204.527 206.303 204.058 204.66 205.3 203.478 201.669 204.557 203.276 196.479 197.648 197.095 198.034 195.886 195.168 194.132 196.96 198.697 
224.106 223.537 223.371 221.111 222.683 223.695 224.402 224.076 222.1 223.255 222.522 225.005 222.171 223.654 221.974 224.821 224.42 221.459 224.099 222.773 225.465 223.677 223.579 222.592 224.107 225.6 222.04 225.456 226.043 228.064 226.056 224.353 222.778 226.393 223.699 222.207 226.11 225.362 226.356 224.886 223.921 224.638 226.764 223.971 222.422 224.848 225.986 225.071 225.251 225.622 225.353 222.958 223.767 223.274 224.063 226.982 225.632 225.957 226.692 225.062 224.467 225.036 222.54 225.093 226.21 224.846 224.986 224.935 223.185 221.714 224.221 223.243 215.453 216.168 216.114 216.712 214.392 213.504 212.858 215.442 217.395 
245.782 245.681 245.574 245.665 246.051 245.942 239.527 244.207 243.157 245.045 243.846 243.252 245.645 246.123 242.809 239.631 246.211 244.535 245.412 244.213 245.585 245.685 245.986 243.755 241.999 246.494 246.136 245.732 245.223 246.474 246.634 243.086 245.77 245.024 246.185 245.845 246.165 245.641 245.708 246.182 244.624 246.174 245.911 246.246 243.886 246.37 246.432 242.796 244.997 245.242 246.507 246.018 246.182 242.988 246.49 246.57 246.29 246.56 246.719 246.556 246.592 245.111 242.582 246.836 246.702 246.132 245.818 246.507 245.801 244.746 246.809 246.689 243.044 243.148 239.002 241.098 236.38 243.026 242.91 243.48 243.919 
252.146 252.018 252.1 252.444 252.611 252.538 245.533 249.996 248.783 251.128 249.518 248.809 252.563 252.612 249.376 245.412 252.417 250.526 251.156 250.147 251.283 252.313 252.4 250.37 248.234 252.585 252.711 251.518 250.653 251.897 252.593 249.257 252.699 251.358 252.809 252.65 252.055 250.914 250.969 252.264 250.796 252.386 251.996 252.611 250.429 252.579 252.218 248.111 250.791 251.059 252.536 252.845 252.586 248.768 252.363 252.148 252.584 252.46 252.199 252.866 252.711 250.852 248.238 253.007 252.805 252.461 251.45 251.906 252.105 251.263 252.84 252.36 252.632 252.595 247.924 250.281 245.224 252.661 252.447 252.831 252.584 
