2158640
106.754 106.157 105.953 105.438 105.126 104.23 103.562 103.316 102.922 107.252 107.284 105.733 105.688 105.294 104.571 103.71 103.305 102.91 107.395 106.709 105.714 105.369 105.439 104.378 104.123 103.497 103.076 107.933 106.991 106.512 105.833 105.552 104.951 104.511 104.045 103.701 108.24 107.576 106.902 106.354 105.93 105.286 104.888 104.422 104.189 109.012 108.111 107.155 106.563 105.926 105.591 105.284 105.03 104.509 108.912 108.069 107.518 106.931 106.405 105.549 105.33 104.901 104.721 108.465 108.106 107.709 107.901 107.364 106.179 105.205 105.042 104.513 108.999 108.559 108.213 108.055 107.147 106.156 105.101 104.691 104.751 
110.315 110.213 110.18 109.935 109.848 109.342 108.696 108.099 107.767 111.01 110.997 110.248 110.6 110.353 110.369 109.746 108.591 108.351 111.77 111.609 110.706 110.171 110.684 110.451 110.02 109.351 108.956 112.293 111.749 111.012 110.132 109.941 109.285 110.063 109.182 108.971 111.669 111.27 110.749 110.574 109.879 109.718 110.836 109.552 109.512 112.053 111.181 110.696 110.553 109.552 109.897 110.54 110.249 109.312 111.802 110.643 110.235 110.325 110.015 110.004 110.166 109.846 109.315 111.494 111.285 110.922 110.845 110.782 110.325 109.942 109.842 109.347 111.603 111.379 111.426 111.226 110.95 110.216 109.755 109.398 108.801 
112.793 112.632 113.264 113.061 112.551 112.659 112.732 111.95 111.395 112.637 112.982 112.879 113.208 112.953 113.092 113.233 112.548 111.801 113.128 114.094 113.201 112.263 112.855 113.145 113.323 112.158 111.486 113.847 113.677 113.037 112.514 112.168 112.222 113.223 112.014 112.548 114.823 113.884 112.822 112.622 113.163 113.425 113.714 113.028 113.93 114.428 113.652 114.058 113.559 113.109 114.012 114.013 114.207 114.496 113.936 113.326 114.006 113.491 113.104 113.723 113.784 113.19 112.982 113.325 114.064 114.063 113.339 112.996 113.477 114.005 113.667 113.123 112.925 113.414 113.867 113.3 112.781 113.346 113.763 112.946 113.001 
116.951 116.938 117.098 116.963 116.741 116.745 116.612 116.317 116.13 117.877 117.649 117.662 117.787 117.378 117.754 117.599 116.944 116.855 118.535 118.509 118.199 117.871 117.968 118.194 118.095 117.533 117.354 118.952 118.56 118.117 117.675 117.703 117.488 117.974 117.257 117.145 118.476 118.282 118.114 118.216 117.916 117.82 118.671 117.673 117.677 118.815 118.395 118.364 118.412 117.816 118.066 118.526 118.258 117.673 118.654 118.195 117.843 118.038 118.061 118.159 118.233 117.986 117.592 118.596 118.635 118.397 118.055 117.92 118.051 117.997 117.812 117.698 118.484 118.335 118.481 118.1 117.949 117.747 117.677 117.575 117.261 
124.384 123.99 123.813 123.605 123.285 123.301 123.807 124.164 124.164 124.743 124.402 124.442 124.304 123.752 123.878 124.051 124.282 124.13 124.967 124.98 124.9 124.729 124.473 124.436 124.463 124.257 124.24 125.494 125.342 125.217 125.014 124.705 124.516 124.721 124.642 124.246 125.591 125.762 125.502 125.46 125.254 125.074 125.156 125.107 124.742 125.994 126.091 125.93 125.812 125.745 125.438 125.495 125.314 125.005 126.452 126.656 126.002 125.89 126.039 126.055 125.971 125.416 125.102 126.122 125.991 125.953 126.119 125.928 125.86 125.745 125.488 125.169 126.07 125.815 126.187 126.089 125.828 125.706 125.288 125.4 125.161 
130.236 130.088 129.878 129.465 128.987 128.981 128.869 128.541 128.371 130.932 130.99 130.473 130.142 129.534 129.434 129.251 128.963 128.678 131.303 131.536 131.095 130.879 130.307 130.044 129.899 129.1 128.929 131.621 131.79 131.575 131.342 130.584 129.902 130.044 129.6 129.182 131.698 131.876 131.686 131.591 131.044 130.533 130.362 129.958 129.372 131.698 131.911 131.866 131.597 131.568 131.088 130.643 129.992 129.471 131.399 131.549 131.365 131.484 131.597 131.313 130.904 130.009 129.775 131.449 131.035 131.155 131.296 131.261 131.047 130.903 130.458 129.803 131.563 131.154 131.222 131.546 131.226 130.889 131.001 130.753 130.234 
135.503 135.392 135.055 134.729 134.835 134.534 133.971 134.551 134.479 136.27 136.618 135.902 135.93 135.352 135.385 134.911 134.589 133.869 137.139 137.372 137.079 137.185 136.38 135.764 135.747 134.992 133.982 137.883 137.875 137.126 138.035 137.348 135.954 135.662 135.441 134.768 137.895 137.678 137.182 137.901 137.543 136.731 135.583 135.17 134.81 136.599 137.147 137.213 137.574 137.349 137.208 136.356 135.178 134.349 136.042 136.402 136.812 136.97 137.023 137.142 136.784 135.76 134.891 136.19 135.844 135.889 136.476 136.337 136.122 136.647 135.808 135.18 135.99 135.619 135.623 135.72 135.875 136.053 136.566 135.629 134.965 
141.577 140.909 139.974 139.297 138.466 138.366 138.257 138.116 137.956 142.273 141.454 140.771 139.864 139.027 138.996 138.496 138.566 138.556 141.553 141.181 141.066 140.188 139.823 139.075 138.859 138.5 138.03 141.878 142.021 141.637 141.509 140.702 139.649 139.137 138.378 138.238 141.724 141.86 142.076 142.628 142.239 141.831 140.123 139.354 139.172 141.303 141.805 142.214 142.246 142.188 140.761 140.429 139.573 138.61 140.962 140.989 141.186 142.087 141.764 141.127 140.377 139.541 138.701 141.476 141.062 140.87 141.424 141.184 141.145 140.615 139.714 138.768 141.377 140.969 140.983 140.994 141.678 141.434 141.237 140.402 139.021 
143.036 143.113 143.52 143.511 144.974 143.9 142.745 142.839 143.103 143.741 143.432 144.779 145.201 144.999 143.643 142.28 142.431 143.359 143.701 143.861 145.094 145.194 144.246 143.709 141.694 142.717 143.268 143.493 143.522 144.596 145.071 144.823 144.798 141.527 142.835 143.573 144.323 146.646 147.051 145.64 146.389 145.366 143.448 143.677 143.335 146.663 148.198 147.438 146.21 147.269 146.42 144.214 145.034 143.548 146.471 147.244 145.303 144.313 145.86 145.196 143.923 144.68 142.663 146.068 146.534 145.81 145.907 147.573 145.241 144.501 143.938 142.234 147.418 146.67 146.315 146.699 146.213 146.719 144.867 143.655 143.585 
135.823 135.879 135.757 135.647 135.908 135.947 135.5 134.982 134.546 150.623 150.899 151.057 151.273 151.328 151.055 150.444 150.062 149.292 151.051 151.027 151.209 151.349 151.55 150.814 150.35 149.749 149.211 150.154 149.57 150.804 151.408 151.663 151.114 150.318 150.125 149.079 150.692 150.411 151.143 150.92 150.688 151.095 150.423 149.867 148.812 150.685 150.894 150.638 150.027 149.979 149.772 149.417 148.983 148.927 150.536 150.873 150.453 150.569 150.009 149.42 149.7 149.589 148.703 150.943 151.149 150.764 151.288 150.215 150.179 149.911 149.593 148.853 151.214 151.021 150.649 150.704 150.419 150.372 149.875 149.522 148.851 
54.6006 53.0556 52.5932 52.4151 52.0833 51.7129 51.5863 52.2604 52.5882 172.251 171.815 171.492 170.921 171.195 170.912 170.862 171.779 170.681 173.109 173.15 171.841 171.953 171.304 170.914 171.15 171.56 170.603 173.241 172.578 172.153 172.137 171.067 170.698 170.984 170.748 170.058 172.669 171.831 171.56 171.148 171.218 170.628 170.355 170.319 170.062 171.637 171.062 170.715 170.899 170.752 170.525 171.119 169.794 169.465 170.372 170.051 169.627 169.636 169.757 169.946 171.064 170.145 168.401 169.179 168.908 168.973 169.179 168.8 168.964 170.063 170.021 168.371 168.101 168.264 168.621 169.372 168.449 169.644 169.449 168.655 168.061 
99.6875 99.1354 98.9466 98.9072 98.7724 98.7652 98.5656 98.9962 99.2563 100.408 100.12 99.6841 99.4054 99.4429 99.2453 99.1884 99.1778 99.3818 100.655 100.564 100.317 100.328 100.215 99.8069 99.8154 99.7409 99.6437 101.183 101.287 101.163 101.152 101.084 100.572 100.576 100.421 100.487 102.113 101.976 101.651 101.534 101.628 101.4 101.268 101.467 101.529 103.396 102.852 102.785 102.543 102.629 102.299 101.885 102.181 102.239 104.297 103.83 103.855 103.991 103.898 103.343 103.038 102.916 102.621 104.399 104.512 104.564 104.729 104.705 104.396 104.051 103.628 103.38 105.075 105.339 105.182 105.14 105.237 105.32 104.96 104.322 104.208 
106.702 106.427 107.04 106.879 106.532 106.847 106.69 106.195 105.799 106.153 106.731 106.631 106.764 106.759 106.515 106.788 106.684 105.995 106.332 107.406 106.851 106.13 106.527 106.573 106.954 106.283 105.995 107.165 107.174 106.857 106.726 106.419 106.516 107.375 106.719 107.621 108.434 107.606 106.873 106.754 107.651 108.015 107.991 108.165 109.344 108.254 107.701 108.27 107.714 108.036 109.072 108.984 109.689 110.463 108.09 107.686 108.735 108.155 108.332 109.07 109.324 109.162 109.15 107.691 108.485 108.792 108.367 108.507 109.373 110.044 109.927 109.566 107.658 108.259 108.839 108.714 108.621 109.586 110.349 109.625 110.287 
110.011 110.104 110.962 110.899 110.629 111.143 111.105 110.189 109.964 109.825 110.45 110.583 111.059 111.134 111.573 111.857 111.133 110.619 110.351 111.755 111.173 110.169 111.068 111.673 112.152 111.261 110.777 111.36 111.451 110.957 110.614 110.38 110.658 112.296 111.276 112.181 112.448 111.607 110.831 110.894 111.69 112.379 113.164 112.664 114.053 112.069 111.385 112.207 111.892 111.86 113.364 113.836 114.293 114.869 111.589 111.117 112.115 111.995 112.126 113.355 113.768 113.403 113.233 111.129 112.22 112.604 111.95 112.073 113.135 114.145 114.007 113.652 110.803 111.696 112.513 112.216 112.153 113.213 113.905 113.241 113.623 
112.418 112.666 113.629 114.044 116.263 117.293 116.737 117.846 116.908 113.87 114.204 114.689 115.748 115.768 117.192 117.432 117.273 115.723 113.898 115.319 115.756 116.112 116.147 116.326 115.81 115.81 115.845 113.643 113.829 114.531 115.303 115.192 115.554 115.617 119.737 118.282 113.354 113.344 113.778 114.483 115.405 116.159 117.413 118.122 118.058 113.729 114.338 114.689 115.293 116.589 118.025 117.515 116.921 117.852 115.507 114.497 115.972 116.162 117.132 119.357 117.605 116.896 116.951 119.13 118.346 117.394 115.444 116.497 118.755 118.921 118.6 118.104 117.409 115.771 116.597 116.182 117.383 118.413 118.952 117.831 119.972 
123.116 123.135 123.667 124.856 124.833 125.107 125.596 126.176 126.87 123.21 123.968 124.516 125.09 125.011 124.968 125.246 126.332 127.032 123.575 124.373 124.867 125.081 125.504 125.382 125.995 126.431 127.912 123.978 123.934 124.321 125.316 125.4 125.544 126.976 127.555 127.662 123.32 123.442 124.831 125.633 125.817 126.463 127.136 127.778 127.936 124.476 124.655 125.923 126.787 127.204 127.982 128.439 128.224 128.777 124.632 125.373 125.647 126.337 127.636 128.616 129.023 128.735 128.526 124.346 124.885 125.298 126.798 127.662 128.72 129.216 129.799 129.917 124.193 124.776 125.866 127.067 128.099 128.914 128.874 129.041 129.506 
130.688 130.5 131.226 132.811 135.128 135.23 135.095 135.496 134.953 129.826 129.947 131.796 133.091 134.746 135.619 135.386 135.001 134.666 130.513 131.668 132.103 133.697 134.388 134.911 135.328 134.946 134.513 131.742 133.133 131.861 133.63 134.069 134.198 136.018 136.031 135.46 131.509 132.22 131.307 132.653 133.696 134.707 135.398 136.939 136.007 130.751 131.165 131.35 131.928 132.758 133.626 135.537 136.088 136.019 131.997 132.905 132.381 131.933 132.486 133.04 134.34 135.378 136.176 132.823 132.858 131.757 130.836 131.04 132.193 135.257 136.582 136.112 132.065 132.572 131.386 129.805 128.024 131.072 133.434 132.989 135.231 
136.132 136.6 137.176 137.782 138.406 138.313 137.942 138.763 138.972 136.428 136.96 136.744 138.09 138.089 138.523 138.841 139.129 138.714 137.386 137.376 137.511 138.964 139.075 138.835 139.659 139.865 138.877 138.109 138.205 137.614 139.239 139.277 138.264 138.978 139.504 139.294 137.959 137.544 137.261 138.254 138.91 138.822 138.43 138.632 138.653 136.099 136.596 137.089 137.92 138.401 138.619 138.705 138.101 137.529 135.282 135.675 136.248 137.096 137.451 138.25 138.779 138.37 137.767 135.085 135.157 135.295 136.277 136.364 137.142 138.415 137.975 137.846 135.01 135.145 135.171 135.211 135.998 136.756 138.135 137.352 137.408 
139.711 140.023 140.338 140.928 141.988 141.68 141.104 142.285 142.641 140.292 140.844 141.01 141.929 141.926 142.344 141.921 142.117 141.907 141.042 141.155 141.907 142.781 142.385 142.208 142.339 142.645 142.028 141.673 141.716 141.378 143.311 143.209 142.496 141.913 142.671 142.742 141.804 142.157 142.089 142.959 143.618 143.115 141.894 142.123 142.365 140.865 141.905 142.143 142.628 143.149 143.351 142.634 142.252 141.179 140.356 141.029 141.098 141.162 142.13 142.637 142.558 142.329 141.151 140.213 140.41 140.42 140.968 141.667 141.587 142.508 141.723 141.255 140.133 140.201 140.259 140.219 140.804 141.792 142.418 141.014 140.989 
148.484 147.904 147.784 150.595 151.706 149.054 148.356 149.22 150.819 148.028 148.479 149.127 149.206 149.207 150.439 149.631 150.117 151.634 148.273 149.676 150.461 151.794 151.266 151.847 149.995 151.153 152.307 149.555 150.339 150.814 150.524 150.765 150.99 148.884 149.447 152.173 149.491 150.88 150.189 148.685 149.598 150.622 149.895 148.777 149.062 150.755 151.275 149.855 149.208 149.236 149.011 150.785 151.353 149.839 150.874 151.784 152.195 148.949 148.811 148.633 150.868 153.418 151.835 149.609 152.108 153.188 152.351 151.432 149.266 150.309 150.499 149.67 151.477 151.495 151.435 150.922 150.435 148.121 148.334 148.89 148.678 
146.887 147.661 148.513 148.96 150.805 149.448 147.932 147.826 148.545 147.344 147.693 149.48 150.336 150.383 149.374 147.668 147.678 148.893 147.325 147.717 149.521 150.401 149.753 149.329 146.856 147.741 148.482 147.16 147.071 148.903 149.996 150.289 150.152 146.565 148.337 148.672 148.062 150.432 151.283 150.452 151.418 150.397 148.509 148.79 148.445 149.648 151.28 151.073 150.217 151.562 151.009 149.215 150.094 148.351 149.553 150.353 148.913 148.314 150.108 149.762 148.981 149.661 147.54 148.946 149.436 149.333 149.18 151.488 149.637 148.837 148.481 146.956 150.428 149.97 149.704 149.685 150.055 150.751 149.152 147.926 147.98 
135.837 136.224 135.876 135.775 136.197 136.502 136.054 135.186 134.902 156.24 156.726 156.721 157.252 157.235 157.272 156.715 156.186 155.7 156.641 156.48 156.69 157.071 157.208 156.77 156.114 155.333 155.059 155.238 154.508 155.939 156.858 157.289 156.719 155.836 155.893 154.332 155.291 154.836 155.922 155.953 155.635 155.716 155.159 154.827 153.534 154.013 154.371 154.368 153.779 153.799 153.513 153.446 153.08 152.798 152.784 153.114 152.979 153.128 152.791 152.255 152.844 152.678 151.631 151.508 151.731 151.946 151.876 151.264 151.532 151.339 151.023 150.438 148.576 148.543 148.108 148.039 148.192 148.29 147.933 147.585 146.791 
92.8346 91.8687 91.3802 91.0567 90.1328 90.7422 91.2418 90.5825 90.665 92.4471 93.0191 91.8312 92.0611 91.2744 92.4628 91.9729 92.0491 92.2344 94.0013 94.1936 92.7783 92.6936 92.5422 92.5145 92.214 91.3323 91.1594 97.4552 95.2131 93.2851 93.8741 91.8474 92.8975 92.6056 92.0283 91.7334 98.4477 96.4231 95.0672 94.4257 93.6509 92.7714 92.6299 92.4497 92.4907 97.9048 97.3257 97.3275 96.5239 95.7688 95.6305 92.1269 92.6368 92.0004 98.5978 98.7417 99.2465 99.0613 98.0419 97.3692 95.007 93.9589 93.2476 99.2046 99.7143 99.2189 98.6911 98.454 99.2863 94.9122 95.8442 95.3594 97.2554 97.9967 98.2785 98.694 99.0481 100.019 97.3272 97.0796 97.1935 
96.7546 96.7191 96.7091 96.791 96.7842 96.6049 96.5923 96.9793 97.0566 97.0442 97.1059 97.1082 97.1219 97.2186 96.9461 97.0738 97.2672 97.3509 97.2466 97.3063 97.3241 97.5277 97.7223 97.5448 97.4844 97.6296 97.6272 97.516 97.7367 97.7964 97.9527 98.1398 97.8743 97.8768 98.0068 98.2799 97.7553 97.9403 98.0281 97.9925 98.0391 98.1377 98.2419 98.4647 98.6297 97.875 98.0242 98.3751 98.3108 98.3496 98.5132 98.4761 98.7139 99.0027 98.1023 98.1921 98.6559 98.8293 98.8496 98.8886 99.0085 99.128 99.1993 98.1376 98.3805 98.7173 99.0098 99.2387 99.2488 99.3066 99.4165 99.4015 98.4519 98.7255 99.0288 99.3072 99.5741 99.8471 99.9359 99.8635 99.7276 
107.77 108.096 109.128 109.578 111.868 112.907 112.19 113.147 112.076 108.904 109.488 110.085 111.192 111.343 112.664 112.878 112.507 110.893 108.864 110.398 110.974 111.398 111.447 111.687 111.089 110.989 111.062 108.379 108.772 109.628 110.459 110.346 110.786 110.823 114.781 113.534 107.947 107.923 108.524 109.26 110.332 111.177 112.406 113.191 113.296 108.206 108.735 109.107 109.833 111.302 112.84 112.431 111.982 113.04 109.669 108.598 110.291 110.534 111.569 113.915 112.335 111.936 112.193 113.358 112.545 111.684 109.724 110.989 113.392 113.655 113.546 113.289 111.725 110.118 110.985 110.713 112.017 113.218 113.954 112.916 115.223 
112.194 112.766 113.763 115.042 117.768 118.789 118.205 119.789 119.377 113.843 114.531 115.272 116.7 117.094 118.552 118.592 118.815 117.918 113.657 114.916 116.135 117.373 117.424 117.433 116.939 117.502 118.596 112.82 113.121 114.513 116.068 116.422 116.717 116.814 121.752 120.209 111.37 111.976 113.726 114.954 115.835 116.752 118.171 119.113 118.753 112.422 113.376 114.07 115.422 116.978 118.574 118.282 117.341 118.383 114.207 113.368 114.927 115.896 117.537 119.86 118.23 118.096 118.307 118.401 117.149 116.274 115.237 117.146 119.427 119.378 119.853 119.949 116.608 114.766 115.72 116.08 118.153 119.204 119.484 118.958 121.319 
118.033 118.52 119.913 121.656 125.572 126.639 126.034 127.492 126.293 119.147 119.522 121.379 123.223 124.579 126.315 126.117 126.098 124.963 119.276 120.903 122.014 123.73 124.435 124.783 124.01 124.415 125.043 118.784 119.894 120.514 122.397 123.108 123.8 124.443 128.969 127.051 117.299 118.468 119.388 120.918 122.264 123.799 125.71 127.379 126.214 118.173 119.214 119.65 121 122.955 124.625 125.546 125.127 125.908 120.906 120.486 121.434 121.752 123.354 125.6 124.614 125.193 125.815 125.523 124.476 122.701 120.537 122.272 124.995 126.475 127.503 127.111 123.384 121.922 121.902 120.862 121.577 124.037 125.503 124.706 128.185 
129.688 129.94 131.403 133.948 136.475 136.756 136.934 136.885 136.005 128.29 128.81 131.704 133.42 135.667 135.885 135.878 136.044 136.242 128.698 130.147 131.064 133.089 134.499 134.957 135.309 135.339 136.005 129.267 130.777 130.294 132.152 133.234 134.147 136.657 136.718 136.642 128.408 129.459 129.725 131.157 132.762 134.647 136.129 138.129 136.959 129.031 129.214 130.189 130.998 132.231 133.746 136.53 137.626 138.198 130.339 131.296 131.075 131.03 132.199 132.966 134.861 137.033 138.094 131.212 131.913 130.773 130.009 130.957 132.951 136.37 139.05 138.77 130.304 131.563 130.655 129.122 127.875 131.932 134.385 134.505 137.666 
134.309 134.497 135.891 137.898 140.684 140.681 140.333 140.915 139.832 133.473 133.585 136.055 137.781 139.896 140.583 140.409 140.269 139.822 134.129 135.046 135.814 138.124 139.07 139.574 140.066 140.008 139.421 134.922 136.237 135.175 137.523 138.297 138.811 140.792 140.752 140.342 134.518 135.285 134.566 136.205 137.693 139.063 140.031 141.883 140.711 133.534 133.941 134.427 135.265 136.243 137.627 140.244 140.973 140.845 134.83 135.987 135.633 135.071 135.845 136.734 138.465 140.036 140.724 135.527 136.145 134.904 133.644 133.896 135.747 139.503 141.063 140.809 134.476 135.742 134.517 132.219 130.411 134.342 137.217 136.738 139.808 
148.858 148.272 148.248 151.378 152.216 150.129 149.826 150.568 152.013 148.358 148.799 148.975 149.237 149.15 150.912 151.206 151.787 152.893 148.765 150.047 150.341 151.746 151.474 152.427 151.71 152.627 153.413 149.835 150.727 150.976 150.236 150.481 150.942 150.524 150.366 152.901 149.54 150.169 149.365 147.903 148.6 150.071 150.559 149.566 149.716 150.006 150.043 148.751 148.571 148.298 148.258 151.395 151.726 150.603 149.973 150.681 151.6 149.09 148.546 148.519 151.7 154.319 153.183 148.526 151.296 152.689 152.21 150.585 149.211 150.859 151.418 151.336 149.755 150.321 150.58 150.098 149.725 147.41 148.27 149.686 149.67 
152.762 152.676 152.345 155.108 156.212 153.823 152.584 153.707 154.911 152.245 153.12 153.393 153.236 153.095 154.711 153.653 153.441 155.576 152.197 153.808 154.695 156.141 155.442 156.09 153.947 154.888 156.794 152.882 153.956 154.806 154.52 153.934 154.448 153.663 154.445 156.923 152.35 154.261 153.89 152.169 152.132 153.357 154.228 153.884 153.989 155.152 155.18 154.073 153.485 152.586 152.523 156.111 157.187 156.212 154.681 154.823 155.702 152.705 152.308 152.129 155.103 158.168 156.659 153.186 156.619 157.23 155.965 154.729 152.177 153.466 154.959 154.717 154.477 154.403 154.14 153.523 152.853 150.781 152.654 154.102 152.962 
153.26 152.691 152.34 155.211 156.064 153.768 153.246 153.689 155.14 152.521 153.229 153.291 153.232 153.407 154.996 154.54 154.76 155.853 152.872 154.607 154.709 155.909 155.726 156.212 154.785 155.415 156.306 153.866 154.488 154.914 154.501 154.711 154.841 153.623 153.696 155.781 153.303 153.679 153.005 151.914 152.263 153.588 153.718 152.409 152.316 153.494 153.493 152.13 151.925 151.301 151.354 153.979 154.262 153.195 153.388 154.17 155.127 151.991 151.175 151.137 154.015 156.447 155.497 151.834 154.285 155.568 154.698 152.946 151.293 152.596 153.108 152.954 152.485 152.716 152.499 151.91 151.306 148.65 149.324 150.544 150.413 
173.082 174.067 172.53 172.584 173.866 173.21 175.097 174.046 174.393 168.833 170.768 170.345 168.458 168.848 169.02 169.167 171.662 170.468 166.36 167.251 166.79 166.104 165.94 166.382 165.95 165.846 166.087 162.155 162.931 163.044 162.855 163.317 162.68 161.283 161.98 160.917 159.143 159.31 159.972 159.457 159.538 159.77 157.561 156.814 158.128 152.779 153.908 154.863 155.237 154.777 154.925 154.896 153.783 155.557 147.292 147.149 148.156 148.858 149.21 149.147 149.391 149.727 149.711 143.014 143.188 143.145 144.394 145.104 144.865 144.123 144.338 145.364 135.805 135.814 136.03 135.911 137.041 136.983 136.258 135.617 137.645 
90.1685 89.2509 88.6342 88.0904 87.0656 87.3293 87.7219 86.96 87.0684 90.08 90.5623 89.0607 89.0606 87.8428 88.946 88.3699 88.3376 88.3842 91.5399 91.5804 89.8876 89.447 89.0349 88.9061 88.5626 87.5279 87.2986 94.8894 92.4583 90.1623 90.4186 88.1061 89.2165 88.9051 88.4416 88.0149 95.8724 93.6983 92.0474 91.1551 90.0416 89.1887 88.9872 88.9466 88.8742 95.0946 94.5592 94.2158 93.3303 92.2929 92.2903 88.679 89.2422 88.5913 95.5421 95.8048 96.251 95.7458 94.618 94.1864 91.8817 90.7653 89.8843 95.9654 96.5176 96.0909 95.2898 94.9568 95.977 91.6768 92.7349 92.1045 94.2373 94.8066 95.1219 95.5715 95.6111 96.4465 93.742 93.5477 93.7549 
92.104 91.4626 91.025 90.5553 89.6753 90.1917 90.6883 89.8976 89.8999 91.5357 92.2485 91.2004 91.4561 90.6597 91.7565 91.3245 91.312 91.2981 93.0352 93.2533 91.8927 91.7579 91.698 91.6728 91.3407 90.4497 90.2506 96.1675 94.0059 92.0702 92.6296 90.6027 91.6746 91.3957 90.8489 90.549 96.6843 94.8198 93.5191 92.9107 92.0338 91.27 91.1317 90.929 90.9197 95.6291 95.2341 95.1767 94.4488 93.5648 93.6209 90.3904 90.8348 90.2255 95.8732 96.1034 96.5772 96.3068 95.2372 94.8437 92.7613 91.8071 91.2078 96.2135 96.6451 96.2405 95.6949 95.3669 96.3573 92.2135 93.3692 92.9992 94.0469 94.7503 95.1815 95.6247 95.9134 96.8839 94.3599 94.2717 94.5075 
97.2939 97.6101 97.7119 97.8506 98.0829 98.164 98.4176 98.7824 98.82 97.2781 97.377 97.6176 97.8031 97.9256 98.1549 98.4227 98.5439 98.7814 96.6512 96.7591 97.1899 97.5041 97.5927 97.9174 98.1611 98.3191 98.5853 96.2497 96.4119 96.6448 96.8841 97.136 97.5262 97.8576 98.0362 98.1919 95.7928 95.9441 96.1482 96.3632 96.5228 96.9839 97.2383 97.4196 97.696 95.159 95.3955 95.5124 95.7673 95.9095 96.3693 96.607 97.0226 97.4221 94.8472 94.8402 95.0002 95.2638 95.4032 95.7953 96.2693 96.8632 97.0456 94.57 94.443 94.5362 94.8805 95.0934 95.4647 95.8373 96.3684 96.5565 94.3949 94.3599 94.6133 94.8204 95.1202 95.5391 95.8284 96.0759 96.2183 
109.464 109.885 110.625 111.155 113.758 114.624 113.951 115.238 114.61 110.805 111.028 111.496 112.466 112.812 114.315 114.352 114.13 113.056 110.159 111.128 112.017 112.893 112.795 113.039 112.207 112.572 113.016 108.973 109.35 110.428 111.304 111.483 111.934 111.44 115.564 113.883 107.473 108.003 108.87 109.522 110.249 110.952 112.235 113.015 112.306 107.421 108.314 108.196 109.147 110.488 111.543 111.273 110.859 111.39 108.958 107.945 108.945 109.477 110.434 112.31 110.873 110.98 111.236 112.367 111.055 110.018 108.456 109.833 111.623 111.569 111.782 111.783 110.643 108.69 109.273 109.191 110.645 111.27 111.58 111.106 113.15 
123.763 123.682 124.277 125.779 126.066 126.253 126.167 126.338 126.63 123.289 124.191 124.577 125.319 125.78 125.57 125.108 125.521 125.731 122.648 123.412 124.036 124.57 125.311 124.831 125.013 124.86 126.021 121.887 121.793 122.455 123.512 124.081 124.029 124.923 125.337 125.627 120.727 120.772 122.223 122.935 123.385 123.843 124.134 124.585 124.913 121.719 121.268 122.309 123.201 123.257 124.425 124.728 124.479 125.364 121.003 120.602 121.303 122.052 123.09 123.903 124.388 124.977 124.86 120.404 120.437 120.578 121.955 123.131 123.908 124.158 125.475 125.87 119.633 119.836 120.739 121.693 123.001 123.911 124.013 124.288 124.742 
134.26 134.302 135.038 136.298 138.396 138.303 138.357 138.331 137.355 133.112 132.954 135.172 136.114 137.859 138.087 137.739 137.481 137.603 133.298 134.203 134.754 136.097 136.823 137.056 137.032 136.825 136.869 133.816 135.165 134.395 135.364 135.747 136.442 138.161 137.56 137.234 133.56 134.493 133.811 134.302 135.393 136.645 137.868 139.237 137.75 133.41 133.459 133.562 133.609 134.235 135.148 137.65 138.784 138.69 135.009 135.839 134.973 133.953 134.27 134.523 136.031 138.035 138.904 135.583 136.177 134.758 132.907 132.982 134.421 137.531 139.453 138.928 134.544 135.592 134.307 132.171 130.326 133.449 135.619 135.599 138.113 
147.632 147.9 148 148.261 147.777 147.668 147.252 147.11 146.106 147.477 148.759 148.473 148.814 147.843 146.84 146.787 147.069 146.886 147.783 149.004 148.186 148.465 147.612 146.949 146.91 147.121 145.954 148.098 148.184 148.816 147.454 146.812 146.572 146.475 145.238 145.03 147.828 148.766 148.563 146.984 146.69 146.677 147.116 146.63 145.153 148.105 147.833 147.48 147.458 146.54 146.044 147.436 147.579 146.838 147.93 147.996 147.439 147.227 147.197 147.338 147.322 147.411 146.848 147.458 147.819 147.689 148.728 147.294 147.847 148.705 146.988 147.004 148.068 148.262 148.089 147.898 147.723 147.867 147.988 146.761 145.602 
157.16 156.804 157.182 157.252 159.102 157.756 157.823 160.041 159.764 158.373 156.502 159.773 160.357 160.238 158.264 156.269 156.37 158.669 159.722 157.974 159.435 160.464 160.086 156.266 156.127 156.96 159.179 158.746 158.899 159.974 161.043 160.096 158.579 158.524 160.386 159.788 156.197 158.102 161.395 161.569 160.736 159.073 156.962 157.734 158.966 160.887 160.604 162.225 160.427 160.577 159.949 159.204 159.368 161.349 160.715 158.863 158.697 158.599 157.774 158.024 158.965 160.933 160.204 161.723 159.914 159.768 158.518 156.535 156.064 157.259 159.058 159.269 158.097 158.334 159.755 158.744 156.418 156.304 159.457 159.913 158.421 
155.576 155.744 155.156 157.635 158.622 156.714 155.855 156.633 157.694 155.168 156.165 156.34 156.146 155.917 157.575 156.789 156.37 158.288 155.571 157.068 157.628 158.848 158.283 158.916 157.139 157.814 159.594 156.504 157.404 157.753 157.354 157.162 157.491 157.096 157.54 160.076 156.283 157.226 156.517 155.187 155.217 156.724 157.748 157.418 157.854 158.583 158.215 156.923 156.452 155.646 155.859 159.355 160.387 160.14 157.92 158.201 159.063 156.257 155.755 155.774 158.168 161.365 160.557 156.539 159.751 160.438 159.322 157.96 155.75 156.7 158.467 158.731 157.433 157.426 157.435 157.197 156.564 154.388 155.875 157.673 156.752 
161.95 163.193 162.702 162.53 163.191 163.138 162.263 162.281 161.783 161.236 162.16 162.013 161.702 161.835 161.997 160.806 159.784 161.087 159.978 160.249 161.166 161.641 161.545 161.549 160.199 160.374 161.94 158.309 158.715 159.903 160.488 159.774 159.991 160.77 162.256 161.776 157.288 159.302 160.232 159.975 159.184 159.268 160.548 162.113 162.381 160.354 160.33 161.185 161.013 160.069 159.888 162.283 163.588 164.845 157.924 156.671 157.449 158.185 158.342 158.477 158.978 160.026 159.76 157.466 159.126 157.88 157.637 157.835 156.824 156.339 158.314 159.345 156.503 155.608 155.242 155.085 155.064 156.077 158.592 159.243 157.405 
182.135 183.242 181.241 181.359 182.813 182.48 185.147 183.799 184.348 176.934 179.056 178.4 176.323 176.788 177.254 178.139 181.279 179.645 174.024 174.863 174.016 173.424 173.341 174.33 174.369 174.578 174.668 168.817 169.865 169.359 169.318 170.567 169.808 168.281 169.165 168.001 164.874 165.124 165.6 165.228 165.882 166.174 163.569 162.894 164.771 157.698 159.071 160.333 160.691 160.326 160.568 160.447 159.244 161.543 151.14 151.267 152.189 153.068 153.474 153.663 153.578 154.154 154.452 145.898 146.423 146.136 147.676 148.29 148.166 147.329 147.231 148.954 137.349 137.666 137.854 137.76 138.188 138.351 137.596 136.79 139.239 
87.7032 86.831 86.207 85.6203 84.7142 85.0466 85.4324 84.7203 85.0256 87.7182 88.1315 86.654 86.5851 85.4522 86.5581 86.0251 86.0524 86.1646 89.2063 89.1062 87.4822 87.0635 86.5754 86.5047 86.1854 85.2442 85.1103 92.4658 89.9882 87.7182 87.9403 85.7865 86.8635 86.646 86.2111 85.8282 93.4021 91.316 89.6672 88.814 87.883 87.0323 86.8023 86.8224 86.7306 92.7573 92.2243 91.8704 91.143 90.2104 90.0822 86.7054 87.2442 86.6085 93.2279 93.4075 93.9379 93.4319 92.3553 92.0479 89.8344 88.7437 87.9096 93.7083 94.1847 93.6974 92.9857 92.6457 93.696 89.6283 90.6749 90.0789 92.0785 92.5208 92.6695 93.1191 93.24 94.0336 91.4443 91.2854 91.6697 
88.1039 88.0283 87.9143 87.6345 87.5474 87.2152 87.0197 87.1917 87.3072 88.7195 88.4387 88.0289 87.7886 87.361 87.1792 87.1144 87.1025 87.2084 88.5488 88.219 87.927 87.6801 87.3294 87.2498 87.1714 87.0644 87.2355 88.3763 88.2275 87.7704 87.4756 87.3974 87.3904 87.4404 87.4918 87.557 88.5859 88.3662 88.0241 87.8199 87.6729 87.7023 87.6442 87.8875 88.1003 88.3992 88.5111 88.3405 88.2796 88.1952 88.1945 88.0703 88.2658 88.5602 88.0551 88.1159 88.4324 88.2564 88.3872 88.5946 88.6592 88.7354 88.7154 87.8435 87.8867 88.0885 88.3982 88.4586 88.7099 88.8883 88.9237 88.8768 88.6932 88.4201 88.4848 88.7577 88.5857 88.5945 88.822 88.7759 88.853 
91.6911 92.075 92.0588 92.027 92.4583 92.6464 92.8082 92.8913 92.73 91.3248 91.5547 91.7764 91.9073 92.2031 92.3289 92.5243 92.3833 92.4268 90.8287 91.1291 91.2783 91.4031 91.6052 91.9482 91.9737 91.8372 91.8043 90.3215 90.6026 90.5965 90.6998 90.9459 91.4204 91.5 91.239 91.3199 89.6868 89.8644 89.8792 89.9533 90.3188 90.6511 90.7597 90.7475 90.965 88.9087 89.1572 89.219 89.4143 89.7743 90.0479 90.1603 90.2568 90.3323 88.293 88.2749 88.522 88.7615 88.8738 89.3156 89.5489 89.8128 89.8263 87.7402 87.821 87.8315 88.323 88.3324 88.6967 88.9891 89.2201 89.4032 87.549 87.747 87.7839 88.003 88.258 88.5483 88.7864 88.8923 89.0205 
106.158 105.903 105.826 106.197 106.795 106.839 107.036 107.185 106.279 105.663 105.123 105.043 105.415 105.816 105.876 105.742 105.593 104.943 103.68 103.748 103.786 104.222 104.398 104.292 104.308 104.168 103.465 102.007 102.135 102.279 102.195 102.553 102.74 102.66 102.665 101.986 101.021 101.088 101.09 100.978 100.976 101.062 101.076 101.234 101.093 100.097 99.8704 99.5891 99.5293 99.623 99.6418 99.6691 99.9736 99.9123 99.2008 98.5347 98.3101 98.279 98.3805 98.6074 98.563 98.9133 98.6526 97.9276 97.4929 97.0851 97.0876 97.3439 97.5948 97.8314 97.9068 97.5134 97.2277 96.8462 96.6413 96.47 96.6116 96.7566 97.0675 97.2266 96.8793 
130.286 129.473 128.778 128.692 128.518 127.634 126.751 126.187 125.392 130.394 129.436 128.4 128.25 128.009 127.25 125.959 125.16 124.045 129.171 128.589 127.841 127.162 127.075 126 125.091 123.904 122.789 128.137 127.572 126.904 125.858 125.729 125.017 123.744 122.726 121.84 127.429 126.73 126.037 124.998 124.701 123.758 122.831 122.434 121.84 126.902 125.564 124.858 123.976 123.368 122.376 121.923 121.466 120.704 125.646 124.248 123.372 122.715 122.1 121.502 120.841 120.084 119.54 123.858 122.697 122.018 121.159 120.638 120.092 119.746 119.119 118.605 122.973 122.125 121.291 120.775 120.359 119.446 119.172 118.886 118.434 
147.644 147.173 145.922 145.542 143.486 142.54 141.317 141.103 139.098 147.091 149.039 147.566 146.337 143.933 142.038 140.602 140.436 139.664 147.313 149.158 147.489 146.151 143.417 141.44 140.337 139.726 137.725 147.892 147.902 147.832 144.945 142.381 141.064 139.748 137.164 136.316 147.117 147.866 147.037 144.191 142.47 141.519 140.8 139.187 136.399 147.446 146.135 144.987 144.126 141.317 139.815 140.414 139.935 138.041 147.499 146.59 144.894 143.407 141.762 140.576 139.479 138.868 137.79 146.997 146.003 144.905 144.777 141.848 141.28 141.567 138.393 137.694 147.345 146.349 145.062 144.021 142.45 141.294 141.041 138.005 135.353 
156.409 155.688 155.777 155.646 156.866 155.013 155.218 157.163 156.611 157.792 156.233 159.014 159.158 158.623 155.718 153.71 154.429 155.759 159.419 158.266 158.736 159.248 158.218 153.544 153.533 154.161 154.898 159.03 159.121 159.738 159.704 158.347 156.22 155.095 155.387 154.447 156.227 157.629 160.369 159.815 158.986 156.879 153.751 153.205 153.258 159.317 158.78 159.856 157.949 157.651 156.496 154.865 154.268 155.172 159.894 158.256 157.541 156.704 155.36 155.245 155.486 156.908 155.98 161.019 157.875 158.073 157.077 154.098 153.98 155.313 155.144 154.68 157.728 157.754 159.012 157.612 154.94 153.976 155.92 154.968 153.325 
161.585 161.724 161.927 161.475 163.286 161.886 162.331 163.648 162.944 162.708 161.218 164.763 164.916 164.716 162.188 160.639 161.373 162.513 164.081 163.039 163.695 164.828 164.509 160.382 160.31 161.005 162.549 163.532 164.3 164.572 165.662 164.965 162.84 162.309 163.358 162.568 161.322 162.891 165.843 166.397 165.68 164.298 161.318 161.088 161.935 164.048 164.355 166.468 165.224 165.023 164.239 162.302 161.294 162.792 164.983 164.359 164 163.927 162.482 162.657 163.043 164.192 163.834 166.18 164.072 164.153 163.525 161.37 161.485 162.271 163.114 162.545 162.515 163.485 164.996 163.974 161.908 161.434 162.569 162.361 161.479 
160.469 160.408 161.256 161.232 163.596 162.964 162.794 164.343 164.117 161.754 160.27 163.86 164.681 164.859 162.968 160.823 160.672 163.137 163.568 161.832 163.956 165.151 164.996 161.298 160.751 161.535 163.939 162.76 163.412 164.689 166.092 165.423 163.828 163.361 165.257 164.679 160.481 162.906 166.602 167.077 166.531 164.849 162.348 162.98 164.269 165.362 165.408 167.453 165.771 165.978 164.937 164.273 164.541 166.213 165.414 163.707 163.558 163.748 162.635 162.745 163.709 166.12 164.89 166.402 164.601 164.633 163.348 161.672 161.263 162.48 164.528 164.509 163.091 162.716 164.351 163.539 161.423 161.358 164.224 164.718 163.3 
165.603 167.166 167.332 166.947 168.174 168.24 168.359 168.658 167.874 165.934 166.657 167.316 167.5 168.004 168.049 167.955 167.639 166.783 166.619 166.769 167.08 167.448 168.031 167.988 167.579 167.704 167.294 167.344 167.154 167.549 167.359 168.476 168.694 168.454 168.508 168.612 168.651 166.996 166.945 167.342 168.231 169.023 169.749 170.411 170.541 168.408 167.746 168.036 168.369 168.698 169.683 169.96 170.593 171.646 167.967 167.834 168.751 169.421 169.575 170.607 168.725 170.275 171.366 167.209 166.693 168.686 169.127 169.493 170.067 168.602 169.359 169.905 166.036 165.751 167.273 169.16 170.091 169.551 167.409 167.707 168.89 
180.445 180.179 180.324 180.67 182.266 182.993 183.704 183.475 183.836 179.413 179.23 179.647 180.542 180.858 181.932 182.735 183.309 183.26 179.129 179.507 180.159 181.678 182.266 182.824 183.25 182.405 182.762 175.856 176.907 176.293 177.773 180.443 180.108 178.096 179.23 178.72 177.509 178.414 177.653 178.85 180.203 179.956 178.974 179.151 178.081 174.495 175.578 176.428 177.98 177.268 176.009 176.564 178.733 179.373 173.438 173.282 174.225 174.625 173.816 172.689 172.637 175.111 176.268 172.958 173.363 174.739 176.021 174.101 173.769 173.849 174.05 174.153 171.64 171.357 171.342 171.653 172.326 172.427 172.187 172.011 172.233 
81.1045 80.8468 80.6784 80.4406 80.3393 79.9301 79.6623 79.7518 80.0383 81.9088 81.5058 81.0586 80.6314 80.1704 80.0792 79.9452 79.7645 79.8511 82.0447 81.6075 81.2872 80.9122 80.3965 80.335 80.2313 79.9376 79.9619 82.3081 81.8927 81.439 80.9525 80.8658 80.8318 80.9238 80.7878 80.645 82.9629 82.6336 82.0824 81.6228 81.6722 81.708 81.5665 81.6859 81.6988 83.422 83.277 82.8799 82.8993 82.8943 82.7219 82.4594 82.5525 82.6855 83.5097 83.4586 83.72 83.5364 83.5922 83.7049 83.5311 83.4644 83.2138 83.5354 83.6899 83.8456 83.9417 83.9734 84.0231 84.1052 83.9013 83.6376 84.5355 84.2606 84.1622 84.4258 84.1117 83.8918 83.9496 83.7988 83.96 
79.9846 80.1811 80.0573 79.7285 79.9274 80.1273 80.2602 80.3343 80.5645 80.2174 80.3052 80.2595 80.2175 80.3213 80.4286 80.5142 80.4687 80.6442 80.5088 80.5701 80.5258 80.6258 80.6152 80.6687 80.5822 80.494 80.4868 80.8857 80.8983 80.7238 80.7133 80.7763 80.8027 80.9168 80.6376 80.538 81.0988 81.2263 81.0195 80.8246 80.9708 81.1355 81.0063 80.7248 80.9242 81.0763 81.2402 81.2966 81.3071 81.3205 81.2368 81.2278 80.9555 80.9523 81.1853 81.115 81.342 81.4623 81.3407 81.3579 81.357 81.2038 81.0626 81.3874 81.3345 81.1601 81.4803 81.3131 81.3454 81.4102 81.3291 81.2666 81.4232 81.4928 81.2492 81.3515 81.3768 81.4455 81.4375 81.4345 81.369 
79.2466 78.9187 78.9879 78.4656 78.0798 78.1278 78.4515 77.5111 75.531 78.8274 78.7532 78.4627 78.2403 78.0817 78.2599 77.6239 77.4084 75.6315 78.4907 78.3884 78.317 76.9357 76.87 77.2952 76.8594 76.4539 75.9975 80.3703 78.0432 76.523 75.8015 75.7474 76.2893 75.2788 75.603 75.057 79.1104 78.8467 76.6738 76.217 76.3084 76.0539 75.9785 75.2616 75.1008 77.4177 77.8164 77.6962 77.0464 77.0522 76.0882 76.1509 75.646 75.4238 76.9093 76.7914 76.7536 76.9956 77.2493 76.416 76.2384 75.2634 75.377 77.4132 76.951 76.6274 76.3444 76.7449 76.7539 76.304 75.0678 74.3477 77.4316 76.9743 76.8344 76.5321 75.5156 76.3093 76.0846 74.7258 73.8896 
90.6128 90.7084 90.2854 89.9465 90.3386 89.9808 89.7819 89.2632 88.0419 89.5863 89.4927 89.356 89.175 89.2236 88.9753 88.3837 87.7841 87.1137 88.3708 88.5174 88.1976 87.9531 87.8563 87.42 86.9973 86.5224 85.7509 87.1092 87.1956 86.8485 86.3659 86.2416 86.2553 85.7199 85.1908 84.5722 85.9914 85.8298 85.3573 84.883 84.5917 84.5548 84.325 83.7891 83.4798 84.6038 84.4006 83.9002 83.5448 83.4584 83.106 82.9093 82.5536 81.9866 83.3776 83.0563 82.7461 82.364 82.0714 81.8275 81.4599 81.4356 81.1672 82.0618 82.0217 81.6678 81.335 81.0823 80.9035 80.7346 80.535 80.2818 81.4764 81.2067 80.8772 80.6593 80.6209 80.2503 80.0114 79.8383 79.353 
121.411 119.946 117.93 116.463 112.472 109.889 107.478 105.705 103.057 120.985 119.223 117.222 115.036 112.025 108.469 105.294 103.662 100.938 119.428 118.035 115.371 113.621 110.407 107.41 103.986 101.83 99.2611 117.759 116.582 114.339 111.318 108.056 105.004 102.687 100.457 98.306 116.866 115.283 113.372 110.576 106.079 103.33 100.867 99.3796 97.577 116.277 113.425 111.291 108.822 105.154 101.491 99.3244 97.4526 95.9913 114.486 111.77 108.924 106.536 103.357 100.326 97.5795 95.5789 94.2617 112.267 109.999 107.473 104.435 101.172 98.7201 96.6109 94.618 93.2527 111.033 108.801 106.199 103.556 99.4535 96.9237 95.5525 94.1191 92.8095 
159.919 158.138 153.509 149.206 140.24 134.762 130.448 126.456 124.497 159.818 157.582 153.448 147.258 141.035 133.461 129.099 126.373 123.669 159.403 156.657 152.32 147.061 139.354 134.495 127.471 124.33 122.925 160.03 157.19 152.775 145.617 138.064 132.39 128.408 123.639 122.042 159.54 156.155 151.582 145.521 137.404 131.754 127.438 124.108 120.643 158.382 153.674 149.888 143.929 138.685 130.66 126.17 123.32 120.62 156.767 152.956 147.546 142.698 137.298 130.539 125.197 122.346 120.316 155.864 151.754 147.692 141.177 135.102 129.165 124.665 121.838 119.777 155.184 151.021 146.431 141.503 133.809 128.456 124.499 121.629 119.271 
167.682 169.409 168.147 166.247 164.691 163.625 163.104 160.96 158.114 166.891 168.967 168.882 166.989 165.106 162.465 161.856 161.75 159.781 165.345 168.096 166.469 166.636 164.953 162.753 161.126 160.67 159.689 165.366 167.585 166.821 166.478 163.93 161.656 161.149 159.588 157.848 164.958 167.506 167.665 166.812 164.617 163.883 162.167 160.579 158.432 164.67 165.793 167.925 167.643 164.302 162.331 161.486 159.246 157.528 166.037 167.271 166.615 166.384 163.859 162.449 161.865 159.198 158.628 167.033 167.722 165.565 165.969 164.024 163.727 162.651 160.173 158.542 166.824 168.006 166.472 164.675 163.341 163.256 161.432 159.181 156.873 
165 164.921 166.038 166.085 168.354 168.149 168.588 169.062 168.823 166.379 164.992 168.768 169.739 170.042 167.786 166.228 166.569 168.07 168.512 166.957 168.935 170.382 170.146 166.066 165.833 166.545 168.596 167.789 168.963 170.125 171.887 171.282 168.831 167.69 169.001 168.179 165.428 168.243 172.411 173.194 172.673 170.425 166.303 165.925 166.941 168.788 169.682 172.725 171.041 171.005 169.395 167.216 166.35 166.962 170.093 169.399 169.091 169.312 167.419 167.17 168.296 169.743 167.841 171.244 169.262 169.401 168.347 166.618 166.68 167.845 169.091 168.396 168.11 168.41 170.169 168.866 166.472 165.853 167.406 167.984 167.517 
168.989 170.846 172.549 172.314 174.304 176.707 176.319 173.308 172.424 169.054 170.797 172.641 173.718 175.027 174.715 174.409 173.391 173.386 170.912 171.417 173.553 174.992 175.595 175.31 173.945 174.038 175.296 171.06 173.378 174.499 176.47 177.035 175.907 174.746 174.72 174.733 171.126 174.63 177.391 178.506 178.692 178.102 175.635 174.832 175.384 171.991 173.99 177.627 177.662 177.167 175.68 174.98 174.109 172.564 173.407 174.974 175.15 176.13 174.638 174.541 175.632 175.519 173.059 173.228 174.842 174.599 174.355 175.48 176.507 176.67 176.883 176.233 173.497 173.504 174.167 174.488 175.014 175.431 174.008 174.822 175.093 
173.6 174.019 176.478 176.759 178.622 181.186 180.986 178.578 178.2 173.867 174.893 176.565 177.697 178.768 179.487 179.434 177.987 177.568 176.038 176.053 178.575 179.226 179.748 179.984 179.163 178.878 179.487 175.907 177.627 179.385 180.848 181.849 180.604 178.72 179.028 179.364 176.629 179.732 182.466 183.136 183.532 181.917 179.113 178.764 179.607 177.609 179.069 182.327 181.732 181.49 179.467 179.075 179.206 177.615 178.534 178.641 179.416 180.562 179.068 178.747 179.916 180.583 177.681 178.058 178.526 179.305 179.89 179.95 180.581 181.417 181.337 181.16 178.933 177.757 178.405 179.401 179.348 179.026 178.612 179.606 180.355 
183.741 186.846 189.331 188.871 188.311 188.306 188.457 188.955 187.012 186.547 187 187.599 188.118 188.119 187.446 188.501 189.479 186.81 184.917 186.071 187.263 188.068 187.29 187.795 188.913 190.374 185.932 183.98 184.721 187.529 186.456 188.576 189.278 186.895 187.519 186.654 185.85 187.505 187.422 187.318 188.208 187.082 185.042 189.783 189.799 188.35 188.901 190.68 189.897 189.706 185.452 188.053 191.202 191.848 188.228 186.946 189.051 190.652 188.487 187.908 187.58 191.049 191.707 188.124 186.388 189.421 190.093 188.956 189.624 190.746 192.536 189.868 188.731 187.026 186.795 188.837 189.889 184.432 184.321 188.81 190.301 
75.9507 75.8619 75.4943 75.3463 75.4854 75.6412 75.7591 76.0155 76.2785 76.1845 75.9965 75.7222 75.5122 75.4564 75.6788 75.9365 75.8675 75.907 76.3529 76.1383 76.0921 75.9397 75.7621 75.7901 75.8893 75.8014 75.5679 76.8463 76.646 76.5491 76.1709 76.1216 75.9569 76.2246 76.0475 75.7278 77.3932 77.3697 77.0222 76.5261 76.5202 76.4632 76.3533 76.2422 76.1586 77.9306 77.7696 77.4906 77.4238 77.3834 77.0056 76.6475 76.6314 76.6722 78.3259 78.0691 78.0061 77.9949 77.7363 77.5875 77.3632 77.284 77.1085 78.7209 78.5624 78.2124 78.1865 78.0148 77.8772 77.8008 77.698 77.3985 78.7232 78.6434 78.3189 78.2774 78.1755 78.1365 78.0918 77.9483 77.7665 
73.4248 72.9968 73.091 72.3818 71.6541 71.6262 71.5569 70.4447 68.8072 73.39 73.2046 72.9365 72.5376 71.9967 72.0126 71.217 70.9718 69.328 73.585 73.3515 73.1973 71.6385 71.3791 71.5238 70.9648 70.5063 70.2486 76.0535 73.5111 71.8893 70.9659 70.7023 70.8908 69.7318 70.1067 69.6325 75.1916 74.9163 72.5769 71.8179 71.7905 71.2465 71.0557 70.2265 69.904 74.0522 74.32 74.1201 73.253 73.0706 71.8397 71.7332 71.1295 70.8915 73.9589 73.783 73.6051 73.7262 73.8006 72.8275 72.4318 71.3156 71.4027 74.819 74.2427 73.9762 73.5172 73.8661 73.6283 72.9594 71.5584 70.7994 75.0597 74.4644 74.4507 74.1063 72.8021 73.4612 73.0908 71.6582 70.8497 
73.0714 72.7867 72.9513 72.2257 71.4835 71.3677 71.4122 70.2788 68.4085 72.9761 72.9479 72.7119 72.2445 71.7172 71.7435 70.9051 70.6901 68.9478 72.9937 72.7803 72.6183 71.0795 70.7546 70.9877 70.4057 69.8994 69.6871 75.1542 72.5731 71.0057 70.0564 69.7811 70.1039 68.9815 69.3258 68.8029 73.9297 73.6724 71.3661 70.6593 70.6301 70.1886 70.1157 69.2934 68.9743 72.5795 72.9542 72.7657 71.9256 71.7314 70.6613 70.6295 69.9363 69.6754 72.5335 72.3427 72.0879 72.2148 72.2909 71.4417 71.104 69.854 69.9417 73.3791 72.7677 72.2567 71.6483 72.1469 72.0899 71.5014 70.0709 69.3223 73.4027 72.8933 72.5835 72.2082 71.0607 71.8292 71.4136 69.9922 69.2019 
74.64 74.0965 74.3768 73.958 73.5556 73.3444 73.6244 72.6445 70.5241 74.3729 74.0188 73.7937 73.7034 73.4302 73.4881 72.892 72.6335 70.5226 74.115 73.5978 73.5929 72.3258 72.4892 72.6652 72.1704 71.844 71.1314 76.0882 73.6121 72.0267 71.212 71.2442 71.4867 70.3306 70.7892 70.4161 75.0791 74.5835 72.4476 71.9205 71.7612 71.049 70.9726 70.3404 70.164 73.9474 74.1037 73.668 73.082 72.5739 70.9967 71.012 70.5249 70.3802 74.0691 73.427 73.0545 73.0457 72.9766 71.8462 71.3757 70.2431 70.4745 74.9525 74.058 73.3364 72.5803 72.716 72.5749 71.7586 70.3196 69.483 75.1087 74.3977 73.928 73.0614 71.7761 72.3189 71.6368 69.8799 68.9647 
93.4498 92.8576 91.6782 90.6159 89.4445 88.0825 86.6022 85.6553 84.9936 93.1578 92.1291 91.1523 90.0539 88.6141 87.4528 85.8906 85.187 84.8523 92.7653 91.7775 90.6398 89.6377 88.3105 86.7064 85.6398 84.8414 84.3041 92.2308 91.3829 90.3319 88.9818 87.8282 86.5096 85.4767 84.5837 84.0399 91.9203 90.8662 89.963 88.6962 87.333 86.15 85.03 84.1088 83.5161 91.5296 90.3538 89.2197 88.0076 86.7065 85.2497 84.3377 83.5218 82.8105 90.8641 89.8945 88.6685 87.3011 86.14 84.7539 83.5936 82.9972 82.6097 90.048 89.3029 88.2775 87.0542 85.6371 84.6468 83.6361 82.8505 82.5622 89.472 88.6627 87.7645 86.8029 85.7005 84.4102 83.5756 82.777 82.2851 
135.482 134.395 133.229 130.952 127.149 124.66 123.152 121.585 120.748 135.032 134.883 133.443 130.134 127.248 124.306 122.194 120.882 120.809 134.642 134.704 132.241 129.848 127.341 124.777 121.838 120.633 120.133 134.982 134.484 132.269 129.562 126.738 124.189 122.451 120.564 119.55 135.288 133.792 131.889 129.579 126.047 123.684 122.862 120.88 119.214 134.754 132.839 131.241 129.511 126.542 123.609 122.057 120.583 119.464 133.576 132.773 131.406 129.455 126.821 123.98 121.82 119.941 119.229 133.645 132.979 131.969 129.55 126.973 124.511 121.687 119.888 119.083 134.15 133.321 130.598 129.117 126.109 123.646 122.023 120.474 119.262 
170.704 170.224 169.527 168.466 167.393 166.354 165.779 164.874 164.415 171.044 170.408 169.786 168.935 167.783 166.402 165.908 165.157 164.675 170.809 170.489 169.962 169.423 168.202 166.447 165.708 165.223 164.674 170.895 170.44 169.77 168.933 167.867 166.592 165.653 165.313 164.427 171.246 170.816 170.047 169.11 168.042 166.927 166.025 165.446 164.546 171.687 170.959 170.329 169.219 168.269 167.284 166.481 165.373 164.786 171.498 171.04 170.482 169.517 168.889 167.852 166.33 165.532 165.114 172.137 171.477 170.74 169.855 169.257 167.783 166.154 165.937 165.465 171.993 171.277 170.542 169.772 168.894 167.541 166.409 166.448 165.901 
181.144 182.582 181.882 181.039 180.472 180.002 179.937 178.804 177.42 181.03 181.962 182.207 181.753 181.37 180.188 179.967 180.121 179.08 180.506 181.68 181.241 181.699 181.401 180.645 179.887 179.803 179.836 180.166 181.482 181.326 181.826 181.113 180.333 180.337 180.108 178.548 179.724 181.243 181.931 181.984 181.329 181.666 180.814 180.255 179.167 179.653 180.438 182.303 182.739 181.277 180.869 180.17 178.608 177.876 180.372 181.531 181.715 182.268 181.06 180.522 180.607 178.86 178.387 181.327 182.247 181.277 181.131 181.269 181.219 180.646 180.021 178.826 181.114 182.337 182.208 181.142 180.533 181.169 180.155 179.633 178.656 
184.138 184.48 185.726 186.224 186.81 188.569 187.984 185.671 185.626 184.317 185.015 185.714 186.771 187.483 186.974 186.456 185.553 185.966 186.028 185.893 187.417 187.598 187.461 187.078 186.159 186.288 187.338 185.633 186.58 187.797 188.368 188.66 187.91 186.371 186.402 186.739 185.229 187.556 189.152 189.518 189.462 188.569 186.661 186.115 187.008 186.642 187.373 188.748 188.866 188.822 187.75 186.731 186.292 185.459 187.077 187.839 187.685 188.314 187.918 187.32 187.34 187.041 184.959 186.71 187.301 187.83 187.404 187.84 188.228 188.58 188.628 187.971 187.369 187.169 187.81 187.691 187.803 187.58 187.104 187.812 187.985 
190.855 193.49 195.006 194.619 193.928 193.768 193.562 193.791 192.172 192.98 193.185 193.607 193.608 193.785 192.94 193.324 194.19 192.503 192.072 192.372 193.208 193.283 192.503 192.951 193.529 194.875 192.031 191.405 191.463 193.279 192.212 193.447 194.445 192.844 192.929 192.417 191.766 193.132 193.075 192.674 193.108 192.82 191.397 194.355 194.595 194.013 194.364 195.283 194.518 194.856 192.07 193.698 195.118 195.27 193.69 193.32 194.585 195.277 193.967 193.737 193.651 195.456 195.653 193.396 192.668 194.621 194.6 194.272 194.749 195.34 196.34 194.292 194.101 193.016 192.943 194.301 195.124 191.163 191.165 194.077 194.88 
190.109 193.432 195.753 195.514 195.023 195.047 194.413 194.203 193.365 193.597 194.323 195.027 195.536 195.585 195.082 195.132 195.955 194.712 192.607 193.182 194.207 195.451 194.864 195.207 195.839 196.974 193.9 191.708 191.903 194.073 193.799 195.685 196.591 193.998 194.22 194.399 192.954 194.767 194.29 194.818 195.354 194.591 192.387 196.302 196.787 195.882 196.47 197.229 196.266 196.787 192.599 194.939 197.755 198.762 196.233 195.408 196.363 196.718 195.627 194.728 194.322 197.717 198.73 196.085 195.255 196.98 196.853 196.271 196.381 197.45 199.278 197.076 197.081 195.413 195.121 195.802 196.605 191.595 192.003 196.276 197.801 
73.9189 73.7855 73.3923 73.2456 72.9778 73.2819 72.8249 72.905 73.0018 71.6782 71.5378 71.2271 70.8248 70.7958 70.5531 70.7967 70.2576 70.67 69.8141 69.6158 69.265 68.8675 68.695 68.7238 68.9656 68.7177 68.3 68.1824 67.9402 67.6133 67.1488 66.8035 66.4382 66.7334 67.0429 66.8338 66.2348 66.3641 65.9722 65.4858 65.3093 65.0773 64.9461 65.014 65.3461 65.1241 64.79 64.6699 64.2592 64.2359 64.0721 63.6478 63.6027 63.7382 63.6613 63.5679 63.3009 63.3202 63.1268 63.0468 62.7181 62.645 62.4095 62.4632 62.369 62.2621 62.0214 62.1026 62.0735 61.8748 61.5991 61.4596 61.6951 61.4794 61.3293 61.2607 60.962 61.2466 61.1703 60.9157 60.8305 
64.0796 64.5436 64.2685 63.5803 63.3987 63.1255 62.3997 62.1795 60.7771 64.39 64.5769 63.9512 63.2942 63.3188 62.8859 62.2245 61.6899 61.167 63.9504 63.9995 63.2283 62.5324 62.2674 62.1251 61.5905 61.129 60.6727 63.5358 63.1379 63.0068 62.764 62.6635 62.3229 61.0808 60.872 60.7398 63.1188 62.988 62.7905 62.3012 61.3095 61.1061 60.7153 60.2449 60.1506 62.1456 62.0975 62.0363 61.6577 61.355 60.7655 60.4915 59.9895 59.7071 62.1531 62.0384 61.6814 61.4032 61.176 60.5303 60.0107 59.4144 59.1707 62.5077 62.2985 61.7441 61.2614 61.2131 60.4435 60.2297 59.5175 59.401 63.0475 62.6105 61.6598 61.1653 61.4715 61.0617 60.9505 60.6864 59.656 
68.1684 67.7733 68.0687 67.4945 66.9256 66.9118 66.9373 65.8902 64.5614 68.153 67.932 67.8234 67.6411 67.2734 67.2738 66.6125 66.4032 64.8958 68.1934 67.829 67.8814 66.7107 66.7387 66.8535 66.2876 65.9028 65.7396 70.3553 68.01 66.632 65.9821 65.881 66.0272 64.8964 65.2959 65.166 69.4609 69.1366 67.2417 66.8562 66.8025 66.0902 65.9692 65.2371 65.2038 68.5581 68.9303 68.7592 68.2064 67.9728 66.5595 66.4368 65.8309 65.8939 68.8954 68.5808 68.4089 68.4806 68.542 67.6218 67.1272 65.9404 66.2611 69.987 69.2602 68.8502 68.2453 68.5371 68.4427 67.7497 66.3243 65.7338 70.1782 69.6275 69.3827 68.7781 67.6319 68.2795 67.759 66.1736 65.6532 
66.5965 66.7864 67.3676 67.7184 68.1971 68.2965 68.3338 68.1003 67.9303 66.6963 66.6099 67.1971 67.9268 68.0622 68.3852 68.377 68.2608 67.9711 66.7154 66.3732 66.9246 67.6603 68.3138 68.5449 68.488 68.508 67.981 66.6932 66.7956 67.046 67.2362 67.8654 67.9558 68.056 68.0314 68.1237 66.9722 66.7935 67.1614 67.4793 67.5928 67.5399 67.7942 67.7562 68.0358 67.6263 67.6289 67.3394 67.7205 67.5692 67.272 67.3899 67.4375 67.7116 68.7528 68.0758 67.7388 67.7144 67.6448 67.7409 67.4377 67.5158 67.7084 69.5047 69.0296 68.3118 67.95 67.966 68.1051 67.9379 67.7689 67.8157 70.0162 69.912 69.3756 68.7012 68.6127 68.5411 67.9799 67.6869 67.7305 
86.3904 86.4863 86.9155 87.121 87.5005 87.5554 87.8594 87.8084 87.7908 86.4769 86.5541 86.7286 87.0638 87.2714 87.6714 87.7892 87.7902 87.7221 86.2033 86.2289 86.2914 86.6748 87.636 87.8299 87.8262 87.9731 87.5501 86.0356 86.4215 86.3559 86.4044 86.9705 87.2645 87.4502 87.3567 87.5163 86.6217 86.2385 86.3835 86.719 86.6439 86.4795 87.137 86.9904 87.1583 87.2559 87.0707 86.5402 86.9351 86.5258 86.1258 86.3788 86.5211 86.5831 87.8323 87.2652 87.2091 87.0175 86.7103 86.668 86.3883 86.2681 86.4151 88.482 88.2056 87.929 87.4931 87.0539 87.0324 86.7342 86.4476 86.3957 89.0872 89.1582 88.478 87.7759 87.5737 87.3022 86.9126 86.5533 86.3337 
130.092 130.158 130.567 130.311 129.632 129.285 129.693 129.62 129.666 129.81 130.43 130.532 130.017 129.523 129.693 129.648 129.358 130.323 129.528 130.223 129.795 129.757 130.125 129.857 129.535 129.744 130.203 129.614 129.949 129.713 129.616 129.862 129.982 129.879 129.836 129.874 130.104 129.809 129.841 129.828 129.779 129.724 130.63 130.199 129.996 130.151 129.685 129.815 129.985 129.724 129.871 130.345 130.249 130.061 129.683 129.939 130.381 130.584 130.396 130.574 130.385 130.087 130.086 130.03 130.837 131.379 131.297 131.164 130.984 130.516 130.372 130.548 130.788 131.425 130.888 131.249 130.796 130.46 130.841 131.071 130.909 
164.459 165.092 168.518 166.809 166.208 166.633 168.149 169.024 170.444 165.807 166.733 168.316 167.023 166.353 167.404 168.639 170.055 170.674 166.661 168.692 168.777 167.829 167.157 168.959 169.854 171.014 171.829 167.374 168.469 168.595 168.612 169.641 171.325 172.035 172.18 172.385 167.103 167.821 168.221 169.576 170.611 172.223 172.932 171.451 172.476 166.896 166.259 167.981 170.12 171.885 171.891 173.492 172.036 173.904 168.538 167.885 171.002 171.386 174.165 173.269 175.502 175.949 173.537 169.914 169.188 172.079 173.999 175.99 174.739 176.314 178.681 178.125 169.596 169.343 169.04 175.654 174.543 175.632 176.292 177.296 178.019 
192.437 191.672 191.392 192.46 191.644 191.289 190.765 190.223 190.152 193.132 192.739 192.29 192.685 192.455 191.615 191.239 191.167 191.387 193.699 193.749 193.134 192.684 192.903 192.093 191.444 191.723 191.964 192.725 192.61 192.66 192.7 193.09 192.81 191.749 191.831 191.646 191.92 192.56 192.812 192.588 192.979 192.579 192.145 192.367 193.319 193.357 193.038 192.719 193.562 193.83 193.759 192.618 192.76 193.6 193.025 193.681 194.046 194.706 195.866 195.458 193.751 192.838 192.622 193.775 193.247 194.243 194.224 194.911 194.846 195.196 195.302 194.495 193.902 194.13 195.401 195.287 195.305 195.743 195.392 195.172 194.619 
203.907 203.689 203.64 204.252 203.639 203.045 202.679 202.344 202.394 204.363 204.206 204.125 204.309 204.402 203.465 203.03 203.246 203.545 205.118 205.012 204.861 204.216 204.712 204.158 203.267 203.879 204.062 204.704 204.591 204.444 204.348 204.66 204.927 203.966 203.832 203.616 203.723 204.533 204.401 204.024 204.646 204.81 204.384 204.138 204.711 204.425 204.387 204.251 204.527 204.881 205.314 204.112 203.88 204.166 204.391 205.213 205.16 205.068 205.661 205.466 204.858 203.895 203.721 204.753 204.422 205.075 204.742 204.789 205.314 205.628 205.282 204.658 204.954 205.239 205.892 205.757 205.636 206.309 206.292 205.749 205.247 
214.104 213.716 213.253 211.049 212.625 213.518 214.475 213.883 211.803 213.677 212.656 214.869 211.861 213.654 211.429 214.481 213.756 210.648 214.684 212.795 215.252 213.398 213.787 212.638 214.064 215.239 211.662 215.667 215.671 217.595 215.486 214.308 212.527 216.265 212.98 211.474 215.761 215.221 215.602 214.845 214.352 214.591 216.442 213.331 212.29 215.137 216.333 214.389 215.296 215.96 215.149 212.421 214.136 213.43 214.306 217.476 215.618 216.411 217.41 215.256 214.512 215.714 213.58 214.613 216.267 215.355 215.766 216.089 214.246 212.34 214.914 214.269 214.567 215.699 215.919 216.943 214.427 213.787 213.42 215.599 217.647 
206.209 209.034 210.475 210.39 209.701 209.462 209.126 209.014 207.802 208.981 210.039 210.561 210.962 210.572 209.633 210.15 211.504 209.636 208.23 208.77 209.613 209.944 209.453 209.735 210.492 211.9 208.874 207.665 207.703 209.652 209.184 210.663 212.12 210.444 209.693 209.114 208.425 209.551 209.499 209.209 209.4 209.627 208.248 211.047 211.33 210.779 211.856 212.257 211.207 211.266 208.106 210.46 212.284 212.97 211.642 211.339 211.56 211.709 210.891 210.21 210.659 212.468 213.085 210.926 210.675 212.082 211.571 211.284 211.773 212.867 213.463 212.305 212.087 210.099 210.38 211.292 211.473 207.522 208.269 211.112 212.978 
60.1192 60.6601 59.9557 59.4725 59.3024 59.4883 58.5085 58.752 57.2566 57.9946 58.4553 57.2252 56.3897 56.9918 56.3512 56.287 55.3594 55.2503 55.5056 55.7064 54.5998 53.4252 53.3385 53.6277 53.4309 53.0112 52.0616 53.3851 53.1694 52.7837 52.3556 52.1151 51.9379 50.6893 50.8886 50.9573 50.8892 51.3273 51.0073 50.317 48.9021 48.7129 48.1923 48.2017 48.5661 48.3346 48.1529 48.4189 47.8995 47.4359 46.7118 46.3723 46.0672 45.9891 46.6963 46.7583 46.3367 46.1593 45.9195 45.0096 44.4273 43.7514 43.5426 45.8153 45.6748 45.2304 44.7899 44.6934 43.6956 43.426 42.5686 42.4283 45.644 45.0792 43.9235 43.3974 43.8223 43.6391 43.5499 43.1233 41.7764 
57.6745 59.8503 58.9454 57.8542 57.5816 57.1048 56.2514 55.9769 54.8766 57.4757 59.5153 58.2702 57.1888 57.2283 56.5214 55.8781 55.1205 54.7588 56.8354 58.6472 57.5165 56.3497 55.9709 55.654 55.0438 54.3927 53.8658 56.2232 57.7826 57.183 56.8219 56.3961 55.8744 54.3825 54.0261 54.0154 55.6238 57.2566 56.9928 56.1808 54.8436 54.4075 53.727 53.1705 53.2394 54.3217 56.1263 55.8372 55.2175 54.6212 53.7174 53.3011 52.6419 52.5058 53.9697 55.8451 55.3903 54.7031 54.2242 53.1905 52.5887 51.7757 51.682 54.021 55.7573 55.2286 54.536 53.902 52.89 52.6607 51.7439 51.7541 54.4462 55.9245 54.6449 53.8708 54.04 53.2913 53.2153 52.654 51.815 
58.7241 59.2444 58.9376 58.2595 58.1936 57.9575 57.3141 57.0926 56.1262 59.1616 59.41 58.872 58.3025 58.4729 58.0022 57.4998 56.9156 56.6748 59.0895 59.1947 58.5033 58.0045 57.8824 57.7202 57.1785 56.7614 56.3565 59.0069 58.7671 58.6581 58.618 58.6312 58.3655 57.1293 56.8635 57.0303 58.8232 58.8167 58.799 58.5161 57.6644 57.5337 57.1008 56.7786 56.9168 58.1407 58.2765 58.3243 58.1099 57.9389 57.3696 57.209 56.8681 56.8679 58.4194 58.5525 58.3268 58.0967 58.0095 57.3992 56.9952 56.4929 56.5971 58.866 59.0062 58.6613 58.3327 58.1992 57.514 57.5193 56.8408 56.9853 59.4948 59.3104 58.589 58.2785 58.7509 58.3437 58.3071 57.9163 57.3415 
59.598 60.0009 60.3381 60.6419 61.4448 61.7634 61.9979 61.8157 62.1114 59.9523 60.0611 60.3675 61.0286 61.5873 61.9732 62.2282 62.1067 62.0031 60.0986 60.1852 60.5561 61.203 62.0495 62.39 62.4954 62.4042 62.1237 60.3733 60.8122 60.9235 61.32 61.9208 62.2734 62.4424 62.4309 62.5816 60.8759 61.0019 61.2777 61.7323 62.1157 62.1782 62.5059 62.4028 62.7488 61.6327 62 61.732 62.2178 62.4139 62.254 62.3576 62.4889 62.7424 62.5707 62.5098 62.4772 62.5893 62.8143 62.9771 62.8386 62.8165 63.1428 63.3483 63.3794 63.1354 63.1693 63.2926 63.5195 63.6552 63.4598 63.4781 63.9203 64.2187 64.0254 63.719 64.0765 64.1909 63.9584 63.616 63.6784 
72.8361 74.3488 74.581 74.9611 75.8755 76.6607 76.8356 76.5232 76.3565 72.8509 74.1881 74.5165 74.9835 75.7187 76.8116 77.0311 76.7568 76.6216 72.9398 74.1078 74.5096 75.1709 76.0455 76.9344 77.2112 77.0788 76.7641 72.9191 74.2145 74.5833 75.0736 76.1291 77.0135 77.3512 77.2417 77.0331 73.0718 74.2329 74.7293 75.2945 76.2643 77.1548 77.5401 77.3842 77.2229 73.3987 74.6347 74.9177 75.3284 76.1941 77.0726 77.5885 77.579 77.2996 73.6395 74.912 75.207 75.6407 76.409 77.1065 77.5107 77.683 77.4255 73.8089 75.144 75.5149 75.9289 76.5194 77.1453 77.6648 77.7392 77.7075 74.0764 75.2833 75.7842 76.1172 76.6894 77.4029 77.8075 77.8998 77.8089 
135.981 138.13 142.686 141.446 141.716 143.355 146.26 147.388 149.017 136.785 139.358 141.544 140.684 140.868 143.315 145.885 147.873 148.531 137.112 140.998 141.896 141.509 141.374 144.692 146.896 148.807 149.862 137.465 140.578 141.371 141.904 143.817 146.968 148.92 149.805 150.478 137.369 139.623 140.566 143.158 144.85 147.546 149.865 148.713 149.967 137.37 138.321 140.627 143.734 146.721 147.46 150.243 149.569 151.529 139.151 140.069 143.802 144.751 148.512 148.382 151.973 153.255 150.856 140.246 141.09 144.995 147.517 150.216 149.779 152.591 156.173 155.554 139.867 141.188 141.269 149.314 148.721 150.606 152.427 154.372 155.388 
167.335 167.859 173.068 171.557 172.106 174.635 178.393 179.872 181.543 168.266 169.083 171.842 171.299 171.638 174.969 178.731 180.884 181.512 169.001 171.24 172.703 172.668 172.62 176.629 180.156 182.143 183.412 169.805 171.338 172.631 173.496 175.86 179.775 182.66 183.922 184.646 169.976 170.833 172.355 175.607 177.996 181.143 183.814 182.711 184.306 170.169 169.309 172.404 176.24 180.291 181.43 184.98 183.772 186.268 172.786 171.674 176.337 177.65 182.712 182.709 187.605 189.024 185.888 174.355 173.291 177.704 181.114 184.911 184.779 188.635 192.728 192.001 173.56 173.1 173.53 183.468 183.132 186.001 188.397 190.5 191.915 
191.296 192.153 195.37 194.35 194.277 194.231 195.731 196.605 198.154 192.63 193.756 195.337 194.754 194.517 195.376 196.586 198.149 198.459 193.343 195.347 196.146 195.59 195.25 196.814 197.494 199.083 199.891 194.371 195.832 196.118 196.402 197.421 199.12 199.641 200.194 200.495 194.149 195.445 195.66 196.95 198.437 200.209 200.681 199.357 200.519 193.835 193.686 195.467 197.097 199.327 199.78 200.865 199.654 201.379 195.883 195.64 198.115 198.151 201.119 200.262 202.854 203.374 201.122 197.134 196.328 198.624 200.762 202.493 201.824 203.538 206.11 205.355 196.644 196.489 196.356 202.454 201.365 202.717 203.508 204.639 205.414 
218.498 218.186 217.955 215.634 217.216 217.73 218.589 218.127 216.052 218 217.121 219.436 216.618 218.176 215.932 218.982 218.514 215.506 218.515 217.005 219.704 218.22 218.324 216.896 218.097 219.695 216.541 219.775 220.062 222.009 220.328 218.842 216.975 220.436 217.644 216.302 220.336 219.937 220.135 219.125 218.65 218.889 220.951 218.171 217.191 219.66 220.773 219.126 219.621 220.263 219.778 216.876 218.352 217.936 218.731 221.911 219.972 220.576 221.614 219.722 218.887 219.759 217.206 219.431 220.562 219.376 219.988 220.127 218.408 216.44 219.31 218.261 219.158 220.365 220.451 221.35 218.882 218.109 217.422 220.044 222.021 
222.955 222.538 221.86 219.221 221.563 222.121 223.409 223.331 221.011 222.085 220.938 223.742 220.66 222.601 220.47 223.824 223.509 219.939 222.806 220.71 223.984 222.264 222.583 221.772 223.103 224.801 220.858 224.103 224.212 226.6 224.32 223.06 221.683 225.95 222.435 220.374 224.534 223.847 224.586 223.205 222.862 223.652 226.408 222.833 221.137 223.309 225.049 223.64 223.839 224.594 224.078 221.413 223.079 222.098 222.963 226.777 224.571 225.078 225.975 223.741 223.527 224.676 221.927 223.5 225.548 223.936 224.555 224.881 222.623 220.534 223.691 222.788 222.783 224.263 224.342 225.834 223.048 222.2 221.631 224.144 226.808 
227.189 225.871 225.939 223.984 226.836 227.129 227.66 227.49 225.901 225.918 224.575 228 225.851 227.165 225.111 227.552 227.673 224.58 226.142 224.618 228.09 227.464 227.389 226.939 227.739 229.845 225.545 227.509 227.486 229.905 229.094 228.015 226.996 231.585 228.113 226.112 228.572 226.013 227.919 227.42 227.091 227.989 232.222 227.539 226.628 228.616 228.283 225.965 228.218 228.719 228.421 227.916 228.407 226.99 227.344 230.267 229.073 229.092 229.384 229.279 228.901 229.302 226.259 229.661 231.426 228.321 227.635 227.581 228.052 226.376 229.273 226.294 227.826 229.454 228.206 228.865 226.787 226.561 225.855 229.415 230.581 
11.5213 13.039 12.5573 12.2965 11.9154 11.8635 11.7949 11.8025 12.0381 10.2155 11.9469 11.3741 10.9031 10.7452 10.5872 10.6513 10.4768 10.3788 9.31623 10.8705 10.4877 9.92345 9.59531 9.64995 9.72288 9.56499 9.27063 8.37033 10.0582 9.52703 9.06981 8.66114 8.5028 8.60238 8.70498 8.47303 7.41436 9.12496 8.80658 8.23008 7.90759 7.74279 7.62896 7.71496 7.75034 6.81853 8.35767 8.00347 7.63075 7.20925 7.14482 6.97948 6.86583 6.92129 6.16327 7.83948 7.32824 6.97764 6.73717 6.55783 6.48824 6.33645 6.19468 5.70767 7.25998 6.9225 6.3996 6.1571 6.1156 5.97456 5.89793 5.79252 5.36911 6.9736 6.44403 6.03426 5.70395 5.69869 5.70495 5.5677 5.53909 
43.8857 46.381 45.6706 44.7292 44.4179 43.9801 43.0813 42.9095 41.1214 44.1301 46.5533 45.2462 44.2534 44.4323 43.8086 43.0604 42.3527 41.6313 43.7923 45.9142 44.7556 43.471 43.2339 43.081 42.4507 41.9214 41.1704 43.4655 45.2577 44.8635 44.3344 44.0364 43.7855 42.1968 41.8288 41.6941 43.3311 45.3119 44.9948 44.1116 42.5786 42.3615 41.8666 41.369 41.1959 42.3426 44.2642 44.0464 43.3702 42.7061 41.9481 41.7252 41.2008 40.7857 42.3324 44.3829 43.7169 43.018 42.5331 41.5742 41.1858 40.4909 40.1804 42.6753 44.5441 43.939 43.1432 42.601 41.4998 41.3739 40.5581 40.3242 43.4716 45.0331 43.6792 42.9393 43.0921 42.4395 42.4034 42.0237 40.6798 
39.4111 41.6029 41.7676 41.6385 41.6607 41.5388 41.2194 40.8855 41.2919 39.3808 41.7662 41.5808 41.4781 41.6223 41.4769 41.3753 41.0751 41.0244 39.842 42.1662 41.8339 41.6355 41.5872 41.3703 41.3323 41.03 41.0903 39.6518 42.1953 41.8604 41.9171 41.5744 41.4432 41.4389 41.413 41.2548 40.0521 42.2137 42.2714 42.0493 42.1234 41.9136 41.7572 41.5673 41.5581 40.1513 42.5676 42.272 42.6251 42.4157 42.392 42.0449 41.7485 41.6594 40.9002 42.9403 42.9858 42.9201 42.8937 42.7472 42.592 42.1726 41.9163 41.0816 43.7461 43.2909 43.1597 42.749 42.7452 42.9183 42.4569 42.1886 40.9886 43.5282 43.357 43.0149 43.2459 42.8752 43.1028 42.8526 42.6617 
46.5222 47.9339 47.6639 47.5177 47.8004 47.8408 47.5602 47.003 46.4967 46.875 47.9799 47.8773 47.6901 47.9214 48.1253 47.8051 47.1956 46.6423 47.1745 48.2097 47.9878 47.9886 48.1632 48.3777 48.192 47.5695 47.0548 47.6757 48.6944 48.2971 48.1438 48.5211 48.8874 48.6298 48.1759 47.5629 48.0266 49.122 48.884 48.6996 48.9043 49.2605 49.1197 48.5569 48.2719 48.425 49.6884 49.3207 49.3251 49.4223 49.6552 49.5998 49.0954 48.6421 48.9753 50.2718 50.021 49.8473 50.0358 50.2582 50.0367 49.7152 49.1933 49.3925 50.6606 50.2959 50.345 50.4858 50.6882 50.5939 50.1165 49.7459 49.7998 50.9697 50.717 50.618 51.0327 51.2175 51.0589 50.7067 50.1095 
52.2708 60.7028 61.7992 62.6366 64.2921 66.3563 67.9458 68.7076 67.8327 52.4361 60.7906 61.6008 62.7842 64.2005 66.1833 68.2985 68.7841 67.754 52.3826 60.9605 61.8302 62.6698 64.3862 66.3085 68.3164 68.842 67.831 52.3543 60.9697 61.8931 62.8155 64.2223 66.9736 68.3617 68.7781 67.6302 52.6938 61.0853 61.8589 62.8835 64.4527 66.6687 68.9649 68.9098 68.3132 53.0653 61.5203 62.0913 63.0338 64.5083 66.5286 68.1765 69.342 68.5057 53.3065 61.7294 62.4647 63.3633 64.7467 66.7006 68.4119 69.3024 68.6992 53.4915 61.5935 62.6963 63.8648 65.2308 67.0856 69.0629 69.7823 69.0913 53.8578 62.2461 63.0083 64.1381 65.8395 67.9285 69.4297 70.3284 69.2864 
58.3971 107.841 119.716 129.472 140.957 158.598 176.631 189.873 188.427 58.254 110.944 119.2 131.565 142.41 158.726 180.751 191.534 190.667 58.369 111.237 120.461 128.824 143.289 159.16 179.909 192.342 189.94 57.9711 109.973 120.33 129.397 139.469 162.089 178.704 189.334 187.67 57.7029 110.191 118.836 128.997 140.689 157.661 181.748 189.073 188.638 57.585 110.261 118.97 127.993 139.601 155.505 174.385 191.166 189.286 57.6152 109.541 119.284 128.257 138.824 155.262 175.195 187.831 186.921 57.6061 107.448 118.719 128.871 139.542 154.582 175.679 188.42 189.661 57.5796 110.063 117.728 129.073 139.272 157.274 175.734 188.93 188.102 
148.38 159.977 168.922 168.567 171.549 178.061 186.895 191.863 193.936 149.552 162.095 167.093 168.318 170.824 177.897 187.459 192.941 193.531 150.184 164.677 168.362 169.631 171.822 180.115 188.901 194.318 195.253 150.905 164.303 168.101 170.881 175.338 184.474 191.663 195.411 196.059 150.628 163.367 166.944 172.901 177.574 185.218 193.536 193.777 195.508 150.475 161.118 166.847 173.084 179.905 184.696 193.34 195.409 198.168 153.516 163.592 171.296 174.42 182.098 185.678 196.337 200.848 197.023 154.96 164.557 172.358 178.365 184.669 187.719 197.43 205.537 204.53 153.479 164.726 166.87 181.065 182.565 189.71 196.781 202.458 204.073 
224.044 223.592 224.472 224.3 225.229 226.413 227.63 228.151 228.395 223.878 224.876 225.337 226.246 226.575 227.899 229.955 229.904 229.459 224.586 225.08 226.336 225.92 226.51 227.507 230.048 229.89 229.655 225.158 225.592 226.422 226.937 227.323 229.061 230.109 230.803 230.739 225.191 226.077 226.042 227.309 228.689 230.123 231.427 232.046 229.945 223.992 225.561 225.407 227.167 229.042 229.927 230.889 229.191 229.371 223.43 224.341 224.863 226.751 227.106 228.554 227.83 227.483 226.799 223.871 224.452 225.513 227.161 225.014 225.326 226.668 227.127 226.453 187.051 188.755 190.18 189.011 188.301 188.804 190.016 190.879 190.815 
227.159 227.823 228.17 227.754 228.038 227.234 227.148 227.158 227.641 227.162 228.01 228.531 228.77 228.536 227.784 228.009 227.966 227.885 227.803 228.178 228.788 228.586 228.138 227.936 227.528 228.069 228.21 228.309 228.737 229.147 228.925 228.343 228.736 228.005 228.161 228.45 228.392 229.252 228.898 229.045 229.055 229.293 229.2 228.641 228.733 227.872 228.943 229.206 228.929 229.351 229.556 228.431 227.545 228.024 227.745 228.874 228.644 228.743 229.033 228.753 228.048 227.684 227.732 228.207 228.368 228.422 229.234 228.734 228.059 227.364 227.9 227.617 228.071 228.821 229.391 229.306 228.674 227.907 227.522 228.169 228.508 
249.423 249.135 248.85 248.653 249.316 249.372 242.647 247.115 245.396 248.481 246.491 246.062 248.933 249.373 245.822 242.67 249.59 247.053 248.61 247.081 248.655 249.069 249.105 246.778 245.201 249.903 249.13 249.121 248.296 249.791 249.889 246.195 248.966 248.528 249.442 248.824 249.581 248.688 248.59 249.358 247.692 249.31 249.354 249.372 246.706 249.73 249.765 245.55 248.131 248.442 249.609 249.297 249.39 245.537 249.399 249.806 249.806 249.979 249.874 249.896 249.847 248.277 244.978 250.068 250.115 249.421 248.798 249.411 248.835 247.603 249.883 249.382 249.754 249.837 245.307 247.803 242.356 249.374 249.003 249.88 250.18 
239.499 238.669 240.351 241.419 242.529 241.144 240.887 240.709 242.055 238.221 238.09 240.726 242.804 241.279 240.931 239.482 240.479 240.754 237.09 238.325 239.795 242.206 240.767 242.718 241.159 242.213 241.686 237.498 237.566 238.216 240.918 241.793 243.726 243.738 242.726 243.078 239.509 235.675 238.333 239.581 240.621 240.824 243.804 240.581 242.159 241.998 238.747 237.616 240.193 239.98 240.463 243.866 241.323 240.377 240.893 240.875 242.501 239.976 238.577 242.542 242.096 240.38 239.158 244.218 244.745 242.353 239.407 238.008 243.344 243.377 243.069 238.539 241.568 243.433 241.194 239.916 240.485 241.574 240.699 242.431 240.295 
2.98726 2.816 2.92596 3.10647 3.22825 3.27364 3.43635 3.51324 3.87791 2.73982 2.75535 2.72647 2.85089 3.02642 3.19394 3.22135 3.32714 3.24471 2.676 2.57759 2.68558 2.75288 2.89805 3.04213 3.16724 3.20137 3.17332 2.61527 2.56452 2.61767 2.73884 2.82873 2.92776 3.05232 3.1591 3.1206 2.64639 2.56517 2.61045 2.69604 2.82372 2.87582 2.99464 3.0766 3.11727 2.74479 2.61876 2.66303 2.72632 2.78407 2.92577 2.99993 3.07785 3.1457 2.80896 2.76633 2.71981 2.80358 2.89679 2.97712 3.10674 3.14324 3.23184 2.93888 2.82655 2.89461 2.89612 2.99162 3.03236 3.13103 3.21857 3.31729 3.069 2.94807 2.95998 3.0808 3.09371 3.14915 3.24431 3.32835 3.50002 
10.7231 12.3795 12.5807 12.6125 12.4977 12.3707 12.242 12.182 12.4935 10.6292 12.5373 12.4192 12.3771 12.3624 12.3689 12.252 12.2276 12.1876 10.9913 12.7628 12.5598 12.3355 12.2731 12.2186 12.235 12.1768 12.2534 10.7222 12.7808 12.5461 12.3967 12.1914 12.1696 12.318 12.3863 12.3042 11.04 12.8073 12.8288 12.5033 12.4861 12.4458 12.4808 12.5704 12.4565 11.1315 12.891 12.725 12.9005 12.6266 12.7157 12.6315 12.5275 12.5122 11.5745 13.1202 13.0517 12.9398 12.8497 12.7845 12.7959 12.7549 12.4609 11.5923 13.5533 13.2808 13.0158 12.6332 12.5821 12.6788 12.5932 12.3711 11.4701 13.3073 13.228 12.9656 12.824 12.5381 12.7877 12.7938 12.6607 
27.0325 27.3893 28.0329 28.4654 28.7898 28.6067 28.4478 28.5823 28.9195 27.0326 27.6154 27.9912 28.2555 28.5295 28.7362 28.5766 28.7081 28.7572 27.6097 27.9733 28.0161 28.2202 28.3922 28.4545 28.598 28.6619 29.0068 27.3013 28.0263 27.9839 28.1899 28.327 28.4778 28.7952 29.1424 29.1957 27.9612 28.1877 28.5123 28.612 28.8653 29.0666 29.2167 29.4669 29.564 28.0826 28.3631 28.4084 29.2482 29.3183 29.5603 29.6295 29.4951 29.5653 28.9595 28.8262 29.2575 29.4989 29.6343 29.752 29.8231 29.9192 29.5145 29.0673 29.727 29.5362 29.755 29.408 29.4373 29.7148 29.6757 29.4786 28.8153 29.1527 29.567 29.5392 29.7633 29.3916 29.8986 30.1266 29.9144 
31.9945 32.5955 33.0958 33.5572 33.9683 33.9119 33.6954 33.5829 33.6833 32.1812 32.892 33.1411 33.448 33.8285 34.057 33.8804 33.7888 33.4844 32.7812 33.3278 33.2965 33.5269 33.736 33.8645 33.9926 33.7295 33.8022 32.6075 33.5086 33.2747 33.5184 33.7581 34.0158 34.2231 34.3462 34.0317 33.2642 33.7021 33.9239 33.935 34.3079 34.6273 34.7527 34.675 34.5856 33.4369 34.0341 33.9165 34.7175 34.7681 35.1114 35.0473 34.7825 34.5782 34.3082 34.4354 34.8023 34.9799 35.2412 35.4201 35.3005 35.2175 34.7035 34.4083 35.3177 35.0357 35.3677 35.1228 35.2479 35.3971 35.1039 34.6992 34.3121 34.9658 35.3062 35.1633 35.6046 35.3202 35.7091 35.7552 35.1692 
31.892 34.7031 34.2424 35.0134 35.8896 36.6143 36.4217 36.1883 34.8943 32.6185 34.9111 34.7322 35.2056 36.0961 37.3335 37.087 36.3083 35.1433 32.8751 35.0221 34.7538 34.8393 36.4242 37.7812 37.5358 36.7835 35.9008 33.7855 35.8091 35.0111 34.8152 36.1204 38.1643 38.0329 37.5248 36.3713 34.3091 36.2264 35.7041 35.872 36.5778 37.9332 38.5411 37.606 37.5349 34.4632 36.6846 36.0211 36.295 37.462 38.3253 38.6563 38.045 37.6686 34.9937 37.409 37.228 36.9499 37.9023 39.0812 38.6584 39.269 37.9154 35.1129 37.5773 37.463 37.7694 38.3549 39.7747 39.678 38.9265 38.781 35.633 37.6803 37.6316 37.6082 39.1481 39.9087 40.1189 39.8187 38.6095 
26.6812 83.5832 94.6363 104.138 113.023 128.134 142.818 155.537 154.043 26.8062 85.1331 92.3551 105.026 113.445 125.231 145.453 154.7 153.985 26.8143 85.9727 94.592 101.26 113.663 126.013 143.362 156.243 153.819 26.6985 85.7586 94.6488 101.966 109.674 130.173 143.465 153.034 151.985 26.7622 85.7768 92.7478 101.471 110.755 125.212 147.542 153.462 155.388 26.7486 85.5577 92.9198 100.301 110.03 122.94 138.499 156.324 156.249 26.8496 85.1868 93.4675 100.95 108.774 122.341 138.865 153.972 154.234 26.902 82.3124 93.2716 102.386 111.051 124.102 141.792 154.775 156.887 26.2878 85.0799 91.1468 102.551 112.515 126.811 142.287 154.811 154.167 
195.489 188.371 195.182 201.708 211.835 225.68 240.515 246.957 246.905 195.381 191.95 197.459 202.254 212.442 228.699 243.134 250.11 249.186 195.858 190.776 195.988 201.105 212.975 228.87 245.299 250.193 248.489 195.701 188.845 195.171 201.791 211.016 227.969 243.53 249.447 247.809 195.299 189.409 195.528 202.546 213.005 226.132 243.514 248.584 244.991 195.193 188.849 195.817 202.183 211.776 226.553 242.264 246.038 245.291 195.383 187.778 195.387 201.718 210.022 225.154 239.692 245.105 242.877 195.424 189.464 195.429 201.388 206.52 222.485 238.955 243.006 243.587 68.1099 62.2307 68.5182 71.2092 77.6674 94.8803 110.528 114.636 114.088 
233.967 241.908 243.078 243.786 245.26 247.719 250.165 250.789 250.764 233.641 241.555 243.004 244.171 245.6 247.763 250.03 250.619 250.414 233.678 241.236 242.881 244.063 245.732 247.657 249.846 250.727 250.565 232.142 241.415 242.816 244.13 245.641 247.837 250.12 250.609 250.481 231.769 240.999 242.327 243.609 245.514 247.729 250.263 250.728 247.872 231.754 240.168 242.12 242.808 244.781 247.854 249.932 247.791 247.587 231.111 239.625 241.367 242.535 242.212 244.589 244.568 245.128 245.136 230.247 239.2 240.702 241.28 238.705 241.452 243.769 244.501 244.868 73.6937 82.5815 83.7499 82.3601 81.1698 83.8992 86.349 87.2557 87.492 
253.59 253.658 253.69 253.3 253.178 253.487 246.463 250.959 249.243 252.815 250.847 249.942 253.429 253.451 250.358 246.703 253.66 251.32 252.717 251.436 252.531 253.543 253.585 251.125 249.183 253.375 253.419 252.967 252.11 253.231 253.93 250.59 253.563 251.998 253.399 253.194 253.495 252.838 252.134 253.658 252.295 253.607 252.578 253.442 250.787 253.888 253.798 249.571 252.011 252.354 253.685 253.362 252.901 249.271 253.653 253.554 253.671 253.714 253.428 253.609 252.956 251.245 248.781 253.782 253.562 253.538 252.881 253.057 252.529 251.423 253.257 253.265 247.57 247.549 243.114 245.252 239.566 247.001 246.909 247.116 247.146 
254.678 254.863 254.906 254.637 254.583 254.811 247.755 252.21 250.536 253.765 251.85 251.027 254.776 255.048 251.775 247.882 254.767 252.493 253.826 252.508 253.63 254.75 254.921 252.631 250.51 254.568 254.815 254.238 253.154 254.477 254.978 251.621 255.022 253.506 254.751 254.64 254.758 253.848 253.286 254.982 253.535 254.94 253.976 254.805 252.363 255.028 254.991 250.637 253.232 253.589 254.975 254.682 254.636 250.834 254.932 254.79 254.926 255.073 254.784 254.981 254.572 252.937 250.482 255.006 254.943 254.938 254.178 254.704 254.287 253.177 254.959 255.008 254.901 255.068 250.424 253.026 247.263 255.045 254.964 254.924 255.008 
253.237 252.897 253.088 253.476 253.735 253.654 246.644 250.909 249.622 252.144 250.192 249.673 253.653 253.635 250.392 246.385 253.444 251.509 252.039 250.961 252.23 253.474 253.509 251.543 249.298 253.689 253.844 252.521 251.484 252.689 253.678 250.374 253.874 252.617 254.053 253.871 253.218 251.757 251.688 253.308 251.915 253.507 253.246 253.718 251.565 253.815 253.213 248.697 251.765 252.041 253.559 254.185 253.787 249.718 253.465 253.188 253.651 253.462 253.074 254.101 253.932 251.909 249.077 254.289 254.13 253.52 252.362 252.741 253.462 252.617 254.159 253.305 253.687 253.872 248.814 251.227 246.092 253.894 253.708 254.113 253.667 
