2158640
59.7516 60.5441 60.5574 59.8906 59.5137 59.5596 59.5177 58.9758 58.1278 59.7062 60.6159 60.3654 59.9802 59.7705 59.8156 59.2487 59.256 58.3811 59.7935 60.6437 60.5023 59.6088 59.4324 59.5153 59.1358 58.8778 58.8088 60.9387 60.782 59.8005 59.2159 59.0965 59.2112 58.5825 58.656 58.4454 60.481 61.3688 60.1671 59.6489 59.5886 59.3255 59.1802 58.5994 58.6691 60.0516 61.1989 60.9802 60.5019 60.2979 59.5918 59.4836 59.082 59.1711 60.2115 61.1564 60.8166 60.7025 60.6492 60.1298 59.9511 59.3894 59.4046 60.8116 61.4639 61.2463 60.7869 60.7534 60.7001 60.3458 59.5946 59.2168 61.0086 61.6879 61.5023 61.2254 60.4065 60.7212 60.5751 59.7392 59.3501 
75.3363 75.5177 75.0744 74.4194 73.6717 74.0071 74.4181 73.5056 73.0468 74.9132 76.1314 75.0214 74.9534 74.3369 74.9836 74.3983 74.3531 73.9049 75.848 76.6838 75.6546 75.0804 74.7866 74.6232 74.1988 73.5151 73.299 78.3901 77.1834 75.4747 75.5956 74.0023 74.5524 74.0346 73.6485 73.2797 78.4526 77.8531 76.4178 75.8709 75.1832 74.4408 74.1119 73.6722 73.6551 77.6017 78.1472 77.9487 77.2924 76.5867 76.1701 73.7693 73.8773 73.5347 78.0379 78.9941 79.0151 78.6537 77.8735 77.2821 75.7068 74.822 74.3662 78.6067 79.5386 79.046 78.2044 77.9891 78.6151 75.6093 76.0296 75.5391 77.3416 78.4074 78.4567 78.4351 78.1837 78.9417 77.1711 76.696 76.7461 
104.087 103.865 103.975 103.429 103.02 102.945 102.778 102.221 100.962 104.055 103.906 103.66 103.532 103.255 102.91 102.302 102.184 101.176 103.858 103.832 103.732 102.833 102.818 102.63 101.891 101.688 101.576 105.328 103.81 102.982 102.451 102.289 102.273 101.515 101.46 101.102 104.628 104.455 103.089 102.812 102.856 102.566 102.46 101.814 101.464 104.272 104.085 104.14 103.747 103.656 102.989 102.813 102.541 102.21 104.366 103.961 103.892 103.866 103.963 103.573 103.314 102.568 102.272 104.856 104.717 104.283 104.316 104.087 104.048 103.373 102.538 101.809 104.995 104.656 104.551 104.279 103.52 103.984 103.729 102.683 102.018 
146.573 146.172 146.983 146.889 148.607 147.892 148.106 149.024 148.878 147.726 146.185 149.121 149.766 149.978 147.869 146.516 146.977 148.189 149.23 147.82 149.125 150.048 149.997 146.549 146.094 146.64 148.128 148.974 149.27 149.93 150.996 150.834 148.874 147.767 148.508 148.19 147.082 148.475 151.02 151.602 151.436 149.833 146.983 146.645 147.552 149.507 149.664 151.366 150.088 150.321 149.576 147.71 147.217 147.792 150.191 149.242 149.002 148.894 147.903 147.981 148.456 149.648 148.567 150.829 149.181 149.263 148.583 147.091 147.176 147.781 148.664 148.205 148.406 148.655 149.93 149.108 147.354 146.868 147.94 148.02 147.685 
77.2687 77.665 77.2616 76.65 76.2099 76.7642 77.0717 76.5665 76.5278 77.0172 78.461 77.3718 77.4207 76.9505 78.0051 77.4746 77.5457 77.3934 78.0704 79.1568 78.0561 77.9788 77.884 77.8508 77.4969 76.9151 76.6757 80.4086 79.6095 78.1103 78.5875 77.1357 77.8841 77.5824 77.5167 77.0163 80.76 80.2688 79.2377 78.7834 78.2298 77.772 77.5716 77.226 77.2112 80.0947 80.8323 80.6082 80.0486 79.5016 79.5554 77.0304 77.085 76.7037 80.5874 81.7287 81.9212 81.6422 80.8425 80.6064 78.9084 78.1054 77.5211 81.2793 82.4422 81.9119 80.9851 80.7829 81.7228 78.6593 79.458 79.0746 79.6345 80.7997 80.9409 81.0656 81.1757 81.9525 80.1774 80.1097 80.4577 
91.1534 90.3568 89.8986 89.2747 88.5515 89.1581 89.6327 88.6936 87.9535 90.6172 90.9455 89.7954 89.8773 89.2564 90.2919 89.6283 89.7141 89.1677 91.6563 91.7576 90.5232 89.8475 89.7971 89.8793 89.4554 88.6966 88.2999 94.6459 92.2452 90.2201 90.4471 88.8382 89.7434 89.217 88.7864 88.2446 94.8677 93.2838 91.5504 90.9906 90.3738 89.6774 89.3726 88.8153 88.6912 94.0071 93.5906 93.3882 92.6354 91.9442 91.5507 88.9038 89.0865 88.5077 94.4217 94.4256 94.5169 94.2485 93.4475 92.8474 91.113 89.9982 89.322 95.0289 95.0976 94.4194 93.7037 93.3904 94.2429 90.7675 91.236 90.5224 93.3288 93.5271 93.6726 93.7346 93.5298 94.443 92.3848 91.874 91.7406 
120.772 120.101 119.693 119.099 118.958 119.203 119.943 119.826 119.652 120.845 120.595 120.434 120.656 120.043 120.23 119.517 119.724 120.34 122.341 121.884 121.078 121.082 120.829 119.557 119.252 118.827 119.192 124.448 122.763 121.524 122.25 120.622 120.731 120.234 120.087 119.396 124.194 122.837 122.745 122.569 121.829 120.887 119.801 119.477 119.549 124.384 123.623 124.195 123.22 122.698 122.503 119.494 119.59 119.386 124.839 124.416 124.68 124.412 123.315 122.837 121.42 121.306 120.37 125.618 124.994 124.821 123.84 123.05 123.598 120.896 122.167 121.403 123.023 123.401 124.24 124.014 123.428 123.953 122.686 122.53 122.41 
163.178 163.092 163.692 163.412 164.552 163.564 163.888 165.111 164.991 164.453 162.795 165.4 165.972 166.066 164.253 162.84 163.28 164.65 165.721 164.206 165.062 165.852 165.989 163.04 162.519 163.192 164.619 165.211 165.074 165.703 166.754 166.561 164.978 164.364 165.144 164.622 163.18 164.443 166.663 167.374 167.146 165.939 163.804 163.625 164.216 165.938 165.834 167.154 166.277 166.584 166.11 164.567 164.169 164.897 166.37 165.333 165.123 165.059 164.601 164.58 164.855 165.901 164.998 167.14 165.536 165.555 164.714 163.407 163.426 164.067 164.971 164.647 161.924 162.004 163.12 162.322 160.903 160.637 162.11 162.211 161.353 
109.111 109.237 109.46 109.639 110.98 111.413 111.188 111.863 111.269 109.71 109.704 109.843 110.316 110.827 111.53 111.603 111.709 111.078 109.533 109.992 110.207 110.804 111.039 111.215 110.979 111.063 111.061 109.241 109.622 109.841 110.353 110.753 110.867 110.892 112.367 111.526 109.045 109.319 109.53 109.885 110.496 110.862 111.523 111.774 111.258 109.294 109.583 109.585 109.801 110.355 110.844 111.008 110.631 110.719 110.07 109.737 110.065 110.065 110.523 111.34 110.58 110.504 110.672 111.434 111.049 110.372 109.787 110.132 110.952 111.055 110.891 110.768 110.874 110.169 110.226 109.912 110.087 110.628 110.834 110.372 111.186 
116.328 115.575 114.868 114.958 114.56 114.703 115.28 115.043 115.24 115.866 116.461 115.226 115.224 114.719 116.262 115.95 116.164 116.491 116.956 117.367 116.257 116.461 116.323 116.443 115.982 115.595 115.721 119.719 117.944 116.58 117.105 115.538 116.501 116.111 116.15 116.094 120.072 118.582 117.53 116.824 116.349 116.18 116.165 115.844 115.697 119.647 119.101 118.906 118.247 117.49 117.709 115.687 115.885 115.243 120.115 120.272 120.978 120.219 119.271 118.922 117.716 117.37 116.572 120.596 121.298 121.203 120.273 119.908 120.465 117.347 118.35 117.756 118.946 119.271 119.744 119.872 120.043 120.36 118.369 118.461 118.733 
171.78 172.426 172.218 171.868 171.564 171.68 171.886 171.568 171.427 171.925 172.261 171.889 171.827 171.806 171.706 171.56 171.385 171.783 172.431 172.229 172.086 171.961 172.092 171.703 171.401 171.569 171.947 172.367 172.172 172.373 172.46 172.349 172.024 171.871 172.017 171.769 172.08 172.487 172.553 172.533 172.699 172.57 172.303 172.315 172.208 173.12 172.648 172.818 173.038 172.97 172.671 172.343 172.177 172.366 172.961 172.626 172.872 173.066 173.317 172.73 172.476 172.471 172.184 173.134 172.904 173.159 173.04 173.145 172.981 172.917 172.956 172.581 170.311 169.874 170.273 169.986 169.855 170.013 170.208 170.153 169.711 
225.073 224.897 224.9 225.131 225.496 225.089 219.17 225.244 225.307 225.232 224.42 223.84 225.946 226.134 222.504 218.652 225.28 225.609 225.906 225.002 225.728 225.781 225.929 222.844 220.967 225.391 226.029 225.806 225.742 226.497 226.849 223.528 225.769 224.417 226.211 225.771 225.213 225.41 226.618 226.547 224.983 226.006 225.243 225.684 223.639 226.037 225.96 223.599 224.989 225.07 226.225 225.652 225.628 223.42 226.326 225.949 226 226.079 226.014 225.771 226.055 225.083 223.399 227.005 226.072 226.187 225.652 225.676 225.005 224.526 226.472 226.345 223.434 223.378 220.508 221.823 217.876 223.29 223.697 223.85 223.879 
134.432 134.221 134.179 136.398 137.918 136.547 136.056 137.122 137.758 134.627 135.159 135.353 135.511 135.921 137.632 137.638 137.822 138.156 134.772 136.317 136.623 137.823 137.68 138.323 137.47 138.122 138.841 135.466 136.345 136.664 136.752 136.758 137.063 136.722 137.935 139.105 134.871 135.487 135.284 134.774 135.312 136.528 137.241 136.818 136.474 135.397 135.61 134.816 134.818 134.918 135.464 137.554 137.489 136.872 136.405 136.669 137.568 135.423 135.274 135.822 137.365 139.157 138.653 136.752 138.149 138.46 137.232 136.569 135.927 137.259 137.617 137.395 137.109 136.749 136.603 136.012 135.82 134.517 135.331 135.895 136.574 
154.935 154.907 154.521 156.603 157.317 156.04 155.696 155.895 156.5 154.411 155.283 155.182 154.955 155.408 156.655 156.481 156.56 157.246 155.023 156.315 156.399 157.021 156.841 157.114 156.724 157.17 157.778 155.925 156.854 156.694 156.354 156.109 156.112 155.866 155.885 157.409 155.644 156.402 155.656 154.755 155.117 155.812 155.818 155.473 155.47 156.178 156.238 155.183 155.037 154.686 154.712 156.339 156.544 156.103 156.357 156.852 157.311 155.248 155.01 154.802 156.468 158.116 157.655 155.352 156.999 157.688 157.005 156.049 155.034 156.329 156.641 156.188 156.245 156.667 156.497 155.739 154.882 153.852 154.483 155.074 155.136 
225.883 225.904 225.593 226.388 226.446 226.134 219.719 225.543 225.844 225.503 225.679 224.025 225.748 225.903 223.288 219.783 226.378 226.44 225.942 226.053 226.456 226.273 226.261 224.351 222.422 226.842 227.09 226.294 226.549 227.124 226.805 223.385 226.387 225.092 226.589 226.829 226.326 226.367 226.593 225.903 224.459 226.284 226.066 226.192 224.083 226.599 226.446 223.29 224.903 224.789 226.158 226.555 226.555 224.043 226.596 226.549 226.938 226.493 226.529 226.367 227.092 226.065 224.412 226.82 226.937 227.206 226.884 227.107 226.011 225.534 227.307 227.081 226.743 226.75 223.347 224.83 221.111 226.341 226.417 226.839 226.889 
239.916 240.087 239.993 240.217 240.346 240.266 233.843 238.886 238.482 239.437 238.915 237.814 240.102 240.512 237.271 233.73 240.269 239.454 239.943 239.199 239.989 239.959 240.24 238.021 236.146 240.625 240.565 240.188 239.855 240.735 240.852 237.338 240.058 239.088 240.505 240.254 240.243 240.098 240.328 240.426 238.904 240.382 240.105 240.5 238.298 240.501 240.585 237.275 239.372 239.534 240.817 240.356 240.377 237.601 240.597 240.634 240.641 240.825 241.114 240.933 240.981 239.393 237.377 241.006 240.766 240.492 240.153 240.84 240.313 239.388 241.189 241.08 237.827 237.802 233.992 235.818 231.819 238.117 237.955 238.314 238.549 
