2158640
249.476 249.248 249.016 248.91 249.427 249.512 242.703 247.331 245.704 248.457 246.77 246.344 249.116 249.514 246.107 242.904 249.703 247.286 248.694 247.327 248.871 249.242 249.264 247.054 245.449 250.018 249.305 249.233 248.492 250.013 250.063 246.385 249.232 248.71 249.583 249.017 249.806 248.871 248.868 249.471 247.773 249.471 249.433 249.498 246.883 249.907 249.87 245.84 248.338 248.576 249.789 249.394 249.499 245.855 249.648 249.941 249.844 250.119 250.045 249.988 249.998 248.46 245.371 250.303 250.255 249.564 248.957 249.576 248.988 247.821 250.056 249.653 249.371 249.386 244.923 247.311 242.057 249.064 248.761 249.522 249.816 
243.064 243.143 243.043 243.137 243.409 243.343 236.831 241.664 240.982 242.426 241.644 240.764 243.077 243.502 240.208 236.821 243.383 242.167 242.745 241.925 242.964 242.941 243.311 241.055 239.194 243.739 243.62 243.152 242.771 243.865 243.931 240.405 243.128 242.289 243.593 243.371 243.483 243.109 243.22 243.496 242.015 243.442 243.24 243.596 241.306 243.741 243.716 240.095 242.378 242.643 243.84 243.396 243.572 240.59 243.799 243.739 243.69 243.99 244.198 244.042 244.015 242.569 240.2 244.217 243.987 243.609 243.287 243.952 243.423 242.287 244.29 244.133 243.997 244.019 240.014 242.023 237.659 244.195 243.874 244.322 244.676 
201.521 201.599 201.548 199.684 200.804 202.015 202.005 201.853 199.93 201.17 200.47 202.61 200.411 201.506 200.409 202.276 201.698 199.821 201.886 200.539 203.013 201.502 201.26 200.967 201.63 203.086 201.019 202.679 202.665 204.748 203.217 201.736 201.102 204.222 202.553 200.976 202.435 202.268 203.664 202.29 201.269 202.459 205.009 203.202 201.836 203.028 202.857 202.452 203.897 203.918 203.356 202.069 203.419 203.404 202.035 203.067 202.285 203.716 204.795 203.31 203.433 204.279 201.715 202.979 203.823 202.481 202.831 203.64 201.951 200.814 203.606 202.586 202.242 202.402 202.212 203.421 202.13 201.947 202.191 204.649 204.907 
160.406 161.966 161.494 161.054 161.616 161.913 160.729 160.678 159.631 160.934 161.469 161.378 161.222 161.259 161.084 160.02 158.525 159.669 160.265 160.368 160.671 161.013 160.986 160.756 159.524 159.689 160.913 159.74 159.872 160.334 160.427 159.971 160.267 160.839 161.839 161.616 159.703 160.513 160.848 160.462 159.887 160.334 161.718 163.256 162.94 162.999 161.994 162.053 162.016 161.343 161.549 163.33 164.765 165.902 161.334 160.101 160.604 160.793 161.236 161.662 160.869 162.076 161.91 160.714 162.007 161.523 160.75 160.965 160.333 159.253 161.028 161.646 160.18 159.385 159.615 159.739 159.745 160.472 161.797 162.662 160.863 
115.697 116.283 116.571 116.813 119.067 119.855 118.705 119.784 118.566 117.193 117.33 117.524 118.183 118.111 119.263 118.767 117.97 117.184 116.659 117.317 117.966 118.67 118.279 118.169 116.911 117.252 117.789 115.497 115.639 116.479 117.189 116.875 116.919 116.907 121.307 119.402 114.145 115.177 116.016 116.281 116.15 116.546 118.124 119.3 118.683 116.214 116.678 116.543 116.948 117.432 117.931 118.403 118.105 118.959 116.772 115.564 116.334 116.42 117.307 118.829 117.072 116.941 116.995 120.144 119.616 117.861 115.703 116.544 117.505 117.034 117.498 117.743 118.533 116.298 116.475 115.884 116.626 117.307 118.474 118.007 118.662 
42.1517 42.0701 42.1568 42.2409 42.4119 42.3764 42.4953 42.5589 42.358 41.7401 41.7504 41.8574 41.9299 41.996 42.1321 42.0561 42.1387 41.9407 41.5782 41.508 41.5266 41.6466 41.6894 41.7896 41.8394 41.8605 41.7069 41.1692 41.1548 41.1592 41.2542 41.4177 41.4364 41.558 41.7502 41.5273 41.0756 40.996 41.0043 41.0199 41.227 41.3121 41.3948 41.494 41.4526 40.9665 40.8156 40.7507 40.9682 40.9463 41.0232 41.108 41.2101 41.2406 40.9005 40.7352 40.7141 40.8132 40.8042 40.8327 40.8641 41.1347 41.0582 40.777 40.8505 40.717 40.692 40.4759 40.5221 40.7452 40.8097 40.8999 40.5656 40.5592 40.6298 40.4753 40.4097 40.4121 40.6935 40.7453 40.7454 
18.9328 20.4823 20.4659 20.3911 20.2435 19.9827 19.9096 19.8672 19.8037 18.5493 20.3314 20.1396 19.9746 19.8656 19.8442 19.632 19.6216 19.3529 18.6335 20.1929 19.9963 19.7193 19.5439 19.4849 19.5119 19.3388 19.2731 18.2533 20.0818 19.7089 19.553 19.3048 19.2288 19.3509 19.3535 19.108 18.2974 19.873 19.8344 19.4092 19.2948 19.2336 19.2341 19.2608 19.1395 18.2381 19.8513 19.5936 19.6204 19.2762 19.3503 19.2429 19.1117 19.0244 18.4342 19.9329 19.7339 19.5428 19.3619 19.2227 19.3177 19.272 18.9486 18.3768 20.1119 19.8658 19.5573 19.1334 19.0961 19.1503 19.1103 18.9002 18.2798 20.006 19.8012 19.5281 19.3198 19.047 19.2531 19.2024 19.0972 
246.128 246.281 246.477 246.623 246.662 246.337 239.708 244.484 243.782 245.505 244.419 243.435 246.565 246.803 243.523 239.599 246.365 245.096 245.624 244.821 245.752 246.414 246.879 244.511 242.246 246.536 246.771 245.902 245.237 246.17 246.776 243.557 246.699 245.233 246.748 246.695 246.327 245.731 245.454 246.637 245.415 246.759 246.138 246.746 244.637 246.701 246.643 242.788 245.061 245.401 246.926 246.894 246.766 243.357 246.765 246.821 246.901 246.703 246.684 246.982 246.917 245.249 243.029 247.055 247.02 246.843 246.164 246.559 246.392 245.432 247.174 247.085 242.839 243.006 238.815 240.865 235.858 242.981 243.092 243.165 243.346 
210 210.161 210.512 209.491 210.451 210.921 211.112 210.787 209.801 210.051 209.673 211.325 209.852 211.062 210.025 211.081 211.341 209.874 211.185 209.745 211.807 210.758 210.953 210.682 210.931 212.536 210.56 211.552 211.449 213.347 212.273 211.333 210.715 212.564 211.521 210.494 211.289 211.283 212.448 211.511 211.02 211.868 213.267 211.961 211.438 211.676 211.814 211.992 212.766 213.053 212.264 210.991 211.83 212.113 211.822 212.898 212.281 213.009 213.853 212.414 212.571 213.253 211.639 212.661 212.838 212.145 212.445 213.214 212.106 211.55 213.52 212.356 210.602 210.899 210.976 211.471 210.575 210.082 210.257 212.115 213.127 
184.155 185.352 186.793 186.745 187.237 188.409 188.421 186.984 187.363 184.915 185.954 186.965 187.57 188.195 188.111 187.834 187.151 187.939 186.61 186.458 187.62 187.908 188.642 188.626 187.581 187.898 188.824 186.836 187.696 188.613 189.201 189.504 189.37 188.487 188.767 189.054 186.866 188.401 189.677 190.141 190.564 190.56 189.656 189.403 189.784 187.846 188.105 189.433 189.772 189.961 189.626 189.447 189.4 189.261 188.772 188.726 189.179 189.541 190.021 189.798 189.979 190.363 189.189 188.568 188.725 189.611 189.625 190.652 191.042 191.07 191.466 191.355 188.747 188.466 189.308 190.088 190.287 190.8 190.612 191.156 191.459 
144.068 144.952 145.677 145.57 147.37 148.33 147.393 148.345 147.136 145.53 145.777 146.093 146.998 147.242 148.246 147.486 146.907 146.39 145.797 145.981 146.659 147.728 147.527 147.469 145.987 146.506 147.152 144.949 145.05 145.946 146.783 146.7 146.999 146.824 150.501 148.731 143.879 144.773 145.745 146.219 146.238 147.156 148.622 149.424 148.623 145.811 146.019 146.35 147.195 147.619 148.471 148.831 148.35 149.249 146.59 145.714 146.934 147.172 148.162 149.525 147.734 147.583 147.717 149.666 149.277 148.603 146.764 147.836 148.731 148.187 148.847 148.785 148.126 146.519 147.056 147.18 148.201 148.856 149.652 149.518 149.983 
109.789 110.162 110.289 110.231 112.328 112.968 112.255 113.048 112.228 111.173 111.113 111.015 111.582 111.816 112.699 112.345 112.169 111.148 111.093 111.216 111.266 112.069 112.063 111.921 110.973 111.302 111.344 110.625 110.136 110.548 111.146 111.314 111.363 110.892 113.952 112.619 110.046 109.593 109.715 110.293 110.666 111.413 112.312 112.728 112.131 110.381 110.405 109.919 110.45 111.37 112.255 111.881 111.286 111.939 111.567 110.841 111.407 111.401 112.038 113.574 111.436 111.387 111.726 113.938 113.015 112.372 110.893 111.759 113.043 112.348 112.352 112.201 112.532 110.855 111.476 111.39 112.51 112.756 112.451 111.682 113.257 
79.9892 81.5924 81.6964 81.5647 82.9826 83.3331 82.6927 83.4273 82.673 80.7804 82.2981 82.0891 82.3257 82.1872 83.0082 82.7271 82.538 81.4282 80.5718 82.4446 82.4949 82.6268 82.1384 82.0021 81.3234 81.4975 81.4754 79.9172 81.3247 81.4192 81.6628 81.4271 81.3177 80.9445 83.8212 82.3231 78.969 80.5563 80.7456 80.7949 80.9238 81.0814 81.7382 81.9747 81.4736 79.2663 81.2278 80.6527 80.9276 81.4301 81.8508 81.3836 80.5051 80.8168 80.4494 81.3341 81.5031 81.3897 81.6868 82.7427 81.2671 80.8066 80.7598 83.2153 83.7199 82.5584 80.8325 81.3664 82.4331 82.1355 81.9138 81.6887 82.1257 82.2802 82.0912 81.5347 82.122 82.2438 82.3792 81.6907 82.9077 
43.957 45.5211 45.321 44.7829 44.6141 44.5789 44.2672 44.0922 43.6536 43.8499 45.3469 45.0006 44.5915 44.6192 44.5004 44.0943 43.8336 43.5888 43.7716 45.1257 44.8028 44.4693 44.3188 44.2698 43.9493 43.6561 43.4634 43.6415 44.9195 44.6614 44.5395 44.5615 44.4436 43.9449 43.6498 43.5495 43.5343 44.8978 44.7253 44.4552 44.2131 44.1705 43.8779 43.4494 43.4647 43.2088 44.7087 44.5491 44.4317 44.1757 44.0012 43.7554 43.4112 43.4011 43.3717 44.8569 44.5097 44.3074 44.121 43.9081 43.6631 43.4534 43.3249 43.5407 45.0085 44.7371 44.3489 44.1187 43.8998 43.9181 43.6289 43.5783 43.8315 45.119 44.6581 44.3285 44.3359 44.2003 44.3126 44.1472 43.856 
204.7 206.495 207.052 206.629 206.042 205.551 205.898 206.041 205.164 205.534 206.035 206.039 205.894 205.579 204.829 205.421 206.256 205.151 205.066 205.278 205.549 206.108 205.293 204.964 205.66 206.642 204.784 204.661 204.917 205.521 205.233 205.982 206.434 205.206 205.01 204.737 205.084 206.069 205.382 205.36 205.713 205.41 204.01 205.526 205.41 206.354 207.237 207.465 205.911 206.197 204.939 205.66 205.918 205.805 206.102 207.111 207.518 206.448 205.464 205.331 205.126 206.376 206.472 205.988 206.064 207.308 206.398 205.443 205.486 206.715 207.459 206.084 193.562 192.837 193.144 193.065 192.51 189.749 190.411 192.659 193.655 
178.24 178.121 179.105 179.072 180.827 180.037 180.779 181.589 181.681 179.696 178.563 181.613 181.868 182.234 180.222 178.829 179.4 181.088 181.487 180.102 181.659 182.371 182.529 179.05 178.658 179.635 181.429 181.009 181.571 182.44 183.54 183.23 181.363 180.387 181.813 181.475 179.027 180.863 183.891 184.376 184.252 182.522 179.405 179.492 180.934 182.006 182.369 184.269 182.754 183.169 182.197 180.445 179.985 181.265 183.007 182.04 181.748 181.62 180.662 180.524 181.468 182.889 181.884 183.998 181.826 182.125 181.467 180.257 180.132 181.304 182.096 181.7 178.268 178.448 179.856 178.945 176.926 176.669 178.342 178.32 178.113 
169.394 170.435 172.17 172.316 173.007 174.553 174.45 173.117 172.621 170.101 170.844 171.777 172.717 173.67 173.717 173.418 173.059 172.924 171.499 171.17 172.702 173.752 174.095 174.093 173.273 173.676 173.86 171.417 172.1 173.601 174.435 175.248 175.007 173.603 173.807 173.873 171.381 173.666 175.237 175.682 175.97 175.466 173.827 173.964 174.519 172.809 173.751 175.701 175.579 175.721 174.064 174.155 174.164 173.635 173.525 173.891 174.489 175.293 174.9 174.358 174.779 175.322 173.766 173.677 174.157 174.817 175.028 175.777 175.882 176.408 176.875 175.974 174.104 173.573 174.079 175.059 175.242 174.465 174.357 175.554 175.823 
143.483 144.145 145.202 145.115 146.685 148.508 147.794 146.072 145.852 144.295 145.14 145.766 146.587 147.563 147.351 146.828 145.983 145.974 145.819 145.315 146.662 147.611 148.192 147.676 146.404 146.395 147.066 146.109 146.838 147.751 148.708 149.281 148.315 147.009 146.821 147.202 146.915 148.473 149.742 150.255 150.294 149.733 147.914 147.534 147.956 147.717 148.628 149.824 149.338 149.278 148.428 148.106 147.976 147.159 148.65 148.975 148.942 149.152 148.64 148.841 148.718 149.122 147.392 148.104 148.795 148.932 148.89 149.639 150.177 149.844 149.829 149.508 148.416 147.515 148.229 149.001 149.401 149.239 147.956 148.278 148.816 
105.398 105.378 105.777 105.947 107.844 108.24 107.278 107.96 107.219 107.023 106.892 106.731 107.125 107.253 107.874 107.527 107.35 106.05 106.807 107.104 107.415 107.846 107.57 107.006 106.037 106.342 106.354 106.207 105.995 106.439 107.007 106.843 106.362 105.751 109.149 107.572 105.422 105.381 105.708 106.04 106.318 106.382 106.892 107.375 106.83 105.935 106.331 105.946 106.312 107.181 107.67 106.993 106.067 106.373 107.303 106.489 107.24 107.279 107.844 109.15 107.312 106.463 106.521 110.274 109.118 108.242 106.785 107.73 108.935 108.34 107.839 107.5 109.229 107.562 107.756 107.613 108.54 108.726 108.541 107.484 108.981 
72.1466 72.5138 72.2085 71.6714 71.8108 71.8226 71.5406 71.2814 70.9089 72.0766 72.2329 71.8104 71.4687 71.7792 71.6323 71.35 71.045 70.8037 71.816 71.8691 71.6061 71.4573 71.5116 71.4172 71.0517 70.8812 70.6214 71.7366 71.5997 71.4951 71.6077 71.7423 71.4672 71.0064 70.8608 70.8296 71.6891 71.6027 71.3288 71.356 71.1986 71.2261 70.9865 70.6655 70.6122 71.4574 71.4784 71.2058 71.183 71.266 71.1063 70.9378 70.5983 70.5503 71.5476 71.6305 71.4031 71.3623 71.2773 71.1564 70.8006 70.531 70.3812 71.6873 71.7514 71.6356 71.5553 71.5207 71.1974 71.1459 70.7924 70.6707 72.0135 71.9302 71.6515 71.6187 71.7626 71.6647 71.6722 71.3208 70.9246 
64.5738 65.5744 65.5096 64.6393 63.8674 63.7177 63.5168 62.5339 60.9969 64.6332 65.7925 65.215 64.5701 64.2079 63.9811 63.1582 62.8638 61.3813 64.6335 65.6193 65.2226 63.7139 63.4415 63.4672 62.7794 62.2621 62.042 66.3959 65.6311 64.1547 63.2534 62.9762 63.0699 61.7253 61.819 61.6093 65.4725 66.584 64.7314 63.9272 63.5349 62.9645 62.6495 61.861 61.6927 64.5148 66.1146 65.8533 65.073 64.6096 63.322 63.1059 62.4772 62.444 64.7117 65.8906 65.4396 65.2049 65.139 64.1735 63.7043 62.5421 62.6681 65.6458 66.386 65.8951 65.1315 65.238 64.9781 64.3274 62.9757 62.3598 65.9756 66.7306 66.2298 65.5756 64.6235 65.0937 64.7455 63.3008 62.4689 
172.523 172.32 172.617 172.249 173.934 172.313 173.167 174.517 174.022 173.289 171.805 175.041 175.123 175.025 172.613 171.516 172.312 173.581 174.154 173.245 174.077 175.148 174.803 170.907 171.207 172.042 173.528 173.482 174.232 174.633 175.863 175.271 173.461 172.936 174.131 173.152 170.926 172.677 175.583 176.076 175.732 174.394 171.352 171.257 171.836 173.491 173.979 175.975 174.412 174.547 174.171 172.256 170.985 172.18 173.814 173.492 173.448 173.04 171.462 171.779 172.813 173.765 173.182 174.879 173.017 173.149 172.12 170.089 170.119 171.469 172.376 171.689 167.242 168.258 169.497 168.008 165.623 165.203 167.078 167.189 166.354 
162.015 161.404 161.516 162.419 164.26 161.99 162.479 164.378 164.831 163.057 161.403 164.325 164.493 164.412 162.916 161.406 162.421 164.451 164.488 163.491 164.507 165.807 165.157 161.833 161.601 162.698 164.536 164.301 164.703 165.382 166.142 165.409 163.767 162.826 163.983 164.391 161.864 163.287 165.714 165.603 165.216 164.195 161.402 161.009 162.218 165.006 164.91 166.019 164.363 164.454 163.672 162.821 162.283 163.351 165.7 164.763 164.905 163.719 162.124 161.858 163.519 166.058 165.13 166.329 164.675 165.577 164.719 161.967 161.017 162.6 163.955 163.323 163.69 164.093 165.349 164.161 161.821 160.119 161.987 162.574 162.059 
158.974 158.49 159.365 159.28 161.203 160.409 161.036 162.204 162.07 160.255 158.579 162.14 162.707 162.889 160.734 159.324 159.737 161.155 162.11 160.553 162.061 163.229 163.11 159.216 159.047 159.616 161.143 161.716 162.156 163.005 164.26 164.039 161.995 160.773 161.853 161.205 159.52 161.453 164.711 165.205 164.902 162.955 159.421 159.211 160.158 162.592 162.962 164.998 163.364 163.606 162.441 160.452 159.746 160.564 163.217 162.195 162.029 162.027 160.758 160.601 161.334 162.692 161.485 164.401 162.226 162.458 161.575 159.96 159.693 160.771 161.597 161.077 161.52 161.67 163.052 162.106 160.097 159.455 160.849 160.919 160.168 
136.531 136.32 136.53 136.704 136.78 136.522 135.997 135.737 135.504 136.896 137.044 137.21 137.436 137.347 136.609 136.057 135.892 135.648 137.133 137.238 137.386 137.555 137.493 136.768 136.176 136.02 135.759 137.248 137.193 137.533 137.47 137.482 137.133 135.947 135.647 135.546 137.4 138.039 137.832 137.435 137.668 136.942 135.967 135.787 135.685 138.058 138.25 137.965 137.639 137.771 136.93 136.109 136.096 135.514 137.729 137.974 137.456 137.124 137.4 136.978 136.059 135.909 135.47 137.74 137.807 137.525 137.46 137.76 137.156 136.493 136.013 135.446 138.03 137.934 137.528 137.489 137.377 137.321 136.509 135.83 135.309 
100.891 100.901 100.726 100.348 100.351 100.238 99.9421 99.5026 99.2596 101.344 101.273 100.885 100.692 100.645 100.488 100.178 99.6409 99.2914 101.529 101.402 101.053 100.73 100.689 100.466 100.087 99.7611 99.4685 101.607 101.309 100.968 100.623 100.33 99.9078 100.004 99.6476 99.3658 101.458 101.056 100.575 100.418 100.095 99.9099 99.9911 99.6257 99.3526 101.63 101.178 100.62 100.323 100.095 100.029 99.8227 99.7468 99.2696 101.284 100.881 100.614 100.423 100.288 100.193 99.8579 99.5575 99.1903 101.025 100.902 100.665 100.499 100.607 100.182 99.8733 99.5785 99.1213 101.092 100.84 100.748 100.687 100.721 100.317 100.005 99.5342 99.0847 
77.2162 76.8997 77.0468 76.6108 76.176 76.0324 76.1935 75.316 73.7293 77.3322 77.2079 76.8643 76.5084 76.2595 76.26 75.6433 75.6236 73.9777 77.3402 77.0695 76.9858 75.5749 75.4748 75.6207 75.1689 74.878 74.611 79.169 77.0033 75.5925 74.7687 74.6745 74.8769 73.8052 74.2068 73.8713 78.3324 77.9785 75.9294 75.3296 75.2869 74.7954 74.6163 74.0809 73.9223 77.3511 77.5126 77.2149 76.4918 76.3256 74.9988 74.973 74.5455 74.4767 77.2665 76.9841 76.8017 76.768 76.8107 75.8987 75.5554 74.5219 74.6882 78.0132 77.4494 77.0373 76.5436 76.8267 76.6994 75.9685 74.7258 74.1433 78.1555 77.6886 77.4964 77.1177 76.1015 76.6555 76.2272 74.8508 74.102 
69.7881 69.7214 69.7457 69.0852 68.6331 68.7217 68.7036 67.8318 66.4247 69.9812 69.9789 69.7119 69.2525 69.0772 69.1181 68.442 68.2414 66.9565 70.0912 70.01 69.829 68.634 68.4937 68.7101 68.1772 67.7358 67.53 71.83 70.068 68.8174 68.1538 68.0756 68.3177 67.2916 67.4231 67.2044 71.1051 71.1152 69.3937 68.8092 68.6698 68.3496 68.1801 67.4359 67.4108 70.2965 70.7164 70.5749 69.9283 69.795 68.7866 68.6969 68.1166 68.1234 70.4622 70.4467 70.2095 70.2323 70.3593 69.5507 69.2114 68.2401 68.3884 71.2833 70.927 70.6627 70.2876 70.4326 70.2428 69.7279 68.49 67.9795 71.5976 71.1874 70.9884 70.6345 69.7622 70.2764 69.9993 68.746 68.0807 
151.484 152.698 152.542 155.358 156.329 154.985 155.534 156.755 158.115 151.2 153.3 153.615 153.85 154.01 156.342 157.189 157.996 159.259 151.253 154.313 154.881 156.139 156.291 157.394 157.657 158.772 159.6 152.182 154.842 155.324 155.209 155.526 156.488 156.66 156.897 159.229 151.677 153.933 153.723 153.268 154.076 155.989 156.813 156.004 156.018 152.025 153.671 153.096 153.22 153.319 153.92 157.134 157.349 156.246 151.695 153.939 155.255 153.21 152.59 153.14 156.121 158.947 157.926 150.185 153.826 155.641 156.002 153.44 152.807 155.056 156.125 156.002 150.62 152.44 152.786 152.522 152.061 150.576 152.172 153.837 153.761 
156.312 155.578 155.915 156.717 158.462 156.172 156.572 158.726 159.352 157.127 155.414 158.653 158.891 158.749 157.354 155.817 156.811 158.859 158.434 157.543 158.646 159.965 159.469 156.181 155.943 157.044 158.799 158.52 158.927 159.538 160.259 159.669 158.099 157.272 158.447 158.747 156.115 157.396 159.821 159.7 159.449 158.492 156.039 155.602 156.548 158.801 158.761 159.788 158.327 158.38 158.033 157.309 156.792 157.618 159.253 158.481 158.735 157.485 156.177 156.294 158.075 160.281 159.326 159.845 158.63 159.205 158.406 155.865 155.13 156.783 157.883 157.448 157.316 157.989 159.12 157.977 155.76 154.438 156.384 156.757 156.198 
147.929 147.282 146.956 149.3 149.628 147.492 147.163 147.964 149.329 147.575 148.013 148.168 148.095 147.732 148.772 148.551 148.988 149.938 148.257 149.475 149.577 150.381 149.993 150.269 149.151 149.623 150.417 149.326 149.808 149.957 149.375 149.235 149.346 148.083 147.853 150.038 149.1 149.736 148.816 147.507 147.608 148.432 148.374 147.2 147.316 149.85 149.69 148.457 148.022 147.469 147.262 149.032 149.262 148.061 149.935 150.387 150.838 148.45 147.817 147.305 149.171 151.303 150.319 148.88 150.76 151.659 151.734 149.602 147.869 148.626 149.091 148.699 150.118 150.033 149.723 149.383 148.796 146.572 146.849 147.529 147.257 
129.827 129.597 129.817 129.678 129.276 128.884 128.841 128.836 128.624 130.118 130.002 129.988 130.114 129.71 129.518 129.383 129.027 128.55 130.464 130.425 130.04 129.721 129.764 129.765 129.614 129.047 128.751 130.522 130.163 129.828 129.447 129.513 129.442 129.333 128.655 128.471 130.017 129.979 129.759 129.753 129.623 129.366 129.421 128.906 128.476 130.207 129.896 129.738 129.854 129.648 129.447 129.313 129.11 128.324 129.707 129.552 129.461 129.56 129.642 129.454 129.086 128.801 128.449 129.633 129.653 129.463 129.575 129.467 129.236 128.837 128.772 128.324 129.635 129.479 129.367 129.097 129.342 129.011 128.73 128.395 128.1 
110.542 110.326 110.648 110.535 110.154 110 110.1 109.614 109.189 110.435 110.553 110.302 110.47 110.267 110.148 110.141 109.816 109.082 110.435 110.973 110.369 109.644 109.954 110.101 110.247 109.411 108.887 110.438 110.494 110.063 109.61 109.396 109.471 109.761 108.861 108.935 110.847 110.262 109.586 109.328 109.622 109.617 109.454 108.986 109.53 110.564 110.004 110.052 109.663 109.454 109.571 109.277 109.167 109.364 109.939 109.625 109.901 109.451 109.232 109.389 108.96 108.41 108.429 109.462 109.773 109.442 109.096 108.906 109.054 109.027 108.708 108.488 109.185 109.273 109.29 109.036 108.695 108.942 108.931 108.338 108.232 
89.3569 89.5249 89.3621 89.1718 89.3766 89.4253 89.5281 89.4993 89.1296 89.4798 89.392 89.3068 89.4187 89.5335 89.802 89.671 89.4138 89.3071 89.4708 89.4843 89.2455 89.2496 89.3778 89.6418 89.6341 89.3164 89.138 89.3265 89.3525 89.1227 89.0153 89.1069 89.1871 89.4826 89.222 89.0676 89.2074 89.1048 88.986 88.9405 88.8478 89.0448 89.3459 88.9365 89.0605 89.1433 89.0617 88.9126 88.897 88.88 88.9399 89.0135 88.8433 88.6999 88.9801 88.698 88.7375 88.8055 88.8626 88.8368 88.7613 88.6927 88.593 88.8105 88.8152 88.5552 88.867 88.776 88.7098 88.7092 88.5291 88.4009 88.8202 88.8147 88.7836 88.8136 88.8191 88.6233 88.7233 88.6117 88.326 
77.9208 77.5495 77.5822 77.0634 76.5439 76.4783 76.6444 75.7904 74.1335 78.0671 77.8331 77.4882 77.1566 76.8021 76.8517 76.2585 76.1944 74.691 78.0938 77.8598 77.6585 76.3584 76.1804 76.3729 75.9434 75.6405 75.386 79.9538 77.9034 76.4576 75.6297 75.5095 75.8174 74.832 75.1855 74.8811 79.2065 78.9944 77.07 76.429 76.3352 75.924 75.8043 75.1926 75.1427 78.2466 78.5358 78.403 77.7477 77.5357 76.3076 76.3427 75.831 75.7802 78.2502 78.0338 77.9686 78.0052 78.1421 77.2506 77.0208 76.0392 76.1294 79.0884 78.5241 78.1804 77.8585 78.0055 78.008 77.4961 76.2022 75.5348 79.314 78.8639 78.6729 78.2251 77.2108 77.8222 77.5482 76.1459 75.4323 
138.839 140.887 141.496 141.76 142.017 142.06 141.89 143.089 142.643 139.434 141.989 141.998 142.838 142.453 143.166 143.574 143.441 142.438 140.384 142.44 142.899 143.702 143.402 142.847 144.024 144.275 143.096 140.944 142.907 142.394 144.065 143.62 142.914 143.642 143.919 143.634 140.753 141.845 141.814 142.767 143.063 143.261 143.094 142.87 142.867 138.757 141.031 141.514 142.431 142.069 143.063 142.863 142.401 141.795 137.991 140.63 141.071 141.289 141.289 142.261 142.971 142.511 141.58 137.88 140.005 139.824 140.745 140.258 140.843 142.361 142.122 141.839 136.608 138.79 138.755 139.325 139.01 139.906 141.329 140.853 141.065 
144.275 143.931 143.764 146.277 147.342 145.588 145.064 145.872 146.677 143.412 143.922 144.557 144.629 145.146 146.561 146.295 146.588 147.329 143.67 145.453 145.748 146.95 146.768 147.366 146.668 147.043 147.78 144.966 146.241 145.892 145.906 145.772 146.069 146.096 146.009 147.793 144.671 145.232 144.306 143.712 144.159 145.429 145.941 145.466 145.414 144.768 144.702 143.752 143.611 143.35 143.793 146.45 146.925 146.13 145.161 145.9 146.424 143.906 143.404 143.562 146.209 148.467 147.884 144.368 146.213 146.708 146.4 144.447 143.6 145.78 146.433 146.22 145.335 145.448 144.949 144.267 143.058 142.149 143.483 144.139 144.919 
135.853 136.087 136.612 136.856 137.113 136.853 136.754 137.62 137.693 136.166 136.503 136.692 137.271 137.291 137.448 137.437 137.559 137.3 136.631 136.886 137.045 137.467 137.649 137.519 137.908 137.965 137.534 137.129 136.975 136.803 137.62 137.849 137.551 137.748 137.91 137.868 137.206 136.994 136.946 137.435 137.886 138.077 137.971 137.77 137.569 136.592 136.759 137.071 137.319 137.53 138.179 138.335 138.006 137.444 136.233 136.611 137.116 137.259 137.492 138.147 138.526 138.092 137.631 136.144 136.588 136.655 137.078 137.029 137.432 138.046 137.777 137.57 136.124 136.408 136.62 136.579 137.003 137.151 137.66 137.111 137.446 
120.456 120.558 121.284 121.561 121.193 121.381 121.571 121.468 121.347 120.527 120.944 120.959 121.473 121.44 121.491 121.882 121.79 121.237 120.64 121.615 121.348 120.831 121.449 121.793 122.245 121.373 121.042 120.98 121.225 121.231 121.223 121.346 121.673 122.115 121.247 121.539 121.742 121.534 121.133 121.268 122.144 122.41 122.228 121.953 122.455 122.001 121.62 122.165 122.003 122.382 123.056 122.902 122.79 123.029 121.56 121.551 122.263 122.315 122.333 122.895 122.914 122.488 122.346 121.259 121.892 122.147 122.154 122.033 122.508 122.831 122.87 122.549 121.133 121.58 121.982 121.959 121.832 122.579 122.84 122.25 122.316 
111.331 111.355 111.978 111.91 111.633 111.928 112.106 111.613 111.212 111.296 111.676 111.607 111.94 111.999 112.429 112.59 112.044 111.52 111.4 112.463 111.893 111.08 111.701 112.311 112.601 111.728 111.214 112.03 112.093 111.764 111.496 111.311 111.546 112.586 111.717 112.103 112.794 112.187 111.534 111.586 112.181 112.708 113.116 112.588 113.213 112.554 111.993 112.504 112.201 112.224 113.169 113.418 113.707 113.898 112.368 111.949 112.631 112.369 112.301 113.064 113.291 112.936 112.854 111.888 112.554 112.656 112.282 112.16 112.818 113.331 113.17 112.899 111.531 112.048 112.611 112.267 112 112.604 113.103 112.524 112.897 
99.6458 99.4774 99.5629 99.5737 99.4814 99.6768 100.034 99.7542 99.5676 99.4071 99.3594 99.0821 99.3367 99.4558 99.6016 99.9694 99.9078 99.6209 99.0601 99.6502 99.145 98.7635 99.1595 99.463 99.8663 99.4145 99.1403 99.1317 99.3306 99.2283 99.0303 99.0132 99.2876 99.882 99.3528 99.63 100.373 99.7261 99.1256 99.0041 99.5273 100.064 99.9693 99.8183 100.383 100.105 99.7554 99.9845 99.7419 99.7458 100.182 100.15 100.201 100.749 99.8113 99.6548 100.25 99.8204 99.7134 100.116 100.149 99.8729 100.006 99.3668 99.8303 99.9392 99.7267 99.5145 100.151 100.508 100.202 100.046 99.3749 99.7051 100.042 99.8901 99.5829 100.187 100.496 99.8322 99.9308 
88.8302 88.1336 87.5636 87.112 86.3353 86.9803 87.5774 86.8048 86.7253 88.1721 88.796 87.7241 87.9867 87.2719 88.4965 88.0427 87.9725 88.1333 89.5728 89.833 88.4307 88.3415 88.3041 88.3467 88.0776 87.2138 86.9471 92.716 90.6174 88.7335 89.3116 87.3524 88.4704 88.2976 87.741 87.3496 93.3927 91.5666 90.2656 89.728 88.9135 88.293 88.1339 87.8143 87.9246 92.5046 92.1363 92.0439 91.3668 90.6257 90.7665 87.577 87.9317 87.2455 92.8918 93.1751 93.5977 93.326 92.3813 92.0071 90.0677 89.1637 88.3411 93.3437 93.8244 93.4361 92.8883 92.5146 93.5774 89.6402 90.6111 90.0812 91.3484 92.1377 92.4757 92.8963 93.113 93.9977 91.5523 91.3896 91.6198 
142.809 142.206 140.882 140.217 138.29 136.642 134.983 132.983 131.03 142.203 141.801 141.591 139.562 139.024 136.498 134.676 133.3 131.669 142.376 142.867 140.961 139.915 137.768 136.626 133.464 131.967 131.179 143.122 143.909 141.105 139.109 136.666 134.904 134.939 132.465 131.304 142.561 142.302 140.157 138.627 136.239 134.871 134.143 134.187 131.139 141.993 140.297 139.058 137.368 136.214 133.417 133.557 133.198 132 142.831 142.213 139.473 137.239 135.649 132.943 132.116 131.875 131.635 143.424 142.164 139.53 135.681 133.666 132.118 132.787 132.561 131.156 142.788 141.939 138.941 135.152 130.15 130.766 131.035 129.555 130.772 
134.539 134.201 134.528 135.332 136.956 136.783 136.213 135.968 134.827 133.602 133.694 134.861 135.391 136.497 136.866 136.194 135.475 134.927 134.145 135.057 134.982 135.751 136.149 136.038 135.74 135.361 134.78 135.092 136.069 134.471 135.692 135.631 135.432 136.55 136.173 135.442 134.889 135.084 133.896 134.697 135.366 135.894 136.297 137.124 135.772 134.154 133.949 133.843 134.093 134.132 134.654 136.096 136.289 135.827 135.167 135.772 134.93 134.054 134.023 134.111 135.037 135.174 135.377 135.815 135.855 134.362 133.077 132.773 133.348 135.588 136.072 135.223 135.099 135.575 134.231 132.314 130.278 132.422 133.91 133.066 134.959 
128.264 128.37 128.939 130.284 132.112 132.579 132.611 132.666 131.983 127.397 127.682 129.381 130.19 131.848 132.46 132.405 132.262 132.456 127.584 129.058 129.41 130.558 131.502 132.142 132.017 131.788 131.972 128.235 129.692 129.151 130.241 131.019 131.611 133.036 132.81 132.317 128.065 129.175 128.642 129.679 130.817 131.841 133.045 134.399 133.014 128.186 128.468 128.862 129.168 130.115 130.831 133.073 133.95 133.749 129.471 130.372 129.814 129.621 130.033 130.607 132.058 132.832 133.416 130.158 130.53 129.718 128.953 129.326 130.278 132.662 133.775 132.989 130.033 130.75 129.755 128.448 127.172 129.599 131.099 131.067 132.633 
117.472 118.067 118.547 118.705 118.96 119.497 119.592 120.314 120.676 117.569 118.66 119.267 119.349 119.371 119.6 119.994 120.346 121.071 117.704 119.012 119.663 119.565 119.677 119.906 120.177 120.646 121.348 118.258 118.952 119.358 119.705 120.046 120.148 120.867 121.695 122.354 118.243 118.692 119.197 119.846 120.671 121.164 122.371 123.114 123.6 118.363 119.037 119.518 119.847 120.885 122.197 123.324 124.414 124.443 119.142 119.365 119.798 120.362 121.331 122.752 124.089 124.839 124.391 119.054 119.942 120.478 120.983 121.828 123.277 124.203 124.665 124.553 119.174 119.949 120.761 121.231 122.27 123.152 124.065 124.664 125.075 
109.091 109.414 110.224 110.392 110.313 111.046 111.339 111.089 111.211 108.699 109.574 109.905 110.421 110.668 110.891 111.601 111.561 111.374 108.627 110.271 110.359 109.946 110.539 111.062 111.692 111.236 111.143 109.386 110.082 110.345 110.412 110.416 110.905 112.097 111.68 112.64 110.894 110.553 110.155 110.265 111.609 112.501 112.867 113.19 114.367 110.664 110.54 111.39 111.186 111.836 113.383 113.705 114.569 115.516 110.755 110.639 111.806 111.662 112.003 113.251 113.951 114.172 114.25 110.413 111.543 112.033 111.672 111.996 113.489 114.622 114.821 114.632 110.274 111.131 111.949 111.9 112.05 113.711 114.805 114.439 115.069 
95.5109 94.8703 94.5186 94.2632 93.6309 94.359 94.8921 94.3621 94.6789 94.7798 95.7071 94.8435 95.2134 94.5634 95.8252 95.4779 95.5876 96.0713 96.1127 96.6185 95.5981 95.5857 95.5537 95.6233 95.5215 94.8547 95.1292 99.5297 97.4782 95.7455 96.4801 94.5929 95.7884 95.8593 95.7201 95.8725 100.039 98.2494 97.1762 96.7678 96.1751 95.7301 96.0507 96.1956 96.6456 99.1288 98.7992 98.8751 98.287 97.7864 98.4302 95.5035 96.5924 96.2766 99.8377 99.8915 100.507 100.302 99.6979 99.6936 98.1261 97.867 97.3417 100.222 100.854 100.594 99.9518 100.008 101.684 97.9079 99.4978 99.2377 98.2542 99.0409 99.7681 100.34 100.892 102.343 100.313 100.543 101.13 
92.2928 91.4995 90.9172 90.5769 89.779 90.429 91.1251 90.3538 90.5371 91.5993 92.2116 91.0384 91.4104 90.6766 91.9675 91.641 91.6725 91.9718 92.9015 93.1635 91.7747 91.7978 91.7844 91.8612 91.6202 90.7908 90.78 96.2107 94.0064 92.1276 92.7487 90.7299 91.9401 91.8183 91.2947 91.0053 96.9497 95.0448 93.7378 93.1516 92.3174 91.7038 91.5843 91.3747 91.3883 95.9599 95.5489 95.4205 94.7578 93.9217 94.1377 90.7465 91.3788 90.7811 96.4085 96.6398 97.0359 96.7404 95.7428 95.3749 93.3447 92.5815 91.8638 96.7749 97.205 96.8443 96.1828 95.8478 97.0597 92.8878 94.2198 93.76 94.5942 95.2906 95.7187 96.2796 96.5685 97.6354 95.0448 95.0192 95.3646 
