8898957
5.82932 5.91851 5.97093 5.78146 5.89059 5.88227 5.7896 5.79819 5.83205 
4.32324 4.47704 4.45481 4.30865 4.44679 4.41306 4.32283 4.48339 4.46353 
12.1856 11.9986 11.8725 12.1502 11.9813 11.8716 12.1799 11.9371 11.9262 
67.9552 67.8332 67.4816 67.7287 67.632 67.4515 67.656 67.3634 67.407 
83.9529 84.1255 84.116 83.6405 83.9479 84.12 83.4422 83.6379 84.0761 
101.863 102.649 103.261 101.427 102.247 103.097 101.206 101.866 102.845 
119.803 120.541 121.33 119.689 120.143 121.101 119.202 119.9 121.213 
129.63 129.928 131.04 130.013 129.639 130.531 129.329 129.864 130.875 
137.684 136.478 135.683 139.466 137.26 136.003 137.783 137.585 137.259 
141.829 139.785 139.756 143.018 140.941 140.63 140.898 140.714 140.711 
32.6461 33.4505 33.5697 32.6944 33.2688 33.4319 32.4009 33.0628 32.8727 
10.8689 11.5557 11.4106 10.8309 11.5129 11.3512 10.8326 11.4885 11.4083 
52.5988 52.5965 52.1886 52.6232 52.5722 52.2353 52.6632 52.6101 52.5228 
72.9274 72.6019 72.0413 72.8031 72.3585 72.0984 72.8466 72.2208 72.226 
86.1734 86.4715 86.5284 86.1557 86.219 86.5612 86.0498 86.2389 86.6059 
105.492 106.08 106.714 105.415 105.796 106.665 105.076 105.635 106.611 
125.56 126.855 128.799 125.763 126.493 128.296 125.068 126.493 128.167 
136.187 136.859 138.18 136.529 136.514 137.828 135.929 136.613 138.199 
143.934 142.127 143.243 143.007 142.159 143.324 141.373 140.971 141.371 
143.005 141.074 141.236 144.073 142.188 142.083 142.05 141.946 142.194 
42.6886 44.3493 44.3061 42.6201 44.2001 44.2163 42.4303 43.9518 43.7226 
43.5161 47.3059 47.0991 43.6258 47.3656 47.2355 43.4949 47.4479 47.2261 
63.4313 64.831 64.6187 63.6404 65.0475 64.848 63.9297 65.2534 65.3629 
78.6083 78.7626 78.6574 78.6362 78.6597 78.7101 78.7594 78.7757 78.9318 
94.3367 94.6118 94.8589 94.6422 94.6578 95.1853 94.6205 94.886 95.3677 
113.479 114.134 114.687 113.495 113.986 114.705 113.265 114.149 114.832 
135.437 136.178 137.034 135.073 135.626 136.988 134.771 135.526 136.841 
153.458 153.544 152.301 151.114 152.551 154.253 151.64 151.865 154.308 
158.567 158.386 158.038 157.336 156.895 157.269 156.185 156.151 157.519 
151.89 149.705 150.398 150.338 149.228 150.321 148.618 147.634 148.115 
56.4097 59.1161 59.087 56.4671 58.9694 59.0279 56.2689 58.681 58.6137 
70.2224 75.3035 75.7461 68.8577 76.1991 76.0874 67.8556 76.3289 76.9781 
76.8785 80.1209 80.1296 77.3398 80.6781 80.3864 77.8091 81.0752 81.2108 
95.8951 96.0348 96.3197 96.6118 96.5547 96.7048 96.8226 96.7464 96.9041 
109.465 109.729 110.065 110.459 110.412 110.804 110.547 110.866 111.382 
130.852 130.895 131.141 131.272 131.149 131.477 131.487 131.619 131.891 
158.937 160.348 161.258 158.524 160.586 163.313 161.654 162.799 163.868 
167.264 168.266 166.21 166.474 168.171 168.049 166.616 167.434 169.073 
172.738 172.158 169.551 169.934 170.58 170.876 169.8 169.195 170.704 
176.964 175.969 174.959 174.76 173.872 173.275 172.948 172.123 172.76 
84.5911 84.694 85.1849 83.4918 85.5747 85.5004 82.3371 85.4731 86.2005 
87.5074 89.9418 90.4418 85.9719 90.8248 90.7178 84.7363 90.661 91.6467 
100.981 101.015 101.636 100.089 102.34 102.014 99.082 102.465 102.607 
119.868 119.462 119.148 120.489 119.751 119.285 120.683 119.947 119.227 
137.045 136.965 136.885 137.982 137.297 137.004 138.061 137.563 137.133 
159.814 161.434 162.982 160.716 161.789 163.723 163.245 164.42 164.33 
167.249 169.598 171.049 168.253 170.07 171.93 170.809 172.54 172.961 
171.434 173.688 174.217 171.862 174.103 175.842 173.972 175.881 176.518 
182.65 183.644 182.104 181.9 182.985 181.958 180.453 181.477 181.893 
190.583 190.619 189.237 188.615 188.477 187.779 186.86 186.585 186.623 
91.9679 91.7339 90.3549 91.82 91.7052 90.9553 91.8289 91.2064 90.9706 
98.1329 97.7719 97.6697 97.1931 98.7849 97.8457 95.89 98.7057 98.0033 
116.004 115.677 115.359 116.983 116.677 115.545 117.542 117.011 115.4 
133.28 132.473 132.633 134.853 134.43 133.555 135.095 133.925 132.664 
158.363 158.701 158.498 159.421 158.821 158.546 159.733 158.97 158.516 
174.952 176.937 178.526 176.185 176.839 177.992 177.312 177.949 178.416 
177.709 179.381 181.321 178.455 179.699 182.234 181.232 182.378 182.631 
189.351 191.369 190.982 190.095 192.025 191.094 189.521 190.965 191.018 
204.163 205.058 206.684 201.887 205.009 205.022 201.562 203.563 201.599 
208.907 209.244 208.83 207.194 207.579 207.282 205.533 205.354 205.306 
98.9239 97.7996 96.1055 99.0405 98.0162 96.2968 98.6291 97.5968 95.5229 
107.286 105.789 103.661 107.456 106.127 104.023 106.99 105.609 103.154 
123.13 121.68 120.906 124.217 123.031 121.171 123.803 122.391 119.692 
155.55 153.689 154.915 157.948 157.42 157.087 157.992 156.157 155.644 
172.493 173.973 175.783 174.41 175.669 176.968 175.159 176.014 176.718 
185.046 187.05 188.69 185.936 187.006 189.088 187.246 188.28 189.61 
199.337 200.812 200.554 198.431 201.028 202.57 202.397 201.409 203.259 
209.181 209.395 210.652 208.456 209.505 210.088 208.648 209.512 208.545 
221.858 222.535 224.488 220.999 222.902 222.637 220.036 220.986 220.005 
224.274 225.257 226.779 222.701 225.062 224.332 222.527 223.095 221.082 
105.941 105.698 104.172 105.582 105.755 105.052 105.701 105.089 104.812 
125.023 124.42 123.416 125.35 124.566 123.367 124.741 124.16 122.243 
150.415 150.151 150.831 150.624 150.286 150.335 150.439 149.852 150.227 
166.369 165.063 165.761 167.2 167.116 167.013 167.745 166.873 166.669 
179.505 178.826 179.373 180.594 180.412 180.776 181.109 181.352 181.304 
200.694 204.108 199.849 201.488 203.252 204.261 203.594 203.532 204.389 
209.7 210.29 209.111 208.426 210.023 211.25 212.254 210.766 212.359 
218.706 219.104 218.612 217.695 219.312 219.782 219.596 218.73 220.199 
228.387 228.709 229.556 228.132 228.632 228.121 227.266 227.34 226.751 
242.882 243.114 243.611 243.441 243.334 243.013 242.139 241.354 241.996 
132.703 134.125 133.852 133.289 134.229 134.625 132.941 134.045 134.253 
142.878 143.567 143.831 143.208 143.819 144.173 143.206 143.87 144.262 
161.635 161.255 161.449 161.649 161.807 161.914 161.994 161.938 162.15 
176.532 175.182 175.058 175.964 175.852 175.587 176.094 176.209 176.97 
192.199 193.66 189.969 193.294 193.464 193.409 193.601 194.626 194.273 
203.682 205.748 202.291 204.885 205.066 205.658 205.454 206.019 206.257 
210.722 213.463 209.713 211.374 212.733 213.884 213.454 213.097 214.408 
227.351 231.337 230.62 229.498 230.437 229.724 230.744 228.555 230.991 
242.023 241.973 242.049 242.338 242.351 242.121 241.815 241.5 241.889 
250.704 251.472 251.831 251.6 251.113 251.411 250.884 250.202 250.422 
135.717 136.278 137.169 136.29 136.345 137.173 138.345 138.706 138.909 
144.648 145.564 145.747 145.577 145.882 146.593 145.817 146.625 146.979 
169.87 168.196 168.407 168.26 167.463 166.977 167.665 168.028 170.011 
178.957 177.334 176.567 177.704 177.643 176.807 177.995 179.061 179.577 
191.552 190.262 189.21 189.872 190.046 189.141 189.747 192.281 192.992 
203.12 205.777 201.639 204.605 205.025 204.943 205.161 207.208 206.625 
225.678 230.085 229.846 228.074 229.417 229.04 229.899 227.669 230.265 
230.19 234.01 233.526 232.361 233.568 233.026 233.771 231.938 234.378 
232.808 236.459 235.892 235.243 235.898 235.157 236.408 234.496 236.248 
248.904 249.097 249.063 249.649 249.391 249.623 249.76 249.506 249.138 
