8898957
243.143 243.447 243.19 243.301 243.525 242.772 243.326 242.88 242.55 
242.705 243.027 242.699 242.85 243.335 243.295 242.501 243.065 243.231 
241.994 242.2 241.632 242.173 242.96 243.082 241.995 243.088 243.398 
241.738 241.437 240.253 241.79 242.221 241.804 241.873 242.676 242.907 
242.035 239.962 239.771 241.504 241.88 240.753 241.194 242.436 241.836 
241.585 237.463 239.613 241.191 241.521 239.982 240.749 242.306 240.896 
240.565 234.678 239.436 240.691 239.977 239.147 240.501 241.553 240.224 
238.383 232.571 238.694 239.527 235.888 238.46 239.636 239.756 239.727 
236.358 230.642 235.474 238.002 232.901 237.25 238.097 238.32 238.244 
233.543 227.974 231.158 236.432 231.303 233.3 237.33 237.34 236.722 
229.362 218.691 221.603 228.913 226.811 226.226 233.202 235.994 230.759 
227.831 216.234 219.58 226.821 225.21 224.376 230.817 234.846 228.413 
225.59 213.137 217.501 224.096 222.309 222.391 227.264 232.392 226.253 
213.318 204.737 210.877 213.039 209.921 213.624 211.557 217.171 215.39 
207.469 199.245 204.672 208.245 206.583 205.93 207.26 211.319 209.642 
199.4 191.442 198.796 198.642 195.125 199.916 197.17 201.547 200.121 
188.573 181.258 188.64 186.935 183.725 188.662 185.08 189.643 188.002 
178.714 173.958 178.293 175.428 176.211 176.125 170.62 177.888 176.25 
172.639 172.023 171.017 167.897 172.419 167.166 161.087 169.72 167.22 
169.153 169.797 166.332 163.82 169.271 162.034 159.411 164.989 159.203 
242.709 243.331 242.998 243.473 243.491 242.388 243.369 243.005 241.026 
242.586 242.842 243.072 242.751 243.115 242.79 242.306 242.827 241.965 
242.164 241.824 241.59 242.575 242.175 242.304 242.354 242.482 242.702 
241.976 241.121 240.799 242.541 241.19 241.539 242.573 241.744 242.489 
242.123 240.459 240.155 241.76 240.549 241.127 241.825 241.013 241.547 
241.429 238.709 239.652 241.238 240.717 240.055 240.883 241.387 240.609 
239.825 236.753 238.323 240.489 239.01 239.076 240.553 240.712 240.451 
238.167 235.973 236.961 239.684 235.732 238.321 239.592 239.155 240.114 
236.387 234.015 234.601 238.407 233.383 237.326 238.55 238.063 239.29 
233.022 232.084 227.867 236.611 231.318 231.187 236.83 234.379 236.542 
229.912 226.518 224.052 232.701 228.939 226.672 233.699 233.911 233.977 
227.31 217.517 218.376 226.826 224.673 223.482 230.175 233.072 228.777 
221.522 214.014 212.582 225.538 217.769 215.18 222.689 223.092 218.787 
214.049 207.252 206.023 217.608 212.704 206.815 214.267 215.599 213.226 
208.053 200.676 203.719 209.37 207.891 205.379 208.404 211.297 210.469 
202.462 195.49 198.55 202.93 202.095 200.663 202.101 205.326 205.279 
187.488 181.466 185.332 185.849 183.135 187.793 185.153 187.597 190.358 
175.899 174.147 172.557 173.73 172.536 175.348 172.809 173.058 178.053 
170.018 170.521 165.808 166.1 169.025 164.389 163.082 164.827 163.853 
166.078 168.981 162.354 161.43 166.454 159.285 160.175 161.366 157.324 
241.493 242.678 242.661 242.526 243.306 242.202 242.667 243.064 239.629 
242.016 242.801 243.02 242.473 242.951 242.591 242.08 242.73 240.44 
242.424 242.08 242.818 242.463 241.754 242.23 241.974 241.836 241.465 
242.51 241.235 241.612 242.089 239.617 241.832 242.255 240.442 241.464 
241.603 240.951 240.351 241.356 239.027 241.731 242.412 238.362 240.903 
241.432 240.468 239.586 241.09 240.021 240.418 241.241 240.16 240.086 
240.295 240.667 238.121 240.7 240.274 237.988 240.951 239.336 239.703 
239.175 238.987 235.577 239.975 237.964 236.828 239.778 239.126 239.748 
236.455 237.321 230.792 238.793 235.501 233.847 237.842 235.423 237.806 
233.686 235.349 227.143 236.953 233.01 230.506 236.299 232.441 235.699 
230.141 230.937 223.561 232.69 229.549 226.235 232.356 228.841 231.141 
223.683 219.558 214.006 227.552 221.067 216.518 225.303 223.468 220.742 
218.761 213.446 207.874 224.733 216.366 208.787 220.826 218.946 214.573 
216.25 210.916 205.08 222.318 213.757 206.048 218.239 215.892 212.259 
210.113 205.085 201.416 214.002 209.603 202.685 211.383 211.245 209.95 
195.844 193.192 190.267 196.296 194.895 195.406 195.986 196.51 200.625 
182.686 180.605 178.657 182.156 181.049 184.464 182.494 182.979 189.456 
171.154 170.762 166.304 170.209 168.469 171.972 169.789 168.102 177.152 
164.309 166.949 160.281 162.01 163.812 160.825 160.863 159.799 164.097 
161.425 164.72 157.977 157.934 162.763 156.129 156.982 158.518 156.015 
240.742 241.8 242.413 241.475 242.513 242.309 242.108 242.822 240.136 
241.49 242.33 242.943 241.084 242.053 242.209 241.411 242.039 240.863 
242.473 242.651 242.801 241.533 240.172 241.53 241.011 240.8 241.088 
241.761 241.719 241.361 241.505 238.48 241.703 242.228 238.306 240.955 
241.625 241.262 240.64 241.284 238.637 241.714 242.365 238.146 240.575 
240.814 241.483 240.234 241.027 239.546 240.414 242.123 237.986 239.369 
240.304 241.496 239.158 240.667 240.754 237.376 240.999 239.371 238.467 
239.508 240.633 237.777 240.062 240.008 235.227 240.374 238.634 237.837 
236.728 237.673 233.554 237.55 237.835 230.827 237.582 237.039 235.078 
232.14 235.116 228.477 234.654 233.549 227.872 234.685 231.846 231.452 
227.291 229.79 223.351 228.192 229.825 222.485 229.336 227.904 225.627 
219.102 220.144 215.68 222.275 221.359 215.166 224.509 222.294 218.035 
216.692 213.982 209.682 223.345 215.908 210.186 222.768 219.327 212.92 
212.554 210.547 204.828 218.999 212.656 204.708 217.562 214.724 211.005 
194.026 196.356 191.472 200.353 196.89 192.93 207.451 197.433 197.477 
192.258 190.377 184.945 193.558 192.224 189.054 194.837 192.821 196.441 
178.494 173.652 171.989 178.514 175.546 177.185 176.587 178.538 182.631 
166.985 163.241 161.538 166.12 161.495 165.922 162.491 164.184 170.474 
160.499 158.59 154.736 158.165 156.685 156.122 154.744 156.189 159.151 
156.607 156.54 152.312 152.928 155.604 151.739 150.65 153.665 153.387 
238.351 240.507 241.883 240.531 241.446 241.685 241.012 241.386 240.645 
240.324 241.071 241.119 239.872 240.957 241.494 240.977 241.321 241.505 
241.705 242.161 241.616 240.629 241.343 241.357 240.14 240.152 241.126 
242.239 242.267 242.438 241.212 239.294 241.254 239.772 239.492 240.538 
240.776 241.083 240.924 240.749 239.04 241.517 241.648 237.47 238.835 
239.946 240.641 241.428 240.164 239.782 239.964 240.025 239.071 235.071 
239.883 241.439 240.612 240.329 240.171 238.135 240.519 238.481 235.744 
238.282 238.257 237.837 238.286 238.574 233.191 238.038 238.258 231.87 
235.103 235.712 234.567 235.72 236.798 229.485 235.094 236.526 229.678 
230.509 231.776 229.737 231.13 232.898 225.617 230.511 231.93 225.746 
225.856 226.011 222.812 224.615 227.869 219.033 223.654 225.738 218.694 
218.931 219.291 215.77 218.593 220.208 211.441 219.819 219.591 212.806 
211.885 212.47 210.527 215.442 214.284 207.619 218.323 216.915 209.192 
194.991 198.312 195.399 201.401 199.485 193.602 208.567 200.934 194.921 
190.662 192.487 189.257 196.77 193.961 189.443 204.186 195.115 192.875 
185.584 184.957 184.097 190.974 187.533 185.065 195.348 189.486 187.397 
172.611 164.612 166.599 172.347 168.04 169.11 168.307 173.023 173.233 
160.158 154.299 152.552 159.547 154.504 157.614 154.423 159.325 161.76 
156.089 150.555 149.788 152.774 150.163 151.173 148.066 151.665 153.321 
150.984 147.672 145.4 147.326 147.833 146.724 144.589 148.087 147.5 
238.25 240.19 240.572 239.823 240.665 241.295 240.882 241.016 241.343 
238.793 240.436 240.456 239.541 240.528 241.128 240.695 240.954 241.476 
240.195 240.452 240.492 239.702 240.406 241.27 239.134 240.831 241.764 
241.225 241.272 240.919 240.019 240.187 241.013 237.292 238.353 240.599 
239.935 240.297 240.502 239.431 238.587 240.652 238.298 235.819 239.372 
239.115 239.919 240.938 239.634 237.563 239.777 239.271 235.876 234.949 
237.624 238.385 239.776 239.085 235.292 237.666 237.746 233.974 231.587 
236.505 236.471 237.897 237.552 233.928 234.323 235.316 233.048 229.081 
234.723 232.415 232.077 233.675 231.704 228.654 229.732 230.602 226.665 
230.25 227.134 225.065 227.754 227.761 222.94 222.36 226.243 220.942 
225.652 222.693 220.852 222.932 225.092 218.313 217.353 222.576 215.432 
218.188 214.859 213.907 215.153 217.942 210.68 211.794 216.6 208.872 
208.436 206.385 204.656 207.268 208.206 201.516 207.953 209.596 200.55 
198.361 198.7 196.386 200.421 200.138 192.908 202.723 202.269 193.562 
188.972 190.563 188.853 195.064 191.04 188.2 201.259 193.594 189.426 
181.793 176.515 177.024 183.475 179.059 178.675 182.814 180.441 180.719 
163.167 157.276 155.939 163.892 160.282 160.491 160.834 164.462 164.514 
153.72 148.223 146.068 153.084 149.647 151.008 149.582 154.997 155.77 
137.64 137.294 132.243 138.044 141.9 139.298 140.682 140.201 144.268 
135.787 133.989 133.39 136.374 135.238 135.096 134.69 137.96 137.305 
236.558 240.1 240.787 239.363 240.597 240.805 239.879 240.478 240.532 
239.032 239.769 240.12 238.741 239.894 241.128 239.276 241.026 241.759 
239.667 239.481 240.458 238.495 239.535 240.963 235.931 240.665 241.574 
239.924 239.464 240.532 238.874 239.033 240.881 234.262 239.076 240.926 
238.17 239.678 238.972 237.513 237.017 239.558 235.542 233.989 239.465 
236.648 238.003 238.585 238.25 233.401 237.343 238.077 230.997 236.639 
234.965 235.934 237.955 237.696 230.915 235.659 236.561 230.374 232.221 
234.842 233.045 235.473 235.335 228.93 231.306 233.305 228.381 228.657 
233.459 230.301 229.935 231.146 227.027 227.536 226.686 225.634 225.96 
228.845 224.927 222.447 224.987 224.236 222.657 219.43 222.461 222.288 
221.669 217.576 215.413 217.872 219.393 215.66 212.059 217.92 214.798 
212.006 208.119 208.236 209.24 211.47 208.216 205.495 210.991 207.413 
207.407 202.124 201.9 204.18 204.902 201.566 202.586 206.601 199.952 
196.103 192.526 190.427 196.628 192.409 189.428 196.246 196.126 189.495 
187.178 184.287 181.977 190.258 182.044 183.15 189.867 185.6 184.596 
177.657 174.102 172.66 181.547 173.34 175.109 180.151 176.042 176.464 
159.007 155.123 152.052 162.564 157.934 156.63 161.681 160.142 159.208 
135.954 136.26 130.577 138.642 141.686 138.09 141.98 140.195 143.594 
129.072 130.751 125.677 131.432 135.854 132.128 135.424 133.704 138.042 
127.668 129.897 124.954 130.103 134.332 131.046 134.079 132.406 136.68 
234.726 238.856 239.646 237.541 239.786 240.165 239.452 239.91 240.155 
237.749 239.697 239.577 235.411 239.555 239.7 238.435 240.166 240.392 
238.991 238.739 240.164 235.914 239.096 240.466 234.205 239.937 240.953 
238.324 238.59 238.626 234.17 237.71 238.477 231.036 236.722 238.759 
234.486 237.803 235.91 232.502 234.515 237.733 231.595 230.828 237.891 
230.937 236.569 229.301 231.666 230.082 235.628 232.622 225.446 235.372 
227.694 230.948 231.769 232.603 227.342 232.864 232.408 226.684 230.883 
230.392 230.82 232.91 230.559 226.986 230.622 229.217 226.267 226.594 
227.554 226.627 225.919 222.911 222.779 224.705 218.971 220.879 221.803 
221.58 221.031 217.758 216.955 219.331 218.511 212.896 216.437 217.804 
212.741 213.181 209.543 210.074 214.572 210.842 205.998 211.601 212.052 
206.822 205.308 202.85 204.176 207.766 204.338 201.521 206.457 205.878 
201.553 198.281 197.05 199.954 201.21 197.426 197.492 201.272 196.887 
189.737 185.881 185.029 191.033 187.943 183.173 190.538 190.399 183.399 
177.129 172.413 171.107 178.572 174.728 168.266 176.417 176.476 170.474 
159.407 154.797 157.983 163.825 160.168 154.054 160.068 158.357 154.102 
144.41 141.033 139.617 148.622 144.034 140.241 148.368 146.165 141.179 
131.551 128.302 126.724 134.117 131.418 127.826 134.554 133.456 130.135 
126.652 126.563 121.247 127.253 131.93 127.168 131.976 128.381 133.659 
122.182 123.658 121.086 124.961 124.939 122.803 125.095 127.273 127.88 
231.942 235.937 238.658 234.54 237.824 238.901 238.796 239.148 238.213 
234.269 236.624 238.248 231.493 237.686 238.057 236.792 238.747 237.28 
237.289 237.212 238.264 231.062 237.662 237.604 232.021 237.545 237.625 
234.66 234.534 235.234 230.136 234.04 234.68 227.069 233.983 234.42 
230.625 235.457 228.794 229.528 230.124 234.461 229.465 225.971 234.075 
227.861 233.4 226.363 229.419 227.6 232.928 229.787 223.52 232.456 
226.08 232.251 225.434 229.004 226.65 232.479 229.274 222.978 231.35 
221.93 225.946 225.484 223.617 222.989 227.448 222.516 220.916 224.235 
219.765 222.628 221.206 215.396 217.908 220.174 212.413 214.956 216.265 
215.366 218.616 215.127 210.785 215.453 214.851 207.376 211.213 212.439 
208.911 211.437 206.666 205.106 210.443 207.315 202.067 206.019 207.801 
202.365 203.63 198.034 199.91 204.466 200.232 196.688 201.358 202.193 
191.166 191.611 186.335 190.598 192.732 187.706 188.873 191.497 187.507 
175.601 171.233 170.173 176.395 176.152 167.301 174.751 175.925 168.404 
159.182 153.517 157.073 162.246 160.361 151.143 157.516 158.249 152.151 
152.046 147.107 150.653 154.892 153.347 144.5 151.06 149.415 143.967 
143.444 138.561 142.617 147.333 144.915 137.382 143.464 143.326 137.178 
125.066 119.202 119.785 124.869 122.513 118.879 125.125 122.234 121.464 
119.129 115.596 113.348 117.063 118.767 114.72 119.172 117.053 120.172 
116.273 114.765 111.155 114.802 117.393 113.089 117.166 115.59 119.701 
226.551 229.486 233.493 229.46 233.295 235.698 235.206 236.671 235.648 
230.987 232.225 236.096 228.806 235.245 236.556 235.713 237.387 235.112 
228.764 230.835 229.204 222.804 234.229 233.328 226.098 234.568 230.582 
230.103 230.517 233.033 226.271 231.094 230.918 224.341 231.457 229.436 
227.403 228.573 230.168 224.804 226.432 227.526 224.655 225.491 226.237 
226.496 231.213 225.108 227.255 225.099 229.315 227.882 221.419 228.363 
220.815 223.77 222.755 224.926 221.11 224.946 224.25 219.384 224.124 
217.927 219.575 218.716 217.221 216.405 220.108 216.822 214.137 219.131 
213.692 216.365 215.036 210.969 210.806 213.073 208.103 209.265 212.612 
211.248 214.081 212.076 206.642 209.92 210.863 203.602 205.6 208.368 
203.882 206.84 203.364 199.873 203.538 202.73 196.135 199.378 200.812 
191.796 193.86 187.323 189.634 192.815 188.069 185.276 189.301 187.754 
179.843 181.749 175.019 180.757 181.4 175.307 178.85 179.835 173.804 
164.533 164.117 160.756 165.913 162.998 158.169 164.706 162.183 157.141 
153.358 150.178 148.323 152.865 150.506 144.189 153.469 147.214 143.776 
147.937 143.775 146.451 150.181 148.039 140.503 147.024 143.859 139.706 
134.868 132.059 131.731 135.31 132.756 127.47 135.486 129.907 125.146 
114.926 111.792 113.748 117.315 113.933 111.04 117.081 114.98 110.671 
112.768 109.302 107.666 112.395 112.442 108.82 114.189 111.404 112.52 
104.991 107.278 102.158 107.795 106.973 104.945 110.255 108.156 109.954 
221.615 224.806 228.065 224.518 229.069 231.195 231.161 232.129 231.723 
222.34 226.15 225.188 219.771 230.58 231.058 226.956 231.618 228.457 
220.696 224.096 220.781 214.629 228.111 229.247 221.342 228.691 224.89 
221.588 223.208 223.837 216.78 225.005 226.352 219.501 226.071 222.487 
221.511 222.969 225.83 220.291 221.014 221.558 221.33 220.354 218.142 
220.679 220.648 222.312 220.686 216.703 218.017 221.168 215.86 216.208 
218.154 217.332 216.694 218.485 213.449 215.914 217.819 212.533 215.056 
214.144 212.83 211.442 213.198 209.243 210.833 210.603 208.718 212.378 
210.36 209.695 207.93 207.893 204.385 206.24 204.343 204.748 208.066 
205.31 206.238 205.374 202.004 201.23 202.921 198.148 200.205 202.335 
192.506 193.382 191.085 187.678 190.897 189.697 182.14 186.24 186.343 
184.413 184.486 178.757 181.332 184.087 178.768 171.902 178.767 178.848 
166.26 167.023 160.62 165.039 164.6 159.786 159.962 161.791 159.022 
145.548 142.836 140.756 142.597 137.914 136.713 139.557 136.349 136.6 
136.359 132.137 131.186 133.612 127.017 125.949 132.263 127.614 125.129 
135.063 133.156 130.704 133.165 130.584 126.254 133.405 125.864 123.901 
105.839 102.228 104.2 103.334 101.224 97.4123 97.6727 101.587 96.0992 
102.759 104.775 103.231 103.834 101.952 99.5475 104.352 100.93 98.2737 
94.6343 95.5458 96.536 100.438 97.3252 96.8414 100.652 98.5256 96.1349 
97.1569 96.8773 94.0342 100.621 98.2652 96.0018 102.992 100.932 99.1652 
215.02 220.058 220.984 218.05 222.765 223.335 223.247 224.466 224.96 
213.789 216.686 219.007 214.169 218.231 221.851 222.047 221.416 222.34 
216.72 218.336 218.276 212.386 220.868 224.727 218.834 223.572 221.376 
213.979 212.999 221.962 212.337 212.829 219.539 216.387 218.64 217.074 
215.114 213.794 222.332 213.546 211.895 216.003 215.474 215.632 212.822 
215.772 214.214 217.394 214.662 209.655 211.32 215.122 210.484 208.33 
213.988 210.413 210.963 213.058 205.914 207.885 211.277 206.255 207.444 
211.655 206.227 205.71 208.596 203.628 204.95 204.512 203.286 204.612 
206.387 202.577 202.204 203.95 199.104 199.643 198.509 199.959 201.178 
197.497 194.146 195.586 192.94 191.627 192.984 190.42 190.788 188.682 
177.811 179.516 182.372 174.165 178.062 177.286 175.522 174.118 166.495 
164.283 167.227 162.205 161.674 165.617 160.986 156.572 159.175 159 
141.403 142.512 136.524 136.72 137.603 135.931 134.358 133.323 137.607 
131.093 127.784 124.64 125.258 121.469 121.534 123.24 120.874 121.453 
120.265 113.211 111.823 111.633 106.37 106.764 111.635 108.798 106.27 
105.068 100.69 102.395 101.359 98.9633 95.4268 95.3781 99.6575 94.1893 
100.937 97.4345 99.6762 98.0787 95.9292 92.5973 91.6181 96.7909 90.9418 
96.6085 94.8703 96.6887 96.4036 93.6262 91.9801 92.5164 94.4543 90.4805 
87.3758 89.2612 91.0408 92.8218 88.979 90.0553 93.1816 90.0125 87.8036 
87.1543 87.5865 89.2227 93.5924 89.4448 90.2705 93.7141 91.7761 89.8164 
208.711 214.951 214.19 210.854 217.057 218.207 214.154 217.318 219.003 
207.116 212.006 212.547 209.747 212.42 215.161 215.05 213.327 216.048 
206.958 209.888 212.625 209.066 209.272 215.737 218.318 212.222 215.578 
207.232 207.913 216.538 209.621 206.919 213.496 214.216 211.47 210.858 
206.637 208.327 212.627 209.09 206.316 208.105 210.361 207.079 203.48 
206.248 206.315 209.166 206.013 201.446 203.623 205.873 201.168 200.436 
205.711 203.636 205.094 205.698 198.652 201.511 203.773 198.052 199.543 
200.327 195.666 196.351 198.308 191.014 192.789 193.86 190.852 192.673 
197.044 191.214 191.769 193.882 187.902 188.868 188.082 187.138 188.489 
179.443 178.024 177.643 176.544 173.641 172.972 173.789 167.217 170.268 
156.537 162.714 163.199 155.704 159.173 157.532 158.735 152.964 148.713 
137.764 146.541 142.4 139.259 144.08 139.498 138.572 136.685 138.698 
116.35 119.174 114.182 115.337 120.712 117.292 112.266 119.282 119.341 
112.998 110.93 107.646 106.122 108.185 105.47 104.304 106.025 106.565 
102.775 97.0081 94.9078 95.63 93.2216 93.8193 94.3222 93.3969 96.2141 
96.6996 92.9837 90.2721 89.8368 90.8966 86.2742 87.1866 89.623 86.6238 
95.5528 92.3781 93.2975 92.5509 90.8368 87.7309 86.9532 90.8815 87.0228 
85.1174 87.7009 84.4605 85.0128 83.0371 81.7415 85.4975 82.2833 81.5022 
78.5239 76.7091 78.2769 80.5951 78.5912 78.2931 80.7687 79.8347 77.2246 
76.193 74.2372 74.6201 78.3162 76.0282 75.3939 79.6451 78.9442 77.6706 
205.021 210.017 210.769 206.223 211.619 214.225 208.595 212.172 214.451 
202.148 208.176 209.361 203.91 208.4 210.082 208.866 208.285 210.063 
200.238 205.485 207.438 205.045 205.208 209.074 211.35 206.117 208.422 
197.668 202.817 205.409 203.701 201.788 204.966 209.289 202.908 202.483 
195.639 198.74 200.657 196.676 197.831 197.216 199.65 196.791 195.926 
197.392 199.694 202.254 197.178 195.447 198.124 197.702 193.411 194.713 
194.284 194.659 195.906 192.572 188.471 192.167 191.575 186.725 189.981 
188.106 186.052 188.499 186.006 179.827 183.058 183.224 179.064 181.676 
178.994 177.115 178.454 176.194 170.585 172.566 173.03 167.492 171.094 
163.184 163.405 163.017 160.118 156.501 157.903 158.434 149.127 154.118 
142.674 146.67 144.337 140.593 141.787 140.749 140.653 134.434 137.301 
115.389 118.871 114.606 115.452 120.634 117.835 112.669 119.509 119.07 
101.619 103.692 97.9236 100.873 105.729 103.748 98.6045 107.084 106.79 
98.6342 97.1512 94.2828 96.0036 99.5748 98.4894 93.0151 100.659 101.289 
94.3769 89.8229 88.4772 88.5661 88.3849 88.5547 86.865 87.808 91.0688 
88.4743 84.8269 82.6699 83.8046 82.9292 83.2274 80.8787 81.2858 85.3376 
78.9741 77.7354 75.1232 77.41 75.4595 74.1586 73.9935 73.9696 73.4187 
74.7576 72.4613 72.1972 73.7976 72.8465 71.5409 72.7175 72.5261 70.7026 
70.0735 67.6054 68.2597 69.8686 69.0884 68.101 70.2772 70.2202 68.1276 
64.0704 62.2422 62.6315 64.0988 64.0245 63.8282 65.2299 65.3423 64.5346 
199.708 205.153 207.86 199.943 206.67 209.111 204.13 207.186 208.072 
198.242 204.17 205.788 198.977 205.145 206.233 203.784 204.97 205.61 
191.993 197.346 198.901 196.452 199.934 199.183 201.643 199.513 199.879 
190.924 194.952 196.413 193.126 196.418 194.527 198.074 195.941 194.769 
188.042 191.621 191.781 186.724 192.431 188.659 190.032 190.399 189.621 
189.154 192.28 192.869 186.493 190.575 189.598 188.395 187.497 189.584 
178.445 180.817 181.604 174.208 175.149 180.349 172.21 170.641 177.664 
174.286 175.236 177.262 171.297 168.863 173.102 169.328 166.461 170.736 
155.226 154.967 158.025 153 148.999 154.992 150.296 146.379 151.016 
141.164 142.193 143.165 138.977 137.343 139.975 138.073 132.235 136.282 
125.77 127.787 126.526 124.205 123.888 125.805 123.346 120.464 123.346 
103.454 107.617 100.403 104.099 104.236 105.695 104.38 103.68 108.159 
96.9734 98.289 93.3958 97.1425 100.435 100.086 95.2748 102.906 103.233 
89.726 92.327 87.2094 89.6875 90.8639 91.7555 90.4514 91.6775 94.3207 
86.0934 82.9031 82.6186 82.8404 82.0826 83.8177 82.0532 81.8598 86.0916 
72.6089 70.9353 70.9874 71.7643 70.9407 70.5635 70.1364 70.7125 69.7909 
63.3284 62.0261 60.1053 63.1914 60.6992 60.5449 62.1883 59.9179 60.7477 
60.5105 59.4622 58.6926 60.8947 58.7476 58.0369 59.8682 58.6045 57.7502 
60.0118 58.2863 58.959 59.9206 59.693 59.5306 60.5193 60.3079 59.2657 
47.4688 48.0032 47.6074 47.8839 47.8147 47.865 48.5726 47.4722 47.8372 
186.83 191.236 197.829 189.474 194.198 199.267 195.324 195.443 197.898 
181.079 188.756 189.217 182.971 188.61 190.337 187.103 188.439 189.512 
183.033 188.041 188.505 188.984 192.051 189.869 193.032 191.173 190.861 
182.099 186.168 186.641 186.748 189.785 186.554 189.785 189.247 187.489 
181.961 184.836 185.627 180.02 187.03 182.543 183.51 185.573 184.209 
174.549 177.726 178.828 171.058 175.487 176.987 170.603 172.644 174.9 
168.535 171.383 172.289 162.624 166.701 171.728 160.529 162.374 169.219 
156.396 158.2 161.733 151.278 153.733 160.623 147.974 150.591 157.916 
136.984 137.759 144.491 134.669 135.25 141.648 131.875 133.857 136.574 
119.771 119.688 127.593 120.679 119.692 124.176 118.302 122.376 118.76 
112.515 113.464 115.393 111.623 112.712 115.105 111.053 112.094 113.183 
99.5457 99.843 100.258 100.056 99.3175 103.146 100.687 100.386 104.168 
90.2074 93.0344 87.7317 91.4452 91.1044 93.5843 92.8055 92.8983 97.2107 
78.9698 79.0772 79.7845 79.4271 79.6566 81.8522 81.0364 81.3901 83.1142 
68.5394 68.7523 69.569 68.5201 69.1569 69.7711 69.1638 69.5708 69.5109 
58.5629 58.6105 59.0144 57.9457 58.8868 59.1775 58.8704 58.5174 59.9213 
54.4601 53.4575 52.3215 54.9781 52.9369 53.1338 55.1899 52.9705 53.5211 
52.3087 51.3884 50.0074 52.618 50.8983 50.2003 52.6108 50.4655 50.5202 
46.3855 46.6884 46.2233 46.8715 46.4308 46.2162 47.3611 45.8711 45.9966 
44.6217 44.8618 45.0774 44.9614 44.655 44.837 46.2732 44.7233 44.669 
176.47 183.939 186.301 178.34 183.168 187.177 182.67 183.864 185.192 
175.718 183.722 184.717 177.631 182.415 185.724 181.558 182.452 184.268 
174.521 182.582 182.333 178.109 182.328 183.827 181.983 182.445 183.105 
170.271 173.847 175.103 172.43 176.079 175.326 176.42 176.847 176.045 
167.858 171.204 173.194 167.311 173.428 172.325 170.314 174.129 171.924 
159.63 163.094 165.903 157.335 164.598 164.311 159.861 164.679 162.854 
153.8 157.993 161.401 149.329 156.69 159.646 150.279 154.441 156.901 
135.158 140.522 147.242 132.426 140.124 147.084 131.883 138.446 142.071 
120.087 122.452 132.493 120.271 123.294 129.842 118.387 126.003 123.908 
110.638 111.442 121.348 112.415 114.339 117.944 110.624 117.944 111.214 
105.129 105.905 112.579 105.855 107.909 110 105.044 110.343 105.891 
95.4944 96.1976 98.324 94.9941 96.8942 99.3853 95.7491 97.5797 98.938 
82.2743 84.3465 85.3232 82.7796 85.2304 87.7449 85.6081 86.4443 88.9333 
70.7315 71.8733 73.1059 69.5669 71.3658 73.0775 71.8023 72.1464 72.7621 
60.1408 60.9564 61.803 59.3591 61.2159 61.4709 60.7517 60.6735 61.9526 
56.5206 57.0319 58.0444 55.9083 57.6672 58.0046 57.2195 57.5471 59.0772 
53.416 53.3441 53.7522 52.8321 53.8675 53.9764 53.8203 53.4332 54.8317 
46.0217 43.433 41.526 46.437 43.6581 41.3509 46.7587 43.5974 41.5661 
42.4706 40.5589 39.9416 42.8324 40.0554 38.4812 44.6652 41.0975 38.8499 
43.557 43.6686 43.8311 43.9248 43.4622 43.3875 45.267 43.5754 43.2816 
170.328 170.813 180.078 173.014 170.919 178.988 176.341 174.418 175.539 
171.939 180.064 179.93 174.812 178.563 181.545 178.51 179.165 180 
160.057 168.228 165.441 168.34 168.587 170.546 173.863 170.287 169.816 
155.676 162.033 161.153 161.562 162.125 165.615 166.236 164.669 164.994 
154.667 158.387 160.329 154.695 160.399 160.987 157.892 161.167 161.013 
146.272 151.199 154.155 144.692 153.421 153.361 149.129 153.363 150.544 
139.705 145.367 148.72 137.749 147.1 146.552 142.78 146.546 142.823 
131.202 136.969 143.325 129.886 138.564 141.772 133.201 137.689 136.3 
118.393 122.956 128.421 116.792 123.11 128.055 118.08 121.386 123.563 
106.763 108.793 116.117 107.825 110.548 114.187 108.3 113.108 109.803 
101.055 102.911 106.63 99.154 103.4 105.359 99.8693 103.096 102.754 
85.2242 91.9215 95.734 84.2755 88.1975 92.4322 87.2501 87.8839 91.4686 
71.9118 75.0104 76.7443 70.973 74.7319 76.9787 73.9783 74.6247 76.1487 
66.9538 69.7696 71.0553 65.9222 69.2904 70.7397 68.7427 69.1848 69.715 
63.5155 65.2779 66.3268 62.1931 64.4545 65.2931 64.1752 64.222 64.3077 
53.7464 54.7381 55.302 53.0347 55.0685 54.9046 54.1673 54.3919 55.6386 
40.4519 40.0227 40.9145 39.4546 39.3291 40.9827 39.5389 39.29 40.5473 
36.5988 35.8985 35.5352 36.5721 35.7796 35.379 36.7088 35.6114 35.4415 
32.3478 31.4927 30.9542 32.3539 31.4149 30.8138 32.423 31.4993 30.8218 
36.6173 36.3596 37.0408 36.5383 35.7448 35.7644 38.3365 36.8566 36.1184 
162.361 159.766 168.936 164.991 160.815 169.829 166.051 165.205 166.093 
155.755 156.364 163.878 164.088 160.073 165.019 167.034 163.225 163.072 
152.939 159.649 158.954 160.881 159.291 163.221 166.115 162.601 162.737 
146.335 148.769 154.157 150.867 147.48 154.858 154.313 152.527 155.618 
144.957 146.964 151.345 147.789 146.803 153.929 151.015 150.232 153.877 
138.312 142.915 143.555 141.723 142.639 146.663 146.029 142.575 147.355 
132.788 137.822 141.767 134.856 139.075 141.177 139.167 139.014 138.321 
124.88 129.269 136.031 129.5 130.192 135.904 130.615 129.945 130.504 
116.446 119.452 124.974 118 119.902 126.901 118.525 119.276 122.959 
103.53 106.255 109.695 100.898 105.361 109.517 103.416 104.765 108.77 
89.0865 96.6409 103.646 86.8113 92.5202 100.114 89.5477 91.7835 97.7362 
80.7153 87.5925 93.0821 78.4705 81.4371 88.6703 81.0477 80.689 86.7424 
74.2065 81.9583 86.9185 73.2805 77.1552 83.673 76.2176 76.5794 82.1839 
67.0196 69.1179 71.7513 65.3258 67.9049 71.1537 67.163 67.677 69.1385 
53.4857 54.9794 55.6981 52.5641 54.4714 55.2139 52.9421 53.3318 54.0002 
40.275 40.2167 41.2945 39.1646 39.3744 41.1239 38.9927 38.9743 40.2277 
36.5796 36.3782 37.3522 35.6169 35.5719 37.2443 35.3697 35.2366 36.4944 
33.1435 33.3385 33.4069 32.9082 33.019 33.4797 33.0213 32.9452 33.3422 
30.3747 30.2196 30.2994 30.2295 30.1252 30.1263 30.1761 30.185 30.1387 
29.0732 29.0751 29.075 29.0747 29.0736 29.0742 29.0703 29.0688 29.0681 
156.298 152.194 163.226 161.966 157.506 164.409 162.182 159.542 161.113 
151.694 149.156 158.828 160.217 155.473 159.963 161.647 157.727 158.049 
147.32 147.425 154.137 157.201 153.118 156.085 160.388 155.923 155.225 
145.181 145.153 150.292 149.679 145.724 152.604 152.763 150.26 152.946 
139.67 139.819 140.553 146.012 140.985 147.88 149.217 141.986 149.638 
135.649 137.625 136.897 142.417 137.626 144.36 146.012 138.243 147.311 
131.863 135.13 134.985 137.904 134.152 140.208 142.323 135.064 143.209 
123.417 126.311 130.748 128.017 126.67 134.059 129.027 127.449 132.096 
115.39 117.081 120.336 115.022 117.864 125.341 115.861 118.294 125.307 
98.5264 104.424 112.183 96.6257 104.898 114.796 97.8337 103.134 110.321 
88.8049 96.3076 107.121 85.3125 96.1737 106.464 87.3151 93.2886 101.66 
79.0262 88.6891 98.5585 77.1734 83.6118 94.4945 79.4498 82.174 90.6548 
68.8824 72.0928 79.5608 67.5496 71.041 79.8717 67.9723 70.2852 77.2699 
55.1562 57.7738 62.3016 54.618 57.041 62.842 54.8163 57.2277 62.263 
44.3372 45.114 46.7044 43.6656 44.8252 46.3008 43.4886 44.2887 45.4508 
38.402 38.7248 39.5942 38.2146 38.666 39.4262 38.0345 38.3338 38.9828 
33.9913 34.2356 34.3823 33.7244 33.8931 34.4835 33.7163 33.7375 34.31 
32.0019 32.5311 32.5631 32.1573 32.477 32.6525 32.2307 32.4613 32.702 
30.2259 30.5195 30.3254 30.3212 30.519 30.5175 30.5172 30.517 30.5154 
29.0213 29.0218 29.027 29.0229 29.0255 29.0292 29.0208 29.0237 29.0266 
